0 	0.25 	0.01 	52.770258 	-6.3453327 	-0.10615467
-0.0012012012 	0.25 	0.01 	52.777403 	-6.3586004 	-0.1062533
-0.0024024024 	0.25 	0.01 	52.784548 	-6.3718682 	-0.10635193
-0.0036036036 	0.25 	0.01 	52.791693 	-6.3851359 	-0.10645056
-0.0048048048 	0.25 	0.01 	52.798838 	-6.3984037 	-0.10654919
-0.006006006 	0.25 	0.01 	52.805983 	-6.4116715 	-0.10664782
-0.0072072072 	0.25 	0.01 	52.813128 	-6.4249392 	-0.10674645
-0.0084084084 	0.25 	0.01 	52.820273 	-6.438207 	-0.10684508
-0.0096096096 	0.25 	0.01 	52.827418 	-6.4514747 	-0.10694371
-0.010810811 	0.25 	0.01 	52.834564 	-6.4647425 	-0.10704234
-0.012012012 	0.25 	0.01 	52.841709 	-6.4780102 	-0.10714097
-0.013213213 	0.25 	0.01 	52.848854 	-6.491278 	-0.1072396
-0.014414414 	0.25 	0.01 	52.855999 	-6.5045457 	-0.10733823
-0.015615616 	0.25 	0.01 	52.863144 	-6.5178135 	-0.10743686
-0.016816817 	0.25 	0.01 	52.870289 	-6.5310812 	-0.10753549
-0.018018018 	0.25 	0.01 	52.878138 	-6.5436456 	-0.10757838
-0.019219219 	0.25 	0.01 	52.88653 	-6.5556687 	-0.10757838
-0.02042042 	0.25 	0.01 	52.894921 	-6.5676917 	-0.10757838
-0.021621622 	0.25 	0.01 	52.904851 	-6.5812228 	-0.10757838
-0.022822823 	0.25 	0.01 	52.915436 	-6.5953958 	-0.10757838
-0.024024024 	0.25 	0.01 	52.926021 	-6.6095688 	-0.10757838
-0.025225225 	0.25 	0.01 	52.936606 	-6.6237418 	-0.10757838
-0.026426426 	0.25 	0.01 	52.947191 	-6.6379148 	-0.10757838
-0.027627628 	0.25 	0.01 	52.957776 	-6.6520878 	-0.10757838
-0.028828829 	0.25 	0.01 	52.968361 	-6.6662608 	-0.10757838
-0.03003003 	0.25 	0.01 	52.978946 	-6.6804338 	-0.10757838
-0.031231231 	0.25 	0.01 	52.989531 	-6.6946068 	-0.10757838
-0.032432432 	0.25 	0.01 	53.000116 	-6.7087798 	-0.10757838
-0.033633634 	0.25 	0.01 	53.010701 	-6.7229528 	-0.10757838
-0.034834835 	0.25 	0.01 	53.021286 	-6.7371258 	-0.10757838
-0.036036036 	0.25 	0.01 	53.031871 	-6.7512988 	-0.10757838
-0.037237237 	0.25 	0.01 	53.042456 	-6.7654718 	-0.10757838
-0.038438438 	0.25 	0.01 	53.053041 	-6.7796448 	-0.10757838
-0.03963964 	0.25 	0.01 	53.063627 	-6.7938179 	-0.10757838
-0.040840841 	0.25 	0.01 	53.074212 	-6.8079909 	-0.10757838
-0.042042042 	0.25 	0.01 	53.08507 	-6.8219547 	-0.10760206
-0.043243243 	0.25 	0.01 	53.096911 	-6.8351684 	-0.10771065
-0.044444444 	0.25 	0.01 	53.108752 	-6.848382 	-0.10781924
-0.045645646 	0.25 	0.01 	53.120592 	-6.8615956 	-0.10792784
-0.046846847 	0.25 	0.01 	53.132433 	-6.8748093 	-0.10803643
-0.048048048 	0.25 	0.01 	53.144273 	-6.8880229 	-0.10814503
-0.049249249 	0.25 	0.01 	53.156114 	-6.9012366 	-0.10825362
-0.05045045 	0.25 	0.01 	53.167955 	-6.9144502 	-0.10836221
-0.051651652 	0.25 	0.01 	53.179795 	-6.9276638 	-0.10847081
-0.052852853 	0.25 	0.01 	53.191636 	-6.9408775 	-0.1085794
-0.054054054 	0.25 	0.01 	53.203477 	-6.9540911 	-0.10868799
-0.055255255 	0.25 	0.01 	53.215317 	-6.9673048 	-0.10879659
-0.056456456 	0.25 	0.01 	53.227158 	-6.9805184 	-0.10890518
-0.057657658 	0.25 	0.01 	53.238998 	-6.993732 	-0.10901377
-0.058858859 	0.25 	0.01 	53.250839 	-7.0069457 	-0.10912237
-0.06006006 	0.25 	0.01 	53.26268 	-7.0201593 	-0.10923096
-0.061261261 	0.25 	0.01 	53.274676 	-7.037298 	-0.10925293
-0.062462462 	0.25 	0.01 	53.286678 	-7.0545833 	-0.10927165
-0.063663664 	0.25 	0.01 	53.29868 	-7.0718686 	-0.10929038
-0.064864865 	0.25 	0.01 	53.310682 	-7.0891539 	-0.10930911
-0.066066066 	0.25 	0.01 	53.322685 	-7.1064392 	-0.10932783
-0.067267267 	0.25 	0.01 	53.334687 	-7.1237246 	-0.10934656
-0.068468468 	0.25 	0.01 	53.346689 	-7.1410099 	-0.10936529
-0.06966967 	0.25 	0.01 	53.358691 	-7.1582952 	-0.10938401
-0.070870871 	0.25 	0.01 	53.370693 	-7.1755805 	-0.10940274
-0.072072072 	0.25 	0.01 	53.382695 	-7.1928658 	-0.10942147
-0.073273273 	0.25 	0.01 	53.394698 	-7.2101511 	-0.1094402
-0.074474474 	0.25 	0.01 	53.4067 	-7.2274364 	-0.10945892
-0.075675676 	0.25 	0.01 	53.418702 	-7.2447217 	-0.10947765
-0.076876877 	0.25 	0.01 	53.430704 	-7.262007 	-0.10949638
-0.078078078 	0.25 	0.01 	53.442706 	-7.2792923 	-0.1095151
-0.079279279 	0.25 	0.01 	53.456334 	-7.2942376 	-0.10952002
-0.08048048 	0.25 	0.01 	53.47054 	-7.3083498 	-0.10952002
-0.081681682 	0.25 	0.01 	53.484746 	-7.3224619 	-0.10952002
-0.082882883 	0.25 	0.01 	53.498953 	-7.336574 	-0.10952002
-0.084084084 	0.25 	0.01 	53.513159 	-7.3506862 	-0.10952002
-0.085285285 	0.25 	0.01 	53.527365 	-7.3647983 	-0.10952002
-0.086486486 	0.25 	0.01 	53.541571 	-7.3789104 	-0.10952002
-0.087687688 	0.25 	0.01 	53.555778 	-7.3930226 	-0.10952002
-0.088888889 	0.25 	0.01 	53.569984 	-7.4071347 	-0.10952002
-0.09009009 	0.25 	0.01 	53.58419 	-7.4212468 	-0.10952002
-0.091291291 	0.25 	0.01 	53.598397 	-7.435359 	-0.10952002
-0.092492492 	0.25 	0.01 	53.612603 	-7.4494711 	-0.10952002
-0.093693694 	0.25 	0.01 	53.626809 	-7.4635832 	-0.10952002
-0.094894895 	0.25 	0.01 	53.641015 	-7.4776954 	-0.10952002
-0.096096096 	0.25 	0.01 	53.655222 	-7.4918075 	-0.10952002
-0.097297297 	0.25 	0.01 	53.669428 	-7.5059196 	-0.10952002
-0.098498498 	0.25 	0.01 	53.683634 	-7.5200318 	-0.10952002
-0.0996997 	0.25 	0.01 	53.697841 	-7.5341439 	-0.10952002
-0.1009009 	0.25 	0.01 	53.7115 	-7.5468655 	-0.10952002
-0.1021021 	0.25 	0.01 	53.725129 	-7.5595075 	-0.10952002
-0.1033033 	0.25 	0.01 	53.739715 	-7.570765 	-0.10953806
-0.1045045 	0.25 	0.01 	53.755547 	-7.5802217 	-0.10957956
-0.10570571 	0.25 	0.01 	53.771379 	-7.5896783 	-0.10962105
-0.10690691 	0.25 	0.01 	53.787212 	-7.599135 	-0.10966255
-0.10810811 	0.25 	0.01 	53.803044 	-7.6085916 	-0.10970405
-0.10930931 	0.25 	0.01 	53.818876 	-7.6180483 	-0.10974555
-0.11051051 	0.25 	0.01 	53.834708 	-7.6275049 	-0.10978705
-0.11171171 	0.25 	0.01 	53.85054 	-7.6369616 	-0.10982854
-0.11291291 	0.25 	0.01 	53.866372 	-7.6464183 	-0.10987004
-0.11411411 	0.25 	0.01 	53.882205 	-7.6558749 	-0.10991154
-0.11531532 	0.25 	0.01 	53.898037 	-7.6653316 	-0.10995304
-0.11651652 	0.25 	0.01 	53.913869 	-7.6747882 	-0.10999454
-0.11771772 	0.25 	0.01 	53.929701 	-7.6842449 	-0.11003603
-0.11891892 	0.25 	0.01 	53.945533 	-7.6937015 	-0.11007753
-0.12012012 	0.25 	0.01 	53.961365 	-7.7031582 	-0.11011903
-0.12132132 	0.25 	0.01 	53.977049 	-7.7132847 	-0.11016874
-0.12252252 	0.25 	0.01 	53.992169 	-7.7259638 	-0.11024975
-0.12372372 	0.25 	0.01 	54.007288 	-7.738643 	-0.11033076
-0.12492492 	0.25 	0.01 	54.022408 	-7.7513221 	-0.11041177
-0.12612613 	0.25 	0.01 	54.037527 	-7.7640012 	-0.11049278
-0.12732733 	0.25 	0.01 	54.052646 	-7.7766803 	-0.11057379
-0.12852853 	0.25 	0.01 	54.067766 	-7.7893594 	-0.1106548
-0.12972973 	0.25 	0.01 	54.082885 	-7.8020385 	-0.11073581
-0.13093093 	0.25 	0.01 	54.098004 	-7.8147176 	-0.11081682
-0.13213213 	0.25 	0.01 	54.113124 	-7.8273967 	-0.11089782
-0.13333333 	0.25 	0.01 	54.128243 	-7.8400758 	-0.11097883
-0.13453453 	0.25 	0.01 	54.143363 	-7.8527549 	-0.11105984
-0.13573574 	0.25 	0.01 	54.158482 	-7.865434 	-0.11114085
-0.13693694 	0.25 	0.01 	54.173601 	-7.8781132 	-0.11122186
-0.13813814 	0.25 	0.01 	54.188721 	-7.8907923 	-0.11130287
-0.13933934 	0.25 	0.01 	54.20384 	-7.9034714 	-0.11138388
-0.14054054 	0.25 	0.01 	54.221346 	-7.916431 	-0.11138458
-0.14174174 	0.25 	0.01 	54.238873 	-7.929393 	-0.11138458
-0.14294294 	0.25 	0.01 	54.256859 	-7.942461 	-0.11138458
-0.14414414 	0.25 	0.01 	54.275108 	-7.9555892 	-0.11138458
-0.14534535 	0.25 	0.01 	54.293356 	-7.9687173 	-0.11138458
-0.14654655 	0.25 	0.01 	54.311604 	-7.9818455 	-0.11138458
-0.14774775 	0.25 	0.01 	54.329852 	-7.9949736 	-0.11138458
-0.14894895 	0.25 	0.01 	54.3481 	-8.0081018 	-0.11138458
-0.15015015 	0.25 	0.01 	54.366348 	-8.02123 	-0.11138458
-0.15135135 	0.25 	0.01 	54.384596 	-8.0343581 	-0.11138458
-0.15255255 	0.25 	0.01 	54.402844 	-8.0474863 	-0.11138458
-0.15375375 	0.25 	0.01 	54.421093 	-8.0606145 	-0.11138458
-0.15495495 	0.25 	0.01 	54.439341 	-8.0737426 	-0.11138458
-0.15615616 	0.25 	0.01 	54.457589 	-8.0868708 	-0.11138458
-0.15735736 	0.25 	0.01 	54.475837 	-8.099999 	-0.11138458
-0.15855856 	0.25 	0.01 	54.494085 	-8.1131271 	-0.11138458
-0.15975976 	0.25 	0.01 	54.512333 	-8.1262553 	-0.11138458
-0.16096096 	0.25 	0.01 	54.530581 	-8.1393834 	-0.11138458
-0.16216216 	0.25 	0.01 	54.548829 	-8.1525116 	-0.11138458
-0.16336336 	0.25 	0.01 	54.567078 	-8.1656398 	-0.11138458
-0.16456456 	0.25 	0.01 	54.587005 	-8.1789651 	-0.11143679
-0.16576577 	0.25 	0.01 	54.607649 	-8.1923747 	-0.11151133
-0.16696697 	0.25 	0.01 	54.628294 	-8.2057844 	-0.11158586
-0.16816817 	0.25 	0.01 	54.648939 	-8.219194 	-0.1116604
-0.16936937 	0.25 	0.01 	54.669584 	-8.2326036 	-0.11173493
-0.17057057 	0.25 	0.01 	54.690229 	-8.2460132 	-0.11180947
-0.17177177 	0.25 	0.01 	54.710873 	-8.2594229 	-0.111884
-0.17297297 	0.25 	0.01 	54.731518 	-8.2728325 	-0.11195854
-0.17417417 	0.25 	0.01 	54.752163 	-8.2862421 	-0.11203307
-0.17537538 	0.25 	0.01 	54.772808 	-8.2996517 	-0.11210761
-0.17657658 	0.25 	0.01 	54.793453 	-8.3130613 	-0.11218214
-0.17777778 	0.25 	0.01 	54.814097 	-8.326471 	-0.11225668
-0.17897898 	0.25 	0.01 	54.834742 	-8.3398806 	-0.11233121
-0.18018018 	0.25 	0.01 	54.855387 	-8.3532902 	-0.11240575
-0.18138138 	0.25 	0.01 	54.876032 	-8.3666998 	-0.11248028
-0.18258258 	0.25 	0.01 	54.896276 	-8.3809517 	-0.11252147
-0.18378378 	0.25 	0.01 	54.91609 	-8.3961121 	-0.11252668
-0.18498498 	0.25 	0.01 	54.935903 	-8.4112725 	-0.11253189
-0.18618619 	0.25 	0.01 	54.955717 	-8.4264329 	-0.1125371
-0.18738739 	0.25 	0.01 	54.97553 	-8.4415933 	-0.11254231
-0.18858859 	0.25 	0.01 	54.995344 	-8.4567537 	-0.11254752
-0.18978979 	0.25 	0.01 	55.015157 	-8.471914 	-0.11255273
-0.19099099 	0.25 	0.01 	55.034971 	-8.4870744 	-0.11255794
-0.19219219 	0.25 	0.01 	55.054784 	-8.5022348 	-0.11256315
-0.19339339 	0.25 	0.01 	55.074598 	-8.5173952 	-0.11256836
-0.19459459 	0.25 	0.01 	55.094411 	-8.5325556 	-0.11257357
-0.1957958 	0.25 	0.01 	55.114225 	-8.547716 	-0.11257878
-0.196997 	0.25 	0.01 	55.134038 	-8.5628764 	-0.11258399
-0.1981982 	0.25 	0.01 	55.153851 	-8.5780368 	-0.1125892
-0.1993994 	0.25 	0.01 	55.173665 	-8.5931972 	-0.11259441
-0.2006006 	0.25 	0.01 	55.193865 	-8.6076573 	-0.11259829
-0.2018018 	0.25 	0.01 	55.215181 	-8.6200952 	-0.11259829
-0.203003 	0.25 	0.01 	55.236498 	-8.6325331 	-0.11259829
-0.2042042 	0.25 	0.01 	55.257814 	-8.644971 	-0.11259829
-0.20540541 	0.25 	0.01 	55.279131 	-8.6574089 	-0.11259829
-0.20660661 	0.25 	0.01 	55.300447 	-8.6698468 	-0.11259829
-0.20780781 	0.25 	0.01 	55.321764 	-8.6822847 	-0.11259829
-0.20900901 	0.25 	0.01 	55.34308 	-8.6947226 	-0.11259829
-0.21021021 	0.25 	0.01 	55.364397 	-8.7071605 	-0.11259829
-0.21141141 	0.25 	0.01 	55.385713 	-8.7195984 	-0.11259829
-0.21261261 	0.25 	0.01 	55.40703 	-8.7320363 	-0.11259829
-0.21381381 	0.25 	0.01 	55.428346 	-8.7444742 	-0.11259829
-0.21501502 	0.25 	0.01 	55.449663 	-8.7569121 	-0.11259829
-0.21621622 	0.25 	0.01 	55.470979 	-8.76935 	-0.11259829
-0.21741742 	0.25 	0.01 	55.492296 	-8.7817879 	-0.11259829
-0.21861862 	0.25 	0.01 	55.513612 	-8.7942258 	-0.11259829
-0.21981982 	0.25 	0.01 	55.534929 	-8.8066637 	-0.11259829
-0.22102102 	0.25 	0.01 	55.556245 	-8.8191016 	-0.11259829
-0.22222222 	0.25 	0.01 	55.577562 	-8.8315395 	-0.11259829
-0.22342342 	0.25 	0.01 	55.598271 	-8.8431381 	-0.11259829
-0.22462462 	0.25 	0.01 	55.618969 	-8.8547199 	-0.11259829
-0.22582583 	0.25 	0.01 	55.641098 	-8.863681 	-0.11260801
-0.22702703 	0.25 	0.01 	55.66329 	-8.8725273 	-0.11261817
-0.22822823 	0.25 	0.01 	55.685482 	-8.8813735 	-0.11262833
-0.22942943 	0.25 	0.01 	55.707674 	-8.8902197 	-0.11263848
-0.23063063 	0.25 	0.01 	55.729866 	-8.8990659 	-0.11264864
-0.23183183 	0.25 	0.01 	55.752058 	-8.9079121 	-0.11265879
-0.23303303 	0.25 	0.01 	55.77425 	-8.9167584 	-0.11266895
-0.23423423 	0.25 	0.01 	55.796442 	-8.9256046 	-0.11267911
-0.23543544 	0.25 	0.01 	55.818634 	-8.9344508 	-0.11268926
-0.23663664 	0.25 	0.01 	55.840826 	-8.943297 	-0.11269942
-0.23783784 	0.25 	0.01 	55.863018 	-8.9521433 	-0.11270957
-0.23903904 	0.25 	0.01 	55.885209 	-8.9609895 	-0.11271973
-0.24024024 	0.25 	0.01 	55.907401 	-8.9698357 	-0.11272989
-0.24144144 	0.25 	0.01 	55.929593 	-8.9786819 	-0.11274004
-0.24264264 	0.25 	0.01 	55.951785 	-8.9875281 	-0.1127502
-0.24384384 	0.25 	0.01 	55.973207 	-8.9972501 	-0.11277864
-0.24504505 	0.25 	0.01 	55.994349 	-9.0072908 	-0.11281374
-0.24624625 	0.25 	0.01 	56.01549 	-9.0173314 	-0.11284883
-0.24744745 	0.25 	0.01 	56.036632 	-9.0273721 	-0.11288393
-0.24864865 	0.25 	0.01 	56.057774 	-9.0374128 	-0.11291903
-0.24984985 	0.25 	0.01 	56.078915 	-9.0474535 	-0.11295413
-0.25105105 	0.25 	0.01 	56.100057 	-9.0574942 	-0.11298922
-0.25225225 	0.25 	0.01 	56.121198 	-9.0675349 	-0.11302432
-0.25345345 	0.25 	0.01 	56.14234 	-9.0775756 	-0.11305942
-0.25465465 	0.25 	0.01 	56.163482 	-9.0876162 	-0.11309452
-0.25585586 	0.25 	0.01 	56.184623 	-9.0976569 	-0.11312961
-0.25705706 	0.25 	0.01 	56.205765 	-9.1076976 	-0.11316471
-0.25825826 	0.25 	0.01 	56.226906 	-9.1177383 	-0.11319981
-0.25945946 	0.25 	0.01 	56.248048 	-9.127779 	-0.11323491
-0.26066066 	0.25 	0.01 	56.26919 	-9.1378197 	-0.11327
-0.26186186 	0.25 	0.01 	56.291229 	-9.1489061 	-0.11328712
-0.26306306 	0.25 	0.01 	56.314124 	-9.1609883 	-0.11328712
-0.26426426 	0.25 	0.01 	56.337475 	-9.1728547 	-0.11328712
-0.26546547 	0.25 	0.01 	56.361069 	-9.184606 	-0.11328712
-0.26666667 	0.25 	0.01 	56.384663 	-9.1963574 	-0.11328712
-0.26786787 	0.25 	0.01 	56.408258 	-9.2081088 	-0.11328712
-0.26906907 	0.25 	0.01 	56.431852 	-9.2198601 	-0.11328712
-0.27027027 	0.25 	0.01 	56.455446 	-9.2316115 	-0.11328712
-0.27147147 	0.25 	0.01 	56.479041 	-9.2433629 	-0.11328712
-0.27267267 	0.25 	0.01 	56.502635 	-9.2551142 	-0.11328712
-0.27387387 	0.25 	0.01 	56.526229 	-9.2668656 	-0.11328712
-0.27507508 	0.25 	0.01 	56.549824 	-9.278617 	-0.11328712
-0.27627628 	0.25 	0.01 	56.573418 	-9.2903683 	-0.11328712
-0.27747748 	0.25 	0.01 	56.597012 	-9.3021197 	-0.11328712
-0.27867868 	0.25 	0.01 	56.620607 	-9.3138711 	-0.11328712
-0.27987988 	0.25 	0.01 	56.644201 	-9.3256224 	-0.11328712
-0.28108108 	0.25 	0.01 	56.667795 	-9.3373738 	-0.11328712
-0.28228228 	0.25 	0.01 	56.69139 	-9.3491252 	-0.11328712
-0.28348348 	0.25 	0.01 	56.714984 	-9.3608765 	-0.11328712
-0.28468468 	0.25 	0.01 	56.738578 	-9.3726279 	-0.11328712
-0.28588589 	0.25 	0.01 	56.762551 	-9.3848213 	-0.11329243
-0.28708709 	0.25 	0.01 	56.787884 	-9.3986057 	-0.11331682
-0.28828829 	0.25 	0.01 	56.813217 	-9.4123901 	-0.11334121
-0.28948949 	0.25 	0.01 	56.838551 	-9.4261745 	-0.1133656
-0.29069069 	0.25 	0.01 	56.863884 	-9.4399589 	-0.11338999
-0.29189189 	0.25 	0.01 	56.889217 	-9.4537433 	-0.11341439
-0.29309309 	0.25 	0.01 	56.91455 	-9.4675277 	-0.11343878
-0.29429429 	0.25 	0.01 	56.939884 	-9.481312 	-0.11346317
-0.2954955 	0.25 	0.01 	56.965217 	-9.4950964 	-0.11348756
-0.2966967 	0.25 	0.01 	56.99055 	-9.5088808 	-0.11351196
-0.2978979 	0.25 	0.01 	57.015884 	-9.5226652 	-0.11353635
-0.2990991 	0.25 	0.01 	57.041217 	-9.5364496 	-0.11356074
-0.3003003 	0.25 	0.01 	57.06655 	-9.550234 	-0.11358513
-0.3015015 	0.25 	0.01 	57.091883 	-9.5640184 	-0.11360953
-0.3027027 	0.25 	0.01 	57.117217 	-9.5778028 	-0.11363392
-0.3039039 	0.25 	0.01 	57.14255 	-9.5915872 	-0.11365831
-0.30510511 	0.25 	0.01 	57.167125 	-9.6048584 	-0.11363924
-0.30630631 	0.25 	0.01 	57.191698 	-9.6181277 	-0.11362001
-0.30750751 	0.25 	0.01 	57.216271 	-9.631397 	-0.11360078
-0.30870871 	0.25 	0.01 	57.240843 	-9.6446663 	-0.11358155
-0.30990991 	0.25 	0.01 	57.265416 	-9.6579356 	-0.11356232
-0.31111111 	0.25 	0.01 	57.289989 	-9.6712049 	-0.11354308
-0.31231231 	0.25 	0.01 	57.314561 	-9.6844742 	-0.11352385
-0.31351351 	0.25 	0.01 	57.339134 	-9.6977435 	-0.11350462
-0.31471471 	0.25 	0.01 	57.363707 	-9.7110128 	-0.11348539
-0.31591592 	0.25 	0.01 	57.388279 	-9.7242821 	-0.11346616
-0.31711712 	0.25 	0.01 	57.412852 	-9.7375514 	-0.11344693
-0.31831832 	0.25 	0.01 	57.437424 	-9.7508207 	-0.11342769
-0.31951952 	0.25 	0.01 	57.461997 	-9.76409 	-0.11340846
-0.32072072 	0.25 	0.01 	57.48657 	-9.7773593 	-0.11338923
-0.32192192 	0.25 	0.01 	57.511142 	-9.7906286 	-0.11337
-0.32312312 	0.25 	0.01 	57.536859 	-9.8018297 	-0.11336558
-0.32432432 	0.25 	0.01 	57.562917 	-9.8124135 	-0.11336558
-0.32552553 	0.25 	0.01 	57.588975 	-9.8229973 	-0.11336558
-0.32672673 	0.25 	0.01 	57.615033 	-9.8335812 	-0.11336558
-0.32792793 	0.25 	0.01 	57.641091 	-9.844165 	-0.11336558
-0.32912913 	0.25 	0.01 	57.667149 	-9.8547488 	-0.11336558
-0.33033033 	0.25 	0.01 	57.693207 	-9.8653326 	-0.11336558
-0.33153153 	0.25 	0.01 	57.719265 	-9.8759165 	-0.11336558
-0.33273273 	0.25 	0.01 	57.745323 	-9.8865003 	-0.11336558
-0.33393393 	0.25 	0.01 	57.771381 	-9.8970841 	-0.11336558
-0.33513514 	0.25 	0.01 	57.797439 	-9.907668 	-0.11336558
-0.33633634 	0.25 	0.01 	57.823497 	-9.9182518 	-0.11336558
-0.33753754 	0.25 	0.01 	57.849555 	-9.9288356 	-0.11336558
-0.33873874 	0.25 	0.01 	57.875613 	-9.9394194 	-0.11336558
-0.33993994 	0.25 	0.01 	57.901671 	-9.9500033 	-0.11336558
-0.34114114 	0.25 	0.01 	57.927729 	-9.9605871 	-0.11336558
-0.34234234 	0.25 	0.01 	57.953787 	-9.9711709 	-0.11336558
-0.34354354 	0.25 	0.01 	57.979844 	-9.9817548 	-0.11336558
-0.34474474 	0.25 	0.01 	58.005902 	-9.9923386 	-0.11336558
-0.34594595 	0.25 	0.01 	58.031191 	-10.003187 	-0.11336558
-0.34714715 	0.25 	0.01 	58.057141 	-10.012781 	-0.11336026
-0.34834835 	0.25 	0.01 	58.083873 	-10.020942 	-0.11334892
-0.34954955 	0.25 	0.01 	58.110605 	-10.029104 	-0.11333758
-0.35075075 	0.25 	0.01 	58.137336 	-10.037266 	-0.11332624
-0.35195195 	0.25 	0.01 	58.164068 	-10.045428 	-0.11331491
-0.35315315 	0.25 	0.01 	58.190799 	-10.053589 	-0.11330357
-0.35435435 	0.25 	0.01 	58.217531 	-10.061751 	-0.11329223
-0.35555556 	0.25 	0.01 	58.244262 	-10.069913 	-0.11328089
-0.35675676 	0.25 	0.01 	58.270994 	-10.078074 	-0.11326955
-0.35795796 	0.25 	0.01 	58.297725 	-10.086236 	-0.11325821
-0.35915916 	0.25 	0.01 	58.324457 	-10.094398 	-0.11324688
-0.36036036 	0.25 	0.01 	58.351188 	-10.102559 	-0.11323554
-0.36156156 	0.25 	0.01 	58.37792 	-10.110721 	-0.1132242
-0.36276276 	0.25 	0.01 	58.404651 	-10.118883 	-0.11321286
-0.36396396 	0.25 	0.01 	58.431383 	-10.127045 	-0.11320152
-0.36516517 	0.25 	0.01 	58.458119 	-10.134845 	-0.11318354
-0.36636637 	0.25 	0.01 	58.484868 	-10.141527 	-0.11314498
-0.36756757 	0.25 	0.01 	58.511618 	-10.148208 	-0.11310641
-0.36876877 	0.25 	0.01 	58.538367 	-10.15489 	-0.11306784
-0.36996997 	0.25 	0.01 	58.565117 	-10.161571 	-0.11302928
-0.37117117 	0.25 	0.01 	58.591866 	-10.168253 	-0.11299071
-0.37237237 	0.25 	0.01 	58.618616 	-10.174934 	-0.11295214
-0.37357357 	0.25 	0.01 	58.645366 	-10.181616 	-0.11291358
-0.37477477 	0.25 	0.01 	58.672115 	-10.188297 	-0.11287501
-0.37597598 	0.25 	0.01 	58.698865 	-10.194979 	-0.11283644
-0.37717718 	0.25 	0.01 	58.725614 	-10.20166 	-0.11279788
-0.37837838 	0.25 	0.01 	58.752364 	-10.208342 	-0.11275931
-0.37957958 	0.25 	0.01 	58.779113 	-10.215023 	-0.11272074
-0.38078078 	0.25 	0.01 	58.805863 	-10.221705 	-0.11268218
-0.38198198 	0.25 	0.01 	58.832612 	-10.228386 	-0.11264361
-0.38318318 	0.25 	0.01 	58.859392 	-10.235055 	-0.11260596
-0.38438438 	0.25 	0.01 	58.887406 	-10.241199 	-0.11260596
-0.38558559 	0.25 	0.01 	58.915888 	-10.249078 	-0.11260596
-0.38678679 	0.25 	0.01 	58.944553 	-10.257642 	-0.11260596
-0.38798799 	0.25 	0.01 	58.973219 	-10.266206 	-0.11260596
-0.38918919 	0.25 	0.01 	59.001885 	-10.27477 	-0.11260596
-0.39039039 	0.25 	0.01 	59.03055 	-10.283334 	-0.11260596
-0.39159159 	0.25 	0.01 	59.059216 	-10.291898 	-0.11260596
-0.39279279 	0.25 	0.01 	59.087882 	-10.300462 	-0.11260596
-0.39399399 	0.25 	0.01 	59.116547 	-10.309026 	-0.11260596
-0.3951952 	0.25 	0.01 	59.145213 	-10.31759 	-0.11260596
-0.3963964 	0.25 	0.01 	59.173879 	-10.326154 	-0.11260596
-0.3975976 	0.25 	0.01 	59.202544 	-10.334718 	-0.11260596
-0.3987988 	0.25 	0.01 	59.23121 	-10.343282 	-0.11260596
-0.4 	0.25 	0.01 	59.259875 	-10.351846 	-0.11260596
-0.4012012 	0.25 	0.01 	59.288541 	-10.36041 	-0.11260596
-0.4024024 	0.25 	0.01 	59.317207 	-10.368974 	-0.11260596
-0.4036036 	0.25 	0.01 	59.345872 	-10.377538 	-0.11260596
-0.4048048 	0.25 	0.01 	59.374538 	-10.386102 	-0.11260596
-0.40600601 	0.25 	0.01 	59.403204 	-10.394666 	-0.11260596
-0.40720721 	0.25 	0.01 	59.431869 	-10.40323 	-0.11260596
-0.40840841 	0.25 	0.01 	59.461445 	-10.411401 	-0.11257613
-0.40960961 	0.25 	0.01 	59.491359 	-10.419426 	-0.11253523
-0.41081081 	0.25 	0.01 	59.521273 	-10.427452 	-0.11249434
-0.41201201 	0.25 	0.01 	59.551187 	-10.435478 	-0.11245344
-0.41321321 	0.25 	0.01 	59.581101 	-10.443503 	-0.11241255
-0.41441441 	0.25 	0.01 	59.611015 	-10.451529 	-0.11237165
-0.41561562 	0.25 	0.01 	59.640929 	-10.459554 	-0.11233075
-0.41681682 	0.25 	0.01 	59.670843 	-10.46758 	-0.11228986
-0.41801802 	0.25 	0.01 	59.700757 	-10.475605 	-0.11224896
-0.41921922 	0.25 	0.01 	59.730671 	-10.483631 	-0.11220807
-0.42042042 	0.25 	0.01 	59.760585 	-10.491656 	-0.11216717
-0.42162162 	0.25 	0.01 	59.790498 	-10.499682 	-0.11212627
-0.42282282 	0.25 	0.01 	59.820412 	-10.507707 	-0.11208538
-0.42402402 	0.25 	0.01 	59.850326 	-10.515733 	-0.11204448
-0.42522523 	0.25 	0.01 	59.88024 	-10.523758 	-0.11200359
-0.42642643 	0.25 	0.01 	59.910329 	-10.532374 	-0.11195184
-0.42762763 	0.25 	0.01 	59.940587 	-10.541563 	-0.11188956
-0.42882883 	0.25 	0.01 	59.970844 	-10.550751 	-0.11182728
-0.43003003 	0.25 	0.01 	60.001102 	-10.559939 	-0.111765
-0.43123123 	0.25 	0.01 	60.03136 	-10.569128 	-0.11170272
-0.43243243 	0.25 	0.01 	60.061618 	-10.578316 	-0.11164045
-0.43363363 	0.25 	0.01 	60.091876 	-10.587504 	-0.11157817
-0.43483483 	0.25 	0.01 	60.122134 	-10.596693 	-0.11151589
-0.43603604 	0.25 	0.01 	60.152392 	-10.605881 	-0.11145361
-0.43723724 	0.25 	0.01 	60.182649 	-10.615069 	-0.11139133
-0.43843844 	0.25 	0.01 	60.212907 	-10.624258 	-0.11132905
-0.43963964 	0.25 	0.01 	60.243165 	-10.633446 	-0.11126678
-0.44084084 	0.25 	0.01 	60.273423 	-10.642634 	-0.1112045
-0.44204204 	0.25 	0.01 	60.303681 	-10.651823 	-0.11114222
-0.44324324 	0.25 	0.01 	60.333939 	-10.661011 	-0.11107994
-0.44444444 	0.25 	0.01 	60.364558 	-10.669543 	-0.11103521
-0.44564565 	0.25 	0.01 	60.396101 	-10.676399 	-0.11103521
-0.44684685 	0.25 	0.01 	60.427643 	-10.683256 	-0.11103521
-0.44804805 	0.25 	0.01 	60.459185 	-10.690112 	-0.11103521
-0.44924925 	0.25 	0.01 	60.490727 	-10.696968 	-0.11103521
-0.45045045 	0.25 	0.01 	60.522269 	-10.703825 	-0.11103521
-0.45165165 	0.25 	0.01 	60.553811 	-10.710681 	-0.11103521
-0.45285285 	0.25 	0.01 	60.585353 	-10.717538 	-0.11103521
-0.45405405 	0.25 	0.01 	60.616895 	-10.724394 	-0.11103521
-0.45525526 	0.25 	0.01 	60.648438 	-10.731251 	-0.11103521
-0.45645646 	0.25 	0.01 	60.67998 	-10.738107 	-0.11103521
-0.45765766 	0.25 	0.01 	60.711522 	-10.744964 	-0.11103521
-0.45885886 	0.25 	0.01 	60.743064 	-10.75182 	-0.11103521
-0.46006006 	0.25 	0.01 	60.774606 	-10.758677 	-0.11103521
-0.46126126 	0.25 	0.01 	60.806148 	-10.765533 	-0.11103521
-0.46246246 	0.25 	0.01 	60.83769 	-10.77239 	-0.11103521
-0.46366366 	0.25 	0.01 	60.869232 	-10.779246 	-0.11103521
-0.46486486 	0.25 	0.01 	60.900775 	-10.786103 	-0.11103521
-0.46606607 	0.25 	0.01 	60.932317 	-10.792959 	-0.11103521
-0.46726727 	0.25 	0.01 	60.963859 	-10.799816 	-0.11103521
-0.46846847 	0.25 	0.01 	60.994991 	-10.807274 	-0.11103521
-0.46966967 	0.25 	0.01 	61.026592 	-10.812108 	-0.11095715
-0.47087087 	0.25 	0.01 	61.058204 	-10.816887 	-0.1108775
-0.47207207 	0.25 	0.01 	61.089815 	-10.821666 	-0.11079785
-0.47327327 	0.25 	0.01 	61.121427 	-10.826445 	-0.11071821
-0.47447447 	0.25 	0.01 	61.153038 	-10.831224 	-0.11063856
-0.47567568 	0.25 	0.01 	61.18465 	-10.836003 	-0.11055891
-0.47687688 	0.25 	0.01 	61.216261 	-10.840782 	-0.11047926
-0.47807808 	0.25 	0.01 	61.247873 	-10.845561 	-0.11039962
-0.47927928 	0.25 	0.01 	61.279484 	-10.85034 	-0.11031997
-0.48048048 	0.25 	0.01 	61.311096 	-10.855119 	-0.11024032
-0.48168168 	0.25 	0.01 	61.342707 	-10.859898 	-0.11016067
-0.48288288 	0.25 	0.01 	61.374319 	-10.864677 	-0.11008103
-0.48408408 	0.25 	0.01 	61.405931 	-10.869456 	-0.11000138
-0.48528529 	0.25 	0.01 	61.437542 	-10.874235 	-0.10992173
-0.48648649 	0.25 	0.01 	61.469154 	-10.879014 	-0.10984208
-0.48768769 	0.25 	0.01 	61.503163 	-10.885371 	-0.10974728
-0.48888889 	0.25 	0.01 	61.537958 	-10.892244 	-0.10964751
-0.49009009 	0.25 	0.01 	61.572752 	-10.899117 	-0.10954775
-0.49129129 	0.25 	0.01 	61.607546 	-10.905989 	-0.10944799
-0.49249249 	0.25 	0.01 	61.64234 	-10.912862 	-0.10934822
-0.49369369 	0.25 	0.01 	61.677135 	-10.919735 	-0.10924846
-0.49489489 	0.25 	0.01 	61.711929 	-10.926608 	-0.10914869
-0.4960961 	0.25 	0.01 	61.746723 	-10.93348 	-0.10904893
-0.4972973 	0.25 	0.01 	61.781517 	-10.940353 	-0.10894916
-0.4984985 	0.25 	0.01 	61.816312 	-10.947226 	-0.1088494
-0.4996997 	0.25 	0.01 	61.851106 	-10.954099 	-0.10874964
-0.5009009 	0.25 	0.01 	61.8859 	-10.960971 	-0.10864987
-0.5021021 	0.25 	0.01 	61.920695 	-10.967844 	-0.10855011
-0.5033033 	0.25 	0.01 	61.955489 	-10.974717 	-0.10845034
-0.5045045 	0.25 	0.01 	61.990283 	-10.98159 	-0.10835058
-0.50570571 	0.25 	0.01 	62.024737 	-10.987594 	-0.10830335
-0.50690691 	0.25 	0.01 	62.06328 	-10.99595 	-0.10830335
-0.50810811 	0.25 	0.01 	62.095591 	-11.00571 	-0.10830335
-0.50930931 	0.25 	0.01 	62.127902 	-11.015471 	-0.10830335
-0.51051051 	0.25 	0.01 	62.160213 	-11.025231 	-0.10830335
-0.51171171 	0.25 	0.01 	62.192524 	-11.034991 	-0.10830335
-0.51291291 	0.25 	0.01 	62.224836 	-11.044751 	-0.10830335
-0.51411411 	0.25 	0.01 	62.257147 	-11.054512 	-0.10830335
-0.51531532 	0.25 	0.01 	62.289458 	-11.064272 	-0.10830335
-0.51651652 	0.25 	0.01 	62.321769 	-11.074032 	-0.10830335
-0.51771772 	0.25 	0.01 	62.35408 	-11.083792 	-0.10830335
-0.51891892 	0.25 	0.01 	62.386392 	-11.093553 	-0.10830335
-0.52012012 	0.25 	0.01 	62.418703 	-11.103313 	-0.10830335
-0.52132132 	0.25 	0.01 	62.451014 	-11.113073 	-0.10830335
-0.52252252 	0.25 	0.01 	62.483325 	-11.122833 	-0.10830335
-0.52372372 	0.25 	0.01 	62.515636 	-11.132594 	-0.10830335
-0.52492492 	0.25 	0.01 	62.547947 	-11.142354 	-0.10830335
-0.52612613 	0.25 	0.01 	62.580259 	-11.152114 	-0.10830335
-0.52732733 	0.25 	0.01 	62.61257 	-11.161874 	-0.10830335
-0.52852853 	0.25 	0.01 	62.644881 	-11.171634 	-0.10830335
-0.52972973 	0.25 	0.01 	62.679019 	-11.180789 	-0.10827939
-0.53093093 	0.25 	0.01 	62.719394 	-11.187876 	-0.1081736
-0.53213213 	0.25 	0.01 	62.759769 	-11.194963 	-0.10806781
-0.53333333 	0.25 	0.01 	62.800145 	-11.202049 	-0.10796202
-0.53453453 	0.25 	0.01 	62.84052 	-11.209136 	-0.10785623
-0.53573574 	0.25 	0.01 	62.880895 	-11.216223 	-0.10775045
-0.53693694 	0.25 	0.01 	62.92127 	-11.22331 	-0.10764466
-0.53813814 	0.25 	0.01 	62.961645 	-11.230397 	-0.10753887
-0.53933934 	0.25 	0.01 	63.00202 	-11.237483 	-0.10743308
-0.54054054 	0.25 	0.01 	63.042395 	-11.24457 	-0.10732729
-0.54174174 	0.25 	0.01 	63.082771 	-11.251657 	-0.10722151
-0.54294294 	0.25 	0.01 	63.123146 	-11.258744 	-0.10711572
-0.54414414 	0.25 	0.01 	63.163521 	-11.265831 	-0.10700993
-0.54534535 	0.25 	0.01 	63.203896 	-11.272917 	-0.10690414
-0.54654655 	0.25 	0.01 	63.244271 	-11.280004 	-0.10679836
-0.54774775 	0.25 	0.01 	63.284622 	-11.287089 	-0.10669248
-0.54894895 	0.25 	0.01 	63.315513 	-11.293519 	-0.10655414
-0.55015015 	0.25 	0.01 	63.346405 	-11.299949 	-0.10641579
-0.55135135 	0.25 	0.01 	63.377296 	-11.306379 	-0.10627744
-0.55255255 	0.25 	0.01 	63.408188 	-11.312809 	-0.1061391
-0.55375375 	0.25 	0.01 	63.43908 	-11.319239 	-0.10600075
-0.55495495 	0.25 	0.01 	63.469971 	-11.325669 	-0.1058624
-0.55615616 	0.25 	0.01 	63.500863 	-11.332099 	-0.10572406
-0.55735736 	0.25 	0.01 	63.530659 	-11.33955 	-0.10563967
-0.55855856 	0.25 	0.01 	63.558742 	-11.348596 	-0.10563967
-0.55975976 	0.25 	0.01 	63.586825 	-11.357643 	-0.10563967
-0.56096096 	0.25 	0.01 	63.614908 	-11.366689 	-0.10563967
-0.56216216 	0.25 	0.01 	63.642991 	-11.375736 	-0.10563967
-0.56336336 	0.25 	0.01 	63.671074 	-11.384782 	-0.10563967
-0.56456456 	0.25 	0.01 	63.699158 	-11.393829 	-0.10563967
-0.56576577 	0.25 	0.01 	63.727241 	-11.402875 	-0.10563967
-0.56696697 	0.25 	0.01 	63.757235 	-11.409554 	-0.10563967
-0.56816817 	0.25 	0.01 	63.79009 	-11.412686 	-0.10563967
-0.56936937 	0.25 	0.01 	63.822537 	-11.416688 	-0.10560828
-0.57057057 	0.25 	0.01 	63.853685 	-11.423455 	-0.10547713
-0.57177177 	0.25 	0.01 	63.884832 	-11.430222 	-0.10534598
-0.57297297 	0.25 	0.01 	63.91598 	-11.436988 	-0.10521483
-0.57417417 	0.25 	0.01 	63.947127 	-11.443755 	-0.10508368
-0.57537538 	0.25 	0.01 	63.978274 	-11.450522 	-0.10495253
-0.57657658 	0.25 	0.01 	64.009422 	-11.457289 	-0.10482138
-0.57777778 	0.25 	0.01 	64.040569 	-11.464056 	-0.10469023
-0.57897898 	0.25 	0.01 	64.076007 	-11.471587 	-0.10453958
-0.58018018 	0.25 	0.01 	64.114016 	-11.479574 	-0.10437726
-0.58138138 	0.25 	0.01 	64.152025 	-11.487562 	-0.10421493
-0.58258258 	0.25 	0.01 	64.190033 	-11.49555 	-0.10405261
-0.58378378 	0.25 	0.01 	64.228042 	-11.503538 	-0.10389028
-0.58498498 	0.25 	0.01 	64.266051 	-11.511526 	-0.10372796
-0.58618619 	0.25 	0.01 	64.304059 	-11.519514 	-0.10356563
-0.58738739 	0.25 	0.01 	64.342003 	-11.527456 	-0.10340505
-0.58858859 	0.25 	0.01 	64.373947 	-11.531172 	-0.10340505
-0.58978979 	0.25 	0.01 	64.405892 	-11.534889 	-0.10340505
-0.59099099 	0.25 	0.01 	64.440096 	-11.538945 	-0.10340505
-0.59219219 	0.25 	0.01 	64.475112 	-11.543124 	-0.10340505
-0.59339339 	0.25 	0.01 	64.510129 	-11.547303 	-0.10340505
-0.59459459 	0.25 	0.01 	64.545146 	-11.551482 	-0.10340505
-0.5957958 	0.25 	0.01 	64.580162 	-11.555661 	-0.10340505
-0.596997 	0.25 	0.01 	64.615179 	-11.55984 	-0.10340505
-0.5981982 	0.25 	0.01 	64.650196 	-11.564019 	-0.10340505
-0.5993994 	0.25 	0.01 	64.685212 	-11.568198 	-0.10340505
-0.6006006 	0.25 	0.01 	64.715009 	-11.568703 	-0.10328025
-0.6018018 	0.25 	0.01 	64.743946 	-11.568602 	-0.10313488
-0.603003 	0.25 	0.01 	64.772883 	-11.568501 	-0.10298951
-0.6042042 	0.25 	0.01 	64.80182 	-11.568401 	-0.10284415
-0.60540541 	0.25 	0.01 	64.830757 	-11.5683 	-0.10269878
-0.60660661 	0.25 	0.01 	64.859694 	-11.568199 	-0.10255341
-0.60780781 	0.25 	0.01 	64.888631 	-11.568099 	-0.10240804
-0.60900901 	0.25 	0.01 	64.919625 	-11.567727 	-0.10225621
-0.61021021 	0.25 	0.01 	64.956974 	-11.566519 	-0.10208439
-0.61141141 	0.25 	0.01 	64.994322 	-11.565311 	-0.10191256
-0.61261261 	0.25 	0.01 	65.03167 	-11.564103 	-0.10174074
-0.61381381 	0.25 	0.01 	65.069018 	-11.562895 	-0.10156892
-0.61501502 	0.25 	0.01 	65.106366 	-11.561687 	-0.1013971
-0.61621622 	0.25 	0.01 	65.143715 	-11.560479 	-0.10122528
-0.61741742 	0.25 	0.01 	65.181063 	-11.559271 	-0.10105346
-0.61861862 	0.25 	0.01 	65.217402 	-11.55762 	-0.10098962
-0.61981982 	0.25 	0.01 	65.253144 	-11.555708 	-0.10098962
-0.62102102 	0.25 	0.01 	65.288887 	-11.553795 	-0.10098962
-0.62222222 	0.25 	0.01 	65.324629 	-11.551882 	-0.10098962
-0.62342342 	0.25 	0.01 	65.360372 	-11.54997 	-0.10098962
-0.62462462 	0.25 	0.01 	65.396114 	-11.548057 	-0.10098962
-0.62582583 	0.25 	0.01 	65.431857 	-11.546145 	-0.10098962
-0.62702703 	0.25 	0.01 	65.467599 	-11.544232 	-0.10098962
-0.62822823 	0.25 	0.01 	65.500381 	-11.545623 	-0.10098962
-0.62942943 	0.25 	0.01 	65.53296 	-11.547241 	-0.10098962
-0.63063063 	0.25 	0.01 	65.564767 	-11.548526 	-0.10090914
-0.63183183 	0.25 	0.01 	65.595721 	-11.549444 	-0.10073961
-0.63303303 	0.25 	0.01 	65.626675 	-11.550362 	-0.10057008
-0.63423423 	0.25 	0.01 	65.657629 	-11.55128 	-0.10040055
-0.63543544 	0.25 	0.01 	65.688582 	-11.552198 	-0.10023101
-0.63663664 	0.25 	0.01 	65.719536 	-11.553116 	-0.10006148
-0.63783784 	0.25 	0.01 	65.75049 	-11.554034 	-0.099891948
-0.63903904 	0.25 	0.01 	65.781444 	-11.554952 	-0.099722416
-0.64024024 	0.25 	0.01 	65.818135 	-11.557912 	-0.099548787
-0.64144144 	0.25 	0.01 	65.85576 	-11.561206 	-0.09937449
-0.64264264 	0.25 	0.01 	65.893386 	-11.5645 	-0.099200193
-0.64384384 	0.25 	0.01 	65.931011 	-11.567794 	-0.099025896
-0.64504505 	0.25 	0.01 	65.968637 	-11.571087 	-0.098851599
-0.64624625 	0.25 	0.01 	66.006263 	-11.574381 	-0.098677302
-0.64744745 	0.25 	0.01 	66.043888 	-11.577675 	-0.098503005
-0.64864865 	0.25 	0.01 	66.080575 	-11.580407 	-0.098371354
-0.64984985 	0.25 	0.01 	66.114364 	-11.581404 	-0.098371354
-0.65105105 	0.25 	0.01 	66.148152 	-11.582402 	-0.098371354
-0.65225225 	0.25 	0.01 	66.183617 	-11.583432 	-0.098371354
-0.65345345 	0.25 	0.01 	66.219933 	-11.584478 	-0.098371354
-0.65465465 	0.25 	0.01 	66.256248 	-11.585525 	-0.098371354
-0.65585586 	0.25 	0.01 	66.292564 	-11.586571 	-0.098371354
-0.65705706 	0.25 	0.01 	66.328879 	-11.587617 	-0.098371354
-0.65825826 	0.25 	0.01 	66.365194 	-11.588664 	-0.098371354
-0.65945946 	0.25 	0.01 	66.40151 	-11.58971 	-0.098371354
-0.66066066 	0.25 	0.01 	66.437474 	-11.590546 	-0.098357911
-0.66186186 	0.25 	0.01 	66.469946 	-11.589293 	-0.098210941
-0.66306306 	0.25 	0.01 	66.502418 	-11.58804 	-0.09806397
-0.66426426 	0.25 	0.01 	66.53489 	-11.586786 	-0.097917
-0.66546547 	0.25 	0.01 	66.567363 	-11.585533 	-0.097770029
-0.66666667 	0.25 	0.01 	66.599835 	-11.584279 	-0.097623059
-0.66786787 	0.25 	0.01 	66.632307 	-11.583026 	-0.097476088
-0.66906907 	0.25 	0.01 	66.664779 	-11.581773 	-0.097329118
-0.67027027 	0.25 	0.01 	66.699455 	-11.582306 	-0.097142061
-0.67147147 	0.25 	0.01 	66.736549 	-11.5848 	-0.096911014
-0.67267267 	0.25 	0.01 	66.773643 	-11.587293 	-0.096679967
-0.67387387 	0.25 	0.01 	66.810737 	-11.589787 	-0.09644892
-0.67507508 	0.25 	0.01 	66.847832 	-11.592281 	-0.096217873
-0.67627628 	0.25 	0.01 	66.884926 	-11.594775 	-0.095986826
-0.67747748 	0.25 	0.01 	66.92202 	-11.597269 	-0.095755779
-0.67867868 	0.25 	0.01 	66.959114 	-11.599763 	-0.095524732
-0.67987988 	0.25 	0.01 	66.995452 	-11.599808 	-0.095493064
-0.68108108 	0.25 	0.01 	67.031671 	-11.599464 	-0.095493064
-0.68228228 	0.25 	0.01 	67.06789 	-11.59912 	-0.095493064
-0.68348348 	0.25 	0.01 	67.104108 	-11.598776 	-0.095493064
-0.68468468 	0.25 	0.01 	67.140327 	-11.598432 	-0.095493064
-0.68588589 	0.25 	0.01 	67.176546 	-11.598088 	-0.095493064
-0.68708709 	0.25 	0.01 	67.212764 	-11.597744 	-0.095493064
-0.68828829 	0.25 	0.01 	67.248319 	-11.59706 	-0.095493064
-0.68948949 	0.25 	0.01 	67.283042 	-11.595948 	-0.095493064
-0.69069069 	0.25 	0.01 	67.317765 	-11.594836 	-0.095493064
-0.69189189 	0.25 	0.01 	67.351852 	-11.59171 	-0.095336778
-0.69309309 	0.25 	0.01 	67.385676 	-11.587757 	-0.095116312
-0.69429429 	0.25 	0.01 	67.419501 	-11.583804 	-0.094895845
-0.6954955 	0.25 	0.01 	67.453326 	-11.579851 	-0.094675379
-0.6966967 	0.25 	0.01 	67.487151 	-11.575899 	-0.094454912
-0.6978979 	0.25 	0.01 	67.520976 	-11.571946 	-0.094234446
-0.6990991 	0.25 	0.01 	67.5548 	-11.567993 	-0.094013979
-0.7003003 	0.25 	0.01 	67.588745 	-11.564531 	-0.093797128
-0.7015015 	0.25 	0.01 	67.623875 	-11.565914 	-0.093615956
-0.7027027 	0.25 	0.01 	67.659005 	-11.567297 	-0.093434785
-0.7039039 	0.25 	0.01 	67.694135 	-11.568679 	-0.093253614
-0.70510511 	0.25 	0.01 	67.729265 	-11.570062 	-0.093072442
-0.70630631 	0.25 	0.01 	67.764395 	-11.571445 	-0.092891271
-0.70750751 	0.25 	0.01 	67.799525 	-11.572828 	-0.092710099
-0.70870871 	0.25 	0.01 	67.834655 	-11.574211 	-0.092528928
-0.70990991 	0.25 	0.01 	67.870451 	-11.574602 	-0.092433309
-0.71111111 	0.25 	0.01 	67.906993 	-11.573885 	-0.092433309
-0.71231231 	0.25 	0.01 	67.943534 	-11.573168 	-0.092433309
-0.71351351 	0.25 	0.01 	67.979987 	-11.571029 	-0.092433309
-0.71471471 	0.25 	0.01 	68.01639 	-11.568081 	-0.092433309
-0.71591592 	0.25 	0.01 	68.052794 	-11.565133 	-0.092433309
-0.71711712 	0.25 	0.01 	68.089197 	-11.562185 	-0.092433309
-0.71831832 	0.25 	0.01 	68.1256 	-11.559237 	-0.092433309
-0.71951952 	0.25 	0.01 	68.162003 	-11.556289 	-0.092433309
-0.72072072 	0.25 	0.01 	68.198406 	-11.553341 	-0.092433309
-0.72192192 	0.25 	0.01 	68.235244 	-11.549735 	-0.092355879
-0.72312312 	0.25 	0.01 	68.273039 	-11.544685 	-0.092108373
-0.72432432 	0.25 	0.01 	68.310834 	-11.539635 	-0.091860867
-0.72552553 	0.25 	0.01 	68.348629 	-11.534585 	-0.091613362
-0.72672673 	0.25 	0.01 	68.386423 	-11.529535 	-0.091365856
-0.72792793 	0.25 	0.01 	68.424218 	-11.524484 	-0.09111835
-0.72912913 	0.25 	0.01 	68.462013 	-11.519434 	-0.090870844
-0.73033033 	0.25 	0.01 	68.499808 	-11.514384 	-0.090623338
-0.73153153 	0.25 	0.01 	68.536918 	-11.507704 	-0.090416867
-0.73273273 	0.25 	0.01 	68.573725 	-11.500305 	-0.090228522
-0.73393393 	0.25 	0.01 	68.610532 	-11.492905 	-0.090040177
-0.73513514 	0.25 	0.01 	68.647339 	-11.485506 	-0.089851833
-0.73633634 	0.25 	0.01 	68.684146 	-11.478106 	-0.089663488
-0.73753754 	0.25 	0.01 	68.720954 	-11.470706 	-0.089475143
-0.73873874 	0.25 	0.01 	68.757761 	-11.463307 	-0.089286799
-0.73993994 	0.25 	0.01 	68.79477 	-11.455968 	-0.089113035
-0.74114114 	0.25 	0.01 	68.834183 	-11.449359 	-0.089113035
-0.74234234 	0.25 	0.01 	68.873596 	-11.442749 	-0.089113035
-0.74354354 	0.25 	0.01 	68.913009 	-11.436139 	-0.089113035
-0.74474474 	0.25 	0.01 	68.952423 	-11.429529 	-0.089113035
-0.74594595 	0.25 	0.01 	68.991836 	-11.42292 	-0.089113035
-0.74714715 	0.25 	0.01 	69.031249 	-11.41631 	-0.089113035
-0.74834835 	0.25 	0.01 	69.070662 	-11.4097 	-0.089113035
-0.74954955 	0.25 	0.01 	69.118049 	-11.398851 	-0.089113035
-0.75075075 	0.25 	0.01 	69.16626 	-11.387564 	-0.089113035
-0.75195195 	0.25 	0.01 	69.214472 	-11.376276 	-0.089113035
-0.75315315 	0.25 	0.01 	69.263956 	-11.365472 	-0.088879382
-0.75435435 	0.25 	0.01 	69.313549 	-11.35471 	-0.088625832
-0.75555556 	0.25 	0.01 	69.363141 	-11.343947 	-0.088372282
-0.75675676 	0.25 	0.01 	69.412734 	-11.333184 	-0.088118732
-0.75795796 	0.25 	0.01 	69.461196 	-11.323058 	-0.087873531
-0.75915916 	0.25 	0.01 	69.509346 	-11.313107 	-0.087630639
-0.76036036 	0.25 	0.01 	69.557495 	-11.303156 	-0.087387746
-0.76156156 	0.25 	0.01 	69.602798 	-11.294257 	-0.087146472
-0.76276276 	0.25 	0.01 	69.641561 	-11.287776 	-0.086908918
-0.76396396 	0.25 	0.01 	69.679284 	-11.282935 	-0.086731576
-0.76516517 	0.25 	0.01 	69.713927 	-11.282952 	-0.086732578
-0.76636637 	0.25 	0.01 	69.74857 	-11.282969 	-0.08673358
-0.76756757 	0.25 	0.01 	69.783213 	-11.282986 	-0.086734582
-0.76876877 	0.25 	0.01 	69.817857 	-11.283004 	-0.086735584
-0.76996997 	0.25 	0.01 	69.8525 	-11.283021 	-0.086736586
-0.77117117 	0.25 	0.01 	69.887143 	-11.283038 	-0.086737588
-0.77237237 	0.25 	0.01 	69.923972 	-11.282603 	-0.086548747
-0.77357357 	0.25 	0.01 	69.963892 	-11.281528 	-0.086091646
-0.77477477 	0.25 	0.01 	70.00342 	-11.28394 	-0.085748277
-0.77597598 	0.25 	0.01 	70.042711 	-11.288463 	-0.085473826
-0.77717718 	0.25 	0.01 	70.081008 	-11.299689 	-0.085241855
-0.77837838 	0.25 	0.01 	70.118652 	-11.315314 	-0.085037763
-0.77957958 	0.25 	0.01 	70.159939 	-11.316097 	-0.084643805
-0.78078078 	0.25 	0.01 	70.203697 	-11.306812 	-0.084121038
-0.78198198 	0.25 	0.01 	70.247468 	-11.297534 	-0.084012097
-0.78318318 	0.25 	0.01 	70.291243 	-11.288259 	-0.084011629
-0.78438438 	0.25 	0.01 	70.335017 	-11.278983 	-0.084011162
-0.78558559 	0.25 	0.01 	70.378792 	-11.269708 	-0.084010694
-0.78678679 	0.25 	0.01 	70.422566 	-11.260433 	-0.084010227
-0.78798799 	0.25 	0.01 	70.466341 	-11.251157 	-0.084009759
-0.78918919 	0.25 	0.01 	70.510115 	-11.241882 	-0.084009292
-0.79039039 	0.25 	0.01 	70.554295 	-11.206664 	-0.083768802
-0.79159159 	0.25 	0.01 	70.598526 	-11.168265 	-0.083498875
-0.79279279 	0.25 	0.01 	70.642549 	-11.140409 	-0.083223109
-0.79399399 	0.25 	0.01 	70.686549 	-11.113714 	-0.0829467
-0.7951952 	0.25 	0.01 	70.733284 	-11.096749 	-0.082422883
-0.7963964 	0.25 	0.01 	70.780276 	-11.080696 	-0.081924353
-0.7975976 	0.25 	0.01 	70.827285 	-11.06464 	-0.081924663
-0.7987988 	0.25 	0.01 	70.874295 	-11.048584 	-0.081924972
-0.8 	0.25 	0.01 	70.921304 	-11.032528 	-0.081925281
-0.8012012 	0.25 	0.01 	70.968313 	-11.016471 	-0.08192559
-0.8024024 	0.25 	0.01 	71.015323 	-11.000415 	-0.081925899
-0.8036036 	0.25 	0.01 	71.062332 	-10.984359 	-0.081926208
-0.8048048 	0.25 	0.01 	71.109784 	-10.970423 	-0.081869287
-0.80600601 	0.25 	0.01 	71.1591 	-10.965405 	-0.081571685
-0.80720721 	0.25 	0.01 	71.20835 	-10.959143 	-0.081281552
-0.80840841 	0.25 	0.01 	71.257335 	-10.947766 	-0.081022127
-0.80960961 	0.25 	0.01 	71.306293 	-10.936476 	-0.080702985
-0.81081081 	0.25 	0.01 	71.355141 	-10.925544 	-0.080137682
-0.81201201 	0.25 	0.01 	71.403996 	-10.914615 	-0.079789051
-0.81321321 	0.25 	0.01 	71.452865 	-10.903688 	-0.07978947
-0.81441441 	0.25 	0.01 	71.501734 	-10.892762 	-0.07978989
-0.81561562 	0.25 	0.01 	71.550603 	-10.881835 	-0.07979031
-0.81681682 	0.25 	0.01 	71.599471 	-10.870909 	-0.07979073
-0.81801802 	0.25 	0.01 	71.64834 	-10.859983 	-0.07979115
-0.81921922 	0.25 	0.01 	71.697209 	-10.849056 	-0.07979157
-0.82042042 	0.25 	0.01 	71.745543 	-10.837417 	-0.079639688
-0.82162162 	0.25 	0.01 	71.793348 	-10.825071 	-0.079336865
-0.82282282 	0.25 	0.01 	71.843944 	-10.809314 	-0.079047522
-0.82402402 	0.25 	0.01 	71.897463 	-10.789982 	-0.078772299
-0.82522523 	0.25 	0.01 	71.9489 	-10.773577 	-0.078626785
-0.82642643 	0.25 	0.01 	71.998005 	-10.76045 	-0.078626618
-0.82762763 	0.25 	0.01 	72.04711 	-10.747323 	-0.07862645
-0.82882883 	0.25 	0.01 	72.096214 	-10.734196 	-0.078626283
-0.83003003 	0.25 	0.01 	72.145319 	-10.721069 	-0.078626115
-0.83123123 	0.25 	0.01 	72.194424 	-10.707942 	-0.078625948
-0.83243243 	0.25 	0.01 	72.243528 	-10.694815 	-0.078625781
-0.83363363 	0.25 	0.01 	72.292621 	-10.681688 	-0.078280464
-0.83483483 	0.25 	0.01 	72.341704 	-10.668562 	-0.077696738
-0.83603604 	0.25 	0.01 	72.388185 	-10.65928 	-0.077331047
-0.83723724 	0.25 	0.01 	72.434014 	-10.650963 	-0.077019999
-0.83843844 	0.25 	0.01 	72.489952 	-10.635594 	-0.076723655
-0.83963964 	0.25 	0.01 	72.548758 	-10.618225 	-0.076431481
-0.84084084 	0.25 	0.01 	72.600634 	-10.601761 	-0.075906435
-0.84204204 	0.25 	0.01 	72.650308 	-10.585586 	-0.075307375
-0.84324324 	0.25 	0.01 	72.699995 	-10.569413 	-0.075287258
-0.84444444 	0.25 	0.01 	72.749682 	-10.55324 	-0.075287324
-0.84564565 	0.25 	0.01 	72.79937 	-10.537067 	-0.075287389
-0.84684685 	0.25 	0.01 	72.849057 	-10.520895 	-0.075287454
-0.84804805 	0.25 	0.01 	72.898744 	-10.504722 	-0.075287519
-0.84924925 	0.25 	0.01 	72.948432 	-10.48855 	-0.075287584
-0.85045045 	0.25 	0.01 	72.997584 	-10.472398 	-0.075264043
-0.85165165 	0.25 	0.01 	73.041514 	-10.456456 	-0.075010042
-0.85285285 	0.25 	0.01 	73.086711 	-10.440047 	-0.074748535
-0.85405405 	0.25 	0.01 	73.148372 	-10.417564 	-0.074389461
-0.85525526 	0.25 	0.01 	73.209391 	-10.395302 	-0.074016512
-0.85645646 	0.25 	0.01 	73.259161 	-10.376914 	-0.07340088
-0.85765766 	0.25 	0.01 	73.308935 	-10.358528 	-0.072944426
-0.85885886 	0.25 	0.01 	73.358721 	-10.340144 	-0.072944062
-0.86006006 	0.25 	0.01 	73.408506 	-10.321759 	-0.072943699
-0.86126126 	0.25 	0.01 	73.458292 	-10.303375 	-0.072943335
-0.86246246 	0.25 	0.01 	73.508077 	-10.284991 	-0.072942971
-0.86366366 	0.25 	0.01 	73.557862 	-10.266607 	-0.072942608
-0.86486486 	0.25 	0.01 	73.607648 	-10.248222 	-0.072942244
-0.86606607 	0.25 	0.01 	73.654594 	-10.23187 	-0.072847777
-0.86726727 	0.25 	0.01 	73.696659 	-10.219009 	-0.072591578
-0.86846847 	0.25 	0.01 	73.744427 	-10.20664 	-0.072292626
-0.86966967 	0.25 	0.01 	73.802172 	-10.195131 	-0.071918866
-0.87087087 	0.25 	0.01 	73.8557 	-10.180145 	-0.071460992
-0.87207207 	0.25 	0.01 	73.902211 	-10.159374 	-0.070863176
-0.87327327 	0.25 	0.01 	73.949383 	-10.138106 	-0.070593776
-0.87447447 	0.25 	0.01 	73.997095 	-10.116433 	-0.070592283
-0.87567568 	0.25 	0.01 	74.044807 	-10.09476 	-0.070590791
-0.87687688 	0.25 	0.01 	74.092519 	-10.073087 	-0.070589298
-0.87807808 	0.25 	0.01 	74.140231 	-10.051414 	-0.070587805
-0.87927928 	0.25 	0.01 	74.187943 	-10.029742 	-0.070586313
-0.88048048 	0.25 	0.01 	74.235655 	-10.008069 	-0.07058482
-0.88168168 	0.25 	0.01 	74.280018 	-9.9822385 	-0.070381736
-0.88288288 	0.25 	0.01 	74.321982 	-9.9534315 	-0.070034315
-0.88408408 	0.25 	0.01 	74.370173 	-9.9320392 	-0.069730619
-0.88528529 	0.25 	0.01 	74.421674 	-9.9145896 	-0.069450174
-0.88648649 	0.25 	0.01 	74.472743 	-9.8944816 	-0.069383695
-0.88768769 	0.25 	0.01 	74.523673 	-9.87351 	-0.069386726
-0.88888889 	0.25 	0.01 	74.574602 	-9.8525383 	-0.069389757
-0.89009009 	0.25 	0.01 	74.625125 	-9.8318934 	-0.069206384
-0.89129129 	0.25 	0.01 	74.67475 	-9.8107909 	-0.068727499
-0.89249249 	0.25 	0.01 	74.72484 	-9.7865863 	-0.068728603
-0.89369369 	0.25 	0.01 	74.77493 	-9.7623817 	-0.068729707
-0.89489489 	0.25 	0.01 	74.825021 	-9.7381772 	-0.068730812
-0.8960961 	0.25 	0.01 	74.880952 	-9.7085309 	-0.068218248
-0.8972973 	0.25 	0.01 	74.933271 	-9.6771574 	-0.067768485
-0.8984985 	0.25 	0.01 	74.983637 	-9.6457876 	-0.067399559
-0.8996997 	0.25 	0.01 	75.029489 	-9.6218019 	-0.067116198
-0.9009009 	0.25 	0.01 	75.078487 	-9.5965106 	-0.066893501
-0.9021021 	0.25 	0.01 	75.14119 	-9.5643291 	-0.066897425
-0.9033033 	0.25 	0.01 	75.203892 	-9.5321475 	-0.066901349
-0.9045045 	0.25 	0.01 	75.266595 	-9.499966 	-0.066905273
-0.90570571 	0.25 	0.01 	75.326242 	-9.4723337 	-0.066480704
-0.90690691 	0.25 	0.01 	75.391949 	-9.443987 	-0.066212927
-0.90810811 	0.25 	0.01 	75.462936 	-9.413441 	-0.066213338
-0.90930931 	0.25 	0.01 	75.533924 	-9.3828949 	-0.06621375
-0.91051051 	0.25 	0.01 	75.604912 	-9.3523489 	-0.066214162
-0.91171171 	0.25 	0.01 	75.672929 	-9.3141909 	-0.065515139
-0.91291291 	0.25 	0.01 	75.745817 	-9.2764814 	-0.065092878
-0.91411411 	0.25 	0.01 	75.808299 	-9.2384148 	-0.064731247
-0.91531532 	0.25 	0.01 	75.835956 	-9.198993 	-0.064454664
-0.91651652 	0.25 	0.01 	75.890335 	-9.1600805 	-0.06434295
-0.91771772 	0.25 	0.01 	75.962653 	-9.1215098 	-0.064341916
-0.91891892 	0.25 	0.01 	76.034971 	-9.0829392 	-0.064340882
-0.92012012 	0.25 	0.01 	76.107289 	-9.0443685 	-0.064339848
-0.92132132 	0.25 	0.01 	76.190261 	-9.0147446 	-0.06363473
-0.92252252 	0.25 	0.01 	76.275064 	-8.9829175 	-0.063546156
-0.92372372 	0.25 	0.01 	76.360061 	-8.9507386 	-0.063546139
-0.92492492 	0.25 	0.01 	76.445058 	-8.9185598 	-0.063546121
-0.92612613 	0.25 	0.01 	76.524792 	-8.8855501 	-0.063380672
-0.92732733 	0.25 	0.01 	76.588428 	-8.8480849 	-0.062773982
-0.92852853 	0.25 	0.01 	76.650014 	-8.8007448 	-0.062426074
-0.92972973 	0.25 	0.01 	76.673159 	-8.7453287 	-0.062097284
-0.93093093 	0.25 	0.01 	76.660702 	-8.682433 	-0.061786202
-0.93213213 	0.25 	0.01 	76.74307 	-8.6415796 	-0.061505299
-0.93333333 	0.25 	0.01 	76.832666 	-8.6036839 	-0.061498069
-0.93453453 	0.25 	0.01 	76.922262 	-8.5657881 	-0.061490839
-0.93573574 	0.25 	0.01 	77.067817 	-8.5545682 	-0.061073667
-0.93693694 	0.25 	0.01 	77.206398 	-8.5432759 	-0.060570817
-0.93813814 	0.25 	0.01 	77.21489 	-8.4865742 	-0.0603227
-0.93933934 	0.25 	0.01 	77.287828 	-8.4437038 	-0.05992722
-0.94054054 	0.25 	0.01 	77.400674 	-8.4094174 	-0.059917769
-0.94174174 	0.25 	0.01 	77.51352 	-8.3751309 	-0.059908317
-0.94294294 	0.25 	0.01 	77.645221 	-8.345053 	-0.059798198
-0.94414414 	0.25 	0.01 	77.819762 	-8.3245369 	-0.059459367
-0.94534535 	0.25 	0.01 	77.871563 	-8.2662138 	-0.059016639
-0.94654655 	0.25 	0.01 	77.927053 	-8.2110303 	-0.058424678
-0.94774775 	0.25 	0.01 	78.046156 	-8.1792747 	-0.05833992
-0.94894895 	0.25 	0.01 	78.165301 	-8.1475263 	-0.058338012
-0.95015015 	0.25 	0.01 	78.284447 	-8.1157779 	-0.058336105
-0.95135135 	0.25 	0.01 	78.4591 	-8.1131321 	-0.057786896
-0.95255255 	0.25 	0.01 	78.583334 	-8.1049756 	-0.057335352
-0.95375375 	0.25 	0.01 	78.640261 	-8.0859649 	-0.05706086
-0.95495495 	0.25 	0.01 	78.768289 	-8.0489196 	-0.056673995
-0.95615616 	0.25 	0.01 	78.89646 	-8.0118166 	-0.05666428
-0.95735736 	0.25 	0.01 	79.024631 	-7.9747137 	-0.056654566
-0.95855856 	0.25 	0.01 	79.171343 	-7.9293249 	-0.05652917
-0.95975976 	0.25 	0.01 	79.332457 	-7.8759589 	-0.056236901
-0.96096096 	0.25 	0.01 	79.42579 	-7.8380058 	-0.055624035
-0.96216216 	0.25 	0.01 	79.544589 	-7.7861432 	-0.054998778
-0.96336336 	0.25 	0.01 	79.666542 	-7.7307006 	-0.054989647
-0.96456456 	0.25 	0.01 	79.788496 	-7.6752581 	-0.054980515
-0.96576577 	0.25 	0.01 	79.910561 	-7.6196861 	-0.054969548
-0.96696697 	0.25 	0.01 	80.046238 	-7.5483324 	-0.054734783
-0.96816817 	0.25 	0.01 	80.181665 	-7.5066969 	-0.054199192
-0.96936937 	0.25 	0.01 	80.300409 	-7.4670037 	-0.053513732
-0.97057057 	0.25 	0.01 	80.401526 	-7.4153685 	-0.053392944
-0.97177177 	0.25 	0.01 	80.503797 	-7.3637346 	-0.053414711
-0.97297297 	0.25 	0.01 	80.606068 	-7.3121007 	-0.053436478
-0.97417417 	0.25 	0.01 	80.687877 	-7.2416512 	-0.053098396
-0.97537538 	0.25 	0.01 	80.810361 	-7.1779648 	-0.052667887
-0.97657658 	0.25 	0.01 	81.011972 	-7.1324216 	-0.052189029
-0.97777778 	0.25 	0.01 	81.13114 	-7.0840588 	-0.051813722
-0.97897898 	0.25 	0.01 	81.235243 	-7.0352255 	-0.051808488
-0.98018018 	0.25 	0.01 	81.339345 	-6.9863922 	-0.051803254
-0.98138138 	0.25 	0.01 	81.408101 	-6.9336107 	-0.051677431
-0.98258258 	0.25 	0.01 	81.433348 	-6.8759692 	-0.051403175
-0.98378378 	0.25 	0.01 	81.679431 	-6.8103017 	-0.05083204
-0.98498498 	0.25 	0.01 	81.834809 	-6.7529995 	-0.050170159
-0.98618619 	0.25 	0.01 	81.953962 	-6.6982045 	-0.050142865
-0.98738739 	0.25 	0.01 	82.073116 	-6.6434095 	-0.050115571
-0.98858859 	0.25 	0.01 	82.19227 	-6.5886145 	-0.050088277
-0.98978979 	0.25 	0.01 	82.26307 	-6.5379635 	-0.049988986
-0.99099099 	0.25 	0.01 	82.439751 	-6.4653453 	-0.049491985
-0.99219219 	0.25 	0.01 	82.539813 	-6.4048326 	-0.048731477
-0.99339339 	0.25 	0.01 	82.632334 	-6.3463547 	-0.048536793
-0.99459459 	0.25 	0.01 	82.723828 	-6.2883034 	-0.048523952
-0.9957958 	0.25 	0.01 	82.815322 	-6.2302521 	-0.048511112
-0.996997 	0.25 	0.01 	82.906815 	-6.1722009 	-0.048498272
-0.9981982 	0.25 	0.01 	83.020889 	-6.1032525 	-0.048263713
-0.9993994 	0.25 	0.01 	83.017734 	-6.0191933 	-0.047939629
-1.0006006 	0.25 	0.01 	83.00144 	-5.9362954 	-0.047631773
-1.0018018 	0.25 	0.01 	82.996145 	-5.8416156 	-0.047430897
-1.003003 	0.25 	0.01 	82.990944 	-5.7468345 	-0.047230941
-1.0042042 	0.25 	0.01 	82.985744 	-5.6520534 	-0.047030985
-1.0054054 	0.25 	0.01 	82.685029 	-5.6232713 	-0.047560224
-1.0066066 	0.25 	0.01 	82.356451 	-5.6007121 	-0.048158218
-1.0078078 	0.25 	0.01 	82.882635 	-5.5558571 	-0.046909906
-1.009009 	0.25 	0.01 	83.392082 	-5.5049045 	-0.045769412
-1.0102102 	0.25 	0.01 	83.447978 	-5.4210731 	-0.045813246
-1.0114114 	0.25 	0.01 	83.441872 	-5.3350517 	-0.04603149
-1.0126126 	0.25 	0.01 	83.172458 	-5.2263821 	-0.046174037
-1.0138138 	0.25 	0.01 	83.029583 	-5.1346399 	-0.046193026
-1.015015 	0.25 	0.01 	83.578478 	-5.1080415 	-0.044940665
-1.0162162 	0.25 	0.01 	83.679883 	-5.0313641 	-0.045033256
-1.0174174 	0.25 	0.01 	83.731852 	-4.9491543 	-0.045274431
-1.0186186 	0.25 	0.01 	83.78382 	-4.8669445 	-0.045515606
-1.0198198 	0.25 	0.01 	83.825273 	-4.7842278 	-0.044838611
-1.021021 	0.25 	0.01 	83.733397 	-4.6879641 	-0.044419781
-1.0222222 	0.25 	0.01 	83.896038 	-4.6135121 	-0.044497151
-1.0234234 	0.25 	0.01 	83.957498 	-4.5240144 	-0.044720616
-1.0246246 	0.25 	0.01 	83.990577 	-4.434762 	-0.044800844
-1.0258258 	0.25 	0.01 	84.01633 	-4.345573 	-0.044844094
-1.027027 	0.25 	0.01 	84.038629 	-4.256624 	-0.044223192
-1.0282282 	0.25 	0.01 	83.502348 	-4.159521 	-0.043202231
-1.0294294 	0.25 	0.01 	83.880722 	-4.0717345 	-0.043036592
-1.0306306 	0.25 	0.01 	84.332233 	-3.9838681 	-0.043063462
-1.0318318 	0.25 	0.01 	84.400558 	-3.8898329 	-0.043072256
-1.033033 	0.25 	0.01 	84.33098 	-3.7935777 	-0.043074544
-1.0342342 	0.25 	0.01 	83.95296 	-3.6975712 	-0.042689941
-1.0354354 	0.25 	0.01 	83.147442 	-3.5977167 	-0.041736699
-1.0366366 	0.25 	0.01 	83.175335 	-3.5055979 	-0.041241651
-1.0378378 	0.25 	0.01 	83.997132 	-3.4208481 	-0.041183078
-1.039039 	0.25 	0.01 	84.150045 	-3.3251607 	-0.041168862
-1.0402402 	0.25 	0.01 	84.138416 	-3.2325769 	-0.041168862
-1.0414414 	0.25 	0.01 	83.780093 	-3.1336774 	-0.040782075
-1.0426426 	0.25 	0.01 	82.911273 	-3.022256 	-0.039857171
-1.0438438 	0.25 	0.01 	83.041893 	-2.9282397 	-0.039385053
-1.045045 	0.25 	0.01 	83.678342 	-2.8430323 	-0.039142096
-1.0462462 	0.25 	0.01 	84.253884 	-2.7552882 	-0.038922858
-1.0474474 	0.25 	0.01 	84.198279 	-2.6446383 	-0.039221971
-1.0486486 	0.25 	0.01 	84.118664 	-2.5326982 	-0.039574907
-1.0498498 	0.25 	0.01 	84.03905 	-2.4207581 	-0.039927842
-1.0510511 	0.25 	0.01 	83.936114 	-2.3203098 	-0.039676095
-1.0522523 	0.25 	0.01 	83.442299 	-2.2048713 	-0.039990565
-1.0534535 	0.25 	0.01 	83.017667 	-2.0750651 	-0.040279968
-1.0546547 	0.25 	0.01 	83.729034 	-1.9213313 	-0.038996423
-1.0558559 	0.25 	0.01 	83.740837 	-1.8056625 	-0.039235969
-1.0570571 	0.25 	0.01 	83.752639 	-1.6899938 	-0.039475515
-1.0582583 	0.25 	0.01 	83.781387 	-1.5649905 	-0.03915925
-1.0594595 	0.25 	0.01 	83.703144 	-1.4336263 	-0.038183467
-1.0606607 	0.25 	0.01 	83.885322 	-1.3039708 	-0.038163519
-1.0618619 	0.25 	0.01 	83.980688 	-1.1831077 	-0.038318296
-1.0630631 	0.25 	0.01 	84.076054 	-1.0622446 	-0.038473074
-1.0642643 	0.25 	0.01 	84.156205 	-0.94269661 	-0.038591931
-1.0654655 	0.25 	0.01 	84.218858 	-0.82565121 	-0.037969319
-1.0666667 	0.25 	0.01 	84.24641 	-0.70559207 	-0.036893826
-1.0678679 	0.25 	0.01 	84.472851 	-0.58286514 	-0.036838223
-1.0690691 	0.25 	0.01 	84.644821 	-0.44503141 	-0.03687126
-1.0702703 	0.25 	0.01 	84.81679 	-0.30719768 	-0.036904297
-1.0714715 	0.25 	0.01 	84.988759 	-0.16936396 	-0.036937334
-1.0726727 	0.25 	0.01 	85.159332 	-0.032168846 	-0.036488452
-1.0738739 	0.25 	0.01 	85.281506 	0.10817636 	-0.035637619
-1.0750751 	0.25 	0.01 	85.627706 	0.24755333 	-0.034921132
-1.0762763 	0.25 	0.01 	85.893133 	0.4179917 	-0.03487113
-1.0774775 	0.25 	0.01 	86.145184 	0.58976289 	-0.034867189
-1.0786787 	0.25 	0.01 	86.397235 	0.76153408 	-0.034863248
-1.0798799 	0.25 	0.01 	86.648848 	0.93302811 	-0.034721905
-1.0810811 	0.25 	0.01 	86.897397 	1.1025779 	-0.033616712
-1.0822823 	0.25 	0.01 	87.04555 	1.2899984 	-0.033305291
-1.0834835 	0.25 	0.01 	87.611337 	1.4704993 	-0.03264505
-1.0846847 	0.25 	0.01 	87.952089 	1.6575346 	-0.032601837
-1.0858859 	0.25 	0.01 	88.292842 	1.8445699 	-0.032558624
-1.0870871 	0.25 	0.01 	88.633513 	2.0315395 	-0.032484155
-1.0882883 	0.25 	0.01 	88.971343 	2.2162879 	-0.031352345
-1.0894895 	0.25 	0.01 	89.285699 	2.4047755 	-0.030387174
-1.0906907 	0.25 	0.01 	89.627447 	2.6090533 	-0.030226236
-1.0918919 	0.25 	0.01 	89.969194 	2.8133312 	-0.030065297
-1.0930931 	0.25 	0.01 	90.310941 	3.017609 	-0.029904359
-1.0942943 	0.25 	0.01 	90.673904 	3.2411094 	-0.029033571
-1.0954955 	0.25 	0.01 	90.538873 	3.4177237 	-0.028446284
-1.0966967 	0.25 	0.01 	91.15294 	3.6894601 	-0.02750485
-1.0978979 	0.25 	0.01 	91.611162 	3.9327071 	-0.027010972
-1.0990991 	0.25 	0.01 	91.977478 	4.1603639 	-0.026741661
-1.1003003 	0.25 	0.01 	92.343794 	4.3880208 	-0.02647235
-1.1015015 	0.25 	0.01 	92.71011 	4.6156777 	-0.026203039
-1.1027027 	0.25 	0.01 	93.076425 	4.8433345 	-0.025933728
-1.1039039 	0.25 	0.01 	92.843403 	4.944983 	-0.025996316
-1.1051051 	0.25 	0.01 	92.587572 	5.0419551 	-0.026075951
-1.1063063 	0.25 	0.01 	92.714173 	5.2229942 	-0.025626724
-1.1075075 	0.25 	0.01 	93.430454 	5.5336582 	-0.024362034
-1.1087087 	0.25 	0.01 	93.769315 	5.7985516 	-0.023893863
-1.1099099 	0.25 	0.01 	93.925709 	6.0373741 	-0.023893863
-1.1111111 	0.25 	0.01 	93.980126 	6.2641379 	-0.023908167
-1.1123123 	0.25 	0.01 	93.62008 	6.4563174 	-0.023959772
-1.1135135 	0.25 	0.01 	93.722892 	6.7347274 	-0.023478532
-1.1147147 	0.25 	0.01 	94.266143 	7.0951112 	-0.022431591
-1.1159159 	0.25 	0.01 	94.320354 	7.3396258 	-0.022325268
-1.1171171 	0.25 	0.01 	94.254171 	7.5556406 	-0.022485875
-1.1183183 	0.25 	0.01 	94.187626 	7.7711853 	-0.022551023
-1.1195195 	0.25 	0.01 	94.117864 	7.9825403 	-0.021765291
-1.1207207 	0.25 	0.01 	94.051331 	8.2006248 	-0.021148744
-1.1219219 	0.25 	0.01 	94.023973 	8.4432877 	-0.02100698
-1.1231231 	0.25 	0.01 	93.996615 	8.6859507 	-0.020865216
-1.1243243 	0.25 	0.01 	93.969257 	8.9286136 	-0.020723451
-1.1255255 	0.25 	0.01 	93.941899 	9.1712765 	-0.020581687
-1.1267267 	0.25 	0.01 	93.94537 	9.4737964 	-0.019821316
-1.1279279 	0.25 	0.01 	94.002625 	9.8615532 	-0.019409494
-1.1291291 	0.25 	0.01 	93.905299 	10.044485 	-0.018912903
-1.1303303 	0.25 	0.01 	93.820581 	10.27805 	-0.018536748
-1.1315315 	0.25 	0.01 	93.790163 	10.663748 	-0.018536748
-1.1327327 	0.25 	0.01 	93.759746 	11.049447 	-0.018536748
-1.1339339 	0.25 	0.01 	93.898728 	11.692889 	-0.017989626
-1.1351351 	0.25 	0.01 	93.981728 	12.230284 	-0.01749727
-1.1363363 	0.25 	0.01 	93.89283 	12.442537 	-0.017175947
-1.1375375 	0.25 	0.01 	93.811539 	12.701124 	-0.016923276
-1.1387387 	0.25 	0.01 	93.758249 	13.130246 	-0.016923276
-1.1399399 	0.25 	0.01 	93.704959 	13.559369 	-0.016923276
-1.1411411 	0.25 	0.01 	93.652054 	14.012238 	-0.016839367
-1.1423423 	0.25 	0.01 	93.611931 	14.630585 	-0.016285461
-1.1435435 	0.25 	0.01 	93.571808 	15.248932 	-0.015731555
-1.1447447 	0.25 	0.01 	93.377053 	15.849551 	-0.015269554
-1.1459459 	0.25 	0.01 	93.189035 	16.436968 	-0.01449009
-1.1471471 	0.25 	0.01 	93.014349 	17.023055 	-0.014448895
-1.1483483 	0.25 	0.01 	92.838824 	17.609738 	-0.014464679
-1.1495495 	0.25 	0.01 	92.663299 	18.19642 	-0.014480462
-1.1507508 	0.25 	0.01 	92.628282 	18.715828 	-0.013789773
-1.151952 	0.25 	0.01 	92.546289 	19.263138 	-0.01312184
-1.1531532 	0.25 	0.01 	92.394995 	19.850392 	-0.012535622
-1.1543544 	0.25 	0.01 	92.171093 	20.435726 	-0.011839036
-1.1555556 	0.25 	0.01 	91.937758 	21.021321 	-0.011801743
-1.1567568 	0.25 	0.01 	91.704423 	21.606916 	-0.011764449
-1.157958 	0.25 	0.01 	91.473406 	22.180592 	-0.011538146
-1.1591592 	0.25 	0.01 	91.249317 	22.718653 	-0.010747087
-1.1603604 	0.25 	0.01 	90.93563 	23.331242 	-0.010061228
-1.1615616 	0.25 	0.01 	90.589157 	23.927339 	-0.0089281143
-1.1627628 	0.25 	0.01 	90.238622 	24.497565 	-0.0089104904
-1.163964 	0.25 	0.01 	89.888488 	25.067419 	-0.0089381961
-1.1651652 	0.25 	0.01 	89.538354 	25.637273 	-0.0089659018
-1.1663664 	0.25 	0.01 	89.193058 	26.149031 	-0.0083062225
-1.1675676 	0.25 	0.01 	88.8301 	26.656044 	-0.007594044
-1.1687688 	0.25 	0.01 	88.440581 	27.170239 	-0.0069721195
-1.16997 	0.25 	0.01 	88.004658 	27.713559 	-0.0063717452
-1.1711712 	0.25 	0.01 	87.560734 	28.261561 	-0.0064120049
-1.1723724 	0.25 	0.01 	87.116809 	28.809563 	-0.0064522645
-1.1735736 	0.25 	0.01 	86.648708 	29.342531 	-0.0061001177
-1.1747748 	0.25 	0.01 	86.166127 	29.866496 	-0.0055129668
-1.175976 	0.25 	0.01 	85.646641 	30.424296 	-0.0048255015
-1.1771772 	0.25 	0.01 	85.122839 	30.986053 	-0.0041263042
-1.1783784 	0.25 	0.01 	84.534697 	31.509358 	-0.0040587486
-1.1795796 	0.25 	0.01 	83.939646 	32.028593 	-0.0040587486
-1.1807808 	0.25 	0.01 	83.335537 	32.532915 	-0.0038883036
-1.181982 	0.25 	0.01 	82.70356 	32.991367 	-0.0031935651
-1.1831832 	0.25 	0.01 	82.065999 	33.447072 	-0.0025539851
-1.1843844 	0.25 	0.01 	81.412937 	33.895152 	-0.0020675048
-1.1855856 	0.25 	0.01 	80.716537 	34.30662 	-0.0017451487
-1.1867868 	0.25 	0.01 	79.935015 	34.64618 	-0.0017451487
-1.187988 	0.25 	0.01 	79.202086 	34.985182 	-0.0017451487
-1.1891892 	0.25 	0.01 	78.429433 	35.263169 	-0.0014520069
-1.1903904 	0.25 	0.01 	77.59437 	35.523445 	-0.0010709874
-1.1915916 	0.25 	0.01 	76.728949 	35.704436 	-0.0006117118
-1.1927928 	0.25 	0.01 	75.842373 	35.874216 	-2.6285013e-05
-1.193994 	0.25 	0.01 	74.952031 	36.034163 	0.00058589395
-1.1951952 	0.25 	0.01 	74.142692 	36.075311 	0.00060621925
-1.1963964 	0.25 	0.01 	73.333353 	36.11646 	0.00062654455
-1.1975976 	0.25 	0.01 	72.524013 	36.157609 	0.00064686985
-1.1987988 	0.25 	0.01 	71.714674 	36.198757 	0.00066719515
-1.2 	0.25 	0.01 	70.905335 	36.239906 	0.00068752044
