0 	0.25 	0.091 	52.782314 	-6.3579427 	-0.97317519
-0.0012012012 	0.25 	0.091 	52.789602 	-6.3714034 	-0.97350401
-0.0024024024 	0.25 	0.091 	52.79689 	-6.3848642 	-0.97383283
-0.0036036036 	0.25 	0.091 	52.804179 	-6.398325 	-0.97416165
-0.0048048048 	0.25 	0.091 	52.811467 	-6.4117857 	-0.97449047
-0.006006006 	0.25 	0.091 	52.818756 	-6.4252465 	-0.97481929
-0.0072072072 	0.25 	0.091 	52.826044 	-6.4387072 	-0.97514811
-0.0084084084 	0.25 	0.091 	52.833332 	-6.452168 	-0.97547693
-0.0096096096 	0.25 	0.091 	52.840621 	-6.4656287 	-0.97580575
-0.010810811 	0.25 	0.091 	52.847909 	-6.4790895 	-0.97613457
-0.012012012 	0.25 	0.091 	52.855197 	-6.4925502 	-0.97646339
-0.013213213 	0.25 	0.091 	52.862486 	-6.506011 	-0.97679222
-0.014414414 	0.25 	0.091 	52.869774 	-6.5194717 	-0.97712104
-0.015615616 	0.25 	0.091 	52.877175 	-6.5328225 	-0.9774498
-0.016816817 	0.25 	0.091 	52.885718 	-6.5450519 	-0.977778
-0.018018018 	0.25 	0.091 	52.894261 	-6.5572812 	-0.9781062
-0.019219219 	0.25 	0.091 	52.902804 	-6.5695105 	-0.9784344
-0.02042042 	0.25 	0.091 	52.911348 	-6.5817398 	-0.9787626
-0.021621622 	0.25 	0.091 	52.921312 	-6.5954875 	-0.97916716
-0.022822823 	0.25 	0.091 	52.93188 	-6.6098817 	-0.97960423
-0.024024024 	0.25 	0.091 	52.942449 	-6.624276 	-0.9800413
-0.025225225 	0.25 	0.091 	52.953018 	-6.6386702 	-0.98047837
-0.026426426 	0.25 	0.091 	52.963586 	-6.6530645 	-0.98091544
-0.027627628 	0.25 	0.091 	52.974155 	-6.6674587 	-0.98135251
-0.028828829 	0.25 	0.091 	52.984724 	-6.6818529 	-0.98178958
-0.03003003 	0.25 	0.091 	52.995292 	-6.6962472 	-0.98222666
-0.031231231 	0.25 	0.091 	53.005861 	-6.7106414 	-0.98266373
-0.032432432 	0.25 	0.091 	53.01643 	-6.7250357 	-0.9831008
-0.033633634 	0.25 	0.091 	53.026998 	-6.7394299 	-0.98353787
-0.034834835 	0.25 	0.091 	53.037567 	-6.7538241 	-0.98397494
-0.036036036 	0.25 	0.091 	53.048136 	-6.7682184 	-0.98441201
-0.037237237 	0.25 	0.091 	53.058704 	-6.7826126 	-0.98484908
-0.038438438 	0.25 	0.091 	53.069273 	-6.7970069 	-0.98528615
-0.03963964 	0.25 	0.091 	53.079842 	-6.8114011 	-0.98572322
-0.040840841 	0.25 	0.091 	53.09041 	-6.8257954 	-0.98616029
-0.042042042 	0.25 	0.091 	53.100979 	-6.8401896 	-0.98659736
-0.043243243 	0.25 	0.091 	53.111548 	-6.8545838 	-0.98703443
-0.044444444 	0.25 	0.091 	53.122985 	-6.8681535 	-0.98743878
-0.045645646 	0.25 	0.091 	53.134807 	-6.8813573 	-0.9878286
-0.046846847 	0.25 	0.091 	53.146629 	-6.894561 	-0.98821842
-0.048048048 	0.25 	0.091 	53.158452 	-6.9077648 	-0.98860824
-0.049249249 	0.25 	0.091 	53.170274 	-6.9209685 	-0.98899806
-0.05045045 	0.25 	0.091 	53.182097 	-6.9341723 	-0.98938788
-0.051651652 	0.25 	0.091 	53.193919 	-6.947376 	-0.9897777
-0.052852853 	0.25 	0.091 	53.205741 	-6.9605797 	-0.99016752
-0.054054054 	0.25 	0.091 	53.217564 	-6.9737835 	-0.99055734
-0.055255255 	0.25 	0.091 	53.229386 	-6.9869872 	-0.99094716
-0.056456456 	0.25 	0.091 	53.241208 	-7.000191 	-0.99133698
-0.057657658 	0.25 	0.091 	53.253031 	-7.0133947 	-0.9917268
-0.058858859 	0.25 	0.091 	53.264853 	-7.0265984 	-0.99211662
-0.06006006 	0.25 	0.091 	53.276676 	-7.0398022 	-0.99250644
-0.061261261 	0.25 	0.091 	53.288671 	-7.0568342 	-0.99277289
-0.062462462 	0.25 	0.091 	53.300673 	-7.0740093 	-0.99303472
-0.063663664 	0.25 	0.091 	53.312674 	-7.0911843 	-0.99329656
-0.064864865 	0.25 	0.091 	53.324676 	-7.1083594 	-0.99355839
-0.066066066 	0.25 	0.091 	53.336678 	-7.1255344 	-0.99382022
-0.067267267 	0.25 	0.091 	53.34868 	-7.1427095 	-0.99408206
-0.068468468 	0.25 	0.091 	53.360681 	-7.1598845 	-0.99434389
-0.06966967 	0.25 	0.091 	53.372683 	-7.1770596 	-0.99460573
-0.070870871 	0.25 	0.091 	53.384685 	-7.1942347 	-0.99486756
-0.072072072 	0.25 	0.091 	53.396687 	-7.2114097 	-0.9951294
-0.073273273 	0.25 	0.091 	53.408689 	-7.2285848 	-0.99539123
-0.074474474 	0.25 	0.091 	53.42069 	-7.2457598 	-0.99565306
-0.075675676 	0.25 	0.091 	53.432692 	-7.2629349 	-0.9959149
-0.076876877 	0.25 	0.091 	53.445256 	-7.2793022 	-0.99620761
-0.078078078 	0.25 	0.091 	53.459421 	-7.293372 	-0.99658814
-0.079279279 	0.25 	0.091 	53.473586 	-7.3074417 	-0.99696868
-0.08048048 	0.25 	0.091 	53.487751 	-7.3215114 	-0.99734921
-0.081681682 	0.25 	0.091 	53.501916 	-7.3355811 	-0.99772975
-0.082882883 	0.25 	0.091 	53.51608 	-7.3496508 	-0.99811028
-0.084084084 	0.25 	0.091 	53.530245 	-7.3637205 	-0.99849082
-0.085285285 	0.25 	0.091 	53.54441 	-7.3777902 	-0.99887135
-0.086486486 	0.25 	0.091 	53.558575 	-7.39186 	-0.99925189
-0.087687688 	0.25 	0.091 	53.572739 	-7.4059297 	-0.99963242
-0.088888889 	0.25 	0.091 	53.586904 	-7.4199994 	-1.000013
-0.09009009 	0.25 	0.091 	53.601069 	-7.4340691 	-1.0003935
-0.091291291 	0.25 	0.091 	53.615234 	-7.4481388 	-1.000774
-0.092492492 	0.25 	0.091 	53.629398 	-7.4622085 	-1.0011546
-0.093693694 	0.25 	0.091 	53.643563 	-7.4762782 	-1.0015351
-0.094894895 	0.25 	0.091 	53.657728 	-7.4903479 	-1.0019156
-0.096096096 	0.25 	0.091 	53.671893 	-7.5044177 	-1.0022962
-0.097297297 	0.25 	0.091 	53.686057 	-7.5184874 	-1.0026767
-0.098498498 	0.25 	0.091 	53.700222 	-7.5325571 	-1.0030572
-0.0996997 	0.25 	0.091 	53.714387 	-7.5466268 	-1.0034378
-0.1009009 	0.25 	0.091 	53.728013 	-7.5592993 	-1.0037986
-0.1021021 	0.25 	0.091 	53.741608 	-7.5718915 	-1.0041583
-0.1033033 	0.25 	0.091 	53.755203 	-7.5844837 	-1.004518
-0.1045045 	0.25 	0.091 	53.768798 	-7.597076 	-1.0048777
-0.10570571 	0.25 	0.091 	53.784397 	-7.6068495 	-1.0051719
-0.10690691 	0.25 	0.091 	53.800189 	-7.6163509 	-1.0054598
-0.10810811 	0.25 	0.091 	53.815981 	-7.6258524 	-1.0057477
-0.10930931 	0.25 	0.091 	53.831773 	-7.6353538 	-1.0060356
-0.11051051 	0.25 	0.091 	53.847565 	-7.6448552 	-1.0063235
-0.11171171 	0.25 	0.091 	53.863357 	-7.6543567 	-1.0066113
-0.11291291 	0.25 	0.091 	53.879149 	-7.6638581 	-1.0068992
-0.11411411 	0.25 	0.091 	53.894941 	-7.6733596 	-1.0071871
-0.11531532 	0.25 	0.091 	53.910733 	-7.682861 	-1.007475
-0.11651652 	0.25 	0.091 	53.926525 	-7.6923624 	-1.0077629
-0.11771772 	0.25 	0.091 	53.942317 	-7.7018639 	-1.0080507
-0.11891892 	0.25 	0.091 	53.958109 	-7.7113653 	-1.0083386
-0.12012012 	0.25 	0.091 	53.973901 	-7.7208668 	-1.0086265
-0.12132132 	0.25 	0.091 	53.989546 	-7.7310228 	-1.0089174
-0.12252252 	0.25 	0.091 	54.004631 	-7.7436734 	-1.0092197
-0.12372372 	0.25 	0.091 	54.019716 	-7.7563239 	-1.009522
-0.12492492 	0.25 	0.091 	54.034801 	-7.7689745 	-1.0098244
-0.12612613 	0.25 	0.091 	54.049886 	-7.781625 	-1.0101267
-0.12732733 	0.25 	0.091 	54.064971 	-7.7942755 	-1.010429
-0.12852853 	0.25 	0.091 	54.080056 	-7.8069261 	-1.0107314
-0.12972973 	0.25 	0.091 	54.09514 	-7.8195766 	-1.0110337
-0.13093093 	0.25 	0.091 	54.110225 	-7.8322272 	-1.011336
-0.13213213 	0.25 	0.091 	54.12531 	-7.8448777 	-1.0116383
-0.13333333 	0.25 	0.091 	54.140395 	-7.8575283 	-1.0119407
-0.13453453 	0.25 	0.091 	54.15548 	-7.8701788 	-1.012243
-0.13573574 	0.25 	0.091 	54.170565 	-7.8828293 	-1.0125453
-0.13693694 	0.25 	0.091 	54.18565 	-7.8954799 	-1.0128477
-0.13813814 	0.25 	0.091 	54.201948 	-7.9082514 	-1.0131434
-0.13933934 	0.25 	0.091 	54.219398 	-7.9211378 	-1.0134328
-0.14054054 	0.25 	0.091 	54.236849 	-7.9340242 	-1.0137223
-0.14174174 	0.25 	0.091 	54.254299 	-7.9469107 	-1.0140117
-0.14294294 	0.25 	0.091 	54.27221 	-7.9599136 	-1.0143148
-0.14414414 	0.25 	0.091 	54.290384 	-7.9729829 	-1.0146256
-0.14534535 	0.25 	0.091 	54.308558 	-7.9860522 	-1.0149365
-0.14654655 	0.25 	0.091 	54.326732 	-7.9991215 	-1.0152474
-0.14774775 	0.25 	0.091 	54.344906 	-8.0121908 	-1.0155582
-0.14894895 	0.25 	0.091 	54.36308 	-8.0252601 	-1.0158691
-0.15015015 	0.25 	0.091 	54.381254 	-8.0383294 	-1.0161799
-0.15135135 	0.25 	0.091 	54.399428 	-8.0513987 	-1.0164908
-0.15255255 	0.25 	0.091 	54.417602 	-8.064468 	-1.0168016
-0.15375375 	0.25 	0.091 	54.435776 	-8.0775373 	-1.0171125
-0.15495495 	0.25 	0.091 	54.45395 	-8.0906066 	-1.0174233
-0.15615616 	0.25 	0.091 	54.472123 	-8.1036759 	-1.0177342
-0.15735736 	0.25 	0.091 	54.490297 	-8.1167452 	-1.0180451
-0.15855856 	0.25 	0.091 	54.508471 	-8.1298145 	-1.0183559
-0.15975976 	0.25 	0.091 	54.526645 	-8.1428838 	-1.0186668
-0.16096096 	0.25 	0.091 	54.544819 	-8.1559531 	-1.0189776
-0.16216216 	0.25 	0.091 	54.562993 	-8.1690224 	-1.0192885
-0.16336336 	0.25 	0.091 	54.581167 	-8.1820917 	-1.0195993
-0.16456456 	0.25 	0.091 	54.599341 	-8.195161 	-1.0199102
-0.16576577 	0.25 	0.091 	54.617943 	-8.2082806 	-1.0202109
-0.16696697 	0.25 	0.091 	54.638514 	-8.2216313 	-1.0204646
-0.16816817 	0.25 	0.091 	54.659085 	-8.234982 	-1.0207184
-0.16936937 	0.25 	0.091 	54.679655 	-8.2483328 	-1.0209722
-0.17057057 	0.25 	0.091 	54.700226 	-8.2616835 	-1.021226
-0.17177177 	0.25 	0.091 	54.720797 	-8.2750342 	-1.0214797
-0.17297297 	0.25 	0.091 	54.741368 	-8.288385 	-1.0217335
-0.17417417 	0.25 	0.091 	54.761939 	-8.3017357 	-1.0219873
-0.17537538 	0.25 	0.091 	54.782509 	-8.3150864 	-1.022241
-0.17657658 	0.25 	0.091 	54.80308 	-8.3284372 	-1.0224948
-0.17777778 	0.25 	0.091 	54.823651 	-8.3417879 	-1.0227486
-0.17897898 	0.25 	0.091 	54.844222 	-8.3551386 	-1.0230024
-0.18018018 	0.25 	0.091 	54.864792 	-8.3684894 	-1.0232561
-0.18138138 	0.25 	0.091 	54.885363 	-8.3818401 	-1.0235099
-0.18258258 	0.25 	0.091 	54.905542 	-8.3960035 	-1.0237138
-0.18378378 	0.25 	0.091 	54.925297 	-8.4110436 	-1.0238639
-0.18498498 	0.25 	0.091 	54.945053 	-8.4260836 	-1.024014
-0.18618619 	0.25 	0.091 	54.964808 	-8.4411237 	-1.0241641
-0.18738739 	0.25 	0.091 	54.984564 	-8.4561638 	-1.0243142
-0.18858859 	0.25 	0.091 	55.004319 	-8.4712038 	-1.0244643
-0.18978979 	0.25 	0.091 	55.024075 	-8.4862439 	-1.0246144
-0.19099099 	0.25 	0.091 	55.04383 	-8.501284 	-1.0247645
-0.19219219 	0.25 	0.091 	55.063586 	-8.516324 	-1.0249146
-0.19339339 	0.25 	0.091 	55.083341 	-8.5313641 	-1.0250647
-0.19459459 	0.25 	0.091 	55.103096 	-8.5464042 	-1.0252148
-0.1957958 	0.25 	0.091 	55.122852 	-8.5614443 	-1.0253649
-0.196997 	0.25 	0.091 	55.142607 	-8.5764843 	-1.025515
-0.1981982 	0.25 	0.091 	55.162363 	-8.5915244 	-1.0256651
-0.1993994 	0.25 	0.091 	55.183261 	-8.6044718 	-1.0258582
-0.2006006 	0.25 	0.091 	55.204482 	-8.6168277 	-1.0260635
-0.2018018 	0.25 	0.091 	55.225703 	-8.6291836 	-1.0262688
-0.203003 	0.25 	0.091 	55.246924 	-8.6415395 	-1.0264741
-0.2042042 	0.25 	0.091 	55.268145 	-8.6538954 	-1.0266794
-0.20540541 	0.25 	0.091 	55.289366 	-8.6662513 	-1.0268847
-0.20660661 	0.25 	0.091 	55.310588 	-8.6786072 	-1.02709
-0.20780781 	0.25 	0.091 	55.331809 	-8.6909631 	-1.0272953
-0.20900901 	0.25 	0.091 	55.35303 	-8.703319 	-1.0275006
-0.21021021 	0.25 	0.091 	55.374251 	-8.7156749 	-1.0277059
-0.21141141 	0.25 	0.091 	55.395472 	-8.7280308 	-1.0279112
-0.21261261 	0.25 	0.091 	55.416693 	-8.7403867 	-1.0281165
-0.21381381 	0.25 	0.091 	55.437914 	-8.7527426 	-1.0283217
-0.21501502 	0.25 	0.091 	55.459135 	-8.7650985 	-1.028527
-0.21621622 	0.25 	0.091 	55.480356 	-8.7774544 	-1.0287323
-0.21741742 	0.25 	0.091 	55.501578 	-8.7898103 	-1.0289376
-0.21861862 	0.25 	0.091 	55.522799 	-8.8021662 	-1.0291429
-0.21981982 	0.25 	0.091 	55.54402 	-8.8145221 	-1.0293482
-0.22102102 	0.25 	0.091 	55.565241 	-8.826878 	-1.0295535
-0.22222222 	0.25 	0.091 	55.586462 	-8.8392339 	-1.0297588
-0.22342342 	0.25 	0.091 	55.607074 	-8.8507466 	-1.0299344
-0.22462462 	0.25 	0.091 	55.627673 	-8.8622423 	-1.0301094
-0.22582583 	0.25 	0.091 	55.648272 	-8.873738 	-1.0302844
-0.22702703 	0.25 	0.091 	55.669538 	-8.884083 	-1.0304336
-0.22822823 	0.25 	0.091 	55.691668 	-8.8929366 	-1.0305496
-0.22942943 	0.25 	0.091 	55.713798 	-8.9017902 	-1.0306656
-0.23063063 	0.25 	0.091 	55.735928 	-8.9106437 	-1.0307816
-0.23183183 	0.25 	0.091 	55.758058 	-8.9194973 	-1.0308976
-0.23303303 	0.25 	0.091 	55.780188 	-8.9283508 	-1.0310135
-0.23423423 	0.25 	0.091 	55.802318 	-8.9372044 	-1.0311295
-0.23543544 	0.25 	0.091 	55.824448 	-8.9460579 	-1.0312455
-0.23663664 	0.25 	0.091 	55.846579 	-8.9549115 	-1.0313615
-0.23783784 	0.25 	0.091 	55.868709 	-8.963765 	-1.0314775
-0.23903904 	0.25 	0.091 	55.890839 	-8.9726186 	-1.0315934
-0.24024024 	0.25 	0.091 	55.912969 	-8.9814722 	-1.0317094
-0.24144144 	0.25 	0.091 	55.935099 	-8.9903257 	-1.0318254
-0.24264264 	0.25 	0.091 	55.957229 	-8.9991793 	-1.0319414
-0.24384384 	0.25 	0.091 	55.978586 	-9.00887 	-1.0320476
-0.24504505 	0.25 	0.091 	55.999662 	-9.0188655 	-1.0321502
-0.24624625 	0.25 	0.091 	56.020737 	-9.028861 	-1.0322529
-0.24744745 	0.25 	0.091 	56.041813 	-9.0388565 	-1.0323555
-0.24864865 	0.25 	0.091 	56.062889 	-9.048852 	-1.0324582
-0.24984985 	0.25 	0.091 	56.083964 	-9.0588475 	-1.0325608
-0.25105105 	0.25 	0.091 	56.10504 	-9.068843 	-1.0326634
-0.25225225 	0.25 	0.091 	56.126116 	-9.0788385 	-1.0327661
-0.25345345 	0.25 	0.091 	56.147191 	-9.088834 	-1.0328687
-0.25465465 	0.25 	0.091 	56.168267 	-9.0988295 	-1.0329714
-0.25585586 	0.25 	0.091 	56.189343 	-9.1088251 	-1.033074
-0.25705706 	0.25 	0.091 	56.210418 	-9.1188206 	-1.0331767
-0.25825826 	0.25 	0.091 	56.231494 	-9.1288161 	-1.0332793
-0.25945946 	0.25 	0.091 	56.252628 	-9.1388799 	-1.0333801
-0.26066066 	0.25 	0.091 	56.275413 	-9.150864 	-1.0334293
-0.26186186 	0.25 	0.091 	56.298199 	-9.1628482 	-1.0334784
-0.26306306 	0.25 	0.091 	56.320984 	-9.1748323 	-1.0335276
-0.26426426 	0.25 	0.091 	56.344226 	-9.1866125 	-1.0335998
-0.26546547 	0.25 	0.091 	56.367712 	-9.1982839 	-1.0336841
-0.26666667 	0.25 	0.091 	56.391197 	-9.2099553 	-1.0337685
-0.26786787 	0.25 	0.091 	56.414683 	-9.2216267 	-1.0338529
-0.26906907 	0.25 	0.091 	56.438169 	-9.233298 	-1.0339373
-0.27027027 	0.25 	0.091 	56.461655 	-9.2449694 	-1.0340217
-0.27147147 	0.25 	0.091 	56.48514 	-9.2566408 	-1.0341061
-0.27267267 	0.25 	0.091 	56.508626 	-9.2683122 	-1.0341905
-0.27387387 	0.25 	0.091 	56.532112 	-9.2799836 	-1.0342749
-0.27507508 	0.25 	0.091 	56.555598 	-9.291655 	-1.0343593
-0.27627628 	0.25 	0.091 	56.579083 	-9.3033264 	-1.0344437
-0.27747748 	0.25 	0.091 	56.602569 	-9.3149978 	-1.0345281
-0.27867868 	0.25 	0.091 	56.626055 	-9.3266692 	-1.0346125
-0.27987988 	0.25 	0.091 	56.649541 	-9.3383406 	-1.0346969
-0.28108108 	0.25 	0.091 	56.673027 	-9.350012 	-1.0347813
-0.28228228 	0.25 	0.091 	56.696512 	-9.3616834 	-1.0348657
-0.28348348 	0.25 	0.091 	56.719998 	-9.3733548 	-1.0349501
-0.28468468 	0.25 	0.091 	56.743484 	-9.3850262 	-1.0350345
-0.28588589 	0.25 	0.091 	56.76697 	-9.3966976 	-1.0351189
-0.28708709 	0.25 	0.091 	56.790455 	-9.408369 	-1.0352033
-0.28828829 	0.25 	0.091 	56.815164 	-9.4214572 	-1.0352619
-0.28948949 	0.25 	0.091 	56.840408 	-9.4351662 	-1.0353092
-0.29069069 	0.25 	0.091 	56.865652 	-9.4488751 	-1.0353566
-0.29189189 	0.25 	0.091 	56.890897 	-9.4625841 	-1.0354039
-0.29309309 	0.25 	0.091 	56.916141 	-9.4762931 	-1.0354512
-0.29429429 	0.25 	0.091 	56.941385 	-9.4900021 	-1.0354986
-0.2954955 	0.25 	0.091 	56.966629 	-9.5037111 	-1.0355459
-0.2966967 	0.25 	0.091 	56.991873 	-9.51742 	-1.0355932
-0.2978979 	0.25 	0.091 	57.017118 	-9.531129 	-1.0356405
-0.2990991 	0.25 	0.091 	57.042362 	-9.544838 	-1.0356879
-0.3003003 	0.25 	0.091 	57.067606 	-9.558547 	-1.0357352
-0.3015015 	0.25 	0.091 	57.09285 	-9.5722559 	-1.0357825
-0.3027027 	0.25 	0.091 	57.118095 	-9.5859649 	-1.0358299
-0.3039039 	0.25 	0.091 	57.143339 	-9.5996739 	-1.0358772
-0.30510511 	0.25 	0.091 	57.167834 	-9.6128233 	-1.0358247
-0.30630631 	0.25 	0.091 	57.192326 	-9.6259706 	-1.0357718
-0.30750751 	0.25 	0.091 	57.216818 	-9.6391178 	-1.0357189
-0.30870871 	0.25 	0.091 	57.24131 	-9.6522651 	-1.035666
-0.30990991 	0.25 	0.091 	57.265803 	-9.6654123 	-1.0356131
-0.31111111 	0.25 	0.091 	57.290295 	-9.6785596 	-1.0355602
-0.31231231 	0.25 	0.091 	57.314787 	-9.6917069 	-1.0355073
-0.31351351 	0.25 	0.091 	57.339279 	-9.7048541 	-1.0354544
-0.31471471 	0.25 	0.091 	57.363772 	-9.7180014 	-1.0354015
-0.31591592 	0.25 	0.091 	57.388264 	-9.7311487 	-1.0353486
-0.31711712 	0.25 	0.091 	57.412756 	-9.7442959 	-1.0352957
-0.31831832 	0.25 	0.091 	57.437248 	-9.7574432 	-1.0352428
-0.31951952 	0.25 	0.091 	57.461741 	-9.7705905 	-1.03519
-0.32072072 	0.25 	0.091 	57.486653 	-9.7829665 	-1.0351368
-0.32192192 	0.25 	0.091 	57.51258 	-9.7934795 	-1.0350829
-0.32312312 	0.25 	0.091 	57.538507 	-9.8039924 	-1.0350291
-0.32432432 	0.25 	0.091 	57.564434 	-9.8145054 	-1.0349752
-0.32552553 	0.25 	0.091 	57.590361 	-9.8250184 	-1.0349214
-0.32672673 	0.25 	0.091 	57.616289 	-9.8355314 	-1.0348675
-0.32792793 	0.25 	0.091 	57.642216 	-9.8460443 	-1.0348137
-0.32912913 	0.25 	0.091 	57.668143 	-9.8565573 	-1.0347598
-0.33033033 	0.25 	0.091 	57.69407 	-9.8670703 	-1.034706
-0.33153153 	0.25 	0.091 	57.719997 	-9.8775833 	-1.0346521
-0.33273273 	0.25 	0.091 	57.745924 	-9.8880962 	-1.0345983
-0.33393393 	0.25 	0.091 	57.771851 	-9.8986092 	-1.0345444
-0.33513514 	0.25 	0.091 	57.797778 	-9.9091222 	-1.0344906
-0.33633634 	0.25 	0.091 	57.823706 	-9.9196352 	-1.0344368
-0.33753754 	0.25 	0.091 	57.849633 	-9.9301481 	-1.0343829
-0.33873874 	0.25 	0.091 	57.87556 	-9.9406611 	-1.0343291
-0.33993994 	0.25 	0.091 	57.901487 	-9.9511741 	-1.0342752
-0.34114114 	0.25 	0.091 	57.927414 	-9.9616871 	-1.0342214
-0.34234234 	0.25 	0.091 	57.953341 	-9.9722 	-1.0341675
-0.34354354 	0.25 	0.091 	57.979268 	-9.982713 	-1.0341137
-0.34474474 	0.25 	0.091 	58.005195 	-9.993226 	-1.0340598
-0.34594595 	0.25 	0.091 	58.030357 	-10.003989 	-1.033965
-0.34714715 	0.25 	0.091 	58.055492 	-10.014761 	-1.0338686
-0.34834835 	0.25 	0.091 	58.080626 	-10.025532 	-1.0337723
-0.34954955 	0.25 	0.091 	58.107187 	-10.033848 	-1.0336921
-0.35075075 	0.25 	0.091 	58.133828 	-10.042025 	-1.0336127
-0.35195195 	0.25 	0.091 	58.160469 	-10.050202 	-1.0335334
-0.35315315 	0.25 	0.091 	58.18711 	-10.058378 	-1.0334541
-0.35435435 	0.25 	0.091 	58.213751 	-10.066555 	-1.0333747
-0.35555556 	0.25 	0.091 	58.240392 	-10.074732 	-1.0332954
-0.35675676 	0.25 	0.091 	58.267033 	-10.082909 	-1.033216
-0.35795796 	0.25 	0.091 	58.293674 	-10.091086 	-1.0331367
-0.35915916 	0.25 	0.091 	58.320315 	-10.099262 	-1.0330574
-0.36036036 	0.25 	0.091 	58.346956 	-10.107439 	-1.032978
-0.36156156 	0.25 	0.091 	58.373597 	-10.115616 	-1.0328987
-0.36276276 	0.25 	0.091 	58.400238 	-10.123793 	-1.0328193
-0.36396396 	0.25 	0.091 	58.426879 	-10.13197 	-1.03274
-0.36516517 	0.25 	0.091 	58.453523 	-10.139779 	-1.0326412
-0.36636637 	0.25 	0.091 	58.480179 	-10.146448 	-1.0324821
-0.36756757 	0.25 	0.091 	58.506834 	-10.153117 	-1.032323
-0.36876877 	0.25 	0.091 	58.533489 	-10.159786 	-1.0321639
-0.36996997 	0.25 	0.091 	58.560145 	-10.166456 	-1.0320049
-0.37117117 	0.25 	0.091 	58.5868 	-10.173125 	-1.0318458
-0.37237237 	0.25 	0.091 	58.613456 	-10.179794 	-1.0316867
-0.37357357 	0.25 	0.091 	58.640111 	-10.186463 	-1.0315276
-0.37477477 	0.25 	0.091 	58.666767 	-10.193133 	-1.0313685
-0.37597598 	0.25 	0.091 	58.693422 	-10.199802 	-1.0312094
-0.37717718 	0.25 	0.091 	58.720078 	-10.206471 	-1.0310503
-0.37837838 	0.25 	0.091 	58.746733 	-10.21314 	-1.0308912
-0.37957958 	0.25 	0.091 	58.773388 	-10.21981 	-1.0307321
-0.38078078 	0.25 	0.091 	58.800044 	-10.226479 	-1.030573
-0.38198198 	0.25 	0.091 	58.827359 	-10.232846 	-1.0303658
-0.38318318 	0.25 	0.091 	58.855223 	-10.238962 	-1.0301184
-0.38438438 	0.25 	0.091 	58.883087 	-10.245079 	-1.0298711
-0.38558559 	0.25 	0.091 	58.911422 	-10.252923 	-1.0296422
-0.38678679 	0.25 	0.091 	58.939944 	-10.26145 	-1.0294206
-0.38798799 	0.25 	0.091 	58.968466 	-10.269977 	-1.029199
-0.38918919 	0.25 	0.091 	58.996988 	-10.278504 	-1.0289774
-0.39039039 	0.25 	0.091 	59.02551 	-10.287031 	-1.0287558
-0.39159159 	0.25 	0.091 	59.054031 	-10.295559 	-1.0285342
-0.39279279 	0.25 	0.091 	59.082553 	-10.304086 	-1.0283126
-0.39399399 	0.25 	0.091 	59.111075 	-10.312613 	-1.028091
-0.3951952 	0.25 	0.091 	59.139597 	-10.32114 	-1.0278694
-0.3963964 	0.25 	0.091 	59.168119 	-10.329667 	-1.0276478
-0.3975976 	0.25 	0.091 	59.196641 	-10.338194 	-1.0274262
-0.3987988 	0.25 	0.091 	59.225162 	-10.346722 	-1.0272046
-0.4 	0.25 	0.091 	59.253684 	-10.355249 	-1.026983
-0.4012012 	0.25 	0.091 	59.282206 	-10.363776 	-1.0267614
-0.4024024 	0.25 	0.091 	59.310728 	-10.372303 	-1.0265398
-0.4036036 	0.25 	0.091 	59.33925 	-10.38083 	-1.0263182
-0.4048048 	0.25 	0.091 	59.367772 	-10.389357 	-1.0260966
-0.40600601 	0.25 	0.091 	59.396293 	-10.397884 	-1.025875
-0.40720721 	0.25 	0.091 	59.424815 	-10.406412 	-1.0256534
-0.40840841 	0.25 	0.091 	59.453337 	-10.414939 	-1.0254318
-0.40960961 	0.25 	0.091 	59.482126 	-10.423356 	-1.0252073
-0.41081081 	0.25 	0.091 	59.511937 	-10.431353 	-1.0249717
-0.41201201 	0.25 	0.091 	59.541747 	-10.439349 	-1.0247361
-0.41321321 	0.25 	0.091 	59.571558 	-10.447346 	-1.0245005
-0.41441441 	0.25 	0.091 	59.601368 	-10.455342 	-1.0242649
-0.41561562 	0.25 	0.091 	59.631179 	-10.463339 	-1.0240292
-0.41681682 	0.25 	0.091 	59.66099 	-10.471336 	-1.0237936
-0.41801802 	0.25 	0.091 	59.6908 	-10.479332 	-1.023558
-0.41921922 	0.25 	0.091 	59.720611 	-10.487329 	-1.0233224
-0.42042042 	0.25 	0.091 	59.750421 	-10.495326 	-1.0230868
-0.42162162 	0.25 	0.091 	59.780232 	-10.503322 	-1.0228511
-0.42282282 	0.25 	0.091 	59.810043 	-10.511319 	-1.0226155
-0.42402402 	0.25 	0.091 	59.839853 	-10.519315 	-1.0223799
-0.42522523 	0.25 	0.091 	59.869664 	-10.527312 	-1.0221443
-0.42642643 	0.25 	0.091 	59.899645 	-10.535903 	-1.0218765
-0.42762763 	0.25 	0.091 	59.929791 	-10.545072 	-1.0215774
-0.42882883 	0.25 	0.091 	59.959937 	-10.55424 	-1.0212784
-0.43003003 	0.25 	0.091 	59.990083 	-10.563409 	-1.0209793
-0.43123123 	0.25 	0.091 	60.020229 	-10.572577 	-1.0206803
-0.43243243 	0.25 	0.091 	60.050376 	-10.581745 	-1.0203812
-0.43363363 	0.25 	0.091 	60.080522 	-10.590914 	-1.0200822
-0.43483483 	0.25 	0.091 	60.110668 	-10.600082 	-1.0197831
-0.43603604 	0.25 	0.091 	60.140814 	-10.609251 	-1.0194841
-0.43723724 	0.25 	0.091 	60.17096 	-10.618419 	-1.019185
-0.43843844 	0.25 	0.091 	60.201106 	-10.627587 	-1.018886
-0.43963964 	0.25 	0.091 	60.231253 	-10.636756 	-1.0185869
-0.44084084 	0.25 	0.091 	60.261399 	-10.645924 	-1.0182879
-0.44204204 	0.25 	0.091 	60.291545 	-10.655093 	-1.0179888
-0.44324324 	0.25 	0.091 	60.322107 	-10.662009 	-1.01761
-0.44444444 	0.25 	0.091 	60.352769 	-10.668377 	-1.0172117
-0.44564565 	0.25 	0.091 	60.383432 	-10.674746 	-1.0168134
-0.44684685 	0.25 	0.091 	60.414095 	-10.681114 	-1.0164152
-0.44804805 	0.25 	0.091 	60.444758 	-10.687483 	-1.0160169
-0.44924925 	0.25 	0.091 	60.47542 	-10.693851 	-1.0156186
-0.45045045 	0.25 	0.091 	60.506083 	-10.70022 	-1.0152203
-0.45165165 	0.25 	0.091 	60.536746 	-10.706588 	-1.0148221
-0.45285285 	0.25 	0.091 	60.567409 	-10.712957 	-1.0144238
-0.45405405 	0.25 	0.091 	60.598071 	-10.719325 	-1.0140255
-0.45525526 	0.25 	0.091 	60.628734 	-10.725694 	-1.0136272
-0.45645646 	0.25 	0.091 	60.659397 	-10.732062 	-1.0132289
-0.45765766 	0.25 	0.091 	60.69006 	-10.738431 	-1.0128307
-0.45885886 	0.25 	0.091 	60.720722 	-10.744799 	-1.0124324
-0.46006006 	0.25 	0.091 	60.751385 	-10.751168 	-1.0120341
-0.46126126 	0.25 	0.091 	60.782048 	-10.757536 	-1.0116358
-0.46246246 	0.25 	0.091 	60.81271 	-10.763905 	-1.0112376
-0.46366366 	0.25 	0.091 	60.843373 	-10.770273 	-1.0108393
-0.46486486 	0.25 	0.091 	60.874036 	-10.776642 	-1.010441
-0.46606607 	0.25 	0.091 	60.904699 	-10.78301 	-1.0100427
-0.46726727 	0.25 	0.091 	60.935361 	-10.789379 	-1.0096445
-0.46846847 	0.25 	0.091 	60.966227 	-10.796721 	-1.0092095
-0.46966967 	0.25 	0.091 	60.997124 	-10.804214 	-1.0087689
-0.47087087 	0.25 	0.091 	61.028307 	-10.810444 	-1.0083478
-0.47207207 	0.25 	0.091 	61.059828 	-10.815177 	-1.00795
-0.47327327 	0.25 	0.091 	61.091348 	-10.81991 	-1.0075521
-0.47447447 	0.25 	0.091 	61.122869 	-10.824643 	-1.0071543
-0.47567568 	0.25 	0.091 	61.15439 	-10.829376 	-1.0067564
-0.47687688 	0.25 	0.091 	61.18591 	-10.834109 	-1.0063586
-0.47807808 	0.25 	0.091 	61.217431 	-10.838842 	-1.0059607
-0.47927928 	0.25 	0.091 	61.248952 	-10.843575 	-1.0055629
-0.48048048 	0.25 	0.091 	61.280473 	-10.848308 	-1.005165
-0.48168168 	0.25 	0.091 	61.311993 	-10.853041 	-1.0047672
-0.48288288 	0.25 	0.091 	61.343514 	-10.857774 	-1.0043693
-0.48408408 	0.25 	0.091 	61.375035 	-10.862506 	-1.0039715
-0.48528529 	0.25 	0.091 	61.406556 	-10.867239 	-1.0035737
-0.48648649 	0.25 	0.091 	61.438076 	-10.871972 	-1.0031758
-0.48768769 	0.25 	0.091 	61.471965 	-10.878284 	-1.0027085
-0.48888889 	0.25 	0.091 	61.506628 	-10.885112 	-1.0022186
-0.49009009 	0.25 	0.091 	61.541291 	-10.89194 	-1.0017286
-0.49129129 	0.25 	0.091 	61.575954 	-10.898768 	-1.0012387
-0.49249249 	0.25 	0.091 	61.610618 	-10.905596 	-1.0007487
-0.49369369 	0.25 	0.091 	61.645281 	-10.912424 	-1.0002587
-0.49489489 	0.25 	0.091 	61.679944 	-10.919252 	-0.99976877
-0.4960961 	0.25 	0.091 	61.714607 	-10.926079 	-0.99927881
-0.4972973 	0.25 	0.091 	61.74927 	-10.932907 	-0.99878885
-0.4984985 	0.25 	0.091 	61.783933 	-10.939735 	-0.99829888
-0.4996997 	0.25 	0.091 	61.818597 	-10.946563 	-0.99780892
-0.5009009 	0.25 	0.091 	61.85326 	-10.953391 	-0.99731896
-0.5021021 	0.25 	0.091 	61.887923 	-10.960219 	-0.99682899
-0.5033033 	0.25 	0.091 	61.92251 	-10.966945 	-0.99633282
-0.5045045 	0.25 	0.091 	61.95563 	-10.9717 	-0.99571695
-0.50570571 	0.25 	0.091 	61.988751 	-10.976455 	-0.99510108
-0.50690691 	0.25 	0.091 	62.027834 	-10.98493 	-0.99438941
-0.50810811 	0.25 	0.091 	62.06809 	-10.994137 	-0.99365889
-0.50930931 	0.25 	0.091 	62.1032 	-11.003605 	-0.99299961
-0.51051051 	0.25 	0.091 	62.135546 	-11.013213 	-0.99237858
-0.51171171 	0.25 	0.091 	62.167891 	-11.022821 	-0.99175756
-0.51291291 	0.25 	0.091 	62.200237 	-11.032429 	-0.99113654
-0.51411411 	0.25 	0.091 	62.232583 	-11.042038 	-0.99051552
-0.51531532 	0.25 	0.091 	62.264928 	-11.051646 	-0.9898945
-0.51651652 	0.25 	0.091 	62.297274 	-11.061254 	-0.98927348
-0.51771772 	0.25 	0.091 	62.329619 	-11.070862 	-0.98865246
-0.51891892 	0.25 	0.091 	62.361965 	-11.08047 	-0.98803144
-0.52012012 	0.25 	0.091 	62.394311 	-11.090078 	-0.98741042
-0.52132132 	0.25 	0.091 	62.426656 	-11.099686 	-0.9867894
-0.52252252 	0.25 	0.091 	62.459002 	-11.109294 	-0.98616838
-0.52372372 	0.25 	0.091 	62.491347 	-11.118902 	-0.98554736
-0.52492492 	0.25 	0.091 	62.523693 	-11.12851 	-0.98492634
-0.52612613 	0.25 	0.091 	62.556039 	-11.138118 	-0.98430532
-0.52732733 	0.25 	0.091 	62.588384 	-11.147727 	-0.9836843
-0.52852853 	0.25 	0.091 	62.62073 	-11.157335 	-0.98306328
-0.52972973 	0.25 	0.091 	62.653076 	-11.166943 	-0.98244226
-0.53093093 	0.25 	0.091 	62.685421 	-11.176551 	-0.98182124
-0.53213213 	0.25 	0.091 	62.722233 	-11.184439 	-0.98119178
-0.53333333 	0.25 	0.091 	62.760922 	-11.191604 	-0.98055877
-0.53453453 	0.25 	0.091 	62.799611 	-11.198769 	-0.97992577
-0.53573574 	0.25 	0.091 	62.838299 	-11.205934 	-0.97929276
-0.53693694 	0.25 	0.091 	62.876988 	-11.2131 	-0.97865976
-0.53813814 	0.25 	0.091 	62.915676 	-11.220265 	-0.97802675
-0.53933934 	0.25 	0.091 	62.954365 	-11.22743 	-0.97739375
-0.54054054 	0.25 	0.091 	62.993054 	-11.234595 	-0.97676074
-0.54174174 	0.25 	0.091 	63.031742 	-11.241761 	-0.97612774
-0.54294294 	0.25 	0.091 	63.070431 	-11.248926 	-0.97549473
-0.54414414 	0.25 	0.091 	63.109119 	-11.256091 	-0.97486173
-0.54534535 	0.25 	0.091 	63.147808 	-11.263256 	-0.97422872
-0.54654655 	0.25 	0.091 	63.186497 	-11.270422 	-0.97359572
-0.54774775 	0.25 	0.091 	63.22517 	-11.277586 	-0.97296274
-0.54894895 	0.25 	0.091 	63.258115 	-11.284375 	-0.9723397
-0.55015015 	0.25 	0.091 	63.29106 	-11.291164 	-0.97171666
-0.55135135 	0.25 	0.091 	63.324005 	-11.297952 	-0.97109362
-0.55255255 	0.25 	0.091 	63.356951 	-11.304741 	-0.97047058
-0.55375375 	0.25 	0.091 	63.389896 	-11.31153 	-0.96984754
-0.55495495 	0.25 	0.091 	63.422841 	-11.318319 	-0.9692245
-0.55615616 	0.25 	0.091 	63.455357 	-11.325499 	-0.96859009
-0.55735736 	0.25 	0.091 	63.485465 	-11.334873 	-0.96789192
-0.55855856 	0.25 	0.091 	63.515573 	-11.344247 	-0.96719374
-0.55975976 	0.25 	0.091 	63.545682 	-11.353621 	-0.96649557
-0.56096096 	0.25 	0.091 	63.57579 	-11.362995 	-0.9657974
-0.56216216 	0.25 	0.091 	63.605898 	-11.372369 	-0.96509922
-0.56336336 	0.25 	0.091 	63.636007 	-11.381743 	-0.96440105
-0.56456456 	0.25 	0.091 	63.666115 	-11.391118 	-0.96370288
-0.56576577 	0.25 	0.091 	63.696223 	-11.400492 	-0.96300471
-0.56696697 	0.25 	0.091 	63.727827 	-11.407768 	-0.96225471
-0.56816817 	0.25 	0.091 	63.76167 	-11.411899 	-0.96142704
-0.56936937 	0.25 	0.091 	63.795514 	-11.41603 	-0.96059938
-0.57057057 	0.25 	0.091 	63.828012 	-11.421409 	-0.95985009
-0.57177177 	0.25 	0.091 	63.859041 	-11.428151 	-0.95918641
-0.57297297 	0.25 	0.091 	63.890069 	-11.434893 	-0.95852273
-0.57417417 	0.25 	0.091 	63.921097 	-11.441634 	-0.95785905
-0.57537538 	0.25 	0.091 	63.952126 	-11.448376 	-0.95719538
-0.57657658 	0.25 	0.091 	63.983154 	-11.455118 	-0.9565317
-0.57777778 	0.25 	0.091 	64.014182 	-11.46186 	-0.95586802
-0.57897898 	0.25 	0.091 	64.049518 	-11.469358 	-0.95510563
-0.58018018 	0.25 	0.091 	64.087434 	-11.47731 	-0.95428409
-0.58138138 	0.25 	0.091 	64.12535 	-11.485262 	-0.95346256
-0.58258258 	0.25 	0.091 	64.163267 	-11.493214 	-0.95264102
-0.58378378 	0.25 	0.091 	64.201183 	-11.501166 	-0.95181948
-0.58498498 	0.25 	0.091 	64.239099 	-11.509118 	-0.95099795
-0.58618619 	0.25 	0.091 	64.277016 	-11.51707 	-0.95017641
-0.58738739 	0.25 	0.091 	64.310212 	-11.521725 	-0.94930283
-0.58858859 	0.25 	0.091 	64.342017 	-11.525409 	-0.9484139
-0.58978979 	0.25 	0.091 	64.373821 	-11.529092 	-0.94752497
-0.59099099 	0.25 	0.091 	64.407878 	-11.533107 	-0.94660565
-0.59219219 	0.25 	0.091 	64.442745 	-11.537242 	-0.9456754
-0.59339339 	0.25 	0.091 	64.477611 	-11.541377 	-0.94474515
-0.59459459 	0.25 	0.091 	64.512478 	-11.545513 	-0.9438149
-0.5957958 	0.25 	0.091 	64.547345 	-11.549648 	-0.94288466
-0.596997 	0.25 	0.091 	64.582212 	-11.553783 	-0.94195441
-0.5981982 	0.25 	0.091 	64.617079 	-11.557918 	-0.94102416
-0.5993994 	0.25 	0.091 	64.651945 	-11.562053 	-0.94009391
-0.6006006 	0.25 	0.091 	64.686226 	-11.565775 	-0.9391862
-0.6018018 	0.25 	0.091 	64.715058 	-11.565658 	-0.93848792
-0.603003 	0.25 	0.091 	64.743889 	-11.565542 	-0.93778964
-0.6042042 	0.25 	0.091 	64.772721 	-11.565426 	-0.93709136
-0.60540541 	0.25 	0.091 	64.801552 	-11.565309 	-0.93639307
-0.60660661 	0.25 	0.091 	64.830384 	-11.565193 	-0.93569479
-0.60780781 	0.25 	0.091 	64.859216 	-11.565077 	-0.93499651
-0.60900901 	0.25 	0.091 	64.89011 	-11.564695 	-0.9342524
-0.61021021 	0.25 	0.091 	64.927376 	-11.563491 	-0.93336673
-0.61141141 	0.25 	0.091 	64.964643 	-11.562286 	-0.93248105
-0.61261261 	0.25 	0.091 	65.001909 	-11.561082 	-0.93159537
-0.61381381 	0.25 	0.091 	65.039176 	-11.559878 	-0.93070969
-0.61501502 	0.25 	0.091 	65.076442 	-11.558674 	-0.92982402
-0.61621622 	0.25 	0.091 	65.113709 	-11.55747 	-0.92893834
-0.61741742 	0.25 	0.091 	65.150323 	-11.555992 	-0.92799533
-0.61861862 	0.25 	0.091 	65.185918 	-11.554086 	-0.92696269
-0.61981982 	0.25 	0.091 	65.221513 	-11.552179 	-0.92593005
-0.62102102 	0.25 	0.091 	65.257107 	-11.550272 	-0.92489741
-0.62222222 	0.25 	0.091 	65.292702 	-11.548366 	-0.92386477
-0.62342342 	0.25 	0.091 	65.328297 	-11.546459 	-0.92283213
-0.62462462 	0.25 	0.091 	65.363891 	-11.544552 	-0.92179949
-0.62582583 	0.25 	0.091 	65.399486 	-11.542646 	-0.92076685
-0.62702703 	0.25 	0.091 	65.43508 	-11.540739 	-0.91973421
-0.62822823 	0.25 	0.091 	65.467723 	-11.542107 	-0.91876074
-0.62942943 	0.25 	0.091 	65.500163 	-11.543699 	-0.91779132
-0.63063063 	0.25 	0.091 	65.532604 	-11.545291 	-0.91682189
-0.63183183 	0.25 	0.091 	65.563905 	-11.546393 	-0.91598051
-0.63303303 	0.25 	0.091 	65.594749 	-11.547298 	-0.9151906
-0.63423423 	0.25 	0.091 	65.625592 	-11.548204 	-0.91440069
-0.63543544 	0.25 	0.091 	65.656436 	-11.549109 	-0.91361079
-0.63663664 	0.25 	0.091 	65.687279 	-11.550014 	-0.91282088
-0.63783784 	0.25 	0.091 	65.718123 	-11.55092 	-0.91203097
-0.63903904 	0.25 	0.091 	65.748966 	-11.551825 	-0.91124106
-0.64024024 	0.25 	0.091 	65.785584 	-11.554774 	-0.91031934
-0.64144144 	0.25 	0.091 	65.823143 	-11.558056 	-0.90937613
-0.64264264 	0.25 	0.091 	65.860702 	-11.561339 	-0.90843292
-0.64384384 	0.25 	0.091 	65.898261 	-11.564621 	-0.90748971
-0.64504505 	0.25 	0.091 	65.93582 	-11.567903 	-0.9065465
-0.64624625 	0.25 	0.091 	65.973379 	-11.571185 	-0.90560329
-0.64744745 	0.25 	0.091 	66.010914 	-11.574453 	-0.90465932
-0.64864865 	0.25 	0.091 	66.04456 	-11.575424 	-0.90359335
-0.64984985 	0.25 	0.091 	66.078207 	-11.576394 	-0.90252739
-0.65105105 	0.25 	0.091 	66.111853 	-11.577365 	-0.90146142
-0.65225225 	0.25 	0.091 	66.147176 	-11.578366 	-0.90035959
-0.65345345 	0.25 	0.091 	66.183348 	-11.579382 	-0.89923958
-0.65465465 	0.25 	0.091 	66.21952 	-11.580398 	-0.89811957
-0.65585586 	0.25 	0.091 	66.255692 	-11.581414 	-0.89699956
-0.65705706 	0.25 	0.091 	66.291865 	-11.58243 	-0.89587955
-0.65825826 	0.25 	0.091 	66.328037 	-11.583446 	-0.89475954
-0.65945946 	0.25 	0.091 	66.364209 	-11.584462 	-0.89363953
-0.66066066 	0.25 	0.091 	66.400381 	-11.585478 	-0.89251952
-0.66186186 	0.25 	0.091 	66.435309 	-11.585738 	-0.8914939
-0.66306306 	0.25 	0.091 	66.46771 	-11.584462 	-0.89065992
-0.66426426 	0.25 	0.091 	66.50011 	-11.583186 	-0.88982594
-0.66546547 	0.25 	0.091 	66.532511 	-11.58191 	-0.88899196
-0.66666667 	0.25 	0.091 	66.564912 	-11.580633 	-0.88815798
-0.66786787 	0.25 	0.091 	66.597313 	-11.579357 	-0.887324
-0.66906907 	0.25 	0.091 	66.629714 	-11.578081 	-0.88649002
-0.67027027 	0.25 	0.091 	66.664299 	-11.578584 	-0.88554858
-0.67147147 	0.25 	0.091 	66.70128 	-11.581038 	-0.88448921
-0.67267267 	0.25 	0.091 	66.738262 	-11.583492 	-0.88342985
-0.67387387 	0.25 	0.091 	66.775244 	-11.585946 	-0.88237048
-0.67507508 	0.25 	0.091 	66.812226 	-11.5884 	-0.88131111
-0.67627628 	0.25 	0.091 	66.849208 	-11.590854 	-0.88025175
-0.67747748 	0.25 	0.091 	66.886189 	-11.593308 	-0.87919238
-0.67867868 	0.25 	0.091 	66.922612 	-11.593993 	-0.87803728
-0.67987988 	0.25 	0.091 	66.958697 	-11.593614 	-0.87682457
-0.68108108 	0.25 	0.091 	66.994782 	-11.593235 	-0.87561186
-0.68228228 	0.25 	0.091 	67.030868 	-11.592856 	-0.87439915
-0.68348348 	0.25 	0.091 	67.066953 	-11.592476 	-0.87318644
-0.68468468 	0.25 	0.091 	67.103038 	-11.592097 	-0.87197373
-0.68588589 	0.25 	0.091 	67.139124 	-11.591718 	-0.87076103
-0.68708709 	0.25 	0.091 	67.175209 	-11.591338 	-0.86954832
-0.68828829 	0.25 	0.091 	67.210273 	-11.590434 	-0.86837689
-0.68948949 	0.25 	0.091 	67.244054 	-11.588871 	-0.86725738
-0.69069069 	0.25 	0.091 	67.277834 	-11.587307 	-0.86613787
-0.69189189 	0.25 	0.091 	67.311615 	-11.585743 	-0.86501837
-0.69309309 	0.25 	0.091 	67.344562 	-11.581506 	-0.8640638
-0.69429429 	0.25 	0.091 	67.377463 	-11.57712 	-0.86311842
-0.6954955 	0.25 	0.091 	67.410364 	-11.572734 	-0.86217305
-0.6966967 	0.25 	0.091 	67.443265 	-11.568347 	-0.86122767
-0.6978979 	0.25 	0.091 	67.476166 	-11.563961 	-0.86028229
-0.6990991 	0.25 	0.091 	67.509067 	-11.559575 	-0.85933692
-0.7003003 	0.25 	0.091 	67.542241 	-11.555757 	-0.85837924
-0.7015015 	0.25 	0.091 	67.578106 	-11.557553 	-0.85730014
-0.7027027 	0.25 	0.091 	67.613972 	-11.55935 	-0.85622104
-0.7039039 	0.25 	0.091 	67.649838 	-11.561146 	-0.85514194
-0.70510511 	0.25 	0.091 	67.685703 	-11.562942 	-0.85406283
-0.70630631 	0.25 	0.091 	67.721569 	-11.564739 	-0.85298373
-0.70750751 	0.25 	0.091 	67.757434 	-11.566535 	-0.85190463
-0.70870871 	0.25 	0.091 	67.793924 	-11.567465 	-0.85076942
-0.70990991 	0.25 	0.091 	67.832452 	-11.565561 	-0.84945073
-0.71111111 	0.25 	0.091 	67.870981 	-11.563656 	-0.84813203
-0.71231231 	0.25 	0.091 	67.90951 	-11.561752 	-0.84681334
-0.71351351 	0.25 	0.091 	67.946599 	-11.55916 	-0.84551034
-0.71471471 	0.25 	0.091 	67.98287 	-11.556178 	-0.84421627
-0.71591592 	0.25 	0.091 	68.01914 	-11.553196 	-0.84292221
-0.71711712 	0.25 	0.091 	68.05541 	-11.550213 	-0.84162814
-0.71831832 	0.25 	0.091 	68.091681 	-11.547231 	-0.84033407
-0.71951952 	0.25 	0.091 	68.127951 	-11.544248 	-0.83904001
-0.72072072 	0.25 	0.091 	68.164221 	-11.541266 	-0.83774594
-0.72192192 	0.25 	0.091 	68.200492 	-11.538283 	-0.83645187
-0.72312312 	0.25 	0.091 	68.23828 	-11.533275 	-0.8352708
-0.72432432 	0.25 	0.091 	68.277307 	-11.526615 	-0.83418182
-0.72552553 	0.25 	0.091 	68.316333 	-11.519955 	-0.83309285
-0.72672673 	0.25 	0.091 	68.355359 	-11.513295 	-0.83200388
-0.72792793 	0.25 	0.091 	68.394385 	-11.506635 	-0.83091491
-0.72912913 	0.25 	0.091 	68.433411 	-11.499975 	-0.82982594
-0.73033033 	0.25 	0.091 	68.472438 	-11.493315 	-0.82873697
-0.73153153 	0.25 	0.091 	68.508939 	-11.487215 	-0.82763852
-0.73273273 	0.25 	0.091 	68.544325 	-11.481363 	-0.82653588
-0.73393393 	0.25 	0.091 	68.579711 	-11.475511 	-0.82543324
-0.73513514 	0.25 	0.091 	68.615097 	-11.469659 	-0.8243306
-0.73633634 	0.25 	0.091 	68.650483 	-11.463807 	-0.82322796
-0.73753754 	0.25 	0.091 	68.685869 	-11.457955 	-0.82212532
-0.73873874 	0.25 	0.091 	68.721255 	-11.452103 	-0.82102268
-0.73993994 	0.25 	0.091 	68.758893 	-11.445379 	-0.81972498
-0.74114114 	0.25 	0.091 	68.796963 	-11.438488 	-0.81838984
-0.74234234 	0.25 	0.091 	68.835033 	-11.431597 	-0.81705471
-0.74354354 	0.25 	0.091 	68.873104 	-11.424706 	-0.81571958
-0.74474474 	0.25 	0.091 	68.911174 	-11.417815 	-0.81438444
-0.74594595 	0.25 	0.091 	68.949244 	-11.410924 	-0.81304931
-0.74714715 	0.25 	0.091 	68.987314 	-11.404033 	-0.81171418
-0.74834835 	0.25 	0.091 	69.025384 	-11.397142 	-0.81037905
-0.74954955 	0.25 	0.091 	69.067555 	-11.388903 	-0.80889495
-0.75075075 	0.25 	0.091 	69.110149 	-11.380526 	-0.80739545
-0.75195195 	0.25 	0.091 	69.152743 	-11.372148 	-0.80589595
-0.75315315 	0.25 	0.091 	69.195784 	-11.363605 	-0.80444127
-0.75435435 	0.25 	0.091 	69.241169 	-11.354195 	-0.80322241
-0.75555556 	0.25 	0.091 	69.286554 	-11.344785 	-0.80200355
-0.75675676 	0.25 	0.091 	69.33194 	-11.335374 	-0.80078469
-0.75795796 	0.25 	0.091 	69.377325 	-11.325964 	-0.79956583
-0.75915916 	0.25 	0.091 	69.42271 	-11.316554 	-0.79834696
-0.76036036 	0.25 	0.091 	69.468096 	-11.307144 	-0.7971281
-0.76156156 	0.25 	0.091 	69.513056 	-11.2983 	-0.79589519
-0.76276276 	0.25 	0.091 	69.55704 	-11.290757 	-0.79463
-0.76396396 	0.25 	0.091 	69.599984 	-11.284843 	-0.79345231
-0.76516517 	0.25 	0.091 	69.639846 	-11.28375 	-0.79253382
-0.76636637 	0.25 	0.091 	69.679623 	-11.282632 	-0.79120631
-0.76756757 	0.25 	0.091 	69.719388 	-11.28151 	-0.78982041
-0.76876877 	0.25 	0.091 	69.759153 	-11.280387 	-0.78843451
-0.76996997 	0.25 	0.091 	69.798918 	-11.279265 	-0.7870486
-0.77117117 	0.25 	0.091 	69.838683 	-11.278143 	-0.7856627
-0.77237237 	0.25 	0.091 	69.878448 	-11.277021 	-0.7842768
-0.77357357 	0.25 	0.091 	69.918213 	-11.275899 	-0.78289089
-0.77477477 	0.25 	0.091 	69.95759 	-11.278243 	-0.78161668
-0.77597598 	0.25 	0.091 	69.996731 	-11.282688 	-0.78041015
-0.77717718 	0.25 	0.091 	70.034907 	-11.293815 	-0.77920648
-0.77837838 	0.25 	0.091 	70.072451 	-11.309326 	-0.77800469
-0.77957958 	0.25 	0.091 	70.11359 	-11.310043 	-0.77657819
-0.78078078 	0.25 	0.091 	70.15717 	-11.300725 	-0.77499925
-0.78198198 	0.25 	0.091 	70.200749 	-11.291407 	-0.77342031
-0.78318318 	0.25 	0.091 	70.244329 	-11.282088 	-0.77184136
-0.78438438 	0.25 	0.091 	70.287908 	-11.27277 	-0.77026242
-0.78558559 	0.25 	0.091 	70.331488 	-11.263451 	-0.76868348
-0.78678679 	0.25 	0.091 	70.375067 	-11.254133 	-0.76710453
-0.78798799 	0.25 	0.091 	70.418684 	-11.244821 	-0.76570072
-0.78918919 	0.25 	0.091 	70.462376 	-11.235524 	-0.76465262
-0.79039039 	0.25 	0.091 	70.506433 	-11.200361 	-0.76339906
-0.79159159 	0.25 	0.091 	70.550535 	-11.162026 	-0.7621203
-0.79279279 	0.25 	0.091 	70.594418 	-11.134199 	-0.76066808
-0.79399399 	0.25 	0.091 	70.638276 	-11.107529 	-0.75919673
-0.7951952 	0.25 	0.091 	70.684844 	-11.090563 	-0.75755742
-0.7963964 	0.25 	0.091 	70.731666 	-11.074507 	-0.75590233
-0.7975976 	0.25 	0.091 	70.778488 	-11.058452 	-0.75424723
-0.7987988 	0.25 	0.091 	70.82531 	-11.042396 	-0.75259214
-0.8 	0.25 	0.091 	70.872132 	-11.026341 	-0.75093705
-0.8012012 	0.25 	0.091 	70.918954 	-11.010285 	-0.74928196
-0.8024024 	0.25 	0.091 	70.965775 	-10.99423 	-0.74762686
-0.8036036 	0.25 	0.091 	71.012665 	-10.978176 	-0.74631999
-0.8048048 	0.25 	0.091 	71.060032 	-10.964238 	-0.74517056
-0.80600601 	0.25 	0.091 	71.10924 	-10.959188 	-0.74380589
-0.80720721 	0.25 	0.091 	71.158374 	-10.952899 	-0.74242578
-0.80840841 	0.25 	0.091 	71.207208 	-10.941513 	-0.74098219
-0.80960961 	0.25 	0.091 	71.256013 	-10.93021 	-0.73948666
-0.81081081 	0.25 	0.091 	71.304703 	-10.919247 	-0.73777706
-0.81201201 	0.25 	0.091 	71.353392 	-10.908284 	-0.73606746
-0.81321321 	0.25 	0.091 	71.402082 	-10.897321 	-0.73435786
-0.81441441 	0.25 	0.091 	71.450772 	-10.886358 	-0.73264827
-0.81561562 	0.25 	0.091 	71.499462 	-10.875395 	-0.73093867
-0.81681682 	0.25 	0.091 	71.548151 	-10.864432 	-0.72922907
-0.81801802 	0.25 	0.091 	71.596841 	-10.853469 	-0.72751947
-0.81921922 	0.25 	0.091 	71.645624 	-10.842524 	-0.7263382
-0.82042042 	0.25 	0.091 	71.693871 	-10.83086 	-0.72507435
-0.82162162 	0.25 	0.091 	71.74158 	-10.818481 	-0.72368239
-0.82282282 	0.25 	0.091 	71.792054 	-10.802695 	-0.72223185
-0.82402402 	0.25 	0.091 	71.845424 	-10.783342 	-0.72071996
-0.82522523 	0.25 	0.091 	71.896746 	-10.766922 	-0.71936945
-0.82642643 	0.25 	0.091 	71.945769 	-10.753789 	-0.71816633
-0.82762763 	0.25 	0.091 	71.994698 	-10.740649 	-0.71640521
-0.82882883 	0.25 	0.091 	72.043627 	-10.727509 	-0.7146441
-0.83003003 	0.25 	0.091 	72.092555 	-10.714368 	-0.71288298
-0.83123123 	0.25 	0.091 	72.141484 	-10.701228 	-0.71112186
-0.83243243 	0.25 	0.091 	72.190413 	-10.688088 	-0.70936074
-0.83363363 	0.25 	0.091 	72.239342 	-10.674948 	-0.70759962
-0.83483483 	0.25 	0.091 	72.28827 	-10.661808 	-0.70583851
-0.83603604 	0.25 	0.091 	72.334643 	-10.652528 	-0.70434349
-0.83723724 	0.25 	0.091 	72.380375 	-10.644215 	-0.70291517
-0.83843844 	0.25 	0.091 	72.436184 	-10.628849 	-0.70135272
-0.83963964 	0.25 	0.091 	72.494852 	-10.611482 	-0.69975223
-0.84084084 	0.25 	0.091 	72.546575 	-10.595015 	-0.69799653
-0.84204204 	0.25 	0.091 	72.59609 	-10.578834 	-0.69619151
-0.84324324 	0.25 	0.091 	72.645605 	-10.562654 	-0.69438648
-0.84444444 	0.25 	0.091 	72.695121 	-10.546473 	-0.69258146
-0.84564565 	0.25 	0.091 	72.744636 	-10.530292 	-0.69077643
-0.84684685 	0.25 	0.091 	72.794152 	-10.514111 	-0.68897141
-0.84804805 	0.25 	0.091 	72.843667 	-10.497931 	-0.68716638
-0.84924925 	0.25 	0.091 	72.893234 	-10.481751 	-0.68566529
-0.85045045 	0.25 	0.091 	72.942315 	-10.465591 	-0.68444947
-0.85165165 	0.25 	0.091 	72.986148 	-10.449621 	-0.68307463
-0.85285285 	0.25 	0.091 	73.031246 	-10.433185 	-0.68167697
-0.85405405 	0.25 	0.091 	73.092784 	-10.410692 	-0.67998252
-0.85525526 	0.25 	0.091 	73.153677 	-10.38842 	-0.67827956
-0.85645646 	0.25 	0.091 	73.203283 	-10.370012 	-0.67642756
-0.85765766 	0.25 	0.091 	73.252888 	-10.351603 	-0.67457555
-0.85885886 	0.25 	0.091 	73.302493 	-10.333195 	-0.67272355
-0.86006006 	0.25 	0.091 	73.352099 	-10.314786 	-0.67087155
-0.86126126 	0.25 	0.091 	73.401704 	-10.296378 	-0.66901955
-0.86246246 	0.25 	0.091 	73.45131 	-10.277969 	-0.66716755
-0.86366366 	0.25 	0.091 	73.500915 	-10.259561 	-0.66531555
-0.86486486 	0.25 	0.091 	73.550606 	-10.241162 	-0.66395657
-0.86606607 	0.25 	0.091 	73.597461 	-10.224793 	-0.66265593
-0.86726727 	0.25 	0.091 	73.639407 	-10.211906 	-0.66123612
-0.86846847 	0.25 	0.091 	73.687079 	-10.199511 	-0.65970074
-0.86966967 	0.25 	0.091 	73.744771 	-10.187978 	-0.65796312
-0.87087087 	0.25 	0.091 	73.79822 	-10.172976 	-0.65620377
-0.87207207 	0.25 	0.091 	73.844611 	-10.152202 	-0.65440827
-0.87327327 	0.25 	0.091 	73.891002 	-10.131428 	-0.65261277
-0.87447447 	0.25 	0.091 	73.937393 	-10.110653 	-0.65081727
-0.87567568 	0.25 	0.091 	73.983784 	-10.089879 	-0.64902177
-0.87687688 	0.25 	0.091 	74.030175 	-10.069104 	-0.64722627
-0.87807808 	0.25 	0.091 	74.076566 	-10.04833 	-0.64543078
-0.87927928 	0.25 	0.091 	74.122963 	-10.027556 	-0.64368649
-0.88048048 	0.25 	0.091 	74.169433 	-10.006782 	-0.64249309
-0.88168168 	0.25 	0.091 	74.212495 	-9.9818597 	-0.64113613
-0.88288288 	0.25 	0.091 	74.253118 	-9.953966 	-0.63966207
-0.88408408 	0.25 	0.091 	74.301615 	-9.9322897 	-0.63805819
-0.88528529 	0.25 	0.091 	74.354299 	-9.9139195 	-0.63638528
-0.88648649 	0.25 	0.091 	74.404473 	-9.8944974 	-0.63494249
-0.88768769 	0.25 	0.091 	74.453729 	-9.8747176 	-0.632887
-0.88888889 	0.25 	0.091 	74.502985 	-9.8549377 	-0.63082603
-0.89009009 	0.25 	0.091 	74.55224 	-9.8351578 	-0.62876506
-0.89129129 	0.25 	0.091 	74.604053 	-9.811865 	-0.62691463
-0.89249249 	0.25 	0.091 	74.66171 	-9.7804199 	-0.62520219
-0.89369369 	0.25 	0.091 	74.71929 	-9.7489641 	-0.62315718
-0.89489489 	0.25 	0.091 	74.776871 	-9.7175083 	-0.62111217
-0.8960961 	0.25 	0.091 	74.834451 	-9.6860525 	-0.61906716
-0.8972973 	0.25 	0.091 	74.888001 	-9.6531036 	-0.61730987
-0.8984985 	0.25 	0.091 	74.940115 	-9.6196226 	-0.61565513
-0.8996997 	0.25 	0.091 	74.984249 	-9.5974992 	-0.61405493
-0.9009009 	0.25 	0.091 	75.03075 	-9.5752741 	-0.61251363
-0.9021021 	0.25 	0.091 	75.088482 	-9.5501535 	-0.61095791
-0.9033033 	0.25 	0.091 	75.146062 	-9.5250232 	-0.60897894
-0.9045045 	0.25 	0.091 	75.203642 	-9.4998929 	-0.60699997
-0.90570571 	0.25 	0.091 	75.261222 	-9.4747625 	-0.60502101
-0.90690691 	0.25 	0.091 	75.3249 	-9.4417823 	-0.60336611
-0.90810811 	0.25 	0.091 	75.392615 	-9.4034631 	-0.60141107
-0.90930931 	0.25 	0.091 	75.460284 	-9.3651484 	-0.59925931
-0.91051051 	0.25 	0.091 	75.527953 	-9.3268338 	-0.59710755
-0.91171171 	0.25 	0.091 	75.595623 	-9.2885192 	-0.59495578
-0.91291291 	0.25 	0.091 	75.666483 	-9.2486029 	-0.5931264
-0.91411411 	0.25 	0.091 	75.72775 	-9.2092687 	-0.59139354
-0.91531532 	0.25 	0.091 	75.757411 	-9.1723706 	-0.58984806
-0.91651652 	0.25 	0.091 	75.819084 	-9.1400307 	-0.58835186
-0.91771772 	0.25 	0.091 	75.901989 	-9.1107455 	-0.58638058
-0.91891892 	0.25 	0.091 	75.984783 	-9.0814582 	-0.58419145
-0.92012012 	0.25 	0.091 	76.067577 	-9.0521708 	-0.58200232
-0.92132132 	0.25 	0.091 	76.15037 	-9.0228834 	-0.57981319
-0.92252252 	0.25 	0.091 	76.216576 	-8.9881464 	-0.5783905
-0.92372372 	0.25 	0.091 	76.280323 	-8.9526603 	-0.57642089
-0.92492492 	0.25 	0.091 	76.344068 	-8.9171742 	-0.57444353
-0.92612613 	0.25 	0.091 	76.407812 	-8.8816881 	-0.57246616
-0.92732733 	0.25 	0.091 	76.470638 	-8.8452474 	-0.570533
-0.92852853 	0.25 	0.091 	76.528881 	-8.8040433 	-0.56882046
-0.92972973 	0.25 	0.091 	76.555628 	-8.7481629 	-0.56717238
-0.93093093 	0.25 	0.091 	76.553208 	-8.6786904 	-0.56558402
-0.93213213 	0.25 	0.091 	76.644051 	-8.6365048 	-0.56309602
-0.93333333 	0.25 	0.091 	76.746072 	-8.5975897 	-0.56050019
-0.93453453 	0.25 	0.091 	76.848093 	-8.5586745 	-0.55790436
-0.93573574 	0.25 	0.091 	76.995821 	-8.5470804 	-0.55557148
-0.93693694 	0.25 	0.091 	77.133394 	-8.5356671 	-0.55330613
-0.93813814 	0.25 	0.091 	77.142275 	-8.4790575 	-0.55169771
-0.93933934 	0.25 	0.091 	77.215086 	-8.4362257 	-0.54954999
-0.94054054 	0.25 	0.091 	77.327654 	-8.4019621 	-0.54706688
-0.94174174 	0.25 	0.091 	77.440221 	-8.3676985 	-0.54458376
-0.94294294 	0.25 	0.091 	77.571719 	-8.3376414 	-0.54237978
-0.94414414 	0.25 	0.091 	77.745984 	-8.317141 	-0.54021651
-0.94534535 	0.25 	0.091 	77.797117 	-8.2588104 	-0.53831692
-0.94654655 	0.25 	0.091 	77.851939 	-8.2035976 	-0.53625754
-0.94774775 	0.25 	0.091 	77.970167 	-8.1717162 	-0.53376764
-0.94894895 	0.25 	0.091 	78.088394 	-8.1398349 	-0.53127773
-0.95015015 	0.25 	0.091 	78.206671 	-8.1079598 	-0.52892465
-0.95135135 	0.25 	0.091 	78.380449 	-8.1051298 	-0.52658535
-0.95255255 	0.25 	0.091 	78.504054 	-8.0968218 	-0.52439876
-0.95375375 	0.25 	0.091 	78.560688 	-8.0777125 	-0.52247305
-0.95495495 	0.25 	0.091 	78.688126 	-8.0407089 	-0.51998249
-0.95615616 	0.25 	0.091 	78.815564 	-8.0037054 	-0.51749193
-0.95735736 	0.25 	0.091 	78.943002 	-7.9667018 	-0.51500136
-0.95855856 	0.25 	0.091 	79.089289 	-7.9214927 	-0.51305599
-0.95975976 	0.25 	0.091 	79.250088 	-7.8683404 	-0.51108245
-0.96096096 	0.25 	0.091 	79.342442 	-7.8301607 	-0.50869816
-0.96216216 	0.25 	0.091 	79.462059 	-7.7781318 	-0.50624046
-0.96336336 	0.25 	0.091 	79.590231 	-7.7217579 	-0.50375972
-0.96456456 	0.25 	0.091 	79.718403 	-7.6653839 	-0.50127899
-0.96576577 	0.25 	0.091 	79.84674 	-7.6088506 	-0.49916946
-0.96696697 	0.25 	0.091 	79.989097 	-7.5367752 	-0.4973745
-0.96816817 	0.25 	0.091 	80.120669 	-7.4955128 	-0.49498061
-0.96936937 	0.25 	0.091 	80.234885 	-7.4563082 	-0.49251959
-0.97057057 	0.25 	0.091 	80.33071 	-7.404776 	-0.49026114
-0.97177177 	0.25 	0.091 	80.426535 	-7.3532437 	-0.48800269
-0.97297297 	0.25 	0.091 	80.522353 	-7.3017087 	-0.4857971
-0.97417417 	0.25 	0.091 	80.604098 	-7.231349 	-0.48423039
-0.97537538 	0.25 	0.091 	80.726575 	-7.1676537 	-0.48221429
-0.97657658 	0.25 	0.091 	80.926187 	-7.1219162 	-0.47941829
-0.97777778 	0.25 	0.091 	81.045039 	-7.0735038 	-0.47708584
-0.97897898 	0.25 	0.091 	81.1492 	-7.0246048 	-0.47483772
-0.98018018 	0.25 	0.091 	81.25336 	-6.9757057 	-0.4725896
-0.98138138 	0.25 	0.091 	81.322598 	-6.9230586 	-0.47102733
-0.98258258 	0.25 	0.091 	81.348807 	-6.8658111 	-0.46986038
-0.98378378 	0.25 	0.091 	81.593356 	-6.7997966 	-0.46681116
-0.98498498 	0.25 	0.091 	81.747993 	-6.7425004 	-0.4642713
-0.98618619 	0.25 	0.091 	81.865328 	-6.6888204 	-0.46194281
-0.98738739 	0.25 	0.091 	81.982663 	-6.6351404 	-0.45961432
-0.98858859 	0.25 	0.091 	82.100093 	-6.5814421 	-0.45758683
-0.98978979 	0.25 	0.091 	82.169942 	-6.5314989 	-0.45626961
-0.99099099 	0.25 	0.091 	82.346413 	-6.4589073 	-0.45386124
-0.99219219 	0.25 	0.091 	82.446514 	-6.3985237 	-0.45165101
-0.99339339 	0.25 	0.091 	82.542295 	-6.3388475 	-0.44946492
-0.99459459 	0.25 	0.091 	82.638076 	-6.2791713 	-0.44727883
-0.9957958 	0.25 	0.091 	82.733858 	-6.2194932 	-0.4451117
-0.996997 	0.25 	0.091 	82.829642 	-6.1597438 	-0.44367535
-0.9981982 	0.25 	0.091 	82.945629 	-6.0901556 	-0.44185242
-0.9993994 	0.25 	0.091 	82.942965 	-6.0068615 	-0.44037357
-1.0006006 	0.25 	0.091 	82.927595 	-5.9247018 	-0.43897736
-1.0018018 	0.25 	0.091 	82.912225 	-5.8425422 	-0.43758116
-1.003003 	0.25 	0.091 	82.896855 	-5.7603825 	-0.43618495
-1.0042042 	0.25 	0.091 	82.790332 	-5.6863483 	-0.4353567
-1.0054054 	0.25 	0.091 	82.587393 	-5.6475444 	-0.43543754
-1.0066066 	0.25 	0.091 	82.267204 	-5.6217095 	-0.43650265
-1.0078078 	0.25 	0.091 	82.786557 	-5.5789987 	-0.43196647
-1.009009 	0.25 	0.091 	83.208117 	-5.5266578 	-0.42785323
-1.0102102 	0.25 	0.091 	83.318309 	-5.4293947 	-0.42505114
-1.0114114 	0.25 	0.091 	83.41727 	-5.3312482 	-0.42230637
-1.0126126 	0.25 	0.091 	83.153352 	-5.2215624 	-0.42222356
-1.0138138 	0.25 	0.091 	83.01427 	-5.129198 	-0.4215774
-1.015015 	0.25 	0.091 	83.560754 	-5.1043983 	-0.41701117
-1.0162162 	0.25 	0.091 	83.654616 	-5.0274603 	-0.41507022
-1.0174174 	0.25 	0.091 	83.698254 	-4.9447682 	-0.41308118
-1.0186186 	0.25 	0.091 	83.741893 	-4.8620761 	-0.41109214
-1.0198198 	0.25 	0.091 	83.785531 	-4.779384 	-0.4091031
-1.021021 	0.25 	0.091 	83.698672 	-4.6831147 	-0.40786351
-1.0222222 	0.25 	0.091 	83.85691 	-4.6090489 	-0.40621278
-1.0234234 	0.25 	0.091 	83.915253 	-4.5199781 	-0.4046945
-1.0246246 	0.25 	0.091 	83.944664 	-4.4311689 	-0.40267352
-1.0258258 	0.25 	0.091 	83.966698 	-4.3424228 	-0.40065913
-1.027027 	0.25 	0.091 	83.988731 	-4.2536768 	-0.39864473
-1.0282282 	0.25 	0.091 	83.451781 	-4.1566595 	-0.39777159
-1.0294294 	0.25 	0.091 	83.831611 	-4.0689285 	-0.39546598
-1.0306306 	0.25 	0.091 	84.284285 	-3.9813896 	-0.39308471
-1.0318318 	0.25 	0.091 	84.258359 	-3.8869515 	-0.39134098
-1.033033 	0.25 	0.091 	84.139881 	-3.7911813 	-0.39008311
-1.0342342 	0.25 	0.091 	83.903586 	-3.6986968 	-0.38902365
-1.0354354 	0.25 	0.091 	83.096187 	-3.6004142 	-0.38940841
-1.0366366 	0.25 	0.091 	83.125695 	-3.5083558 	-0.38801674
-1.0378378 	0.25 	0.091 	83.952438 	-3.4222265 	-0.38493283
-1.039039 	0.25 	0.091 	83.957902 	-3.3175204 	-0.38311149
-1.0402402 	0.25 	0.091 	83.97089 	-3.2148482 	-0.3808787
-1.0414414 	0.25 	0.091 	83.797248 	-3.1087147 	-0.37905841
-1.0426426 	0.25 	0.091 	82.956883 	-2.9875075 	-0.37916198
-1.0438438 	0.25 	0.091 	83.088941 	-2.8940711 	-0.37733155
-1.045045 	0.25 	0.091 	83.713155 	-2.8146898 	-0.37452229
-1.0462462 	0.25 	0.091 	84.095999 	-2.7279996 	-0.37216296
-1.0474474 	0.25 	0.091 	84.141144 	-2.6407345 	-0.37030868
-1.0486486 	0.25 	0.091 	84.066965 	-2.549579 	-0.36883361
-1.0498498 	0.25 	0.091 	83.95056 	-2.4570466 	-0.36749273
-1.0510511 	0.25 	0.091 	83.834155 	-2.3645143 	-0.36615185
-1.0522523 	0.25 	0.091 	83.331475 	-2.2592747 	-0.36672163
-1.0534535 	0.25 	0.091 	82.898649 	-2.1384866 	-0.36699046
-1.0546547 	0.25 	0.091 	83.636547 	-1.9624666 	-0.36188769
-1.0558559 	0.25 	0.091 	83.689239 	-1.8250836 	-0.35938281
-1.0570571 	0.25 	0.091 	83.741753 	-1.6877184 	-0.35648782
-1.0582583 	0.25 	0.091 	83.794266 	-1.5503532 	-0.35359283
-1.0594595 	0.25 	0.091 	83.719315 	-1.4182052 	-0.35110307
-1.0606607 	0.25 	0.091 	83.898593 	-1.2900127 	-0.34917374
-1.0618619 	0.25 	0.091 	83.990899 	-1.1709185 	-0.34737049
-1.0630631 	0.25 	0.091 	84.082708 	-1.0518756 	-0.34475183
-1.0642643 	0.25 	0.091 	84.15893 	-0.9342966 	-0.34214726
-1.0654655 	0.25 	0.091 	84.220145 	-0.81812703 	-0.33955628
-1.0666667 	0.25 	0.091 	84.247065 	-0.69820472 	-0.3368867
-1.0678679 	0.25 	0.091 	84.472849 	-0.57645247 	-0.33480291
-1.0690691 	0.25 	0.091 	84.641807 	-0.44012 	-0.33271667
-1.0702703 	0.25 	0.091 	84.810096 	-0.30386535 	-0.32970762
-1.0714715 	0.25 	0.091 	84.978385 	-0.16761069 	-0.32669857
-1.0726727 	0.25 	0.091 	85.146674 	-0.031356038 	-0.32368952
-1.0738739 	0.25 	0.091 	85.267997 	0.1088568 	-0.32094753
-1.0750751 	0.25 	0.091 	85.614497 	0.24821577 	-0.31779333
-1.0762763 	0.25 	0.091 	85.875895 	0.4163834 	-0.31548391
-1.0774775 	0.25 	0.091 	86.122947 	0.58572799 	-0.31231261
-1.0786787 	0.25 	0.091 	86.369848 	0.75505265 	-0.30896723
-1.0798799 	0.25 	0.091 	86.616748 	0.92437731 	-0.30562185
-1.0810811 	0.25 	0.091 	86.863649 	1.093702 	-0.30227647
-1.0822823 	0.25 	0.091 	87.008251 	1.2803571 	-0.29978394
-1.0834835 	0.25 	0.091 	87.570642 	1.4590951 	-0.29610259
-1.0846847 	0.25 	0.091 	87.905028 	1.643093 	-0.292838
-1.0858859 	0.25 	0.091 	88.238996 	1.8270181 	-0.28914758
-1.0870871 	0.25 	0.091 	88.572963 	2.0109431 	-0.28545717
-1.0882883 	0.25 	0.091 	88.906835 	2.1948749 	-0.28176641
-1.0894895 	0.25 	0.091 	89.224125 	2.3886703 	-0.27822206
-1.0906907 	0.25 	0.091 	89.59833 	2.6248952 	-0.27506696
-1.0918919 	0.25 	0.091 	89.971426 	2.8608798 	-0.27086154
-1.0930931 	0.25 	0.091 	90.344257 	3.096807 	-0.26640578
-1.0942943 	0.25 	0.091 	90.717087 	3.3327343 	-0.26195002
-1.0954955 	0.25 	0.091 	90.594637 	3.5268354 	-0.25924187
-1.0966967 	0.25 	0.091 	91.183844 	3.7772468 	-0.25542336
-1.0978979 	0.25 	0.091 	91.608456 	3.9929491 	-0.25235558
-1.0990991 	0.25 	0.091 	91.937456 	4.1910454 	-0.24908179
-1.1003003 	0.25 	0.091 	92.266096 	4.3890507 	-0.24548927
-1.1015015 	0.25 	0.091 	92.594736 	4.587056 	-0.24189675
-1.1027027 	0.25 	0.091 	92.814644 	4.765241 	-0.23867317
-1.1039039 	0.25 	0.091 	92.706189 	4.8830904 	-0.23697842
-1.1051051 	0.25 	0.091 	92.469309 	4.977334 	-0.23588861
-1.1063063 	0.25 	0.091 	92.600024 	5.1602349 	-0.23308023
-1.1075075 	0.25 	0.091 	93.297542 	5.4798384 	-0.22762196
-1.1087087 	0.25 	0.091 	93.520836 	5.7440309 	-0.22354434
-1.1099099 	0.25 	0.091 	93.680482 	6.000069 	-0.21964168
-1.1111111 	0.25 	0.091 	93.853981 	6.2567123 	-0.2157914
-1.1123123 	0.25 	0.091 	93.498619 	6.4518014 	-0.214443
-1.1135135 	0.25 	0.091 	93.596261 	6.7288552 	-0.21145118
-1.1147147 	0.25 	0.091 	94.125693 	7.084035 	-0.20689292
-1.1159159 	0.25 	0.091 	94.174202 	7.323347 	-0.20374434
-1.1171171 	0.25 	0.091 	94.103876 	7.5340336 	-0.2009578
-1.1183183 	0.25 	0.091 	94.03355 	7.7447203 	-0.19817126
-1.1195195 	0.25 	0.091 	93.963224 	7.955407 	-0.19538473
-1.1207207 	0.25 	0.091 	93.894525 	8.1726691 	-0.19276869
-1.1219219 	0.25 	0.091 	93.862279 	8.4150104 	-0.19062055
-1.1231231 	0.25 	0.091 	93.830368 	8.6572054 	-0.18792096
-1.1243243 	0.25 	0.091 	93.798722 	8.8992851 	-0.1847859
-1.1255255 	0.25 	0.091 	93.767076 	9.1413647 	-0.18165085
-1.1267267 	0.25 	0.091 	93.77269 	9.4435705 	-0.17899837
-1.1279279 	0.25 	0.091 	93.82785 	9.8289244 	-0.17708167
-1.1291291 	0.25 	0.091 	93.740631 	10.01713 	-0.17428182
-1.1303303 	0.25 	0.091 	93.696124 	10.303264 	-0.17129515
-1.1315315 	0.25 	0.091 	93.700825 	10.744428 	-0.16788301
-1.1327327 	0.25 	0.091 	93.705526 	11.185592 	-0.16447087
-1.1339339 	0.25 	0.091 	93.81322 	11.773409 	-0.16194575
-1.1351351 	0.25 	0.091 	93.890752 	12.297197 	-0.15967736
-1.1363363 	0.25 	0.091 	93.808613 	12.529382 	-0.15760793
-1.1375375 	0.25 	0.091 	93.726521 	12.830689 	-0.15528756
-1.1387387 	0.25 	0.091 	93.644496 	13.228636 	-0.15261636
-1.1399399 	0.25 	0.091 	93.56247 	13.626584 	-0.14994516
-1.1411411 	0.25 	0.091 	93.480497 	14.024616 	-0.14727362
-1.1423423 	0.25 	0.091 	93.440229 	14.626 	-0.14468111
-1.1435435 	0.25 	0.091 	93.398838 	15.236343 	-0.14213343
-1.1447447 	0.25 	0.091 	93.196257 	15.847481 	-0.13957034
-1.1459459 	0.25 	0.091 	93.002751 	16.441402 	-0.13657648
-1.1471471 	0.25 	0.091 	92.842861 	17.014834 	-0.13307497
-1.1483483 	0.25 	0.091 	92.682971 	17.588267 	-0.12957346
-1.1495495 	0.25 	0.091 	92.523327 	18.161792 	-0.12628315
-1.1507508 	0.25 	0.091 	92.486461 	18.678482 	-0.12297402
-1.151952 	0.25 	0.091 	92.402699 	19.222809 	-0.11974208
-1.1531532 	0.25 	0.091 	92.251157 	19.805988 	-0.11668064
-1.1543544 	0.25 	0.091 	92.033954 	20.386417 	-0.11263663
-1.1555556 	0.25 	0.091 	91.814225 	20.966741 	-0.10855481
-1.1567568 	0.25 	0.091 	91.594495 	21.547064 	-0.10447299
-1.157958 	0.25 	0.091 	91.373839 	22.117183 	-0.10105797
-1.1591592 	0.25 	0.091 	91.150325 	22.652506 	-0.097334339
-1.1603604 	0.25 	0.091 	90.837418 	23.262108 	-0.093790977
-1.1615616 	0.25 	0.091 	90.491952 	23.855094 	-0.089818138
-1.1627628 	0.25 	0.091 	90.130112 	24.433677 	-0.085560761
-1.163964 	0.25 	0.091 	89.768271 	25.012261 	-0.081303385
-1.1651652 	0.25 	0.091 	89.406281 	25.591209 	-0.077279048
-1.1663664 	0.25 	0.091 	89.059581 	26.103168 	-0.073784883
-1.1675676 	0.25 	0.091 	88.697415 	26.608387 	-0.070270783
-1.1687688 	0.25 	0.091 	88.309149 	27.120507 	-0.066880587
-1.16997 	0.25 	0.091 	87.874129 	27.662302 	-0.062941187
-1.1711712 	0.25 	0.091 	87.430474 	28.209576 	-0.058900352
-1.1723724 	0.25 	0.091 	86.986819 	28.756851 	-0.054859517
-1.1735736 	0.25 	0.091 	86.518006 	29.290922 	-0.051369635
-1.1747748 	0.25 	0.091 	86.034157 	29.817034 	-0.048159302
-1.175976 	0.25 	0.091 	85.517997 	30.370693 	-0.044865642
-1.1771772 	0.25 	0.091 	84.993903 	30.921697 	-0.041528368
-1.1783784 	0.25 	0.091 	84.410707 	31.43145 	-0.037796503
-1.1795796 	0.25 	0.091 	83.825115 	31.942249 	-0.034054227
-1.1807808 	0.25 	0.091 	83.237522 	32.450368 	-0.030348115
-1.181982 	0.25 	0.091 	82.609618 	32.904486 	-0.027370613
-1.1831832 	0.25 	0.091 	81.974558 	33.357869 	-0.024406949
-1.1843844 	0.25 	0.091 	81.31964 	33.809208 	-0.021481695
-1.1855856 	0.25 	0.091 	80.486481 	34.226825 	-0.017921128
-1.1867868 	0.25 	0.091 	79.495336 	34.614552 	-0.013797439
-1.187988 	0.25 	0.091 	78.569204 	34.997624 	-0.0098899517
-1.1891892 	0.25 	0.091 	77.674312 	35.328674 	-0.0069527551
-1.1903904 	0.25 	0.091 	76.636778 	35.633339 	-0.0041780792
-1.1915916 	0.25 	0.091 	75.800892 	35.807953 	-0.0016192875
-1.1927928 	0.25 	0.091 	75.003638 	35.957652 	0.00089814571
-1.193994 	0.25 	0.091 	74.215138 	36.094241 	0.003318181
-1.1951952 	0.25 	0.091 	73.50614 	36.112082 	0.0050829821
-1.1963964 	0.25 	0.091 	72.797883 	36.129551 	0.0074120322
-1.1975976 	0.25 	0.091 	72.089627 	36.14702 	0.0097410822
-1.1987988 	0.25 	0.091 	71.38137 	36.164489 	0.012070132
-1.2 	0.25 	0.091 	70.673113 	36.181958 	0.014399182
