-1.2 	-0.05 	0.182 	43.896879 	-1.376075 	1.0345994
-1.1987988 	-0.05 	0.182 	43.890539 	-1.4022989 	1.0372054
-1.1975976 	-0.05 	0.182 	43.884198 	-1.4285229 	1.0398113
-1.1963964 	-0.05 	0.182 	43.877858 	-1.4547469 	1.0424172
-1.1951952 	-0.05 	0.182 	43.871518 	-1.4809708 	1.0450231
-1.193994 	-0.05 	0.182 	43.865178 	-1.5071948 	1.047629
-1.1927928 	-0.05 	0.182 	43.858838 	-1.5334188 	1.050235
-1.1915916 	-0.05 	0.182 	43.852498 	-1.5596427 	1.0528409
-1.1903904 	-0.05 	0.182 	43.846158 	-1.5858667 	1.0554468
-1.1891892 	-0.05 	0.182 	43.839817 	-1.6120906 	1.0580527
-1.187988 	-0.05 	0.182 	43.833477 	-1.6383146 	1.0606587
-1.1867868 	-0.05 	0.182 	43.827137 	-1.6645386 	1.0632646
-1.1855856 	-0.05 	0.182 	43.820797 	-1.6907625 	1.0658705
-1.1843844 	-0.05 	0.182 	43.814457 	-1.7169865 	1.0684764
-1.1831832 	-0.05 	0.182 	43.808117 	-1.7432105 	1.0710823
-1.181982 	-0.05 	0.182 	43.801815 	-1.7694246 	1.0737897
-1.1807808 	-0.05 	0.182 	43.795689 	-1.7955946 	1.0769548
-1.1795796 	-0.05 	0.182 	43.789563 	-1.8217645 	1.0801198
-1.1783784 	-0.05 	0.182 	43.783436 	-1.8479345 	1.0832849
-1.1771772 	-0.05 	0.182 	43.77731 	-1.8741044 	1.08645
-1.175976 	-0.05 	0.182 	43.771184 	-1.9002744 	1.089615
-1.1747748 	-0.05 	0.182 	43.765057 	-1.9264443 	1.0927801
-1.1735736 	-0.05 	0.182 	43.758931 	-1.9526143 	1.0959452
-1.1723724 	-0.05 	0.182 	43.752805 	-1.9787843 	1.0991102
-1.1711712 	-0.05 	0.182 	43.746678 	-2.0049542 	1.1022753
-1.16997 	-0.05 	0.182 	43.740552 	-2.0311242 	1.1054403
-1.1687688 	-0.05 	0.182 	43.734426 	-2.0572941 	1.1086054
-1.1675676 	-0.05 	0.182 	43.728299 	-2.0834641 	1.1117705
-1.1663664 	-0.05 	0.182 	43.722173 	-2.109634 	1.1149355
-1.1651652 	-0.05 	0.182 	43.716047 	-2.135804 	1.1181006
-1.163964 	-0.05 	0.182 	43.70992 	-2.1619739 	1.1212656
-1.1627628 	-0.05 	0.182 	43.703794 	-2.1881439 	1.1244307
-1.1615616 	-0.05 	0.182 	43.697668 	-2.2143139 	1.1275958
-1.1603604 	-0.05 	0.182 	43.691541 	-2.2404838 	1.1307608
-1.1591592 	-0.05 	0.182 	43.685415 	-2.2666538 	1.1339259
-1.157958 	-0.05 	0.182 	43.696237 	-2.2918648 	1.1368922
-1.1567568 	-0.05 	0.182 	43.707966 	-2.3170245 	1.1398478
-1.1555556 	-0.05 	0.182 	43.719695 	-2.3421843 	1.1428034
-1.1543544 	-0.05 	0.182 	43.731425 	-2.367344 	1.1457591
-1.1531532 	-0.05 	0.182 	43.743154 	-2.3925037 	1.1487147
-1.151952 	-0.05 	0.182 	43.754883 	-2.4176635 	1.1516703
-1.1507508 	-0.05 	0.182 	43.766612 	-2.4428232 	1.154626
-1.1495495 	-0.05 	0.182 	43.778341 	-2.4679829 	1.1575816
-1.1483483 	-0.05 	0.182 	43.79007 	-2.4931427 	1.1605372
-1.1471471 	-0.05 	0.182 	43.801799 	-2.5183024 	1.1634928
-1.1459459 	-0.05 	0.182 	43.813528 	-2.5434621 	1.1664485
-1.1447447 	-0.05 	0.182 	43.825257 	-2.5686219 	1.1694041
-1.1435435 	-0.05 	0.182 	43.836986 	-2.5937816 	1.1723597
-1.1423423 	-0.05 	0.182 	43.848715 	-2.6189413 	1.1753154
-1.1411411 	-0.05 	0.182 	43.860444 	-2.6441011 	1.178271
-1.1399399 	-0.05 	0.182 	43.872173 	-2.6692608 	1.1812266
-1.1387387 	-0.05 	0.182 	43.883902 	-2.6944205 	1.1841823
-1.1375375 	-0.05 	0.182 	43.895631 	-2.7195803 	1.1871379
-1.1363363 	-0.05 	0.182 	43.90736 	-2.74474 	1.1900935
-1.1351351 	-0.05 	0.182 	43.919089 	-2.7698997 	1.1930492
-1.1339339 	-0.05 	0.182 	43.930819 	-2.7950595 	1.1960048
-1.1327327 	-0.05 	0.182 	43.942548 	-2.8202192 	1.1989604
-1.1315315 	-0.05 	0.182 	43.954277 	-2.8453789 	1.2019161
-1.1303303 	-0.05 	0.182 	43.966089 	-2.8704757 	1.2051628
-1.1291291 	-0.05 	0.182 	43.97799 	-2.895505 	1.2087213
-1.1279279 	-0.05 	0.182 	43.989892 	-2.9205343 	1.2122798
-1.1267267 	-0.05 	0.182 	44.001793 	-2.9455635 	1.2158383
-1.1255255 	-0.05 	0.182 	44.013695 	-2.9705928 	1.2193969
-1.1243243 	-0.05 	0.182 	44.025596 	-2.9956221 	1.2229554
-1.1231231 	-0.05 	0.182 	44.037497 	-3.0206514 	1.2265139
-1.1219219 	-0.05 	0.182 	44.049399 	-3.0456807 	1.2300724
-1.1207207 	-0.05 	0.182 	44.0613 	-3.07071 	1.2336309
-1.1195195 	-0.05 	0.182 	44.073202 	-3.0957393 	1.2371894
-1.1183183 	-0.05 	0.182 	44.085103 	-3.1207686 	1.240748
-1.1171171 	-0.05 	0.182 	44.097005 	-3.1457978 	1.2443065
-1.1159159 	-0.05 	0.182 	44.108906 	-3.1708271 	1.247865
-1.1147147 	-0.05 	0.182 	44.120807 	-3.1958564 	1.2514235
-1.1135135 	-0.05 	0.182 	44.132709 	-3.2208857 	1.254982
-1.1123123 	-0.05 	0.182 	44.14461 	-3.245915 	1.2585405
-1.1111111 	-0.05 	0.182 	44.156512 	-3.2709443 	1.2620991
-1.1099099 	-0.05 	0.182 	44.168413 	-3.2959736 	1.2656576
-1.1087087 	-0.05 	0.182 	44.180315 	-3.3210028 	1.2692161
-1.1075075 	-0.05 	0.182 	44.192216 	-3.3460321 	1.2727746
-1.1063063 	-0.05 	0.182 	44.204493 	-3.3769281 	1.2764608
-1.1051051 	-0.05 	0.182 	44.21678 	-3.4079682 	1.2801501
-1.1039039 	-0.05 	0.182 	44.229067 	-3.4390083 	1.2838394
-1.1027027 	-0.05 	0.182 	44.241353 	-3.4700483 	1.2875287
-1.1015015 	-0.05 	0.182 	44.25364 	-3.5010884 	1.291218
-1.1003003 	-0.05 	0.182 	44.265927 	-3.5321285 	1.2949074
-1.0990991 	-0.05 	0.182 	44.278213 	-3.5631685 	1.2985967
-1.0978979 	-0.05 	0.182 	44.290418 	-3.5918238 	1.302193
-1.0966967 	-0.05 	0.182 	44.302031 	-3.6032352 	1.3051174
-1.0954955 	-0.05 	0.182 	44.313644 	-3.6146465 	1.3080417
-1.0942943 	-0.05 	0.182 	44.325256 	-3.6260579 	1.310966
-1.0930931 	-0.05 	0.182 	44.336869 	-3.6374692 	1.3138904
-1.0918919 	-0.05 	0.182 	44.348482 	-3.6488805 	1.3168147
-1.0906907 	-0.05 	0.182 	44.360095 	-3.6602919 	1.319739
-1.0894895 	-0.05 	0.182 	44.371707 	-3.6717032 	1.3226634
-1.0882883 	-0.05 	0.182 	44.388454 	-3.6855468 	1.3259872
-1.0870871 	-0.05 	0.182 	44.412579 	-3.7028861 	1.3298851
-1.0858859 	-0.05 	0.182 	44.436705 	-3.7202254 	1.333783
-1.0846847 	-0.05 	0.182 	44.46083 	-3.7375647 	1.337681
-1.0834835 	-0.05 	0.182 	44.484956 	-3.754904 	1.3415789
-1.0822823 	-0.05 	0.182 	44.509081 	-3.7722433 	1.3454769
-1.0810811 	-0.05 	0.182 	44.533207 	-3.7895826 	1.3493748
-1.0798799 	-0.05 	0.182 	44.557333 	-3.8069219 	1.3532727
-1.0786787 	-0.05 	0.182 	44.581458 	-3.8242612 	1.3571707
-1.0774775 	-0.05 	0.182 	44.605584 	-3.8416005 	1.3610686
-1.0762763 	-0.05 	0.182 	44.629709 	-3.8589398 	1.3649666
-1.0750751 	-0.05 	0.182 	44.653835 	-3.8762791 	1.3688645
-1.0738739 	-0.05 	0.182 	44.67796 	-3.8936183 	1.3727624
-1.0726727 	-0.05 	0.182 	44.702086 	-3.9109576 	1.3766604
-1.0714715 	-0.05 	0.182 	44.726211 	-3.9282969 	1.3805583
-1.0702703 	-0.05 	0.182 	44.750337 	-3.9456362 	1.3844563
-1.0690691 	-0.05 	0.182 	44.77441 	-3.9630165 	1.3878603
-1.0678679 	-0.05 	0.182 	44.798466 	-3.9804098 	1.391107
-1.0666667 	-0.05 	0.182 	44.822523 	-3.9978032 	1.3943537
-1.0654655 	-0.05 	0.182 	44.846579 	-4.0151965 	1.3976005
-1.0642643 	-0.05 	0.182 	44.870635 	-4.0325898 	1.4008472
-1.0630631 	-0.05 	0.182 	44.894692 	-4.0499831 	1.4040939
-1.0618619 	-0.05 	0.182 	44.918748 	-4.0673765 	1.4073406
-1.0606607 	-0.05 	0.182 	44.942805 	-4.0847698 	1.4105873
-1.0594595 	-0.05 	0.182 	44.966861 	-4.1021631 	1.413834
-1.0582583 	-0.05 	0.182 	44.990917 	-4.1195564 	1.4170807
-1.0570571 	-0.05 	0.182 	45.014974 	-4.1369498 	1.4203274
-1.0558559 	-0.05 	0.182 	45.03903 	-4.1543431 	1.4235741
-1.0546547 	-0.05 	0.182 	45.063087 	-4.1717364 	1.4268208
-1.0534535 	-0.05 	0.182 	45.087143 	-4.1891297 	1.4300675
-1.0522523 	-0.05 	0.182 	45.111199 	-4.2065231 	1.4333142
-1.0510511 	-0.05 	0.182 	45.135256 	-4.2239164 	1.4365609
-1.0498498 	-0.05 	0.182 	45.159312 	-4.2413097 	1.4398076
-1.0486486 	-0.05 	0.182 	45.183369 	-4.258703 	1.4430543
-1.0474474 	-0.05 	0.182 	45.207425 	-4.2760964 	1.446301
-1.0462462 	-0.05 	0.182 	45.231481 	-4.2934897 	1.4495477
-1.045045 	-0.05 	0.182 	45.25882 	-4.3106057 	1.4530713
-1.0438438 	-0.05 	0.182 	45.287435 	-4.3276137 	1.4567028
-1.0426426 	-0.05 	0.182 	45.316051 	-4.3446217 	1.4603342
-1.0414414 	-0.05 	0.182 	45.344667 	-4.3616297 	1.4639657
-1.0402402 	-0.05 	0.182 	45.373283 	-4.3786377 	1.4675972
-1.039039 	-0.05 	0.182 	45.401899 	-4.3956457 	1.4712287
-1.0378378 	-0.05 	0.182 	45.430515 	-4.4126537 	1.4748601
-1.0366366 	-0.05 	0.182 	45.457732 	-4.426014 	1.4784759
-1.0354354 	-0.05 	0.182 	45.48212 	-4.4320004 	1.48206
-1.0342342 	-0.05 	0.182 	45.506508 	-4.4379868 	1.4856441
-1.033033 	-0.05 	0.182 	45.530897 	-4.4439732 	1.4892281
-1.0318318 	-0.05 	0.182 	45.555285 	-4.4499595 	1.4928122
-1.0306306 	-0.05 	0.182 	45.579673 	-4.4559459 	1.4963963
-1.0294294 	-0.05 	0.182 	45.604061 	-4.4619323 	1.4999804
-1.0282282 	-0.05 	0.182 	45.628634 	-4.4680181 	1.5035756
-1.027027 	-0.05 	0.182 	45.658344 	-4.4768595 	1.5074796
-1.0258258 	-0.05 	0.182 	45.688053 	-4.485701 	1.5113837
-1.0246246 	-0.05 	0.182 	45.717762 	-4.4945424 	1.5152877
-1.0234234 	-0.05 	0.182 	45.747472 	-4.5033839 	1.5191918
-1.0222222 	-0.05 	0.182 	45.777181 	-4.5122253 	1.5230958
-1.021021 	-0.05 	0.182 	45.80689 	-4.5210668 	1.5269999
-1.0198198 	-0.05 	0.182 	45.8366 	-4.5299082 	1.5309039
-1.0186186 	-0.05 	0.182 	45.866309 	-4.5387496 	1.5348079
-1.0174174 	-0.05 	0.182 	45.896019 	-4.5475911 	1.538712
-1.0162162 	-0.05 	0.182 	45.925728 	-4.5564325 	1.542616
-1.015015 	-0.05 	0.182 	45.955437 	-4.565274 	1.5465201
-1.0138138 	-0.05 	0.182 	45.985147 	-4.5741154 	1.5504241
-1.0126126 	-0.05 	0.182 	46.014856 	-4.5829568 	1.5543282
-1.0114114 	-0.05 	0.182 	46.044565 	-4.5917983 	1.5582322
-1.0102102 	-0.05 	0.182 	46.074275 	-4.6006397 	1.5621362
-1.009009 	-0.05 	0.182 	46.103984 	-4.6094812 	1.5660403
-1.0078078 	-0.05 	0.182 	46.13373 	-4.6183612 	1.5693241
-1.0066066 	-0.05 	0.182 	46.163478 	-4.6272433 	1.5725751
-1.0054054 	-0.05 	0.182 	46.193226 	-4.6361254 	1.575826
-1.0042042 	-0.05 	0.182 	46.222975 	-4.6450075 	1.5790769
-1.003003 	-0.05 	0.182 	46.252723 	-4.6538896 	1.5823278
-1.0018018 	-0.05 	0.182 	46.282471 	-4.6627717 	1.5855787
-1.0006006 	-0.05 	0.182 	46.312219 	-4.6716538 	1.5888296
-0.9993994 	-0.05 	0.182 	46.341967 	-4.6805359 	1.5920806
-0.9981982 	-0.05 	0.182 	46.371715 	-4.689418 	1.5953315
-0.996997 	-0.05 	0.182 	46.401464 	-4.6983001 	1.5985824
-0.9957958 	-0.05 	0.182 	46.431212 	-4.7071823 	1.6018333
-0.99459459 	-0.05 	0.182 	46.46096 	-4.7160644 	1.6050842
-0.99339339 	-0.05 	0.182 	46.490708 	-4.7249465 	1.6083351
-0.99219219 	-0.05 	0.182 	46.520456 	-4.7338286 	1.611586
-0.99099099 	-0.05 	0.182 	46.550204 	-4.7427107 	1.614837
-0.98978979 	-0.05 	0.182 	46.579952 	-4.7515928 	1.6180879
-0.98858859 	-0.05 	0.182 	46.609701 	-4.7604749 	1.6213388
-0.98738739 	-0.05 	0.182 	46.639449 	-4.769357 	1.6245897
-0.98618619 	-0.05 	0.182 	46.669197 	-4.7782391 	1.6278406
-0.98498498 	-0.05 	0.182 	46.698945 	-4.7871212 	1.6310915
-0.98378378 	-0.05 	0.182 	46.729903 	-4.7957703 	1.63454
-0.98258258 	-0.05 	0.182 	46.761606 	-4.804276 	1.6381099
-0.98138138 	-0.05 	0.182 	46.793308 	-4.8127818 	1.6416799
-0.98018018 	-0.05 	0.182 	46.825011 	-4.8212875 	1.6452498
-0.97897898 	-0.05 	0.182 	46.856713 	-4.8297932 	1.6488197
-0.97777778 	-0.05 	0.182 	46.888416 	-4.838299 	1.6523897
-0.97657658 	-0.05 	0.182 	46.920118 	-4.8468047 	1.6559596
-0.97537538 	-0.05 	0.182 	46.94844 	-4.854785 	1.6594722
-0.97417417 	-0.05 	0.182 	46.973355 	-4.8622358 	1.6629269
-0.97297297 	-0.05 	0.182 	46.998269 	-4.8696865 	1.6663817
-0.97177177 	-0.05 	0.182 	47.023184 	-4.8771373 	1.6698364
-0.97057057 	-0.05 	0.182 	47.048099 	-4.8845881 	1.6732912
-0.96936937 	-0.05 	0.182 	47.073014 	-4.8920388 	1.6767459
-0.96816817 	-0.05 	0.182 	47.097929 	-4.8994896 	1.6802007
-0.96696697 	-0.05 	0.182 	47.124274 	-4.9051512 	1.6835122
-0.96576577 	-0.05 	0.182 	47.152218 	-4.9088113 	1.6866636
-0.96456456 	-0.05 	0.182 	47.180162 	-4.9124714 	1.6898149
-0.96336336 	-0.05 	0.182 	47.208106 	-4.9161316 	1.6929663
-0.96216216 	-0.05 	0.182 	47.23605 	-4.9197917 	1.6961176
-0.96096096 	-0.05 	0.182 	47.263994 	-4.9234518 	1.699269
-0.95975976 	-0.05 	0.182 	47.291938 	-4.927112 	1.7024203
-0.95855856 	-0.05 	0.182 	47.319882 	-4.9307721 	1.7055717
-0.95735736 	-0.05 	0.182 	47.347826 	-4.9344322 	1.7087231
-0.95615616 	-0.05 	0.182 	47.37577 	-4.9380924 	1.7118744
-0.95495495 	-0.05 	0.182 	47.403714 	-4.9417525 	1.7150258
-0.95375375 	-0.05 	0.182 	47.431658 	-4.9454126 	1.7181771
-0.95255255 	-0.05 	0.182 	47.459602 	-4.9490727 	1.7213285
-0.95135135 	-0.05 	0.182 	47.487546 	-4.9527329 	1.7244798
-0.95015015 	-0.05 	0.182 	47.51549 	-4.956393 	1.7276312
-0.94894895 	-0.05 	0.182 	47.543434 	-4.9600531 	1.7307825
-0.94774775 	-0.05 	0.182 	47.571378 	-4.9637133 	1.7339339
-0.94654655 	-0.05 	0.182 	47.599322 	-4.9673734 	1.7370852
-0.94534535 	-0.05 	0.182 	47.627266 	-4.9710335 	1.7402366
-0.94414414 	-0.05 	0.182 	47.65521 	-4.9746937 	1.7433879
-0.94294294 	-0.05 	0.182 	47.68315 	-4.9783491 	1.7465829
-0.94174174 	-0.05 	0.182 	47.711035 	-4.9819415 	1.750371
-0.94054054 	-0.05 	0.182 	47.738921 	-4.9855338 	1.754159
-0.93933934 	-0.05 	0.182 	47.766806 	-4.9891261 	1.7579471
-0.93813814 	-0.05 	0.182 	47.794691 	-4.9927184 	1.7617352
-0.93693694 	-0.05 	0.182 	47.822577 	-4.9963107 	1.7655232
-0.93573574 	-0.05 	0.182 	47.850462 	-4.999903 	1.7693113
-0.93453453 	-0.05 	0.182 	47.878347 	-5.0034954 	1.7730993
-0.93333333 	-0.05 	0.182 	47.906233 	-5.0070877 	1.7768874
-0.93213213 	-0.05 	0.182 	47.934118 	-5.01068 	1.7806755
-0.93093093 	-0.05 	0.182 	47.962003 	-5.0142723 	1.7844635
-0.92972973 	-0.05 	0.182 	47.989889 	-5.0178646 	1.7882516
-0.92852853 	-0.05 	0.182 	48.017774 	-5.0214569 	1.7920397
-0.92732733 	-0.05 	0.182 	48.045659 	-5.0250493 	1.7958277
-0.92612613 	-0.05 	0.182 	48.073545 	-5.0286416 	1.7996158
-0.92492492 	-0.05 	0.182 	48.10143 	-5.0322339 	1.8034038
-0.92372372 	-0.05 	0.182 	48.129315 	-5.0358262 	1.8071919
-0.92252252 	-0.05 	0.182 	48.157472 	-5.0382755 	1.8108364
-0.92132132 	-0.05 	0.182 	48.185996 	-5.0391776 	1.8142865
-0.92012012 	-0.05 	0.182 	48.214521 	-5.0400798 	1.8177366
-0.91891892 	-0.05 	0.182 	48.243045 	-5.040982 	1.8211867
-0.91771772 	-0.05 	0.182 	48.27157 	-5.0418841 	1.8246368
-0.91651652 	-0.05 	0.182 	48.300094 	-5.0427863 	1.8280869
-0.91531532 	-0.05 	0.182 	48.328618 	-5.0436885 	1.8315369
-0.91411411 	-0.05 	0.182 	48.352909 	-5.0465514 	1.8349507
-0.91291291 	-0.05 	0.182 	48.375411 	-5.0502424 	1.838349
-0.91171171 	-0.05 	0.182 	48.397913 	-5.0539334 	1.8417474
-0.91051051 	-0.05 	0.182 	48.420415 	-5.0576244 	1.8451458
-0.90930931 	-0.05 	0.182 	48.442917 	-5.0613154 	1.8485441
-0.90810811 	-0.05 	0.182 	48.46542 	-5.0650064 	1.8519425
-0.90690691 	-0.05 	0.182 	48.488001 	-5.068464 	1.8553556
-0.90570571 	-0.05 	0.182 	48.512107 	-5.0674055 	1.8590537
-0.9045045 	-0.05 	0.182 	48.536213 	-5.0663469 	1.8627519
-0.9033033 	-0.05 	0.182 	48.56032 	-5.0652883 	1.86645
-0.9021021 	-0.05 	0.182 	48.584426 	-5.0642298 	1.8701482
-0.9009009 	-0.05 	0.182 	48.608533 	-5.0631712 	1.8738463
-0.8996997 	-0.05 	0.182 	48.632639 	-5.0621127 	1.8775445
-0.8984985 	-0.05 	0.182 	48.656745 	-5.0610541 	1.8812426
-0.8972973 	-0.05 	0.182 	48.680852 	-5.0599956 	1.8849408
-0.8960961 	-0.05 	0.182 	48.704958 	-5.058937 	1.8886389
-0.89489489 	-0.05 	0.182 	48.729065 	-5.0578784 	1.8923371
-0.89369369 	-0.05 	0.182 	48.753171 	-5.0568199 	1.8960352
-0.89249249 	-0.05 	0.182 	48.777277 	-5.0557613 	1.8997334
-0.89129129 	-0.05 	0.182 	48.801384 	-5.0547028 	1.9034315
-0.89009009 	-0.05 	0.182 	48.82549 	-5.0536442 	1.9071297
-0.88888889 	-0.05 	0.182 	48.849597 	-5.0525857 	1.9108278
-0.88768769 	-0.05 	0.182 	48.873703 	-5.0515271 	1.914526
-0.88648649 	-0.05 	0.182 	48.897829 	-5.0504854 	1.918012
-0.88528529 	-0.05 	0.182 	48.921993 	-5.049476 	1.9210915
-0.88408408 	-0.05 	0.182 	48.946156 	-5.0484666 	1.924171
-0.88288288 	-0.05 	0.182 	48.97032 	-5.0474572 	1.9272505
-0.88168168 	-0.05 	0.182 	48.994483 	-5.0464479 	1.9303299
-0.88048048 	-0.05 	0.182 	49.018647 	-5.0454385 	1.9334094
-0.87927928 	-0.05 	0.182 	49.042811 	-5.0444291 	1.9364889
-0.87807808 	-0.05 	0.182 	49.066974 	-5.0434197 	1.9395684
-0.87687688 	-0.05 	0.182 	49.091138 	-5.0424103 	1.9426479
-0.87567568 	-0.05 	0.182 	49.115301 	-5.0414009 	1.9457274
-0.87447447 	-0.05 	0.182 	49.139465 	-5.0403915 	1.9488069
-0.87327327 	-0.05 	0.182 	49.163628 	-5.0393821 	1.9518864
-0.87207207 	-0.05 	0.182 	49.187792 	-5.0383728 	1.9549659
-0.87087087 	-0.05 	0.182 	49.211956 	-5.0373634 	1.9580454
-0.86966967 	-0.05 	0.182 	49.236119 	-5.036354 	1.9611249
-0.86846847 	-0.05 	0.182 	49.260283 	-5.0353446 	1.9642044
-0.86726727 	-0.05 	0.182 	49.284446 	-5.0343352 	1.9672838
-0.86606607 	-0.05 	0.182 	49.30861 	-5.0333258 	1.9703633
-0.86486486 	-0.05 	0.182 	49.332774 	-5.0323164 	1.9734428
-0.86366366 	-0.05 	0.182 	49.356937 	-5.031307 	1.9765223
-0.86246246 	-0.05 	0.182 	49.381101 	-5.0302976 	1.9796018
-0.86126126 	-0.05 	0.182 	49.405249 	-5.0275179 	1.9828347
-0.86006006 	-0.05 	0.182 	49.42938 	-5.0229267 	1.9862247
-0.85885886 	-0.05 	0.182 	49.453512 	-5.0183356 	1.9896146
-0.85765766 	-0.05 	0.182 	49.477644 	-5.0137444 	1.9930045
-0.85645646 	-0.05 	0.182 	49.501776 	-5.0091533 	1.9963945
-0.85525526 	-0.05 	0.182 	49.525907 	-5.0045621 	1.9997844
-0.85405405 	-0.05 	0.182 	49.550039 	-4.999971 	2.0031743
-0.85285285 	-0.05 	0.182 	49.570737 	-4.9993557 	2.0064862
-0.85165165 	-0.05 	0.182 	49.591124 	-4.9990998 	2.0097911
-0.85045045 	-0.05 	0.182 	49.611511 	-4.9988439 	2.013096
-0.84924925 	-0.05 	0.182 	49.631898 	-4.9985881 	2.0164008
-0.84804805 	-0.05 	0.182 	49.652285 	-4.9983322 	2.0197057
-0.84684685 	-0.05 	0.182 	49.672672 	-4.9980763 	2.0230106
-0.84564565 	-0.05 	0.182 	49.693079 	-4.996452 	2.0264202
-0.84444444 	-0.05 	0.182 	49.713515 	-4.9927972 	2.0299853
-0.84324324 	-0.05 	0.182 	49.733952 	-4.9891424 	2.0335504
-0.84204204 	-0.05 	0.182 	49.754388 	-4.9854875 	2.0371155
-0.84084084 	-0.05 	0.182 	49.774824 	-4.9818327 	2.0406806
-0.83963964 	-0.05 	0.182 	49.79526 	-4.9781778 	2.0442457
-0.83843844 	-0.05 	0.182 	49.815697 	-4.974523 	2.0478108
-0.83723724 	-0.05 	0.182 	49.836133 	-4.9708682 	2.0513759
-0.83603604 	-0.05 	0.182 	49.856569 	-4.9672133 	2.054941
-0.83483483 	-0.05 	0.182 	49.877005 	-4.9635585 	2.0585061
-0.83363363 	-0.05 	0.182 	49.897442 	-4.9599036 	2.0620711
-0.83243243 	-0.05 	0.182 	49.917878 	-4.9562488 	2.0656362
-0.83123123 	-0.05 	0.182 	49.938314 	-4.952594 	2.0692013
-0.83003003 	-0.05 	0.182 	49.95875 	-4.9489391 	2.0727664
-0.82882883 	-0.05 	0.182 	49.979187 	-4.9452843 	2.0763315
-0.82762763 	-0.05 	0.182 	49.999623 	-4.9416294 	2.0798966
-0.82642643 	-0.05 	0.182 	50.020059 	-4.9379746 	2.0834617
-0.82522523 	-0.05 	0.182 	50.040541 	-4.9343375 	2.0866935
-0.82402402 	-0.05 	0.182 	50.061057 	-4.9307141 	2.0896646
-0.82282282 	-0.05 	0.182 	50.081574 	-4.9270908 	2.0926356
-0.82162162 	-0.05 	0.182 	50.102091 	-4.9234675 	2.0956067
-0.82042042 	-0.05 	0.182 	50.122608 	-4.9198442 	2.0985777
-0.81921922 	-0.05 	0.182 	50.143125 	-4.9162209 	2.1015488
-0.81801802 	-0.05 	0.182 	50.163641 	-4.9125975 	2.1045198
-0.81681682 	-0.05 	0.182 	50.184158 	-4.9089742 	2.1074909
-0.81561562 	-0.05 	0.182 	50.204675 	-4.9053509 	2.1104619
-0.81441441 	-0.05 	0.182 	50.225192 	-4.9017276 	2.113433
-0.81321321 	-0.05 	0.182 	50.245708 	-4.8981043 	2.116404
-0.81201201 	-0.05 	0.182 	50.266225 	-4.8944809 	2.1193751
-0.81081081 	-0.05 	0.182 	50.286742 	-4.8908576 	2.1223461
-0.80960961 	-0.05 	0.182 	50.307259 	-4.8872343 	2.1253172
-0.80840841 	-0.05 	0.182 	50.327776 	-4.883611 	2.1282882
-0.80720721 	-0.05 	0.182 	50.348292 	-4.8799877 	2.1312593
-0.80600601 	-0.05 	0.182 	50.368809 	-4.8763643 	2.1342304
-0.8048048 	-0.05 	0.182 	50.389326 	-4.872741 	2.1372014
-0.8036036 	-0.05 	0.182 	50.409843 	-4.8691177 	2.1401725
-0.8024024 	-0.05 	0.182 	50.430359 	-4.8654944 	2.1431435
-0.8012012 	-0.05 	0.182 	50.450876 	-4.8618711 	2.1461146
-0.8 	-0.05 	0.182 	50.471195 	-4.8574586 	2.1491676
-0.7987988 	-0.05 	0.182 	50.491177 	-4.8517103 	2.1523595
-0.7975976 	-0.05 	0.182 	50.511159 	-4.8459621 	2.1555513
-0.7963964 	-0.05 	0.182 	50.531142 	-4.8402139 	2.1587432
-0.7951952 	-0.05 	0.182 	50.551124 	-4.8344657 	2.161935
-0.79399399 	-0.05 	0.182 	50.571107 	-4.8287174 	2.1651269
-0.79279279 	-0.05 	0.182 	50.590942 	-4.8235526 	2.1683133
-0.79159159 	-0.05 	0.182 	50.6099 	-4.8218704 	2.1714671
-0.79039039 	-0.05 	0.182 	50.628858 	-4.8201881 	2.174621
-0.78918919 	-0.05 	0.182 	50.647816 	-4.8185059 	2.1777748
-0.78798799 	-0.05 	0.182 	50.666774 	-4.8168237 	2.1809287
-0.78678679 	-0.05 	0.182 	50.685732 	-4.8151415 	2.1840826
-0.78558559 	-0.05 	0.182 	50.70469 	-4.8134593 	2.1872364
-0.78438438 	-0.05 	0.182 	50.721244 	-4.8099697 	2.1904936
-0.78318318 	-0.05 	0.182 	50.737733 	-4.8064318 	2.1937536
-0.78198198 	-0.05 	0.182 	50.754223 	-4.8028938 	2.1970135
-0.78078078 	-0.05 	0.182 	50.770712 	-4.7993559 	2.2002735
-0.77957958 	-0.05 	0.182 	50.787202 	-4.795818 	2.2035334
-0.77837838 	-0.05 	0.182 	50.803691 	-4.7922801 	2.2067934
-0.77717718 	-0.05 	0.182 	50.820181 	-4.7887422 	2.2100533
-0.77597598 	-0.05 	0.182 	50.836671 	-4.7852043 	2.2133133
-0.77477477 	-0.05 	0.182 	50.85316 	-4.7816664 	2.2165732
-0.77357357 	-0.05 	0.182 	50.86965 	-4.7781285 	2.2198332
-0.77237237 	-0.05 	0.182 	50.886139 	-4.7745906 	2.2230931
-0.77117117 	-0.05 	0.182 	50.902629 	-4.7710527 	2.2263531
-0.76996997 	-0.05 	0.182 	50.919118 	-4.7675148 	2.229613
-0.76876877 	-0.05 	0.182 	50.935608 	-4.7639768 	2.232873
-0.76756757 	-0.05 	0.182 	50.952098 	-4.7604389 	2.2361329
-0.76636637 	-0.05 	0.182 	50.968587 	-4.756901 	2.2393929
-0.76516517 	-0.05 	0.182 	50.985077 	-4.7533631 	2.2426528
-0.76396396 	-0.05 	0.182 	51.001639 	-4.7498542 	2.2454874
-0.76276276 	-0.05 	0.182 	51.018221 	-4.7463535 	2.248203
-0.76156156 	-0.05 	0.182 	51.034803 	-4.7428528 	2.2509186
-0.76036036 	-0.05 	0.182 	51.051385 	-4.739352 	2.2536342
-0.75915916 	-0.05 	0.182 	51.067967 	-4.7358513 	2.2563497
-0.75795796 	-0.05 	0.182 	51.08455 	-4.7323505 	2.2590653
-0.75675676 	-0.05 	0.182 	51.101132 	-4.7288498 	2.2617809
-0.75555556 	-0.05 	0.182 	51.117714 	-4.725349 	2.2644965
-0.75435435 	-0.05 	0.182 	51.134296 	-4.7218483 	2.2672121
-0.75315315 	-0.05 	0.182 	51.150878 	-4.7183475 	2.2699277
-0.75195195 	-0.05 	0.182 	51.167461 	-4.7148468 	2.2726433
-0.75075075 	-0.05 	0.182 	51.184043 	-4.711346 	2.2753589
-0.74954955 	-0.05 	0.182 	51.200625 	-4.7078453 	2.2780745
-0.74834835 	-0.05 	0.182 	51.217207 	-4.7043445 	2.2807901
-0.74714715 	-0.05 	0.182 	51.233789 	-4.7008438 	2.2835057
-0.74594595 	-0.05 	0.182 	51.250372 	-4.697343 	2.2862213
-0.74474474 	-0.05 	0.182 	51.266954 	-4.6938423 	2.2889369
-0.74354354 	-0.05 	0.182 	51.283536 	-4.6903415 	2.2916525
-0.74234234 	-0.05 	0.182 	51.300118 	-4.6868408 	2.2943681
-0.74114114 	-0.05 	0.182 	51.3167 	-4.6833401 	2.2970837
-0.73993994 	-0.05 	0.182 	51.333283 	-4.6798393 	2.2997993
-0.73873874 	-0.05 	0.182 	51.350195 	-4.6762574 	2.302848
-0.73753754 	-0.05 	0.182 	51.367551 	-4.672567 	2.3063426
-0.73633634 	-0.05 	0.182 	51.384906 	-4.6688765 	2.3098373
-0.73513514 	-0.05 	0.182 	51.402261 	-4.665186 	2.313332
-0.73393393 	-0.05 	0.182 	51.419617 	-4.6614955 	2.3168267
-0.73273273 	-0.05 	0.182 	51.436972 	-4.657805 	2.3203213
-0.73153153 	-0.05 	0.182 	51.453554 	-4.6537497 	2.3235735
-0.73033033 	-0.05 	0.182 	51.468724 	-4.6490276 	2.3263823
-0.72912913 	-0.05 	0.182 	51.483893 	-4.6443055 	2.3291911
-0.72792793 	-0.05 	0.182 	51.499063 	-4.6395833 	2.332
-0.72672673 	-0.05 	0.182 	51.514232 	-4.6348612 	2.3348088
-0.72552553 	-0.05 	0.182 	51.529401 	-4.6301391 	2.3376176
-0.72432432 	-0.05 	0.182 	51.544315 	-4.6254616 	2.3406733
-0.72312312 	-0.05 	0.182 	51.558717 	-4.6208736 	2.344224
-0.72192192 	-0.05 	0.182 	51.573119 	-4.6162857 	2.3477747
-0.72072072 	-0.05 	0.182 	51.58752 	-4.6116977 	2.3513254
-0.71951952 	-0.05 	0.182 	51.601922 	-4.6071097 	2.3548761
-0.71831832 	-0.05 	0.182 	51.616324 	-4.6025218 	2.3584268
-0.71711712 	-0.05 	0.182 	51.630794 	-4.5979623 	2.3615749
-0.71591592 	-0.05 	0.182 	51.645297 	-4.5934165 	2.3645302
-0.71471471 	-0.05 	0.182 	51.659801 	-4.5888707 	2.3674855
-0.71351351 	-0.05 	0.182 	51.674304 	-4.5843249 	2.3704408
-0.71231231 	-0.05 	0.182 	51.688807 	-4.5797791 	2.373396
-0.71111111 	-0.05 	0.182 	51.70331 	-4.5752333 	2.3763513
-0.70990991 	-0.05 	0.182 	51.717814 	-4.5706875 	2.3793066
-0.70870871 	-0.05 	0.182 	51.732317 	-4.5661417 	2.3822619
-0.70750751 	-0.05 	0.182 	51.743279 	-4.5608088 	2.3852324
-0.70630631 	-0.05 	0.182 	51.753874 	-4.5553944 	2.3882044
-0.70510511 	-0.05 	0.182 	51.764469 	-4.54998 	2.3911765
-0.7039039 	-0.05 	0.182 	51.775065 	-4.5445656 	2.3941486
-0.7027027 	-0.05 	0.182 	51.78566 	-4.5391512 	2.3971206
-0.7015015 	-0.05 	0.182 	51.796255 	-4.5337368 	2.4000927
-0.7003003 	-0.05 	0.182 	51.807518 	-4.528419 	2.40295
-0.6990991 	-0.05 	0.182 	51.818804 	-4.5231045 	2.4058034
-0.6978979 	-0.05 	0.182 	51.83009 	-4.5177899 	2.4086568
-0.6966967 	-0.05 	0.182 	51.841376 	-4.5124754 	2.4115102
-0.6954955 	-0.05 	0.182 	51.852662 	-4.5071608 	2.4143636
-0.69429429 	-0.05 	0.182 	51.863797 	-4.5018782 	2.4172511
-0.69309309 	-0.05 	0.182 	51.873698 	-4.4968558 	2.4204173
-0.69189189 	-0.05 	0.182 	51.883598 	-4.4918334 	2.4235834
-0.69069069 	-0.05 	0.182 	51.893499 	-4.486811 	2.4267495
-0.68948949 	-0.05 	0.182 	51.9034 	-4.4817886 	2.4299156
-0.68828829 	-0.05 	0.182 	51.9133 	-4.4767663 	2.4330817
-0.68708709 	-0.05 	0.182 	51.923226 	-4.4717541 	2.4360939
-0.68588589 	-0.05 	0.182 	51.933212 	-4.4667671 	2.4387286
-0.68468468 	-0.05 	0.182 	51.943199 	-4.4617801 	2.4413632
-0.68348348 	-0.05 	0.182 	51.953186 	-4.456793 	2.4439978
-0.68228228 	-0.05 	0.182 	51.963172 	-4.451806 	2.4466325
-0.68108108 	-0.05 	0.182 	51.973159 	-4.446819 	2.4492671
-0.67987988 	-0.05 	0.182 	51.983146 	-4.4418319 	2.4519018
-0.67867868 	-0.05 	0.182 	51.993132 	-4.4368449 	2.4545364
-0.67747748 	-0.05 	0.182 	52.002822 	-4.4317434 	2.4572724
-0.67627628 	-0.05 	0.182 	52.011926 	-4.4264168 	2.4602077
-0.67507508 	-0.05 	0.182 	52.02103 	-4.4210901 	2.4631429
-0.67387387 	-0.05 	0.182 	52.030135 	-4.4157635 	2.4660782
-0.67267267 	-0.05 	0.182 	52.039239 	-4.4104369 	2.4690135
-0.67147147 	-0.05 	0.182 	52.048344 	-4.4051103 	2.4719487
-0.67027027 	-0.05 	0.182 	52.058052 	-4.4012955 	2.4747738
-0.66906907 	-0.05 	0.182 	52.068194 	-4.3985676 	2.4775196
-0.66786787 	-0.05 	0.182 	52.078337 	-4.3958398 	2.4802655
-0.66666667 	-0.05 	0.182 	52.088479 	-4.3931119 	2.4830114
-0.66546547 	-0.05 	0.182 	52.098622 	-4.390384 	2.4857572
-0.66426426 	-0.05 	0.182 	52.108764 	-4.3876562 	2.4885031
-0.66306306 	-0.05 	0.182 	52.117596 	-4.3826088 	2.4915446
-0.66186186 	-0.05 	0.182 	52.126238 	-4.3772256 	2.494629
-0.66066066 	-0.05 	0.182 	52.13488 	-4.3718425 	2.4977133
-0.65945946 	-0.05 	0.182 	52.143523 	-4.3664594 	2.5007976
-0.65825826 	-0.05 	0.182 	52.152165 	-4.3610762 	2.5038819
-0.65705706 	-0.05 	0.182 	52.160807 	-4.3556931 	2.5069663
-0.65585586 	-0.05 	0.182 	52.169527 	-4.3503353 	2.5095838
-0.65465465 	-0.05 	0.182 	52.178256 	-4.3449802 	2.5121511
-0.65345345 	-0.05 	0.182 	52.186984 	-4.3396251 	2.5147183
-0.65225225 	-0.05 	0.182 	52.195712 	-4.33427 	2.5172856
-0.65105105 	-0.05 	0.182 	52.204441 	-4.328915 	2.5198528
-0.64984985 	-0.05 	0.182 	52.213169 	-4.3235599 	2.52242
-0.64864865 	-0.05 	0.182 	52.221897 	-4.3182048 	2.5249873
-0.64744745 	-0.05 	0.182 	52.230626 	-4.3128497 	2.5275545
-0.64624625 	-0.05 	0.182 	52.238516 	-4.3055657 	2.5303956
-0.64504505 	-0.05 	0.182 	52.246297 	-4.2980311 	2.5332722
-0.64384384 	-0.05 	0.182 	52.254078 	-4.2904966 	2.5361488
-0.64264264 	-0.05 	0.182 	52.261858 	-4.282962 	2.5390255
-0.64144144 	-0.05 	0.182 	52.269639 	-4.2754275 	2.5419021
-0.64024024 	-0.05 	0.182 	52.277709 	-4.2685212 	2.5447391
-0.63903904 	-0.05 	0.182 	52.286999 	-4.2642748 	2.5474084
-0.63783784 	-0.05 	0.182 	52.296288 	-4.2600284 	2.5500778
-0.63663664 	-0.05 	0.182 	52.305578 	-4.255782 	2.5527471
-0.63543544 	-0.05 	0.182 	52.314868 	-4.2515356 	2.5554165
-0.63423423 	-0.05 	0.182 	52.324158 	-4.2472892 	2.5580858
-0.63303303 	-0.05 	0.182 	52.332536 	-4.2423167 	2.5606676
-0.63183183 	-0.05 	0.182 	52.340061 	-4.2366645 	2.5631676
-0.63063063 	-0.05 	0.182 	52.347586 	-4.2310124 	2.5656675
-0.62942943 	-0.05 	0.182 	52.355111 	-4.2253603 	2.5681675
-0.62822823 	-0.05 	0.182 	52.362636 	-4.2197081 	2.5706674
-0.62702703 	-0.05 	0.182 	52.370161 	-4.214056 	2.5731674
-0.62582583 	-0.05 	0.182 	52.377686 	-4.2084039 	2.5756673
-0.62462462 	-0.05 	0.182 	52.385211 	-4.2027517 	2.5781673
-0.62342342 	-0.05 	0.182 	52.392692 	-4.197089 	2.5809097
-0.62222222 	-0.05 	0.182 	52.400126 	-4.1914148 	2.5839128
-0.62102102 	-0.05 	0.182 	52.40756 	-4.1857405 	2.5869159
-0.61981982 	-0.05 	0.182 	52.414994 	-4.1800663 	2.5899189
-0.61861862 	-0.05 	0.182 	52.422429 	-4.1743921 	2.592922
-0.61741742 	-0.05 	0.182 	52.429863 	-4.1687179 	2.5959251
-0.61621622 	-0.05 	0.182 	52.436805 	-4.1625923 	2.5988405
-0.61501502 	-0.05 	0.182 	52.443127 	-4.1558986 	2.6016456
-0.61381381 	-0.05 	0.182 	52.44945 	-4.149205 	2.6044506
-0.61261261 	-0.05 	0.182 	52.455772 	-4.1425113 	2.6072557
-0.61141141 	-0.05 	0.182 	52.462095 	-4.1358176 	2.6100608
-0.61021021 	-0.05 	0.182 	52.468417 	-4.1291239 	2.6128659
-0.60900901 	-0.05 	0.182 	52.476316 	-4.1250982 	2.6154942
-0.60780781 	-0.05 	0.182 	52.4846 	-4.1217254 	2.6180792
-0.60660661 	-0.05 	0.182 	52.492884 	-4.1183527 	2.6206642
-0.60540541 	-0.05 	0.182 	52.501169 	-4.11498 	2.6232492
-0.6042042 	-0.05 	0.182 	52.509453 	-4.1116072 	2.6258343
-0.603003 	-0.05 	0.182 	52.517271 	-4.1078019 	2.6284878
-0.6018018 	-0.05 	0.182 	52.523271 	-4.1023088 	2.6314083
-0.6006006 	-0.05 	0.182 	52.529271 	-4.0968157 	2.6343289
-0.5993994 	-0.05 	0.182 	52.535271 	-4.0913226 	2.6372495
-0.5981982 	-0.05 	0.182 	52.541271 	-4.0858295 	2.6401701
-0.596997 	-0.05 	0.182 	52.547271 	-4.0803364 	2.6430906
-0.5957958 	-0.05 	0.182 	52.553283 	-4.0748456 	2.6459496
-0.59459459 	-0.05 	0.182 	52.559377 	-4.0693701 	2.6483813
-0.59339339 	-0.05 	0.182 	52.56547 	-4.0638947 	2.6508131
-0.59219219 	-0.05 	0.182 	52.571564 	-4.0584192 	2.6532448
-0.59099099 	-0.05 	0.182 	52.577657 	-4.0529438 	2.6556765
-0.58978979 	-0.05 	0.182 	52.583751 	-4.0474683 	2.6581083
-0.58858859 	-0.05 	0.182 	52.589844 	-4.0419929 	2.66054
-0.58738739 	-0.05 	0.182 	52.595938 	-4.0365175 	2.6629718
-0.58618619 	-0.05 	0.182 	52.602031 	-4.031042 	2.6654035
-0.58498498 	-0.05 	0.182 	52.606587 	-4.0242046 	2.6681262
-0.58378378 	-0.05 	0.182 	52.611068 	-4.0172999 	2.6708633
-0.58258258 	-0.05 	0.182 	52.615548 	-4.0103951 	2.6736003
-0.58138138 	-0.05 	0.182 	52.620029 	-4.0034904 	2.6763374
-0.58018018 	-0.05 	0.182 	52.624509 	-3.9965856 	2.6790745
-0.57897898 	-0.05 	0.182 	52.629926 	-3.9907459 	2.6817154
-0.57777778 	-0.05 	0.182 	52.636646 	-3.9863871 	2.6842225
-0.57657658 	-0.05 	0.182 	52.643366 	-3.9820283 	2.6867297
-0.57537538 	-0.05 	0.182 	52.650086 	-3.9776695 	2.6892368
-0.57417417 	-0.05 	0.182 	52.656806 	-3.9733107 	2.6917439
-0.57297297 	-0.05 	0.182 	52.663526 	-3.9689518 	2.6942511
-0.57177177 	-0.05 	0.182 	52.668261 	-3.963464 	2.6970672
-0.57057057 	-0.05 	0.182 	52.672887 	-3.9579135 	2.6999004
-0.56936937 	-0.05 	0.182 	52.677513 	-3.952363 	2.7027336
-0.56816817 	-0.05 	0.182 	52.682139 	-3.9468126 	2.7055668
-0.56696697 	-0.05 	0.182 	52.686764 	-3.9412621 	2.7084
-0.56576577 	-0.05 	0.182 	52.69139 	-3.9357117 	2.7112332
-0.56456456 	-0.05 	0.182 	52.696089 	-3.9301677 	2.7137148
-0.56336336 	-0.05 	0.182 	52.700813 	-3.9246261 	2.7160739
-0.56216216 	-0.05 	0.182 	52.705537 	-3.9190844 	2.7184329
-0.56096096 	-0.05 	0.182 	52.710261 	-3.9135428 	2.720792
-0.55975976 	-0.05 	0.182 	52.714985 	-3.9080011 	2.7231511
-0.55855856 	-0.05 	0.182 	52.719709 	-3.9024595 	2.7255102
-0.55735736 	-0.05 	0.182 	52.724433 	-3.8969178 	2.7278693
-0.55615616 	-0.05 	0.182 	52.729157 	-3.8913761 	2.7302284
-0.55495495 	-0.05 	0.182 	52.733299 	-3.8854012 	2.7327095
-0.55375375 	-0.05 	0.182 	52.736595 	-3.878797 	2.7353678
-0.55255255 	-0.05 	0.182 	52.739891 	-3.8721927 	2.7380262
-0.55135135 	-0.05 	0.182 	52.743186 	-3.8655885 	2.7406846
-0.55015015 	-0.05 	0.182 	52.746482 	-3.8589842 	2.7433429
-0.54894895 	-0.05 	0.182 	52.749855 	-3.8524654 	2.7459928
-0.54774775 	-0.05 	0.182 	52.755302 	-3.8482583 	2.7484122
-0.54654655 	-0.05 	0.182 	52.76075 	-3.8440513 	2.7508317
-0.54534535 	-0.05 	0.182 	52.766197 	-3.8398443 	2.7532512
-0.54414414 	-0.05 	0.182 	52.771645 	-3.8356372 	2.7556707
-0.54294294 	-0.05 	0.182 	52.777092 	-3.8314302 	2.7580902
-0.54174174 	-0.05 	0.182 	52.781216 	-3.8264629 	2.7607281
-0.54054054 	-0.05 	0.182 	52.784765 	-3.8211655 	2.763461
-0.53933934 	-0.05 	0.182 	52.788314 	-3.8158682 	2.7661938
-0.53813814 	-0.05 	0.182 	52.791863 	-3.8105708 	2.7689267
-0.53693694 	-0.05 	0.182 	52.795412 	-3.8052735 	2.7716595
-0.53573574 	-0.05 	0.182 	52.798961 	-3.7999761 	2.7743923
-0.53453453 	-0.05 	0.182 	52.802548 	-3.7946824 	2.7769616
-0.53333333 	-0.05 	0.182 	52.806202 	-3.7893953 	2.7792365
-0.53213213 	-0.05 	0.182 	52.809856 	-3.7841081 	2.7815114
-0.53093093 	-0.05 	0.182 	52.81351 	-3.7788209 	2.7837863
-0.52972973 	-0.05 	0.182 	52.817164 	-3.7735338 	2.7860612
-0.52852853 	-0.05 	0.182 	52.820818 	-3.7682466 	2.7883361
-0.52732733 	-0.05 	0.182 	52.824472 	-3.7629595 	2.790611
-0.52612613 	-0.05 	0.182 	52.828126 	-3.7576723 	2.7928859
-0.52492492 	-0.05 	0.182 	52.83178 	-3.7523852 	2.7951608
-0.52372372 	-0.05 	0.182 	52.834119 	-3.7467304 	2.7977209
-0.52252252 	-0.05 	0.182 	52.836443 	-3.7410716 	2.800284
-0.52132132 	-0.05 	0.182 	52.838768 	-3.7354128 	2.8028472
-0.52012012 	-0.05 	0.182 	52.841093 	-3.7297541 	2.8054103
-0.51891892 	-0.05 	0.182 	52.843418 	-3.7240953 	2.8079735
-0.51771772 	-0.05 	0.182 	52.846966 	-3.7193115 	2.8103868
-0.51651652 	-0.05 	0.182 	52.851181 	-3.7150052 	2.8127184
-0.51531532 	-0.05 	0.182 	52.855397 	-3.7106989 	2.81505
-0.51411411 	-0.05 	0.182 	52.859612 	-3.7063926 	2.8173815
-0.51291291 	-0.05 	0.182 	52.863827 	-3.7020862 	2.8197131
-0.51171171 	-0.05 	0.182 	52.86748 	-3.6975595 	2.8221375
-0.51051051 	-0.05 	0.182 	52.869892 	-3.6925472 	2.8247663
-0.50930931 	-0.05 	0.182 	52.872304 	-3.687535 	2.8273951
-0.50810811 	-0.05 	0.182 	52.874717 	-3.6825227 	2.8300239
-0.50690691 	-0.05 	0.182 	52.877129 	-3.6775105 	2.8326527
-0.50570571 	-0.05 	0.182 	52.879542 	-3.6724982 	2.8352815
-0.5045045 	-0.05 	0.182 	52.881954 	-3.667486 	2.8379102
-0.5033033 	-0.05 	0.182 	52.884472 	-3.6624845 	2.8401113
-0.5021021 	-0.05 	0.182 	52.886993 	-3.6574833 	2.842299
-0.5009009 	-0.05 	0.182 	52.889514 	-3.6524821 	2.8444867
-0.4996997 	-0.05 	0.182 	52.892035 	-3.6474809 	2.8466744
-0.4984985 	-0.05 	0.182 	52.894557 	-3.6424797 	2.8488621
-0.4972973 	-0.05 	0.182 	52.897078 	-3.6374785 	2.8510498
-0.4960961 	-0.05 	0.182 	52.899599 	-3.6324773 	2.8532375
-0.49489489 	-0.05 	0.182 	52.90212 	-3.6274761 	2.8554252
-0.49369369 	-0.05 	0.182 	52.903843 	-3.6222553 	2.8577782
-0.49249249 	-0.05 	0.182 	52.904963 	-3.6168692 	2.8602555
-0.49129129 	-0.05 	0.182 	52.906084 	-3.611483 	2.8627328
-0.49009009 	-0.05 	0.182 	52.907205 	-3.6060969 	2.8652102
-0.48888889 	-0.05 	0.182 	52.908326 	-3.6007107 	2.8676875
-0.48768769 	-0.05 	0.182 	52.909835 	-3.5955104 	2.8700994
-0.48648649 	-0.05 	0.182 	52.912443 	-3.5908355 	2.8723264
-0.48528529 	-0.05 	0.182 	52.91505 	-3.5861605 	2.8745535
-0.48408408 	-0.05 	0.182 	52.917657 	-3.5814856 	2.8767805
-0.48288288 	-0.05 	0.182 	52.920264 	-3.5768106 	2.8790075
-0.48168168 	-0.05 	0.182 	52.922871 	-3.5721357 	2.8812345
-0.48048048 	-0.05 	0.182 	52.924138 	-3.5672862 	2.8837484
-0.47927928 	-0.05 	0.182 	52.925379 	-3.5624334 	2.8862679
-0.47807808 	-0.05 	0.182 	52.92662 	-3.5575807 	2.8887873
-0.47687688 	-0.05 	0.182 	52.927861 	-3.5527279 	2.8913067
-0.47567568 	-0.05 	0.182 	52.929102 	-3.5478751 	2.8938262
-0.47447447 	-0.05 	0.182 	52.930344 	-3.5430223 	2.8963456
-0.47327327 	-0.05 	0.182 	52.93165 	-3.5381765 	2.8986175
-0.47207207 	-0.05 	0.182 	52.933002 	-3.5333357 	2.9007135
-0.47087087 	-0.05 	0.182 	52.934355 	-3.5284948 	2.9028094
-0.46966967 	-0.05 	0.182 	52.935707 	-3.523654 	2.9049053
-0.46846847 	-0.05 	0.182 	52.93706 	-3.5188132 	2.9070012
-0.46726727 	-0.05 	0.182 	52.938412 	-3.5139723 	2.9090972
-0.46606607 	-0.05 	0.182 	52.939765 	-3.5091315 	2.9111931
-0.46486486 	-0.05 	0.182 	52.941117 	-3.5042906 	2.913289
-0.46366366 	-0.05 	0.182 	52.942357 	-3.4994479 	2.9154133
-0.46246246 	-0.05 	0.182 	52.942617 	-3.4945884 	2.9177841
-0.46126126 	-0.05 	0.182 	52.942876 	-3.489729 	2.920155
-0.46006006 	-0.05 	0.182 	52.943136 	-3.4848695 	2.9225258
-0.45885886 	-0.05 	0.182 	52.943395 	-3.48001 	2.9248966
-0.45765766 	-0.05 	0.182 	52.943655 	-3.4751506 	2.9272675
-0.45645646 	-0.05 	0.182 	52.944666 	-3.4706971 	2.9294299
-0.45525526 	-0.05 	0.182 	52.945782 	-3.4663003 	2.9315633
-0.45405405 	-0.05 	0.182 	52.946898 	-3.4619036 	2.9336966
-0.45285285 	-0.05 	0.182 	52.948014 	-3.4575068 	2.9358299
-0.45165165 	-0.05 	0.182 	52.94913 	-3.4531101 	2.9379632
-0.45045045 	-0.05 	0.182 	52.949614 	-3.4485153 	2.9402873
-0.44924925 	-0.05 	0.182 	52.949829 	-3.4438359 	2.9426929
-0.44804805 	-0.05 	0.182 	52.950044 	-3.4391564 	2.9450986
-0.44684685 	-0.05 	0.182 	52.950258 	-3.434477 	2.9475042
-0.44564565 	-0.05 	0.182 	52.950473 	-3.4297976 	2.9499098
-0.44444444 	-0.05 	0.182 	52.950688 	-3.4251182 	2.9523154
-0.44324324 	-0.05 	0.182 	52.950925 	-3.4204411 	2.9546395
-0.44204204 	-0.05 	0.182 	52.951254 	-3.415773 	2.95664
-0.44084084 	-0.05 	0.182 	52.951582 	-3.411105 	2.9586406
-0.43963964 	-0.05 	0.182 	52.95191 	-3.406437 	2.9606412
-0.43843844 	-0.05 	0.182 	52.952239 	-3.401769 	2.9626418
-0.43723724 	-0.05 	0.182 	52.952567 	-3.3971009 	2.9646424
-0.43603604 	-0.05 	0.182 	52.952895 	-3.3924329 	2.9666429
-0.43483483 	-0.05 	0.182 	52.953223 	-3.3877649 	2.9686435
-0.43363363 	-0.05 	0.182 	52.953552 	-3.3830969 	2.9706441
-0.43243243 	-0.05 	0.182 	52.953422 	-3.3783919 	2.9727973
-0.43123123 	-0.05 	0.182 	52.952974 	-3.3736612 	2.9750563
-0.43003003 	-0.05 	0.182 	52.952526 	-3.3689306 	2.9773153
-0.42882883 	-0.05 	0.182 	52.952079 	-3.3642 	2.9795743
-0.42762763 	-0.05 	0.182 	52.951631 	-3.3594693 	2.9818333
-0.42642643 	-0.05 	0.182 	52.951262 	-3.3548836 	2.9839833
-0.42522523 	-0.05 	0.182 	52.950973 	-3.3504449 	2.9860225
-0.42402402 	-0.05 	0.182 	52.950684 	-3.3460063 	2.9880618
-0.42282282 	-0.05 	0.182 	52.950395 	-3.3415677 	2.990101
-0.42162162 	-0.05 	0.182 	52.950106 	-3.337129 	2.9921403
-0.42042042 	-0.05 	0.182 	52.949619 	-3.3326206 	2.9942845
-0.41921922 	-0.05 	0.182 	52.948867 	-3.3280181 	2.9965699
-0.41801802 	-0.05 	0.182 	52.948114 	-3.3234156 	2.9988553
-0.41681682 	-0.05 	0.182 	52.947361 	-3.3188132 	3.0011407
-0.41561562 	-0.05 	0.182 	52.946608 	-3.3142107 	3.0034261
-0.41441441 	-0.05 	0.182 	52.945856 	-3.3096082 	3.0057116
-0.41321321 	-0.05 	0.182 	52.945103 	-3.3050058 	3.007997
-0.41201201 	-0.05 	0.182 	52.944447 	-3.3004106 	3.0099662
-0.41081081 	-0.05 	0.182 	52.943813 	-3.295817 	3.0118657
-0.40960961 	-0.05 	0.182 	52.943179 	-3.2912234 	3.0137651
-0.40840841 	-0.05 	0.182 	52.942544 	-3.2866299 	3.0156646
-0.40720721 	-0.05 	0.182 	52.94191 	-3.2820363 	3.017564
-0.40600601 	-0.05 	0.182 	52.941276 	-3.2774427 	3.0194635
-0.4048048 	-0.05 	0.182 	52.940641 	-3.2728492 	3.0213629
-0.4036036 	-0.05 	0.182 	52.940007 	-3.2682556 	3.0232624
-0.4024024 	-0.05 	0.182 	52.939275 	-3.2636722 	3.0252032
-0.4012012 	-0.05 	0.182 	52.938122 	-3.2591324 	3.0273223
-0.4 	-0.05 	0.182 	52.936969 	-3.2545926 	3.0294413
-0.3987988 	-0.05 	0.182 	52.935816 	-3.2500529 	3.0315604
-0.3975976 	-0.05 	0.182 	52.934663 	-3.2455131 	3.0336794
-0.3963964 	-0.05 	0.182 	52.933449 	-3.2409989 	3.0357814
-0.3951952 	-0.05 	0.182 	52.931745 	-3.2366912 	3.0377462
-0.39399399 	-0.05 	0.182 	52.93004 	-3.2323835 	3.0397109
-0.39279279 	-0.05 	0.182 	52.928335 	-3.2280757 	3.0416757
-0.39159159 	-0.05 	0.182 	52.92663 	-3.223768 	3.0436404
-0.39039039 	-0.05 	0.182 	52.924927 	-3.2194491 	3.0456121
-0.38918919 	-0.05 	0.182 	52.923274 	-3.2148298 	3.0477711
-0.38798799 	-0.05 	0.182 	52.921621 	-3.2102106 	3.04993
-0.38678679 	-0.05 	0.182 	52.919967 	-3.2055914 	3.0520889
-0.38558559 	-0.05 	0.182 	52.918314 	-3.2009721 	3.0542479
-0.38438438 	-0.05 	0.182 	52.916661 	-3.1963529 	3.0564068
-0.38318318 	-0.05 	0.182 	52.915008 	-3.1917336 	3.0585658
-0.38198198 	-0.05 	0.182 	52.913407 	-3.1871192 	3.0605662
-0.38078078 	-0.05 	0.182 	52.911876 	-3.1825111 	3.0623594
-0.37957958 	-0.05 	0.182 	52.910345 	-3.1779029 	3.0641526
-0.37837838 	-0.05 	0.182 	52.908813 	-3.1732948 	3.0659458
-0.37717718 	-0.05 	0.182 	52.907282 	-3.1686866 	3.0677391
-0.37597598 	-0.05 	0.182 	52.905751 	-3.1640785 	3.0695323
-0.37477477 	-0.05 	0.182 	52.904219 	-3.1594703 	3.0713255
-0.37357357 	-0.05 	0.182 	52.902688 	-3.1548622 	3.0731187
-0.37237237 	-0.05 	0.182 	52.901157 	-3.150254 	3.0749119
-0.37117117 	-0.05 	0.182 	52.899557 	-3.1453758 	3.0768501
-0.36996997 	-0.05 	0.182 	52.897938 	-3.1404205 	3.0788296
-0.36876877 	-0.05 	0.182 	52.896319 	-3.1354653 	3.0808091
-0.36756757 	-0.05 	0.182 	52.8947 	-3.1305101 	3.0827886
-0.36636637 	-0.05 	0.182 	52.893081 	-3.1255549 	3.0847681
-0.36516517 	-0.05 	0.182 	52.890524 	-3.1210549 	3.0866609
-0.36396396 	-0.05 	0.182 	52.887611 	-3.1167275 	3.0885209
-0.36276276 	-0.05 	0.182 	52.884698 	-3.1124 	3.0903809
-0.36156156 	-0.05 	0.182 	52.881785 	-3.1080725 	3.0922409
-0.36036036 	-0.05 	0.182 	52.878872 	-3.1037451 	3.0941009
-0.35915916 	-0.05 	0.182 	52.87625 	-3.0993227 	3.0960809
-0.35795796 	-0.05 	0.182 	52.873754 	-3.0948591 	3.0981132
-0.35675676 	-0.05 	0.182 	52.871258 	-3.0903956 	3.1001455
-0.35555556 	-0.05 	0.182 	52.868762 	-3.085932 	3.1021777
-0.35435435 	-0.05 	0.182 	52.866265 	-3.0814684 	3.10421
-0.35315315 	-0.05 	0.182 	52.863769 	-3.0770048 	3.1062423
-0.35195195 	-0.05 	0.182 	52.861279 	-3.0725412 	3.1082574
-0.35075075 	-0.05 	0.182 	52.858911 	-3.0680755 	3.1099444
-0.34954955 	-0.05 	0.182 	52.856542 	-3.0636099 	3.1116314
-0.34834835 	-0.05 	0.182 	52.854173 	-3.0591443 	3.1133184
-0.34714715 	-0.05 	0.182 	52.851804 	-3.0546786 	3.1150054
-0.34594595 	-0.05 	0.182 	52.849436 	-3.050213 	3.1166924
-0.34474474 	-0.05 	0.182 	52.847067 	-3.0457474 	3.1183794
-0.34354354 	-0.05 	0.182 	52.844698 	-3.0412817 	3.1200664
-0.34234234 	-0.05 	0.182 	52.842329 	-3.0368161 	3.1217534
-0.34114114 	-0.05 	0.182 	52.840022 	-3.0324162 	3.1235039
-0.33993994 	-0.05 	0.182 	52.837847 	-3.0281574 	3.1253904
-0.33873874 	-0.05 	0.182 	52.835672 	-3.0238985 	3.127277
-0.33753754 	-0.05 	0.182 	52.833496 	-3.0196397 	3.1291635
-0.33633634 	-0.05 	0.182 	52.831321 	-3.0153808 	3.1310501
-0.33513514 	-0.05 	0.182 	52.828482 	-3.0112822 	3.1328873
-0.33393393 	-0.05 	0.182 	52.824372 	-3.0074901 	3.1346303
-0.33273273 	-0.05 	0.182 	52.820263 	-3.0036981 	3.1363732
-0.33153153 	-0.05 	0.182 	52.816154 	-2.999906 	3.1381161
-0.33033033 	-0.05 	0.182 	52.812045 	-2.9961139 	3.1398591
-0.32912913 	-0.05 	0.182 	52.80823 	-2.9920788 	3.1416638
-0.32792793 	-0.05 	0.182 	52.804834 	-2.9876978 	3.1435566
-0.32672673 	-0.05 	0.182 	52.801439 	-2.9833168 	3.1454494
-0.32552553 	-0.05 	0.182 	52.798043 	-2.9789358 	3.1473422
-0.32432432 	-0.05 	0.182 	52.794648 	-2.9745548 	3.149235
-0.32312312 	-0.05 	0.182 	52.791252 	-2.9701738 	3.1511278
-0.32192192 	-0.05 	0.182 	52.787856 	-2.9657929 	3.1530206
-0.32072072 	-0.05 	0.182 	52.784554 	-2.9614097 	3.1546979
-0.31951952 	-0.05 	0.182 	52.781297 	-2.9570256 	3.1562678
-0.31831832 	-0.05 	0.182 	52.77804 	-2.9526414 	3.1578377
-0.31711712 	-0.05 	0.182 	52.774784 	-2.9482572 	3.1594076
-0.31591592 	-0.05 	0.182 	52.771527 	-2.9438731 	3.1609775
-0.31471471 	-0.05 	0.182 	52.768271 	-2.9394889 	3.1625474
-0.31351351 	-0.05 	0.182 	52.765014 	-2.9351047 	3.1641174
-0.31231231 	-0.05 	0.182 	52.761757 	-2.9307206 	3.1656873
-0.31111111 	-0.05 	0.182 	52.758501 	-2.9263364 	3.1672572
-0.30990991 	-0.05 	0.182 	52.755629 	-2.9214995 	3.1689409
-0.30870871 	-0.05 	0.182 	52.752847 	-2.9165569 	3.1706512
-0.30750751 	-0.05 	0.182 	52.750065 	-2.9116144 	3.1723614
-0.30630631 	-0.05 	0.182 	52.747283 	-2.9066718 	3.1740717
-0.30510511 	-0.05 	0.182 	52.744501 	-2.9017292 	3.175782
-0.3039039 	-0.05 	0.182 	52.739285 	-2.897444 	3.177405
-0.3027027 	-0.05 	0.182 	52.733972 	-2.8931847 	3.1790246
-0.3015015 	-0.05 	0.182 	52.72866 	-2.8889254 	3.1806442
-0.3003003 	-0.05 	0.182 	52.723348 	-2.8846661 	3.1822638
-0.2990991 	-0.05 	0.182 	52.718152 	-2.8804354 	3.1839
-0.2978979 	-0.05 	0.182 	52.713689 	-2.8763849 	3.185641
-0.2966967 	-0.05 	0.182 	52.709226 	-2.8723344 	3.1873821
-0.2954955 	-0.05 	0.182 	52.704764 	-2.8682838 	3.1891231
-0.29429429 	-0.05 	0.182 	52.700301 	-2.8642333 	3.1908642
-0.29309309 	-0.05 	0.182 	52.695838 	-2.8601828 	3.1926052
-0.29189189 	-0.05 	0.182 	52.691375 	-2.8561322 	3.1943462
-0.29069069 	-0.05 	0.182 	52.686955 	-2.8520806 	3.1960021
-0.28948949 	-0.05 	0.182 	52.682642 	-2.8480262 	3.1974443
-0.28828829 	-0.05 	0.182 	52.678329 	-2.8439718 	3.1988866
-0.28708709 	-0.05 	0.182 	52.674016 	-2.8399174 	3.2003288
-0.28588589 	-0.05 	0.182 	52.669703 	-2.835863 	3.2017711
-0.28468468 	-0.05 	0.182 	52.665389 	-2.8318086 	3.2032133
-0.28348348 	-0.05 	0.182 	52.661076 	-2.8277542 	3.2046556
-0.28228228 	-0.05 	0.182 	52.656763 	-2.8236999 	3.2060978
-0.28108108 	-0.05 	0.182 	52.65245 	-2.8196455 	3.20754
-0.27987988 	-0.05 	0.182 	52.648357 	-2.8157137 	3.2090377
-0.27867868 	-0.05 	0.182 	52.644588 	-2.8119636 	3.2106174
-0.27747748 	-0.05 	0.182 	52.64082 	-2.8082134 	3.2121971
-0.27627628 	-0.05 	0.182 	52.637052 	-2.8044633 	3.2137767
-0.27507508 	-0.05 	0.182 	52.633283 	-2.8007132 	3.2153564
-0.27387387 	-0.05 	0.182 	52.627714 	-2.7978097 	3.2168883
-0.27267267 	-0.05 	0.182 	52.62082 	-2.795529 	3.218385
-0.27147147 	-0.05 	0.182 	52.613926 	-2.7932483 	3.2198817
-0.27027027 	-0.05 	0.182 	52.607031 	-2.7909676 	3.2213783
-0.26906907 	-0.05 	0.182 	52.600137 	-2.788687 	3.222875
-0.26786787 	-0.05 	0.182 	52.594163 	-2.7850426 	3.2244348
-0.26666667 	-0.05 	0.182 	52.588486 	-2.7809569 	3.2260151
-0.26546547 	-0.05 	0.182 	52.582809 	-2.7768713 	3.2275953
-0.26426426 	-0.05 	0.182 	52.577133 	-2.7727856 	3.2291756
-0.26306306 	-0.05 	0.182 	52.571456 	-2.7686999 	3.2307558
-0.26186186 	-0.05 	0.182 	52.565779 	-2.7646143 	3.2323361
-0.26066066 	-0.05 	0.182 	52.560103 	-2.7605286 	3.2339163
-0.25945946 	-0.05 	0.182 	52.554573 	-2.7564405 	3.2352502
-0.25825826 	-0.05 	0.182 	52.54906 	-2.7523522 	3.2365568
-0.25705706 	-0.05 	0.182 	52.543547 	-2.7482639 	3.2378634
-0.25585586 	-0.05 	0.182 	52.538034 	-2.7441756 	3.23917
-0.25465465 	-0.05 	0.182 	52.532521 	-2.7400872 	3.2404766
-0.25345345 	-0.05 	0.182 	52.527008 	-2.7359989 	3.2417832
-0.25225225 	-0.05 	0.182 	52.521495 	-2.7319106 	3.2430897
-0.25105105 	-0.05 	0.182 	52.515982 	-2.7278223 	3.2443963
-0.24984985 	-0.05 	0.182 	52.510469 	-2.7237339 	3.2457029
-0.24864865 	-0.05 	0.182 	52.505635 	-2.7185802 	3.2471266
-0.24744745 	-0.05 	0.182 	52.500807 	-2.713416 	3.2485514
-0.24624625 	-0.05 	0.182 	52.495979 	-2.7082519 	3.2499763
-0.24504505 	-0.05 	0.182 	52.491151 	-2.7030878 	3.2514011
-0.24384384 	-0.05 	0.182 	52.485673 	-2.6980817 	3.2528033
-0.24264264 	-0.05 	0.182 	52.477483 	-2.6937342 	3.2541111
-0.24144144 	-0.05 	0.182 	52.469293 	-2.6893867 	3.2554189
-0.24024024 	-0.05 	0.182 	52.461104 	-2.6850392 	3.2567267
-0.23903904 	-0.05 	0.182 	52.452914 	-2.6806917 	3.2580345
-0.23783784 	-0.05 	0.182 	52.445317 	-2.6762181 	3.2593824
-0.23663664 	-0.05 	0.182 	52.438534 	-2.6715711 	3.2607854
-0.23543544 	-0.05 	0.182 	52.431751 	-2.6669241 	3.2621884
-0.23423423 	-0.05 	0.182 	52.424968 	-2.662277 	3.2635914
-0.23303303 	-0.05 	0.182 	52.418185 	-2.65763 	3.2649945
-0.23183183 	-0.05 	0.182 	52.411403 	-2.652983 	3.2663975
-0.23063063 	-0.05 	0.182 	52.40462 	-2.648336 	3.2678005
-0.22942943 	-0.05 	0.182 	52.397926 	-2.6436984 	3.2690766
-0.22822823 	-0.05 	0.182 	52.391316 	-2.6390696 	3.2702343
-0.22702703 	-0.05 	0.182 	52.384707 	-2.6344407 	3.2713919
-0.22582583 	-0.05 	0.182 	52.378097 	-2.6298118 	3.2725496
-0.22462462 	-0.05 	0.182 	52.371487 	-2.625183 	3.2737072
-0.22342342 	-0.05 	0.182 	52.364877 	-2.6205541 	3.2748649
-0.22222222 	-0.05 	0.182 	52.358267 	-2.6159252 	3.2760225
-0.22102102 	-0.05 	0.182 	52.351657 	-2.6112964 	3.2771802
-0.21981982 	-0.05 	0.182 	52.345048 	-2.6066675 	3.2783378
-0.21861862 	-0.05 	0.182 	52.338923 	-2.6022045 	3.2795502
-0.21741742 	-0.05 	0.182 	52.333241 	-2.5978925 	3.2808124
-0.21621622 	-0.05 	0.182 	52.327559 	-2.5935805 	3.2820747
-0.21501502 	-0.05 	0.182 	52.321876 	-2.5892684 	3.2833369
-0.21381381 	-0.05 	0.182 	52.316194 	-2.5849564 	3.2845991
-0.21261261 	-0.05 	0.182 	52.307734 	-2.5807431 	3.2857711
-0.21141141 	-0.05 	0.182 	52.298622 	-2.5765529 	3.2869219
-0.21021021 	-0.05 	0.182 	52.28951 	-2.5723628 	3.2880726
-0.20900901 	-0.05 	0.182 	52.280399 	-2.5681726 	3.2892234
-0.20780781 	-0.05 	0.182 	52.27144 	-2.5639236 	3.2903845
-0.20660661 	-0.05 	0.182 	52.263436 	-2.5593073 	3.2916102
-0.20540541 	-0.05 	0.182 	52.255433 	-2.5546909 	3.2928358
-0.2042042 	-0.05 	0.182 	52.247429 	-2.5500746 	3.2940615
-0.203003 	-0.05 	0.182 	52.239425 	-2.5454582 	3.2952871
-0.2018018 	-0.05 	0.182 	52.231422 	-2.5408419 	3.2965128
-0.2006006 	-0.05 	0.182 	52.223418 	-2.5362255 	3.2977384
-0.1993994 	-0.05 	0.182 	52.215439 	-2.5316104 	3.2989351
-0.1981982 	-0.05 	0.182 	52.207614 	-2.5270033 	3.2999429
-0.196997 	-0.05 	0.182 	52.19979 	-2.5223962 	3.3009507
-0.1957958 	-0.05 	0.182 	52.191966 	-2.5177891 	3.3019584
-0.19459459 	-0.05 	0.182 	52.184141 	-2.5131819 	3.3029662
-0.19339339 	-0.05 	0.182 	52.176317 	-2.5085748 	3.303974
-0.19219219 	-0.05 	0.182 	52.168493 	-2.5039677 	3.3049818
-0.19099099 	-0.05 	0.182 	52.160668 	-2.4993606 	3.3059895
-0.18978979 	-0.05 	0.182 	52.152844 	-2.4947535 	3.3069973
-0.18858859 	-0.05 	0.182 	52.145034 	-2.4901523 	3.3080068
-0.18738739 	-0.05 	0.182 	52.13798 	-2.4858566 	3.3091054
-0.18618619 	-0.05 	0.182 	52.130925 	-2.4815609 	3.310204
-0.18498498 	-0.05 	0.182 	52.123871 	-2.4772651 	3.3113027
-0.18378378 	-0.05 	0.182 	52.116816 	-2.4729694 	3.3124013
-0.18258258 	-0.05 	0.182 	52.108259 	-2.4689714 	3.3134534
-0.18138138 	-0.05 	0.182 	52.097679 	-2.4653739 	3.3144428
-0.18018018 	-0.05 	0.182 	52.087099 	-2.4617763 	3.3154322
-0.17897898 	-0.05 	0.182 	52.076519 	-2.4581788 	3.3164217
-0.17777778 	-0.05 	0.182 	52.065939 	-2.4545813 	3.3174111
-0.17657658 	-0.05 	0.182 	52.056396 	-2.450428 	3.3184402
-0.17537538 	-0.05 	0.182 	52.047027 	-2.4461815 	3.3194759
-0.17417417 	-0.05 	0.182 	52.037658 	-2.4419349 	3.3205117
-0.17297297 	-0.05 	0.182 	52.028289 	-2.4376883 	3.3215475
-0.17177177 	-0.05 	0.182 	52.01892 	-2.4334418 	3.3225832
-0.17057057 	-0.05 	0.182 	52.009551 	-2.4291952 	3.323619
-0.16936937 	-0.05 	0.182 	52.000182 	-2.4249486 	3.3246548
-0.16816817 	-0.05 	0.182 	51.99096 	-2.4206803 	3.3255482
-0.16696697 	-0.05 	0.182 	51.981787 	-2.4164048 	3.3263942
-0.16576577 	-0.05 	0.182 	51.972615 	-2.4121293 	3.3272401
-0.16456456 	-0.05 	0.182 	51.963442 	-2.4078538 	3.3280861
-0.16336336 	-0.05 	0.182 	51.954269 	-2.4035782 	3.328932
-0.16216216 	-0.05 	0.182 	51.945097 	-2.3993027 	3.3297779
-0.16096096 	-0.05 	0.182 	51.935924 	-2.3950272 	3.3306239
-0.15975976 	-0.05 	0.182 	51.926752 	-2.3907517 	3.3314698
-0.15855856 	-0.05 	0.182 	51.917579 	-2.3864761 	3.3323158
-0.15735736 	-0.05 	0.182 	51.908971 	-2.3820934 	3.3332013
-0.15615616 	-0.05 	0.182 	51.900719 	-2.3776429 	3.3341118
-0.15495495 	-0.05 	0.182 	51.892467 	-2.3731925 	3.3350223
-0.15375375 	-0.05 	0.182 	51.884216 	-2.3687421 	3.3359328
-0.15255255 	-0.05 	0.182 	51.875816 	-2.3643737 	3.3368392
-0.15135135 	-0.05 	0.182 	51.864008 	-2.3618998 	3.3376522
-0.15015015 	-0.05 	0.182 	51.852199 	-2.3594259 	3.3384652
-0.14894895 	-0.05 	0.182 	51.84039 	-2.356952 	3.3392783
-0.14774775 	-0.05 	0.182 	51.828582 	-2.3544781 	3.3400913
-0.14654655 	-0.05 	0.182 	51.817235 	-2.3515528 	3.3409092
-0.14534535 	-0.05 	0.182 	51.806393 	-2.3481347 	3.3417326
-0.14414414 	-0.05 	0.182 	51.795551 	-2.3447166 	3.342556
-0.14294294 	-0.05 	0.182 	51.784708 	-2.3412985 	3.3433794
-0.14174174 	-0.05 	0.182 	51.773866 	-2.3378804 	3.3442028
-0.14054054 	-0.05 	0.182 	51.763024 	-2.3344623 	3.3450262
-0.13933934 	-0.05 	0.182 	51.752182 	-2.3310442 	3.3458495
-0.13813814 	-0.05 	0.182 	51.741422 	-2.3276068 	3.3466161
-0.13693694 	-0.05 	0.182 	51.730804 	-2.3241354 	3.3472836
-0.13573574 	-0.05 	0.182 	51.720187 	-2.320664 	3.3479511
-0.13453453 	-0.05 	0.182 	51.70957 	-2.3171926 	3.3486186
-0.13333333 	-0.05 	0.182 	51.698953 	-2.3137213 	3.3492861
-0.13213213 	-0.05 	0.182 	51.688336 	-2.3102499 	3.3499536
-0.13093093 	-0.05 	0.182 	51.677719 	-2.3067785 	3.3506211
-0.12972973 	-0.05 	0.182 	51.667102 	-2.3033071 	3.3512886
-0.12852853 	-0.05 	0.182 	51.656484 	-2.2998358 	3.3519561
-0.12732733 	-0.05 	0.182 	51.646013 	-2.2962675 	3.3526303
-0.12612613 	-0.05 	0.182 	51.636179 	-2.2922742 	3.3533344
-0.12492492 	-0.05 	0.182 	51.626345 	-2.2882809 	3.3540384
-0.12372372 	-0.05 	0.182 	51.616512 	-2.2842876 	3.3547425
-0.12252252 	-0.05 	0.182 	51.606678 	-2.2802942 	3.3554465
-0.12132132 	-0.05 	0.182 	51.594523 	-2.2780954 	3.356082
-0.12012012 	-0.05 	0.182 	51.581148 	-2.2768399 	3.3566813
-0.11891892 	-0.05 	0.182 	51.567773 	-2.2755843 	3.3572807
-0.11771772 	-0.05 	0.182 	51.554398 	-2.2743287 	3.35788
-0.11651652 	-0.05 	0.182 	51.541131 	-2.2729067 	3.3584762
-0.11531532 	-0.05 	0.182 	51.528454 	-2.2705778 	3.3590551
-0.11411411 	-0.05 	0.182 	51.515777 	-2.2682488 	3.359634
-0.11291291 	-0.05 	0.182 	51.503099 	-2.2659198 	3.360213
-0.11171171 	-0.05 	0.182 	51.490422 	-2.2635908 	3.3607919
-0.11051051 	-0.05 	0.182 	51.477745 	-2.2612618 	3.3613708
-0.10930931 	-0.05 	0.182 	51.465067 	-2.2589328 	3.3619497
-0.10810811 	-0.05 	0.182 	51.45239 	-2.2566038 	3.3625287
-0.10690691 	-0.05 	0.182 	51.439963 	-2.2542068 	3.3629934
-0.10570571 	-0.05 	0.182 	51.427542 	-2.2518083 	3.3634555
-0.1045045 	-0.05 	0.182 	51.415121 	-2.2494097 	3.3639176
-0.1033033 	-0.05 	0.182 	51.4027 	-2.2470111 	3.3643797
-0.1021021 	-0.05 	0.182 	51.390279 	-2.2446125 	3.3648418
-0.1009009 	-0.05 	0.182 	51.377858 	-2.242214 	3.3653039
-0.0996997 	-0.05 	0.182 	51.365437 	-2.2398154 	3.365766
-0.098498498 	-0.05 	0.182 	51.353016 	-2.2374168 	3.3662281
-0.097297297 	-0.05 	0.182 	51.340595 	-2.2350182 	3.3666901
-0.096096096 	-0.05 	0.182 	51.328624 	-2.2320195 	3.3671592
-0.094894895 	-0.05 	0.182 	51.316856 	-2.22875 	3.3676315
-0.093693694 	-0.05 	0.182 	51.305088 	-2.2254805 	3.3681037
-0.092492492 	-0.05 	0.182 	51.293321 	-2.222211 	3.368576
-0.091291291 	-0.05 	0.182 	51.28061 	-2.2197087 	3.3690169
-0.09009009 	-0.05 	0.182 	51.265311 	-2.2193133 	3.3693717
-0.088888889 	-0.05 	0.182 	51.250012 	-2.2189179 	3.3697266
-0.087687688 	-0.05 	0.182 	51.234714 	-2.2185225 	3.3700814
-0.086486486 	-0.05 	0.182 	51.219415 	-2.2181271 	3.3704363
-0.085285285 	-0.05 	0.182 	51.204396 	-2.2179052 	3.3707463
-0.084084084 	-0.05 	0.182 	51.18941 	-2.2177034 	3.3710512
-0.082882883 	-0.05 	0.182 	51.174424 	-2.2175017 	3.3713561
-0.081681682 	-0.05 	0.182 	51.159438 	-2.2172999 	3.3716609
-0.08048048 	-0.05 	0.182 	51.144452 	-2.2170981 	3.3719658
-0.079279279 	-0.05 	0.182 	51.129467 	-2.2168964 	3.3722707
-0.078078078 	-0.05 	0.182 	51.114481 	-2.2166946 	3.3725755
-0.076876877 	-0.05 	0.182 	51.099668 	-2.2164149 	3.3728355
-0.075675676 	-0.05 	0.182 	51.084977 	-2.2160806 	3.3730641
-0.074474474 	-0.05 	0.182 	51.070287 	-2.2157463 	3.3732927
-0.073273273 	-0.05 	0.182 	51.055596 	-2.215412 	3.3735213
-0.072072072 	-0.05 	0.182 	51.040905 	-2.2150777 	3.3737499
-0.070870871 	-0.05 	0.182 	51.026214 	-2.2147435 	3.3739785
-0.06966967 	-0.05 	0.182 	51.011523 	-2.2144092 	3.3742071
-0.068468468 	-0.05 	0.182 	50.996832 	-2.2140749 	3.3744356
-0.067267267 	-0.05 	0.182 	50.982141 	-2.2137406 	3.3746642
-0.066066066 	-0.05 	0.182 	50.967589 	-2.2134169 	3.3748926
-0.064864865 	-0.05 	0.182 	50.953946 	-2.2131627 	3.3751194
-0.063663664 	-0.05 	0.182 	50.940303 	-2.2129084 	3.3753463
-0.062462462 	-0.05 	0.182 	50.926661 	-2.2126542 	3.3755731
-0.061261261 	-0.05 	0.182 	50.913018 	-2.2124 	3.3757999
-0.06006006 	-0.05 	0.182 	50.896938 	-2.213768 	3.3759203
-0.058858859 	-0.05 	0.182 	50.880522 	-2.2153598 	3.3760261
-0.057657658 	-0.05 	0.182 	50.864106 	-2.2169516 	3.3761318
-0.056456456 	-0.05 	0.182 	50.84769 	-2.2185435 	3.3762375
-0.055255255 	-0.05 	0.182 	50.831451 	-2.2204576 	3.3762895
-0.054054054 	-0.05 	0.182 	50.815358 	-2.2226348 	3.3762975
-0.052852853 	-0.05 	0.182 	50.799265 	-2.224812 	3.3763056
-0.051651652 	-0.05 	0.182 	50.783172 	-2.2269892 	3.3763137
-0.05045045 	-0.05 	0.182 	50.767079 	-2.2291664 	3.3763217
-0.049249249 	-0.05 	0.182 	50.750985 	-2.2313436 	3.3763298
-0.048048048 	-0.05 	0.182 	50.734892 	-2.2335207 	3.3763379
-0.046846847 	-0.05 	0.182 	50.718849 	-2.235664 	3.3763408
-0.045645646 	-0.05 	0.182 	50.703066 	-2.2376328 	3.3763173
-0.044444444 	-0.05 	0.182 	50.687282 	-2.2396016 	3.3762939
-0.043243243 	-0.05 	0.182 	50.671499 	-2.2415704 	3.3762704
-0.042042042 	-0.05 	0.182 	50.655715 	-2.2435393 	3.3762469
-0.040840841 	-0.05 	0.182 	50.639932 	-2.2455081 	3.3762234
-0.03963964 	-0.05 	0.182 	50.624148 	-2.2474769 	3.3762
-0.038438438 	-0.05 	0.182 	50.608365 	-2.2494457 	3.3761765
-0.037237237 	-0.05 	0.182 	50.592581 	-2.2514145 	3.376153
-0.036036036 	-0.05 	0.182 	50.57686 	-2.2535627 	3.3761268
-0.034834835 	-0.05 	0.182 	50.561905 	-2.2579159 	3.3760671
-0.033633634 	-0.05 	0.182 	50.546949 	-2.2622691 	3.3760075
-0.032432432 	-0.05 	0.182 	50.531994 	-2.2666223 	3.3759478
-0.031231231 	-0.05 	0.182 	50.517039 	-2.2709755 	3.3758882
-0.03003003 	-0.05 	0.182 	50.500754 	-2.2775481 	3.3757382
-0.028828829 	-0.05 	0.182 	50.482569 	-2.287294 	3.3754591
-0.027627628 	-0.05 	0.182 	50.464383 	-2.2970399 	3.37518
-0.026426426 	-0.05 	0.182 	50.446197 	-2.3067858 	3.3749009
-0.025225225 	-0.05 	0.182 	50.428012 	-2.3165317 	3.3746219
-0.024024024 	-0.05 	0.182 	50.409826 	-2.3262776 	3.3743428
-0.022822823 	-0.05 	0.182 	50.39164 	-2.3360235 	3.3740637
-0.021621622 	-0.05 	0.182 	50.373455 	-2.3457694 	3.3737846
-0.02042042 	-0.05 	0.182 	50.354695 	-2.3536213 	3.3735176
-0.019219219 	-0.05 	0.182 	50.335904 	-2.3613709 	3.3732513
-0.018018018 	-0.05 	0.182 	50.317114 	-2.3691205 	3.3729849
-0.016816817 	-0.05 	0.182 	50.298296 	-2.3768965 	3.3727174
-0.015615616 	-0.05 	0.182 	50.279205 	-2.3849416 	3.3724373
-0.014414414 	-0.05 	0.182 	50.25994 	-2.3973669 	3.3720659
-0.013213213 	-0.05 	0.182 	50.240762 	-2.4121083 	3.371677
-0.012012012 	-0.05 	0.182 	50.222128 	-2.4255332 	3.3713382
-0.010810811 	-0.05 	0.182 	50.20488 	-2.4354822 	3.3710881
-0.0096096096 	-0.05 	0.182 	50.187632 	-2.4454312 	3.370838
-0.0084084084 	-0.05 	0.182 	50.170384 	-2.4553801 	3.3705879
-0.0072072072 	-0.05 	0.182 	50.153136 	-2.4653291 	3.3703378
-0.006006006 	-0.05 	0.182 	50.135888 	-2.4752781 	3.3700877
-0.0048048048 	-0.05 	0.182 	50.11864 	-2.4852271 	3.3698376
-0.0036036036 	-0.05 	0.182 	50.101392 	-2.495176 	3.3695875
-0.0024024024 	-0.05 	0.182 	50.084144 	-2.505125 	3.3693374
-0.0012012012 	-0.05 	0.182 	50.066897 	-2.5150736 	3.3690877
-7.9671284e-15 	-0.05 	0.182 	50.049699 	-2.5250079 	3.3688536
