0 	0.25 	0.273 	52.916275 	-6.5422182 	-2.9987181
-0.0012012012 	0.25 	0.273 	52.923309 	-6.5550695 	-2.9999017
-0.0024024024 	0.25 	0.273 	52.930343 	-6.5679208 	-3.0010854
-0.0036036036 	0.25 	0.273 	52.937377 	-6.5807721 	-3.0022691
-0.0048048048 	0.25 	0.273 	52.944411 	-6.5936234 	-3.0034528
-0.006006006 	0.25 	0.273 	52.951445 	-6.6064748 	-3.0046365
-0.0072072072 	0.25 	0.273 	52.958479 	-6.6193261 	-3.0058201
-0.0084084084 	0.25 	0.273 	52.965513 	-6.6321774 	-3.0070038
-0.0096096096 	0.25 	0.273 	52.972547 	-6.6450287 	-3.0081875
-0.010810811 	0.25 	0.273 	52.979787 	-6.6577344 	-3.0093407
-0.012012012 	0.25 	0.273 	52.988159 	-6.6696393 	-3.0103266
-0.013213213 	0.25 	0.273 	52.996532 	-6.6815442 	-3.0113124
-0.014414414 	0.25 	0.273 	53.004905 	-6.6934491 	-3.0122982
-0.015615616 	0.25 	0.273 	53.013278 	-6.705354 	-3.013284
-0.016816817 	0.25 	0.273 	53.02165 	-6.7172589 	-3.0142698
-0.018018018 	0.25 	0.273 	53.030023 	-6.7291639 	-3.0152556
-0.019219219 	0.25 	0.273 	53.038396 	-6.7410688 	-3.0162415
-0.02042042 	0.25 	0.273 	53.046768 	-6.7529737 	-3.0172273
-0.021621622 	0.25 	0.273 	53.056523 	-6.7663573 	-3.0184416
-0.022822823 	0.25 	0.273 	53.066866 	-6.7803711 	-3.0197533
-0.024024024 	0.25 	0.273 	53.077209 	-6.7943849 	-3.021065
-0.025225225 	0.25 	0.273 	53.087553 	-6.8083988 	-3.0223767
-0.026426426 	0.25 	0.273 	53.097896 	-6.8224126 	-3.0236884
-0.027627628 	0.25 	0.273 	53.108239 	-6.8364265 	-3.0250001
-0.028828829 	0.25 	0.273 	53.118582 	-6.8504403 	-3.0263118
-0.03003003 	0.25 	0.273 	53.128926 	-6.8644542 	-3.0276234
-0.031231231 	0.25 	0.273 	53.139269 	-6.878468 	-3.0289351
-0.032432432 	0.25 	0.273 	53.149612 	-6.8924818 	-3.0302468
-0.033633634 	0.25 	0.273 	53.159955 	-6.9064957 	-3.0315585
-0.034834835 	0.25 	0.273 	53.170299 	-6.9205095 	-3.0328702
-0.036036036 	0.25 	0.273 	53.180642 	-6.9345234 	-3.0341819
-0.037237237 	0.25 	0.273 	53.190985 	-6.9485372 	-3.0354936
-0.038438438 	0.25 	0.273 	53.201328 	-6.962551 	-3.0368053
-0.03963964 	0.25 	0.273 	53.211672 	-6.9765649 	-3.038117
-0.040840841 	0.25 	0.273 	53.222015 	-6.9905787 	-3.0394287
-0.042042042 	0.25 	0.273 	53.232358 	-7.0045926 	-3.0407404
-0.043243243 	0.25 	0.273 	53.242702 	-7.0186064 	-3.0420521
-0.044444444 	0.25 	0.273 	53.253045 	-7.0326202 	-3.0433638
-0.045645646 	0.25 	0.273 	53.263388 	-7.0466341 	-3.0446755
-0.046846847 	0.25 	0.273 	53.273731 	-7.0606479 	-3.0459872
-0.048048048 	0.25 	0.273 	53.284075 	-7.0746618 	-3.0472989
-0.049249249 	0.25 	0.273 	53.295175 	-7.0879783 	-3.0486624
-0.05045045 	0.25 	0.273 	53.306731 	-7.1008761 	-3.0500572
-0.051651652 	0.25 	0.273 	53.318287 	-7.1137739 	-3.0514519
-0.052852853 	0.25 	0.273 	53.329843 	-7.1266717 	-3.0528466
-0.054054054 	0.25 	0.273 	53.341398 	-7.1395695 	-3.0542413
-0.055255255 	0.25 	0.273 	53.352954 	-7.1524673 	-3.0556361
-0.056456456 	0.25 	0.273 	53.36451 	-7.1653651 	-3.0570308
-0.057657658 	0.25 	0.273 	53.376065 	-7.1782629 	-3.0584255
-0.058858859 	0.25 	0.273 	53.387621 	-7.1911607 	-3.0598202
-0.06006006 	0.25 	0.273 	53.399177 	-7.2040585 	-3.061215
-0.061261261 	0.25 	0.273 	53.410979 	-7.2203097 	-3.0623828
-0.062462462 	0.25 	0.273 	53.422791 	-7.2366862 	-3.0635422
-0.063663664 	0.25 	0.273 	53.434603 	-7.2530626 	-3.0647016
-0.064864865 	0.25 	0.273 	53.446415 	-7.2694391 	-3.065861
-0.066066066 	0.25 	0.273 	53.458226 	-7.2858155 	-3.0670204
-0.067267267 	0.25 	0.273 	53.470038 	-7.302192 	-3.0681798
-0.068468468 	0.25 	0.273 	53.48185 	-7.3185684 	-3.0693392
-0.06966967 	0.25 	0.273 	53.493662 	-7.3349449 	-3.0704986
-0.070870871 	0.25 	0.273 	53.505473 	-7.3513213 	-3.071658
-0.072072072 	0.25 	0.273 	53.517946 	-7.3668413 	-3.0728103
-0.073273273 	0.25 	0.273 	53.531818 	-7.380546 	-3.0739474
-0.074474474 	0.25 	0.273 	53.54569 	-7.3942507 	-3.0750846
-0.075675676 	0.25 	0.273 	53.559562 	-7.4079554 	-3.0762217
-0.076876877 	0.25 	0.273 	53.573434 	-7.42166 	-3.0773588
-0.078078078 	0.25 	0.273 	53.587306 	-7.4353647 	-3.078496
-0.079279279 	0.25 	0.273 	53.601178 	-7.4490694 	-3.0796331
-0.08048048 	0.25 	0.273 	53.615051 	-7.4627741 	-3.0807703
-0.081681682 	0.25 	0.273 	53.628923 	-7.4764787 	-3.0819074
-0.082882883 	0.25 	0.273 	53.642795 	-7.4901834 	-3.0830445
-0.084084084 	0.25 	0.273 	53.656667 	-7.5038881 	-3.0841817
-0.085285285 	0.25 	0.273 	53.670539 	-7.5175928 	-3.0853188
-0.086486486 	0.25 	0.273 	53.684411 	-7.5312974 	-3.086456
-0.087687688 	0.25 	0.273 	53.698283 	-7.5450021 	-3.0875931
-0.088888889 	0.25 	0.273 	53.712155 	-7.5587068 	-3.0887303
-0.09009009 	0.25 	0.273 	53.726028 	-7.5724115 	-3.0898674
-0.091291291 	0.25 	0.273 	53.7399 	-7.5861161 	-3.0910045
-0.092492492 	0.25 	0.273 	53.753772 	-7.5998208 	-3.0921417
-0.093693694 	0.25 	0.273 	53.767644 	-7.6135255 	-3.0932788
-0.094894895 	0.25 	0.273 	53.781516 	-7.6272302 	-3.094416
-0.096096096 	0.25 	0.273 	53.795388 	-7.6409348 	-3.0955531
-0.097297297 	0.25 	0.273 	53.80926 	-7.6546395 	-3.0966902
-0.098498498 	0.25 	0.273 	53.823132 	-7.6683442 	-3.0978274
-0.0996997 	0.25 	0.273 	53.837005 	-7.6820489 	-3.0989645
-0.1009009 	0.25 	0.273 	53.850353 	-7.6943654 	-3.1000276
-0.1021021 	0.25 	0.273 	53.863671 	-7.7066017 	-3.1010863
-0.1033033 	0.25 	0.273 	53.876989 	-7.718838 	-3.1021451
-0.1045045 	0.25 	0.273 	53.890307 	-7.7310742 	-3.1032039
-0.10570571 	0.25 	0.273 	53.903625 	-7.7433105 	-3.1042627
-0.10690691 	0.25 	0.273 	53.916943 	-7.7555468 	-3.1053214
-0.10810811 	0.25 	0.273 	53.930261 	-7.7677831 	-3.1063802
-0.10930931 	0.25 	0.273 	53.943579 	-7.7800194 	-3.107439
-0.11051051 	0.25 	0.273 	53.958618 	-7.7898855 	-3.1085733
-0.11171171 	0.25 	0.273 	53.973957 	-7.799338 	-3.1097208
-0.11291291 	0.25 	0.273 	53.989296 	-7.8087905 	-3.1108683
-0.11411411 	0.25 	0.273 	54.004635 	-7.8182431 	-3.1120158
-0.11531532 	0.25 	0.273 	54.019974 	-7.8276956 	-3.1131633
-0.11651652 	0.25 	0.273 	54.035313 	-7.8371482 	-3.1143108
-0.11771772 	0.25 	0.273 	54.050652 	-7.8466007 	-3.1154583
-0.11891892 	0.25 	0.273 	54.065991 	-7.8560532 	-3.1166058
-0.12012012 	0.25 	0.273 	54.08133 	-7.8655058 	-3.1177533
-0.12132132 	0.25 	0.273 	54.096524 	-7.8755091 	-3.1188859
-0.12252252 	0.25 	0.273 	54.111166 	-7.8876111 	-3.119962
-0.12372372 	0.25 	0.273 	54.125809 	-7.8997131 	-3.1210381
-0.12492492 	0.25 	0.273 	54.140451 	-7.9118151 	-3.1221141
-0.12612613 	0.25 	0.273 	54.155093 	-7.9239171 	-3.1231902
-0.12732733 	0.25 	0.273 	54.169735 	-7.9360191 	-3.1242663
-0.12852853 	0.25 	0.273 	54.184378 	-7.948121 	-3.1253423
-0.12972973 	0.25 	0.273 	54.19902 	-7.960223 	-3.1264184
-0.13093093 	0.25 	0.273 	54.213662 	-7.972325 	-3.1274944
-0.13213213 	0.25 	0.273 	54.228304 	-7.984427 	-3.1285705
-0.13333333 	0.25 	0.273 	54.244278 	-7.9966994 	-3.1295228
-0.13453453 	0.25 	0.273 	54.261253 	-8.0090998 	-3.1303819
-0.13573574 	0.25 	0.273 	54.278229 	-8.0215002 	-3.1312411
-0.13693694 	0.25 	0.273 	54.295204 	-8.0339006 	-3.1321003
-0.13813814 	0.25 	0.273 	54.312179 	-8.046301 	-3.1329595
-0.13933934 	0.25 	0.273 	54.329154 	-8.0587014 	-3.1338187
-0.14054054 	0.25 	0.273 	54.346129 	-8.0711018 	-3.1346778
-0.14174174 	0.25 	0.273 	54.363104 	-8.0835022 	-3.135537
-0.14294294 	0.25 	0.273 	54.380543 	-8.0960408 	-3.1364428
-0.14414414 	0.25 	0.273 	54.398248 	-8.1086584 	-3.1373753
-0.14534535 	0.25 	0.273 	54.415953 	-8.1212761 	-3.1383078
-0.14654655 	0.25 	0.273 	54.433658 	-8.1338937 	-3.1392403
-0.14774775 	0.25 	0.273 	54.451363 	-8.1465114 	-3.1401728
-0.14894895 	0.25 	0.273 	54.469068 	-8.159129 	-3.1411052
-0.15015015 	0.25 	0.273 	54.486773 	-8.1717467 	-3.1420377
-0.15135135 	0.25 	0.273 	54.504478 	-8.1843643 	-3.1429702
-0.15255255 	0.25 	0.273 	54.522183 	-8.196982 	-3.1439027
-0.15375375 	0.25 	0.273 	54.539887 	-8.2095996 	-3.1448352
-0.15495495 	0.25 	0.273 	54.557592 	-8.2222173 	-3.1457677
-0.15615616 	0.25 	0.273 	54.575297 	-8.2348349 	-3.1467002
-0.15735736 	0.25 	0.273 	54.593002 	-8.2474526 	-3.1476327
-0.15855856 	0.25 	0.273 	54.610707 	-8.2600702 	-3.1485652
-0.15975976 	0.25 	0.273 	54.628412 	-8.2726879 	-3.1494976
-0.16096096 	0.25 	0.273 	54.646117 	-8.2853055 	-3.1504301
-0.16216216 	0.25 	0.273 	54.663822 	-8.2979232 	-3.1513626
-0.16336336 	0.25 	0.273 	54.681527 	-8.3105408 	-3.1522951
-0.16456456 	0.25 	0.273 	54.699231 	-8.3231585 	-3.1532276
-0.16576577 	0.25 	0.273 	54.716936 	-8.3357761 	-3.1541601
-0.16696697 	0.25 	0.273 	54.734641 	-8.3483938 	-3.1550926
-0.16816817 	0.25 	0.273 	54.752346 	-8.3610114 	-3.1560251
-0.16936937 	0.25 	0.273 	54.770051 	-8.3736291 	-3.1569576
-0.17057057 	0.25 	0.273 	54.788012 	-8.3862599 	-3.157887
-0.17177177 	0.25 	0.273 	54.807846 	-8.3989873 	-3.1587946
-0.17297297 	0.25 	0.273 	54.827681 	-8.4117148 	-3.1597021
-0.17417417 	0.25 	0.273 	54.847515 	-8.4244422 	-3.1606097
-0.17537538 	0.25 	0.273 	54.86735 	-8.4371697 	-3.1615172
-0.17657658 	0.25 	0.273 	54.887184 	-8.4498971 	-3.1624247
-0.17777778 	0.25 	0.273 	54.907019 	-8.4626246 	-3.1633323
-0.17897898 	0.25 	0.273 	54.926853 	-8.475352 	-3.1642398
-0.18018018 	0.25 	0.273 	54.946688 	-8.4880795 	-3.1651473
-0.18138138 	0.25 	0.273 	54.966522 	-8.5008069 	-3.1660549
-0.18258258 	0.25 	0.273 	54.985995 	-8.5141819 	-3.1668707
-0.18378378 	0.25 	0.273 	55.005078 	-8.5282555 	-3.1675877
-0.18498498 	0.25 	0.273 	55.024161 	-8.5423291 	-3.1683046
-0.18618619 	0.25 	0.273 	55.043244 	-8.5564026 	-3.1690216
-0.18738739 	0.25 	0.273 	55.062326 	-8.5704762 	-3.1697386
-0.18858859 	0.25 	0.273 	55.081409 	-8.5845497 	-3.1704555
-0.18978979 	0.25 	0.273 	55.100492 	-8.5986233 	-3.1711725
-0.19099099 	0.25 	0.273 	55.119575 	-8.6126969 	-3.1718894
-0.19219219 	0.25 	0.273 	55.138658 	-8.6267704 	-3.1726064
-0.19339339 	0.25 	0.273 	55.157741 	-8.640844 	-3.1733234
-0.19459459 	0.25 	0.273 	55.178106 	-8.6530378 	-3.1739695
-0.1957958 	0.25 	0.273 	55.198716 	-8.6648719 	-3.174602
-0.196997 	0.25 	0.273 	55.219327 	-8.6767059 	-3.1752346
-0.1981982 	0.25 	0.273 	55.239937 	-8.68854 	-3.1758671
-0.1993994 	0.25 	0.273 	55.260548 	-8.700374 	-3.1764997
-0.2006006 	0.25 	0.273 	55.281158 	-8.712208 	-3.1771322
-0.2018018 	0.25 	0.273 	55.301769 	-8.7240421 	-3.1777648
-0.203003 	0.25 	0.273 	55.322379 	-8.7358761 	-3.1783973
-0.2042042 	0.25 	0.273 	55.34299 	-8.7477102 	-3.1790299
-0.20540541 	0.25 	0.273 	55.3636 	-8.7595442 	-3.1796624
-0.20660661 	0.25 	0.273 	55.384211 	-8.7713782 	-3.1802949
-0.20780781 	0.25 	0.273 	55.404821 	-8.7832123 	-3.1809275
-0.20900901 	0.25 	0.273 	55.425432 	-8.7950463 	-3.18156
-0.21021021 	0.25 	0.273 	55.446042 	-8.8068804 	-3.1821926
-0.21141141 	0.25 	0.273 	55.466653 	-8.8187144 	-3.1828251
-0.21261261 	0.25 	0.273 	55.487263 	-8.8305485 	-3.1834577
-0.21381381 	0.25 	0.273 	55.507874 	-8.8423825 	-3.1840902
-0.21501502 	0.25 	0.273 	55.528484 	-8.8542165 	-3.1847228
-0.21621622 	0.25 	0.273 	55.549095 	-8.8660506 	-3.1853553
-0.21741742 	0.25 	0.273 	55.569705 	-8.8778846 	-3.1859879
-0.21861862 	0.25 	0.273 	55.590316 	-8.8897187 	-3.1866204
-0.21981982 	0.25 	0.273 	55.610926 	-8.9015527 	-3.187253
-0.22102102 	0.25 	0.273 	55.631537 	-8.9133867 	-3.1878855
-0.22222222 	0.25 	0.273 	55.652147 	-8.9252208 	-3.1885181
-0.22342342 	0.25 	0.273 	55.672137 	-8.936233 	-3.189066
-0.22462462 	0.25 	0.273 	55.692114 	-8.9472282 	-3.1896122
-0.22582583 	0.25 	0.273 	55.712091 	-8.9582233 	-3.1901584
-0.22702703 	0.25 	0.273 	55.732068 	-8.9692184 	-3.1907046
-0.22822823 	0.25 	0.273 	55.752045 	-8.9802136 	-3.1912508
-0.22942943 	0.25 	0.273 	55.772022 	-8.9912087 	-3.191797
-0.23063063 	0.25 	0.273 	55.791999 	-9.0022039 	-3.1923432
-0.23183183 	0.25 	0.273 	55.812494 	-9.0123019 	-3.1928843
-0.23303303 	0.25 	0.273 	55.833851 	-9.020908 	-3.1934167
-0.23423423 	0.25 	0.273 	55.855207 	-9.0295141 	-3.1939491
-0.23543544 	0.25 	0.273 	55.876564 	-9.0381202 	-3.1944815
-0.23663664 	0.25 	0.273 	55.897921 	-9.0467263 	-3.1950139
-0.23783784 	0.25 	0.273 	55.919277 	-9.0553324 	-3.1955463
-0.23903904 	0.25 	0.273 	55.940634 	-9.0639385 	-3.1960788
-0.24024024 	0.25 	0.273 	55.961991 	-9.0725446 	-3.1966112
-0.24144144 	0.25 	0.273 	55.983347 	-9.0811507 	-3.1971436
-0.24264264 	0.25 	0.273 	56.004704 	-9.0897568 	-3.197676
-0.24384384 	0.25 	0.273 	56.025257 	-9.0989437 	-3.198087
-0.24504505 	0.25 	0.273 	56.045517 	-9.1083419 	-3.1984537
-0.24624625 	0.25 	0.273 	56.065778 	-9.1177402 	-3.1988204
-0.24744745 	0.25 	0.273 	56.086038 	-9.1271384 	-3.1991871
-0.24864865 	0.25 	0.273 	56.106298 	-9.1365366 	-3.1995538
-0.24984985 	0.25 	0.273 	56.126559 	-9.1459349 	-3.1999206
-0.25105105 	0.25 	0.273 	56.146819 	-9.1553331 	-3.2002873
-0.25225225 	0.25 	0.273 	56.16708 	-9.1647314 	-3.200654
-0.25345345 	0.25 	0.273 	56.18734 	-9.1741296 	-3.2010207
-0.25465465 	0.25 	0.273 	56.20777 	-9.1837151 	-3.201369
-0.25585586 	0.25 	0.273 	56.229846 	-9.1951199 	-3.2015384
-0.25705706 	0.25 	0.273 	56.251922 	-9.2065248 	-3.2017078
-0.25825826 	0.25 	0.273 	56.273998 	-9.2179297 	-3.2018772
-0.25945946 	0.25 	0.273 	56.296074 	-9.2293346 	-3.2020465
-0.26066066 	0.25 	0.273 	56.31815 	-9.2407395 	-3.2022159
-0.26186186 	0.25 	0.273 	56.340226 	-9.2521443 	-3.2023853
-0.26306306 	0.25 	0.273 	56.362302 	-9.2635492 	-3.2025547
-0.26426426 	0.25 	0.273 	56.384837 	-9.2747815 	-3.2027859
-0.26546547 	0.25 	0.273 	56.407617 	-9.2859216 	-3.2030502
-0.26666667 	0.25 	0.273 	56.430397 	-9.2970617 	-3.2033146
-0.26786787 	0.25 	0.273 	56.453177 	-9.3082018 	-3.2035789
-0.26906907 	0.25 	0.273 	56.475957 	-9.3193419 	-3.2038432
-0.27027027 	0.25 	0.273 	56.498737 	-9.3304821 	-3.2041075
-0.27147147 	0.25 	0.273 	56.521517 	-9.3416222 	-3.2043718
-0.27267267 	0.25 	0.273 	56.544296 	-9.3527623 	-3.2046361
-0.27387387 	0.25 	0.273 	56.567076 	-9.3639024 	-3.2049004
-0.27507508 	0.25 	0.273 	56.589856 	-9.3750425 	-3.2051647
-0.27627628 	0.25 	0.273 	56.612636 	-9.3861827 	-3.2054291
-0.27747748 	0.25 	0.273 	56.635416 	-9.3973228 	-3.2056934
-0.27867868 	0.25 	0.273 	56.658196 	-9.4084629 	-3.2059577
-0.27987988 	0.25 	0.273 	56.680976 	-9.419603 	-3.206222
-0.28108108 	0.25 	0.273 	56.703756 	-9.4307431 	-3.2064863
-0.28228228 	0.25 	0.273 	56.726536 	-9.4418833 	-3.2067506
-0.28348348 	0.25 	0.273 	56.749316 	-9.4530234 	-3.2070149
-0.28468468 	0.25 	0.273 	56.772096 	-9.4641635 	-3.2072792
-0.28588589 	0.25 	0.273 	56.794876 	-9.4753036 	-3.2075436
-0.28708709 	0.25 	0.273 	56.817656 	-9.4864437 	-3.2078079
-0.28828829 	0.25 	0.273 	56.840436 	-9.4975838 	-3.2080722
-0.28948949 	0.25 	0.273 	56.863216 	-9.508724 	-3.2083365
-0.29069069 	0.25 	0.273 	56.885996 	-9.5198641 	-3.2086008
-0.29189189 	0.25 	0.273 	56.908776 	-9.5310042 	-3.2088651
-0.29309309 	0.25 	0.273 	56.932532 	-9.5432937 	-3.209042
-0.29429429 	0.25 	0.273 	56.956846 	-9.5562401 	-3.2091689
-0.2954955 	0.25 	0.273 	56.98116 	-9.5691866 	-3.2092959
-0.2966967 	0.25 	0.273 	57.005474 	-9.582133 	-3.2094228
-0.2978979 	0.25 	0.273 	57.029788 	-9.5950795 	-3.2095497
-0.2990991 	0.25 	0.273 	57.054102 	-9.6080259 	-3.2096766
-0.3003003 	0.25 	0.273 	57.078416 	-9.6209723 	-3.2098036
-0.3015015 	0.25 	0.273 	57.10273 	-9.6339188 	-3.2099305
-0.3027027 	0.25 	0.273 	57.127045 	-9.6468652 	-3.2100574
-0.3039039 	0.25 	0.273 	57.151359 	-9.6598117 	-3.2101843
-0.30510511 	0.25 	0.273 	57.174911 	-9.67196 	-3.2100546
-0.30630631 	0.25 	0.273 	57.19846 	-9.6841054 	-3.2099239
-0.30750751 	0.25 	0.273 	57.222009 	-9.6962507 	-3.2097931
-0.30870871 	0.25 	0.273 	57.245559 	-9.708396 	-3.2096624
-0.30990991 	0.25 	0.273 	57.269108 	-9.7205413 	-3.2095316
-0.31111111 	0.25 	0.273 	57.292657 	-9.7326866 	-3.2094009
-0.31231231 	0.25 	0.273 	57.316207 	-9.744832 	-3.2092702
-0.31351351 	0.25 	0.273 	57.339756 	-9.7569773 	-3.2091394
-0.31471471 	0.25 	0.273 	57.363305 	-9.7691226 	-3.2090087
-0.31591592 	0.25 	0.273 	57.38741 	-9.780531 	-3.2088774
-0.31711712 	0.25 	0.273 	57.412533 	-9.7905892 	-3.2087449
-0.31831832 	0.25 	0.273 	57.437655 	-9.8006474 	-3.2086125
-0.31951952 	0.25 	0.273 	57.462778 	-9.8107057 	-3.2084801
-0.32072072 	0.25 	0.273 	57.487901 	-9.8207639 	-3.2083476
-0.32192192 	0.25 	0.273 	57.513024 	-9.8308221 	-3.2082152
-0.32312312 	0.25 	0.273 	57.538146 	-9.8408803 	-3.2080828
-0.32432432 	0.25 	0.273 	57.563269 	-9.8509386 	-3.2079503
-0.32552553 	0.25 	0.273 	57.588392 	-9.8609968 	-3.2078179
-0.32672673 	0.25 	0.273 	57.613514 	-9.871055 	-3.2076855
-0.32792793 	0.25 	0.273 	57.638637 	-9.8811132 	-3.207553
-0.32912913 	0.25 	0.273 	57.66376 	-9.8911715 	-3.2074206
-0.33033033 	0.25 	0.273 	57.688882 	-9.9012297 	-3.2072881
-0.33153153 	0.25 	0.273 	57.714005 	-9.9112879 	-3.2071557
-0.33273273 	0.25 	0.273 	57.739128 	-9.9213461 	-3.2070233
-0.33393393 	0.25 	0.273 	57.764251 	-9.9314043 	-3.2068908
-0.33513514 	0.25 	0.273 	57.789373 	-9.9414626 	-3.2067584
-0.33633634 	0.25 	0.273 	57.814496 	-9.9515208 	-3.206626
-0.33753754 	0.25 	0.273 	57.839619 	-9.961579 	-3.2064935
-0.33873874 	0.25 	0.273 	57.864741 	-9.9716372 	-3.2063611
-0.33993994 	0.25 	0.273 	57.889864 	-9.9816955 	-3.2062287
-0.34114114 	0.25 	0.273 	57.914987 	-9.9917537 	-3.2060962
-0.34234234 	0.25 	0.273 	57.940109 	-10.001812 	-3.2059638
-0.34354354 	0.25 	0.273 	57.965232 	-10.01187 	-3.2058314
-0.34474474 	0.25 	0.273 	57.990355 	-10.021928 	-3.2056989
-0.34594595 	0.25 	0.273 	58.01472 	-10.032176 	-3.2054523
-0.34714715 	0.25 	0.273 	58.039059 	-10.042431 	-3.2052016
-0.34834835 	0.25 	0.273 	58.063398 	-10.052685 	-3.2049509
-0.34954955 	0.25 	0.273 	58.087736 	-10.062939 	-3.2047002
-0.35075075 	0.25 	0.273 	58.112075 	-10.073194 	-3.2044495
-0.35195195 	0.25 	0.273 	58.136414 	-10.083448 	-3.2041988
-0.35315315 	0.25 	0.273 	58.160753 	-10.093703 	-3.2039481
-0.35435435 	0.25 	0.273 	58.186258 	-10.101964 	-3.203674
-0.35555556 	0.25 	0.273 	58.211913 	-10.10997 	-3.203397
-0.35675676 	0.25 	0.273 	58.237568 	-10.117976 	-3.2031199
-0.35795796 	0.25 	0.273 	58.263223 	-10.125982 	-3.2028429
-0.35915916 	0.25 	0.273 	58.288878 	-10.133988 	-3.2025658
-0.36036036 	0.25 	0.273 	58.314533 	-10.141994 	-3.2022888
-0.36156156 	0.25 	0.273 	58.340188 	-10.15 	-3.2020117
-0.36276276 	0.25 	0.273 	58.365843 	-10.158006 	-3.2017347
-0.36396396 	0.25 	0.273 	58.391498 	-10.166012 	-3.2014576
-0.36516517 	0.25 	0.273 	58.417135 	-10.173622 	-3.2011247
-0.36636637 	0.25 	0.273 	58.442718 	-10.180005 	-3.2006185
-0.36756757 	0.25 	0.273 	58.468302 	-10.186387 	-3.2001122
-0.36876877 	0.25 	0.273 	58.493885 	-10.19277 	-3.199606
-0.36996997 	0.25 	0.273 	58.519468 	-10.199152 	-3.1990998
-0.37117117 	0.25 	0.273 	58.545051 	-10.205535 	-3.1985936
-0.37237237 	0.25 	0.273 	58.570634 	-10.211917 	-3.1980873
-0.37357357 	0.25 	0.273 	58.596218 	-10.218299 	-3.1975811
-0.37477477 	0.25 	0.273 	58.621801 	-10.224682 	-3.1970749
-0.37597598 	0.25 	0.273 	58.647384 	-10.231064 	-3.1965687
-0.37717718 	0.25 	0.273 	58.67378 	-10.23712 	-3.1959553
-0.37837838 	0.25 	0.273 	58.700708 	-10.242963 	-3.1952719
-0.37957958 	0.25 	0.273 	58.727636 	-10.248805 	-3.1945885
-0.38078078 	0.25 	0.273 	58.754563 	-10.254648 	-3.1939051
-0.38198198 	0.25 	0.273 	58.781491 	-10.26049 	-3.1932216
-0.38318318 	0.25 	0.273 	58.808419 	-10.266333 	-3.1925382
-0.38438438 	0.25 	0.273 	58.835347 	-10.272175 	-3.1918548
-0.38558559 	0.25 	0.273 	58.862763 	-10.279721 	-3.191234
-0.38678679 	0.25 	0.273 	58.890373 	-10.287943 	-3.1906381
-0.38798799 	0.25 	0.273 	58.917984 	-10.296166 	-3.1900422
-0.38918919 	0.25 	0.273 	58.945594 	-10.304388 	-3.1894463
-0.39039039 	0.25 	0.273 	58.973205 	-10.312611 	-3.1888504
-0.39159159 	0.25 	0.273 	59.000815 	-10.320833 	-3.1882545
-0.39279279 	0.25 	0.273 	59.028425 	-10.329056 	-3.1876586
-0.39399399 	0.25 	0.273 	59.056036 	-10.337278 	-3.1870627
-0.3951952 	0.25 	0.273 	59.083646 	-10.345501 	-3.1864668
-0.3963964 	0.25 	0.273 	59.111257 	-10.353723 	-3.1858709
-0.3975976 	0.25 	0.273 	59.138867 	-10.361945 	-3.185275
-0.3987988 	0.25 	0.273 	59.166478 	-10.370168 	-3.1846791
-0.4 	0.25 	0.273 	59.194088 	-10.37839 	-3.1840832
-0.4012012 	0.25 	0.273 	59.221698 	-10.386613 	-3.1834873
-0.4024024 	0.25 	0.273 	59.249309 	-10.394835 	-3.1828914
-0.4036036 	0.25 	0.273 	59.276919 	-10.403058 	-3.1822954
-0.4048048 	0.25 	0.273 	59.30453 	-10.41128 	-3.1816995
-0.40600601 	0.25 	0.273 	59.33214 	-10.419503 	-3.1811036
-0.40720721 	0.25 	0.273 	59.35975 	-10.427725 	-3.1805077
-0.40840841 	0.25 	0.273 	59.387361 	-10.435947 	-3.1799118
-0.40960961 	0.25 	0.273 	59.414971 	-10.44417 	-3.1793159
-0.41081081 	0.25 	0.273 	59.442582 	-10.452392 	-3.17872
-0.41201201 	0.25 	0.273 	59.470192 	-10.460615 	-3.1781241
-0.41321321 	0.25 	0.273 	59.497802 	-10.468837 	-3.1775282
-0.41441441 	0.25 	0.273 	59.525567 	-10.476966 	-3.1768932
-0.41561562 	0.25 	0.273 	59.554222 	-10.484555 	-3.1760327
-0.41681682 	0.25 	0.273 	59.582876 	-10.492144 	-3.1751723
-0.41801802 	0.25 	0.273 	59.611531 	-10.499734 	-3.1743118
-0.41921922 	0.25 	0.273 	59.640186 	-10.507323 	-3.1734514
-0.42042042 	0.25 	0.273 	59.66884 	-10.514912 	-3.1725909
-0.42162162 	0.25 	0.273 	59.697495 	-10.522502 	-3.1717305
-0.42282282 	0.25 	0.273 	59.726149 	-10.530091 	-3.17087
-0.42402402 	0.25 	0.273 	59.754804 	-10.53768 	-3.1700096
-0.42522523 	0.25 	0.273 	59.783458 	-10.545269 	-3.1691492
-0.42642643 	0.25 	0.273 	59.812218 	-10.553449 	-3.1681975
-0.42762763 	0.25 	0.273 	59.841079 	-10.562202 	-3.1671574
-0.42882883 	0.25 	0.273 	59.86994 	-10.570955 	-3.1661173
-0.43003003 	0.25 	0.273 	59.898801 	-10.579708 	-3.1650772
-0.43123123 	0.25 	0.273 	59.927662 	-10.588461 	-3.1640371
-0.43243243 	0.25 	0.273 	59.956523 	-10.597213 	-3.162997
-0.43363363 	0.25 	0.273 	59.985384 	-10.605966 	-3.1619568
-0.43483483 	0.25 	0.273 	60.014245 	-10.614719 	-3.1609167
-0.43603604 	0.25 	0.273 	60.043106 	-10.623472 	-3.1598766
-0.43723724 	0.25 	0.273 	60.071967 	-10.632225 	-3.1588365
-0.43843844 	0.25 	0.273 	60.101552 	-10.638648 	-3.1577486
-0.43963964 	0.25 	0.273 	60.131251 	-10.644705 	-3.1566531
-0.44084084 	0.25 	0.273 	60.16095 	-10.650763 	-3.1555577
-0.44204204 	0.25 	0.273 	60.190649 	-10.656821 	-3.1544623
-0.44324324 	0.25 	0.273 	60.220347 	-10.662879 	-3.1533668
-0.44444444 	0.25 	0.273 	60.250046 	-10.668936 	-3.1522714
-0.44564565 	0.25 	0.273 	60.279745 	-10.674994 	-3.151176
-0.44684685 	0.25 	0.273 	60.309444 	-10.681052 	-3.1500806
-0.44804805 	0.25 	0.273 	60.339143 	-10.68711 	-3.1489851
-0.44924925 	0.25 	0.273 	60.368841 	-10.693167 	-3.1478897
-0.45045045 	0.25 	0.273 	60.39854 	-10.699225 	-3.1467943
-0.45165165 	0.25 	0.273 	60.428239 	-10.705283 	-3.1456989
-0.45285285 	0.25 	0.273 	60.457938 	-10.711341 	-3.1446034
-0.45405405 	0.25 	0.273 	60.487637 	-10.717398 	-3.143508
-0.45525526 	0.25 	0.273 	60.517335 	-10.723456 	-3.1424126
-0.45645646 	0.25 	0.273 	60.547034 	-10.729514 	-3.1413171
-0.45765766 	0.25 	0.273 	60.576733 	-10.735572 	-3.1402217
-0.45885886 	0.25 	0.273 	60.606432 	-10.741629 	-3.1391263
-0.46006006 	0.25 	0.273 	60.636131 	-10.747687 	-3.1380309
-0.46126126 	0.25 	0.273 	60.66583 	-10.753745 	-3.1369354
-0.46246246 	0.25 	0.273 	60.695528 	-10.759802 	-3.13584
-0.46366366 	0.25 	0.273 	60.725227 	-10.76586 	-3.1347446
-0.46486486 	0.25 	0.273 	60.754926 	-10.771918 	-3.1336492
-0.46606607 	0.25 	0.273 	60.784625 	-10.777976 	-3.1325537
-0.46726727 	0.25 	0.273 	60.814324 	-10.784033 	-3.1314583
-0.46846847 	0.25 	0.273 	60.844171 	-10.791044 	-3.1302638
-0.46966967 	0.25 	0.273 	60.87404 	-10.798202 	-3.129054
-0.47087087 	0.25 	0.273 	60.90391 	-10.805359 	-3.1278442
-0.47207207 	0.25 	0.273 	60.93378 	-10.812517 	-3.1266344
-0.47327327 	0.25 	0.273 	60.96365 	-10.819675 	-3.1254246
-0.47447447 	0.25 	0.273 	60.99352 	-10.826833 	-3.1242148
-0.47567568 	0.25 	0.273 	61.023618 	-10.8329 	-3.1229313
-0.47687688 	0.25 	0.273 	61.054065 	-10.837309 	-3.1215361
-0.47807808 	0.25 	0.273 	61.084511 	-10.841718 	-3.1201408
-0.47927928 	0.25 	0.273 	61.114957 	-10.846127 	-3.1187455
-0.48048048 	0.25 	0.273 	61.145403 	-10.850536 	-3.1173502
-0.48168168 	0.25 	0.273 	61.175849 	-10.854946 	-3.1159549
-0.48288288 	0.25 	0.273 	61.206295 	-10.859355 	-3.1145596
-0.48408408 	0.25 	0.273 	61.236741 	-10.863764 	-3.1131644
-0.48528529 	0.25 	0.273 	61.267188 	-10.868173 	-3.1117691
-0.48648649 	0.25 	0.273 	61.297634 	-10.872582 	-3.1103738
-0.48768769 	0.25 	0.273 	61.330239 	-10.878548 	-3.1087378
-0.48888889 	0.25 	0.273 	61.36355 	-10.885023 	-3.1070231
-0.49009009 	0.25 	0.273 	61.396861 	-10.891498 	-3.1053084
-0.49129129 	0.25 	0.273 	61.430172 	-10.897973 	-3.1035937
-0.49249249 	0.25 	0.273 	61.463484 	-10.904448 	-3.101879
-0.49369369 	0.25 	0.273 	61.496795 	-10.910923 	-3.1001643
-0.49489489 	0.25 	0.273 	61.530106 	-10.917399 	-3.0984496
-0.4960961 	0.25 	0.273 	61.563417 	-10.923874 	-3.0967349
-0.4972973 	0.25 	0.273 	61.596728 	-10.930349 	-3.0950202
-0.4984985 	0.25 	0.273 	61.629908 	-10.936613 	-3.0933074
-0.4996997 	0.25 	0.273 	61.662024 	-10.941168 	-3.0916102
-0.5009009 	0.25 	0.273 	61.69414 	-10.945724 	-3.089913
-0.5021021 	0.25 	0.273 	61.726255 	-10.950279 	-3.0882158
-0.5033033 	0.25 	0.273 	61.758371 	-10.954835 	-3.0865186
-0.5045045 	0.25 	0.273 	61.790487 	-10.95939 	-3.0848213
-0.50570571 	0.25 	0.273 	61.822602 	-10.963945 	-3.0831241
-0.50690691 	0.25 	0.273 	61.860597 	-10.972085 	-3.0811547
-0.50810811 	0.25 	0.273 	61.899724 	-10.980916 	-3.0791329
-0.50930931 	0.25 	0.273 	61.938851 	-10.989746 	-3.077111
-0.51051051 	0.25 	0.273 	61.977978 	-10.998577 	-3.0750891
-0.51171171 	0.25 	0.273 	62.017106 	-11.007407 	-3.0730673
-0.51291291 	0.25 	0.273 	62.056233 	-11.016238 	-3.0710454
-0.51411411 	0.25 	0.273 	62.090386 	-11.025304 	-3.0692169
-0.51531532 	0.25 	0.273 	62.121836 	-11.034497 	-3.0674935
-0.51651652 	0.25 	0.273 	62.153287 	-11.04369 	-3.06577
-0.51771772 	0.25 	0.273 	62.184738 	-11.052883 	-3.0640466
-0.51891892 	0.25 	0.273 	62.216189 	-11.062076 	-3.0623232
-0.52012012 	0.25 	0.273 	62.24764 	-11.071269 	-3.0605997
-0.52132132 	0.25 	0.273 	62.27909 	-11.080462 	-3.0588763
-0.52252252 	0.25 	0.273 	62.310541 	-11.089656 	-3.0571528
-0.52372372 	0.25 	0.273 	62.341992 	-11.098849 	-3.0554294
-0.52492492 	0.25 	0.273 	62.373443 	-11.108042 	-3.0537059
-0.52612613 	0.25 	0.273 	62.404893 	-11.117235 	-3.0519825
-0.52732733 	0.25 	0.273 	62.436344 	-11.126428 	-3.0502591
-0.52852853 	0.25 	0.273 	62.467795 	-11.135621 	-3.0485356
-0.52972973 	0.25 	0.273 	62.499246 	-11.144815 	-3.0468122
-0.53093093 	0.25 	0.273 	62.530696 	-11.154008 	-3.0450887
-0.53213213 	0.25 	0.273 	62.562147 	-11.163201 	-3.0433653
-0.53333333 	0.25 	0.273 	62.593598 	-11.172394 	-3.0416418
-0.53453453 	0.25 	0.273 	62.625049 	-11.181587 	-3.0399184
-0.53573574 	0.25 	0.273 	62.656499 	-11.19078 	-3.038195
-0.53693694 	0.25 	0.273 	62.69187 	-11.198425 	-3.036141
-0.53813814 	0.25 	0.273 	62.729404 	-11.205215 	-3.0339046
-0.53933934 	0.25 	0.273 	62.766938 	-11.212005 	-3.0316682
-0.54054054 	0.25 	0.273 	62.804472 	-11.218795 	-3.0294318
-0.54174174 	0.25 	0.273 	62.842006 	-11.225585 	-3.0271955
-0.54294294 	0.25 	0.273 	62.87954 	-11.232375 	-3.0249591
-0.54414414 	0.25 	0.273 	62.917074 	-11.239165 	-3.0227227
-0.54534535 	0.25 	0.273 	62.954608 	-11.245955 	-3.0204863
-0.54654655 	0.25 	0.273 	62.992142 	-11.252745 	-3.0182499
-0.54774775 	0.25 	0.273 	63.029661 	-11.259534 	-3.0160136
-0.54894895 	0.25 	0.273 	63.061556 	-11.265943 	-3.0138083
-0.55015015 	0.25 	0.273 	63.09345 	-11.272353 	-3.0116029
-0.55135135 	0.25 	0.273 	63.125344 	-11.278762 	-3.0093975
-0.55255255 	0.25 	0.273 	63.157238 	-11.285171 	-3.0071921
-0.55375375 	0.25 	0.273 	63.18866 	-11.292049 	-3.0050337
-0.55495495 	0.25 	0.273 	63.217948 	-11.301046 	-3.0030876
-0.55615616 	0.25 	0.273 	63.247237 	-11.310044 	-3.0011415
-0.55735736 	0.25 	0.273 	63.276525 	-11.319041 	-2.9991954
-0.55855856 	0.25 	0.273 	63.305814 	-11.328038 	-2.9972493
-0.55975976 	0.25 	0.273 	63.335102 	-11.337035 	-2.9953031
-0.56096096 	0.25 	0.273 	63.36439 	-11.346032 	-2.993357
-0.56216216 	0.25 	0.273 	63.393679 	-11.355029 	-2.9914109
-0.56336336 	0.25 	0.273 	63.422967 	-11.364026 	-2.9894648
-0.56456456 	0.25 	0.273 	63.452256 	-11.373023 	-2.9875187
-0.56576577 	0.25 	0.273 	63.481544 	-11.38202 	-2.9855726
-0.56696697 	0.25 	0.273 	63.512296 	-11.389019 	-2.9834797
-0.56816817 	0.25 	0.273 	63.545246 	-11.393015 	-2.9811663
-0.56936937 	0.25 	0.273 	63.578197 	-11.397012 	-2.9788528
-0.57057057 	0.25 	0.273 	63.611147 	-11.401008 	-2.9765394
-0.57177177 	0.25 	0.273 	63.644097 	-11.405004 	-2.9742259
-0.57297297 	0.25 	0.273 	63.675684 	-11.410122 	-2.9718768
-0.57417417 	0.25 	0.273 	63.705587 	-11.416623 	-2.9694834
-0.57537538 	0.25 	0.273 	63.73549 	-11.423125 	-2.9670901
-0.57657658 	0.25 	0.273 	63.765394 	-11.429627 	-2.9646967
-0.57777778 	0.25 	0.273 	63.795297 	-11.436128 	-2.9623034
-0.57897898 	0.25 	0.273 	63.829477 	-11.443366 	-2.9595594
-0.58018018 	0.25 	0.273 	63.866221 	-11.451046 	-2.9566052
-0.58138138 	0.25 	0.273 	63.902964 	-11.458725 	-2.9536511
-0.58258258 	0.25 	0.273 	63.939707 	-11.466405 	-2.950697
-0.58378378 	0.25 	0.273 	63.97645 	-11.474084 	-2.9477428
-0.58498498 	0.25 	0.273 	64.008522 	-11.478412 	-2.9451699
-0.58618619 	0.25 	0.273 	64.039446 	-11.481915 	-2.9426905
-0.58738739 	0.25 	0.273 	64.07037 	-11.485419 	-2.9402112
-0.58858859 	0.25 	0.273 	64.101294 	-11.488923 	-2.9377319
-0.58978979 	0.25 	0.273 	64.132218 	-11.492427 	-2.9352526
-0.59099099 	0.25 	0.273 	64.165338 	-11.49621 	-2.9326936
-0.59219219 	0.25 	0.273 	64.199247 	-11.500093 	-2.9301059
-0.59339339 	0.25 	0.273 	64.233156 	-11.503976 	-2.9275182
-0.59459459 	0.25 	0.273 	64.267066 	-11.507859 	-2.9249306
-0.5957958 	0.25 	0.273 	64.300975 	-11.511742 	-2.9223429
-0.596997 	0.25 	0.273 	64.334884 	-11.515625 	-2.9197552
-0.5981982 	0.25 	0.273 	64.368793 	-11.519508 	-2.9171676
-0.5993994 	0.25 	0.273 	64.402702 	-11.523392 	-2.9145799
-0.6006006 	0.25 	0.273 	64.436611 	-11.527275 	-2.9119922
-0.6018018 	0.25 	0.273 	64.470521 	-11.531158 	-2.9094046
-0.603003 	0.25 	0.273 	64.504021 	-11.534758 	-2.9068245
-0.6042042 	0.25 	0.273 	64.531805 	-11.534394 	-2.9043515
-0.60540541 	0.25 	0.273 	64.559589 	-11.53403 	-2.9018784
-0.60660661 	0.25 	0.273 	64.587373 	-11.533666 	-2.8994054
-0.60780781 	0.25 	0.273 	64.615158 	-11.533303 	-2.8969323
-0.60900901 	0.25 	0.273 	64.644995 	-11.532733 	-2.8942858
-0.61021021 	0.25 	0.273 	64.681176 	-11.531528 	-2.8911031
-0.61141141 	0.25 	0.273 	64.717357 	-11.530323 	-2.8879204
-0.61261261 	0.25 	0.273 	64.753538 	-11.529119 	-2.8847377
-0.61381381 	0.25 	0.273 	64.789719 	-11.527914 	-2.881555
-0.61501502 	0.25 	0.273 	64.825261 	-11.526399 	-2.8785024
-0.61621622 	0.25 	0.273 	64.859923 	-11.524459 	-2.8756285
-0.61741742 	0.25 	0.273 	64.894586 	-11.522519 	-2.8727546
-0.61861862 	0.25 	0.273 	64.929248 	-11.52058 	-2.8698808
-0.61981982 	0.25 	0.273 	64.96391 	-11.51864 	-2.8670069
-0.62102102 	0.25 	0.273 	64.998572 	-11.5167 	-2.864133
-0.62222222 	0.25 	0.273 	65.033235 	-11.51476 	-2.8612591
-0.62342342 	0.25 	0.273 	65.067897 	-11.51282 	-2.8583852
-0.62462462 	0.25 	0.273 	65.102559 	-11.51088 	-2.8555114
-0.62582583 	0.25 	0.273 	65.137222 	-11.50894 	-2.8526375
-0.62702703 	0.25 	0.273 	65.171884 	-11.507 	-2.8497636
-0.62822823 	0.25 	0.273 	65.203637 	-11.508212 	-2.8470522
-0.62942943 	0.25 	0.273 	65.235193 	-11.509636 	-2.8443517
-0.63063063 	0.25 	0.273 	65.26675 	-11.51106 	-2.8416512
-0.63183183 	0.25 	0.273 	65.298306 	-11.512485 	-2.8389507
-0.63303303 	0.25 	0.273 	65.329863 	-11.513909 	-2.8362502
-0.63423423 	0.25 	0.273 	65.36018 	-11.514828 	-2.8334875
-0.63543544 	0.25 	0.273 	65.38992 	-11.515513 	-2.8306957
-0.63663664 	0.25 	0.273 	65.419661 	-11.516197 	-2.827904
-0.63783784 	0.25 	0.273 	65.449401 	-11.516881 	-2.8251122
-0.63903904 	0.25 	0.273 	65.479142 	-11.517566 	-2.8223205
-0.64024024 	0.25 	0.273 	65.514782 	-11.520339 	-2.8189801
-0.64144144 	0.25 	0.273 	65.551383 	-11.523453 	-2.8155502
-0.64264264 	0.25 	0.273 	65.587984 	-11.526567 	-2.8121204
-0.64384384 	0.25 	0.273 	65.624585 	-11.529681 	-2.8086905
-0.64504505 	0.25 	0.273 	65.661044 	-11.53271 	-2.8052778
-0.64624625 	0.25 	0.273 	65.693782 	-11.533524 	-2.8023104
-0.64744745 	0.25 	0.273 	65.726521 	-11.534338 	-2.799343
-0.64864865 	0.25 	0.273 	65.759259 	-11.535152 	-2.7963757
-0.64984985 	0.25 	0.273 	65.791998 	-11.535965 	-2.7934083
-0.65105105 	0.25 	0.273 	65.824736 	-11.536779 	-2.7904409
-0.65225225 	0.25 	0.273 	65.859159 	-11.537602 	-2.7873769
-0.65345345 	0.25 	0.273 	65.894434 	-11.538429 	-2.7842639
-0.65465465 	0.25 	0.273 	65.929709 	-11.539257 	-2.7811509
-0.65585586 	0.25 	0.273 	65.964984 	-11.540084 	-2.7780379
-0.65705706 	0.25 	0.273 	66.00026 	-11.540912 	-2.7749249
-0.65825826 	0.25 	0.273 	66.035535 	-11.541739 	-2.7718119
-0.65945946 	0.25 	0.273 	66.07081 	-11.542567 	-2.7686989
-0.66066066 	0.25 	0.273 	66.106085 	-11.543394 	-2.7655859
-0.66186186 	0.25 	0.273 	66.14136 	-11.544221 	-2.7624729
-0.66306306 	0.25 	0.273 	66.176636 	-11.545049 	-2.7593599
-0.66426426 	0.25 	0.273 	66.21073 	-11.545184 	-2.7562757
-0.66546547 	0.25 	0.273 	66.24206 	-11.543697 	-2.7532589
-0.66666667 	0.25 	0.273 	66.273391 	-11.54221 	-2.7502421
-0.66786787 	0.25 	0.273 	66.304721 	-11.540723 	-2.7472252
-0.66906907 	0.25 	0.273 	66.336052 	-11.539237 	-2.7442084
-0.67027027 	0.25 	0.273 	66.369585 	-11.539483 	-2.7408465
-0.67147147 	0.25 	0.273 	66.405534 	-11.541631 	-2.7371057
-0.67267267 	0.25 	0.273 	66.441484 	-11.543779 	-2.7333649
-0.67387387 	0.25 	0.273 	66.477433 	-11.545928 	-2.7296242
-0.67507508 	0.25 	0.273 	66.513383 	-11.548076 	-2.7258834
-0.67627628 	0.25 	0.273 	66.548854 	-11.548464 	-2.7223876
-0.67747748 	0.25 	0.273 	66.584072 	-11.547923 	-2.7190209
-0.67867868 	0.25 	0.273 	66.61929 	-11.547383 	-2.7156543
-0.67987988 	0.25 	0.273 	66.654509 	-11.546842 	-2.7122876
-0.68108108 	0.25 	0.273 	66.689727 	-11.546301 	-2.7089209
-0.68228228 	0.25 	0.273 	66.724945 	-11.545761 	-2.7055543
-0.68348348 	0.25 	0.273 	66.760163 	-11.54522 	-2.7021876
-0.68468468 	0.25 	0.273 	66.795382 	-11.54468 	-2.6988209
-0.68588589 	0.25 	0.273 	66.8306 	-11.544139 	-2.6954543
-0.68708709 	0.25 	0.273 	66.865818 	-11.543599 	-2.6920876
-0.68828829 	0.25 	0.273 	66.900009 	-11.542553 	-2.6888325
-0.68948949 	0.25 	0.273 	66.932898 	-11.540869 	-2.6857185
-0.69069069 	0.25 	0.273 	66.965787 	-11.539185 	-2.6826046
-0.69189189 	0.25 	0.273 	66.998676 	-11.537501 	-2.6794907
-0.69309309 	0.25 	0.273 	67.031566 	-11.535817 	-2.6763768
-0.69429429 	0.25 	0.273 	67.064455 	-11.534133 	-2.6732629
-0.6954955 	0.25 	0.273 	67.096246 	-11.529919 	-2.6700012
-0.6966967 	0.25 	0.273 	67.127936 	-11.525472 	-2.6667259
-0.6978979 	0.25 	0.273 	67.159627 	-11.521026 	-2.6634506
-0.6990991 	0.25 	0.273 	67.191317 	-11.51658 	-2.6601753
-0.7003003 	0.25 	0.273 	67.223309 	-11.512703 	-2.6568358
-0.7015015 	0.25 	0.273 	67.258279 	-11.51445 	-2.6528624
-0.7027027 	0.25 	0.273 	67.29325 	-11.516197 	-2.6488889
-0.7039039 	0.25 	0.273 	67.32822 	-11.517944 	-2.6449155
-0.70510511 	0.25 	0.273 	67.363191 	-11.519691 	-2.640942
-0.70630631 	0.25 	0.273 	67.39883 	-11.520408 	-2.6370504
-0.70750751 	0.25 	0.273 	67.436314 	-11.518286 	-2.6333844
-0.70870871 	0.25 	0.273 	67.473797 	-11.516164 	-2.6297184
-0.70990991 	0.25 	0.273 	67.511281 	-11.514042 	-2.6260524
-0.71111111 	0.25 	0.273 	67.548764 	-11.51192 	-2.6223864
-0.71231231 	0.25 	0.273 	67.586248 	-11.509797 	-2.6187204
-0.71351351 	0.25 	0.273 	67.6224 	-11.507062 	-2.6151013
-0.71471471 	0.25 	0.273 	67.657793 	-11.503976 	-2.6115089
-0.71591592 	0.25 	0.273 	67.693186 	-11.50089 	-2.6079164
-0.71711712 	0.25 	0.273 	67.728579 	-11.497804 	-2.604324
-0.71831832 	0.25 	0.273 	67.763972 	-11.494718 	-2.6007316
-0.71951952 	0.25 	0.273 	67.799365 	-11.491632 	-2.5971392
-0.72072072 	0.25 	0.273 	67.834758 	-11.488547 	-2.5935467
-0.72192192 	0.25 	0.273 	67.870151 	-11.485461 	-2.5899543
-0.72312312 	0.25 	0.273 	67.905544 	-11.482375 	-2.5863619
-0.72432432 	0.25 	0.273 	67.940937 	-11.479289 	-2.5827695
-0.72552553 	0.25 	0.273 	67.977494 	-11.474184 	-2.579077
-0.72672673 	0.25 	0.273 	68.015128 	-11.467208 	-2.5752918
-0.72792793 	0.25 	0.273 	68.052762 	-11.460233 	-2.5715067
-0.72912913 	0.25 	0.273 	68.090396 	-11.453257 	-2.5677215
-0.73033033 	0.25 	0.273 	68.12803 	-11.446281 	-2.5639364
-0.73153153 	0.25 	0.273 	68.163446 	-11.440086 	-2.5599759
-0.73273273 	0.25 	0.273 	68.19788 	-11.434237 	-2.5559378
-0.73393393 	0.25 	0.273 	68.232315 	-11.428387 	-2.5518998
-0.73513514 	0.25 	0.273 	68.26675 	-11.422537 	-2.5478618
-0.73633634 	0.25 	0.273 	68.301185 	-11.416688 	-2.5438238
-0.73753754 	0.25 	0.273 	68.337992 	-11.4099 	-2.5400745
-0.73873874 	0.25 	0.273 	68.375152 	-11.402973 	-2.5363683
-0.73993994 	0.25 	0.273 	68.412313 	-11.396045 	-2.5326622
-0.74114114 	0.25 	0.273 	68.449474 	-11.389118 	-2.528956
-0.74234234 	0.25 	0.273 	68.486635 	-11.38219 	-2.5252498
-0.74354354 	0.25 	0.273 	68.523795 	-11.375263 	-2.5215437
-0.74474474 	0.25 	0.273 	68.560956 	-11.368335 	-2.5178375
-0.74594595 	0.25 	0.273 	68.598117 	-11.361408 	-2.5141314
-0.74714715 	0.25 	0.273 	68.635278 	-11.35448 	-2.5104252
-0.74834835 	0.25 	0.273 	68.672438 	-11.347553 	-2.5067191
-0.74954955 	0.25 	0.273 	68.713552 	-11.339228 	-2.5025971
-0.75075075 	0.25 	0.273 	68.755074 	-11.33076 	-2.4984322
-0.75195195 	0.25 	0.273 	68.796597 	-11.322291 	-2.4942672
-0.75315315 	0.25 	0.273 	68.838119 	-11.313822 	-2.4901023
-0.75435435 	0.25 	0.273 	68.879642 	-11.305353 	-2.4859373
-0.75555556 	0.25 	0.273 	68.921478 	-11.296746 	-2.4817488
-0.75675676 	0.25 	0.273 	68.965443 	-11.287197 	-2.4774
-0.75795796 	0.25 	0.273 	69.009408 	-11.277648 	-2.4730512
-0.75915916 	0.25 	0.273 	69.053374 	-11.2681 	-2.4687024
-0.76036036 	0.25 	0.273 	69.097339 	-11.258551 	-2.4643536
-0.76156156 	0.25 	0.273 	69.141075 	-11.249714 	-2.4599393
-0.76276276 	0.25 	0.273 	69.184173 	-11.242523 	-2.4553485
-0.76396396 	0.25 	0.273 	69.22616 	-11.236782 	-2.4509457
-0.76516517 	0.25 	0.273 	69.264858 	-11.235339 	-2.4471002
-0.76636637 	0.25 	0.273 	69.303555 	-11.233895 	-2.4432546
-0.76756757 	0.25 	0.273 	69.342253 	-11.232452 	-2.4394091
-0.76876877 	0.25 	0.273 	69.38095 	-11.231008 	-2.4355635
-0.76996997 	0.25 	0.273 	69.419648 	-11.229565 	-2.4317179
-0.77117117 	0.25 	0.273 	69.458346 	-11.228121 	-2.4278724
-0.77237237 	0.25 	0.273 	69.497043 	-11.226678 	-2.4240268
-0.77357357 	0.25 	0.273 	69.535735 	-11.225232 	-2.4201719
-0.77477477 	0.25 	0.273 	69.573542 	-11.226813 	-2.4159244
-0.77597598 	0.25 	0.273 	69.611012 	-11.230283 	-2.4117587
-0.77717718 	0.25 	0.273 	69.647882 	-11.240368 	-2.4074452
-0.77837838 	0.25 	0.273 	69.684359 	-11.254794 	-2.4030348
-0.77957958 	0.25 	0.273 	69.724174 	-11.254927 	-2.3984002
-0.78078078 	0.25 	0.273 	69.766519 	-11.245404 	-2.3940289
-0.78198198 	0.25 	0.273 	69.808864 	-11.23588 	-2.3896577
-0.78318318 	0.25 	0.273 	69.85121 	-11.226356 	-2.3852864
-0.78438438 	0.25 	0.273 	69.893555 	-11.216832 	-2.3809151
-0.78558559 	0.25 	0.273 	69.9359 	-11.207308 	-2.3765439
-0.78678679 	0.25 	0.273 	69.978246 	-11.197785 	-2.3721726
-0.78798799 	0.25 	0.273 	70.020591 	-11.188261 	-2.3678014
-0.78918919 	0.25 	0.273 	70.062936 	-11.178737 	-2.3634301
-0.79039039 	0.25 	0.273 	70.105382 	-11.144102 	-2.3589612
-0.79159159 	0.25 	0.273 	70.14784 	-11.106387 	-2.3544803
-0.79279279 	0.25 	0.273 	70.190242 	-11.078807 	-2.3492576
-0.79399399 	0.25 	0.273 	70.232637 	-11.052344 	-2.343953
-0.7951952 	0.25 	0.273 	70.277825 	-11.035378 	-2.3390327
-0.7963964 	0.25 	0.273 	70.323456 	-11.019305 	-2.3344477
-0.7975976 	0.25 	0.273 	70.369087 	-11.003232 	-2.3298627
-0.7987988 	0.25 	0.273 	70.414719 	-10.987158 	-2.3252777
-0.8 	0.25 	0.273 	70.46035 	-10.971085 	-2.3206927
-0.8012012 	0.25 	0.273 	70.505981 	-10.955012 	-2.3161077
-0.8024024 	0.25 	0.273 	70.551612 	-10.938938 	-2.3115227
-0.8036036 	0.25 	0.273 	70.597243 	-10.922865 	-2.3069377
-0.8048048 	0.25 	0.273 	70.64329 	-10.90885 	-2.3023189
-0.80600601 	0.25 	0.273 	70.691086 	-10.903492 	-2.2975579
-0.80720721 	0.25 	0.273 	70.738787 	-10.896935 	-2.2927027
-0.80840841 	0.25 	0.273 	70.786097 	-10.885444 	-2.28746
-0.80960961 	0.25 	0.273 	70.83339 	-10.874011 	-2.282187
-0.81081081 	0.25 	0.273 	70.880896 	-10.862861 	-2.2773052
-0.81201201 	0.25 	0.273 	70.928481 	-10.851721 	-2.2725682
-0.81321321 	0.25 	0.273 	70.976067 	-10.840582 	-2.2678313
-0.81441441 	0.25 	0.273 	71.023653 	-10.829442 	-2.2630943
-0.81561562 	0.25 	0.273 	71.071238 	-10.818303 	-2.2583573
-0.81681682 	0.25 	0.273 	71.118824 	-10.807163 	-2.2536204
-0.81801802 	0.25 	0.273 	71.16641 	-10.796023 	-2.2488834
-0.81921922 	0.25 	0.273 	71.213995 	-10.784884 	-2.2441465
-0.82042042 	0.25 	0.273 	71.261036 	-10.772985 	-2.2393497
-0.82162162 	0.25 	0.273 	71.307537 	-10.760333 	-2.2344938
-0.82282282 	0.25 	0.273 	71.356641 	-10.744306 	-2.2293369
-0.82402402 	0.25 	0.273 	71.408471 	-10.724746 	-2.2238647
-0.82522523 	0.25 	0.273 	71.458423 	-10.708195 	-2.2186726
-0.82642643 	0.25 	0.273 	71.506272 	-10.695017 	-2.2137944
-0.82762763 	0.25 	0.273 	71.554121 	-10.681838 	-2.2089162
-0.82882883 	0.25 	0.273 	71.60197 	-10.66866 	-2.204038
-0.83003003 	0.25 	0.273 	71.649819 	-10.655482 	-2.1991598
-0.83123123 	0.25 	0.273 	71.697668 	-10.642303 	-2.1942816
-0.83243243 	0.25 	0.273 	71.745517 	-10.629125 	-2.1894034
-0.83363363 	0.25 	0.273 	71.793366 	-10.615946 	-2.1845252
-0.83483483 	0.25 	0.273 	71.841145 	-10.602767 	-2.1795155
-0.83603604 	0.25 	0.273 	71.886296 	-10.593576 	-2.1744151
-0.83723724 	0.25 	0.273 	71.93086 	-10.585387 	-2.1694296
-0.83843844 	0.25 	0.273 	71.985198 	-10.57016 	-2.1638125
-0.83963964 	0.25 	0.273 	72.042309 	-10.552937 	-2.1580164
-0.84084084 	0.25 	0.273 	72.092657 	-10.536536 	-2.1525485
-0.84204204 	0.25 	0.273 	72.141048 	-10.520388 	-2.1475474
-0.84324324 	0.25 	0.273 	72.18944 	-10.50424 	-2.1425463
-0.84444444 	0.25 	0.273 	72.237831 	-10.488092 	-2.1375452
-0.84564565 	0.25 	0.273 	72.286223 	-10.471945 	-2.1325441
-0.84684685 	0.25 	0.273 	72.334614 	-10.455797 	-2.127543
-0.84804805 	0.25 	0.273 	72.383006 	-10.439649 	-2.1225419
-0.84924925 	0.25 	0.273 	72.431398 	-10.423501 	-2.1175408
-0.85045045 	0.25 	0.273 	72.479246 	-10.407359 	-2.1125461
-0.85165165 	0.25 	0.273 	72.521791 	-10.391277 	-2.107613
-0.85285285 	0.25 	0.273 	72.565591 	-10.374733 	-2.1026048
-0.85405405 	0.25 	0.273 	72.625691 	-10.352199 	-2.0966194
-0.85525526 	0.25 	0.273 	72.68514 	-10.329882 	-2.0906415
-0.85645646 	0.25 	0.273 	72.733446 	-10.311373 	-2.085264
-0.85765766 	0.25 	0.273 	72.781884 	-10.292872 	-2.0801318
-0.85885886 	0.25 	0.273 	72.830322 	-10.274371 	-2.0749996
-0.86006006 	0.25 	0.273 	72.87876 	-10.25587 	-2.0698674
-0.86126126 	0.25 	0.273 	72.927197 	-10.237369 	-2.0647351
-0.86246246 	0.25 	0.273 	72.975635 	-10.218869 	-2.0596029
-0.86366366 	0.25 	0.273 	73.024073 	-10.200368 	-2.0544707
-0.86486486 	0.25 	0.273 	73.072511 	-10.181867 	-2.0493385
-0.86606607 	0.25 	0.273 	73.118045 	-10.165345 	-2.0442108
-0.86726727 	0.25 	0.273 	73.15859 	-10.152224 	-2.0390909
-0.86846847 	0.25 	0.273 	73.205062 	-10.139637 	-2.0336022
-0.86966967 	0.25 	0.273 	73.261907 	-10.127982 	-2.0274683
-0.87087087 	0.25 	0.273 	73.314393 	-10.11292 	-2.0215099
-0.87207207 	0.25 	0.273 	73.359898 	-10.092175 	-2.0165012
-0.87327327 	0.25 	0.273 	73.405418 	-10.07143 	-2.0115279
-0.87447447 	0.25 	0.273 	73.450939 	-10.050685 	-2.0065546
-0.87567568 	0.25 	0.273 	73.496459 	-10.02994 	-2.0015813
-0.87687688 	0.25 	0.273 	73.541979 	-10.009195 	-1.996608
-0.87807808 	0.25 	0.273 	73.5875 	-9.9884493 	-1.9916347
-0.87927928 	0.25 	0.273 	73.63302 	-9.9677042 	-1.9866614
-0.88048048 	0.25 	0.273 	73.67854 	-9.946959 	-1.9816882
-0.88168168 	0.25 	0.273 	73.720329 	-9.9221006 	-1.9766761
-0.88288288 	0.25 	0.273 	73.759445 	-9.8942972 	-1.9716363
-0.88408408 	0.25 	0.273 	73.807031 	-9.8727112 	-1.9658585
-0.88528529 	0.25 	0.273 	73.85912 	-9.8544312 	-1.9596884
-0.88648649 	0.25 	0.273 	73.908256 	-9.8349278 	-1.9538626
-0.88768769 	0.25 	0.273 	73.956433 	-9.8150269 	-1.9481486
-0.88888889 	0.25 	0.273 	74.00461 	-9.795126 	-1.9424347
-0.89009009 	0.25 	0.273 	74.052787 	-9.775225 	-1.9367207
-0.89129129 	0.25 	0.273 	74.103194 	-9.7517611 	-1.9308015
-0.89249249 	0.25 	0.273 	74.15909 	-9.7200691 	-1.9251296
-0.89369369 	0.25 	0.273 	74.214985 	-9.688377 	-1.9194577
-0.89489489 	0.25 	0.273 	74.27088 	-9.656685 	-1.9137858
-0.8960961 	0.25 	0.273 	74.326748 	-9.6249893 	-1.9080725
-0.8972973 	0.25 	0.273 	74.378096 	-9.591775 	-1.9021651
-0.8984985 	0.25 	0.273 	74.428008 	-9.558043 	-1.8964514
-0.8996997 	0.25 	0.273 	74.472119 	-9.5357437 	-1.8905834
-0.9009009 	0.25 	0.273 	74.518177 	-9.5133471 	-1.8847859
-0.9021021 	0.25 	0.273 	74.57337 	-9.4880618 	-1.8793077
-0.9033033 	0.25 	0.273 	74.628563 	-9.4627764 	-1.8738295
-0.9045045 	0.25 	0.273 	74.683757 	-9.4374911 	-1.8683513
-0.90570571 	0.25 	0.273 	74.73895 	-9.4122058 	-1.8628731
-0.90690691 	0.25 	0.273 	74.800236 	-9.3792657 	-1.8568374
-0.90810811 	0.25 	0.273 	74.866109 	-9.3411326 	-1.8508735
-0.90930931 	0.25 	0.273 	74.931982 	-9.3029995 	-1.8449095
-0.91051051 	0.25 	0.273 	74.997855 	-9.2648664 	-1.8389456
-0.91171171 	0.25 	0.273 	75.063578 	-9.2267504 	-1.8327548
-0.91291291 	0.25 	0.273 	75.130904 	-9.1870801 	-1.8264941
-0.91411411 	0.25 	0.273 	75.1896 	-9.1480505 	-1.8204206
-0.91531532 	0.25 	0.273 	75.220187 	-9.1116421 	-1.8147486
-0.91651652 	0.25 	0.273 	75.279811 	-9.0794664 	-1.8088385
-0.91771772 	0.25 	0.273 	75.358929 	-9.0501322 	-1.8027686
-0.91891892 	0.25 	0.273 	75.438046 	-9.020798 	-1.7966987
-0.92012012 	0.25 	0.273 	75.517164 	-8.9914638 	-1.7906289
-0.92132132 	0.25 	0.273 	75.59599 	-8.9621281 	-1.784344
-0.92252252 	0.25 	0.273 	75.659758 	-8.927406 	-1.7786833
-0.92372372 	0.25 	0.273 	75.721571 	-8.8919447 	-1.7731919
-0.92492492 	0.25 	0.273 	75.783384 	-8.8564833 	-1.7677005
-0.92612613 	0.25 	0.273 	75.845197 	-8.8210219 	-1.7622092
-0.92732733 	0.25 	0.273 	75.905734 	-8.7846135 	-1.7563288
-0.92852853 	0.25 	0.273 	75.961248 	-8.7434544 	-1.7502402
-0.92972973 	0.25 	0.273 	75.987302 	-8.6883695 	-1.7443512
-0.93093093 	0.25 	0.273 	76.00432 	-8.6314541 	-1.7386136
-0.93213213 	0.25 	0.273 	76.097256 	-8.5927387 	-1.7315703
-0.93333333 	0.25 	0.273 	76.194543 	-8.5532784 	-1.7243772
-0.93453453 	0.25 	0.273 	76.291829 	-8.513818 	-1.7171842
-0.93573574 	0.25 	0.273 	76.410332 	-8.4875188 	-1.7095894
-0.93693694 	0.25 	0.273 	76.540765 	-8.475003 	-1.7017034
-0.93813814 	0.25 	0.273 	76.549436 	-8.4195458 	-1.695789
-0.93933934 	0.25 	0.273 	76.652619 	-8.384086 	-1.6889537
-0.94054054 	0.25 	0.273 	76.759978 	-8.3495096 	-1.6820777
-0.94174174 	0.25 	0.273 	76.867337 	-8.3149332 	-1.6752017
-0.94294294 	0.25 	0.273 	76.964692 	-8.2783792 	-1.6684902
-0.94414414 	0.25 	0.273 	77.13331 	-8.2572404 	-1.6605738
-0.94534535 	0.25 	0.273 	77.17996 	-8.1996392 	-1.6539986
-0.94654655 	0.25 	0.273 	77.247286 	-8.1530522 	-1.6474483
-0.94774775 	0.25 	0.273 	77.362233 	-8.1207806 	-1.6404999
-0.94894895 	0.25 	0.273 	77.477179 	-8.088509 	-1.6335515
-0.95015015 	0.25 	0.273 	77.592126 	-8.0562374 	-1.6266031
-0.95135135 	0.25 	0.273 	77.746268 	-8.0441018 	-1.6187488
-0.95255255 	0.25 	0.273 	77.864288 	-8.0343242 	-1.6110041
-0.95375375 	0.25 	0.273 	77.931145 	-8.0104084 	-1.6039906
-0.95495495 	0.25 	0.273 	78.054664 	-7.9736156 	-1.5970289
-0.95615616 	0.25 	0.273 	78.178183 	-7.9368229 	-1.5900672
-0.95735736 	0.25 	0.273 	78.301702 	-7.9000302 	-1.5831055
-0.95855856 	0.25 	0.273 	78.433806 	-7.8580975 	-1.5760714
-0.95975976 	0.25 	0.273 	78.593999 	-7.8058529 	-1.5686923
-0.96096096 	0.25 	0.273 	78.674393 	-7.7671803 	-1.5606881
-0.96216216 	0.25 	0.273 	78.792728 	-7.7138741 	-1.5536015
-0.96336336 	0.25 	0.273 	78.919189 	-7.6584856 	-1.5466329
-0.96456456 	0.25 	0.273 	79.04565 	-7.6030971 	-1.5396642
-0.96576577 	0.25 	0.273 	79.172111 	-7.5477085 	-1.5326955
-0.96696697 	0.25 	0.273 	79.318906 	-7.4782596 	-1.5257926
-0.96816817 	0.25 	0.273 	79.440917 	-7.4366604 	-1.5174987
-0.96936937 	0.25 	0.273 	79.544375 	-7.394518 	-1.509975
-0.97057057 	0.25 	0.273 	79.639181 	-7.342188 	-1.5036456
-0.97177177 	0.25 	0.273 	79.733988 	-7.2898579 	-1.4973161
-0.97297297 	0.25 	0.273 	79.828794 	-7.2375278 	-1.4909866
-0.97417417 	0.25 	0.273 	79.925232 	-7.1743832 	-1.4847193
-0.97537538 	0.25 	0.273 	80.047833 	-7.1108178 	-1.4774517
-0.97657658 	0.25 	0.273 	80.218635 	-7.0619198 	-1.4680243
-0.97777778 	0.25 	0.273 	80.325385 	-7.0125342 	-1.4615517
-0.97897898 	0.25 	0.273 	80.430395 	-6.9640395 	-1.4551985
-0.98018018 	0.25 	0.273 	80.535404 	-6.9155448 	-1.4488453
-0.98138138 	0.25 	0.273 	80.627002 	-6.8657471 	-1.4428733
-0.98258258 	0.25 	0.273 	80.667571 	-6.8109921 	-1.4383514
-0.98378378 	0.25 	0.273 	80.891718 	-6.7442385 	-1.427709
-0.98498498 	0.25 	0.273 	81.038739 	-6.6873612 	-1.4202021
-0.98618619 	0.25 	0.273 	81.157365 	-6.6341257 	-1.4137528
-0.98738739 	0.25 	0.273 	81.274452 	-6.5810881 	-1.4073508
-0.98858859 	0.25 	0.273 	81.391539 	-6.5280504 	-1.4009488
-0.98978979 	0.25 	0.273 	81.467386 	-6.4793209 	-1.3956259
-0.99099099 	0.25 	0.273 	81.636294 	-6.4072902 	-1.3870477
-0.99219219 	0.25 	0.273 	81.737277 	-6.3478527 	-1.3804188
-0.99339339 	0.25 	0.273 	81.834528 	-6.2890231 	-1.3743682
-0.99459459 	0.25 	0.273 	81.931779 	-6.2301934 	-1.3683176
-0.9957958 	0.25 	0.273 	82.02903 	-6.1713637 	-1.3622669
-0.996997 	0.25 	0.273 	82.126281 	-6.112534 	-1.3562163
-0.9981982 	0.25 	0.273 	82.24107 	-6.0441852 	-1.3492791
-0.9993994 	0.25 	0.273 	82.249156 	-5.9626148 	-1.3438256
-1.0006006 	0.25 	0.273 	82.239458 	-5.8817825 	-1.3389018
-1.0018018 	0.25 	0.273 	82.207678 	-5.8030229 	-1.3345208
-1.003003 	0.25 	0.273 	82.056509 	-5.736546 	-1.3329674
-1.0042042 	0.25 	0.273 	81.90534 	-5.6700691 	-1.3314141
-1.0054054 	0.25 	0.273 	81.95771 	-5.6097178 	-1.3258153
-1.0066066 	0.25 	0.273 	81.686174 	-5.5852418 	-1.3279611
-1.0078078 	0.25 	0.273 	82.163339 	-5.5418574 	-1.3132132
-1.009009 	0.25 	0.273 	82.355424 	-5.47958 	-1.3046318
-1.0102102 	0.25 	0.273 	82.475274 	-5.3865778 	-1.2966636
-1.0114114 	0.25 	0.273 	82.595408 	-5.2899088 	-1.288559
-1.0126126 	0.25 	0.273 	82.563719 	-5.1883896 	-1.2834403
-1.0138138 	0.25 	0.273 	82.452715 	-5.0976085 	-1.2801388
-1.015015 	0.25 	0.273 	82.919454 	-5.0684949 	-1.2663772
-1.0162162 	0.25 	0.273 	83.043741 	-4.9953007 	-1.2596282
-1.0174174 	0.25 	0.273 	83.101385 	-4.9135282 	-1.254244
-1.0186186 	0.25 	0.273 	83.15903 	-4.8317558 	-1.2488598
-1.0198198 	0.25 	0.273 	83.216088 	-4.7500063 	-1.2431535
-1.021021 	0.25 	0.273 	83.153301 	-4.6552275 	-1.2388654
-1.0222222 	0.25 	0.273 	83.310407 	-4.5817476 	-1.2316299
-1.0234234 	0.25 	0.273 	83.38099 	-4.4936596 	-1.2260369
-1.0246246 	0.25 	0.273 	83.429586 	-4.4060517 	-1.2208397
-1.0258258 	0.25 	0.273 	83.472506 	-4.3185676 	-1.2157446
-1.027027 	0.25 	0.273 	83.515387 	-4.2310862 	-1.2106283
-1.0282282 	0.25 	0.273 	82.976839 	-4.134477 	-1.2103355
-1.0294294 	0.25 	0.273 	83.375456 	-4.0479745 	-1.2006891
-1.0306306 	0.25 	0.273 	83.557554 	-3.9574364 	-1.1937501
-1.0318318 	0.25 	0.273 	83.448866 	-3.8625537 	-1.1900486
-1.033033 	0.25 	0.273 	83.340178 	-3.767671 	-1.1863472
-1.0342342 	0.25 	0.273 	83.27821 	-3.6781352 	-1.1819874
-1.0354354 	0.25 	0.273 	82.692355 	-3.5831997 	-1.1826588
-1.0366366 	0.25 	0.273 	82.724148 	-3.4917426 	-1.1764154
-1.0378378 	0.25 	0.273 	83.205023 	-3.3986341 	-1.1654833
-1.039039 	0.25 	0.273 	83.159278 	-3.2934163 	-1.1605075
-1.0402402 	0.25 	0.273 	83.182182 	-3.1910551 	-1.1541383
-1.0414414 	0.25 	0.273 	83.233065 	-3.0898581 	-1.1472012
-1.0426426 	0.25 	0.273 	82.601036 	-2.9731294 	-1.1471317
-1.0438438 	0.25 	0.273 	82.730625 	-2.879905 	-1.139574
-1.045045 	0.25 	0.273 	83.319503 	-2.8000058 	-1.1275357
-1.0462462 	0.25 	0.273 	83.254099 	-2.6995641 	-1.1233691
-1.0474474 	0.25 	0.273 	83.309071 	-2.6124284 	-1.1180575
-1.0486486 	0.25 	0.273 	83.364042 	-2.5252927 	-1.112746
-1.0498498 	0.25 	0.273 	83.419014 	-2.438157 	-1.1074344
-1.0510511 	0.25 	0.273 	83.473985 	-2.3510213 	-1.1021229
-1.0522523 	0.25 	0.273 	83.032239 	-2.2477534 	-1.1030259
-1.0534535 	0.25 	0.273 	82.620512 	-2.1282114 	-1.1030383
-1.0546547 	0.25 	0.273 	83.329759 	-1.9539896 	-1.086032
-1.0558559 	0.25 	0.273 	83.39278 	-1.8171989 	-1.078479
-1.0570571 	0.25 	0.273 	83.4558 	-1.6804082 	-1.070926
-1.0582583 	0.25 	0.273 	83.518821 	-1.5436175 	-1.0633731
-1.0594595 	0.25 	0.273 	83.457352 	-1.412153 	-1.0561199
-1.0606607 	0.25 	0.273 	83.634283 	-1.2851327 	-1.0481599
-1.0618619 	0.25 	0.273 	83.732229 	-1.1666556 	-1.0412176
-1.0630631 	0.25 	0.273 	83.830174 	-1.0481785 	-1.0342752
-1.0642643 	0.25 	0.273 	83.913991 	-0.93113325 	-1.0274877
-1.0654655 	0.25 	0.273 	83.984202 	-0.81546681 	-1.0208475
-1.0666667 	0.25 	0.273 	84.008486 	-0.69651044 	-1.0131121
-1.0678679 	0.25 	0.273 	84.247212 	-0.57489372 	-1.0045165
-1.0690691 	0.25 	0.273 	84.415144 	-0.43946929 	-0.99651166
-1.0702703 	0.25 	0.273 	84.583076 	-0.30404486 	-0.98850684
-1.0714715 	0.25 	0.273 	84.751008 	-0.16862044 	-0.98050201
-1.0726727 	0.25 	0.273 	84.918941 	-0.033196009 	-0.97249719
-1.0738739 	0.25 	0.273 	85.030622 	0.10575167 	-0.96416101
-1.0750751 	0.25 	0.273 	85.379258 	0.24511504 	-0.95332275
-1.0762763 	0.25 	0.273 	85.630425 	0.41168565 	-0.94405652
-1.0774775 	0.25 	0.273 	85.86635 	0.57945267 	-0.93495294
-1.0786787 	0.25 	0.273 	86.102276 	0.7472197 	-0.92584936
-1.0798799 	0.25 	0.273 	86.338201 	0.91498673 	-0.91674578
-1.0810811 	0.25 	0.273 	86.572826 	1.0825506 	-0.90713703
-1.0822823 	0.25 	0.273 	86.682543 	1.2670003 	-0.89815742
-1.0834835 	0.25 	0.273 	87.234266 	1.4435801 	-0.88516338
-1.0846847 	0.25 	0.273 	87.540377 	1.624483 	-0.87489049
-1.0858859 	0.25 	0.273 	87.846488 	1.8053859 	-0.86461761
-1.0870871 	0.25 	0.273 	88.152599 	1.9862889 	-0.85434472
-1.0882883 	0.25 	0.273 	88.457479 	2.1669654 	-0.84364577
-1.0894895 	0.25 	0.273 	88.745682 	2.3568708 	-0.83229729
-1.0906907 	0.25 	0.273 	89.085547 	2.5883863 	-0.82016132
-1.0918919 	0.25 	0.273 	89.425413 	2.8199018 	-0.80802536
-1.0930931 	0.25 	0.273 	89.765279 	3.0514173 	-0.7958894
-1.0942943 	0.25 	0.273 	90.105144 	3.2829328 	-0.78375344
-1.0954955 	0.25 	0.273 	90.010189 	3.4771122 	-0.77416701
-1.0966967 	0.25 	0.273 	90.513536 	3.7159912 	-0.76215084
-1.0978979 	0.25 	0.273 	90.879647 	3.923828 	-0.75160818
-1.0990991 	0.25 	0.273 	91.125405 	4.1082235 	-0.74237014
-1.1003003 	0.25 	0.273 	91.310627 	4.280817 	-0.73391619
-1.1015015 	0.25 	0.273 	91.495849 	4.4534106 	-0.72546223
-1.1027027 	0.25 	0.273 	91.681071 	4.6260041 	-0.71700828
-1.1039039 	0.25 	0.273 	91.857409 	4.7968594 	-0.70864552
-1.1051051 	0.25 	0.273 	91.668685 	4.896289 	-0.70402984
-1.1063063 	0.25 	0.273 	91.783366 	5.0743693 	-0.69466015
-1.1075075 	0.25 	0.273 	92.230678 	5.3593434 	-0.67980825
-1.1087087 	0.25 	0.273 	92.324169 	5.6066849 	-0.66979299
-1.1099099 	0.25 	0.273 	92.463995 	5.8586489 	-0.6593819
-1.1111111 	0.25 	0.273 	92.671444 	6.1173592 	-0.64839315
-1.1123123 	0.25 	0.273 	92.568484 	6.3424237 	-0.64079918
-1.1135135 	0.25 	0.273 	92.648044 	6.6122917 	-0.6309533
-1.1147147 	0.25 	0.273 	92.963621 	6.9164327 	-0.6185014
-1.1159159 	0.25 	0.273 	93.037812 	7.1616733 	-0.60916232
-1.1171171 	0.25 	0.273 	93.061124 	7.3949383 	-0.60038708
-1.1183183 	0.25 	0.273 	93.002176 	7.6088412 	-0.59252346
-1.1195195 	0.25 	0.273 	92.94341 	7.822287 	-0.58422576
-1.1207207 	0.25 	0.273 	92.887158 	8.0421235 	-0.57545319
-1.1219219 	0.25 	0.273 	92.867529 	8.2881621 	-0.56705767
-1.1231231 	0.25 	0.273 	92.847901 	8.5342007 	-0.55866214
-1.1243243 	0.25 	0.273 	92.828272 	8.7802394 	-0.55026661
-1.1255255 	0.25 	0.273 	92.808643 	9.026278 	-0.54187109
-1.1267267 	0.25 	0.273 	92.822954 	9.3249868 	-0.53424687
-1.1279279 	0.25 	0.273 	92.882804 	9.6974849 	-0.52730879
-1.1291291 	0.25 	0.273 	92.813571 	9.9095747 	-0.51737195
-1.1303303 	0.25 	0.273 	92.830518 	10.284536 	-0.50890457
-1.1315315 	0.25 	0.273 	92.838702 	10.731396 	-0.49940313
-1.1327327 	0.25 	0.273 	92.846887 	11.178256 	-0.48990169
-1.1339339 	0.25 	0.273 	92.893021 	11.681232 	-0.48070605
-1.1351351 	0.25 	0.273 	92.960643 	12.198227 	-0.47228552
-1.1363363 	0.25 	0.273 	92.884239 	12.448146 	-0.464539
-1.1375375 	0.25 	0.273 	92.796486 	12.846616 	-0.45718679
-1.1387387 	0.25 	0.273 	92.70825 	13.251399 	-0.44985134
-1.1399399 	0.25 	0.273 	92.620015 	13.656182 	-0.44251589
-1.1411411 	0.25 	0.273 	92.53178 	14.060965 	-0.43518044
-1.1423423 	0.25 	0.273 	92.478493 	14.572874 	-0.42683492
-1.1435435 	0.25 	0.273 	92.41638 	15.178593 	-0.41799898
-1.1447447 	0.25 	0.273 	92.204265 	15.78998 	-0.40885841
-1.1459459 	0.25 	0.273 	92.026872 	16.365991 	-0.39949437
-1.1471471 	0.25 	0.273 	91.858003 	16.930997 	-0.39011632
-1.1483483 	0.25 	0.273 	91.689134 	17.496004 	-0.38073826
-1.1495495 	0.25 	0.273 	91.520265 	18.06101 	-0.37136021
-1.1507508 	0.25 	0.273 	91.430314 	18.576744 	-0.36078365
-1.151952 	0.25 	0.273 	91.332222 	19.095975 	-0.34999129
-1.1531532 	0.25 	0.273 	91.161444 	19.651241 	-0.33962921
-1.1543544 	0.25 	0.273 	90.943526 	20.208926 	-0.32906857
-1.1555556 	0.25 	0.273 	90.725608 	20.766611 	-0.31850792
-1.1567568 	0.25 	0.273 	90.50769 	21.324297 	-0.30794728
-1.157958 	0.25 	0.273 	90.292938 	21.871082 	-0.29707223
-1.1591592 	0.25 	0.273 	90.068853 	22.384165 	-0.28475345
-1.1603604 	0.25 	0.273 	89.764182 	22.967585 	-0.27311613
-1.1615616 	0.25 	0.273 	89.428321 	23.530881 	-0.26179111
-1.1627628 	0.25 	0.273 	89.074952 	24.086141 	-0.25058106
-1.163964 	0.25 	0.273 	88.721583 	24.641401 	-0.23937101
-1.1651652 	0.25 	0.273 	88.368214 	25.19666 	-0.22816096
-1.1663664 	0.25 	0.273 	88.024305 	25.70455 	-0.21630559
-1.1675676 	0.25 	0.273 	87.668176 	26.192421 	-0.20445706
-1.1687688 	0.25 	0.273 	87.277246 	26.695434 	-0.19320102
-1.16997 	0.25 	0.273 	86.838069 	27.231043 	-0.18231142
-1.1711712 	0.25 	0.273 	86.398893 	27.766651 	-0.17142183
-1.1723724 	0.25 	0.273 	85.959717 	28.30226 	-0.16053223
-1.1735736 	0.25 	0.273 	85.527239 	28.804062 	-0.14969476
-1.1747748 	0.25 	0.273 	85.055019 	29.31425 	-0.13826854
-1.175976 	0.25 	0.273 	84.549107 	29.852569 	-0.1271595
-1.1771772 	0.25 	0.273 	84.01329 	30.3614 	-0.11684901
-1.1783784 	0.25 	0.273 	83.439358 	30.860989 	-0.10670409
-1.1795796 	0.25 	0.273 	82.863251 	31.361488 	-0.096533407
-1.1807808 	0.25 	0.273 	82.287145 	31.861988 	-0.086362727
-1.181982 	0.25 	0.273 	81.690323 	32.333382 	-0.076049348
-1.1831832 	0.25 	0.273 	81.067395 	32.777388 	-0.065646007
-1.1843844 	0.25 	0.273 	80.410525 	33.217292 	-0.055316767
-1.1855856 	0.25 	0.273 	79.434335 	33.594355 	-0.044054902
-1.1867868 	0.25 	0.273 	78.458146 	33.971417 	-0.032793037
-1.187988 	0.25 	0.273 	77.546208 	34.344482 	-0.022124841
-1.1891892 	0.25 	0.273 	76.836381 	34.699562 	-0.013393833
-1.1903904 	0.25 	0.273 	75.817962 	34.991506 	-0.0028737503
-1.1915916 	0.25 	0.273 	74.998294 	35.157498 	0.005471523
-1.1927928 	0.25 	0.273 	74.216702 	35.299362 	0.013400152
-1.193994 	0.25 	0.273 	73.422107 	35.392799 	0.021027109
-1.1951952 	0.25 	0.273 	72.71839 	35.392496 	0.027213343
-1.1963964 	0.25 	0.273 	72.014674 	35.392192 	0.033399576
-1.1975976 	0.25 	0.273 	71.310957 	35.391889 	0.03958581
-1.1987988 	0.25 	0.273 	70.60724 	35.391585 	0.045772043
-1.2 	0.25 	0.273 	69.903524 	35.391282 	0.051958276
