-1.2 	0.25 	0.364 	69.147783 	34.556493 	0.087854686
-1.2 	0.2496997 	0.364 	69.163903 	34.719026 	0.090789092
-1.2 	0.2493994 	0.364 	69.180024 	34.881558 	0.093723498
-1.2 	0.2490991 	0.364 	69.179742 	35.016641 	0.096522023
-1.2 	0.2487988 	0.364 	69.129687 	35.06843 	0.098908229
-1.2 	0.2484985 	0.364 	69.128782 	35.290448 	0.10170603
-1.2 	0.2481982 	0.364 	69.11918 	35.556177 	0.10448761
-1.2 	0.2478979 	0.364 	69.09598 	35.842946 	0.10720754
-1.2 	0.2475976 	0.364 	69.07278 	36.129716 	0.10992748
-1.2 	0.2472973 	0.364 	69.04958 	36.416485 	0.11264741
-1.2 	0.246997 	0.364 	69.02638 	36.703254 	0.11536735
-1.2 	0.2466967 	0.364 	69.00318 	36.990023 	0.11808728
-1.2 	0.2463964 	0.364 	68.97998 	37.276792 	0.12080722
-1.2 	0.2460961 	0.364 	68.95678 	37.563562 	0.12352715
-1.2 	0.2457958 	0.364 	68.93358 	37.850331 	0.12624709
-1.2 	0.2454955 	0.364 	68.91038 	38.1371 	0.12896703
-1.2 	0.2451952 	0.364 	68.88718 	38.423869 	0.13168696
-1.2 	0.24489489 	0.364 	68.852291 	38.691999 	0.13447518
-1.2 	0.24459459 	0.364 	68.761651 	38.871237 	0.13758909
-1.2 	0.24429429 	0.364 	68.67101 	39.050474 	0.140703
-1.2 	0.24399399 	0.364 	68.589059 	39.264528 	0.14361833
-1.2 	0.24369369 	0.364 	68.536995 	39.59834 	0.14585064
-1.2 	0.24339339 	0.364 	68.392835 	40.270422 	0.1498073
-1.2 	0.24309309 	0.364 	68.359684 	40.575844 	0.15252263
-1.2 	0.24279279 	0.364 	68.326533 	40.881265 	0.15523797
-1.2 	0.24249249 	0.364 	68.293382 	41.186686 	0.15795331
-1.2 	0.24219219 	0.364 	68.260231 	41.492107 	0.16066865
-1.2 	0.24189189 	0.364 	68.22708 	41.797528 	0.16338398
-1.2 	0.24159159 	0.364 	68.193929 	42.102949 	0.16609932
-1.2 	0.24129129 	0.364 	68.204625 	42.337364 	0.16841429
-1.2 	0.24099099 	0.364 	68.151744 	42.516642 	0.17075962
-1.2 	0.24069069 	0.364 	67.954238 	42.694325 	0.17468764
-1.2 	0.24039039 	0.364 	67.93246 	42.970236 	0.17727032
-1.2 	0.24009009 	0.364 	67.910683 	43.246147 	0.17985301
-1.2 	0.23978979 	0.364 	67.888905 	43.522059 	0.18243569
-1.2 	0.23948949 	0.364 	67.867128 	43.79797 	0.18501837
-1.2 	0.23918919 	0.364 	67.845351 	44.073881 	0.18760106
-1.2 	0.23888889 	0.364 	67.823573 	44.349792 	0.19018374
-1.2 	0.23858859 	0.364 	67.743462 	44.385038 	0.1929276
-1.2 	0.23828829 	0.364 	67.65237 	44.888034 	0.19588451
-1.2 	0.23798799 	0.364 	67.611914 	45.195397 	0.19841194
-1.2 	0.23768769 	0.364 	67.571457 	45.502761 	0.20093938
-1.2 	0.23738739 	0.364 	67.531 	45.810124 	0.20346681
-1.2 	0.23708709 	0.364 	67.490543 	46.117488 	0.20599425
-1.2 	0.23678679 	0.364 	67.450086 	46.424851 	0.20852168
-1.2 	0.23648649 	0.364 	67.40963 	46.732214 	0.21104912
-1.2 	0.23618619 	0.364 	67.369173 	47.039578 	0.21357656
-1.2 	0.23588589 	0.364 	67.40688 	47.213532 	0.21527494
-1.2 	0.23558559 	0.364 	67.161767 	47.562993 	0.21876948
-1.2 	0.23528529 	0.364 	67.067431 	47.870409 	0.22170896
-1.2 	0.23498498 	0.364 	66.987892 	48.191576 	0.22458631
-1.2 	0.23468468 	0.364 	66.908354 	48.512743 	0.22746366
-1.2 	0.23438438 	0.364 	66.828815 	48.833911 	0.23034101
-1.2 	0.23408408 	0.364 	66.749276 	49.155078 	0.23321835
-1.2 	0.23378378 	0.364 	66.669737 	49.476245 	0.2360957
-1.2 	0.23348348 	0.364 	66.590198 	49.797413 	0.23897305
-1.2 	0.23318318 	0.364 	66.530461 	50.014813 	0.24164467
-1.2 	0.23288288 	0.364 	66.311737 	50.505703 	0.24492869
-1.2 	0.23258258 	0.364 	66.083574 	50.968712 	0.24880865
-1.2 	0.23228228 	0.364 	65.864191 	51.406988 	0.2526937
-1.2 	0.23198198 	0.364 	65.644808 	51.845263 	0.25657875
-1.2 	0.23168168 	0.364 	65.425425 	52.283539 	0.2604638
-1.2 	0.23138138 	0.364 	65.206042 	52.721815 	0.26434885
-1.2 	0.23108108 	0.364 	64.98666 	53.16009 	0.26823391
-1.2 	0.23078078 	0.364 	64.767277 	53.598366 	0.27211896
-1.2 	0.23048048 	0.364 	64.596916 	53.857209 	0.2754869
-1.2 	0.23018018 	0.364 	64.116065 	54.424282 	0.27974653
-1.2 	0.22987988 	0.364 	63.858177 	54.706838 	0.28363998
-1.2 	0.22957958 	0.364 	63.658678 	54.951183 	0.28749693
-1.2 	0.22927928 	0.364 	63.45918 	55.195527 	0.29135389
-1.2 	0.22897898 	0.364 	63.259682 	55.439872 	0.29521084
-1.2 	0.22867868 	0.364 	63.060184 	55.684216 	0.2990678
-1.2 	0.22837838 	0.364 	62.860686 	55.928561 	0.30292476
-1.2 	0.22807808 	0.364 	62.661188 	56.172906 	0.30678171
-1.2 	0.22777778 	0.364 	62.461689 	56.41725 	0.31063867
-1.2 	0.22747748 	0.364 	62.262191 	56.661595 	0.31449562
-1.2 	0.22717718 	0.364 	62.267511 	56.592621 	0.31706028
-1.2 	0.22687688 	0.364 	61.72476 	57.025698 	0.32139617
-1.2 	0.22657658 	0.364 	61.119655 	57.581724 	0.32753512
-1.2 	0.22627628 	0.364 	60.51455 	58.13775 	0.33367407
-1.2 	0.22597598 	0.364 	59.909445 	58.693776 	0.33981303
-1.2 	0.22567568 	0.364 	59.304339 	59.249801 	0.34595198
-1.2 	0.22537538 	0.364 	58.699234 	59.805827 	0.35209093
-1.2 	0.22507508 	0.364 	58.099772 	60.361504 	0.35834682
-1.2 	0.22477477 	0.364 	57.614211 	60.745772 	0.36424056
-1.2 	0.22447447 	0.364 	56.909669 	61.231161 	0.36898341
-1.2 	0.22417417 	0.364 	56.658827 	61.870923 	0.37218432
-1.2 	0.22387387 	0.364 	56.663638 	62.791646 	0.37237045
-1.2 	0.22357357 	0.364 	56.475318 	63.693051 	0.37284726
-1.2 	0.22327327 	0.364 	56.286997 	64.594455 	0.37332407
-1.2 	0.22297297 	0.364 	55.917525 	65.503165 	0.37466146
-1.2 	0.22267267 	0.364 	55.459852 	66.415431 	0.37641785
-1.2 	0.22237237 	0.364 	55.00218 	67.327698 	0.37817424
-1.2 	0.22207207 	0.364 	54.519811 	68.237558 	0.37997934
-1.2 	0.22177177 	0.364 	53.745434 	69.090543 	0.38218011
-1.2 	0.22147147 	0.364 	52.739219 	69.83847 	0.38549758
-1.2 	0.22117117 	0.364 	52.127283 	70.26792 	0.39061854
-1.2 	0.22087087 	0.364 	51.515347 	70.697369 	0.39573951
-1.2 	0.22057057 	0.364 	50.903411 	71.126819 	0.40086047
-1.2 	0.22027027 	0.364 	50.178313 	71.609138 	0.40622404
-1.2 	0.21996997 	0.364 	49.120443 	72.246931 	0.41230104
-1.2 	0.21966967 	0.364 	48.062573 	72.884724 	0.41837804
-1.2 	0.21936937 	0.364 	47.080402 	73.43032 	0.42494393
-1.2 	0.21906907 	0.364 	46.932703 	73.814247 	0.43122937
-1.2 	0.21876877 	0.364 	43.177025 	75.190666 	0.44258859
-1.2 	0.21846847 	0.364 	42.084237 	75.820098 	0.44754536
-1.2 	0.21816817 	0.364 	40.831388 	76.433056 	0.45277334
-1.2 	0.21786787 	0.364 	39.272408 	77.05324 	0.45857913
-1.2 	0.21756757 	0.364 	37.713428 	77.673425 	0.46438492
-1.2 	0.21726727 	0.364 	36.149188 	78.270385 	0.4703794
-1.2 	0.21696697 	0.364 	34.549085 	78.709 	0.47766037
-1.2 	0.21666667 	0.364 	32.345886 	79.169203 	0.4856353
-1.2 	0.21636637 	0.364 	28.797597 	78.413794 	0.48539994
-1.2 	0.21606607 	0.364 	23.211628 	68.076759 	0.43170795
-1.2 	0.21576577 	0.364 	17.625658 	57.739724 	0.37801596
-1.2 	0.21546547 	0.364 	13.075403 	47.553158 	0.31816201
-1.2 	0.21516517 	0.364 	10.207199 	37.610961 	0.24830074
-1.2 	0.21486486 	0.364 	7.338995 	27.668763 	0.17843946
-1.2 	0.21456456 	0.364 	4.4707908 	17.726566 	0.10857819
-1.2 	0.21426426 	0.364 	0.28078608 	1.1656264 	0.0068117544
