0 	0.25 	0.364 	53.043254 	-6.7125245 	-4.0951688
-0.0012012012 	0.25 	0.364 	53.050148 	-6.7249605 	-4.0966999
-0.0024024024 	0.25 	0.364 	53.057041 	-6.7373964 	-4.098231
-0.0036036036 	0.25 	0.364 	53.063935 	-6.7498323 	-4.0997621
-0.0048048048 	0.25 	0.364 	53.071792 	-6.7615485 	-4.1012431
-0.006006006 	0.25 	0.364 	53.079984 	-6.7730152 	-4.1027067
-0.0072072072 	0.25 	0.364 	53.088175 	-6.7844818 	-4.1041703
-0.0084084084 	0.25 	0.364 	53.096366 	-6.7959484 	-4.1056338
-0.0096096096 	0.25 	0.364 	53.104558 	-6.8074151 	-4.1070974
-0.010810811 	0.25 	0.364 	53.112749 	-6.8188817 	-4.108561
-0.012012012 	0.25 	0.364 	53.12094 	-6.8303484 	-4.1100246
-0.013213213 	0.25 	0.364 	53.129132 	-6.841815 	-4.1114882
-0.014414414 	0.25 	0.364 	53.137323 	-6.8532816 	-4.1129517
-0.015615616 	0.25 	0.364 	53.145514 	-6.8647483 	-4.1144153
-0.016816817 	0.25 	0.364 	53.153706 	-6.8762149 	-4.1158789
-0.018018018 	0.25 	0.364 	53.161897 	-6.8876815 	-4.1173425
-0.019219219 	0.25 	0.364 	53.170088 	-6.8991482 	-4.1188061
-0.02042042 	0.25 	0.364 	53.17828 	-6.9106148 	-4.1202696
-0.021621622 	0.25 	0.364 	53.187816 	-6.9234917 	-4.1220894
-0.022822823 	0.25 	0.364 	53.197927 	-6.9369705 	-4.1240611
-0.024024024 	0.25 	0.364 	53.208037 	-6.9504493 	-4.1260328
-0.025225225 	0.25 	0.364 	53.218148 	-6.963928 	-4.1280045
-0.026426426 	0.25 	0.364 	53.228258 	-6.9774068 	-4.1299762
-0.027627628 	0.25 	0.364 	53.238369 	-6.9908856 	-4.1319479
-0.028828829 	0.25 	0.364 	53.24848 	-7.0043644 	-4.1339196
-0.03003003 	0.25 	0.364 	53.25859 	-7.0178431 	-4.1358913
-0.031231231 	0.25 	0.364 	53.268701 	-7.0313219 	-4.1378631
-0.032432432 	0.25 	0.364 	53.278811 	-7.0448007 	-4.1398348
-0.033633634 	0.25 	0.364 	53.288922 	-7.0582795 	-4.1418065
-0.034834835 	0.25 	0.364 	53.299032 	-7.0717582 	-4.1437782
-0.036036036 	0.25 	0.364 	53.309143 	-7.085237 	-4.1457499
-0.037237237 	0.25 	0.364 	53.319254 	-7.0987158 	-4.1477216
-0.038438438 	0.25 	0.364 	53.329364 	-7.1121946 	-4.1496933
-0.03963964 	0.25 	0.364 	53.339475 	-7.1256733 	-4.1516651
-0.040840841 	0.25 	0.364 	53.349585 	-7.1391521 	-4.1536368
-0.042042042 	0.25 	0.364 	53.359696 	-7.1526309 	-4.1556085
-0.043243243 	0.25 	0.364 	53.369806 	-7.1661097 	-4.1575802
-0.044444444 	0.25 	0.364 	53.379917 	-7.1795884 	-4.1595519
-0.045645646 	0.25 	0.364 	53.390028 	-7.1930672 	-4.1615236
-0.046846847 	0.25 	0.364 	53.400138 	-7.206546 	-4.1634953
-0.048048048 	0.25 	0.364 	53.410249 	-7.2200248 	-4.1654671
-0.049249249 	0.25 	0.364 	53.420359 	-7.2335036 	-4.1674388
-0.05045045 	0.25 	0.364 	53.43047 	-7.2469823 	-4.1694105
-0.051651652 	0.25 	0.364 	53.44058 	-7.2604611 	-4.1713822
-0.052852853 	0.25 	0.364 	53.450691 	-7.2739399 	-4.1733539
-0.054054054 	0.25 	0.364 	53.460801 	-7.2874187 	-4.1753256
-0.055255255 	0.25 	0.364 	53.470953 	-7.3008704 	-4.1772924
-0.056456456 	0.25 	0.364 	53.482348 	-7.3135 	-4.1791089
-0.057657658 	0.25 	0.364 	53.493743 	-7.3261295 	-4.1809255
-0.058858859 	0.25 	0.364 	53.505138 	-7.338759 	-4.182742
-0.06006006 	0.25 	0.364 	53.516534 	-7.3513885 	-4.1845586
-0.061261261 	0.25 	0.364 	53.528214 	-7.3671334 	-4.186095
-0.062462462 	0.25 	0.364 	53.539905 	-7.3829947 	-4.1876209
-0.063663664 	0.25 	0.364 	53.551596 	-7.398856 	-4.1891469
-0.064864865 	0.25 	0.364 	53.563287 	-7.4147173 	-4.1906729
-0.066066066 	0.25 	0.364 	53.576664 	-7.4281595 	-4.1923801
-0.067267267 	0.25 	0.364 	53.590222 	-7.4413435 	-4.1941067
-0.068468468 	0.25 	0.364 	53.603779 	-7.4545275 	-4.1958333
-0.06966967 	0.25 	0.364 	53.617336 	-7.4677114 	-4.1975599
-0.070870871 	0.25 	0.364 	53.630893 	-7.4808954 	-4.1992864
-0.072072072 	0.25 	0.364 	53.64445 	-7.4940794 	-4.201013
-0.073273273 	0.25 	0.364 	53.658008 	-7.5072633 	-4.2027396
-0.074474474 	0.25 	0.364 	53.671565 	-7.5204473 	-4.2044662
-0.075675676 	0.25 	0.364 	53.685122 	-7.5336312 	-4.2061928
-0.076876877 	0.25 	0.364 	53.698679 	-7.5468152 	-4.2079194
-0.078078078 	0.25 	0.364 	53.712236 	-7.5599992 	-4.209646
-0.079279279 	0.25 	0.364 	53.725794 	-7.5731831 	-4.2113726
-0.08048048 	0.25 	0.364 	53.739351 	-7.5863671 	-4.2130992
-0.081681682 	0.25 	0.364 	53.752908 	-7.5995511 	-4.2148257
-0.082882883 	0.25 	0.364 	53.766465 	-7.612735 	-4.2165523
-0.084084084 	0.25 	0.364 	53.780023 	-7.625919 	-4.2182789
-0.085285285 	0.25 	0.364 	53.79358 	-7.639103 	-4.2200055
-0.086486486 	0.25 	0.364 	53.807137 	-7.6522869 	-4.2217321
-0.087687688 	0.25 	0.364 	53.820694 	-7.6654709 	-4.2234587
-0.088888889 	0.25 	0.364 	53.834251 	-7.6786549 	-4.2251853
-0.09009009 	0.25 	0.364 	53.847809 	-7.6918388 	-4.2269119
-0.091291291 	0.25 	0.364 	53.861366 	-7.7050228 	-4.2286385
-0.092492492 	0.25 	0.364 	53.874923 	-7.7182068 	-4.230365
-0.093693694 	0.25 	0.364 	53.88848 	-7.7313907 	-4.2320916
-0.094894895 	0.25 	0.364 	53.902038 	-7.7445747 	-4.2338182
-0.096096096 	0.25 	0.364 	53.915595 	-7.7577587 	-4.2355448
-0.097297297 	0.25 	0.364 	53.929152 	-7.7709426 	-4.2372714
-0.098498498 	0.25 	0.364 	53.942709 	-7.7841266 	-4.238998
-0.0996997 	0.25 	0.364 	53.956266 	-7.7973106 	-4.2407246
-0.1009009 	0.25 	0.364 	53.969308 	-7.8091352 	-4.2423157
-0.1021021 	0.25 	0.364 	53.982319 	-7.8208807 	-4.243899
-0.1033033 	0.25 	0.364 	53.99533 	-7.8326262 	-4.2454823
-0.1045045 	0.25 	0.364 	54.008342 	-7.8443717 	-4.2470655
-0.10570571 	0.25 	0.364 	54.021353 	-7.8561172 	-4.2486488
-0.10690691 	0.25 	0.364 	54.034364 	-7.8678627 	-4.2502321
-0.10810811 	0.25 	0.364 	54.047376 	-7.8796081 	-4.2518153
-0.10930931 	0.25 	0.364 	54.060387 	-7.8913536 	-4.2533986
-0.11051051 	0.25 	0.364 	54.073399 	-7.9030991 	-4.2549819
-0.11171171 	0.25 	0.364 	54.08641 	-7.9148446 	-4.2565651
-0.11291291 	0.25 	0.364 	54.099421 	-7.9265901 	-4.2581484
-0.11411411 	0.25 	0.364 	54.112433 	-7.9383355 	-4.2597317
-0.11531532 	0.25 	0.364 	54.125444 	-7.950081 	-4.261315
-0.11651652 	0.25 	0.364 	54.139008 	-7.9611757 	-4.2628813
-0.11771772 	0.25 	0.364 	54.15408 	-7.9704963 	-4.2644016
-0.11891892 	0.25 	0.364 	54.169151 	-7.9798169 	-4.265922
-0.12012012 	0.25 	0.364 	54.184222 	-7.9891375 	-4.2674423
-0.12132132 	0.25 	0.364 	54.199149 	-7.9989534 	-4.26894
-0.12252252 	0.25 	0.364 	54.213527 	-8.0106565 	-4.2703519
-0.12372372 	0.25 	0.364 	54.227904 	-8.0223596 	-4.2717637
-0.12492492 	0.25 	0.364 	54.242281 	-8.0340626 	-4.2731755
-0.12612613 	0.25 	0.364 	54.256972 	-8.04578 	-4.2745706
-0.12732733 	0.25 	0.364 	54.273438 	-8.0575781 	-4.2758711
-0.12852853 	0.25 	0.364 	54.289903 	-8.0693762 	-4.2771716
-0.12972973 	0.25 	0.364 	54.306369 	-8.0811743 	-4.278472
-0.13093093 	0.25 	0.364 	54.322834 	-8.0929724 	-4.2797725
-0.13213213 	0.25 	0.364 	54.3393 	-8.1047706 	-4.2810729
-0.13333333 	0.25 	0.364 	54.355765 	-8.1165687 	-4.2823734
-0.13453453 	0.25 	0.364 	54.372231 	-8.1283668 	-4.2836739
-0.13573574 	0.25 	0.364 	54.388697 	-8.1401649 	-4.2849743
-0.13693694 	0.25 	0.364 	54.405162 	-8.151963 	-4.2862748
-0.13813814 	0.25 	0.364 	54.421628 	-8.1637612 	-4.2875752
-0.13933934 	0.25 	0.364 	54.438093 	-8.1755593 	-4.2888757
-0.14054054 	0.25 	0.364 	54.454559 	-8.1873574 	-4.2901762
-0.14174174 	0.25 	0.364 	54.471024 	-8.1991555 	-4.2914766
-0.14294294 	0.25 	0.364 	54.487951 	-8.211101 	-4.2928583
-0.14414414 	0.25 	0.364 	54.505143 	-8.2231317 	-4.2942869
-0.14534535 	0.25 	0.364 	54.522336 	-8.2351624 	-4.2957155
-0.14654655 	0.25 	0.364 	54.539529 	-8.2471931 	-4.2971441
-0.14774775 	0.25 	0.364 	54.556722 	-8.2592238 	-4.2985727
-0.14894895 	0.25 	0.364 	54.573914 	-8.2712545 	-4.3000013
-0.15015015 	0.25 	0.364 	54.591107 	-8.2832851 	-4.3014299
-0.15135135 	0.25 	0.364 	54.6083 	-8.2953158 	-4.3028585
-0.15255255 	0.25 	0.364 	54.625493 	-8.3073465 	-4.3042871
-0.15375375 	0.25 	0.364 	54.642685 	-8.3193772 	-4.3057157
-0.15495495 	0.25 	0.364 	54.659878 	-8.3314079 	-4.3071444
-0.15615616 	0.25 	0.364 	54.677071 	-8.3434386 	-4.308573
-0.15735736 	0.25 	0.364 	54.694264 	-8.3554693 	-4.3100016
-0.15855856 	0.25 	0.364 	54.711456 	-8.3675 	-4.3114302
-0.15975976 	0.25 	0.364 	54.728649 	-8.3795307 	-4.3128588
-0.16096096 	0.25 	0.364 	54.745842 	-8.3915614 	-4.3142874
-0.16216216 	0.25 	0.364 	54.763035 	-8.4035921 	-4.315716
-0.16336336 	0.25 	0.364 	54.780227 	-8.4156228 	-4.3171446
-0.16456456 	0.25 	0.364 	54.79742 	-8.4276534 	-4.3185732
-0.16576577 	0.25 	0.364 	54.814613 	-8.4396841 	-4.3200018
-0.16696697 	0.25 	0.364 	54.831806 	-8.4517148 	-4.3214304
-0.16816817 	0.25 	0.364 	54.848998 	-8.4637455 	-4.322859
-0.16936937 	0.25 	0.364 	54.866191 	-8.4757762 	-4.3242877
-0.17057057 	0.25 	0.364 	54.883384 	-8.4878069 	-4.3257163
-0.17177177 	0.25 	0.364 	54.900577 	-8.4998376 	-4.3271449
-0.17297297 	0.25 	0.364 	54.917769 	-8.5118683 	-4.3285735
-0.17417417 	0.25 	0.364 	54.934962 	-8.523899 	-4.3300021
-0.17537538 	0.25 	0.364 	54.952155 	-8.5359297 	-4.3314307
-0.17657658 	0.25 	0.364 	54.969348 	-8.5479604 	-4.3328593
-0.17777778 	0.25 	0.364 	54.987729 	-8.5601441 	-4.334161
-0.17897898 	0.25 	0.364 	55.007123 	-8.5724584 	-4.3353543
-0.18018018 	0.25 	0.364 	55.026518 	-8.5847728 	-4.3365477
-0.18138138 	0.25 	0.364 	55.045913 	-8.5970871 	-4.3377411
-0.18258258 	0.25 	0.364 	55.064966 	-8.6099629 	-4.3388243
-0.18378378 	0.25 	0.364 	55.083652 	-8.6234444 	-4.3397888
-0.18498498 	0.25 	0.364 	55.102338 	-8.6369259 	-4.3407532
-0.18618619 	0.25 	0.364 	55.121024 	-8.6504074 	-4.3417177
-0.18738739 	0.25 	0.364 	55.140234 	-8.6629314 	-4.3426928
-0.18858859 	0.25 	0.364 	55.160166 	-8.6741406 	-4.3436826
-0.18978979 	0.25 	0.364 	55.180097 	-8.6853498 	-4.3446724
-0.19099099 	0.25 	0.364 	55.200028 	-8.696559 	-4.3456622
-0.19219219 	0.25 	0.364 	55.219959 	-8.7077681 	-4.346652
-0.19339339 	0.25 	0.364 	55.23989 	-8.7189773 	-4.3476418
-0.19459459 	0.25 	0.364 	55.259821 	-8.7301865 	-4.3486316
-0.1957958 	0.25 	0.364 	55.279752 	-8.7413957 	-4.3496214
-0.196997 	0.25 	0.364 	55.299683 	-8.7526049 	-4.3506112
-0.1981982 	0.25 	0.364 	55.319615 	-8.763814 	-4.351601
-0.1993994 	0.25 	0.364 	55.339546 	-8.7750232 	-4.3525908
-0.2006006 	0.25 	0.364 	55.359477 	-8.7862324 	-4.3535806
-0.2018018 	0.25 	0.364 	55.379408 	-8.7974416 	-4.3545704
-0.203003 	0.25 	0.364 	55.399339 	-8.8086507 	-4.3555602
-0.2042042 	0.25 	0.364 	55.41927 	-8.8198599 	-4.35655
-0.20540541 	0.25 	0.364 	55.439201 	-8.8310691 	-4.3575398
-0.20660661 	0.25 	0.364 	55.459133 	-8.8422783 	-4.3585296
-0.20780781 	0.25 	0.364 	55.479064 	-8.8534874 	-4.3595194
-0.20900901 	0.25 	0.364 	55.498995 	-8.8646966 	-4.3605092
-0.21021021 	0.25 	0.364 	55.518926 	-8.8759058 	-4.361499
-0.21141141 	0.25 	0.364 	55.538857 	-8.887115 	-4.3624888
-0.21261261 	0.25 	0.364 	55.558788 	-8.8983241 	-4.3634786
-0.21381381 	0.25 	0.364 	55.578719 	-8.9095333 	-4.3644684
-0.21501502 	0.25 	0.364 	55.59865 	-8.9207425 	-4.3654582
-0.21621622 	0.25 	0.364 	55.618582 	-8.9319517 	-4.366448
-0.21741742 	0.25 	0.364 	55.638513 	-8.9431608 	-4.3674378
-0.21861862 	0.25 	0.364 	55.658444 	-8.95437 	-4.3684276
-0.21981982 	0.25 	0.364 	55.678375 	-8.9655792 	-4.3694174
-0.22102102 	0.25 	0.364 	55.698306 	-8.9767884 	-4.3704072
-0.22222222 	0.25 	0.364 	55.718237 	-8.9879976 	-4.371397
-0.22342342 	0.25 	0.364 	55.737549 	-8.9984207 	-4.3722513
-0.22462462 	0.25 	0.364 	55.756848 	-9.0088269 	-4.3731027
-0.22582583 	0.25 	0.364 	55.776146 	-9.0192331 	-4.373954
-0.22702703 	0.25 	0.364 	55.795445 	-9.0296392 	-4.3748054
-0.22822823 	0.25 	0.364 	55.814743 	-9.0400454 	-4.3756567
-0.22942943 	0.25 	0.364 	55.834042 	-9.0504515 	-4.3765081
-0.23063063 	0.25 	0.364 	55.85334 	-9.0608577 	-4.3773594
-0.23183183 	0.25 	0.364 	55.872639 	-9.0712639 	-4.3782108
-0.23303303 	0.25 	0.364 	55.891937 	-9.08167 	-4.3790622
-0.23423423 	0.25 	0.364 	55.911236 	-9.0920762 	-4.3799135
-0.23543544 	0.25 	0.364 	55.930534 	-9.1024823 	-4.3807649
-0.23663664 	0.25 	0.364 	55.949833 	-9.1128885 	-4.3816162
-0.23783784 	0.25 	0.364 	55.969131 	-9.1232947 	-4.3824676
-0.23903904 	0.25 	0.364 	55.989679 	-9.1321153 	-4.3832248
-0.24024024 	0.25 	0.364 	56.010552 	-9.1405225 	-4.3839575
-0.24144144 	0.25 	0.364 	56.031424 	-9.1489296 	-4.3846902
-0.24264264 	0.25 	0.364 	56.052297 	-9.1573367 	-4.3854228
-0.24384384 	0.25 	0.364 	56.07236 	-9.166183 	-4.385989
-0.24504505 	0.25 	0.364 	56.092128 	-9.175189 	-4.3864946
-0.24624625 	0.25 	0.364 	56.111896 	-9.1841951 	-4.3870002
-0.24744745 	0.25 	0.364 	56.131664 	-9.1932012 	-4.3875057
-0.24864865 	0.25 	0.364 	56.152461 	-9.2033914 	-4.38787
-0.24984985 	0.25 	0.364 	56.173755 	-9.2141538 	-4.388166
-0.25105105 	0.25 	0.364 	56.19505 	-9.2249162 	-4.3884619
-0.25225225 	0.25 	0.364 	56.216344 	-9.2356787 	-4.3887579
-0.25345345 	0.25 	0.364 	56.237639 	-9.2464411 	-4.3890539
-0.25465465 	0.25 	0.364 	56.258933 	-9.2572035 	-4.3893498
-0.25585586 	0.25 	0.364 	56.280228 	-9.2679659 	-4.3896458
-0.25705706 	0.25 	0.364 	56.301523 	-9.2787284 	-4.3899418
-0.25825826 	0.25 	0.364 	56.322817 	-9.2894908 	-4.3902377
-0.25945946 	0.25 	0.364 	56.344112 	-9.3002532 	-4.3905337
-0.26066066 	0.25 	0.364 	56.365406 	-9.3110157 	-4.3908297
-0.26186186 	0.25 	0.364 	56.386701 	-9.3217781 	-4.3911256
-0.26306306 	0.25 	0.364 	56.407995 	-9.3325405 	-4.3914216
-0.26426426 	0.25 	0.364 	56.429741 	-9.3431522 	-4.391813
-0.26546547 	0.25 	0.364 	56.451729 	-9.3536833 	-4.3922554
-0.26666667 	0.25 	0.364 	56.473717 	-9.3642145 	-4.3926978
-0.26786787 	0.25 	0.364 	56.495705 	-9.3747456 	-4.3931401
-0.26906907 	0.25 	0.364 	56.517692 	-9.3852768 	-4.3935825
-0.27027027 	0.25 	0.364 	56.53968 	-9.3958079 	-4.3940249
-0.27147147 	0.25 	0.364 	56.561668 	-9.4063391 	-4.3944673
-0.27267267 	0.25 	0.364 	56.583655 	-9.4168702 	-4.3949097
-0.27387387 	0.25 	0.364 	56.605643 	-9.4274014 	-4.395352
-0.27507508 	0.25 	0.364 	56.627631 	-9.4379325 	-4.3957944
-0.27627628 	0.25 	0.364 	56.649618 	-9.4484637 	-4.3962368
-0.27747748 	0.25 	0.364 	56.671606 	-9.4589948 	-4.3966792
-0.27867868 	0.25 	0.364 	56.693594 	-9.469526 	-4.3971216
-0.27987988 	0.25 	0.364 	56.715581 	-9.4800571 	-4.3975639
-0.28108108 	0.25 	0.364 	56.737569 	-9.4905883 	-4.3980063
-0.28228228 	0.25 	0.364 	56.759557 	-9.5011194 	-4.3984487
-0.28348348 	0.25 	0.364 	56.781544 	-9.5116506 	-4.3988911
-0.28468468 	0.25 	0.364 	56.803532 	-9.5221817 	-4.3993334
-0.28588589 	0.25 	0.364 	56.82552 	-9.5327129 	-4.3997758
-0.28708709 	0.25 	0.364 	56.847507 	-9.543244 	-4.4002182
-0.28828829 	0.25 	0.364 	56.869495 	-9.5537752 	-4.4006606
-0.28948949 	0.25 	0.364 	56.891483 	-9.5643063 	-4.401103
-0.29069069 	0.25 	0.364 	56.91347 	-9.5748375 	-4.4015453
-0.29189189 	0.25 	0.364 	56.935458 	-9.5853686 	-4.4019877
-0.29309309 	0.25 	0.364 	56.957446 	-9.5958998 	-4.4024301
-0.29429429 	0.25 	0.364 	56.979433 	-9.6064309 	-4.4028725
-0.2954955 	0.25 	0.364 	57.001421 	-9.6169621 	-4.4033149
-0.2966967 	0.25 	0.364 	57.023409 	-9.6274932 	-4.4037572
-0.2978979 	0.25 	0.364 	57.045396 	-9.6380243 	-4.4041996
-0.2990991 	0.25 	0.364 	57.067481 	-9.6486637 	-4.4046276
-0.3003003 	0.25 	0.364 	57.091219 	-9.6611523 	-4.4048095
-0.3015015 	0.25 	0.364 	57.114956 	-9.673641 	-4.4049913
-0.3027027 	0.25 	0.364 	57.138694 	-9.6861296 	-4.4051732
-0.3039039 	0.25 	0.364 	57.162432 	-9.6986183 	-4.405355
-0.30510511 	0.25 	0.364 	57.185421 	-9.710201 	-4.4052254
-0.30630631 	0.25 	0.364 	57.208408 	-9.7217804 	-4.4050945
-0.30750751 	0.25 	0.364 	57.231394 	-9.7333597 	-4.4049637
-0.30870871 	0.25 	0.364 	57.25438 	-9.744939 	-4.4048328
-0.30990991 	0.25 	0.364 	57.278528 	-9.7546198 	-4.4046918
-0.31111111 	0.25 	0.364 	57.302755 	-9.7641707 	-4.40455
-0.31231231 	0.25 	0.364 	57.326982 	-9.7737215 	-4.4044082
-0.31351351 	0.25 	0.364 	57.351209 	-9.7832723 	-4.4042665
-0.31471471 	0.25 	0.364 	57.375436 	-9.7928232 	-4.4041247
-0.31591592 	0.25 	0.364 	57.399663 	-9.802374 	-4.4039829
-0.31711712 	0.25 	0.364 	57.42389 	-9.8119249 	-4.4038412
-0.31831832 	0.25 	0.364 	57.448118 	-9.8214757 	-4.4036994
-0.31951952 	0.25 	0.364 	57.472345 	-9.8310265 	-4.4035576
-0.32072072 	0.25 	0.364 	57.496572 	-9.8405774 	-4.4034159
-0.32192192 	0.25 	0.364 	57.520799 	-9.8501282 	-4.4032741
-0.32312312 	0.25 	0.364 	57.545026 	-9.859679 	-4.4031323
-0.32432432 	0.25 	0.364 	57.569253 	-9.8692299 	-4.4029906
-0.32552553 	0.25 	0.364 	57.59348 	-9.8787807 	-4.4028488
-0.32672673 	0.25 	0.364 	57.617707 	-9.8883316 	-4.402707
-0.32792793 	0.25 	0.364 	57.641934 	-9.8978824 	-4.4025653
-0.32912913 	0.25 	0.364 	57.666161 	-9.9074332 	-4.4024235
-0.33033033 	0.25 	0.364 	57.690388 	-9.9169841 	-4.4022817
-0.33153153 	0.25 	0.364 	57.714616 	-9.9265349 	-4.40214
-0.33273273 	0.25 	0.364 	57.738843 	-9.9360857 	-4.4019982
-0.33393393 	0.25 	0.364 	57.76307 	-9.9456366 	-4.4018564
-0.33513514 	0.25 	0.364 	57.787297 	-9.9551874 	-4.4017147
-0.33633634 	0.25 	0.364 	57.811524 	-9.9647382 	-4.4015729
-0.33753754 	0.25 	0.364 	57.835751 	-9.9742891 	-4.4014311
-0.33873874 	0.25 	0.364 	57.859978 	-9.9838399 	-4.4012894
-0.33993994 	0.25 	0.364 	57.884205 	-9.9933908 	-4.4011476
-0.34114114 	0.25 	0.364 	57.908432 	-10.002942 	-4.4010058
-0.34234234 	0.25 	0.364 	57.932659 	-10.012492 	-4.4008641
-0.34354354 	0.25 	0.364 	57.956887 	-10.022043 	-4.4007223
-0.34474474 	0.25 	0.364 	57.981114 	-10.031594 	-4.4005805
-0.34594595 	0.25 	0.364 	58.004604 	-10.041282 	-4.4002652
-0.34714715 	0.25 	0.364 	58.028069 	-10.050974 	-4.3999439
-0.34834835 	0.25 	0.364 	58.051533 	-10.060667 	-4.3996225
-0.34954955 	0.25 	0.364 	58.074998 	-10.070359 	-4.3993012
-0.35075075 	0.25 	0.364 	58.098462 	-10.080052 	-4.3989798
-0.35195195 	0.25 	0.364 	58.121927 	-10.089744 	-4.3986585
-0.35315315 	0.25 	0.364 	58.145392 	-10.099437 	-4.3983371
-0.35435435 	0.25 	0.364 	58.168856 	-10.109129 	-4.3980158
-0.35555556 	0.25 	0.364 	58.192321 	-10.118822 	-4.3976944
-0.35675676 	0.25 	0.364 	58.215785 	-10.128514 	-4.3973731
-0.35795796 	0.25 	0.364 	58.23925 	-10.138206 	-4.3970517
-0.35915916 	0.25 	0.364 	58.262715 	-10.147899 	-4.3967303
-0.36036036 	0.25 	0.364 	58.286659 	-10.157033 	-4.3964059
-0.36156156 	0.25 	0.364 	58.311702 	-10.164889 	-4.3960744
-0.36276276 	0.25 	0.364 	58.336744 	-10.172745 	-4.395743
-0.36396396 	0.25 	0.364 	58.361787 	-10.180602 	-4.3954115
-0.36516517 	0.25 	0.364 	58.386807 	-10.188055 	-4.3950176
-0.36636637 	0.25 	0.364 	58.411758 	-10.194257 	-4.3944303
-0.36756757 	0.25 	0.364 	58.436708 	-10.20046 	-4.393843
-0.36876877 	0.25 	0.364 	58.461658 	-10.206663 	-4.3932557
-0.36996997 	0.25 	0.364 	58.486785 	-10.212742 	-4.392601
-0.37117117 	0.25 	0.364 	58.512692 	-10.218276 	-4.3916498
-0.37237237 	0.25 	0.364 	58.538599 	-10.223809 	-4.3906986
-0.37357357 	0.25 	0.364 	58.564506 	-10.229343 	-4.3897475
-0.37477477 	0.25 	0.364 	58.590413 	-10.234877 	-4.3887963
-0.37597598 	0.25 	0.364 	58.61632 	-10.24041 	-4.3878451
-0.37717718 	0.25 	0.364 	58.642227 	-10.245944 	-4.3868939
-0.37837838 	0.25 	0.364 	58.668134 	-10.251478 	-4.3859428
-0.37957958 	0.25 	0.364 	58.694041 	-10.257011 	-4.3849916
-0.38078078 	0.25 	0.364 	58.719948 	-10.262545 	-4.3840404
-0.38198198 	0.25 	0.364 	58.745855 	-10.268079 	-4.3830892
-0.38318318 	0.25 	0.364 	58.771761 	-10.273612 	-4.3821381
-0.38438438 	0.25 	0.364 	58.797668 	-10.279146 	-4.3811869
-0.38558559 	0.25 	0.364 	58.824065 	-10.286363 	-4.3803255
-0.38678679 	0.25 	0.364 	58.850658 	-10.294252 	-4.3794999
-0.38798799 	0.25 	0.364 	58.877251 	-10.302141 	-4.3786744
-0.38918919 	0.25 	0.364 	58.903844 	-10.310031 	-4.3778489
-0.39039039 	0.25 	0.364 	58.930436 	-10.31792 	-4.3770234
-0.39159159 	0.25 	0.364 	58.957029 	-10.32581 	-4.3761979
-0.39279279 	0.25 	0.364 	58.983622 	-10.333699 	-4.3753723
-0.39399399 	0.25 	0.364 	59.010215 	-10.341589 	-4.3745468
-0.3951952 	0.25 	0.364 	59.036807 	-10.349478 	-4.3737213
-0.3963964 	0.25 	0.364 	59.0634 	-10.357367 	-4.3728958
-0.3975976 	0.25 	0.364 	59.089993 	-10.365257 	-4.3720702
-0.3987988 	0.25 	0.364 	59.116586 	-10.373146 	-4.3712447
-0.4 	0.25 	0.364 	59.143179 	-10.381036 	-4.3704192
-0.4012012 	0.25 	0.364 	59.169771 	-10.388925 	-4.3695937
-0.4024024 	0.25 	0.364 	59.196364 	-10.396814 	-4.3687681
-0.4036036 	0.25 	0.364 	59.222957 	-10.404704 	-4.3679426
-0.4048048 	0.25 	0.364 	59.24955 	-10.412593 	-4.3671171
-0.40600601 	0.25 	0.364 	59.276143 	-10.420483 	-4.3662916
-0.40720721 	0.25 	0.364 	59.302735 	-10.428372 	-4.3654661
-0.40840841 	0.25 	0.364 	59.329328 	-10.436262 	-4.3646405
-0.40960961 	0.25 	0.364 	59.355921 	-10.444151 	-4.363815
-0.41081081 	0.25 	0.364 	59.382514 	-10.45204 	-4.3629895
-0.41201201 	0.25 	0.364 	59.409106 	-10.45993 	-4.362164
-0.41321321 	0.25 	0.364 	59.435699 	-10.467819 	-4.3613384
-0.41441441 	0.25 	0.364 	59.462292 	-10.475709 	-4.3605129
-0.41561562 	0.25 	0.364 	59.488885 	-10.483598 	-4.3596874
-0.41681682 	0.25 	0.364 	59.515478 	-10.491488 	-4.3588619
-0.41801802 	0.25 	0.364 	59.54207 	-10.499377 	-4.3580364
-0.41921922 	0.25 	0.364 	59.568663 	-10.507266 	-4.3572108
-0.42042042 	0.25 	0.364 	59.595256 	-10.515156 	-4.3563853
-0.42162162 	0.25 	0.364 	59.622609 	-10.522736 	-4.3553975
-0.42282282 	0.25 	0.364 	59.650542 	-10.530078 	-4.3542856
-0.42402402 	0.25 	0.364 	59.678476 	-10.537421 	-4.3531737
-0.42522523 	0.25 	0.364 	59.70641 	-10.544764 	-4.3520617
-0.42642643 	0.25 	0.364 	59.734424 	-10.552712 	-4.3508536
-0.42762763 	0.25 	0.364 	59.762517 	-10.561246 	-4.3495521
-0.42882883 	0.25 	0.364 	59.79061 	-10.56978 	-4.3482506
-0.43003003 	0.25 	0.364 	59.818703 	-10.578314 	-4.346949
-0.43123123 	0.25 	0.364 	59.847038 	-10.58562 	-4.3455291
-0.43243243 	0.25 	0.364 	59.875674 	-10.591407 	-4.3439627
-0.43363363 	0.25 	0.364 	59.904309 	-10.597194 	-4.3423963
-0.43483483 	0.25 	0.364 	59.932944 	-10.602982 	-4.34083
-0.43603604 	0.25 	0.364 	59.96158 	-10.608769 	-4.3392636
-0.43723724 	0.25 	0.364 	59.990215 	-10.614556 	-4.3376972
-0.43843844 	0.25 	0.364 	60.018851 	-10.620344 	-4.3361309
-0.43963964 	0.25 	0.364 	60.047486 	-10.626131 	-4.3345645
-0.44084084 	0.25 	0.364 	60.076121 	-10.631918 	-4.3329981
-0.44204204 	0.25 	0.364 	60.104757 	-10.637706 	-4.3314318
-0.44324324 	0.25 	0.364 	60.133392 	-10.643493 	-4.3298654
-0.44444444 	0.25 	0.364 	60.162028 	-10.64928 	-4.3282991
-0.44564565 	0.25 	0.364 	60.190663 	-10.655068 	-4.3267327
-0.44684685 	0.25 	0.364 	60.219299 	-10.660855 	-4.3251663
-0.44804805 	0.25 	0.364 	60.247934 	-10.666642 	-4.3236
-0.44924925 	0.25 	0.364 	60.276569 	-10.67243 	-4.3220336
-0.45045045 	0.25 	0.364 	60.305205 	-10.678217 	-4.3204672
-0.45165165 	0.25 	0.364 	60.33384 	-10.684004 	-4.3189009
-0.45285285 	0.25 	0.364 	60.362476 	-10.689792 	-4.3173345
-0.45405405 	0.25 	0.364 	60.391111 	-10.695579 	-4.3157681
-0.45525526 	0.25 	0.364 	60.419746 	-10.701366 	-4.3142018
-0.45645646 	0.25 	0.364 	60.448382 	-10.707154 	-4.3126354
-0.45765766 	0.25 	0.364 	60.477017 	-10.712941 	-4.311069
-0.45885886 	0.25 	0.364 	60.505653 	-10.718728 	-4.3095027
-0.46006006 	0.25 	0.364 	60.534288 	-10.724516 	-4.3079363
-0.46126126 	0.25 	0.364 	60.562924 	-10.730303 	-4.30637
-0.46246246 	0.25 	0.364 	60.591559 	-10.73609 	-4.3048036
-0.46366366 	0.25 	0.364 	60.620194 	-10.741878 	-4.3032372
-0.46486486 	0.25 	0.364 	60.64883 	-10.747665 	-4.3016709
-0.46606607 	0.25 	0.364 	60.677465 	-10.753452 	-4.3001045
-0.46726727 	0.25 	0.364 	60.706101 	-10.75924 	-4.2985381
-0.46846847 	0.25 	0.364 	60.734834 	-10.765932 	-4.296845
-0.46966967 	0.25 	0.364 	60.763582 	-10.772765 	-4.2951322
-0.47087087 	0.25 	0.364 	60.79233 	-10.779598 	-4.2934194
-0.47207207 	0.25 	0.364 	60.821078 	-10.786432 	-4.2917066
-0.47327327 	0.25 	0.364 	60.849827 	-10.793265 	-4.2899938
-0.47447447 	0.25 	0.364 	60.878575 	-10.800098 	-4.2882809
-0.47567568 	0.25 	0.364 	60.907323 	-10.806931 	-4.2865681
-0.47687688 	0.25 	0.364 	60.936071 	-10.813764 	-4.2848553
-0.47807808 	0.25 	0.364 	60.96482 	-10.820597 	-4.2831425
-0.47927928 	0.25 	0.364 	60.993568 	-10.827431 	-4.2814296
-0.48048048 	0.25 	0.364 	61.022316 	-10.834264 	-4.2797168
-0.48168168 	0.25 	0.364 	61.051064 	-10.841097 	-4.278004
-0.48288288 	0.25 	0.364 	61.080642 	-10.845835 	-4.2762512
-0.48408408 	0.25 	0.364 	61.110408 	-10.850094 	-4.2744892
-0.48528529 	0.25 	0.364 	61.140175 	-10.854353 	-4.2727272
-0.48648649 	0.25 	0.364 	61.169941 	-10.858613 	-4.2709652
-0.48768769 	0.25 	0.364 	61.201759 	-10.864444 	-4.2689037
-0.48888889 	0.25 	0.364 	61.234248 	-10.870789 	-4.2667443
-0.49009009 	0.25 	0.364 	61.266737 	-10.877134 	-4.2645848
-0.49129129 	0.25 	0.364 	61.299226 	-10.88348 	-4.2624253
-0.49249249 	0.25 	0.364 	61.330689 	-10.888453 	-4.2600881
-0.49369369 	0.25 	0.364 	61.361697 	-10.892819 	-4.2576722
-0.49489489 	0.25 	0.364 	61.392705 	-10.897186 	-4.2552562
-0.4960961 	0.25 	0.364 	61.423713 	-10.901552 	-4.2528403
-0.4972973 	0.25 	0.364 	61.454721 	-10.905918 	-4.2504243
-0.4984985 	0.25 	0.364 	61.485729 	-10.910284 	-4.2480084
-0.4996997 	0.25 	0.364 	61.516737 	-10.91465 	-4.2455925
-0.5009009 	0.25 	0.364 	61.547745 	-10.919016 	-4.2431765
-0.5021021 	0.25 	0.364 	61.578753 	-10.923383 	-4.2407606
-0.5033033 	0.25 	0.364 	61.609761 	-10.927749 	-4.2383447
-0.5045045 	0.25 	0.364 	61.640769 	-10.932115 	-4.2359287
-0.50570571 	0.25 	0.364 	61.671777 	-10.936481 	-4.2335128
-0.50690691 	0.25 	0.364 	61.708547 	-10.944274 	-4.230712
-0.50810811 	0.25 	0.364 	61.746397 	-10.952708 	-4.2278391
-0.50930931 	0.25 	0.364 	61.784246 	-10.961143 	-4.2249662
-0.51051051 	0.25 	0.364 	61.822095 	-10.969578 	-4.2220933
-0.51171171 	0.25 	0.364 	61.859944 	-10.978012 	-4.2192204
-0.51291291 	0.25 	0.364 	61.897794 	-10.986447 	-4.2163475
-0.51411411 	0.25 	0.364 	61.935643 	-10.994882 	-4.2134746
-0.51531532 	0.25 	0.364 	61.973492 	-11.003316 	-4.2106017
-0.51651652 	0.25 	0.364 	62.011341 	-11.011751 	-4.2077288
-0.51771772 	0.25 	0.364 	62.049191 	-11.020186 	-4.2048559
-0.51891892 	0.25 	0.364 	62.08704 	-11.02862 	-4.201983
-0.52012012 	0.25 	0.364 	62.123818 	-11.037101 	-4.1991704
-0.52132132 	0.25 	0.364 	62.15426 	-11.045854 	-4.1967141
-0.52252252 	0.25 	0.364 	62.184701 	-11.054608 	-4.1942579
-0.52372372 	0.25 	0.364 	62.215143 	-11.063361 	-4.1918017
-0.52492492 	0.25 	0.364 	62.245585 	-11.072114 	-4.1893455
-0.52612613 	0.25 	0.364 	62.276026 	-11.080868 	-4.1868893
-0.52732733 	0.25 	0.364 	62.306468 	-11.089621 	-4.1844331
-0.52852853 	0.25 	0.364 	62.336909 	-11.098375 	-4.1819769
-0.52972973 	0.25 	0.364 	62.367351 	-11.107128 	-4.1795207
-0.53093093 	0.25 	0.364 	62.397793 	-11.115881 	-4.1770645
-0.53213213 	0.25 	0.364 	62.428234 	-11.124635 	-4.1746083
-0.53333333 	0.25 	0.364 	62.458676 	-11.133388 	-4.1721521
-0.53453453 	0.25 	0.364 	62.489117 	-11.142142 	-4.1696958
-0.53573574 	0.25 	0.364 	62.519559 	-11.150895 	-4.1672396
-0.53693694 	0.25 	0.364 	62.550001 	-11.159648 	-4.1647834
-0.53813814 	0.25 	0.364 	62.580442 	-11.168402 	-4.1623272
-0.53933934 	0.25 	0.364 	62.610884 	-11.177155 	-4.159871
-0.54054054 	0.25 	0.364 	62.641325 	-11.185909 	-4.1574148
-0.54174174 	0.25 	0.364 	62.671767 	-11.194662 	-4.1549586
-0.54294294 	0.25 	0.364 	62.702597 	-11.203277 	-4.1524759
-0.54414414 	0.25 	0.364 	62.739274 	-11.209807 	-4.1495954
-0.54534535 	0.25 	0.364 	62.775951 	-11.216338 	-4.1467149
-0.54654655 	0.25 	0.364 	62.812628 	-11.222868 	-4.1438344
-0.54774775 	0.25 	0.364 	62.849291 	-11.229398 	-4.1409541
-0.54894895 	0.25 	0.364 	62.88054 	-11.235542 	-4.1381594
-0.55015015 	0.25 	0.364 	62.911789 	-11.241686 	-4.1353647
-0.55135135 	0.25 	0.364 	62.940253 	-11.250218 	-4.1325772
-0.55255255 	0.25 	0.364 	62.968639 	-11.258817 	-4.1297899
-0.55375375 	0.25 	0.364 	62.997024 	-11.267416 	-4.1270026
-0.55495495 	0.25 	0.364 	63.025409 	-11.276015 	-4.1242152
-0.55615616 	0.25 	0.364 	63.053794 	-11.284614 	-4.1214279
-0.55735736 	0.25 	0.364 	63.08218 	-11.293213 	-4.1186406
-0.55855856 	0.25 	0.364 	63.110565 	-11.301813 	-4.1158533
-0.55975976 	0.25 	0.364 	63.13895 	-11.310412 	-4.113066
-0.56096096 	0.25 	0.364 	63.167336 	-11.319011 	-4.1102787
-0.56216216 	0.25 	0.364 	63.195721 	-11.32761 	-4.1074914
-0.56336336 	0.25 	0.364 	63.224106 	-11.336209 	-4.1047041
-0.56456456 	0.25 	0.364 	63.252492 	-11.344808 	-4.1019167
-0.56576577 	0.25 	0.364 	63.280877 	-11.353408 	-4.0991294
-0.56696697 	0.25 	0.364 	63.310684 	-11.360111 	-4.0961298
-0.56816817 	0.25 	0.364 	63.342635 	-11.363956 	-4.0928102
-0.56936937 	0.25 	0.364 	63.374586 	-11.367801 	-4.0894906
-0.57057057 	0.25 	0.364 	63.406537 	-11.371646 	-4.0861709
-0.57177177 	0.25 	0.364 	63.438488 	-11.375491 	-4.0828513
-0.57297297 	0.25 	0.364 	63.470438 	-11.379337 	-4.0795317
-0.57417417 	0.25 	0.364 	63.502389 	-11.383182 	-4.0762121
-0.57537538 	0.25 	0.364 	63.53434 	-11.387027 	-4.0728924
-0.57657658 	0.25 	0.364 	63.564524 	-11.392541 	-4.0697475
-0.57777778 	0.25 	0.364 	63.593779 	-11.398932 	-4.0666944
-0.57897898 	0.25 	0.364 	63.627263 	-11.406045 	-4.0632089
-0.58018018 	0.25 	0.364 	63.663281 	-11.413591 	-4.0594644
-0.58138138 	0.25 	0.364 	63.69571 	-11.418646 	-4.0558316
-0.58258258 	0.25 	0.364 	63.725693 	-11.422003 	-4.0522748
-0.58378378 	0.25 	0.364 	63.755676 	-11.42536 	-4.048718
-0.58498498 	0.25 	0.364 	63.78566 	-11.428717 	-4.0451612
-0.58618619 	0.25 	0.364 	63.815643 	-11.432074 	-4.0416044
-0.58738739 	0.25 	0.364 	63.845626 	-11.435431 	-4.0380476
-0.58858859 	0.25 	0.364 	63.87561 	-11.438789 	-4.0344908
-0.58978979 	0.25 	0.364 	63.905593 	-11.442146 	-4.030934
-0.59099099 	0.25 	0.364 	63.937698 	-11.445724 	-4.0272695
-0.59219219 	0.25 	0.364 	63.970565 	-11.449382 	-4.0235665
-0.59339339 	0.25 	0.364 	64.003431 	-11.45304 	-4.0198634
-0.59459459 	0.25 	0.364 	64.036298 	-11.456699 	-4.0161603
-0.5957958 	0.25 	0.364 	64.069164 	-11.460357 	-4.0124572
-0.596997 	0.25 	0.364 	64.102031 	-11.464015 	-4.0087542
-0.5981982 	0.25 	0.364 	64.134897 	-11.467673 	-4.0050511
-0.5993994 	0.25 	0.364 	64.167764 	-11.471331 	-4.001348
-0.6006006 	0.25 	0.364 	64.20063 	-11.474989 	-3.9976449
-0.6018018 	0.25 	0.364 	64.233497 	-11.478647 	-3.9939419
-0.603003 	0.25 	0.364 	64.266363 	-11.482305 	-3.9902388
-0.6042042 	0.25 	0.364 	64.29923 	-11.485963 	-3.9865357
-0.60540541 	0.25 	0.364 	64.332096 	-11.489621 	-3.9828327
-0.60660661 	0.25 	0.364 	64.363401 	-11.492142 	-3.9792832
-0.60780781 	0.25 	0.364 	64.390587 	-11.491662 	-3.9761389
-0.60900901 	0.25 	0.364 	64.419806 	-11.491008 	-3.9727768
-0.61021021 	0.25 	0.364 	64.45531 	-11.489815 	-3.9687418
-0.61141141 	0.25 	0.364 	64.490418 	-11.488462 	-3.9646902
-0.61261261 	0.25 	0.364 	64.52407 	-11.486513 	-3.960577
-0.61381381 	0.25 	0.364 	64.557723 	-11.484564 	-3.9564638
-0.61501502 	0.25 	0.364 	64.591375 	-11.482616 	-3.9523507
-0.61621622 	0.25 	0.364 	64.625028 	-11.480667 	-3.9482375
-0.61741742 	0.25 	0.364 	64.65868 	-11.478719 	-3.9441243
-0.61861862 	0.25 	0.364 	64.692333 	-11.47677 	-3.9400112
-0.61981982 	0.25 	0.364 	64.725985 	-11.474821 	-3.935898
-0.62102102 	0.25 	0.364 	64.759638 	-11.472873 	-3.9317848
-0.62222222 	0.25 	0.364 	64.79329 	-11.470924 	-3.9276717
-0.62342342 	0.25 	0.364 	64.826943 	-11.468975 	-3.9235585
-0.62462462 	0.25 	0.364 	64.860595 	-11.467027 	-3.9194453
-0.62582583 	0.25 	0.364 	64.894248 	-11.465078 	-3.9153322
-0.62702703 	0.25 	0.364 	64.9279 	-11.463129 	-3.911219
-0.62822823 	0.25 	0.364 	64.958704 	-11.464217 	-3.9073322
-0.62942943 	0.25 	0.364 	64.989319 	-11.465506 	-3.9034605
-0.63063063 	0.25 	0.364 	65.019934 	-11.466794 	-3.8995888
-0.63183183 	0.25 	0.364 	65.050548 	-11.468083 	-3.8957171
-0.63303303 	0.25 	0.364 	65.081163 	-11.469372 	-3.8918453
-0.63423423 	0.25 	0.364 	65.111778 	-11.470661 	-3.8879736
-0.63543544 	0.25 	0.364 	65.142392 	-11.47195 	-3.8841019
-0.63663664 	0.25 	0.364 	65.173007 	-11.473239 	-3.8802302
-0.63783784 	0.25 	0.364 	65.202288 	-11.473896 	-3.8766476
-0.63903904 	0.25 	0.364 	65.231405 	-11.474476 	-3.8731007
-0.64024024 	0.25 	0.364 	65.266442 	-11.477163 	-3.868858
-0.64144144 	0.25 	0.364 	65.302444 	-11.480194 	-3.864502
-0.64264264 	0.25 	0.364 	65.334945 	-11.481289 	-3.8602305
-0.64384384 	0.25 	0.364 	65.366726 	-11.481985 	-3.8559765
-0.64504505 	0.25 	0.364 	65.398506 	-11.482681 	-3.8517224
-0.64624625 	0.25 	0.364 	65.430286 	-11.483377 	-3.8474683
-0.64744745 	0.25 	0.364 	65.462066 	-11.484073 	-3.8432142
-0.64864865 	0.25 	0.364 	65.493846 	-11.48477 	-3.8389602
-0.64984985 	0.25 	0.364 	65.525626 	-11.485466 	-3.8347061
-0.65105105 	0.25 	0.364 	65.557406 	-11.486162 	-3.830452
-0.65225225 	0.25 	0.364 	65.590869 	-11.486842 	-3.8260648
-0.65345345 	0.25 	0.364 	65.625182 	-11.487514 	-3.8216103
-0.65465465 	0.25 	0.364 	65.659495 	-11.488187 	-3.8171559
-0.65585586 	0.25 	0.364 	65.693809 	-11.488859 	-3.8127014
-0.65705706 	0.25 	0.364 	65.728122 	-11.489531 	-3.8082469
-0.65825826 	0.25 	0.364 	65.762436 	-11.490203 	-3.8037924
-0.65945946 	0.25 	0.364 	65.796749 	-11.490875 	-3.7993379
-0.66066066 	0.25 	0.364 	65.831062 	-11.491547 	-3.7948834
-0.66186186 	0.25 	0.364 	65.865376 	-11.492219 	-3.7904289
-0.66306306 	0.25 	0.364 	65.899689 	-11.492892 	-3.7859744
-0.66426426 	0.25 	0.364 	65.934002 	-11.493564 	-3.7815199
-0.66546547 	0.25 	0.364 	65.968316 	-11.494236 	-3.7770655
-0.66666667 	0.25 	0.364 	66.002629 	-11.494908 	-3.772611
-0.66786787 	0.25 	0.364 	66.035104 	-11.494443 	-3.7684767
-0.66906907 	0.25 	0.364 	66.065793 	-11.492873 	-3.7646532
-0.67027027 	0.25 	0.364 	66.09871 	-11.49301 	-3.760385
-0.67147147 	0.25 	0.364 	66.134071 	-11.495019 	-3.7556286
-0.67267267 	0.25 	0.364 	66.168957 	-11.495839 	-3.7508444
-0.67387387 	0.25 	0.364 	66.203252 	-11.495184 	-3.7460258
-0.67507508 	0.25 	0.364 	66.237547 	-11.494528 	-3.7412072
-0.67627628 	0.25 	0.364 	66.271842 	-11.493872 	-3.7363886
-0.67747748 	0.25 	0.364 	66.306137 	-11.493217 	-3.7315699
-0.67867868 	0.25 	0.364 	66.340432 	-11.492561 	-3.7267513
-0.67987988 	0.25 	0.364 	66.374728 	-11.491906 	-3.7219327
-0.68108108 	0.25 	0.364 	66.409023 	-11.49125 	-3.7171141
-0.68228228 	0.25 	0.364 	66.443318 	-11.490594 	-3.7122955
-0.68348348 	0.25 	0.364 	66.477613 	-11.489939 	-3.7074769
-0.68468468 	0.25 	0.364 	66.511908 	-11.489283 	-3.7026582
-0.68588589 	0.25 	0.364 	66.546203 	-11.488628 	-3.6978396
-0.68708709 	0.25 	0.364 	66.580498 	-11.487972 	-3.693021
-0.68828829 	0.25 	0.364 	66.613765 	-11.486831 	-3.6883573
-0.68948949 	0.25 	0.364 	66.645717 	-11.485069 	-3.6838918
-0.69069069 	0.25 	0.364 	66.677668 	-11.483307 	-3.6794263
-0.69189189 	0.25 	0.364 	66.70962 	-11.481545 	-3.6749608
-0.69309309 	0.25 	0.364 	66.741572 	-11.479783 	-3.6704953
-0.69429429 	0.25 	0.364 	66.773523 	-11.478021 	-3.6660298
-0.6954955 	0.25 	0.364 	66.805475 	-11.476259 	-3.6615642
-0.6966967 	0.25 	0.364 	66.837427 	-11.474497 	-3.6570987
-0.6978979 	0.25 	0.364 	66.869261 	-11.472403 	-3.6526723
-0.6990991 	0.25 	0.364 	66.900264 	-11.46795 	-3.6485238
-0.7003003 	0.25 	0.364 	66.931582 	-11.464067 	-3.6442912
-0.7015015 	0.25 	0.364 	66.966018 	-11.465821 	-3.6392274
-0.7027027 	0.25 	0.364 	67.000571 	-11.467331 	-3.6341518
-0.7039039 	0.25 	0.364 	67.036956 	-11.465039 	-3.6288923
-0.70510511 	0.25 	0.364 	67.073342 	-11.462748 	-3.6236327
-0.70630631 	0.25 	0.364 	67.109727 	-11.460457 	-3.6183731
-0.70750751 	0.25 	0.364 	67.146113 	-11.458165 	-3.6131135
-0.70870871 	0.25 	0.364 	67.182499 	-11.455874 	-3.607854
-0.70990991 	0.25 	0.364 	67.218884 	-11.453582 	-3.6025944
-0.71111111 	0.25 	0.364 	67.25527 	-11.451291 	-3.5973348
-0.71231231 	0.25 	0.364 	67.291656 	-11.449 	-3.5920753
-0.71351351 	0.25 	0.364 	67.32682 	-11.44617 	-3.5868888
-0.71471471 	0.25 	0.364 	67.361286 	-11.443032 	-3.5817441
-0.71591592 	0.25 	0.364 	67.395752 	-11.439895 	-3.5765995
-0.71711712 	0.25 	0.364 	67.430217 	-11.436757 	-3.5714548
-0.71831832 	0.25 	0.364 	67.464683 	-11.43362 	-3.5663102
-0.71951952 	0.25 	0.364 	67.499149 	-11.430482 	-3.5611655
-0.72072072 	0.25 	0.364 	67.533615 	-11.427345 	-3.5560209
-0.72192192 	0.25 	0.364 	67.568081 	-11.424207 	-3.5508762
-0.72312312 	0.25 	0.364 	67.602547 	-11.42107 	-3.5457315
-0.72432432 	0.25 	0.364 	67.637012 	-11.417932 	-3.5405869
-0.72552553 	0.25 	0.364 	67.671478 	-11.414795 	-3.5354422
-0.72672673 	0.25 	0.364 	67.705944 	-11.411657 	-3.5302976
-0.72792793 	0.25 	0.364 	67.74041 	-11.40852 	-3.5251529
-0.72912913 	0.25 	0.364 	67.776588 	-11.40249 	-3.5202652
-0.73033033 	0.25 	0.364 	67.813414 	-11.395365 	-3.5154747
-0.73153153 	0.25 	0.364 	67.848202 	-11.389165 	-3.5104352
-0.73273273 	0.25 	0.364 	67.882088 	-11.383373 	-3.5052856
-0.73393393 	0.25 	0.364 	67.917509 	-11.376834 	-3.50003
-0.73513514 	0.25 	0.364 	67.95371 	-11.369914 	-3.4947204
-0.73633634 	0.25 	0.364 	67.989911 	-11.362995 	-3.4894109
-0.73753754 	0.25 	0.364 	68.026113 	-11.356075 	-3.4841013
-0.73873874 	0.25 	0.364 	68.062314 	-11.349155 	-3.4787917
-0.73993994 	0.25 	0.364 	68.098516 	-11.342236 	-3.4734821
-0.74114114 	0.25 	0.364 	68.134717 	-11.335316 	-3.4681726
-0.74234234 	0.25 	0.364 	68.170918 	-11.328396 	-3.462863
-0.74354354 	0.25 	0.364 	68.20712 	-11.321476 	-3.4575534
-0.74474474 	0.25 	0.364 	68.243321 	-11.314557 	-3.4522438
-0.74594595 	0.25 	0.364 	68.279523 	-11.307637 	-3.4469343
-0.74714715 	0.25 	0.364 	68.315724 	-11.300717 	-3.4416247
-0.74834835 	0.25 	0.364 	68.351926 	-11.293798 	-3.4363151
-0.74954955 	0.25 	0.364 	68.391938 	-11.285436 	-3.4304059
-0.75075075 	0.25 	0.364 	68.432346 	-11.276924 	-3.4244347
-0.75195195 	0.25 	0.364 	68.472753 	-11.268413 	-3.4184635
-0.75315315 	0.25 	0.364 	68.51316 	-11.259902 	-3.4124922
-0.75435435 	0.25 	0.364 	68.553568 	-11.251391 	-3.406521
-0.75555556 	0.25 	0.364 	68.593975 	-11.242879 	-3.4005497
-0.75675676 	0.25 	0.364 	68.634382 	-11.234368 	-3.3945785
-0.75795796 	0.25 	0.364 	68.67479 	-11.225857 	-3.3886072
-0.75915916 	0.25 	0.364 	68.716131 	-11.216972 	-3.3827968
-0.76036036 	0.25 	0.364 	68.759327 	-11.207346 	-3.3773058
-0.76156156 	0.25 	0.364 	68.802345 	-11.198535 	-3.3716987
-0.76276276 	0.25 	0.364 	68.84351 	-11.193086 	-3.365926
-0.76396396 	0.25 	0.364 	68.881098 	-11.191322 	-3.3604033
-0.76516517 	0.25 	0.364 	68.918687 	-11.189559 	-3.3548806
-0.76636637 	0.25 	0.364 	68.956275 	-11.187795 	-3.349358
-0.76756757 	0.25 	0.364 	68.993864 	-11.186031 	-3.3438353
-0.76876877 	0.25 	0.364 	69.031453 	-11.184268 	-3.3383126
-0.76996997 	0.25 	0.364 	69.069041 	-11.182504 	-3.3327899
-0.77117117 	0.25 	0.364 	69.10663 	-11.180741 	-3.3272673
-0.77237237 	0.25 	0.364 	69.144219 	-11.178977 	-3.3217446
-0.77357357 	0.25 	0.364 	69.181807 	-11.177213 	-3.3162219
-0.77477477 	0.25 	0.364 	69.221558 	-11.175069 	-3.3102936
-0.77597598 	0.25 	0.364 	69.259773 	-11.175963 	-3.3046947
-0.77717718 	0.25 	0.364 	69.295904 	-11.185481 	-3.2991995
-0.77837838 	0.25 	0.364 	69.331761 	-11.183037 	-3.2935233
-0.77957958 	0.25 	0.364 	69.370689 	-11.17168 	-3.2874855
-0.78078078 	0.25 	0.364 	69.411715 	-11.162043 	-3.2812121
-0.78198198 	0.25 	0.364 	69.452742 	-11.152405 	-3.2749386
-0.78318318 	0.25 	0.364 	69.493769 	-11.142768 	-3.2686652
-0.78438438 	0.25 	0.364 	69.534795 	-11.13313 	-3.2623917
-0.78558559 	0.25 	0.364 	69.575822 	-11.123493 	-3.2561183
-0.78678679 	0.25 	0.364 	69.616848 	-11.113855 	-3.2498448
-0.78798799 	0.25 	0.364 	69.657875 	-11.104218 	-3.2435713
-0.78918919 	0.25 	0.364 	69.698902 	-11.09458 	-3.2372979
-0.79039039 	0.25 	0.364 	69.739928 	-11.084943 	-3.2310244
-0.79159159 	0.25 	0.364 	69.781323 	-11.049892 	-3.2253267
-0.79279279 	0.25 	0.364 	69.822914 	-11.022526 	-3.218646
-0.79399399 	0.25 	0.364 	69.866927 	-11.005301 	-3.2120397
-0.7951952 	0.25 	0.364 	69.911255 	-10.989262 	-3.2054582
-0.7963964 	0.25 	0.364 	69.955583 	-10.973223 	-3.1988766
-0.7975976 	0.25 	0.364 	69.999911 	-10.957183 	-3.192295
-0.7987988 	0.25 	0.364 	70.044239 	-10.941144 	-3.1857134
-0.8 	0.25 	0.364 	70.088568 	-10.925105 	-3.1791318
-0.8012012 	0.25 	0.364 	70.132896 	-10.909066 	-3.1725502
-0.8024024 	0.25 	0.364 	70.177224 	-10.893026 	-3.1659686
-0.8036036 	0.25 	0.364 	70.221552 	-10.876987 	-3.159387
-0.8048048 	0.25 	0.364 	70.265752 	-10.861 	-3.1527444
-0.80600601 	0.25 	0.364 	70.310099 	-10.847392 	-3.1460386
-0.80720721 	0.25 	0.364 	70.356894 	-10.840674 	-3.1399026
-0.80840841 	0.25 	0.364 	70.403168 	-10.828896 	-3.1331722
-0.80960961 	0.25 	0.364 	70.448716 	-10.816172 	-3.126411
-0.81081081 	0.25 	0.364 	70.49506 	-10.804879 	-3.1196093
-0.81201201 	0.25 	0.364 	70.541405 	-10.793587 	-3.1128075
-0.81321321 	0.25 	0.364 	70.58775 	-10.782294 	-3.1060057
-0.81441441 	0.25 	0.364 	70.634095 	-10.771001 	-3.0992039
-0.81561562 	0.25 	0.364 	70.680439 	-10.759709 	-3.0924022
-0.81681682 	0.25 	0.364 	70.726784 	-10.748416 	-3.0856004
-0.81801802 	0.25 	0.364 	70.773129 	-10.737124 	-3.0787986
-0.81921922 	0.25 	0.364 	70.819474 	-10.725831 	-3.0719968
-0.82042042 	0.25 	0.364 	70.865818 	-10.714538 	-3.0651951
-0.82162162 	0.25 	0.364 	70.911831 	-10.702476 	-3.0587421
-0.82282282 	0.25 	0.364 	70.960095 	-10.686338 	-3.0521877
-0.82402402 	0.25 	0.364 	71.009009 	-10.669757 	-3.0451754
-0.82522523 	0.25 	0.364 	71.055628 	-10.656577 	-3.0381705
-0.82642643 	0.25 	0.364 	71.102246 	-10.643396 	-3.0311656
-0.82762763 	0.25 	0.364 	71.148865 	-10.630215 	-3.0241607
-0.82882883 	0.25 	0.364 	71.195484 	-10.617035 	-3.0171558
-0.83003003 	0.25 	0.364 	71.242102 	-10.603854 	-3.0101509
-0.83123123 	0.25 	0.364 	71.288721 	-10.590673 	-3.003146
-0.83243243 	0.25 	0.364 	71.335339 	-10.577492 	-2.9961411
-0.83363363 	0.25 	0.364 	71.381958 	-10.564312 	-2.9891362
-0.83483483 	0.25 	0.364 	71.428576 	-10.551131 	-2.9821313
-0.83603604 	0.25 	0.364 	71.476028 	-10.536843 	-2.9751083
-0.83723724 	0.25 	0.364 	71.520596 	-10.527394 	-2.96868
-0.83843844 	0.25 	0.364 	71.574045 	-10.512286 	-2.9615013
-0.83963964 	0.25 	0.364 	71.6257 	-10.495214 	-2.9541725
-0.84084084 	0.25 	0.364 	71.673555 	-10.478897 	-2.9469643
-0.84204204 	0.25 	0.364 	71.720657 	-10.462817 	-2.9397837
-0.84324324 	0.25 	0.364 	71.767759 	-10.446737 	-2.9326032
-0.84444444 	0.25 	0.364 	71.814861 	-10.430657 	-2.9254227
-0.84564565 	0.25 	0.364 	71.861964 	-10.414577 	-2.9182421
-0.84684685 	0.25 	0.364 	71.909066 	-10.398497 	-2.9110616
-0.84804805 	0.25 	0.364 	71.956168 	-10.382418 	-2.9038811
-0.84924925 	0.25 	0.364 	72.00327 	-10.366338 	-2.8967006
-0.85045045 	0.25 	0.364 	72.050372 	-10.350258 	-2.88952
-0.85165165 	0.25 	0.364 	72.096998 	-10.334173 	-2.8824242
-0.85285285 	0.25 	0.364 	72.139924 	-10.317582 	-2.876105
-0.85405405 	0.25 	0.364 	72.198488 	-10.295278 	-2.8684561
-0.85525526 	0.25 	0.364 	72.245615 	-10.276709 	-2.8610903
-0.85645646 	0.25 	0.364 	72.292741 	-10.258141 	-2.8537245
-0.85765766 	0.25 	0.364 	72.339868 	-10.239573 	-2.8463587
-0.85885886 	0.25 	0.364 	72.386994 	-10.221005 	-2.8389929
-0.86006006 	0.25 	0.364 	72.434121 	-10.202437 	-2.8316271
-0.86126126 	0.25 	0.364 	72.481247 	-10.183868 	-2.8242613
-0.86246246 	0.25 	0.364 	72.528374 	-10.1653 	-2.8168955
-0.86366366 	0.25 	0.364 	72.5755 	-10.146732 	-2.8095297
-0.86486486 	0.25 	0.364 	72.622627 	-10.128164 	-2.8021639
-0.86606607 	0.25 	0.364 	72.671269 	-10.110086 	-2.7947314
-0.86726727 	0.25 	0.364 	72.718099 	-10.094365 	-2.7876006
-0.86846847 	0.25 	0.364 	72.763788 	-10.081683 	-2.7806371
-0.86966967 	0.25 	0.364 	72.817754 	-10.067521 	-2.7728305
-0.87087087 	0.25 	0.364 	72.865477 	-10.048024 	-2.7653342
-0.87207207 	0.25 	0.364 	72.910039 	-10.027388 	-2.7581938
-0.87327327 	0.25 	0.364 	72.954602 	-10.006753 	-2.7510534
-0.87447447 	0.25 	0.364 	72.999164 	-9.986117 	-2.743913
-0.87567568 	0.25 	0.364 	73.043726 	-9.9654815 	-2.7367726
-0.87687688 	0.25 	0.364 	73.088289 	-9.9448459 	-2.7296322
-0.87807808 	0.25 	0.364 	73.132851 	-9.9242104 	-2.7224918
-0.87927928 	0.25 	0.364 	73.177414 	-9.9035748 	-2.7153514
-0.88048048 	0.25 	0.364 	73.221976 	-9.8829393 	-2.708211
-0.88168168 	0.25 	0.364 	73.266538 	-9.8623037 	-2.7010706
-0.88288288 	0.25 	0.364 	73.306867 	-9.8368989 	-2.6944775
-0.88408408 	0.25 	0.364 	73.353824 	-9.8153955 	-2.6871069
-0.88528529 	0.25 	0.364 	73.402474 	-9.7960685 	-2.6790015
-0.88648649 	0.25 	0.364 	73.449446 	-9.7760875 	-2.6707948
-0.88768769 	0.25 	0.364 	73.496419 	-9.7561065 	-2.6625881
-0.88888889 	0.25 	0.364 	73.543392 	-9.7361255 	-2.6543813
-0.89009009 	0.25 	0.364 	73.590365 	-9.7161445 	-2.6461746
-0.89129129 	0.25 	0.364 	73.642553 	-9.6875685 	-2.6380281
-0.89249249 	0.25 	0.364 	73.69669 	-9.6557816 	-2.6299041
-0.89369369 	0.25 	0.364 	73.750826 	-9.6239948 	-2.6217802
-0.89489489 	0.25 	0.364 	73.804963 	-9.5922079 	-2.6136562
-0.8960961 	0.25 	0.364 	73.859099 	-9.5604211 	-2.6055322
-0.8972973 	0.25 	0.364 	73.909545 	-9.5327307 	-2.5976493
-0.8984985 	0.25 	0.364 	73.958234 	-9.4990944 	-2.5904533
-0.8996997 	0.25 	0.364 	74.002166 	-9.4767173 	-2.5829175
-0.9009009 	0.25 	0.364 	74.052306 	-9.4483365 	-2.5749797
-0.9021021 	0.25 	0.364 	74.104932 	-9.423008 	-2.5671481
-0.9033033 	0.25 	0.364 	74.157558 	-9.3976794 	-2.5593165
-0.9045045 	0.25 	0.364 	74.210185 	-9.3723508 	-2.5514849
-0.90570571 	0.25 	0.364 	74.262811 	-9.3470223 	-2.5436533
-0.90690691 	0.25 	0.364 	74.31831 	-9.3185185 	-2.5356447
-0.90810811 	0.25 	0.364 	74.382306 	-9.280624 	-2.5271124
-0.90930931 	0.25 	0.364 	74.446303 	-9.2427296 	-2.5185801
-0.91051051 	0.25 	0.364 	74.510299 	-9.2048351 	-2.5100479
-0.91171171 	0.25 	0.364 	74.574296 	-9.1669407 	-2.5015156
-0.91291291 	0.25 	0.364 	74.638683 	-9.12858 	-2.4931779
-0.91411411 	0.25 	0.364 	74.695915 	-9.089735 	-2.4855171
-0.91531532 	0.25 	0.364 	74.736712 	-9.0551334 	-2.4779219
-0.91651652 	0.25 	0.364 	74.81219 	-9.0258231 	-2.4692838
-0.91771772 	0.25 	0.364 	74.887668 	-8.9965128 	-2.4606456
-0.91891892 	0.25 	0.364 	74.963145 	-8.9672025 	-2.4520075
-0.92012012 	0.25 	0.364 	75.038623 	-8.9378922 	-2.4433694
-0.92132132 	0.25 	0.364 	75.110979 	-8.9073667 	-2.434889
-0.92252252 	0.25 	0.364 	75.170761 	-8.8719461 	-2.4270437
-0.92372372 	0.25 	0.364 	75.230543 	-8.8365255 	-2.4191985
-0.92492492 	0.25 	0.364 	75.290326 	-8.8011049 	-2.4113533
-0.92612613 	0.25 	0.364 	75.350108 	-8.7656843 	-2.4035081
-0.92732733 	0.25 	0.364 	75.402909 	-8.7287249 	-2.3956963
-0.92852853 	0.25 	0.364 	75.440991 	-8.6860999 	-2.3880222
-0.92972973 	0.25 	0.364 	75.46771 	-8.6319415 	-2.3804825
-0.93093093 	0.25 	0.364 	75.522757 	-8.5994051 	-2.3721816
-0.93213213 	0.25 	0.364 	75.611804 	-8.560684 	-2.3621531
-0.93333333 	0.25 	0.364 	75.705074 	-8.5211945 	-2.3519099
-0.93453453 	0.25 	0.364 	75.798344 	-8.481705 	-2.3416667
-0.93573574 	0.25 	0.364 	75.891615 	-8.4422156 	-2.3314236
-0.93693694 	0.25 	0.364 	75.999659 	-8.417788 	-2.3215805
-0.93813814 	0.25 	0.364 	76.070595 	-8.3763248 	-2.3125328
-0.93933934 	0.25 	0.364 	76.174323 	-8.341836 	-2.3027404
-0.94054054 	0.25 	0.364 	76.27805 	-8.3073472 	-2.292948
-0.94174174 	0.25 	0.364 	76.381778 	-8.2728583 	-2.2831555
-0.94294294 	0.25 	0.364 	76.474079 	-8.2360871 	-2.2736351
-0.94414414 	0.25 	0.364 	76.571532 	-8.2005606 	-2.2644151
-0.94534535 	0.25 	0.364 	76.634393 	-8.1525119 	-2.2556944
-0.94654655 	0.25 	0.364 	76.723747 	-8.1181376 	-2.2462355
-0.94774775 	0.25 	0.364 	76.835471 	-8.0855859 	-2.2363276
-0.94894895 	0.25 	0.364 	76.947195 	-8.0530342 	-2.2264197
-0.95015015 	0.25 	0.364 	77.058918 	-8.0204826 	-2.2165118
-0.95135135 	0.25 	0.364 	77.170642 	-7.9879309 	-2.2066039
-0.95255255 	0.25 	0.364 	77.282958 	-7.976042 	-2.1968572
-0.95375375 	0.25 	0.364 	77.399192 	-7.9401262 	-2.1869748
-0.95495495 	0.25 	0.364 	77.519854 	-7.9032433 	-2.1770356
-0.95615616 	0.25 	0.364 	77.640516 	-7.8663605 	-2.1670963
-0.95735736 	0.25 	0.364 	77.761179 	-7.8294776 	-2.157157
-0.95855856 	0.25 	0.364 	77.867075 	-7.7925038 	-2.1473717
-0.95975976 	0.25 	0.364 	77.994862 	-7.7470986 	-2.1378987
-0.96096096 	0.25 	0.364 	78.083864 	-7.6997952 	-2.1279003
-0.96216216 	0.25 	0.364 	78.202459 	-7.6455061 	-2.1179392
-0.96336336 	0.25 	0.364 	78.327251 	-7.5908859 	-2.1079705
-0.96456456 	0.25 	0.364 	78.452042 	-7.5362657 	-2.0980018
-0.96576577 	0.25 	0.364 	78.576834 	-7.4816455 	-2.0880332
-0.96696697 	0.25 	0.364 	78.707942 	-7.4234352 	-2.0783544
-0.96816817 	0.25 	0.364 	78.822775 	-7.377267 	-2.0683472
-0.96936937 	0.25 	0.364 	78.918272 	-7.3254317 	-2.0592505
-0.97057057 	0.25 	0.364 	79.013769 	-7.2735964 	-2.0501539
-0.97177177 	0.25 	0.364 	79.109266 	-7.2217611 	-2.0410572
-0.97297297 	0.25 	0.364 	79.204763 	-7.1699258 	-2.0319606
-0.97417417 	0.25 	0.364 	79.309163 	-7.1188937 	-2.022003
-0.97537538 	0.25 	0.364 	79.432992 	-7.0581886 	-2.0124378
-0.97657658 	0.25 	0.364 	79.554288 	-7.0046942 	-2.0019518
-0.97777778 	0.25 	0.364 	79.659764 	-6.9555515 	-1.9926835
-0.97897898 	0.25 	0.364 	79.763917 	-6.9073391 	-1.9835771
-0.98018018 	0.25 	0.364 	79.868071 	-6.8591267 	-1.9744708
-0.98138138 	0.25 	0.364 	79.972225 	-6.8109143 	-1.9653644
-0.98258258 	0.25 	0.364 	80.047915 	-6.7600939 	-1.9579046
-0.98378378 	0.25 	0.364 	80.217612 	-6.6995038 	-1.9463944
-0.98498498 	0.25 	0.364 	80.343573 	-6.6455367 	-1.9367501
-0.98618619 	0.25 	0.364 	80.469533 	-6.5915695 	-1.9271058
-0.98738739 	0.25 	0.364 	80.595494 	-6.5376024 	-1.9174615
-0.98858859 	0.25 	0.364 	80.721454 	-6.4836353 	-1.9078172
-0.98978979 	0.25 	0.364 	80.830533 	-6.4311056 	-1.898772
-0.99099099 	0.25 	0.364 	80.979089 	-6.3629014 	-1.88845
-0.99219219 	0.25 	0.364 	81.086522 	-6.3028859 	-1.8794112
-0.99339339 	0.25 	0.364 	81.193273 	-6.2430129 	-1.8704195
-0.99459459 	0.25 	0.364 	81.292299 	-6.184811 	-1.8616698
-0.9957958 	0.25 	0.364 	81.390181 	-6.1268566 	-1.8529559
-0.996997 	0.25 	0.364 	81.488063 	-6.0689021 	-1.8442421
-0.9981982 	0.25 	0.364 	81.602087 	-6.001353 	-1.8352419
-0.9993994 	0.25 	0.364 	81.574988 	-5.9253643 	-1.8295029
-1.0006006 	0.25 	0.364 	81.447475 	-5.8605434 	-1.8268776
-1.0018018 	0.25 	0.364 	81.319962 	-5.7957224 	-1.8242524
-1.003003 	0.25 	0.364 	81.192448 	-5.7309014 	-1.8216271
-1.0042042 	0.25 	0.364 	81.064935 	-5.6660804 	-1.8190019
-1.0054054 	0.25 	0.364 	81.189303 	-5.5991053 	-1.8084988
-1.0066066 	0.25 	0.364 	81.153713 	-5.5512078 	-1.8034271
-1.0078078 	0.25 	0.364 	81.42363 	-5.4983785 	-1.7898672
-1.009009 	0.25 	0.364 	81.538164 	-5.4329139 	-1.779951
-1.0102102 	0.25 	0.364 	81.664309 	-5.3452464 	-1.7686653
-1.0114114 	0.25 	0.364 	81.794527 	-5.2497884 	-1.7568989
-1.0126126 	0.25 	0.364 	81.924745 	-5.1543304 	-1.7451326
-1.0138138 	0.25 	0.364 	81.942962 	-5.0682347 	-1.7374495
-1.015015 	0.25 	0.364 	82.159572 	-5.0079911 	-1.7256701
-1.0162162 	0.25 	0.364 	82.288785 	-4.9357918 	-1.7158966
-1.0174174 	0.25 	0.364 	82.417998 	-4.8635926 	-1.7061231
-1.0186186 	0.25 	0.364 	82.547211 	-4.7913933 	-1.6963495
-1.0198198 	0.25 	0.364 	82.676424 	-4.7191941 	-1.686576
-1.021021 	0.25 	0.364 	82.657038 	-4.6292708 	-1.680263
-1.0222222 	0.25 	0.364 	82.811534 	-4.5562601 	-1.6702979
-1.0234234 	0.25 	0.364 	82.886189 	-4.4689689 	-1.6618955
-1.0246246 	0.25 	0.364 	82.94262 	-4.3823137 	-1.653992
-1.0258258 	0.25 	0.364 	82.991491 	-4.2957564 	-1.6462649
-1.027027 	0.25 	0.364 	82.851143 	-4.2048061 	-1.6416863
-1.0282282 	0.25 	0.364 	82.525285 	-4.113462 	-1.6393583
-1.0294294 	0.25 	0.364 	82.694961 	-4.0243254 	-1.6305655
-1.0306306 	0.25 	0.364 	82.597323 	-3.9304797 	-1.6251315
-1.0318318 	0.25 	0.364 	82.499686 	-3.836634 	-1.6196975
-1.033033 	0.25 	0.364 	82.402049 	-3.7427884 	-1.6142635
-1.0342342 	0.25 	0.364 	82.353736 	-3.6539718 	-1.6078592
-1.0354354 	0.25 	0.364 	82.317193 	-3.5674625 	-1.601156
-1.0366366 	0.25 	0.364 	82.319613 	-3.4757201 	-1.5941749
-1.0378378 	0.25 	0.364 	82.28291 	-3.3714612 	-1.5869579
-1.039039 	0.25 	0.364 	82.246207 	-3.2672023 	-1.5797409
-1.0402402 	0.25 	0.364 	82.27977 	-3.1652313 	-1.5705263
-1.0414414 	0.25 	0.364 	82.342066 	-3.0641959 	-1.5604948
-1.0426426 	0.25 	0.364 	82.289111 	-2.9604949 	-1.552156
-1.0438438 	0.25 	0.364 	82.423329 	-2.8675777 	-1.542921
-1.045045 	0.25 	0.364 	82.368865 	-2.7678935 	-1.536839
-1.0462462 	0.25 	0.364 	82.30704 	-2.668414 	-1.5308615
-1.0474474 	0.25 	0.364 	82.372264 	-2.5814382 	-1.5231735
-1.0486486 	0.25 	0.364 	82.437487 	-2.4944624 	-1.5154856
-1.0498498 	0.25 	0.364 	82.50271 	-2.4074866 	-1.5077976
-1.0510511 	0.25 	0.364 	82.567933 	-2.3205109 	-1.5001097
-1.0522523 	0.25 	0.364 	82.633156 	-2.2335351 	-1.4924218
-1.0534535 	0.25 	0.364 	82.372408 	-2.1189205 	-1.4900991
-1.0546547 	0.25 	0.364 	82.828359 	-1.9565395 	-1.4722276
-1.0558559 	0.25 	0.364 	83.002245 	-1.8158498 	-1.4593087
-1.0570571 	0.25 	0.364 	83.17613 	-1.6751602 	-1.4463898
-1.0582583 	0.25 	0.364 	83.274078 	-1.5376653 	-1.4346444
-1.0594595 	0.25 	0.364 	83.220459 	-1.406547 	-1.4252413
-1.0606607 	0.25 	0.364 	83.394637 	-1.280359 	-1.4146542
-1.0618619 	0.25 	0.364 	83.493007 	-1.1625588 	-1.404482
-1.0630631 	0.25 	0.364 	83.591378 	-1.0447586 	-1.3943099
-1.0642643 	0.25 	0.364 	83.67657 	-0.92836783 	-1.3843402
-1.0654655 	0.25 	0.364 	83.749075 	-0.81333391 	-1.3745654
-1.0666667 	0.25 	0.364 	83.77224 	-0.69488504 	-1.3649544
-1.0678679 	0.25 	0.364 	84.017107 	-0.57349789 	-1.3535019
-1.0690691 	0.25 	0.364 	84.181069 	-0.43903728 	-1.342053
-1.0702703 	0.25 	0.364 	84.345031 	-0.30457668 	-1.3306041
-1.0714715 	0.25 	0.364 	84.508993 	-0.17011608 	-1.3191551
-1.0726727 	0.25 	0.364 	84.672955 	-0.035655471 	-1.3077062
-1.0738739 	0.25 	0.364 	84.778188 	0.10246255 	-1.2969627
-1.0750751 	0.25 	0.364 	85.093618 	0.24419462 	-1.2837154
-1.0762763 	0.25 	0.364 	85.324076 	0.41000143 	-1.2708807
-1.0774775 	0.25 	0.364 	85.554535 	0.57580824 	-1.258046
-1.0786787 	0.25 	0.364 	85.784993 	0.74161505 	-1.2452113
-1.0798799 	0.25 	0.364 	86.015452 	0.90742186 	-1.2323765
-1.0810811 	0.25 	0.364 	86.24591 	1.0732287 	-1.2195418
-1.0822823 	0.25 	0.364 	86.357184 	1.2548575 	-1.2081291
-1.0834835 	0.25 	0.364 	86.89956 	1.429643 	-1.1908867
-1.0846847 	0.25 	0.364 	87.184901 	1.6078578 	-1.1767561
-1.0858859 	0.25 	0.364 	87.470242 	1.7860727 	-1.1626256
-1.0870871 	0.25 	0.364 	87.755583 	1.9642875 	-1.148495
-1.0882883 	0.25 	0.364 	88.040857 	2.1425109 	-1.1343648
-1.0894895 	0.25 	0.364 	88.312675 	2.3302225 	-1.1203171
-1.0906907 	0.25 	0.364 	88.629049 	2.5580736 	-1.1039431
-1.0918919 	0.25 	0.364 	88.944488 	2.7857062 	-1.0872861
-1.0930931 	0.25 	0.364 	89.259927 	3.0133388 	-1.0706292
-1.0942943 	0.25 	0.364 	89.53825 	3.237911 	-1.0543101
-1.0954955 	0.25 	0.364 	89.49065 	3.4351952 	-1.0414174
-1.0966967 	0.25 	0.364 	89.848629 	3.6481021 	-1.0280044
-1.0978979 	0.25 	0.364 	90.008546 	3.8166427 	-1.0166355
-1.0990991 	0.25 	0.364 	90.17248 	3.9860863 	-1.0048318
-1.1003003 	0.25 	0.364 	90.336415 	4.1555299 	-0.99302807
-1.1015015 	0.25 	0.364 	90.500349 	4.3249736 	-0.98122438
-1.1027027 	0.25 	0.364 	90.664284 	4.4944172 	-0.96942068
-1.1039039 	0.25 	0.364 	90.828218 	4.6638608 	-0.95761698
-1.1051051 	0.25 	0.364 	90.965631 	4.8279504 	-0.94624106
-1.1063063 	0.25 	0.364 	91.06531 	5.003067 	-0.9343133
-1.1075075 	0.25 	0.364 	91.176198 	5.2500258 	-0.91972212
-1.1087087 	0.25 	0.364 	91.25363 	5.4936315 	-0.90561284
-1.1099099 	0.25 	0.364 	91.373473 	5.7413789 	-0.89100337
-1.1111111 	0.25 	0.364 	91.555752 	5.995224 	-0.87565751
-1.1123123 	0.25 	0.364 	91.738032 	6.249069 	-0.86031165
-1.1135135 	0.25 	0.364 	91.805542 	6.5148132 	-0.84770403
-1.1147147 	0.25 	0.364 	91.863655 	6.7561601 	-0.83464304
-1.1159159 	0.25 	0.364 	91.921768 	6.997507 	-0.82158204
-1.1171171 	0.25 	0.364 	91.979881 	7.2388539 	-0.80852105
-1.1183183 	0.25 	0.364 	92.037994 	7.4802008 	-0.79546005
-1.1195195 	0.25 	0.364 	92.043774 	7.7087364 	-0.78324889
-1.1207207 	0.25 	0.364 	91.993632 	7.9302948 	-0.77212706
-1.1219219 	0.25 	0.364 	91.980098 	8.1782446 	-0.76062654
-1.1231231 	0.25 	0.364 	91.97076 	8.4340347 	-0.749032
-1.1243243 	0.25 	0.364 	91.971422 	8.7097667 	-0.73792602
-1.1255255 	0.25 	0.364 	91.972083 	8.9854987 	-0.72682003
-1.1267267 	0.25 	0.364 	91.984704 	9.2626548 	-0.71575948
-1.1279279 	0.25 	0.364 	92.027519 	9.5862811 	-0.70585887
-1.1291291 	0.25 	0.364 	92.022043 	9.8905527 	-0.69399074
-1.1303303 	0.25 	0.364 	92.045821 	10.283313 	-0.68173339
-1.1315315 	0.25 	0.364 	92.05431 	10.735456 	-0.66771666
-1.1327327 	0.25 	0.364 	92.062799 	11.187599 	-0.65369993
-1.1339339 	0.25 	0.364 	92.071288 	11.639741 	-0.63968319
-1.1351351 	0.25 	0.364 	92.105696 	12.111003 	-0.62794755
-1.1363363 	0.25 	0.364 	92.017372 	12.475716 	-0.61716621
-1.1375375 	0.25 	0.364 	91.92375 	12.884895 	-0.60617767
-1.1387387 	0.25 	0.364 	91.830128 	13.294073 	-0.59518913
-1.1399399 	0.25 	0.364 	91.736506 	13.703251 	-0.58420059
-1.1411411 	0.25 	0.364 	91.642884 	14.112429 	-0.57321205
-1.1423423 	0.25 	0.364 	91.577894 	14.566034 	-0.56141185
-1.1435435 	0.25 	0.364 	91.520715 	15.11011 	-0.54949023
-1.1447447 	0.25 	0.364 	91.347983 	15.688316 	-0.53683559
-1.1459459 	0.25 	0.364 	91.201567 	16.229644 	-0.52314352
-1.1471471 	0.25 	0.364 	91.023994 	16.785114 	-0.509613
-1.1483483 	0.25 	0.364 	90.846421 	17.340583 	-0.49608248
-1.1495495 	0.25 	0.364 	90.668848 	17.896053 	-0.48255196
-1.1507508 	0.25 	0.364 	90.491275 	18.451523 	-0.46902144
-1.151952 	0.25 	0.364 	90.381556 	18.960428 	-0.45561396
-1.1531532 	0.25 	0.364 	90.167611 	19.496541 	-0.44097805
-1.1543544 	0.25 	0.364 	89.949461 	20.032411 	-0.42620479
-1.1555556 	0.25 	0.364 	89.731311 	20.568282 	-0.41143152
-1.1567568 	0.25 	0.364 	89.513161 	21.104153 	-0.39665826
-1.157958 	0.25 	0.364 	89.306699 	21.631109 	-0.38183716
-1.1591592 	0.25 	0.364 	89.113774 	22.130273 	-0.36667999
-1.1603604 	0.25 	0.364 	88.818583 	22.671936 	-0.35169612
-1.1615616 	0.25 	0.364 	88.492606 	23.196383 	-0.3361702
-1.1627628 	0.25 	0.364 	88.146807 	23.732449 	-0.32063953
-1.163964 	0.25 	0.364 	87.801009 	24.268515 	-0.30510886
-1.1651652 	0.25 	0.364 	87.455211 	24.804581 	-0.28957819
-1.1663664 	0.25 	0.364 	87.109412 	25.340647 	-0.27404752
-1.1675676 	0.25 	0.364 	86.755966 	25.824046 	-0.25935109
-1.1687688 	0.25 	0.364 	86.330408 	26.342522 	-0.24440186
-1.16997 	0.25 	0.364 	85.89869 	26.864844 	-0.22934506
-1.1711712 	0.25 	0.364 	85.466973 	27.387166 	-0.21428826
-1.1723724 	0.25 	0.364 	85.035255 	27.909488 	-0.19923147
-1.1735736 	0.25 	0.364 	84.617352 	28.393369 	-0.18435097
-1.1747748 	0.25 	0.364 	84.183953 	28.871913 	-0.16982673
-1.175976 	0.25 	0.364 	83.670391 	29.382129 	-0.15596843
-1.1771772 	0.25 	0.364 	83.129171 	29.861531 	-0.14221434
-1.1783784 	0.25 	0.364 	82.564408 	30.350255 	-0.12808384
-1.1795796 	0.25 	0.364 	81.997772 	30.83972 	-0.11392342
-1.1807808 	0.25 	0.364 	81.431136 	31.329185 	-0.099762991
-1.181982 	0.25 	0.364 	80.8645 	31.818649 	-0.085602565
-1.1831832 	0.25 	0.364 	80.257266 	32.267417 	-0.072428875
-1.1843844 	0.25 	0.364 	79.377589 	32.650266 	-0.057393749
-1.1855856 	0.25 	0.364 	78.416681 	33.015034 	-0.04166785
-1.1867868 	0.25 	0.364 	77.455773 	33.379801 	-0.025941952
-1.187988 	0.25 	0.364 	76.558377 	33.741297 	-0.011048328
-1.1891892 	0.25 	0.364 	75.880432 	34.091488 	0.00096959411
-1.1903904 	0.25 	0.364 	75.085815 	34.418138 	0.01335017
-1.1915916 	0.25 	0.364 	74.275379 	34.577301 	0.023991155
-1.1927928 	0.25 	0.364 	73.293054 	34.59538 	0.035789256
-1.193994 	0.25 	0.364 	72.602176 	34.588899 	0.044466828
-1.1951952 	0.25 	0.364 	71.911297 	34.582418 	0.053144399
-1.1963964 	0.25 	0.364 	71.220419 	34.575937 	0.061821971
-1.1975976 	0.25 	0.364 	70.52954 	34.569456 	0.070499543
-1.1987988 	0.25 	0.364 	69.838662 	34.562975 	0.079177115
-1.2 	0.25 	0.364 	69.147783 	34.556493 	0.087854686
