-1.2 	-0.05 	0.455 	45.082581 	-1.7789788 	2.7228925
-1.1987988 	-0.05 	0.455 	45.078941 	-1.8045596 	2.7303899
-1.1975976 	-0.05 	0.455 	45.075302 	-1.8301403 	2.7378874
-1.1963964 	-0.05 	0.455 	45.071662 	-1.855721 	2.7453848
-1.1951952 	-0.05 	0.455 	45.068023 	-1.8813018 	2.7528823
-1.193994 	-0.05 	0.455 	45.064383 	-1.9068825 	2.7603797
-1.1927928 	-0.05 	0.455 	45.060744 	-1.9324632 	2.7678772
-1.1915916 	-0.05 	0.455 	45.057104 	-1.958044 	2.7753746
-1.1903904 	-0.05 	0.455 	45.053465 	-1.9836247 	2.7828721
-1.1891892 	-0.05 	0.455 	45.050448 	-2.008922 	2.7909846
-1.187988 	-0.05 	0.455 	45.047465 	-2.0342035 	2.7991315
-1.1867868 	-0.05 	0.455 	45.044483 	-2.0594849 	2.8072784
-1.1855856 	-0.05 	0.455 	45.041501 	-2.0847664 	2.8154254
-1.1843844 	-0.05 	0.455 	45.038519 	-2.1100478 	2.8235723
-1.1831832 	-0.05 	0.455 	45.035537 	-2.1353293 	2.8317192
-1.181982 	-0.05 	0.455 	45.032555 	-2.1606107 	2.8398662
-1.1807808 	-0.05 	0.455 	45.029572 	-2.1858922 	2.8480131
-1.1795796 	-0.05 	0.455 	45.02659 	-2.2111737 	2.85616
-1.1783784 	-0.05 	0.455 	45.023608 	-2.2364551 	2.8643069
-1.1771772 	-0.05 	0.455 	45.020626 	-2.2617366 	2.8724539
-1.175976 	-0.05 	0.455 	45.017644 	-2.287018 	2.8806008
-1.1747748 	-0.05 	0.455 	45.014662 	-2.3122995 	2.8887477
-1.1735736 	-0.05 	0.455 	45.011679 	-2.337581 	2.8968947
-1.1723724 	-0.05 	0.455 	45.008697 	-2.3628624 	2.9050416
-1.1711712 	-0.05 	0.455 	45.005715 	-2.3881439 	2.9131885
-1.16997 	-0.05 	0.455 	45.002733 	-2.4134253 	2.9213354
-1.1687688 	-0.05 	0.455 	44.999751 	-2.4387068 	2.9294824
-1.1675676 	-0.05 	0.455 	44.996769 	-2.4639883 	2.9376293
-1.1663664 	-0.05 	0.455 	44.993787 	-2.4892697 	2.9457762
-1.1651652 	-0.05 	0.455 	44.990804 	-2.5145512 	2.9539232
-1.163964 	-0.05 	0.455 	44.987822 	-2.5398326 	2.9620701
-1.1627628 	-0.05 	0.455 	44.98484 	-2.5651141 	2.970217
-1.1615616 	-0.05 	0.455 	44.981858 	-2.5903955 	2.9783639
-1.1603604 	-0.05 	0.455 	44.978876 	-2.615677 	2.9865109
-1.1591592 	-0.05 	0.455 	44.975894 	-2.6409585 	2.9946578
-1.157958 	-0.05 	0.455 	44.988775 	-2.6645379 	3.0028805
-1.1567568 	-0.05 	0.455 	45.002505 	-2.6880263 	3.0111072
-1.1555556 	-0.05 	0.455 	45.016235 	-2.7115147 	3.0193339
-1.1543544 	-0.05 	0.455 	45.029966 	-2.7350031 	3.0275607
-1.1531532 	-0.05 	0.455 	45.043696 	-2.7584915 	3.0357874
-1.151952 	-0.05 	0.455 	45.057426 	-2.7819798 	3.0440141
-1.1507508 	-0.05 	0.455 	45.071156 	-2.8054682 	3.0522409
-1.1495495 	-0.05 	0.455 	45.084886 	-2.8289566 	3.0604676
-1.1483483 	-0.05 	0.455 	45.098616 	-2.852445 	3.0686943
-1.1471471 	-0.05 	0.455 	45.112347 	-2.8759334 	3.0769211
-1.1459459 	-0.05 	0.455 	45.126077 	-2.8994218 	3.0851478
-1.1447447 	-0.05 	0.455 	45.139807 	-2.9229102 	3.0933745
-1.1435435 	-0.05 	0.455 	45.153537 	-2.9463986 	3.1016013
-1.1423423 	-0.05 	0.455 	45.167267 	-2.9698869 	3.109828
-1.1411411 	-0.05 	0.455 	45.180997 	-2.9933753 	3.1180547
-1.1399399 	-0.05 	0.455 	45.194728 	-3.0168637 	3.1262815
-1.1387387 	-0.05 	0.455 	45.208535 	-3.0403047 	3.1347359
-1.1375375 	-0.05 	0.455 	45.22252 	-3.0636371 	3.1437122
-1.1363363 	-0.05 	0.455 	45.236505 	-3.0869695 	3.1526885
-1.1351351 	-0.05 	0.455 	45.25049 	-3.1103019 	3.1616648
-1.1339339 	-0.05 	0.455 	45.264475 	-3.1336342 	3.1706411
-1.1327327 	-0.05 	0.455 	45.27846 	-3.1569666 	3.1796175
-1.1315315 	-0.05 	0.455 	45.292445 	-3.180299 	3.1885938
-1.1303303 	-0.05 	0.455 	45.30643 	-3.2036314 	3.1975701
-1.1291291 	-0.05 	0.455 	45.320414 	-3.2269638 	3.2065464
-1.1279279 	-0.05 	0.455 	45.334399 	-3.2502961 	3.2155227
-1.1267267 	-0.05 	0.455 	45.348384 	-3.2736285 	3.224499
-1.1255255 	-0.05 	0.455 	45.362369 	-3.2969609 	3.2334754
-1.1243243 	-0.05 	0.455 	45.376354 	-3.3202933 	3.2424517
-1.1231231 	-0.05 	0.455 	45.390339 	-3.3436257 	3.251428
-1.1219219 	-0.05 	0.455 	45.404324 	-3.366958 	3.2604043
-1.1207207 	-0.05 	0.455 	45.418309 	-3.3902904 	3.2693806
-1.1195195 	-0.05 	0.455 	45.432294 	-3.4136228 	3.2783569
-1.1183183 	-0.05 	0.455 	45.446279 	-3.4369552 	3.2873332
-1.1171171 	-0.05 	0.455 	45.460264 	-3.4602875 	3.2963096
-1.1159159 	-0.05 	0.455 	45.474249 	-3.4836199 	3.3052859
-1.1147147 	-0.05 	0.455 	45.488234 	-3.5069523 	3.3142622
-1.1135135 	-0.05 	0.455 	45.502218 	-3.5302847 	3.3232385
-1.1123123 	-0.05 	0.455 	45.516203 	-3.5536171 	3.3322148
-1.1111111 	-0.05 	0.455 	45.530188 	-3.5769494 	3.3411911
-1.1099099 	-0.05 	0.455 	45.544173 	-3.6002818 	3.3501675
-1.1087087 	-0.05 	0.455 	45.558158 	-3.6236142 	3.3591438
-1.1075075 	-0.05 	0.455 	45.572143 	-3.6469466 	3.3681201
-1.1063063 	-0.05 	0.455 	45.586675 	-3.6762764 	3.377876
-1.1051051 	-0.05 	0.455 	45.601221 	-3.7057535 	3.3876511
-1.1039039 	-0.05 	0.455 	45.615766 	-3.7352305 	3.3974262
-1.1027027 	-0.05 	0.455 	45.630311 	-3.7647076 	3.4072013
-1.1015015 	-0.05 	0.455 	45.644857 	-3.7941846 	3.4169764
-1.1003003 	-0.05 	0.455 	45.659402 	-3.8236617 	3.4267515
-1.0990991 	-0.05 	0.455 	45.673948 	-3.8531388 	3.4365266
-1.0978979 	-0.05 	0.455 	45.688334 	-3.8802897 	3.4460639
-1.0966967 	-0.05 	0.455 	45.70157 	-3.8906205 	3.4538818
-1.0954955 	-0.05 	0.455 	45.714807 	-3.9009512 	3.4616997
-1.0942943 	-0.05 	0.455 	45.728043 	-3.911282 	3.4695176
-1.0930931 	-0.05 	0.455 	45.741279 	-3.9216128 	3.4773355
-1.0918919 	-0.05 	0.455 	45.754515 	-3.9319435 	3.4851534
-1.0906907 	-0.05 	0.455 	45.767751 	-3.9422743 	3.4929714
-1.0894895 	-0.05 	0.455 	45.780987 	-3.9526051 	3.5007893
-1.0882883 	-0.05 	0.455 	45.798985 	-3.9654122 	3.5093547
-1.0870871 	-0.05 	0.455 	45.823825 	-3.9817787 	3.5189947
-1.0858859 	-0.05 	0.455 	45.848666 	-3.9981452 	3.5286346
-1.0846847 	-0.05 	0.455 	45.873506 	-4.0145116 	3.5382746
-1.0834835 	-0.05 	0.455 	45.898347 	-4.0308781 	3.5479145
-1.0822823 	-0.05 	0.455 	45.923188 	-4.0472446 	3.5575544
-1.0810811 	-0.05 	0.455 	45.948028 	-4.063611 	3.5671944
-1.0798799 	-0.05 	0.455 	45.972869 	-4.0799775 	3.5768343
-1.0786787 	-0.05 	0.455 	45.997709 	-4.096344 	3.5864743
-1.0774775 	-0.05 	0.455 	46.02255 	-4.1127104 	3.5961142
-1.0762763 	-0.05 	0.455 	46.047391 	-4.1290769 	3.6057542
-1.0750751 	-0.05 	0.455 	46.072231 	-4.1454434 	3.6153941
-1.0738739 	-0.05 	0.455 	46.097072 	-4.1618098 	3.625034
-1.0726727 	-0.05 	0.455 	46.121913 	-4.1781763 	3.634674
-1.0714715 	-0.05 	0.455 	46.146753 	-4.1945428 	3.6443139
-1.0702703 	-0.05 	0.455 	46.171594 	-4.2109092 	3.6539539
-1.0690691 	-0.05 	0.455 	46.196434 	-4.2272757 	3.6635938
-1.0678679 	-0.05 	0.455 	46.221275 	-4.2436421 	3.6732338
-1.0666667 	-0.05 	0.455 	46.246116 	-4.2600086 	3.6828737
-1.0654655 	-0.05 	0.455 	46.270956 	-4.2763751 	3.6925136
-1.0642643 	-0.05 	0.455 	46.295797 	-4.2927415 	3.7021536
-1.0630631 	-0.05 	0.455 	46.320638 	-4.309108 	3.7117935
-1.0618619 	-0.05 	0.455 	46.345478 	-4.3254745 	3.7214335
-1.0606607 	-0.05 	0.455 	46.370246 	-4.3420719 	3.7303236
-1.0594595 	-0.05 	0.455 	46.395011 	-4.358679 	3.739182
-1.0582583 	-0.05 	0.455 	46.419777 	-4.3752861 	3.7480405
-1.0570571 	-0.05 	0.455 	46.444542 	-4.3918932 	3.756899
-1.0558559 	-0.05 	0.455 	46.469307 	-4.4085004 	3.7657575
-1.0546547 	-0.05 	0.455 	46.494072 	-4.4251075 	3.774616
-1.0534535 	-0.05 	0.455 	46.518837 	-4.4417146 	3.7834744
-1.0522523 	-0.05 	0.455 	46.543602 	-4.4583217 	3.7923329
-1.0510511 	-0.05 	0.455 	46.568367 	-4.4749289 	3.8011914
-1.0498498 	-0.05 	0.455 	46.593132 	-4.491536 	3.8100499
-1.0486486 	-0.05 	0.455 	46.617898 	-4.5081431 	3.8189084
-1.0474474 	-0.05 	0.455 	46.642663 	-4.5247502 	3.8277669
-1.0462462 	-0.05 	0.455 	46.667428 	-4.5413574 	3.8366253
-1.045045 	-0.05 	0.455 	46.694777 	-4.5576488 	3.8455767
-1.0438438 	-0.05 	0.455 	46.723132 	-4.5738173 	3.8545644
-1.0426426 	-0.05 	0.455 	46.751487 	-4.5899857 	3.863552
-1.0414414 	-0.05 	0.455 	46.779843 	-4.6061542 	3.8725396
-1.0402402 	-0.05 	0.455 	46.808198 	-4.6223227 	3.8815272
-1.039039 	-0.05 	0.455 	46.836553 	-4.6384911 	3.8905148
-1.0378378 	-0.05 	0.455 	46.864908 	-4.6546596 	3.8995024
-1.0366366 	-0.05 	0.455 	46.891954 	-4.6674957 	3.9086267
-1.0354354 	-0.05 	0.455 	46.916353 	-4.6735952 	3.9180272
-1.0342342 	-0.05 	0.455 	46.940752 	-4.6796947 	3.9274277
-1.033033 	-0.05 	0.455 	46.965151 	-4.6857941 	3.9368283
-1.0318318 	-0.05 	0.455 	46.989549 	-4.6918936 	3.9462288
-1.0306306 	-0.05 	0.455 	47.013948 	-4.6979931 	3.9556293
-1.0294294 	-0.05 	0.455 	47.038347 	-4.7040925 	3.9650299
-1.0282282 	-0.05 	0.455 	47.062906 	-4.7102614 	3.9744316
-1.027027 	-0.05 	0.455 	47.091906 	-4.7183521 	3.9838656
-1.0258258 	-0.05 	0.455 	47.120905 	-4.7264428 	3.9932997
-1.0246246 	-0.05 	0.455 	47.149905 	-4.7345335 	4.0027337
-1.0234234 	-0.05 	0.455 	47.178905 	-4.7426243 	4.0121678
-1.0222222 	-0.05 	0.455 	47.207904 	-4.750715 	4.0216018
-1.021021 	-0.05 	0.455 	47.236904 	-4.7588057 	4.0310359
-1.0198198 	-0.05 	0.455 	47.265904 	-4.7668964 	4.0404699
-1.0186186 	-0.05 	0.455 	47.294903 	-4.7749872 	4.049904
-1.0174174 	-0.05 	0.455 	47.323903 	-4.7830779 	4.0593381
-1.0162162 	-0.05 	0.455 	47.352903 	-4.7911686 	4.0687721
-1.015015 	-0.05 	0.455 	47.381902 	-4.7992593 	4.0782062
-1.0138138 	-0.05 	0.455 	47.410902 	-4.8073501 	4.0876402
-1.0126126 	-0.05 	0.455 	47.439902 	-4.8154408 	4.0970743
-1.0114114 	-0.05 	0.455 	47.468901 	-4.8235315 	4.1065083
-1.0102102 	-0.05 	0.455 	47.497901 	-4.8316222 	4.1159424
-1.009009 	-0.05 	0.455 	47.526901 	-4.839713 	4.1253764
-1.0078078 	-0.05 	0.455 	47.5559 	-4.8478037 	4.1348105
-1.0066066 	-0.05 	0.455 	47.5849 	-4.8558944 	4.1442445
-1.0054054 	-0.05 	0.455 	47.6139 	-4.8639851 	4.1536786
-1.0042042 	-0.05 	0.455 	47.642899 	-4.8720759 	4.1631127
-1.003003 	-0.05 	0.455 	47.671899 	-4.8801666 	4.1725467
-1.0018018 	-0.05 	0.455 	47.700899 	-4.8882573 	4.1819808
-1.0006006 	-0.05 	0.455 	47.729922 	-4.8963666 	4.1913113
-0.9993994 	-0.05 	0.455 	47.759084 	-4.9045849 	4.2000324
-0.9981982 	-0.05 	0.455 	47.788245 	-4.9128032 	4.2087534
-0.996997 	-0.05 	0.455 	47.817407 	-4.9210216 	4.2174745
-0.9957958 	-0.05 	0.455 	47.846569 	-4.9292399 	4.2261955
-0.99459459 	-0.05 	0.455 	47.875731 	-4.9374582 	4.2349165
-0.99339339 	-0.05 	0.455 	47.904893 	-4.9456766 	4.2436376
-0.99219219 	-0.05 	0.455 	47.934054 	-4.9538949 	4.2523586
-0.99099099 	-0.05 	0.455 	47.963216 	-4.9621133 	4.2610797
-0.98978979 	-0.05 	0.455 	47.992378 	-4.9703316 	4.2698007
-0.98858859 	-0.05 	0.455 	48.02154 	-4.9785499 	4.2785217
-0.98738739 	-0.05 	0.455 	48.050702 	-4.9867683 	4.2872428
-0.98618619 	-0.05 	0.455 	48.079864 	-4.9949866 	4.2959638
-0.98498498 	-0.05 	0.455 	48.109025 	-5.0032049 	4.3046848
-0.98378378 	-0.05 	0.455 	48.139035 	-5.0106681 	4.3134063
-0.98258258 	-0.05 	0.455 	48.169565 	-5.0176668 	4.322128
-0.98138138 	-0.05 	0.455 	48.200095 	-5.0246655 	4.3308497
-0.98018018 	-0.05 	0.455 	48.230626 	-5.0316642 	4.3395714
-0.97897898 	-0.05 	0.455 	48.261156 	-5.0386629 	4.3482931
-0.97777778 	-0.05 	0.455 	48.291687 	-5.0456616 	4.3570148
-0.97657658 	-0.05 	0.455 	48.322217 	-5.0526603 	4.3657365
-0.97537538 	-0.05 	0.455 	48.349529 	-5.0599372 	4.3746061
-0.97417417 	-0.05 	0.455 	48.373597 	-5.0674944 	4.3836247
-0.97297297 	-0.05 	0.455 	48.397665 	-5.0750517 	4.3926433
-0.97177177 	-0.05 	0.455 	48.421734 	-5.0826089 	4.4016619
-0.97057057 	-0.05 	0.455 	48.445802 	-5.0901662 	4.4106804
-0.96936937 	-0.05 	0.455 	48.46987 	-5.0977234 	4.419699
-0.96816817 	-0.05 	0.455 	48.493939 	-5.1052806 	4.4287176
-0.96696697 	-0.05 	0.455 	48.519427 	-5.1105814 	4.4374401
-0.96576577 	-0.05 	0.455 	48.546504 	-5.113358 	4.4458313
-0.96456456 	-0.05 	0.455 	48.573581 	-5.1161346 	4.4542225
-0.96336336 	-0.05 	0.455 	48.600658 	-5.1189111 	4.4626137
-0.96216216 	-0.05 	0.455 	48.627735 	-5.1216877 	4.4710049
-0.96096096 	-0.05 	0.455 	48.654812 	-5.1244643 	4.4793962
-0.95975976 	-0.05 	0.455 	48.681889 	-5.1272409 	4.4877874
-0.95855856 	-0.05 	0.455 	48.708966 	-5.1300174 	4.4961786
-0.95735736 	-0.05 	0.455 	48.736043 	-5.132794 	4.5045698
-0.95615616 	-0.05 	0.455 	48.76312 	-5.1355706 	4.512961
-0.95495495 	-0.05 	0.455 	48.790197 	-5.1383472 	4.5213522
-0.95375375 	-0.05 	0.455 	48.817274 	-5.1411237 	4.5297434
-0.95255255 	-0.05 	0.455 	48.844351 	-5.1439003 	4.5381347
-0.95135135 	-0.05 	0.455 	48.871428 	-5.1466769 	4.5465259
-0.95015015 	-0.05 	0.455 	48.898337 	-5.1493166 	4.5554835
-0.94894895 	-0.05 	0.455 	48.925221 	-5.1519355 	4.5645275
-0.94774775 	-0.05 	0.455 	48.952104 	-5.1545543 	4.5735716
-0.94654655 	-0.05 	0.455 	48.978988 	-5.1571732 	4.5826156
-0.94534535 	-0.05 	0.455 	49.005871 	-5.159792 	4.5916596
-0.94414414 	-0.05 	0.455 	49.032755 	-5.1624109 	4.6007036
-0.94294294 	-0.05 	0.455 	49.059638 	-5.1650297 	4.6097476
-0.94174174 	-0.05 	0.455 	49.086522 	-5.1676486 	4.6187916
-0.94054054 	-0.05 	0.455 	49.113405 	-5.1702674 	4.6278356
-0.93933934 	-0.05 	0.455 	49.140289 	-5.1728863 	4.6368796
-0.93813814 	-0.05 	0.455 	49.167172 	-5.1755052 	4.6459236
-0.93693694 	-0.05 	0.455 	49.194056 	-5.178124 	4.6549676
-0.93573574 	-0.05 	0.455 	49.220939 	-5.1807429 	4.6640116
-0.93453453 	-0.05 	0.455 	49.247823 	-5.1833617 	4.6730556
-0.93333333 	-0.05 	0.455 	49.274706 	-5.1859806 	4.6820996
-0.93213213 	-0.05 	0.455 	49.30159 	-5.1885994 	4.6911436
-0.93093093 	-0.05 	0.455 	49.328473 	-5.1912183 	4.7001877
-0.92972973 	-0.05 	0.455 	49.355357 	-5.1938371 	4.7092317
-0.92852853 	-0.05 	0.455 	49.38224 	-5.196456 	4.7182757
-0.92732733 	-0.05 	0.455 	49.409124 	-5.1990749 	4.7273197
-0.92612613 	-0.05 	0.455 	49.436007 	-5.2016937 	4.7363637
-0.92492492 	-0.05 	0.455 	49.462891 	-5.2043126 	4.7454077
-0.92372372 	-0.05 	0.455 	49.489774 	-5.2069314 	4.7544517
-0.92252252 	-0.05 	0.455 	49.516933 	-5.2081741 	4.7632205
-0.92132132 	-0.05 	0.455 	49.544463 	-5.2075544 	4.7716167
-0.92012012 	-0.05 	0.455 	49.571992 	-5.2069346 	4.7800129
-0.91891892 	-0.05 	0.455 	49.599522 	-5.2063148 	4.7884092
-0.91771772 	-0.05 	0.455 	49.627052 	-5.205695 	4.7968054
-0.91651652 	-0.05 	0.455 	49.654582 	-5.2050752 	4.8052017
-0.91531532 	-0.05 	0.455 	49.682112 	-5.2044554 	4.8135979
-0.91411411 	-0.05 	0.455 	49.705705 	-5.2066121 	4.8222246
-0.91291291 	-0.05 	0.455 	49.727636 	-5.2099413 	4.8309485
-0.91171171 	-0.05 	0.455 	49.749567 	-5.2132704 	4.8396725
-0.91051051 	-0.05 	0.455 	49.771497 	-5.2165995 	4.8483964
-0.90930931 	-0.05 	0.455 	49.793428 	-5.2199287 	4.8571204
-0.90810811 	-0.05 	0.455 	49.815358 	-5.2232578 	4.8658443
-0.90690691 	-0.05 	0.455 	49.837347 	-5.2263376 	4.8745685
-0.90570571 	-0.05 	0.455 	49.860458 	-5.2245937 	4.8832972
-0.9045045 	-0.05 	0.455 	49.883568 	-5.2228497 	4.892026
-0.9033033 	-0.05 	0.455 	49.906679 	-5.2211057 	4.9007547
-0.9021021 	-0.05 	0.455 	49.92979 	-5.2193618 	4.9094835
-0.9009009 	-0.05 	0.455 	49.9529 	-5.2176178 	4.9182123
-0.8996997 	-0.05 	0.455 	49.976011 	-5.2158738 	4.926941
-0.8984985 	-0.05 	0.455 	49.999122 	-5.2141299 	4.9356698
-0.8972973 	-0.05 	0.455 	50.022233 	-5.2123859 	4.9443985
-0.8960961 	-0.05 	0.455 	50.045343 	-5.2106419 	4.9531273
-0.89489489 	-0.05 	0.455 	50.068454 	-5.208898 	4.961856
-0.89369369 	-0.05 	0.455 	50.091565 	-5.207154 	4.9705848
-0.89249249 	-0.05 	0.455 	50.114675 	-5.20541 	4.9793135
-0.89129129 	-0.05 	0.455 	50.137786 	-5.2036661 	4.9880423
-0.89009009 	-0.05 	0.455 	50.160897 	-5.2019221 	4.996771
-0.88888889 	-0.05 	0.455 	50.184007 	-5.2001781 	5.0054998
-0.88768769 	-0.05 	0.455 	50.207118 	-5.1984342 	5.0142285
-0.88648649 	-0.05 	0.455 	50.230229 	-5.1966902 	5.0229573
-0.88528529 	-0.05 	0.455 	50.253339 	-5.1949462 	5.031686
-0.88408408 	-0.05 	0.455 	50.27645 	-5.1932023 	5.0404148
-0.88288288 	-0.05 	0.455 	50.299561 	-5.1914583 	5.0491436
-0.88168168 	-0.05 	0.455 	50.322672 	-5.1897143 	5.0578723
-0.88048048 	-0.05 	0.455 	50.345782 	-5.1879704 	5.0666011
-0.87927928 	-0.05 	0.455 	50.368893 	-5.1862264 	5.0753298
-0.87807808 	-0.05 	0.455 	50.392103 	-5.1845417 	5.083723
-0.87687688 	-0.05 	0.455 	50.415396 	-5.1829064 	5.0918361
-0.87567568 	-0.05 	0.455 	50.438689 	-5.181271 	5.0999492
-0.87447447 	-0.05 	0.455 	50.461981 	-5.1796357 	5.1080623
-0.87327327 	-0.05 	0.455 	50.485274 	-5.1780004 	5.1161755
-0.87207207 	-0.05 	0.455 	50.508567 	-5.1763651 	5.1242886
-0.87087087 	-0.05 	0.455 	50.53186 	-5.1747298 	5.1324017
-0.86966967 	-0.05 	0.455 	50.555153 	-5.1730945 	5.1405148
-0.86846847 	-0.05 	0.455 	50.578446 	-5.1714592 	5.1486279
-0.86726727 	-0.05 	0.455 	50.601739 	-5.1698239 	5.156741
-0.86606607 	-0.05 	0.455 	50.625031 	-5.1681886 	5.1648541
-0.86486486 	-0.05 	0.455 	50.648324 	-5.1665532 	5.1729672
-0.86366366 	-0.05 	0.455 	50.671617 	-5.1649179 	5.1810803
-0.86246246 	-0.05 	0.455 	50.69491 	-5.1632826 	5.1891935
-0.86126126 	-0.05 	0.455 	50.717996 	-5.1597289 	5.1972721
-0.86006006 	-0.05 	0.455 	50.740871 	-5.1542122 	5.2053153
-0.85885886 	-0.05 	0.455 	50.763747 	-5.1486954 	5.2133586
-0.85765766 	-0.05 	0.455 	50.786622 	-5.1431787 	5.2214019
-0.85645646 	-0.05 	0.455 	50.809497 	-5.137662 	5.2294452
-0.85525526 	-0.05 	0.455 	50.832372 	-5.1321453 	5.2374885
-0.85405405 	-0.05 	0.455 	50.855247 	-5.1266286 	5.2455318
-0.85285285 	-0.05 	0.455 	50.875157 	-5.1257292 	5.2540031
-0.85165165 	-0.05 	0.455 	50.894799 	-5.1252471 	5.2625132
-0.85045045 	-0.05 	0.455 	50.914441 	-5.124765 	5.2710232
-0.84924925 	-0.05 	0.455 	50.934082 	-5.1242829 	5.2795333
-0.84804805 	-0.05 	0.455 	50.953724 	-5.1238008 	5.2880434
-0.84684685 	-0.05 	0.455 	50.973366 	-5.1233188 	5.2965534
-0.84564565 	-0.05 	0.455 	50.992828 	-5.12138 	5.3049955
-0.84444444 	-0.05 	0.455 	51.012023 	-5.1172797 	5.3133367
-0.84324324 	-0.05 	0.455 	51.031218 	-5.1131794 	5.3216778
-0.84204204 	-0.05 	0.455 	51.050413 	-5.1090791 	5.330019
-0.84084084 	-0.05 	0.455 	51.069609 	-5.1049789 	5.3383602
-0.83963964 	-0.05 	0.455 	51.088804 	-5.1008786 	5.3467014
-0.83843844 	-0.05 	0.455 	51.107999 	-5.0967783 	5.3550426
-0.83723724 	-0.05 	0.455 	51.127194 	-5.092678 	5.3633837
-0.83603604 	-0.05 	0.455 	51.146389 	-5.0885777 	5.3717249
-0.83483483 	-0.05 	0.455 	51.165585 	-5.0844774 	5.3800661
-0.83363363 	-0.05 	0.455 	51.18478 	-5.0803771 	5.3884073
-0.83243243 	-0.05 	0.455 	51.203975 	-5.0762768 	5.3967484
-0.83123123 	-0.05 	0.455 	51.22317 	-5.0721765 	5.4050896
-0.83003003 	-0.05 	0.455 	51.242366 	-5.0680762 	5.4134308
-0.82882883 	-0.05 	0.455 	51.261561 	-5.063976 	5.421772
-0.82762763 	-0.05 	0.455 	51.280756 	-5.0598757 	5.4301131
-0.82642643 	-0.05 	0.455 	51.299951 	-5.0557754 	5.4384543
-0.82522523 	-0.05 	0.455 	51.319146 	-5.0516751 	5.4467955
-0.82402402 	-0.05 	0.455 	51.338342 	-5.0475748 	5.4551367
-0.82282282 	-0.05 	0.455 	51.357537 	-5.0434745 	5.4634779
-0.82162162 	-0.05 	0.455 	51.376732 	-5.0393742 	5.471819
-0.82042042 	-0.05 	0.455 	51.395927 	-5.0352739 	5.4801602
-0.81921922 	-0.05 	0.455 	51.415123 	-5.0311736 	5.4885014
-0.81801802 	-0.05 	0.455 	51.434318 	-5.0270734 	5.4968426
-0.81681682 	-0.05 	0.455 	51.453676 	-5.0230218 	5.5047409
-0.81561562 	-0.05 	0.455 	51.473085 	-5.0189853 	5.5125029
-0.81441441 	-0.05 	0.455 	51.492493 	-5.0149488 	5.5202649
-0.81321321 	-0.05 	0.455 	51.511902 	-5.0109123 	5.5280269
-0.81201201 	-0.05 	0.455 	51.53131 	-5.0068758 	5.535789
-0.81081081 	-0.05 	0.455 	51.550719 	-5.0028393 	5.543551
-0.80960961 	-0.05 	0.455 	51.570127 	-4.9988028 	5.551313
-0.80840841 	-0.05 	0.455 	51.589536 	-4.9947662 	5.5590751
-0.80720721 	-0.05 	0.455 	51.608945 	-4.9907297 	5.5668371
-0.80600601 	-0.05 	0.455 	51.628353 	-4.9866932 	5.5745991
-0.8048048 	-0.05 	0.455 	51.647762 	-4.9826567 	5.5823611
-0.8036036 	-0.05 	0.455 	51.66717 	-4.9786202 	5.5901232
-0.8024024 	-0.05 	0.455 	51.686579 	-4.9745837 	5.5978852
-0.8012012 	-0.05 	0.455 	51.705987 	-4.9705472 	5.6056472
-0.8 	-0.05 	0.455 	51.725033 	-4.9656335 	5.6133479
-0.7987988 	-0.05 	0.455 	51.743464 	-4.9592353 	5.6209449
-0.7975976 	-0.05 	0.455 	51.761895 	-4.952837 	5.6285419
-0.7963964 	-0.05 	0.455 	51.780326 	-4.9464388 	5.6361389
-0.7951952 	-0.05 	0.455 	51.798757 	-4.9400405 	5.6437359
-0.79399399 	-0.05 	0.455 	51.817188 	-4.9336423 	5.6513328
-0.79279279 	-0.05 	0.455 	51.83553 	-4.9278802 	5.6589914
-0.79159159 	-0.05 	0.455 	51.853333 	-4.9259163 	5.6670179
-0.79039039 	-0.05 	0.455 	51.871137 	-4.9239524 	5.6750444
-0.78918919 	-0.05 	0.455 	51.88894 	-4.9219885 	5.6830709
-0.78798799 	-0.05 	0.455 	51.906744 	-4.9200246 	5.6910974
-0.78678679 	-0.05 	0.455 	51.924547 	-4.9180607 	5.6991239
-0.78558559 	-0.05 	0.455 	51.942351 	-4.9160968 	5.7071503
-0.78438438 	-0.05 	0.455 	51.957666 	-4.9121312 	5.7148416
-0.78318318 	-0.05 	0.455 	51.972915 	-4.9081122 	5.7225239
-0.78198198 	-0.05 	0.455 	51.988164 	-4.9040932 	5.7302062
-0.78078078 	-0.05 	0.455 	52.003413 	-4.9000742 	5.7378885
-0.77957958 	-0.05 	0.455 	52.018662 	-4.8960553 	5.7455708
-0.77837838 	-0.05 	0.455 	52.033911 	-4.8920363 	5.7532531
-0.77717718 	-0.05 	0.455 	52.04916 	-4.8880173 	5.7609354
-0.77597598 	-0.05 	0.455 	52.064409 	-4.8839983 	5.7686177
-0.77477477 	-0.05 	0.455 	52.079658 	-4.8799793 	5.7763
-0.77357357 	-0.05 	0.455 	52.094907 	-4.8759603 	5.7839823
-0.77237237 	-0.05 	0.455 	52.110156 	-4.8719413 	5.7916646
-0.77117117 	-0.05 	0.455 	52.125405 	-4.8679223 	5.7993469
-0.76996997 	-0.05 	0.455 	52.140654 	-4.8639033 	5.8070292
-0.76876877 	-0.05 	0.455 	52.155903 	-4.8598843 	5.8147115
-0.76756757 	-0.05 	0.455 	52.171152 	-4.8558653 	5.8223938
-0.76636637 	-0.05 	0.455 	52.186401 	-4.8518464 	5.8300761
-0.76516517 	-0.05 	0.455 	52.20165 	-4.8478274 	5.8377583
-0.76396396 	-0.05 	0.455 	52.216899 	-4.8438084 	5.8454406
-0.76276276 	-0.05 	0.455 	52.232148 	-4.8397894 	5.8531229
-0.76156156 	-0.05 	0.455 	52.247397 	-4.8357704 	5.8608052
-0.76036036 	-0.05 	0.455 	52.262646 	-4.8317514 	5.8684875
-0.75915916 	-0.05 	0.455 	52.277895 	-4.8277324 	5.8761698
-0.75795796 	-0.05 	0.455 	52.293145 	-4.8237134 	5.8838521
-0.75675676 	-0.05 	0.455 	52.308394 	-4.8196944 	5.8915344
-0.75555556 	-0.05 	0.455 	52.323785 	-4.8157646 	5.8986687
-0.75435435 	-0.05 	0.455 	52.339179 	-4.8118363 	5.9057936
-0.75315315 	-0.05 	0.455 	52.354573 	-4.807908 	5.9129185
-0.75195195 	-0.05 	0.455 	52.369967 	-4.8039796 	5.9200434
-0.75075075 	-0.05 	0.455 	52.385361 	-4.8000513 	5.9271682
-0.74954955 	-0.05 	0.455 	52.400755 	-4.796123 	5.9342931
-0.74834835 	-0.05 	0.455 	52.416149 	-4.7921947 	5.941418
-0.74714715 	-0.05 	0.455 	52.431543 	-4.7882664 	5.9485429
-0.74594595 	-0.05 	0.455 	52.446937 	-4.7843381 	5.9556678
-0.74474474 	-0.05 	0.455 	52.462331 	-4.7804098 	5.9627927
-0.74354354 	-0.05 	0.455 	52.477725 	-4.7764814 	5.9699175
-0.74234234 	-0.05 	0.455 	52.493119 	-4.7725531 	5.9770424
-0.74114114 	-0.05 	0.455 	52.508513 	-4.7686248 	5.9841673
-0.73993994 	-0.05 	0.455 	52.523907 	-4.7646965 	5.9912922
-0.73873874 	-0.05 	0.455 	52.539464 	-4.7605458 	5.9989013
-0.73753754 	-0.05 	0.455 	52.55524 	-4.7560974 	6.0071589
-0.73633634 	-0.05 	0.455 	52.571016 	-4.751649 	6.0154164
-0.73513514 	-0.05 	0.455 	52.586792 	-4.7472006 	6.023674
-0.73393393 	-0.05 	0.455 	52.602567 	-4.7427522 	6.0319315
-0.73273273 	-0.05 	0.455 	52.618343 	-4.7383038 	6.040189
-0.73153153 	-0.05 	0.455 	52.633536 	-4.7336021 	6.04818
-0.73033033 	-0.05 	0.455 	52.647664 	-4.7284377 	6.0556838
-0.72912913 	-0.05 	0.455 	52.661791 	-4.7232732 	6.0631876
-0.72792793 	-0.05 	0.455 	52.675918 	-4.7181088 	6.0706913
-0.72672673 	-0.05 	0.455 	52.690046 	-4.7129443 	6.0781951
-0.72552553 	-0.05 	0.455 	52.704173 	-4.7077798 	6.0856989
-0.72432432 	-0.05 	0.455 	52.717887 	-4.7026569 	6.0934632
-0.72312312 	-0.05 	0.455 	52.730773 	-4.6976172 	6.1017502
-0.72192192 	-0.05 	0.455 	52.743658 	-4.6925776 	6.1100371
-0.72072072 	-0.05 	0.455 	52.756544 	-4.6875379 	6.1183241
-0.71951952 	-0.05 	0.455 	52.769429 	-4.6824982 	6.1266111
-0.71831832 	-0.05 	0.455 	52.782314 	-4.6774585 	6.134898
-0.71711712 	-0.05 	0.455 	52.7952 	-4.6724189 	6.143185
-0.71591592 	-0.05 	0.455 	52.808085 	-4.6673792 	6.151472
-0.71471471 	-0.05 	0.455 	52.82097 	-4.6623395 	6.159759
-0.71351351 	-0.05 	0.455 	52.833961 	-4.6573096 	6.1679124
-0.71231231 	-0.05 	0.455 	52.847225 	-4.6523049 	6.1757192
-0.71111111 	-0.05 	0.455 	52.860488 	-4.6473002 	6.1835259
-0.70990991 	-0.05 	0.455 	52.873752 	-4.6422955 	6.1913326
-0.70870871 	-0.05 	0.455 	52.887016 	-4.6372908 	6.1991393
-0.70750751 	-0.05 	0.455 	52.896615 	-4.6316749 	6.2062039
-0.70630631 	-0.05 	0.455 	52.905834 	-4.6259957 	6.2131916
-0.70510511 	-0.05 	0.455 	52.915053 	-4.6203165 	6.2201793
-0.7039039 	-0.05 	0.455 	52.924272 	-4.6146373 	6.227167
-0.7027027 	-0.05 	0.455 	52.933491 	-4.6089581 	6.2341548
-0.7015015 	-0.05 	0.455 	52.94271 	-4.603279 	6.2411425
-0.7003003 	-0.05 	0.455 	52.952957 	-4.5976809 	6.248574
-0.6990991 	-0.05 	0.455 	52.963239 	-4.5920855 	6.2560206
-0.6978979 	-0.05 	0.455 	52.973521 	-4.5864901 	6.2634672
-0.6966967 	-0.05 	0.455 	52.983803 	-4.5808948 	6.2709138
-0.6954955 	-0.05 	0.455 	52.994085 	-4.5752994 	6.2783603
-0.69429429 	-0.05 	0.455 	53.004191 	-4.5697249 	6.2858038
-0.69309309 	-0.05 	0.455 	53.012862 	-4.5643206 	6.2932216
-0.69189189 	-0.05 	0.455 	53.021533 	-4.5589163 	6.3006395
-0.69069069 	-0.05 	0.455 	53.030204 	-4.5535119 	6.3080573
-0.68948949 	-0.05 	0.455 	53.038876 	-4.5481076 	6.3154752
-0.68828829 	-0.05 	0.455 	53.047547 	-4.5427033 	6.3228931
-0.68708709 	-0.05 	0.455 	53.056218 	-4.537299 	6.3303109
-0.68588589 	-0.05 	0.455 	53.064889 	-4.5318946 	6.3377288
-0.68468468 	-0.05 	0.455 	53.07356 	-4.5264903 	6.3451466
-0.68348348 	-0.05 	0.455 	53.082232 	-4.521086 	6.3525645
-0.68228228 	-0.05 	0.455 	53.091071 	-4.5157297 	6.3595286
-0.68108108 	-0.05 	0.455 	53.099931 	-4.5103793 	6.3664376
-0.67987988 	-0.05 	0.455 	53.108792 	-4.5050289 	6.3733466
-0.67867868 	-0.05 	0.455 	53.117652 	-4.4996785 	6.3802556
-0.67747748 	-0.05 	0.455 	53.12614 	-4.4941828 	6.3871253
-0.67627628 	-0.05 	0.455 	53.133895 	-4.4884015 	6.3939176
-0.67507508 	-0.05 	0.455 	53.141651 	-4.4826203 	6.40071
-0.67387387 	-0.05 	0.455 	53.149407 	-4.476839 	6.4075024
-0.67267267 	-0.05 	0.455 	53.157163 	-4.4710577 	6.4142947
-0.67147147 	-0.05 	0.455 	53.164918 	-4.4652765 	6.4210871
-0.67027027 	-0.05 	0.455 	53.173513 	-4.4609722 	6.4281717
-0.66906907 	-0.05 	0.455 	53.18271 	-4.45773 	6.4354664
-0.66786787 	-0.05 	0.455 	53.191907 	-4.4544877 	6.4427612
-0.66666667 	-0.05 	0.455 	53.201104 	-4.4512454 	6.4500559
-0.66546547 	-0.05 	0.455 	53.210301 	-4.4480031 	6.4573506
-0.66426426 	-0.05 	0.455 	53.219498 	-4.4447609 	6.4646453
-0.66306306 	-0.05 	0.455 	53.227137 	-4.4393909 	6.4718969
-0.66186186 	-0.05 	0.455 	53.234551 	-4.4337131 	6.4791423
-0.66066066 	-0.05 	0.455 	53.241965 	-4.4280352 	6.4863876
-0.65945946 	-0.05 	0.455 	53.249379 	-4.4223573 	6.493633
-0.65825826 	-0.05 	0.455 	53.256793 	-4.4166794 	6.5008783
-0.65705706 	-0.05 	0.455 	53.264207 	-4.4110016 	6.5081237
-0.65585586 	-0.05 	0.455 	53.271621 	-4.4053237 	6.515369
-0.65465465 	-0.05 	0.455 	53.279034 	-4.3996458 	6.5226144
-0.65345345 	-0.05 	0.455 	53.286448 	-4.3939679 	6.5298597
-0.65225225 	-0.05 	0.455 	53.293957 	-4.3883078 	6.5368515
-0.65105105 	-0.05 	0.455 	53.301558 	-4.382665 	6.5435939
-0.64984985 	-0.05 	0.455 	53.309159 	-4.3770222 	6.5503363
-0.64864865 	-0.05 	0.455 	53.31676 	-4.3713794 	6.5570787
-0.64744745 	-0.05 	0.455 	53.324361 	-4.3657366 	6.5638211
-0.64624625 	-0.05 	0.455 	53.330891 	-4.3583684 	6.5704734
-0.64504505 	-0.05 	0.455 	53.33728 	-4.3507761 	6.5771141
-0.64384384 	-0.05 	0.455 	53.34367 	-4.3431838 	6.5837548
-0.64264264 	-0.05 	0.455 	53.35006 	-4.3355915 	6.5903954
-0.64144144 	-0.05 	0.455 	53.35645 	-4.3279992 	6.5970361
-0.64024024 	-0.05 	0.455 	53.363204 	-4.3210012 	6.603769
-0.63903904 	-0.05 	0.455 	53.371495 	-4.3165198 	6.610892
-0.63783784 	-0.05 	0.455 	53.379786 	-4.3120383 	6.6180151
-0.63663664 	-0.05 	0.455 	53.388077 	-4.3075569 	6.6251382
-0.63543544 	-0.05 	0.455 	53.396368 	-4.3030754 	6.6322613
-0.63423423 	-0.05 	0.455 	53.404659 	-4.298594 	6.6393844
-0.63303303 	-0.05 	0.455 	53.41195 	-4.2933905 	6.6462244
-0.63183183 	-0.05 	0.455 	53.418306 	-4.2875114 	6.6527997
-0.63063063 	-0.05 	0.455 	53.424661 	-4.2816324 	6.6593749
-0.62942943 	-0.05 	0.455 	53.431016 	-4.2757533 	6.6659501
-0.62822823 	-0.05 	0.455 	53.437371 	-4.2698742 	6.6725254
-0.62702703 	-0.05 	0.455 	53.443554 	-4.2639746 	6.6795359
-0.62582583 	-0.05 	0.455 	53.449712 	-4.2580723 	6.6866056
-0.62462462 	-0.05 	0.455 	53.455871 	-4.25217 	6.6936754
-0.62342342 	-0.05 	0.455 	53.46203 	-4.2462677 	6.7007452
-0.62222222 	-0.05 	0.455 	53.468188 	-4.2403654 	6.7078149
-0.62102102 	-0.05 	0.455 	53.474347 	-4.234463 	6.7148847
-0.61981982 	-0.05 	0.455 	53.480506 	-4.2285607 	6.7219544
-0.61861862 	-0.05 	0.455 	53.486664 	-4.2226584 	6.7290242
-0.61741742 	-0.05 	0.455 	53.492823 	-4.2167561 	6.736094
-0.61621622 	-0.05 	0.455 	53.498428 	-4.2104175 	6.7429226
-0.61501502 	-0.05 	0.455 	53.503336 	-4.2035297 	6.7494476
-0.61381381 	-0.05 	0.455 	53.508244 	-4.1966419 	6.7559727
-0.61261261 	-0.05 	0.455 	53.513152 	-4.1897541 	6.7624977
-0.61141141 	-0.05 	0.455 	53.51806 	-4.1828663 	6.7690228
-0.61021021 	-0.05 	0.455 	53.522968 	-4.1759785 	6.7755478
-0.60900901 	-0.05 	0.455 	53.529732 	-4.1715123 	6.7823603
-0.60780781 	-0.05 	0.455 	53.53695 	-4.1676387 	6.7892433
-0.60660661 	-0.05 	0.455 	53.544169 	-4.1637652 	6.7961262
-0.60540541 	-0.05 	0.455 	53.551387 	-4.1598916 	6.8030091
-0.6042042 	-0.05 	0.455 	53.558606 	-4.156018 	6.809892
-0.603003 	-0.05 	0.455 	53.565308 	-4.1517773 	6.8167759
-0.6018018 	-0.05 	0.455 	53.569997 	-4.146104 	6.8236635
-0.6006006 	-0.05 	0.455 	53.574686 	-4.1404307 	6.8305512
-0.5993994 	-0.05 	0.455 	53.579375 	-4.1347574 	6.8374389
-0.5981982 	-0.05 	0.455 	53.584064 	-4.1290841 	6.8443266
-0.596997 	-0.05 	0.455 	53.588753 	-4.1234109 	6.8512143
-0.5957958 	-0.05 	0.455 	53.593442 	-4.1177376 	6.858102
-0.59459459 	-0.05 	0.455 	53.598131 	-4.1120643 	6.8649897
-0.59339339 	-0.05 	0.455 	53.60282 	-4.106391 	6.8718773
-0.59219219 	-0.05 	0.455 	53.607508 	-4.1007177 	6.878765
-0.59099099 	-0.05 	0.455 	53.612346 	-4.095056 	6.8852999
-0.58978979 	-0.05 	0.455 	53.617238 	-4.0893985 	6.8917031
-0.58858859 	-0.05 	0.455 	53.622131 	-4.083741 	6.8981063
-0.58738739 	-0.05 	0.455 	53.627023 	-4.0780835 	6.9045095
-0.58618619 	-0.05 	0.455 	53.631916 	-4.0724261 	6.9109127
-0.58498498 	-0.05 	0.455 	53.635067 	-4.0656988 	6.9172627
-0.58378378 	-0.05 	0.455 	53.638131 	-4.0589186 	6.9236102
-0.58258258 	-0.05 	0.455 	53.641195 	-4.0521384 	6.9299576
-0.58138138 	-0.05 	0.455 	53.64426 	-4.0453583 	6.9363051
-0.58018018 	-0.05 	0.455 	53.647324 	-4.0385781 	6.9426526
-0.57897898 	-0.05 	0.455 	53.651458 	-4.0327246 	6.9491556
-0.57777778 	-0.05 	0.455 	53.65708 	-4.0281596 	6.9558749
-0.57657658 	-0.05 	0.455 	53.662701 	-4.0235945 	6.9625943
-0.57537538 	-0.05 	0.455 	53.668322 	-4.0190294 	6.9693137
-0.57417417 	-0.05 	0.455 	53.673943 	-4.0144644 	6.976033
-0.57297297 	-0.05 	0.455 	53.679565 	-4.0098993 	6.9827524
-0.57177177 	-0.05 	0.455 	53.682937 	-4.0043151 	6.9894484
-0.57057057 	-0.05 	0.455 	53.686185 	-3.9986744 	6.9961431
-0.56936937 	-0.05 	0.455 	53.689433 	-3.9930337 	7.0028379
-0.56816817 	-0.05 	0.455 	53.692682 	-3.9873929 	7.0095326
-0.56696697 	-0.05 	0.455 	53.69593 	-3.9817522 	7.0162273
-0.56576577 	-0.05 	0.455 	53.699178 	-3.9761115 	7.0229221
-0.56456456 	-0.05 	0.455 	53.702426 	-3.9704708 	7.0296168
-0.56336336 	-0.05 	0.455 	53.705674 	-3.9648301 	7.0363115
-0.56216216 	-0.05 	0.455 	53.708922 	-3.9591894 	7.0430063
-0.56096096 	-0.05 	0.455 	53.712244 	-3.9535498 	7.0495382
-0.55975976 	-0.05 	0.455 	53.715707 	-3.9479126 	7.0557597
-0.55855856 	-0.05 	0.455 	53.719169 	-3.9422753 	7.0619813
-0.55735736 	-0.05 	0.455 	53.722632 	-3.936638 	7.0682029
-0.55615616 	-0.05 	0.455 	53.726095 	-3.9310007 	7.0744244
-0.55495495 	-0.05 	0.455 	53.728862 	-3.9249563 	7.0806035
-0.55375375 	-0.05 	0.455 	53.730619 	-3.9183207 	7.0867209
-0.55255255 	-0.05 	0.455 	53.732377 	-3.911685 	7.0928382
-0.55135135 	-0.05 	0.455 	53.734134 	-3.9050493 	7.0989556
-0.55015015 	-0.05 	0.455 	53.735892 	-3.8984136 	7.1050729
-0.54894895 	-0.05 	0.455 	53.737737 	-3.8918571 	7.1112061
-0.54774775 	-0.05 	0.455 	53.741963 	-3.8874436 	7.1177679
-0.54654655 	-0.05 	0.455 	53.746189 	-3.8830302 	7.1243297
-0.54534535 	-0.05 	0.455 	53.750415 	-3.8786168 	7.1308915
-0.54414414 	-0.05 	0.455 	53.75464 	-3.8742034 	7.1374533
-0.54294294 	-0.05 	0.455 	53.758866 	-3.86979 	7.1440151
-0.54174174 	-0.05 	0.455 	53.761605 	-3.8646773 	7.1505213
-0.54054054 	-0.05 	0.455 	53.763699 	-3.8592611 	7.1570034
-0.53933934 	-0.05 	0.455 	53.765793 	-3.8538449 	7.1634854
-0.53813814 	-0.05 	0.455 	53.767887 	-3.8484287 	7.1699674
-0.53693694 	-0.05 	0.455 	53.76998 	-3.8430125 	7.1764495
-0.53573574 	-0.05 	0.455 	53.772074 	-3.8375962 	7.1829315
-0.53453453 	-0.05 	0.455 	53.774168 	-3.83218 	7.1894136
-0.53333333 	-0.05 	0.455 	53.776261 	-3.8267638 	7.1958956
-0.53213213 	-0.05 	0.455 	53.778355 	-3.8213476 	7.2023777
-0.53093093 	-0.05 	0.455 	53.780449 	-3.8159314 	7.2088597
-0.52972973 	-0.05 	0.455 	53.78276 	-3.8105234 	7.2148993
-0.52852853 	-0.05 	0.455 	53.785081 	-3.8051159 	7.2209199
-0.52732733 	-0.05 	0.455 	53.787402 	-3.7997083 	7.2269405
-0.52612613 	-0.05 	0.455 	53.789722 	-3.7943007 	7.2329611
-0.52492492 	-0.05 	0.455 	53.792043 	-3.7888932 	7.2389817
-0.52372372 	-0.05 	0.455 	53.792813 	-3.7831447 	7.2448776
-0.52252252 	-0.05 	0.455 	53.793566 	-3.7773926 	7.2507721
-0.52132132 	-0.05 	0.455 	53.794319 	-3.7716404 	7.2566666
-0.52012012 	-0.05 	0.455 	53.795072 	-3.7658883 	7.2625612
-0.51891892 	-0.05 	0.455 	53.795825 	-3.7601362 	7.2684557
-0.51771772 	-0.05 	0.455 	53.797981 	-3.7552487 	7.2746583
-0.51651652 	-0.05 	0.455 	53.800903 	-3.7508331 	7.281029
-0.51531532 	-0.05 	0.455 	53.803825 	-3.7464174 	7.2873998
-0.51411411 	-0.05 	0.455 	53.806746 	-3.7420017 	7.2937705
-0.51291291 	-0.05 	0.455 	53.809668 	-3.7375861 	7.3001412
-0.51171171 	-0.05 	0.455 	53.811963 	-3.7329441 	7.3064771
-0.51051051 	-0.05 	0.455 	53.812876 	-3.7278038 	7.3127365
-0.50930931 	-0.05 	0.455 	53.813788 	-3.7226635 	7.3189958
-0.50810811 	-0.05 	0.455 	53.814701 	-3.7175231 	7.3252552
-0.50690691 	-0.05 	0.455 	53.815614 	-3.7123828 	7.3315145
-0.50570571 	-0.05 	0.455 	53.816527 	-3.7072425 	7.3377738
-0.5045045 	-0.05 	0.455 	53.81744 	-3.7021022 	7.3440332
-0.5033033 	-0.05 	0.455 	53.818352 	-3.6969619 	7.3502925
-0.5021021 	-0.05 	0.455 	53.819265 	-3.6918215 	7.3565519
-0.5009009 	-0.05 	0.455 	53.820178 	-3.6866812 	7.3628112
-0.4996997 	-0.05 	0.455 	53.821225 	-3.6815476 	7.3688141
-0.4984985 	-0.05 	0.455 	53.822372 	-3.6764191 	7.3746248
-0.4972973 	-0.05 	0.455 	53.823519 	-3.6712906 	7.3804355
-0.4960961 	-0.05 	0.455 	53.824666 	-3.6661621 	7.3862462
-0.49489489 	-0.05 	0.455 	53.825813 	-3.6610336 	7.3920569
-0.49369369 	-0.05 	0.455 	53.826047 	-3.6557064 	7.3978085
-0.49249249 	-0.05 	0.455 	53.825594 	-3.6502297 	7.4035156
-0.49129129 	-0.05 	0.455 	53.825141 	-3.644753 	7.4092227
-0.49009009 	-0.05 	0.455 	53.824688 	-3.6392764 	7.4149297
-0.48888889 	-0.05 	0.455 	53.824234 	-3.6337997 	7.4206368
-0.48768769 	-0.05 	0.455 	53.824226 	-3.6285023 	7.4264546
-0.48648649 	-0.05 	0.455 	53.825475 	-3.6237118 	7.4325854
-0.48528529 	-0.05 	0.455 	53.826725 	-3.6189213 	7.4387162
-0.48408408 	-0.05 	0.455 	53.827974 	-3.6141308 	7.444847
-0.48288288 	-0.05 	0.455 	53.829223 	-3.6093402 	7.4509778
-0.48168168 	-0.05 	0.455 	53.830473 	-3.6045497 	7.4571086
-0.48048048 	-0.05 	0.455 	53.830204 	-3.5995618 	7.4631368
-0.47927928 	-0.05 	0.455 	53.829906 	-3.59457 	7.4691631
-0.47807808 	-0.05 	0.455 	53.829608 	-3.5895782 	7.4751893
-0.47687688 	-0.05 	0.455 	53.82931 	-3.5845865 	7.4812155
-0.47567568 	-0.05 	0.455 	53.829011 	-3.5795947 	7.4872418
-0.47447447 	-0.05 	0.455 	53.828713 	-3.574603 	7.493268
-0.47327327 	-0.05 	0.455 	53.828415 	-3.5696112 	7.4992942
-0.47207207 	-0.05 	0.455 	53.828117 	-3.5646194 	7.5053205
-0.47087087 	-0.05 	0.455 	53.827819 	-3.5596277 	7.5113467
-0.46966967 	-0.05 	0.455 	53.827566 	-3.5546386 	7.5172916
-0.46846847 	-0.05 	0.455 	53.827509 	-3.5496611 	7.5228822
-0.46726727 	-0.05 	0.455 	53.827451 	-3.5446837 	7.5284728
-0.46606607 	-0.05 	0.455 	53.827394 	-3.5397062 	7.5340633
-0.46486486 	-0.05 	0.455 	53.827337 	-3.5347288 	7.5396539
-0.46366366 	-0.05 	0.455 	53.827147 	-3.5297484 	7.5452303
-0.46246246 	-0.05 	0.455 	53.825806 	-3.524742 	7.5506831
-0.46126126 	-0.05 	0.455 	53.824465 	-3.5197357 	7.556136
-0.46006006 	-0.05 	0.455 	53.823124 	-3.5147294 	7.5615888
-0.45885886 	-0.05 	0.455 	53.821783 	-3.509723 	7.5670416
-0.45765766 	-0.05 	0.455 	53.820441 	-3.5047167 	7.5724944
-0.45645646 	-0.05 	0.455 	53.820017 	-3.5001312 	7.578371
-0.45525526 	-0.05 	0.455 	53.81972 	-3.4956047 	7.5843068
-0.45405405 	-0.05 	0.455 	53.819424 	-3.4910781 	7.5902426
-0.45285285 	-0.05 	0.455 	53.819128 	-3.4865515 	7.5961785
-0.45165165 	-0.05 	0.455 	53.818831 	-3.4820249 	7.6021143
-0.45045045 	-0.05 	0.455 	53.817788 	-3.4772996 	7.607944
-0.44924925 	-0.05 	0.455 	53.816427 	-3.4724895 	7.6137284
-0.44804805 	-0.05 	0.455 	53.815066 	-3.4676793 	7.6195128
-0.44684685 	-0.05 	0.455 	53.813705 	-3.4628691 	7.6252972
-0.44564565 	-0.05 	0.455 	53.812343 	-3.4580589 	7.6310816
-0.44444444 	-0.05 	0.455 	53.810982 	-3.4532487 	7.636866
-0.44324324 	-0.05 	0.455 	53.809621 	-3.4484385 	7.6426504
-0.44204204 	-0.05 	0.455 	53.808259 	-3.4436283 	7.6484348
-0.44084084 	-0.05 	0.455 	53.806898 	-3.4388182 	7.6542192
-0.43963964 	-0.05 	0.455 	53.805537 	-3.434008 	7.6600036
-0.43843844 	-0.05 	0.455 	53.804374 	-3.4292089 	7.6654478
-0.43723724 	-0.05 	0.455 	53.803259 	-3.4244125 	7.6708091
-0.43603604 	-0.05 	0.455 	53.802144 	-3.419616 	7.6761704
-0.43483483 	-0.05 	0.455 	53.80103 	-3.4148196 	7.6815317
-0.43363363 	-0.05 	0.455 	53.799915 	-3.4100232 	7.686893
-0.43243243 	-0.05 	0.455 	53.798242 	-3.4051928 	7.6921521
-0.43123123 	-0.05 	0.455 	53.796183 	-3.4003387 	7.6973404
-0.43003003 	-0.05 	0.455 	53.794123 	-3.3954847 	7.7025287
-0.42882883 	-0.05 	0.455 	53.792064 	-3.3906307 	7.707717
-0.42762763 	-0.05 	0.455 	53.790004 	-3.3857766 	7.7129053
-0.42642643 	-0.05 	0.455 	53.788103 	-3.3810866 	7.7183656
-0.42522523 	-0.05 	0.455 	53.786362 	-3.3765633 	7.7241023
-0.42402402 	-0.05 	0.455 	53.784621 	-3.3720399 	7.7298389
-0.42282282 	-0.05 	0.455 	53.78288 	-3.3675165 	7.7355755
-0.42162162 	-0.05 	0.455 	53.781139 	-3.3629931 	7.7413121
-0.42042042 	-0.05 	0.455 	53.77912 	-3.358392 	7.7469628
-0.41921922 	-0.05 	0.455 	53.776728 	-3.353686 	7.7524976
-0.41801802 	-0.05 	0.455 	53.774335 	-3.3489801 	7.7580324
-0.41681682 	-0.05 	0.455 	53.771943 	-3.3442742 	7.7635672
-0.41561562 	-0.05 	0.455 	53.769551 	-3.3395682 	7.769102
-0.41441441 	-0.05 	0.455 	53.767158 	-3.3348623 	7.7746368
-0.41321321 	-0.05 	0.455 	53.764766 	-3.3301563 	7.7801716
-0.41201201 	-0.05 	0.455 	53.762373 	-3.3254504 	7.7857064
-0.41081081 	-0.05 	0.455 	53.759981 	-3.3207445 	7.7912412
-0.40960961 	-0.05 	0.455 	53.757589 	-3.3160385 	7.7967761
-0.40840841 	-0.05 	0.455 	53.755305 	-3.3113368 	7.8021379
-0.40720721 	-0.05 	0.455 	53.75317 	-3.3066408 	7.807262
-0.40600601 	-0.05 	0.455 	53.751035 	-3.3019449 	7.8123861
-0.4048048 	-0.05 	0.455 	53.748901 	-3.2972489 	7.8175103
-0.4036036 	-0.05 	0.455 	53.746766 	-3.292553 	7.8226344
-0.4024024 	-0.05 	0.455 	53.744494 	-3.2878591 	7.8277097
-0.4012012 	-0.05 	0.455 	53.741631 	-3.2831738 	7.8325751
-0.4 	-0.05 	0.455 	53.738767 	-3.2784886 	7.8374404
-0.3987988 	-0.05 	0.455 	53.735904 	-3.2738034 	7.8423058
-0.3975976 	-0.05 	0.455 	53.733041 	-3.2691182 	7.8471711
-0.3963964 	-0.05 	0.455 	53.730133 	-3.2644701 	7.8521156
-0.3951952 	-0.05 	0.455 	53.726863 	-3.2601209 	7.8576975
-0.39399399 	-0.05 	0.455 	53.723592 	-3.2557717 	7.8632794
-0.39279279 	-0.05 	0.455 	53.720322 	-3.2514226 	7.8688613
-0.39159159 	-0.05 	0.455 	53.717052 	-3.2470734 	7.8744433
-0.39039039 	-0.05 	0.455 	53.713779 	-3.24271 	7.8800139
-0.38918919 	-0.05 	0.455 	53.71044 	-3.2379635 	7.8852801
-0.38798799 	-0.05 	0.455 	53.707101 	-3.2332169 	7.8905463
-0.38678679 	-0.05 	0.455 	53.703761 	-3.2284704 	7.8958125
-0.38558559 	-0.05 	0.455 	53.700422 	-3.2237238 	7.9010788
-0.38438438 	-0.05 	0.455 	53.697083 	-3.2189773 	7.906345
-0.38318318 	-0.05 	0.455 	53.693744 	-3.2142307 	7.9116112
-0.38198198 	-0.05 	0.455 	53.690404 	-3.2094842 	7.9168775
-0.38078078 	-0.05 	0.455 	53.687065 	-3.2047376 	7.9221437
-0.37957958 	-0.05 	0.455 	53.683726 	-3.1999911 	7.9274099
-0.37837838 	-0.05 	0.455 	53.680396 	-3.1952451 	7.9326621
-0.37717718 	-0.05 	0.455 	53.677322 	-3.1905134 	7.9375327
-0.37597598 	-0.05 	0.455 	53.674248 	-3.1857817 	7.9424034
-0.37477477 	-0.05 	0.455 	53.671173 	-3.18105 	7.947274
-0.37357357 	-0.05 	0.455 	53.668099 	-3.1763183 	7.9521446
-0.37237237 	-0.05 	0.455 	53.665025 	-3.1715866 	7.9570153
-0.37117117 	-0.05 	0.455 	53.661803 	-3.1664227 	7.9616303
-0.36996997 	-0.05 	0.455 	53.658539 	-3.1611356 	7.9661725
-0.36876877 	-0.05 	0.455 	53.655275 	-3.1558485 	7.9707147
-0.36756757 	-0.05 	0.455 	53.65201 	-3.1505613 	7.9752569
-0.36636637 	-0.05 	0.455 	53.648746 	-3.1452742 	7.9797991
-0.36516517 	-0.05 	0.455 	53.644594 	-3.1406839 	7.9849315
-0.36396396 	-0.05 	0.455 	53.640104 	-3.1363577 	7.9902876
-0.36276276 	-0.05 	0.455 	53.635615 	-3.1320315 	7.9956438
-0.36156156 	-0.05 	0.455 	53.631126 	-3.1277053 	8.0009999
-0.36036036 	-0.05 	0.455 	53.626637 	-3.1233791 	8.0063561
-0.35915916 	-0.05 	0.455 	53.622311 	-3.1189756 	8.011463
-0.35795796 	-0.05 	0.455 	53.618056 	-3.1145386 	8.0164615
-0.35675676 	-0.05 	0.455 	53.613801 	-3.1101016 	8.0214601
-0.35555556 	-0.05 	0.455 	53.609547 	-3.1056645 	8.0264586
-0.35435435 	-0.05 	0.455 	53.605292 	-3.1012275 	8.0314572
-0.35315315 	-0.05 	0.455 	53.601037 	-3.0967905 	8.0364557
-0.35195195 	-0.05 	0.455 	53.596782 	-3.0923534 	8.0414543
-0.35075075 	-0.05 	0.455 	53.592528 	-3.0879164 	8.0464528
-0.34954955 	-0.05 	0.455 	53.588273 	-3.0834794 	8.0514514
-0.34834835 	-0.05 	0.455 	53.584018 	-3.0790423 	8.0564499
-0.34714715 	-0.05 	0.455 	53.579942 	-3.0746037 	8.0612
-0.34594595 	-0.05 	0.455 	53.575962 	-3.0701641 	8.0658176
-0.34474474 	-0.05 	0.455 	53.571982 	-3.0657246 	8.0704352
-0.34354354 	-0.05 	0.455 	53.568002 	-3.0612851 	8.0750527
-0.34234234 	-0.05 	0.455 	53.564021 	-3.0568456 	8.0796703
-0.34114114 	-0.05 	0.455 	53.560051 	-3.0524853 	8.0841949
-0.33993994 	-0.05 	0.455 	53.5561 	-3.0482948 	8.08852
-0.33873874 	-0.05 	0.455 	53.55215 	-3.0441044 	8.0928451
-0.33753754 	-0.05 	0.455 	53.5482 	-3.0399139 	8.0971703
-0.33633634 	-0.05 	0.455 	53.544249 	-3.0357235 	8.1014954
-0.33513514 	-0.05 	0.455 	53.539632 	-3.0318786 	8.1060884
-0.33393393 	-0.05 	0.455 	53.53374 	-3.0286945 	8.1111937
-0.33273273 	-0.05 	0.455 	53.527848 	-3.0255105 	8.1162991
-0.33153153 	-0.05 	0.455 	53.521955 	-3.0223264 	8.1214044
-0.33033033 	-0.05 	0.455 	53.516063 	-3.0191424 	8.1265098
-0.32912913 	-0.05 	0.455 	53.510415 	-3.015475 	8.1314523
-0.32792793 	-0.05 	0.455 	53.505114 	-3.0111197 	8.1361632
-0.32672673 	-0.05 	0.455 	53.499813 	-3.0067644 	8.1408741
-0.32552553 	-0.05 	0.455 	53.494512 	-3.0024091 	8.1455849
-0.32432432 	-0.05 	0.455 	53.489211 	-2.9980537 	8.1502958
-0.32312312 	-0.05 	0.455 	53.48391 	-2.9936984 	8.1550066
-0.32192192 	-0.05 	0.455 	53.478609 	-2.9893431 	8.1597175
-0.32072072 	-0.05 	0.455 	53.473308 	-2.9849877 	8.1644284
-0.31951952 	-0.05 	0.455 	53.468007 	-2.9806324 	8.1691392
-0.31831832 	-0.05 	0.455 	53.462706 	-2.9762771 	8.1738501
-0.31711712 	-0.05 	0.455 	53.457485 	-2.9719212 	8.1784619
-0.31591592 	-0.05 	0.455 	53.452479 	-2.967564 	8.1828058
-0.31471471 	-0.05 	0.455 	53.447473 	-2.9632067 	8.1871498
-0.31351351 	-0.05 	0.455 	53.442468 	-2.9588495 	8.1914937
-0.31231231 	-0.05 	0.455 	53.437462 	-2.9544923 	8.1958377
-0.31111111 	-0.05 	0.455 	53.432456 	-2.950135 	8.2001816
-0.30990991 	-0.05 	0.455 	53.427724 	-2.9447925 	8.2041895
-0.30870871 	-0.05 	0.455 	53.423055 	-2.9392199 	8.2081188
-0.30750751 	-0.05 	0.455 	53.418385 	-2.9336474 	8.2120482
-0.30630631 	-0.05 	0.455 	53.413716 	-2.9280749 	8.2159776
-0.30510511 	-0.05 	0.455 	53.409047 	-2.9225023 	8.219907
-0.3039039 	-0.05 	0.455 	53.401885 	-2.9184571 	8.2247277
-0.3027027 	-0.05 	0.455 	53.394624 	-2.9144722 	8.2295836
-0.3015015 	-0.05 	0.455 	53.387363 	-2.9104872 	8.2344395
-0.3003003 	-0.05 	0.455 	53.380102 	-2.9065023 	8.2392953
-0.2990991 	-0.05 	0.455 	53.372947 	-2.9025123 	8.2440896
-0.2978979 	-0.05 	0.455 	53.366457 	-2.8984905 	8.2484957
-0.2966967 	-0.05 	0.455 	53.359967 	-2.8944687 	8.2529018
-0.2954955 	-0.05 	0.455 	53.353477 	-2.8904469 	8.257308
-0.29429429 	-0.05 	0.455 	53.346987 	-2.8864252 	8.2617141
-0.29309309 	-0.05 	0.455 	53.340498 	-2.8824034 	8.2661203
-0.29189189 	-0.05 	0.455 	53.334008 	-2.8783816 	8.2705264
-0.29069069 	-0.05 	0.455 	53.327518 	-2.8743598 	8.2749326
-0.28948949 	-0.05 	0.455 	53.321028 	-2.870338 	8.2793387
-0.28828829 	-0.05 	0.455 	53.314538 	-2.8663162 	8.2837449
-0.28708709 	-0.05 	0.455 	53.308048 	-2.8622945 	8.288151
-0.28588589 	-0.05 	0.455 	53.301835 	-2.858269 	8.2922435
-0.28468468 	-0.05 	0.455 	53.295657 	-2.854243 	8.2962962
-0.28348348 	-0.05 	0.455 	53.289479 	-2.850217 	8.3003488
-0.28228228 	-0.05 	0.455 	53.283301 	-2.846191 	8.3044014
-0.28108108 	-0.05 	0.455 	53.277123 	-2.8421651 	8.3084541
-0.27987988 	-0.05 	0.455 	53.271124 	-2.8381589 	8.3123379
-0.27867868 	-0.05 	0.455 	53.265389 	-2.8341821 	8.3159715
-0.27747748 	-0.05 	0.455 	53.259654 	-2.8302053 	8.3196052
-0.27627628 	-0.05 	0.455 	53.253919 	-2.8262285 	8.3232389
-0.27507508 	-0.05 	0.455 	53.248185 	-2.8222517 	8.3268725
-0.27387387 	-0.05 	0.455 	53.240587 	-2.8197653 	8.3310663
-0.27267267 	-0.05 	0.455 	53.231617 	-2.8183757 	8.3356722
-0.27147147 	-0.05 	0.455 	53.222648 	-2.816986 	8.3402781
-0.27027027 	-0.05 	0.455 	53.213679 	-2.8155963 	8.344884
-0.26906907 	-0.05 	0.455 	53.204709 	-2.8142067 	8.3494899
-0.26786787 	-0.05 	0.455 	53.196578 	-2.8108124 	8.3537038
-0.26666667 	-0.05 	0.455 	53.188718 	-2.8067693 	8.3577909
-0.26546547 	-0.05 	0.455 	53.180858 	-2.8027263 	8.361878
-0.26426426 	-0.05 	0.455 	53.172998 	-2.7986832 	8.3659651
-0.26306306 	-0.05 	0.455 	53.165138 	-2.7946402 	8.3700522
-0.26186186 	-0.05 	0.455 	53.157278 	-2.7905972 	8.3741393
-0.26066066 	-0.05 	0.455 	53.149418 	-2.7865541 	8.3782264
-0.25945946 	-0.05 	0.455 	53.141558 	-2.7825111 	8.3823135
-0.25825826 	-0.05 	0.455 	53.133698 	-2.778468 	8.3864006
-0.25705706 	-0.05 	0.455 	53.125838 	-2.774425 	8.3904877
-0.25585586 	-0.05 	0.455 	53.118145 	-2.7703786 	8.3944039
-0.25465465 	-0.05 	0.455 	53.110619 	-2.7663288 	8.3981512
-0.25345345 	-0.05 	0.455 	53.103092 	-2.762279 	8.4018984
-0.25225225 	-0.05 	0.455 	53.095566 	-2.7582292 	8.4056457
-0.25105105 	-0.05 	0.455 	53.08804 	-2.7541794 	8.409393
-0.24984985 	-0.05 	0.455 	53.080513 	-2.7501296 	8.4131402
-0.24864865 	-0.05 	0.455 	53.073488 	-2.7443831 	8.4164729
-0.24744745 	-0.05 	0.455 	53.066467 	-2.7386201 	8.4198015
-0.24624625 	-0.05 	0.455 	53.059447 	-2.732857 	8.4231301
-0.24504505 	-0.05 	0.455 	53.052426 	-2.727094 	8.4264588
-0.24384384 	-0.05 	0.455 	53.044745 	-2.72163 	8.4299574
-0.24264264 	-0.05 	0.455 	53.034309 	-2.7174125 	8.4341644
-0.24144144 	-0.05 	0.455 	53.023874 	-2.713195 	8.4383714
-0.24024024 	-0.05 	0.455 	53.013438 	-2.7089776 	8.4425784
-0.23903904 	-0.05 	0.455 	53.003003 	-2.7047601 	8.4467854
-0.23783784 	-0.05 	0.455 	52.993143 	-2.7002757 	8.4507959
-0.23663664 	-0.05 	0.455 	52.984076 	-2.6954246 	8.4545365
-0.23543544 	-0.05 	0.455 	52.975008 	-2.6905735 	8.4582771
-0.23423423 	-0.05 	0.455 	52.96594 	-2.6857224 	8.4620177
-0.23303303 	-0.05 	0.455 	52.956872 	-2.6808713 	8.4657583
-0.23183183 	-0.05 	0.455 	52.947804 	-2.6760202 	8.4694989
-0.23063063 	-0.05 	0.455 	52.938737 	-2.6711691 	8.4732395
-0.22942943 	-0.05 	0.455 	52.929669 	-2.666318 	8.4769801
-0.22822823 	-0.05 	0.455 	52.920601 	-2.6614669 	8.4807206
-0.22702703 	-0.05 	0.455 	52.911533 	-2.6566159 	8.4844612
-0.22582583 	-0.05 	0.455 	52.902507 	-2.651767 	8.488163
-0.22462462 	-0.05 	0.455 	52.89379 	-2.6469351 	8.4915782
-0.22342342 	-0.05 	0.455 	52.885072 	-2.6421032 	8.4949933
-0.22222222 	-0.05 	0.455 	52.876355 	-2.6372713 	8.4984085
-0.22102102 	-0.05 	0.455 	52.867638 	-2.6324393 	8.5018236
-0.21981982 	-0.05 	0.455 	52.85892 	-2.6276074 	8.5052388
-0.21861862 	-0.05 	0.455 	52.850656 	-2.6228266 	8.5084287
-0.21741742 	-0.05 	0.455 	52.842805 	-2.6180924 	8.5114135
-0.21621622 	-0.05 	0.455 	52.834954 	-2.6133582 	8.5143983
-0.21501502 	-0.05 	0.455 	52.827103 	-2.6086239 	8.5173832
-0.21381381 	-0.05 	0.455 	52.819252 	-2.6038897 	8.520368
-0.21261261 	-0.05 	0.455 	52.808618 	-2.5996197 	8.5240905
-0.21141141 	-0.05 	0.455 	52.797332 	-2.5954585 	8.5279862
-0.21021021 	-0.05 	0.455 	52.786046 	-2.5912974 	8.5318819
-0.20900901 	-0.05 	0.455 	52.77476 	-2.5871363 	8.5357775
-0.20780781 	-0.05 	0.455 	52.763595 	-2.5829239 	8.5396035
-0.20660661 	-0.05 	0.455 	52.753194 	-2.578391 	8.5429936
-0.20540541 	-0.05 	0.455 	52.742793 	-2.5738581 	8.5463837
-0.2042042 	-0.05 	0.455 	52.732391 	-2.5693252 	8.5497739
-0.203003 	-0.05 	0.455 	52.72199 	-2.5647922 	8.553164
-0.2018018 	-0.05 	0.455 	52.711588 	-2.5602593 	8.5565541
-0.2006006 	-0.05 	0.455 	52.701187 	-2.5557264 	8.5599443
-0.1993994 	-0.05 	0.455 	52.690785 	-2.5511935 	8.5633344
-0.1981982 	-0.05 	0.455 	52.680384 	-2.5466606 	8.5667245
-0.196997 	-0.05 	0.455 	52.669982 	-2.5421276 	8.5701147
-0.1957958 	-0.05 	0.455 	52.659581 	-2.5375947 	8.5735048
-0.19459459 	-0.05 	0.455 	52.649452 	-2.5330434 	8.5766688
-0.19339339 	-0.05 	0.455 	52.63942 	-2.5284855 	8.5797514
-0.19219219 	-0.05 	0.455 	52.629389 	-2.5239276 	8.5828339
-0.19099099 	-0.05 	0.455 	52.619358 	-2.5193697 	8.5859165
-0.18978979 	-0.05 	0.455 	52.609326 	-2.5148118 	8.5889991
-0.18858859 	-0.05 	0.455 	52.599306 	-2.5102613 	8.5920729
-0.18738739 	-0.05 	0.455 	52.589877 	-2.5060956 	8.594698
-0.18618619 	-0.05 	0.455 	52.580447 	-2.5019299 	8.5973232
-0.18498498 	-0.05 	0.455 	52.571018 	-2.4977642 	8.5999483
-0.18378378 	-0.05 	0.455 	52.561588 	-2.4935985 	8.6025734
-0.18258258 	-0.05 	0.455 	52.550645 	-2.4898493 	8.6055992
-0.18138138 	-0.05 	0.455 	52.537664 	-2.4866604 	8.6091642
-0.18018018 	-0.05 	0.455 	52.524684 	-2.4834715 	8.6127292
-0.17897898 	-0.05 	0.455 	52.511703 	-2.4802827 	8.6162942
-0.17777778 	-0.05 	0.455 	52.498723 	-2.4770938 	8.6198592
-0.17657658 	-0.05 	0.455 	52.486546 	-2.4733485 	8.6229468
-0.17537538 	-0.05 	0.455 	52.474505 	-2.4695097 	8.6259543
-0.17417417 	-0.05 	0.455 	52.462463 	-2.465671 	8.6289617
-0.17297297 	-0.05 	0.455 	52.450422 	-2.4618323 	8.6319692
-0.17177177 	-0.05 	0.455 	52.438381 	-2.4579935 	8.6349766
-0.17057057 	-0.05 	0.455 	52.426339 	-2.4541548 	8.6379841
-0.16936937 	-0.05 	0.455 	52.414298 	-2.450316 	8.6409915
-0.16816817 	-0.05 	0.455 	52.402256 	-2.4464773 	8.6439989
-0.16696697 	-0.05 	0.455 	52.390215 	-2.4426386 	8.6470064
-0.16576577 	-0.05 	0.455 	52.378174 	-2.4387998 	8.6500138
-0.16456456 	-0.05 	0.455 	52.366277 	-2.4349378 	8.6529205
-0.16336336 	-0.05 	0.455 	52.354646 	-2.4310329 	8.6556413
-0.16216216 	-0.05 	0.455 	52.343015 	-2.4271279 	8.6583622
-0.16096096 	-0.05 	0.455 	52.331384 	-2.423223 	8.6610831
-0.15975976 	-0.05 	0.455 	52.319754 	-2.4193181 	8.663804
-0.15855856 	-0.05 	0.455 	52.308123 	-2.4154131 	8.6665249
-0.15735736 	-0.05 	0.455 	52.296923 	-2.4113147 	8.6689088
-0.15615616 	-0.05 	0.455 	52.285996 	-2.4070942 	8.6710799
-0.15495495 	-0.05 	0.455 	52.275068 	-2.4028737 	8.6732511
-0.15375375 	-0.05 	0.455 	52.264141 	-2.3986532 	8.6754222
-0.15255255 	-0.05 	0.455 	52.253061 	-2.3945201 	8.6776369
-0.15135135 	-0.05 	0.455 	52.238465 	-2.3924043 	8.6808562
-0.15015015 	-0.05 	0.455 	52.223868 	-2.3902885 	8.6840755
-0.14894895 	-0.05 	0.455 	52.209272 	-2.3881726 	8.6872948
-0.14774775 	-0.05 	0.455 	52.194676 	-2.3860568 	8.6905141
-0.14654655 	-0.05 	0.455 	52.180438 	-2.3835751 	8.6934277
-0.14534535 	-0.05 	0.455 	52.166591 	-2.3806939 	8.6960075
-0.14414414 	-0.05 	0.455 	52.152743 	-2.3778127 	8.6985873
-0.14294294 	-0.05 	0.455 	52.138896 	-2.3749315 	8.7011671
-0.14174174 	-0.05 	0.455 	52.125049 	-2.3720503 	8.703747
-0.14054054 	-0.05 	0.455 	52.111201 	-2.3691691 	8.7063268
-0.13933934 	-0.05 	0.455 	52.097354 	-2.366288 	8.7089066
-0.13813814 	-0.05 	0.455 	52.083507 	-2.3634068 	8.7114864
-0.13693694 	-0.05 	0.455 	52.069659 	-2.3605256 	8.7140662
-0.13573574 	-0.05 	0.455 	52.055812 	-2.3576444 	8.716646
-0.13453453 	-0.05 	0.455 	52.041964 	-2.3547632 	8.7192258
-0.13333333 	-0.05 	0.455 	52.028558 	-2.3517996 	8.7215481
-0.13213213 	-0.05 	0.455 	52.015167 	-2.3488331 	8.7238614
-0.13093093 	-0.05 	0.455 	52.001776 	-2.3458666 	8.7261748
-0.12972973 	-0.05 	0.455 	51.988385 	-2.3429001 	8.7284881
-0.12852853 	-0.05 	0.455 	51.974994 	-2.3399335 	8.7308014
-0.12732733 	-0.05 	0.455 	51.961718 	-2.3369082 	8.7330158
-0.12612613 	-0.05 	0.455 	51.948947 	-2.3336248 	8.7347959
-0.12492492 	-0.05 	0.455 	51.936176 	-2.3303414 	8.736576
-0.12372372 	-0.05 	0.455 	51.923405 	-2.327058 	8.7383561
-0.12252252 	-0.05 	0.455 	51.910634 	-2.3237745 	8.7401362
-0.12132132 	-0.05 	0.455 	51.895451 	-2.3221057 	8.7425477
-0.12012012 	-0.05 	0.455 	51.879001 	-2.3212856 	8.7452911
-0.11891892 	-0.05 	0.455 	51.862551 	-2.3204655 	8.7480345
-0.11771772 	-0.05 	0.455 	51.8461 	-2.3196453 	8.7507779
-0.11651652 	-0.05 	0.455 	51.829716 	-2.3187339 	8.7534229
-0.11531532 	-0.05 	0.455 	51.813689 	-2.3173249 	8.7555318
-0.11411411 	-0.05 	0.455 	51.797662 	-2.3159158 	8.7576407
-0.11291291 	-0.05 	0.455 	51.781635 	-2.3145068 	8.7597497
-0.11171171 	-0.05 	0.455 	51.765609 	-2.3130978 	8.7618586
-0.11051051 	-0.05 	0.455 	51.749582 	-2.3116887 	8.7639675
-0.10930931 	-0.05 	0.455 	51.733555 	-2.3102797 	8.7660764
-0.10810811 	-0.05 	0.455 	51.717528 	-2.3088706 	8.7681854
-0.10690691 	-0.05 	0.455 	51.701502 	-2.3074616 	8.7702943
-0.10570571 	-0.05 	0.455 	51.685475 	-2.3060526 	8.7724032
-0.1045045 	-0.05 	0.455 	51.669448 	-2.3046435 	8.7745121
-0.1033033 	-0.05 	0.455 	51.653714 	-2.3031525 	8.7764787
-0.1021021 	-0.05 	0.455 	51.638193 	-2.3016017 	8.7783416
-0.1009009 	-0.05 	0.455 	51.622672 	-2.3000509 	8.7802044
-0.0996997 	-0.05 	0.455 	51.607151 	-2.2985001 	8.7820673
-0.098498498 	-0.05 	0.455 	51.59163 	-2.2969493 	8.7839302
-0.097297297 	-0.05 	0.455 	51.576109 	-2.2953985 	8.785793
-0.096096096 	-0.05 	0.455 	51.56095 	-2.2936452 	8.7872744
-0.094894895 	-0.05 	0.455 	51.545955 	-2.2918006 	8.7885836
-0.093693694 	-0.05 	0.455 	51.53096 	-2.2899559 	8.7898928
-0.092492492 	-0.05 	0.455 	51.515964 	-2.2881112 	8.791202
-0.091291291 	-0.05 	0.455 	51.49998 	-2.2869273 	8.7927661
-0.09009009 	-0.05 	0.455 	51.481279 	-2.287558 	8.7950299
-0.088888889 	-0.05 	0.455 	51.462579 	-2.2881887 	8.7972937
-0.087687688 	-0.05 	0.455 	51.443878 	-2.2888194 	8.7995575
-0.086486486 	-0.05 	0.455 	51.425177 	-2.2894501 	8.8018213
-0.085285285 	-0.05 	0.455 	51.406423 	-2.2908643 	8.803478
-0.084084084 	-0.05 	0.455 	51.387663 	-2.2923696 	8.8050642
-0.082882883 	-0.05 	0.455 	51.368903 	-2.2938749 	8.8066503
-0.081681682 	-0.05 	0.455 	51.350142 	-2.2953802 	8.8082365
-0.08048048 	-0.05 	0.455 	51.331382 	-2.2968855 	8.8098226
-0.079279279 	-0.05 	0.455 	51.312622 	-2.2983909 	8.8114087
-0.078078078 	-0.05 	0.455 	51.293861 	-2.2998962 	8.8129949
-0.076876877 	-0.05 	0.455 	51.275101 	-2.3014015 	8.814581
-0.075675676 	-0.05 	0.455 	51.256341 	-2.3029068 	8.8161672
-0.074474474 	-0.05 	0.455 	51.237581 	-2.3044121 	8.8177533
-0.073273273 	-0.05 	0.455 	51.218927 	-2.3058701 	8.819297
-0.072072072 	-0.05 	0.455 	51.200726 	-2.3071268 	8.8206601
-0.070870871 	-0.05 	0.455 	51.182525 	-2.3083835 	8.8220232
-0.06966967 	-0.05 	0.455 	51.164325 	-2.3096401 	8.8233864
-0.068468468 	-0.05 	0.455 	51.146124 	-2.3108968 	8.8247495
-0.067267267 	-0.05 	0.455 	51.127923 	-2.3121534 	8.8261126
-0.066066066 	-0.05 	0.455 	51.109849 	-2.3135066 	8.8274021
-0.064864865 	-0.05 	0.455 	51.092608 	-2.3154922 	8.8282092
-0.063663664 	-0.05 	0.455 	51.075367 	-2.3174779 	8.8290162
-0.062462462 	-0.05 	0.455 	51.058126 	-2.3194635 	8.8298232
-0.061261261 	-0.05 	0.455 	51.040885 	-2.3214492 	8.8306303
-0.06006006 	-0.05 	0.455 	51.021126 	-2.3243804 	8.8322803
-0.058858859 	-0.05 	0.455 	51.00102 	-2.3274421 	8.8340465
-0.057657658 	-0.05 	0.455 	50.980914 	-2.3305039 	8.8358128
-0.056456456 	-0.05 	0.455 	50.960808 	-2.3335656 	8.8375791
-0.055255255 	-0.05 	0.455 	50.940693 	-2.3375286 	8.8389635
-0.054054054 	-0.05 	0.455 	50.920572 	-2.3422272 	8.8400364
-0.052852853 	-0.05 	0.455 	50.900451 	-2.3469257 	8.8411093
-0.051651652 	-0.05 	0.455 	50.880329 	-2.3516242 	8.8421822
-0.05045045 	-0.05 	0.455 	50.860208 	-2.3563227 	8.843255
-0.049249249 	-0.05 	0.455 	50.840087 	-2.3610213 	8.8443279
-0.048048048 	-0.05 	0.455 	50.819966 	-2.3657198 	8.8454008
-0.046846847 	-0.05 	0.455 	50.799844 	-2.3704183 	8.8464737
-0.045645646 	-0.05 	0.455 	50.779723 	-2.3751168 	8.8475466
-0.044444444 	-0.05 	0.455 	50.759602 	-2.3798154 	8.8486194
-0.043243243 	-0.05 	0.455 	50.739481 	-2.3845139 	8.8496923
-0.042042042 	-0.05 	0.455 	50.719849 	-2.3889382 	8.8506131
-0.040840841 	-0.05 	0.455 	50.700374 	-2.3932749 	8.8514854
-0.03963964 	-0.05 	0.455 	50.680899 	-2.3976116 	8.8523577
-0.038438438 	-0.05 	0.455 	50.661424 	-2.4019484 	8.8532299
-0.037237237 	-0.05 	0.455 	50.641949 	-2.4062851 	8.8541022
-0.036036036 	-0.05 	0.455 	50.62254 	-2.4109081 	8.8549231
-0.034834835 	-0.05 	0.455 	50.60395 	-2.4190501 	8.8551122
-0.033633634 	-0.05 	0.455 	50.58536 	-2.4271922 	8.8553013
-0.032432432 	-0.05 	0.455 	50.566769 	-2.4353342 	8.8554905
-0.031231231 	-0.05 	0.455 	50.548179 	-2.4434762 	8.8556796
-0.03003003 	-0.05 	0.455 	50.528145 	-2.4540363 	8.8562083
-0.028828829 	-0.05 	0.455 	50.506046 	-2.4680541 	8.8572226
-0.027627628 	-0.05 	0.455 	50.483948 	-2.4820718 	8.8582369
-0.026426426 	-0.05 	0.455 	50.461849 	-2.4960896 	8.8592513
-0.025225225 	-0.05 	0.455 	50.439751 	-2.5101073 	8.8602656
-0.024024024 	-0.05 	0.455 	50.417652 	-2.5241251 	8.8612799
-0.022822823 	-0.05 	0.455 	50.395554 	-2.5381428 	8.8622942
-0.021621622 	-0.05 	0.455 	50.373456 	-2.5521606 	8.8633085
-0.02042042 	-0.05 	0.455 	50.350544 	-2.5642525 	8.8641328
-0.019219219 	-0.05 	0.455 	50.3275 	-2.5763375 	8.8649811
-0.018018018 	-0.05 	0.455 	50.304043 	-2.5888687 	8.8659868
-0.016816817 	-0.05 	0.455 	50.280586 	-2.6013999 	8.8669926
-0.015615616 	-0.05 	0.455 	50.25713 	-2.613931 	8.8679984
-0.014414414 	-0.05 	0.455 	50.234462 	-2.6321442 	8.8684354
-0.013213213 	-0.05 	0.455 	50.212284 	-2.653871 	8.8685206
-0.012012012 	-0.05 	0.455 	50.190778 	-2.674092 	8.8685732
-0.010810811 	-0.05 	0.455 	50.171411 	-2.6895755 	8.8685302
-0.0096096096 	-0.05 	0.455 	50.152045 	-2.7050589 	8.8684873
-0.0084084084 	-0.05 	0.455 	50.132679 	-2.7205424 	8.8684444
-0.0072072072 	-0.05 	0.455 	50.113312 	-2.7360259 	8.8684014
-0.006006006 	-0.05 	0.455 	50.093946 	-2.7515093 	8.8683585
-0.0048048048 	-0.05 	0.455 	50.07458 	-2.7669928 	8.8683155
-0.0036036036 	-0.05 	0.455 	50.055213 	-2.7824763 	8.8682726
-0.0024024024 	-0.05 	0.455 	50.035847 	-2.7979597 	8.8682296
-0.0012012012 	-0.05 	0.455 	50.016481 	-2.8134432 	8.8681867
-7.9673367e-15 	-0.05 	0.455 	49.997114 	-2.8289266 	8.8681437
