0 	0.25 	0.455 	53.218894 	-6.9513636 	-5.2951512
-0.0012012012 	0.25 	0.455 	53.22557 	-6.9628015 	-5.2975451
-0.0024024024 	0.25 	0.455 	53.232246 	-6.9742394 	-5.2999389
-0.0036036036 	0.25 	0.455 	53.238922 	-6.9856773 	-5.3023328
-0.0048048048 	0.25 	0.455 	53.245598 	-6.9971152 	-5.3047267
-0.006006006 	0.25 	0.455 	53.252273 	-7.0085531 	-5.3071206
-0.0072072072 	0.25 	0.455 	53.258949 	-7.019991 	-5.3095145
-0.0084084084 	0.25 	0.455 	53.265625 	-7.0314289 	-5.3119084
-0.0096096096 	0.25 	0.455 	53.272301 	-7.0428668 	-5.3143022
-0.010810811 	0.25 	0.455 	53.278977 	-7.0543047 	-5.3166961
-0.012012012 	0.25 	0.455 	53.285653 	-7.0657426 	-5.31909
-0.013213213 	0.25 	0.455 	53.292328 	-7.0771805 	-5.3214839
-0.014414414 	0.25 	0.455 	53.299004 	-7.0886184 	-5.3238778
-0.015615616 	0.25 	0.455 	53.30568 	-7.1000563 	-5.3262717
-0.016816817 	0.25 	0.455 	53.312356 	-7.1114942 	-5.3286656
-0.018018018 	0.25 	0.455 	53.319032 	-7.1229322 	-5.3310594
-0.019219219 	0.25 	0.455 	53.325708 	-7.1343701 	-5.3334533
-0.02042042 	0.25 	0.455 	53.332383 	-7.145808 	-5.3358472
-0.021621622 	0.25 	0.455 	53.34127 	-7.1579351 	-5.3384671
-0.022822823 	0.25 	0.455 	53.351097 	-7.1703555 	-5.3411832
-0.024024024 	0.25 	0.455 	53.360924 	-7.1827759 	-5.3438993
-0.025225225 	0.25 	0.455 	53.37075 	-7.1951963 	-5.3466154
-0.026426426 	0.25 	0.455 	53.380577 	-7.2076167 	-5.3493315
-0.027627628 	0.25 	0.455 	53.390404 	-7.2200371 	-5.3520476
-0.028828829 	0.25 	0.455 	53.400231 	-7.2324575 	-5.3547637
-0.03003003 	0.25 	0.455 	53.410058 	-7.2448779 	-5.3574798
-0.031231231 	0.25 	0.455 	53.419885 	-7.2572983 	-5.3601959
-0.032432432 	0.25 	0.455 	53.429712 	-7.2697187 	-5.362912
-0.033633634 	0.25 	0.455 	53.439539 	-7.282139 	-5.3656281
-0.034834835 	0.25 	0.455 	53.449365 	-7.2945594 	-5.3683442
-0.036036036 	0.25 	0.455 	53.459254 	-7.3072543 	-5.3709124
-0.037237237 	0.25 	0.455 	53.46918 	-7.3201195 	-5.373389
-0.038438438 	0.25 	0.455 	53.479106 	-7.3329847 	-5.3758655
-0.03963964 	0.25 	0.455 	53.490106 	-7.344862 	-5.3780884
-0.040840841 	0.25 	0.455 	53.50115 	-7.3566986 	-5.3803009
-0.042042042 	0.25 	0.455 	53.512194 	-7.3685352 	-5.3825133
-0.043243243 	0.25 	0.455 	53.523238 	-7.3803718 	-5.3847258
-0.044444444 	0.25 	0.455 	53.534282 	-7.3922084 	-5.3869382
-0.045645646 	0.25 	0.455 	53.545326 	-7.404045 	-5.3891507
-0.046846847 	0.25 	0.455 	53.55637 	-7.4158816 	-5.3913631
-0.048048048 	0.25 	0.455 	53.567414 	-7.4277182 	-5.3935756
-0.049249249 	0.25 	0.455 	53.578458 	-7.4395548 	-5.395788
-0.05045045 	0.25 	0.455 	53.589503 	-7.4513914 	-5.3980005
-0.051651652 	0.25 	0.455 	53.600547 	-7.463228 	-5.400213
-0.052852853 	0.25 	0.455 	53.611591 	-7.4750646 	-5.4024254
-0.054054054 	0.25 	0.455 	53.622635 	-7.4869012 	-5.4046379
-0.055255255 	0.25 	0.455 	53.633679 	-7.4987378 	-5.4068503
-0.056456456 	0.25 	0.455 	53.644723 	-7.5105744 	-5.4090628
-0.057657658 	0.25 	0.455 	53.655767 	-7.522411 	-5.4112752
-0.058858859 	0.25 	0.455 	53.666811 	-7.5342476 	-5.4134877
-0.06006006 	0.25 	0.455 	53.677855 	-7.5460842 	-5.4157001
-0.061261261 	0.25 	0.455 	53.689356 	-7.5606492 	-5.4181366
-0.062462462 	0.25 	0.455 	53.700873 	-7.5753161 	-5.4205814
-0.063663664 	0.25 	0.455 	53.712391 	-7.589983 	-5.4230262
-0.064864865 	0.25 	0.455 	53.723909 	-7.6046499 	-5.4254711
-0.066066066 	0.25 	0.455 	53.735426 	-7.6193168 	-5.4279159
-0.067267267 	0.25 	0.455 	53.746944 	-7.6339837 	-5.4303607
-0.068468468 	0.25 	0.455 	53.758461 	-7.6486506 	-5.4328055
-0.06966967 	0.25 	0.455 	53.769979 	-7.6633176 	-5.4352504
-0.070870871 	0.25 	0.455 	53.781497 	-7.6779845 	-5.4376952
-0.072072072 	0.25 	0.455 	53.793014 	-7.6926514 	-5.44014
-0.073273273 	0.25 	0.455 	53.804532 	-7.7073183 	-5.4425848
-0.074474474 	0.25 	0.455 	53.816049 	-7.7219852 	-5.4450297
-0.075675676 	0.25 	0.455 	53.827567 	-7.7366521 	-5.4474745
-0.076876877 	0.25 	0.455 	53.839085 	-7.751319 	-5.4499193
-0.078078078 	0.25 	0.455 	53.850602 	-7.7659859 	-5.4523642
-0.079279279 	0.25 	0.455 	53.86212 	-7.7806529 	-5.454809
-0.08048048 	0.25 	0.455 	53.873637 	-7.7953198 	-5.4572538
-0.081681682 	0.25 	0.455 	53.885481 	-7.809604 	-5.4596519
-0.082882883 	0.25 	0.455 	53.898768 	-7.8221957 	-5.4618434
-0.084084084 	0.25 	0.455 	53.912055 	-7.8347874 	-5.4640348
-0.085285285 	0.25 	0.455 	53.925293 	-7.8472508 	-5.4663069
-0.086486486 	0.25 	0.455 	53.93844 	-7.859476 	-5.4687287
-0.087687688 	0.25 	0.455 	53.951587 	-7.8717011 	-5.4711505
-0.088888889 	0.25 	0.455 	53.964733 	-7.8839262 	-5.4735723
-0.09009009 	0.25 	0.455 	53.97788 	-7.8961513 	-5.4759941
-0.091291291 	0.25 	0.455 	53.991027 	-7.9083765 	-5.478416
-0.092492492 	0.25 	0.455 	54.004174 	-7.9206016 	-5.4808378
-0.093693694 	0.25 	0.455 	54.01732 	-7.9328267 	-5.4832596
-0.094894895 	0.25 	0.455 	54.030467 	-7.9450518 	-5.4856814
-0.096096096 	0.25 	0.455 	54.043614 	-7.957277 	-5.4881032
-0.097297297 	0.25 	0.455 	54.056761 	-7.9695021 	-5.4905251
-0.098498498 	0.25 	0.455 	54.069907 	-7.9817272 	-5.4929469
-0.0996997 	0.25 	0.455 	54.083054 	-7.9939523 	-5.4953687
-0.1009009 	0.25 	0.455 	54.097487 	-8.0030431 	-5.4972782
-0.1021021 	0.25 	0.455 	54.111994 	-8.011955 	-5.4991584
-0.1033033 	0.25 	0.455 	54.1265 	-8.0208669 	-5.5010387
-0.1045045 	0.25 	0.455 	54.141007 	-8.0297788 	-5.5029189
-0.10570571 	0.25 	0.455 	54.155513 	-8.0386908 	-5.5047992
-0.10690691 	0.25 	0.455 	54.17002 	-8.0476027 	-5.5066794
-0.10810811 	0.25 	0.455 	54.184527 	-8.0565146 	-5.5085597
-0.10930931 	0.25 	0.455 	54.199033 	-8.0654265 	-5.5104399
-0.11051051 	0.25 	0.455 	54.21354 	-8.0743384 	-5.5123201
-0.11171171 	0.25 	0.455 	54.228046 	-8.0832503 	-5.5142004
-0.11291291 	0.25 	0.455 	54.242553 	-8.0921622 	-5.5160806
-0.11411411 	0.25 	0.455 	54.25706 	-8.1010741 	-5.5179609
-0.11531532 	0.25 	0.455 	54.271566 	-8.109986 	-5.5198411
-0.11651652 	0.25 	0.455 	54.286073 	-8.1188979 	-5.5217214
-0.11771772 	0.25 	0.455 	54.300579 	-8.1278098 	-5.5236016
-0.11891892 	0.25 	0.455 	54.315086 	-8.1367217 	-5.5254819
-0.12012012 	0.25 	0.455 	54.329592 	-8.1456336 	-5.5273621
-0.12132132 	0.25 	0.455 	54.343969 	-8.1549287 	-5.5293354
-0.12252252 	0.25 	0.455 	54.357847 	-8.1656838 	-5.5316636
-0.12372372 	0.25 	0.455 	54.371725 	-8.176439 	-5.5339917
-0.12492492 	0.25 	0.455 	54.385604 	-8.1871942 	-5.5363198
-0.12612613 	0.25 	0.455 	54.399482 	-8.1979494 	-5.5386479
-0.12732733 	0.25 	0.455 	54.413361 	-8.2087046 	-5.540976
-0.12852853 	0.25 	0.455 	54.427239 	-8.2194598 	-5.5433041
-0.12972973 	0.25 	0.455 	54.441118 	-8.2302149 	-5.5456322
-0.13093093 	0.25 	0.455 	54.454996 	-8.2409701 	-5.5479603
-0.13213213 	0.25 	0.455 	54.468875 	-8.2517253 	-5.5502884
-0.13333333 	0.25 	0.455 	54.482753 	-8.2624805 	-5.5526165
-0.13453453 	0.25 	0.455 	54.496632 	-8.2732357 	-5.5549447
-0.13573574 	0.25 	0.455 	54.51051 	-8.2839909 	-5.5572728
-0.13693694 	0.25 	0.455 	54.524389 	-8.294746 	-5.5596009
-0.13813814 	0.25 	0.455 	54.538267 	-8.3055012 	-5.561929
-0.13933934 	0.25 	0.455 	54.552146 	-8.3162564 	-5.5642571
-0.14054054 	0.25 	0.455 	54.566024 	-8.3270116 	-5.5665852
-0.14174174 	0.25 	0.455 	54.579903 	-8.3377668 	-5.5689133
-0.14294294 	0.25 	0.455 	54.595449 	-8.3486944 	-5.5710468
-0.14414414 	0.25 	0.455 	54.611938 	-8.3597195 	-5.5730702
-0.14534535 	0.25 	0.455 	54.628427 	-8.3707446 	-5.5750936
-0.14654655 	0.25 	0.455 	54.644915 	-8.3817697 	-5.577117
-0.14774775 	0.25 	0.455 	54.661404 	-8.3927948 	-5.5791405
-0.14894895 	0.25 	0.455 	54.677893 	-8.40382 	-5.5811639
-0.15015015 	0.25 	0.455 	54.694382 	-8.4148451 	-5.5831873
-0.15135135 	0.25 	0.455 	54.710871 	-8.4258702 	-5.5852107
-0.15255255 	0.25 	0.455 	54.72736 	-8.4368953 	-5.5872341
-0.15375375 	0.25 	0.455 	54.743849 	-8.4479204 	-5.5892575
-0.15495495 	0.25 	0.455 	54.760338 	-8.4589455 	-5.5912809
-0.15615616 	0.25 	0.455 	54.776826 	-8.4699706 	-5.5933044
-0.15735736 	0.25 	0.455 	54.793337 	-8.4810283 	-5.5953109
-0.15855856 	0.25 	0.455 	54.810077 	-8.4924348 	-5.5971361
-0.15975976 	0.25 	0.455 	54.826817 	-8.5038413 	-5.5989614
-0.16096096 	0.25 	0.455 	54.843557 	-8.5152477 	-5.6007866
-0.16216216 	0.25 	0.455 	54.861952 	-8.5265747 	-5.6021478
-0.16336336 	0.25 	0.455 	54.88043 	-8.5378977 	-5.6034856
-0.16456456 	0.25 	0.455 	54.898909 	-8.5492207 	-5.6048233
-0.16576577 	0.25 	0.455 	54.917387 	-8.5605437 	-5.6061611
-0.16696697 	0.25 	0.455 	54.935866 	-8.5718667 	-5.6074988
-0.16816817 	0.25 	0.455 	54.954344 	-8.5831897 	-5.6088365
-0.16936937 	0.25 	0.455 	54.972823 	-8.5945127 	-5.6101743
-0.17057057 	0.25 	0.455 	54.991301 	-8.6058356 	-5.611512
-0.17177177 	0.25 	0.455 	55.009779 	-8.6171586 	-5.6128498
-0.17297297 	0.25 	0.455 	55.028258 	-8.6284816 	-5.6141875
-0.17417417 	0.25 	0.455 	55.046736 	-8.6398046 	-5.6155252
-0.17537538 	0.25 	0.455 	55.065215 	-8.6511276 	-5.616863
-0.17657658 	0.25 	0.455 	55.083693 	-8.6624506 	-5.6182007
-0.17777778 	0.25 	0.455 	55.102172 	-8.6737736 	-5.6195384
-0.17897898 	0.25 	0.455 	55.12065 	-8.6850965 	-5.6208762
-0.18018018 	0.25 	0.455 	55.139129 	-8.6964195 	-5.6222139
-0.18138138 	0.25 	0.455 	55.157607 	-8.7077425 	-5.6235517
-0.18258258 	0.25 	0.455 	55.175814 	-8.7194786 	-5.6250845
-0.18378378 	0.25 	0.455 	55.193728 	-8.7316602 	-5.6268277
-0.18498498 	0.25 	0.455 	55.211642 	-8.7438418 	-5.6285709
-0.18618619 	0.25 	0.455 	55.229557 	-8.7560234 	-5.6303141
-0.18738739 	0.25 	0.455 	55.247471 	-8.768205 	-5.6320573
-0.18858859 	0.25 	0.455 	55.265385 	-8.7803866 	-5.6338005
-0.18978979 	0.25 	0.455 	55.283299 	-8.7925682 	-5.6355437
-0.19099099 	0.25 	0.455 	55.301213 	-8.8047498 	-5.6372869
-0.19219219 	0.25 	0.455 	55.319127 	-8.8169314 	-5.6390301
-0.19339339 	0.25 	0.455 	55.337041 	-8.829113 	-5.6407733
-0.19459459 	0.25 	0.455 	55.354955 	-8.8412946 	-5.6425165
-0.1957958 	0.25 	0.455 	55.372869 	-8.8534762 	-5.6442597
-0.196997 	0.25 	0.455 	55.390784 	-8.8656578 	-5.6460029
-0.1981982 	0.25 	0.455 	55.408698 	-8.8778394 	-5.6477461
-0.1993994 	0.25 	0.455 	55.426612 	-8.8900211 	-5.6494893
-0.2006006 	0.25 	0.455 	55.444526 	-8.9022027 	-5.6512325
-0.2018018 	0.25 	0.455 	55.46244 	-8.9143843 	-5.6529757
-0.203003 	0.25 	0.455 	55.480599 	-8.9262841 	-5.6546382
-0.2042042 	0.25 	0.455 	55.499912 	-8.9368583 	-5.655921
-0.20540541 	0.25 	0.455 	55.519225 	-8.9474324 	-5.6572038
-0.20660661 	0.25 	0.455 	55.538537 	-8.9580065 	-5.6584866
-0.20780781 	0.25 	0.455 	55.557556 	-8.9682512 	-5.6598959
-0.20900901 	0.25 	0.455 	55.57653 	-8.9784469 	-5.6613239
-0.21021021 	0.25 	0.455 	55.595505 	-8.9886427 	-5.662752
-0.21141141 	0.25 	0.455 	55.614479 	-8.9988384 	-5.6641801
-0.21261261 	0.25 	0.455 	55.633454 	-9.0090341 	-5.6656081
-0.21381381 	0.25 	0.455 	55.652428 	-9.0192298 	-5.6670362
-0.21501502 	0.25 	0.455 	55.671403 	-9.0294255 	-5.6684643
-0.21621622 	0.25 	0.455 	55.690378 	-9.0396212 	-5.6698923
-0.21741742 	0.25 	0.455 	55.709352 	-9.0498169 	-5.6713204
-0.21861862 	0.25 	0.455 	55.728327 	-9.0600126 	-5.6727485
-0.21981982 	0.25 	0.455 	55.747301 	-9.0702083 	-5.6741765
-0.22102102 	0.25 	0.455 	55.766276 	-9.080404 	-5.6756046
-0.22222222 	0.25 	0.455 	55.78525 	-9.0905997 	-5.6770327
-0.22342342 	0.25 	0.455 	55.805103 	-9.0986005 	-5.6778247
-0.22462462 	0.25 	0.455 	55.824973 	-9.106558 	-5.6786043
-0.22582583 	0.25 	0.455 	55.844843 	-9.1145155 	-5.6793838
-0.22702703 	0.25 	0.455 	55.864712 	-9.1224731 	-5.6801633
-0.22822823 	0.25 	0.455 	55.884582 	-9.1304306 	-5.6809429
-0.22942943 	0.25 	0.455 	55.904452 	-9.1383881 	-5.6817224
-0.23063063 	0.25 	0.455 	55.924322 	-9.1463457 	-5.682502
-0.23183183 	0.25 	0.455 	55.944192 	-9.1543032 	-5.6832815
-0.23303303 	0.25 	0.455 	55.964061 	-9.1622608 	-5.684061
-0.23423423 	0.25 	0.455 	55.983931 	-9.1702183 	-5.6848406
-0.23543544 	0.25 	0.455 	56.003801 	-9.1781758 	-5.6856201
-0.23663664 	0.25 	0.455 	56.023671 	-9.1861334 	-5.6863997
-0.23783784 	0.25 	0.455 	56.043541 	-9.1940909 	-5.6871792
-0.23903904 	0.25 	0.455 	56.06341 	-9.2020484 	-5.6879587
-0.24024024 	0.25 	0.455 	56.08328 	-9.210006 	-5.6887383
-0.24144144 	0.25 	0.455 	56.10315 	-9.2179635 	-5.6895178
-0.24264264 	0.25 	0.455 	56.12302 	-9.2259211 	-5.6902973
-0.24384384 	0.25 	0.455 	56.142085 	-9.2340209 	-5.6913272
-0.24504505 	0.25 	0.455 	56.160856 	-9.2421726 	-5.6924482
-0.24624625 	0.25 	0.455 	56.179628 	-9.2503243 	-5.6935692
-0.24744745 	0.25 	0.455 	56.198399 	-9.2584759 	-5.6946901
-0.24864865 	0.25 	0.455 	56.217171 	-9.2666276 	-5.6958111
-0.24984985 	0.25 	0.455 	56.235943 	-9.2747793 	-5.6969321
-0.25105105 	0.25 	0.455 	56.254714 	-9.2829309 	-5.6980531
-0.25225225 	0.25 	0.455 	56.273486 	-9.2910826 	-5.6991741
-0.25345345 	0.25 	0.455 	56.292257 	-9.2992343 	-5.7002951
-0.25465465 	0.25 	0.455 	56.311029 	-9.3073859 	-5.701416
-0.25585586 	0.25 	0.455 	56.329801 	-9.3155376 	-5.702537
-0.25705706 	0.25 	0.455 	56.348572 	-9.3236893 	-5.703658
-0.25825826 	0.25 	0.455 	56.367344 	-9.3318409 	-5.704779
-0.25945946 	0.25 	0.455 	56.386115 	-9.3399926 	-5.7059
-0.26066066 	0.25 	0.455 	56.404887 	-9.3481443 	-5.7070209
-0.26186186 	0.25 	0.455 	56.423659 	-9.356296 	-5.7081419
-0.26306306 	0.25 	0.455 	56.44243 	-9.3644476 	-5.7092629
-0.26426426 	0.25 	0.455 	56.462557 	-9.3735517 	-5.7101057
-0.26546547 	0.25 	0.455 	56.483406 	-9.3831632 	-5.7108004
-0.26666667 	0.25 	0.455 	56.504255 	-9.3927748 	-5.711495
-0.26786787 	0.25 	0.455 	56.525103 	-9.4023864 	-5.7121896
-0.26906907 	0.25 	0.455 	56.545952 	-9.411998 	-5.7128842
-0.27027027 	0.25 	0.455 	56.566801 	-9.4216096 	-5.7135788
-0.27147147 	0.25 	0.455 	56.58765 	-9.4312212 	-5.7142735
-0.27267267 	0.25 	0.455 	56.608499 	-9.4408327 	-5.7149681
-0.27387387 	0.25 	0.455 	56.629348 	-9.4504443 	-5.7156627
-0.27507508 	0.25 	0.455 	56.650197 	-9.4600559 	-5.7163573
-0.27627628 	0.25 	0.455 	56.671046 	-9.4696675 	-5.717052
-0.27747748 	0.25 	0.455 	56.691894 	-9.4792791 	-5.7177466
-0.27867868 	0.25 	0.455 	56.712743 	-9.4888906 	-5.7184412
-0.27987988 	0.25 	0.455 	56.733839 	-9.4987074 	-5.7190823
-0.28108108 	0.25 	0.455 	56.755097 	-9.5086592 	-5.7196881
-0.28228228 	0.25 	0.455 	56.776356 	-9.518611 	-5.7202939
-0.28348348 	0.25 	0.455 	56.797614 	-9.5285628 	-5.7208997
-0.28468468 	0.25 	0.455 	56.820132 	-9.5400031 	-5.7208588
-0.28588589 	0.25 	0.455 	56.842677 	-9.5514761 	-5.7208036
-0.28708709 	0.25 	0.455 	56.865222 	-9.5629492 	-5.7207485
-0.28828829 	0.25 	0.455 	56.887768 	-9.5744222 	-5.7206933
-0.28948949 	0.25 	0.455 	56.910313 	-9.5858952 	-5.7206382
-0.29069069 	0.25 	0.455 	56.932858 	-9.5973682 	-5.720583
-0.29189189 	0.25 	0.455 	56.955403 	-9.6088412 	-5.7205279
-0.29309309 	0.25 	0.455 	56.977949 	-9.6203142 	-5.7204727
-0.29429429 	0.25 	0.455 	57.000494 	-9.6317873 	-5.7204175
-0.2954955 	0.25 	0.455 	57.023039 	-9.6432603 	-5.7203624
-0.2966967 	0.25 	0.455 	57.045584 	-9.6547333 	-5.7203072
-0.2978979 	0.25 	0.455 	57.06813 	-9.6662063 	-5.7202521
-0.2990991 	0.25 	0.455 	57.090675 	-9.6776793 	-5.7201969
-0.3003003 	0.25 	0.455 	57.11322 	-9.6891523 	-5.7201418
-0.3015015 	0.25 	0.455 	57.135765 	-9.7006254 	-5.7200866
-0.3027027 	0.25 	0.455 	57.15831 	-9.7120984 	-5.7200315
-0.3039039 	0.25 	0.455 	57.180856 	-9.7235714 	-5.7199763
-0.30510511 	0.25 	0.455 	57.202673 	-9.7339774 	-5.7202629
-0.30630631 	0.25 	0.455 	57.224488 	-9.7443794 	-5.7205508
-0.30750751 	0.25 	0.455 	57.246303 	-9.7547814 	-5.7208386
-0.30870871 	0.25 	0.455 	57.268117 	-9.7651834 	-5.7211265
-0.30990991 	0.25 	0.455 	57.289932 	-9.7755854 	-5.7214144
-0.31111111 	0.25 	0.455 	57.311747 	-9.7859874 	-5.7217022
-0.31231231 	0.25 	0.455 	57.333561 	-9.7963894 	-5.7219901
-0.31351351 	0.25 	0.455 	57.355376 	-9.8067914 	-5.722278
-0.31471471 	0.25 	0.455 	57.377191 	-9.8171934 	-5.7225658
-0.31591592 	0.25 	0.455 	57.399005 	-9.8275954 	-5.7228537
-0.31711712 	0.25 	0.455 	57.42082 	-9.8379974 	-5.7231415
-0.31831832 	0.25 	0.455 	57.442635 	-9.8483994 	-5.7234294
-0.31951952 	0.25 	0.455 	57.464449 	-9.8588014 	-5.7237173
-0.32072072 	0.25 	0.455 	57.486264 	-9.8692034 	-5.7240051
-0.32192192 	0.25 	0.455 	57.508079 	-9.8796055 	-5.724293
-0.32312312 	0.25 	0.455 	57.529893 	-9.8900075 	-5.7245809
-0.32432432 	0.25 	0.455 	57.552011 	-9.9001548 	-5.7247859
-0.32552553 	0.25 	0.455 	57.575411 	-9.9092245 	-5.7246405
-0.32672673 	0.25 	0.455 	57.598811 	-9.9182942 	-5.724495
-0.32792793 	0.25 	0.455 	57.622212 	-9.9273638 	-5.7243495
-0.32912913 	0.25 	0.455 	57.645431 	-9.9363291 	-5.7242021
-0.33033033 	0.25 	0.455 	57.66836 	-9.9451261 	-5.7240514
-0.33153153 	0.25 	0.455 	57.691289 	-9.953923 	-5.7239007
-0.33273273 	0.25 	0.455 	57.714218 	-9.96272 	-5.72375
-0.33393393 	0.25 	0.455 	57.737147 	-9.9715169 	-5.7235993
-0.33513514 	0.25 	0.455 	57.760076 	-9.9803139 	-5.7234486
-0.33633634 	0.25 	0.455 	57.783005 	-9.9891109 	-5.7232979
-0.33753754 	0.25 	0.455 	57.805934 	-9.9979078 	-5.7231471
-0.33873874 	0.25 	0.455 	57.828863 	-10.006705 	-5.7229964
-0.33993994 	0.25 	0.455 	57.851792 	-10.015502 	-5.7228457
-0.34114114 	0.25 	0.455 	57.874721 	-10.024299 	-5.722695
-0.34234234 	0.25 	0.455 	57.89765 	-10.033096 	-5.7225443
-0.34354354 	0.25 	0.455 	57.920579 	-10.041893 	-5.7223936
-0.34474474 	0.25 	0.455 	57.943508 	-10.05069 	-5.7222429
-0.34594595 	0.25 	0.455 	57.967271 	-10.058281 	-5.7214426
-0.34714715 	0.25 	0.455 	57.991065 	-10.065828 	-5.7206186
-0.34834835 	0.25 	0.455 	58.014858 	-10.073376 	-5.7197946
-0.34954955 	0.25 	0.455 	58.038652 	-10.080923 	-5.7189707
-0.35075075 	0.25 	0.455 	58.062445 	-10.088471 	-5.7181467
-0.35195195 	0.25 	0.455 	58.086239 	-10.096018 	-5.7173228
-0.35315315 	0.25 	0.455 	58.110033 	-10.103566 	-5.7164988
-0.35435435 	0.25 	0.455 	58.133826 	-10.111113 	-5.7156749
-0.35555556 	0.25 	0.455 	58.15762 	-10.118661 	-5.7148509
-0.35675676 	0.25 	0.455 	58.181413 	-10.126208 	-5.714027
-0.35795796 	0.25 	0.455 	58.205207 	-10.133756 	-5.713203
-0.35915916 	0.25 	0.455 	58.229001 	-10.141303 	-5.712379
-0.36036036 	0.25 	0.455 	58.252794 	-10.148851 	-5.7115551
-0.36156156 	0.25 	0.455 	58.276588 	-10.156398 	-5.7107311
-0.36276276 	0.25 	0.455 	58.300382 	-10.163946 	-5.7099072
-0.36396396 	0.25 	0.455 	58.324175 	-10.171493 	-5.7090832
-0.36516517 	0.25 	0.455 	58.347927 	-10.178632 	-5.7083591
-0.36636637 	0.25 	0.455 	58.371551 	-10.184501 	-5.7079445
-0.36756757 	0.25 	0.455 	58.395175 	-10.19037 	-5.7075299
-0.36876877 	0.25 	0.455 	58.418799 	-10.19624 	-5.7071153
-0.36996997 	0.25 	0.455 	58.442423 	-10.202109 	-5.7067007
-0.37117117 	0.25 	0.455 	58.466047 	-10.207979 	-5.7062861
-0.37237237 	0.25 	0.455 	58.489671 	-10.213848 	-5.7058715
-0.37357357 	0.25 	0.455 	58.513294 	-10.219718 	-5.7054569
-0.37477477 	0.25 	0.455 	58.536918 	-10.225587 	-5.7050423
-0.37597598 	0.25 	0.455 	58.560542 	-10.231457 	-5.7046277
-0.37717718 	0.25 	0.455 	58.584166 	-10.237326 	-5.7042131
-0.37837838 	0.25 	0.455 	58.60779 	-10.243196 	-5.7037985
-0.37957958 	0.25 	0.455 	58.631414 	-10.249065 	-5.7033839
-0.38078078 	0.25 	0.455 	58.655038 	-10.254935 	-5.7029693
-0.38198198 	0.25 	0.455 	58.678661 	-10.260804 	-5.7025547
-0.38318318 	0.25 	0.455 	58.702285 	-10.266673 	-5.7021401
-0.38438438 	0.25 	0.455 	58.725909 	-10.272543 	-5.7017255
-0.38558559 	0.25 	0.455 	58.750992 	-10.279647 	-5.7008868
-0.38678679 	0.25 	0.455 	58.776649 	-10.287236 	-5.6998811
-0.38798799 	0.25 	0.455 	58.802306 	-10.294826 	-5.6988754
-0.38918919 	0.25 	0.455 	58.827963 	-10.302415 	-5.6978697
-0.39039039 	0.25 	0.455 	58.853284 	-10.3099 	-5.696801
-0.39159159 	0.25 	0.455 	58.878415 	-10.317326 	-5.6956966
-0.39279279 	0.25 	0.455 	58.903546 	-10.324751 	-5.6945922
-0.39399399 	0.25 	0.455 	58.928677 	-10.332177 	-5.6934878
-0.3951952 	0.25 	0.455 	58.953809 	-10.339602 	-5.6923835
-0.3963964 	0.25 	0.455 	58.97894 	-10.347028 	-5.6912791
-0.3975976 	0.25 	0.455 	59.004071 	-10.354453 	-5.6901747
-0.3987988 	0.25 	0.455 	59.029202 	-10.361879 	-5.6890703
-0.4 	0.25 	0.455 	59.054333 	-10.369304 	-5.6879659
-0.4012012 	0.25 	0.455 	59.079464 	-10.37673 	-5.6868615
-0.4024024 	0.25 	0.455 	59.104595 	-10.384155 	-5.6857572
-0.4036036 	0.25 	0.455 	59.129726 	-10.391581 	-5.6846528
-0.4048048 	0.25 	0.455 	59.154857 	-10.399006 	-5.6835484
-0.40600601 	0.25 	0.455 	59.179988 	-10.406432 	-5.682444
-0.40720721 	0.25 	0.455 	59.206361 	-10.413324 	-5.6806587
-0.40840841 	0.25 	0.455 	59.232846 	-10.420169 	-5.678812
-0.40960961 	0.25 	0.455 	59.259331 	-10.427013 	-5.6769653
-0.41081081 	0.25 	0.455 	59.285816 	-10.433858 	-5.6751186
-0.41201201 	0.25 	0.455 	59.312301 	-10.440702 	-5.6732719
-0.41321321 	0.25 	0.455 	59.338786 	-10.447547 	-5.6714252
-0.41441441 	0.25 	0.455 	59.36527 	-10.454391 	-5.6695785
-0.41561562 	0.25 	0.455 	59.391755 	-10.461236 	-5.6677318
-0.41681682 	0.25 	0.455 	59.41824 	-10.46808 	-5.6658851
-0.41801802 	0.25 	0.455 	59.444725 	-10.474925 	-5.6640384
-0.41921922 	0.25 	0.455 	59.47121 	-10.481769 	-5.6621917
-0.42042042 	0.25 	0.455 	59.497695 	-10.488614 	-5.660345
-0.42162162 	0.25 	0.455 	59.52418 	-10.495458 	-5.6584983
-0.42282282 	0.25 	0.455 	59.550665 	-10.502303 	-5.6566516
-0.42402402 	0.25 	0.455 	59.577149 	-10.509147 	-5.6548049
-0.42522523 	0.25 	0.455 	59.603634 	-10.515991 	-5.6529582
-0.42642643 	0.25 	0.455 	59.630114 	-10.523478 	-5.6513554
-0.42762763 	0.25 	0.455 	59.656588 	-10.531587 	-5.6499894
-0.42882883 	0.25 	0.455 	59.683062 	-10.539696 	-5.6486234
-0.43003003 	0.25 	0.455 	59.709537 	-10.547805 	-5.6472574
-0.43123123 	0.25 	0.455 	59.736011 	-10.555914 	-5.6458914
-0.43243243 	0.25 	0.455 	59.762485 	-10.564023 	-5.6445254
-0.43363363 	0.25 	0.455 	59.78896 	-10.572132 	-5.6431594
-0.43483483 	0.25 	0.455 	59.815434 	-10.580241 	-5.6417934
-0.43603604 	0.25 	0.455 	59.841908 	-10.588351 	-5.6404274
-0.43723724 	0.25 	0.455 	59.868382 	-10.59646 	-5.6390614
-0.43843844 	0.25 	0.455 	59.894857 	-10.604569 	-5.6376954
-0.43963964 	0.25 	0.455 	59.921331 	-10.612678 	-5.6363294
-0.44084084 	0.25 	0.455 	59.947805 	-10.620787 	-5.6349634
-0.44204204 	0.25 	0.455 	59.974279 	-10.628896 	-5.6335974
-0.44324324 	0.25 	0.455 	60.000754 	-10.637005 	-5.6322314
-0.44444444 	0.25 	0.455 	60.027228 	-10.645114 	-5.6308654
-0.44564565 	0.25 	0.455 	60.054042 	-10.652477 	-5.6293466
-0.44684685 	0.25 	0.455 	60.081684 	-10.658017 	-5.6274546
-0.44804805 	0.25 	0.455 	60.109326 	-10.663558 	-5.6255626
-0.44924925 	0.25 	0.455 	60.136968 	-10.669098 	-5.6236706
-0.45045045 	0.25 	0.455 	60.16461 	-10.674639 	-5.6217786
-0.45165165 	0.25 	0.455 	60.191835 	-10.680116 	-5.6197178
-0.45285285 	0.25 	0.455 	60.219011 	-10.685586 	-5.6176371
-0.45405405 	0.25 	0.455 	60.246187 	-10.691055 	-5.6155564
-0.45525526 	0.25 	0.455 	60.273362 	-10.696525 	-5.6134757
-0.45645646 	0.25 	0.455 	60.300538 	-10.701995 	-5.611395
-0.45765766 	0.25 	0.455 	60.327714 	-10.707465 	-5.6093143
-0.45885886 	0.25 	0.455 	60.35489 	-10.712934 	-5.6072335
-0.46006006 	0.25 	0.455 	60.382065 	-10.718404 	-5.6051528
-0.46126126 	0.25 	0.455 	60.409241 	-10.723874 	-5.6030721
-0.46246246 	0.25 	0.455 	60.436417 	-10.729344 	-5.6009914
-0.46366366 	0.25 	0.455 	60.463592 	-10.734813 	-5.5989107
-0.46486486 	0.25 	0.455 	60.490768 	-10.740283 	-5.59683
-0.46606607 	0.25 	0.455 	60.517944 	-10.745753 	-5.5947493
-0.46726727 	0.25 	0.455 	60.545119 	-10.751222 	-5.5926686
-0.46846847 	0.25 	0.455 	60.573432 	-10.755472 	-5.5900407
-0.46966967 	0.25 	0.455 	60.601921 	-10.759535 	-5.5873286
-0.47087087 	0.25 	0.455 	60.630409 	-10.763597 	-5.5846165
-0.47207207 	0.25 	0.455 	60.658897 	-10.767659 	-5.5819044
-0.47327327 	0.25 	0.455 	60.687385 	-10.771721 	-5.5791924
-0.47447447 	0.25 	0.455 	60.715874 	-10.775784 	-5.5764803
-0.47567568 	0.25 	0.455 	60.744362 	-10.779846 	-5.5737682
-0.47687688 	0.25 	0.455 	60.77285 	-10.783908 	-5.5710561
-0.47807808 	0.25 	0.455 	60.801338 	-10.78797 	-5.568344
-0.47927928 	0.25 	0.455 	60.829826 	-10.792032 	-5.5656319
-0.48048048 	0.25 	0.455 	60.858315 	-10.796095 	-5.5629199
-0.48168168 	0.25 	0.455 	60.886803 	-10.800157 	-5.5602078
-0.48288288 	0.25 	0.455 	60.915291 	-10.804219 	-5.5574957
-0.48408408 	0.25 	0.455 	60.943779 	-10.808281 	-5.5547836
-0.48528529 	0.25 	0.455 	60.972267 	-10.812344 	-5.5520715
-0.48648649 	0.25 	0.455 	61.000756 	-10.816406 	-5.5493595
-0.48768769 	0.25 	0.455 	61.030911 	-10.821988 	-5.5467245
-0.48888889 	0.25 	0.455 	61.061612 	-10.828068 	-5.5441147
-0.49009009 	0.25 	0.455 	61.092313 	-10.834148 	-5.5415049
-0.49129129 	0.25 	0.455 	61.123014 	-10.840229 	-5.5388952
-0.49249249 	0.25 	0.455 	61.153715 	-10.846309 	-5.5362854
-0.49369369 	0.25 	0.455 	61.184416 	-10.852389 	-5.5336756
-0.49489489 	0.25 	0.455 	61.215117 	-10.858469 	-5.5310659
-0.4960961 	0.25 	0.455 	61.245818 	-10.864549 	-5.5284561
-0.4972973 	0.25 	0.455 	61.276519 	-10.870629 	-5.5258463
-0.4984985 	0.25 	0.455 	61.307221 	-10.876709 	-5.5232365
-0.4996997 	0.25 	0.455 	61.337922 	-10.882789 	-5.5206268
-0.5009009 	0.25 	0.455 	61.368623 	-10.888869 	-5.518017
-0.5021021 	0.25 	0.455 	61.399324 	-10.894949 	-5.5154072
-0.5033033 	0.25 	0.455 	61.430025 	-10.901029 	-5.5127975
-0.5045045 	0.25 	0.455 	61.460726 	-10.907109 	-5.5101877
-0.50570571 	0.25 	0.455 	61.491427 	-10.913189 	-5.5075779
-0.50690691 	0.25 	0.455 	61.52141 	-10.922092 	-5.5047554
-0.50810811 	0.25 	0.455 	61.551251 	-10.931558 	-5.5018906
-0.50930931 	0.25 	0.455 	61.581092 	-10.941023 	-5.4990258
-0.51051051 	0.25 	0.455 	61.610933 	-10.950489 	-5.496161
-0.51171171 	0.25 	0.455 	61.640774 	-10.959954 	-5.4932962
-0.51291291 	0.25 	0.455 	61.670615 	-10.96942 	-5.4904314
-0.51411411 	0.25 	0.455 	61.700456 	-10.978885 	-5.4875666
-0.51531532 	0.25 	0.455 	61.730813 	-10.988682 	-5.484898
-0.51651652 	0.25 	0.455 	61.76135 	-10.998594 	-5.4822975
-0.51771772 	0.25 	0.455 	61.791143 	-11.007357 	-5.479409
-0.51891892 	0.25 	0.455 	61.819699 	-11.014203 	-5.4760409
-0.52012012 	0.25 	0.455 	61.848255 	-11.02105 	-5.4726727
-0.52132132 	0.25 	0.455 	61.876441 	-11.027984 	-5.4689861
-0.52252252 	0.25 	0.455 	61.904625 	-11.034918 	-5.4652973
-0.52372372 	0.25 	0.455 	61.932809 	-11.041852 	-5.4616086
-0.52492492 	0.25 	0.455 	61.960993 	-11.048786 	-5.4579198
-0.52612613 	0.25 	0.455 	61.989177 	-11.05572 	-5.454231
-0.52732733 	0.25 	0.455 	62.017361 	-11.062655 	-5.4505422
-0.52852853 	0.25 	0.455 	62.045545 	-11.069589 	-5.4468535
-0.52972973 	0.25 	0.455 	62.079393 	-11.075848 	-5.4428691
-0.53093093 	0.25 	0.455 	62.11468 	-11.081936 	-5.4388097
-0.53213213 	0.25 	0.455 	62.149967 	-11.088023 	-5.4347503
-0.53333333 	0.25 	0.455 	62.185254 	-11.094111 	-5.4306909
-0.53453453 	0.25 	0.455 	62.220541 	-11.100198 	-5.4266315
-0.53573574 	0.25 	0.455 	62.255766 	-11.106254 	-5.4225103
-0.53693694 	0.25 	0.455 	62.290986 	-11.112306 	-5.4183831
-0.53813814 	0.25 	0.455 	62.326205 	-11.118359 	-5.414256
-0.53933934 	0.25 	0.455 	62.361424 	-11.124411 	-5.4101288
-0.54054054 	0.25 	0.455 	62.396644 	-11.130464 	-5.4060016
-0.54174174 	0.25 	0.455 	62.431863 	-11.136516 	-5.4018744
-0.54294294 	0.25 	0.455 	62.467082 	-11.142569 	-5.3977472
-0.54414414 	0.25 	0.455 	62.502302 	-11.148621 	-5.39362
-0.54534535 	0.25 	0.455 	62.537521 	-11.154673 	-5.3894929
-0.54654655 	0.25 	0.455 	62.57274 	-11.160726 	-5.3853657
-0.54774775 	0.25 	0.455 	62.607945 	-11.166777 	-5.3812406
-0.54894895 	0.25 	0.455 	62.637692 	-11.172354 	-5.3779108
-0.55015015 	0.25 	0.455 	62.667439 	-11.177931 	-5.3745811
-0.55135135 	0.25 	0.455 	62.697186 	-11.183508 	-5.3712513
-0.55255255 	0.25 	0.455 	62.726933 	-11.189086 	-5.3679216
-0.55375375 	0.25 	0.455 	62.75668 	-11.194663 	-5.3645918
-0.55495495 	0.25 	0.455 	62.786427 	-11.20024 	-5.3612621
-0.55615616 	0.25 	0.455 	62.816174 	-11.205817 	-5.3579323
-0.55735736 	0.25 	0.455 	62.84592 	-11.211394 	-5.3546025
-0.55855856 	0.25 	0.455 	62.875667 	-11.216971 	-5.3512728
-0.55975976 	0.25 	0.455 	62.904863 	-11.223244 	-5.3479267
-0.56096096 	0.25 	0.455 	62.93199 	-11.231369 	-5.3443277
-0.56216216 	0.25 	0.455 	62.958904 	-11.239432 	-5.3406389
-0.56336336 	0.25 	0.455 	62.985818 	-11.247494 	-5.3369501
-0.56456456 	0.25 	0.455 	63.012733 	-11.255556 	-5.3332614
-0.56576577 	0.25 	0.455 	63.039647 	-11.263618 	-5.3295726
-0.56696697 	0.25 	0.455 	63.067025 	-11.270933 	-5.3255364
-0.56816817 	0.25 	0.455 	63.095097 	-11.277131 	-5.3209815
-0.56936937 	0.25 	0.455 	63.123169 	-11.283328 	-5.3164266
-0.57057057 	0.25 	0.455 	63.15124 	-11.289526 	-5.3118716
-0.57177177 	0.25 	0.455 	63.179312 	-11.295724 	-5.3073167
-0.57297297 	0.25 	0.455 	63.207384 	-11.301921 	-5.3027617
-0.57417417 	0.25 	0.455 	63.235455 	-11.308119 	-5.2982068
-0.57537538 	0.25 	0.455 	63.263527 	-11.314317 	-5.2936519
-0.57657658 	0.25 	0.455 	63.291599 	-11.320514 	-5.2890969
-0.57777778 	0.25 	0.455 	63.31967 	-11.326712 	-5.284542
-0.57897898 	0.25 	0.455 	63.351696 	-11.333629 	-5.2798893
-0.58018018 	0.25 	0.455 	63.386091 	-11.340976 	-5.2751781
-0.58138138 	0.25 	0.455 	63.420485 	-11.348324 	-5.270467
-0.58258258 	0.25 	0.455 	63.45488 	-11.355672 	-5.2657558
-0.58378378 	0.25 	0.455 	63.489275 	-11.36302 	-5.2610446
-0.58498498 	0.25 	0.455 	63.52367 	-11.370367 	-5.2563334
-0.58618619 	0.25 	0.455 	63.558064 	-11.377715 	-5.2516222
-0.58738739 	0.25 	0.455 	63.592459 	-11.385063 	-5.246911
-0.58858859 	0.25 	0.455 	63.626854 	-11.39241 	-5.2421998
-0.58978979 	0.25 	0.455 	63.661249 	-11.399758 	-5.2374886
-0.59099099 	0.25 	0.455 	63.693458 	-11.404252 	-5.2325805
-0.59219219 	0.25 	0.455 	63.724879 	-11.407719 	-5.2276014
-0.59339339 	0.25 	0.455 	63.756301 	-11.411185 	-5.2226222
-0.59459459 	0.25 	0.455 	63.787723 	-11.414652 	-5.2176431
-0.5957958 	0.25 	0.455 	63.819145 	-11.418119 	-5.212664
-0.596997 	0.25 	0.455 	63.849876 	-11.420917 	-5.2079056
-0.5981982 	0.25 	0.455 	63.875999 	-11.42028 	-5.2032579
-0.5993994 	0.25 	0.455 	63.902121 	-11.419642 	-5.1986103
-0.6006006 	0.25 	0.455 	63.928243 	-11.419004 	-5.1939626
-0.6018018 	0.25 	0.455 	63.954365 	-11.418367 	-5.1893149
-0.603003 	0.25 	0.455 	63.980487 	-11.417729 	-5.1846673
-0.6042042 	0.25 	0.455 	64.006609 	-11.417092 	-5.1800196
-0.60540541 	0.25 	0.455 	64.032732 	-11.416454 	-5.1753719
-0.60660661 	0.25 	0.455 	64.058854 	-11.415816 	-5.1707243
-0.60780781 	0.25 	0.455 	64.084976 	-11.415179 	-5.1660766
-0.60900901 	0.25 	0.455 	64.113017 	-11.414432 	-5.161313
-0.61021021 	0.25 	0.455 	64.146987 	-11.413346 	-5.1561912
-0.61141141 	0.25 	0.455 	64.180957 	-11.412261 	-5.1510694
-0.61261261 	0.25 	0.455 	64.214927 	-11.411175 	-5.1459476
-0.61381381 	0.25 	0.455 	64.248898 	-11.41009 	-5.1408258
-0.61501502 	0.25 	0.455 	64.282868 	-11.409004 	-5.135704
-0.61621622 	0.25 	0.455 	64.316838 	-11.407919 	-5.1305822
-0.61741742 	0.25 	0.455 	64.350808 	-11.406834 	-5.1254603
-0.61861862 	0.25 	0.455 	64.384778 	-11.405748 	-5.1203385
-0.61981982 	0.25 	0.455 	64.418748 	-11.404663 	-5.1152167
-0.62102102 	0.25 	0.455 	64.452473 	-11.403414 	-5.1101089
-0.62222222 	0.25 	0.455 	64.484738 	-11.401553 	-5.1046135
-0.62342342 	0.25 	0.455 	64.516969 	-11.399696 	-5.0990868
-0.62462462 	0.25 	0.455 	64.5492 	-11.397838 	-5.09356
-0.62582583 	0.25 	0.455 	64.581431 	-11.395981 	-5.0880332
-0.62702703 	0.25 	0.455 	64.613661 	-11.394124 	-5.0825064
-0.62822823 	0.25 	0.455 	64.641953 	-11.394414 	-5.0773181
-0.62942943 	0.25 	0.455 	64.669971 	-11.394854 	-5.0721533
-0.63063063 	0.25 	0.455 	64.697989 	-11.395295 	-5.0669886
-0.63183183 	0.25 	0.455 	64.726007 	-11.395735 	-5.0618238
-0.63303303 	0.25 	0.455 	64.754025 	-11.396175 	-5.056659
-0.63423423 	0.25 	0.455 	64.782043 	-11.396615 	-5.0514942
-0.63543544 	0.25 	0.455 	64.81006 	-11.397055 	-5.0463295
-0.63663664 	0.25 	0.455 	64.838078 	-11.397496 	-5.0411647
-0.63783784 	0.25 	0.455 	64.866096 	-11.397936 	-5.0359999
-0.63903904 	0.25 	0.455 	64.894114 	-11.398376 	-5.0308351
-0.64024024 	0.25 	0.455 	64.927802 	-11.400959 	-5.0253252
-0.64144144 	0.25 	0.455 	64.962414 	-11.403891 	-5.0197591
-0.64264264 	0.25 	0.455 	64.997027 	-11.406823 	-5.0141929
-0.64384384 	0.25 	0.455 	65.031639 	-11.409755 	-5.0086268
-0.64504505 	0.25 	0.455 	65.066251 	-11.412687 	-5.0030607
-0.64624625 	0.25 	0.455 	65.100864 	-11.415618 	-4.9974945
-0.64744745 	0.25 	0.455 	65.135476 	-11.41855 	-4.9919284
-0.64864865 	0.25 	0.455 	65.170088 	-11.421482 	-4.9863622
-0.64984985 	0.25 	0.455 	65.204701 	-11.424414 	-4.9807961
-0.65105105 	0.25 	0.455 	65.239313 	-11.427346 	-4.9752299
-0.65225225 	0.25 	0.455 	65.272895 	-11.428718 	-4.9694431
-0.65345345 	0.25 	0.455 	65.305872 	-11.429293 	-4.9634564
-0.65465465 	0.25 	0.455 	65.338848 	-11.429868 	-4.9574698
-0.65585586 	0.25 	0.455 	65.371825 	-11.430443 	-4.9514831
-0.65705706 	0.25 	0.455 	65.404801 	-11.431018 	-4.9454965
-0.65825826 	0.25 	0.455 	65.435376 	-11.43004 	-4.9398319
-0.65945946 	0.25 	0.455 	65.464943 	-11.428409 	-4.9343024
-0.66066066 	0.25 	0.455 	65.49451 	-11.426778 	-4.928773
-0.66186186 	0.25 	0.455 	65.524077 	-11.425146 	-4.9232436
-0.66306306 	0.25 	0.455 	65.553644 	-11.423515 	-4.9177141
-0.66426426 	0.25 	0.455 	65.583211 	-11.421884 	-4.9121847
-0.66546547 	0.25 	0.455 	65.612778 	-11.420253 	-4.9066553
-0.66666667 	0.25 	0.455 	65.642345 	-11.418622 	-4.9011258
-0.66786787 	0.25 	0.455 	65.671912 	-11.416991 	-4.8955964
-0.66906907 	0.25 	0.455 	65.701479 	-11.41536 	-4.890067
-0.67027027 	0.25 	0.455 	65.733159 	-11.415357 	-4.8842539
-0.67147147 	0.25 	0.455 	65.767156 	-11.41714 	-4.8781296
-0.67267267 	0.25 	0.455 	65.801153 	-11.418923 	-4.8720054
-0.67387387 	0.25 	0.455 	65.83515 	-11.420705 	-4.8658811
-0.67507508 	0.25 	0.455 	65.869147 	-11.422488 	-4.8597568
-0.67627628 	0.25 	0.455 	65.903144 	-11.424271 	-4.8536325
-0.67747748 	0.25 	0.455 	65.937142 	-11.426054 	-4.8475082
-0.67867868 	0.25 	0.455 	65.971139 	-11.427837 	-4.8413839
-0.67987988 	0.25 	0.455 	66.005136 	-11.42962 	-4.8352596
-0.68108108 	0.25 	0.455 	66.039133 	-11.431403 	-4.8291353
-0.68228228 	0.25 	0.455 	66.072962 	-11.432762 	-4.8229515
-0.68348348 	0.25 	0.455 	66.10596 	-11.43204 	-4.8164748
-0.68468468 	0.25 	0.455 	66.138959 	-11.431318 	-4.809998
-0.68588589 	0.25 	0.455 	66.171957 	-11.430595 	-4.8035213
-0.68708709 	0.25 	0.455 	66.204956 	-11.429873 	-4.7970446
-0.68828829 	0.25 	0.455 	66.23656 	-11.42762 	-4.7908139
-0.68948949 	0.25 	0.455 	66.266348 	-11.423218 	-4.7848951
-0.69069069 	0.25 	0.455 	66.296135 	-11.418817 	-4.7789763
-0.69189189 	0.25 	0.455 	66.325923 	-11.414415 	-4.7730575
-0.69309309 	0.25 	0.455 	66.355711 	-11.410013 	-4.7671387
-0.69429429 	0.25 	0.455 	66.385499 	-11.405611 	-4.7612199
-0.6954955 	0.25 	0.455 	66.415286 	-11.401209 	-4.7553011
-0.6966967 	0.25 	0.455 	66.445074 	-11.396807 	-4.7493823
-0.6978979 	0.25 	0.455 	66.474862 	-11.392406 	-4.7434635
-0.6990991 	0.25 	0.455 	66.50465 	-11.388004 	-4.7375447
-0.7003003 	0.25 	0.455 	66.534751 	-11.384173 	-4.7315643
-0.7015015 	0.25 	0.455 	66.567945 	-11.385977 	-4.7249767
-0.7027027 	0.25 	0.455 	66.601139 	-11.387781 	-4.718389
-0.7039039 	0.25 	0.455 	66.634334 	-11.389585 	-4.7118013
-0.70510511 	0.25 	0.455 	66.667528 	-11.391389 	-4.7052137
-0.70630631 	0.25 	0.455 	66.700722 	-11.393193 	-4.698626
-0.70750751 	0.25 	0.455 	66.733916 	-11.394997 	-4.6920384
-0.70870871 	0.25 	0.455 	66.767111 	-11.396802 	-4.6854507
-0.70990991 	0.25 	0.455 	66.800305 	-11.398606 	-4.678863
-0.71111111 	0.25 	0.455 	66.833499 	-11.40041 	-4.6722754
-0.71231231 	0.25 	0.455 	66.866693 	-11.402214 	-4.6656877
-0.71351351 	0.25 	0.455 	66.90009 	-11.400297 	-4.6588309
-0.71471471 	0.25 	0.455 	66.933265 	-11.397173 	-4.6519161
-0.71591592 	0.25 	0.455 	66.966439 	-11.394049 	-4.6450012
-0.71711712 	0.25 	0.455 	66.999614 	-11.390925 	-4.6380864
-0.71831832 	0.25 	0.455 	67.032807 	-11.387765 	-4.6311729
-0.71951952 	0.25 	0.455 	67.068201 	-11.380425 	-4.6244114
-0.72072072 	0.25 	0.455 	67.103594 	-11.373084 	-4.6176498
-0.72192192 	0.25 	0.455 	67.138987 	-11.365744 	-4.6108883
-0.72312312 	0.25 	0.455 	67.17438 	-11.358404 	-4.6041267
-0.72432432 	0.25 	0.455 	67.209773 	-11.351064 	-4.5973652
-0.72552553 	0.25 	0.455 	67.245166 	-11.343724 	-4.5906036
-0.72672673 	0.25 	0.455 	67.280559 	-11.336383 	-4.583842
-0.72792793 	0.25 	0.455 	67.315952 	-11.329043 	-4.5770805
-0.72912913 	0.25 	0.455 	67.351345 	-11.321703 	-4.5703189
-0.73033033 	0.25 	0.455 	67.386738 	-11.314363 	-4.5635574
-0.73153153 	0.25 	0.455 	67.420191 	-11.308222 	-4.5568191
-0.73273273 	0.25 	0.455 	67.452787 	-11.302612 	-4.550091
-0.73393393 	0.25 	0.455 	67.485383 	-11.297002 	-4.543363
-0.73513514 	0.25 	0.455 	67.517979 	-11.291392 	-4.536635
-0.73633634 	0.25 	0.455 	67.550575 	-11.285781 	-4.5299069
-0.73753754 	0.25 	0.455 	67.583171 	-11.280171 	-4.5231789
-0.73873874 	0.25 	0.455 	67.615767 	-11.274561 	-4.5164508
-0.73993994 	0.25 	0.455 	67.648363 	-11.268951 	-4.5097228
-0.74114114 	0.25 	0.455 	67.680958 	-11.26334 	-4.5029948
-0.74234234 	0.25 	0.455 	67.713554 	-11.25773 	-4.4962667
-0.74354354 	0.25 	0.455 	67.747033 	-11.251657 	-4.4893875
-0.74474474 	0.25 	0.455 	67.781934 	-11.244837 	-4.4822642
-0.74594595 	0.25 	0.455 	67.816836 	-11.238017 	-4.475141
-0.74714715 	0.25 	0.455 	67.851738 	-11.231198 	-4.4680177
-0.74834835 	0.25 	0.455 	67.88664 	-11.224378 	-4.4608945
-0.74954955 	0.25 	0.455 	67.926999 	-11.215258 	-4.4532068
-0.75075075 	0.25 	0.455 	67.968781 	-11.205555 	-4.4455781
-0.75195195 	0.25 	0.455 	68.010563 	-11.195852 	-4.4379495
-0.75315315 	0.25 	0.455 	68.052345 	-11.186149 	-4.4303209
-0.75435435 	0.25 	0.455 	68.094128 	-11.176446 	-4.4226923
-0.75555556 	0.25 	0.455 	68.13591 	-11.166744 	-4.4150637
-0.75675676 	0.25 	0.455 	68.177692 	-11.157041 	-4.4074351
-0.75795796 	0.25 	0.455 	68.219474 	-11.147338 	-4.3998065
-0.75915916 	0.25 	0.455 	68.261256 	-11.137635 	-4.3921779
-0.76036036 	0.25 	0.455 	68.303039 	-11.127932 	-4.3845493
-0.76156156 	0.25 	0.455 	68.344656 	-11.119204 	-4.3769439
-0.76276276 	0.25 	0.455 	68.385893 	-11.112715 	-4.3693921
-0.76396396 	0.25 	0.455 	68.425956 	-11.107358 	-4.3620449
-0.76516517 	0.25 	0.455 	68.462543 	-11.105354 	-4.3553038
-0.76636637 	0.25 	0.455 	68.49913 	-11.103351 	-4.3485627
-0.76756757 	0.25 	0.455 	68.535589 	-11.101342 	-4.3417362
-0.76876877 	0.25 	0.455 	68.571303 	-11.099299 	-4.3344104
-0.76996997 	0.25 	0.455 	68.607018 	-11.097257 	-4.3270846
-0.77117117 	0.25 	0.455 	68.642732 	-11.095214 	-4.3197587
-0.77237237 	0.25 	0.455 	68.678446 	-11.093172 	-4.3124329
-0.77357357 	0.25 	0.455 	68.71416 	-11.09113 	-4.305107
-0.77477477 	0.25 	0.455 	68.749266 	-11.091489 	-4.2977989
-0.77597598 	0.25 	0.455 	68.784004 	-11.093305 	-4.2905014
-0.77717718 	0.25 	0.455 	68.818618 	-11.101758 	-4.2830673
-0.77837838 	0.25 	0.455 	68.85315 	-11.114567 	-4.2755437
-0.77957958 	0.25 	0.455 	68.890458 	-11.113874 	-4.2674675
-0.78078078 	0.25 	0.455 	68.929648 	-11.104021 	-4.2590165
-0.78198198 	0.25 	0.455 	68.968838 	-11.094168 	-4.2505655
-0.78318318 	0.25 	0.455 	69.008028 	-11.084315 	-4.2421145
-0.78438438 	0.25 	0.455 	69.047218 	-11.074462 	-4.2336635
-0.78558559 	0.25 	0.455 	69.086446 	-11.064612 	-4.2252561
-0.78678679 	0.25 	0.455 	69.126275 	-11.054805 	-4.2175383
-0.78798799 	0.25 	0.455 	69.166105 	-11.044998 	-4.2098205
-0.78918919 	0.25 	0.455 	69.205935 	-11.035191 	-4.2021026
-0.79039039 	0.25 	0.455 	69.245693 	-11.001596 	-4.1941762
-0.79159159 	0.25 	0.455 	69.285442 	-10.965083 	-4.1862241
-0.79279279 	0.25 	0.455 	69.325137 	-10.938159 	-4.1773814
-0.79399399 	0.25 	0.455 	69.364826 	-10.912292 	-4.1684405
-0.7951952 	0.25 	0.455 	69.407044 	-10.895517 	-4.1595785
-0.7963964 	0.25 	0.455 	69.449499 	-10.879597 	-4.150724
-0.7975976 	0.25 	0.455 	69.491954 	-10.863676 	-4.1418695
-0.7987988 	0.25 	0.455 	69.534409 	-10.847756 	-4.1330149
-0.8 	0.25 	0.455 	69.576864 	-10.831835 	-4.1241604
-0.8012012 	0.25 	0.455 	69.619554 	-10.815888 	-4.1155765
-0.8024024 	0.25 	0.455 	69.662671 	-10.799892 	-4.1074838
-0.8036036 	0.25 	0.455 	69.705787 	-10.783895 	-4.0993912
-0.8048048 	0.25 	0.455 	69.74931 	-10.769858 	-4.0912523
-0.80600601 	0.25 	0.455 	69.794543 	-10.764061 	-4.0829192
-0.80720721 	0.25 	0.455 	69.839636 	-10.757148 	-4.0744721
-0.80840841 	0.25 	0.455 	69.884151 	-10.745651 	-4.0655563
-0.80960961 	0.25 	0.455 	69.928661 	-10.734172 	-4.0565918
-0.81081081 	0.25 	0.455 	69.973152 	-10.722771 	-4.0474271
-0.81201201 	0.25 	0.455 	70.017643 	-10.71137 	-4.0382624
-0.81321321 	0.25 	0.455 	70.062134 	-10.699969 	-4.0290977
-0.81441441 	0.25 	0.455 	70.106625 	-10.688569 	-4.0199329
-0.81561562 	0.25 	0.455 	70.151116 	-10.677168 	-4.0107682
-0.81681682 	0.25 	0.455 	70.19605 	-10.665774 	-4.0021179
-0.81801802 	0.25 	0.455 	70.241222 	-10.654383 	-3.9937458
-0.81921922 	0.25 	0.455 	70.286395 	-10.642992 	-3.9853738
-0.82042042 	0.25 	0.455 	70.331081 	-10.630793 	-3.9769244
-0.82162162 	0.25 	0.455 	70.375284 	-10.617793 	-3.9683984
-0.82282282 	0.25 	0.455 	70.421788 	-10.601497 	-3.9594698
-0.82402402 	0.25 	0.455 	70.470703 	-10.581749 	-3.9501195
-0.82522523 	0.25 	0.455 	70.517986 	-10.565102 	-3.9411028
-0.82642643 	0.25 	0.455 	70.563439 	-10.551929 	-3.9324598
-0.82762763 	0.25 	0.455 	70.608892 	-10.538757 	-3.9238169
-0.82882883 	0.25 	0.455 	70.654123 	-10.525581 	-3.9149019
-0.83003003 	0.25 	0.455 	70.698893 	-10.512397 	-3.905425
-0.83123123 	0.25 	0.455 	70.743663 	-10.499213 	-3.8959482
-0.83243243 	0.25 	0.455 	70.788433 	-10.486029 	-3.8864713
-0.83363363 	0.25 	0.455 	70.833202 	-10.472845 	-3.8769944
-0.83483483 	0.25 	0.455 	70.877972 	-10.459662 	-3.8675175
-0.83603604 	0.25 	0.455 	70.920803 	-10.45064 	-3.8585906
-0.83723724 	0.25 	0.455 	70.963147 	-10.442662 	-3.8498014
-0.83843844 	0.25 	0.455 	71.014608 	-10.427737 	-3.8401028
-0.83963964 	0.25 	0.455 	71.068655 	-10.410841 	-3.8301462
-0.84084084 	0.25 	0.455 	71.115994 	-10.394642 	-3.8203668
-0.84204204 	0.25 	0.455 	71.161201 	-10.378665 	-3.8106437
-0.84324324 	0.25 	0.455 	71.206407 	-10.362688 	-3.8009206
-0.84444444 	0.25 	0.455 	71.251614 	-10.346711 	-3.7911975
-0.84564565 	0.25 	0.455 	71.296821 	-10.330734 	-3.7814745
-0.84684685 	0.25 	0.455 	71.342187 	-10.314751 	-3.7719505
-0.84804805 	0.25 	0.455 	71.388081 	-10.298751 	-3.7630851
-0.84924925 	0.25 	0.455 	71.433975 	-10.28275 	-3.7542198
-0.85045045 	0.25 	0.455 	71.479325 	-10.266738 	-3.7453721
-0.85165165 	0.25 	0.455 	71.51936 	-10.250605 	-3.7366969
-0.85285285 	0.25 	0.455 	71.560621 	-10.234019 	-3.7279073
-0.85405405 	0.25 	0.455 	71.617811 	-10.211545 	-3.7176319
-0.85525526 	0.25 	0.455 	71.674351 	-10.189281 	-3.7073731
-0.85645646 	0.25 	0.455 	71.719533 	-10.17069 	-3.6974042
-0.85765766 	0.25 	0.455 	71.764715 	-10.152099 	-3.6874354
-0.85885886 	0.25 	0.455 	71.809897 	-10.133509 	-3.6774666
-0.86006006 	0.25 	0.455 	71.855079 	-10.114918 	-3.6674977
-0.86126126 	0.25 	0.455 	71.900262 	-10.096327 	-3.6575289
-0.86246246 	0.25 	0.455 	71.94581 	-10.077738 	-3.6480199
-0.86366366 	0.25 	0.455 	71.99169 	-10.05915 	-3.6389278
-0.86486486 	0.25 	0.455 	72.03757 	-10.040562 	-3.6298357
-0.86606607 	0.25 	0.455 	72.080549 	-10.023874 	-3.620778
-0.86726727 	0.25 	0.455 	72.118541 	-10.010451 	-3.6117791
-0.86846847 	0.25 	0.455 	72.162634 	-9.9976253 	-3.6022079
-0.86966967 	0.25 	0.455 	72.217404 	-9.9858426 	-3.5916351
-0.87087087 	0.25 	0.455 	72.267762 	-9.9707579 	-3.5814044
-0.87207207 	0.25 	0.455 	72.310783 	-9.9501794 	-3.5717425
-0.87327327 	0.25 	0.455 	72.353804 	-9.9296009 	-3.5620807
-0.87447447 	0.25 	0.455 	72.396825 	-9.9090224 	-3.5524189
-0.87567568 	0.25 	0.455 	72.439846 	-9.8884439 	-3.542757
-0.87687688 	0.25 	0.455 	72.482867 	-9.8678654 	-3.5330952
-0.87807808 	0.25 	0.455 	72.526322 	-9.8472655 	-3.524138
-0.87927928 	0.25 	0.455 	72.569876 	-9.8266608 	-3.5153401
-0.88048048 	0.25 	0.455 	72.61343 	-9.8060561 	-3.5065422
-0.88168168 	0.25 	0.455 	72.653016 	-9.7813994 	-3.4977549
-0.88288288 	0.25 	0.455 	72.689761 	-9.7538415 	-3.4889752
-0.88408408 	0.25 	0.455 	72.735288 	-9.7325257 	-3.4789281
-0.88528529 	0.25 	0.455 	72.785485 	-9.7145293 	-3.4682072
-0.88648649 	0.25 	0.455 	72.8323 	-9.6949789 	-3.4580169
-0.88768769 	0.25 	0.455 	72.877927 	-9.6749222 	-3.447874
-0.88888889 	0.25 	0.455 	72.922947 	-9.6548557 	-3.4368969
-0.89009009 	0.25 	0.455 	72.967968 	-9.6347892 	-3.4259197
-0.89129129 	0.25 	0.455 	73.015296 	-9.6110933 	-3.4152063
-0.89249249 	0.25 	0.455 	73.067971 	-9.578986 	-3.4051039
-0.89369369 	0.25 	0.455 	73.12004 	-9.5469015 	-3.394384
-0.89489489 	0.25 	0.455 	73.171768 	-9.5148298 	-3.3833174
-0.8960961 	0.25 	0.455 	73.223496 	-9.482758 	-3.3722508
-0.8972973 	0.25 	0.455 	73.271365 	-9.4491621 	-3.3620411
-0.8984985 	0.25 	0.455 	73.31786 	-9.415023 	-3.3521369
-0.8996997 	0.25 	0.455 	73.361079 	-9.3924921 	-3.3419001
-0.9009009 	0.25 	0.455 	73.405601 	-9.3698803 	-3.3317807
-0.9021021 	0.25 	0.455 	73.456104 	-9.3444075 	-3.3222086
-0.9033033 	0.25 	0.455 	73.506104 	-9.3188672 	-3.312166
-0.9045045 	0.25 	0.455 	73.555604 	-9.2932596 	-3.3016564
-0.90570571 	0.25 	0.455 	73.605104 	-9.2676521 	-3.2911468
-0.90690691 	0.25 	0.455 	73.662304 	-9.2348578 	-3.2805824
-0.90810811 	0.25 	0.455 	73.724753 	-9.1971644 	-3.2699805
-0.90930931 	0.25 	0.455 	73.786498 	-9.1596978 	-3.2585036
-0.91051051 	0.25 	0.455 	73.848126 	-9.1222693 	-3.2468801
-0.91171171 	0.25 	0.455 	73.909753 	-9.0848407 	-3.2352566
-0.91291291 	0.25 	0.455 	73.97156 	-9.0457216 	-3.2244773
-0.91411411 	0.25 	0.455 	74.026085 	-9.0073241 	-3.2139741
-0.91531532 	0.25 	0.455 	74.057447 	-8.9718383 	-3.2040355
-0.91651652 	0.25 	0.455 	74.113218 	-8.9400892 	-3.1937264
-0.91771772 	0.25 	0.455 	74.185375 	-8.9108487 	-3.1831687
-0.91891892 	0.25 	0.455 	74.256147 	-8.8815439 	-3.1717659
-0.92012012 	0.25 	0.455 	74.326642 	-8.8522261 	-3.1601936
-0.92132132 	0.25 	0.455 	74.397136 	-8.8229083 	-3.1486212
-0.92252252 	0.25 	0.455 	74.456741 	-8.7883127 	-3.1386766
-0.92372372 	0.25 	0.455 	74.51478 	-8.7530005 	-3.128836
-0.92492492 	0.25 	0.455 	74.572322 	-8.7177504 	-3.1181324
-0.92612613 	0.25 	0.455 	74.629864 	-8.6825003 	-3.1074289
-0.92732733 	0.25 	0.455 	74.686432 	-8.6463106 	-3.0967542
-0.92852853 	0.25 	0.455 	74.738141 	-8.6054323 	-3.0862237
-0.92972973 	0.25 	0.455 	74.762983 	-8.5518489 	-3.0759548
-0.93093093 	0.25 	0.455 	74.762941 	-8.4864987 	-3.0659282
-0.93213213 	0.25 	0.455 	74.842108 	-8.4447525 	-3.0525323
-0.93333333 	0.25 	0.455 	74.930768 	-8.4058352 	-3.0387327
-0.93453453 	0.25 	0.455 	75.020873 	-8.3668452 	-3.0258171
-0.93573574 	0.25 	0.455 	75.149457 	-8.3522597 	-3.012193
-0.93693694 	0.25 	0.455 	75.268821 	-8.3380755 	-2.9988162
-0.93813814 	0.25 	0.455 	75.27698 	-8.2846939 	-2.9884063
-0.93933934 	0.25 	0.455 	75.34211 	-8.243271 	-2.9762205
-0.94054054 	0.25 	0.455 	75.44267 	-8.209285 	-2.9629304
-0.94174174 	0.25 	0.455 	75.543828 	-8.175269 	-2.9501007
-0.94294294 	0.25 	0.455 	75.662924 	-8.1447902 	-2.9375529
-0.94414414 	0.25 	0.455 	75.820667 	-8.1224529 	-2.9240226
-0.94534535 	0.25 	0.455 	75.861378 	-8.0664709 	-2.9127088
-0.94654655 	0.25 	0.455 	75.906657 	-8.0131686 	-2.9010171
-0.94774775 	0.25 	0.455 	76.014262 	-7.9804355 	-2.8875794
-0.94894895 	0.25 	0.455 	76.121911 	-7.9477047 	-2.8741795
-0.95015015 	0.25 	0.455 	76.230946 	-7.9150451 	-2.8619459
-0.95135135 	0.25 	0.455 	76.391742 	-7.9077962 	-2.8478607
-0.95255255 	0.25 	0.455 	76.500759 	-7.8956673 	-2.8345731
-0.95375375 	0.25 	0.455 	76.541424 	-7.8739812 	-2.8224677
-0.95495495 	0.25 	0.455 	76.65952 	-7.836794 	-2.8089507
-0.95615616 	0.25 	0.455 	76.777616 	-7.7996068 	-2.7954337
-0.95735736 	0.25 	0.455 	76.896572 	-7.7624155 	-2.7827388
-0.95855856 	0.25 	0.455 	77.03782 	-7.7182637 	-2.7702008
-0.95975976 	0.25 	0.455 	77.194706 	-7.6673129 	-2.7573275
-0.96096096 	0.25 	0.455 	77.258465 	-7.6283476 	-2.743847
-0.96216216 	0.25 	0.455 	77.367008 	-7.5780618 	-2.7302977
-0.96336336 	0.25 	0.455 	77.4896 	-7.5242242 	-2.7167268
-0.96456456 	0.25 	0.455 	77.612498 	-7.4702668 	-2.7035492
-0.96576577 	0.25 	0.455 	77.736288 	-7.4159467 	-2.691206
-0.96696697 	0.25 	0.455 	77.890085 	-7.3484183 	-2.6789159
-0.96816817 	0.25 	0.455 	77.997832 	-7.3065057 	-2.6648573
-0.96936937 	0.25 	0.455 	78.090852 	-7.2664275 	-2.6510616
-0.97057057 	0.25 	0.455 	78.186391 	-7.2162701 	-2.6384936
-0.97177177 	0.25 	0.455 	78.281929 	-7.1661126 	-2.6259256
-0.97297297 	0.25 	0.455 	78.377506 	-7.1157584 	-2.6144692
-0.97417417 	0.25 	0.455 	78.480805 	-7.0488205 	-2.6036993
-0.97537538 	0.25 	0.455 	78.602373 	-6.9856204 	-2.5909755
-0.97657658 	0.25 	0.455 	78.754012 	-6.9344441 	-2.5745701
-0.97777778 	0.25 	0.455 	78.863434 	-6.8860777 	-2.5615851
-0.97897898 	0.25 	0.455 	78.965176 	-6.8382224 	-2.5492223
-0.98018018 	0.25 	0.455 	79.067237 	-6.7902817 	-2.5375224
-0.98138138 	0.25 	0.455 	79.150815 	-6.7410219 	-2.527503
-0.98258258 	0.25 	0.455 	79.211361 	-6.690214 	-2.5189679
-0.98378378 	0.25 	0.455 	79.404404 	-6.6225184 	-2.5012168
-0.98498498 	0.25 	0.455 	79.541555 	-6.5662142 	-2.487172
-0.98618619 	0.25 	0.455 	79.655517 	-6.5146354 	-2.474665
-0.98738739 	0.25 	0.455 	79.769776 	-6.4629969 	-2.4624372
-0.98858859 	0.25 	0.455 	79.884955 	-6.4111734 	-2.451078
-0.98978979 	0.25 	0.455 	79.968972 	-6.364419 	-2.4414597
-0.99099099 	0.25 	0.455 	80.125166 	-6.2934364 	-2.4267455
-0.99219219 	0.25 	0.455 	80.226704 	-6.2358457 	-2.4146729
-0.99339339 	0.25 	0.455 	80.325256 	-6.179037 	-2.402771
-0.99459459 	0.25 	0.455 	80.423808 	-6.1222283 	-2.390869
-0.9957958 	0.25 	0.455 	80.522691 	-6.0650669 	-2.3799587
-0.996997 	0.25 	0.455 	80.621614 	-6.0078621 	-2.3691704
-0.9981982 	0.25 	0.455 	80.733835 	-5.9416381 	-2.3570428
-0.9993994 	0.25 	0.455 	80.757394 	-5.8628332 	-2.3472311
-1.0006006 	0.25 	0.455 	80.771884 	-5.7852076 	-2.3378313
-1.0018018 	0.25 	0.455 	80.786373 	-5.707582 	-2.3284315
-1.003003 	0.25 	0.455 	80.800863 	-5.6299564 	-2.3190317
-1.0042042 	0.25 	0.455 	80.808419 	-5.5519723 	-2.3101024
-1.0054054 	0.25 	0.455 	80.625776 	-5.5245307 	-2.3109193
-1.0066066 	0.25 	0.455 	80.425466 	-5.5018684 	-2.312637
-1.0078078 	0.25 	0.455 	80.838384 	-5.4578187 	-2.2886625
-1.009009 	0.25 	0.455 	81.286601 	-5.409125 	-2.2630839
-1.0102102 	0.25 	0.455 	81.36423 	-5.312944 	-2.2498485
-1.0114114 	0.25 	0.455 	81.441793 	-5.2169968 	-2.2360086
-1.0126126 	0.25 	0.455 	81.29203 	-5.1131595 	-2.2314672
-1.0138138 	0.25 	0.455 	81.223008 	-5.0249112 	-2.2246756
-1.015015 	0.25 	0.455 	81.628993 	-4.9969808 	-2.2020619
-1.0162162 	0.25 	0.455 	81.738441 	-4.922033 	-2.1907281
-1.0174174 	0.25 	0.455 	81.813064 	-4.8420212 	-2.1796833
-1.0186186 	0.25 	0.455 	81.887016 	-4.7620516 	-2.1683276
-1.0198198 	0.25 	0.455 	81.960968 	-4.6820821 	-2.156972
-1.021021 	0.25 	0.455 	81.937036 	-4.5899274 	-2.1488427
-1.0222222 	0.25 	0.455 	82.089101 	-4.5174967 	-2.1360474
-1.0234234 	0.25 	0.455 	82.176271 	-4.4312296 	-2.1256583
-1.0246246 	0.25 	0.455 	82.250049 	-4.3459678 	-2.1151812
-1.0258258 	0.25 	0.455 	82.319624 	-4.2610319 	-2.1043369
-1.027027 	0.25 	0.455 	82.389199 	-4.176096 	-2.0934926
-1.0282282 	0.25 	0.455 	81.864698 	-4.0806965 	-2.0937166
-1.0294294 	0.25 	0.455 	82.28104 	-3.9963662 	-2.0763054
-1.0306306 	0.25 	0.455 	82.775466 	-3.9125628 	-2.0577095
-1.0318318 	0.25 	0.455 	82.876874 	-3.8226831 	-2.0467289
-1.033033 	0.25 	0.455 	82.97623 	-3.7329972 	-2.0348369
-1.0342342 	0.25 	0.455 	82.484848 	-3.6380407 	-2.0346992
-1.0354354 	0.25 	0.455 	81.701927 	-3.5404868 	-2.0403873
-1.0366366 	0.25 	0.455 	81.748273 	-3.4505283 	-2.0300233
-1.0378378 	0.25 	0.455 	82.577973 	-3.3676664 	-2.0039735
-1.039039 	0.25 	0.455 	83.290904 	-3.2820722 	-1.9801235
-1.0402402 	0.25 	0.455 	83.303202 	-3.1800919 	-1.9681716
-1.0414414 	0.25 	0.455 	82.523914 	-3.0593295 	-1.9721522
-1.0426426 	0.25 	0.455 	81.744627 	-2.9385672 	-1.9761328
-1.0438438 	0.25 	0.455 	81.876968 	-2.8460132 	-1.9634978
-1.045045 	0.25 	0.455 	82.470697 	-2.7677359 	-1.9424534
-1.0462462 	0.25 	0.455 	83.030641 	-2.6887928 	-1.9221681
-1.0474474 	0.25 	0.455 	82.956578 	-2.5973564 	-1.9158838
-1.0486486 	0.25 	0.455 	82.881113 	-2.5058956 	-1.9086023
-1.0498498 	0.25 	0.455 	82.805648 	-2.4144347 	-1.9013207
-1.0510511 	0.25 	0.455 	82.730182 	-2.3229738 	-1.8940392
-1.0522523 	0.25 	0.455 	82.301661 	-2.2200755 	-1.895213
-1.0534535 	0.25 	0.455 	81.928382 	-2.1026362 	-1.8945984
-1.0546547 	0.25 	0.455 	82.589497 	-1.9317526 	-1.8662311
-1.0558559 	0.25 	0.455 	82.667274 	-1.7962963 	-1.8526948
-1.0570571 	0.25 	0.455 	82.741321 	-1.6616163 	-1.8375287
-1.0582583 	0.25 	0.455 	82.815293 	-1.5269519 	-1.8223299
-1.0594595 	0.25 	0.455 	82.776813 	-1.3972086 	-1.8095932
-1.0606607 	0.25 	0.455 	82.946976 	-1.2724984 	-1.7957891
-1.0618619 	0.25 	0.455 	83.052123 	-1.1554357 	-1.7834785
-1.0630631 	0.25 	0.455 	83.155867 	-1.0386007 	-1.7705691
-1.0642643 	0.25 	0.455 	83.245923 	-0.92346829 	-1.7571388
-1.0654655 	0.25 	0.455 	83.324632 	-0.80967751 	-1.7439896
-1.0666667 	0.25 	0.455 	83.345912 	-0.6925514 	-1.7311938
-1.0678679 	0.25 	0.455 	83.599859 	-0.5717408 	-1.71608
-1.0690691 	0.25 	0.455 	83.763966 	-0.43822924 	-1.702192
-1.0702703 	0.25 	0.455 	83.92688 	-0.30491272 	-1.6878826
-1.0714715 	0.25 	0.455 	84.086981 	-0.17205663 	-1.6725784
-1.0726727 	0.25 	0.455 	84.247082 	-0.039200542 	-1.6572742
-1.0738739 	0.25 	0.455 	84.342361 	0.097262469 	-1.6429485
-1.0750751 	0.25 	0.455 	84.688187 	0.23593731 	-1.6246007
-1.0762763 	0.25 	0.455 	84.920659 	0.3994503 	-1.6087657
-1.0774775 	0.25 	0.455 	85.135578 	0.56405085 	-1.5932168
-1.0786787 	0.25 	0.455 	85.346105 	0.72780112 	-1.5762851
-1.0798799 	0.25 	0.455 	85.556552 	0.89153584 	-1.5593281
-1.0810811 	0.25 	0.455 	85.767 	1.0552705 	-1.5423711
-1.0822823 	0.25 	0.455 	85.823595 	1.2361295 	-1.5276373
-1.0834835 	0.25 	0.455 	86.351164 	1.4083204 	-1.505768
-1.0846847 	0.25 	0.455 	86.610975 	1.5836375 	-1.4884869
-1.0858859 	0.25 	0.455 	86.867137 	1.7580533 	-1.470114
-1.0870871 	0.25 	0.455 	87.122341 	1.9322329 	-1.4514548
-1.0882883 	0.25 	0.455 	87.377492 	2.1064216 	-1.4327964
-1.0894895 	0.25 	0.455 	87.62067 	2.2897516 	-1.4142254
-1.0906907 	0.25 	0.455 	87.906414 	2.5131178 	-1.3939338
-1.0918919 	0.25 	0.455 	88.191603 	2.7362909 	-1.373495
-1.0930931 	0.25 	0.455 	88.471259 	2.9575385 	-1.3515906
-1.0942943 	0.25 	0.455 	88.750914 	3.1787862 	-1.3296863
-1.0954955 	0.25 	0.455 	88.690408 	3.3718318 	-1.3127019
-1.0966967 	0.25 	0.455 	89.072678 	3.5921784 	-1.2938472
-1.0978979 	0.25 	0.455 	89.354052 	3.7871234 	-1.2768412
-1.0990991 	0.25 	0.455 	89.576497 	3.969574 	-1.2607917
-1.1003003 	0.25 	0.455 	89.797362 	4.1514789 	-1.2441679
-1.1015015 	0.25 	0.455 	90.016549 	4.3328045 	-1.2269348
-1.1027027 	0.25 	0.455 	90.235735 	4.5141301 	-1.2097016
-1.1039039 	0.25 	0.455 	90.12086 	4.624026 	-1.2003576
-1.1051051 	0.25 	0.455 	89.993175 	4.7311829 	-1.1913162
-1.1063063 	0.25 	0.455 	90.082631 	4.9008056 	-1.1754731
-1.1075075 	0.25 	0.455 	90.503046 	5.1667076 	-1.1490393
-1.1087087 	0.25 	0.455 	90.920477 	5.4324447 	-1.122627
-1.1099099 	0.25 	0.455 	91.023726 	5.675058 	-1.103505
-1.1111111 	0.25 	0.455 	90.86078 	5.9000021 	-1.0918814
-1.1123123 	0.25 	0.455 	90.662854 	6.122467 	-1.0811693
-1.1135135 	0.25 	0.455 	90.71305 	6.3813078 	-1.0647909
-1.1147147 	0.25 	0.455 	90.999748 	6.6748211 	-1.0430114
-1.1159159 	0.25 	0.455 	91.021491 	6.9101841 	-1.0278877
-1.1171171 	0.25 	0.455 	90.978935 	7.1311522 	-1.0133406
-1.1183183 	0.25 	0.455 	90.936435 	7.3521191 	-0.99874239
-1.1195195 	0.25 	0.455 	90.893935 	7.573086 	-0.98414421
-1.1207207 	0.25 	0.455 	90.853199 	7.8020607 	-0.96969935
-1.1219219 	0.25 	0.455 	90.845435 	8.0591643 	-0.95571389
-1.1231231 	0.25 	0.455 	90.83767 	8.316268 	-0.94172843
-1.1243243 	0.25 	0.455 	90.82847 	8.5752018 	-0.92695189
-1.1255255 	0.25 	0.455 	90.81873 	8.834825 	-0.91187729
-1.1267267 	0.25 	0.455 	90.83816 	9.1348502 	-0.89815379
-1.1279279 	0.25 	0.455 	90.895449 	9.4935123 	-0.88623658
-1.1291291 	0.25 	0.455 	90.831682 	9.7479814 	-0.86925293
-1.1303303 	0.25 	0.455 	90.780048 	10.055612 	-0.85183306
-1.1315315 	0.25 	0.455 	90.749232 	10.485243 	-0.83236186
-1.1327327 	0.25 	0.455 	90.763671 	10.974811 	-0.81383706
-1.1339339 	0.25 	0.455 	90.84784 	11.549245 	-0.79745567
-1.1351351 	0.25 	0.455 	90.893096 	12.049559 	-0.78149669
-1.1363363 	0.25 	0.455 	90.814964 	12.323163 	-0.76673778
-1.1375375 	0.25 	0.455 	90.737839 	12.596938 	-0.7519972
-1.1387387 	0.25 	0.455 	90.643123 	12.977662 	-0.73701788
-1.1399399 	0.25 	0.455 	90.538743 	13.415906 	-0.72155395
-1.1411411 	0.25 	0.455 	90.435055 	13.858882 	-0.70605575
-1.1423423 	0.25 	0.455 	90.350731 	14.434221 	-0.68959889
-1.1435435 	0.25 	0.455 	90.266407 	15.009561 	-0.67314204
-1.1447447 	0.25 	0.455 	90.053121 	15.599903 	-0.65556426
-1.1459459 	0.25 	0.455 	89.845794 	16.165175 	-0.63741161
-1.1471471 	0.25 	0.455 	89.66382 	16.69865 	-0.61873765
-1.1483483 	0.25 	0.455 	89.48183 	17.232664 	-0.60015372
-1.1495495 	0.25 	0.455 	89.299603 	17.775514 	-0.58304413
-1.1507508 	0.25 	0.455 	89.218498 	18.234167 	-0.56477865
-1.151952 	0.25 	0.455 	89.104597 	18.714521 	-0.54676541
-1.1531532 	0.25 	0.455 	88.942087 	19.228342 	-0.52915454
-1.1543544 	0.25 	0.455 	88.728661 	19.737962 	-0.50989215
-1.1555556 	0.25 	0.455 	88.513276 	20.247421 	-0.49056621
-1.1567568 	0.25 	0.455 	88.296491 	20.761707 	-0.47210094
-1.157958 	0.25 	0.455 	88.078223 	21.269653 	-0.45380784
-1.1591592 	0.25 	0.455 	87.858527 	21.748291 	-0.43418056
-1.1603604 	0.25 	0.455 	87.568044 	22.295302 	-0.41531521
-1.1615616 	0.25 	0.455 	87.248302 	22.826961 	-0.39588542
-1.1627628 	0.25 	0.455 	86.913361 	23.345328 	-0.3760552
-1.163964 	0.25 	0.455 	86.578213 	23.864032 	-0.35630814
-1.1651652 	0.25 	0.455 	86.239447 	24.38863 	-0.33801589
-1.1663664 	0.25 	0.455 	85.909438 	24.855526 	-0.31870031
-1.1675676 	0.25 	0.455 	85.564083 	25.320206 	-0.29972691
-1.1687688 	0.25 	0.455 	85.194552 	25.795611 	-0.28149217
-1.16997 	0.25 	0.455 	84.78284 	26.296774 	-0.26224702
-1.1711712 	0.25 	0.455 	84.363336 	26.802693 	-0.24281527
-1.1723724 	0.25 	0.455 	83.94225 	27.311247 	-0.22423554
-1.1735736 	0.25 	0.455 	83.499356 	27.806428 	-0.20583163
-1.1747748 	0.25 	0.455 	83.044224 	28.292234 	-0.18709122
-1.175976 	0.25 	0.455 	82.554151 	28.807249 	-0.16903833
-1.1771772 	0.25 	0.455 	82.059992 	29.32568 	-0.15106585
-1.1783784 	0.25 	0.455 	81.51338 	29.809036 	-0.13258405
-1.1795796 	0.25 	0.455 	80.961057 	30.288572 	-0.11404678
-1.1807808 	0.25 	0.455 	80.387398 	30.747078 	-0.096851052
-1.181982 	0.25 	0.455 	79.790866 	31.173198 	-0.079560582
-1.1831832 	0.25 	0.455 	79.187508 	31.599372 	-0.062377698
-1.1843844 	0.25 	0.455 	78.565207 	32.025694 	-0.045493436
-1.1855856 	0.25 	0.455 	77.942906 	32.452017 	-0.028609175
-1.1867868 	0.25 	0.455 	77.035902 	32.806044 	-0.0083161755
-1.187988 	0.25 	0.455 	76.092922 	33.137977 	0.011209249
-1.1891892 	0.25 	0.455 	75.109428 	33.404153 	0.028877232
-1.1903904 	0.25 	0.455 	74.125934 	33.670329 	0.046545215
-1.1915916 	0.25 	0.455 	73.333556 	33.817216 	0.060568338
-1.1927928 	0.25 	0.455 	72.577792 	33.94125 	0.073893189
-1.193994 	0.25 	0.455 	71.830392 	34.052987 	0.086939854
-1.1951952 	0.25 	0.455 	71.158668 	34.053476 	0.097469818
-1.1963964 	0.25 	0.455 	70.486944 	34.053965 	0.10799978
-1.1975976 	0.25 	0.455 	69.817151 	34.053044 	0.11903801
-1.1987988 	0.25 	0.455 	69.149324 	34.050687 	0.13059355
-1.2 	0.25 	0.455 	68.481498 	34.04833 	0.14214909
