-1.2 	-0.05 	0.546 	45.749254 	-1.9545692 	3.3659162
-1.1987988 	-0.05 	0.546 	45.748004 	-1.9791144 	3.3758936
-1.1975976 	-0.05 	0.546 	45.746754 	-2.0036597 	3.385871
-1.1963964 	-0.05 	0.546 	45.745503 	-2.028205 	3.3958485
-1.1951952 	-0.05 	0.546 	45.744253 	-2.0527503 	3.4058259
-1.193994 	-0.05 	0.546 	45.743003 	-2.0772956 	3.4158033
-1.1927928 	-0.05 	0.546 	45.741753 	-2.1018409 	3.4257808
-1.1915916 	-0.05 	0.546 	45.740503 	-2.1263862 	3.4357582
-1.1903904 	-0.05 	0.546 	45.739253 	-2.1509314 	3.4457356
-1.1891892 	-0.05 	0.546 	45.738003 	-2.1754767 	3.455713
-1.187988 	-0.05 	0.546 	45.736753 	-2.200022 	3.4656905
-1.1867868 	-0.05 	0.546 	45.735503 	-2.2245673 	3.4756679
-1.1855856 	-0.05 	0.546 	45.734253 	-2.2491126 	3.4856453
-1.1843844 	-0.05 	0.546 	45.733003 	-2.2736579 	3.4956228
-1.1831832 	-0.05 	0.546 	45.731753 	-2.2982032 	3.5056002
-1.181982 	-0.05 	0.546 	45.730503 	-2.3227484 	3.5155776
-1.1807808 	-0.05 	0.546 	45.729253 	-2.3472937 	3.5255551
-1.1795796 	-0.05 	0.546 	45.728003 	-2.371839 	3.5355325
-1.1783784 	-0.05 	0.546 	45.726753 	-2.3963843 	3.5455099
-1.1771772 	-0.05 	0.546 	45.725503 	-2.4209296 	3.5554874
-1.175976 	-0.05 	0.546 	45.724253 	-2.4454749 	3.5654648
-1.1747748 	-0.05 	0.546 	45.723003 	-2.4700202 	3.5754422
-1.1735736 	-0.05 	0.546 	45.721753 	-2.4945654 	3.5854196
-1.1723724 	-0.05 	0.546 	45.720503 	-2.5191107 	3.5953971
-1.1711712 	-0.05 	0.546 	45.719253 	-2.543656 	3.6053745
-1.16997 	-0.05 	0.546 	45.718003 	-2.5682013 	3.6153519
-1.1687688 	-0.05 	0.546 	45.716753 	-2.5927466 	3.6253294
-1.1675676 	-0.05 	0.546 	45.715503 	-2.6172919 	3.6353068
-1.1663664 	-0.05 	0.546 	45.714253 	-2.6418372 	3.6452842
-1.1651652 	-0.05 	0.546 	45.713003 	-2.6663824 	3.6552617
-1.163964 	-0.05 	0.546 	45.711753 	-2.6909277 	3.6652391
-1.1627628 	-0.05 	0.546 	45.710503 	-2.715473 	3.6752165
-1.1615616 	-0.05 	0.546 	45.709253 	-2.7400183 	3.6851939
-1.1603604 	-0.05 	0.546 	45.708003 	-2.7645636 	3.6951714
-1.1591592 	-0.05 	0.546 	45.706753 	-2.7891089 	3.7051488
-1.157958 	-0.05 	0.546 	45.720451 	-2.8121309 	3.7155196
-1.1567568 	-0.05 	0.546 	45.735063 	-2.834967 	3.7262455
-1.1555556 	-0.05 	0.546 	45.749791 	-2.8576966 	3.7373116
-1.1543544 	-0.05 	0.546 	45.76452 	-2.8804262 	3.7483777
-1.1531532 	-0.05 	0.546 	45.779248 	-2.9031558 	3.7594439
-1.151952 	-0.05 	0.546 	45.793976 	-2.9258854 	3.77051
-1.1507508 	-0.05 	0.546 	45.808705 	-2.948615 	3.7815761
-1.1495495 	-0.05 	0.546 	45.823433 	-2.9713446 	3.7926422
-1.1483483 	-0.05 	0.546 	45.838162 	-2.9940743 	3.8037083
-1.1471471 	-0.05 	0.546 	45.85289 	-3.0168039 	3.8147744
-1.1459459 	-0.05 	0.546 	45.867618 	-3.0395335 	3.8258405
-1.1447447 	-0.05 	0.546 	45.882347 	-3.0622631 	3.8369067
-1.1435435 	-0.05 	0.546 	45.897075 	-3.0849927 	3.8479728
-1.1423423 	-0.05 	0.546 	45.911803 	-3.1077223 	3.8590389
-1.1411411 	-0.05 	0.546 	45.926532 	-3.1304519 	3.870105
-1.1399399 	-0.05 	0.546 	45.94126 	-3.1531815 	3.8811711
-1.1387387 	-0.05 	0.546 	45.955989 	-3.1759112 	3.8922372
-1.1375375 	-0.05 	0.546 	45.970717 	-3.1986408 	3.9033033
-1.1363363 	-0.05 	0.546 	45.985445 	-3.2213704 	3.9143694
-1.1351351 	-0.05 	0.546 	46.000174 	-3.2441 	3.9254356
-1.1339339 	-0.05 	0.546 	46.014902 	-3.2668296 	3.9365017
-1.1327327 	-0.05 	0.546 	46.02963 	-3.2895592 	3.9475678
-1.1315315 	-0.05 	0.546 	46.044359 	-3.3122888 	3.9586339
-1.1303303 	-0.05 	0.546 	46.059087 	-3.3350184 	3.9697
-1.1291291 	-0.05 	0.546 	46.073816 	-3.3577481 	3.9807661
-1.1279279 	-0.05 	0.546 	46.088544 	-3.3804777 	3.9918322
-1.1267267 	-0.05 	0.546 	46.103272 	-3.4032073 	4.0028984
-1.1255255 	-0.05 	0.546 	46.118001 	-3.4259369 	4.0139645
-1.1243243 	-0.05 	0.546 	46.132729 	-3.4486665 	4.0250306
-1.1231231 	-0.05 	0.546 	46.147457 	-3.4713961 	4.0360967
-1.1219219 	-0.05 	0.546 	46.162186 	-3.4941257 	4.0471628
-1.1207207 	-0.05 	0.546 	46.176914 	-3.5168554 	4.0582289
-1.1195195 	-0.05 	0.546 	46.191643 	-3.539585 	4.069295
-1.1183183 	-0.05 	0.546 	46.206371 	-3.5623146 	4.0803611
-1.1171171 	-0.05 	0.546 	46.221099 	-3.5850442 	4.0914273
-1.1159159 	-0.05 	0.546 	46.235828 	-3.6077738 	4.1024934
-1.1147147 	-0.05 	0.546 	46.250556 	-3.6305034 	4.1135595
-1.1135135 	-0.05 	0.546 	46.265284 	-3.653233 	4.1246256
-1.1123123 	-0.05 	0.546 	46.280013 	-3.6759626 	4.1356917
-1.1111111 	-0.05 	0.546 	46.294741 	-3.6986923 	4.1467578
-1.1099099 	-0.05 	0.546 	46.30947 	-3.7214219 	4.1578239
-1.1087087 	-0.05 	0.546 	46.324198 	-3.7441515 	4.1688901
-1.1075075 	-0.05 	0.546 	46.338926 	-3.7668811 	4.1799562
-1.1063063 	-0.05 	0.546 	46.354482 	-3.7953041 	4.1923083
-1.1051051 	-0.05 	0.546 	46.370058 	-3.8238669 	4.2046919
-1.1039039 	-0.05 	0.546 	46.385634 	-3.8524297 	4.2170756
-1.1027027 	-0.05 	0.546 	46.401203 	-3.880958 	4.2294829
-1.1015015 	-0.05 	0.546 	46.41677 	-3.909477 	4.2418966
-1.1003003 	-0.05 	0.546 	46.432337 	-3.937996 	4.2543103
-1.0990991 	-0.05 	0.546 	46.447904 	-3.9665151 	4.2667239
-1.0978979 	-0.05 	0.546 	46.463252 	-3.9927085 	4.2787932
-1.0966967 	-0.05 	0.546 	46.477019 	-4.0020855 	4.2883716
-1.0954955 	-0.05 	0.546 	46.490785 	-4.0114625 	4.2979501
-1.0942943 	-0.05 	0.546 	46.504552 	-4.0208395 	4.3075286
-1.0930931 	-0.05 	0.546 	46.518318 	-4.0302165 	4.317107
-1.0918919 	-0.05 	0.546 	46.532085 	-4.0395935 	4.3266855
-1.0906907 	-0.05 	0.546 	46.547813 	-4.0488576 	4.336062
-1.0894895 	-0.05 	0.546 	46.564665 	-4.0580569 	4.3453228
-1.0882883 	-0.05 	0.546 	46.584829 	-4.0698945 	4.3555669
-1.0870871 	-0.05 	0.546 	46.609753 	-4.0855241 	4.3672241
-1.0858859 	-0.05 	0.546 	46.634677 	-4.1011536 	4.3788813
-1.0846847 	-0.05 	0.546 	46.6596 	-4.1167832 	4.3905385
-1.0834835 	-0.05 	0.546 	46.684524 	-4.1324127 	4.4021957
-1.0822823 	-0.05 	0.546 	46.709448 	-4.1480423 	4.4138529
-1.0810811 	-0.05 	0.546 	46.734371 	-4.1636718 	4.4255101
-1.0798799 	-0.05 	0.546 	46.759295 	-4.1793014 	4.4371673
-1.0786787 	-0.05 	0.546 	46.784219 	-4.1949309 	4.4488245
-1.0774775 	-0.05 	0.546 	46.809142 	-4.2105605 	4.4604817
-1.0762763 	-0.05 	0.546 	46.834066 	-4.22619 	4.4721389
-1.0750751 	-0.05 	0.546 	46.85899 	-4.2418196 	4.4837961
-1.0738739 	-0.05 	0.546 	46.883913 	-4.2574491 	4.4954533
-1.0726727 	-0.05 	0.546 	46.908837 	-4.2730787 	4.5071105
-1.0714715 	-0.05 	0.546 	46.933761 	-4.2887082 	4.5187677
-1.0702703 	-0.05 	0.546 	46.958684 	-4.3043378 	4.5304249
-1.0690691 	-0.05 	0.546 	46.983608 	-4.3199673 	4.5420821
-1.0678679 	-0.05 	0.546 	47.008532 	-4.3355968 	4.5537393
-1.0666667 	-0.05 	0.546 	47.033455 	-4.3512264 	4.5653965
-1.0654655 	-0.05 	0.546 	47.058379 	-4.3668559 	4.5770537
-1.0642643 	-0.05 	0.546 	47.083303 	-4.3824855 	4.588711
-1.0630631 	-0.05 	0.546 	47.108226 	-4.398115 	4.6003682
-1.0618619 	-0.05 	0.546 	47.13315 	-4.4137446 	4.6120254
-1.0606607 	-0.05 	0.546 	47.158074 	-4.4293741 	4.6236826
-1.0594595 	-0.05 	0.546 	47.182997 	-4.4450037 	4.6353398
-1.0582583 	-0.05 	0.546 	47.207921 	-4.4606332 	4.646997
-1.0570571 	-0.05 	0.546 	47.232845 	-4.4762628 	4.6586542
-1.0558559 	-0.05 	0.546 	47.257768 	-4.4918923 	4.6703114
-1.0546547 	-0.05 	0.546 	47.282692 	-4.5075219 	4.6819686
-1.0534535 	-0.05 	0.546 	47.307616 	-4.5231514 	4.6936258
-1.0522523 	-0.05 	0.546 	47.332539 	-4.538781 	4.705283
-1.0510511 	-0.05 	0.546 	47.357463 	-4.5544105 	4.7169402
-1.0498498 	-0.05 	0.546 	47.382387 	-4.5700401 	4.7285974
-1.0486486 	-0.05 	0.546 	47.40731 	-4.5856696 	4.7402546
-1.0474474 	-0.05 	0.546 	47.432234 	-4.6012992 	4.7519118
-1.0462462 	-0.05 	0.546 	47.457158 	-4.6169287 	4.763569
-1.045045 	-0.05 	0.546 	47.482081 	-4.6325583 	4.7752262
-1.0438438 	-0.05 	0.546 	47.507005 	-4.6481878 	4.7868834
-1.0426426 	-0.05 	0.546 	47.534423 	-4.6637977 	4.7978245
-1.0414414 	-0.05 	0.546 	47.562398 	-4.6794031 	4.8086056
-1.0402402 	-0.05 	0.546 	47.590373 	-4.6950086 	4.8193867
-1.039039 	-0.05 	0.546 	47.618349 	-4.710614 	4.8301677
-1.0378378 	-0.05 	0.546 	47.646324 	-4.7262195 	4.8409488
-1.0366366 	-0.05 	0.546 	47.672984 	-4.7386295 	4.8519513
-1.0354354 	-0.05 	0.546 	47.696987 	-4.7445798 	4.8634014
-1.0342342 	-0.05 	0.546 	47.720991 	-4.7505301 	4.8748514
-1.033033 	-0.05 	0.546 	47.744994 	-4.7564803 	4.8863015
-1.0318318 	-0.05 	0.546 	47.768997 	-4.7624306 	4.8977516
-1.0306306 	-0.05 	0.546 	47.793 	-4.7683808 	4.9092017
-1.0294294 	-0.05 	0.546 	47.820693 	-4.7757787 	4.9204722
-1.0282282 	-0.05 	0.546 	47.849082 	-4.7834493 	4.9317089
-1.027027 	-0.05 	0.546 	47.87747 	-4.7911199 	4.9429456
-1.0258258 	-0.05 	0.546 	47.905859 	-4.7987906 	4.9541822
-1.0246246 	-0.05 	0.546 	47.934247 	-4.8064612 	4.9654189
-1.0234234 	-0.05 	0.546 	47.962636 	-4.8141318 	4.9766556
-1.0222222 	-0.05 	0.546 	47.991024 	-4.8218024 	4.9878923
-1.021021 	-0.05 	0.546 	48.019413 	-4.829473 	4.999129
-1.0198198 	-0.05 	0.546 	48.047801 	-4.8371436 	5.0103657
-1.0186186 	-0.05 	0.546 	48.07619 	-4.8448142 	5.0216024
-1.0174174 	-0.05 	0.546 	48.104579 	-4.8524848 	5.0328391
-1.0162162 	-0.05 	0.546 	48.132967 	-4.8601554 	5.0440758
-1.015015 	-0.05 	0.546 	48.161356 	-4.867826 	5.0553124
-1.0138138 	-0.05 	0.546 	48.189744 	-4.8754966 	5.0665491
-1.0126126 	-0.05 	0.546 	48.218133 	-4.8831672 	5.0777858
-1.0114114 	-0.05 	0.546 	48.246521 	-4.8908378 	5.0890225
-1.0102102 	-0.05 	0.546 	48.27491 	-4.8985084 	5.1002592
-1.009009 	-0.05 	0.546 	48.303298 	-4.906179 	5.1114959
-1.0078078 	-0.05 	0.546 	48.331687 	-4.9138496 	5.1227326
-1.0066066 	-0.05 	0.546 	48.360075 	-4.9215202 	5.1339693
-1.0054054 	-0.05 	0.546 	48.388464 	-4.9291908 	5.1452059
-1.0042042 	-0.05 	0.546 	48.416852 	-4.9368614 	5.1564426
-1.003003 	-0.05 	0.546 	48.445241 	-4.944532 	5.1676793
-1.0018018 	-0.05 	0.546 	48.47363 	-4.9522026 	5.178916
-1.0006006 	-0.05 	0.546 	48.502018 	-4.9598732 	5.1901527
-0.9993994 	-0.05 	0.546 	48.530407 	-4.9675439 	5.2013894
-0.9981982 	-0.05 	0.546 	48.558795 	-4.9752145 	5.2126261
-0.996997 	-0.05 	0.546 	48.587184 	-4.9828851 	5.2238628
-0.9957958 	-0.05 	0.546 	48.615572 	-4.9905557 	5.2350994
-0.99459459 	-0.05 	0.546 	48.643961 	-4.9982263 	5.2463361
-0.99339339 	-0.05 	0.546 	48.672349 	-5.0058969 	5.2575728
-0.99219219 	-0.05 	0.546 	48.700738 	-5.0135675 	5.2688095
-0.99099099 	-0.05 	0.546 	48.729126 	-5.0212381 	5.2800462
-0.98978979 	-0.05 	0.546 	48.757515 	-5.0289087 	5.2912829
-0.98858859 	-0.05 	0.546 	48.785903 	-5.0365793 	5.3025196
-0.98738739 	-0.05 	0.546 	48.814292 	-5.0442499 	5.3137563
-0.98618619 	-0.05 	0.546 	48.84268 	-5.0519205 	5.3249929
-0.98498498 	-0.05 	0.546 	48.871069 	-5.0595911 	5.3362296
-0.98378378 	-0.05 	0.546 	48.897536 	-5.0653053 	5.3474272
-0.98258258 	-0.05 	0.546 	48.922814 	-5.0698073 	5.3586004
-0.98138138 	-0.05 	0.546 	48.952639 	-5.0761503 	5.3690191
-0.98018018 	-0.05 	0.546 	48.982511 	-5.0825119 	5.3794302
-0.97897898 	-0.05 	0.546 	49.012383 	-5.0888735 	5.3898412
-0.97777778 	-0.05 	0.546 	49.042255 	-5.095235 	5.4002523
-0.97657658 	-0.05 	0.546 	49.072127 	-5.1015966 	5.4106634
-0.97537538 	-0.05 	0.546 	49.098777 	-5.1085073 	5.421282
-0.97417417 	-0.05 	0.546 	49.12218 	-5.1159712 	5.4321098
-0.97297297 	-0.05 	0.546 	49.145584 	-5.1234351 	5.4429376
-0.97177177 	-0.05 	0.546 	49.168988 	-5.130899 	5.4537653
-0.97057057 	-0.05 	0.546 	49.192392 	-5.1383629 	5.4645931
-0.96936937 	-0.05 	0.546 	49.215801 	-5.1457857 	5.4754185
-0.96816817 	-0.05 	0.546 	49.239699 	-5.1495494 	5.4860315
-0.96696697 	-0.05 	0.546 	49.264716 	-5.1525793 	5.496682
-0.96576577 	-0.05 	0.546 	49.290985 	-5.1547898 	5.5073744
-0.96456456 	-0.05 	0.546 	49.317253 	-5.1570004 	5.5180669
-0.96336336 	-0.05 	0.546 	49.343521 	-5.1592109 	5.5287593
-0.96216216 	-0.05 	0.546 	49.36979 	-5.1614214 	5.5394517
-0.96096096 	-0.05 	0.546 	49.396058 	-5.1636319 	5.5501441
-0.95975976 	-0.05 	0.546 	49.422326 	-5.1658425 	5.5608365
-0.95855856 	-0.05 	0.546 	49.448595 	-5.168053 	5.5715289
-0.95735736 	-0.05 	0.546 	49.474863 	-5.1702635 	5.5822214
-0.95615616 	-0.05 	0.546 	49.501131 	-5.172474 	5.5929138
-0.95495495 	-0.05 	0.546 	49.5274 	-5.1746845 	5.6036062
-0.95375375 	-0.05 	0.546 	49.553668 	-5.1768951 	5.6142986
-0.95255255 	-0.05 	0.546 	49.579936 	-5.1791056 	5.624991
-0.95135135 	-0.05 	0.546 	49.606205 	-5.1813161 	5.6356834
-0.95015015 	-0.05 	0.546 	49.632473 	-5.1835266 	5.6463759
-0.94894895 	-0.05 	0.546 	49.658741 	-5.1857372 	5.6570683
-0.94774775 	-0.05 	0.546 	49.68501 	-5.1879477 	5.6677607
-0.94654655 	-0.05 	0.546 	49.711278 	-5.1901582 	5.6784531
-0.94534535 	-0.05 	0.546 	49.737546 	-5.1923687 	5.6891455
-0.94414414 	-0.05 	0.546 	49.763815 	-5.1945793 	5.6998379
-0.94294294 	-0.05 	0.546 	49.790083 	-5.1967898 	5.7105304
-0.94174174 	-0.05 	0.546 	49.816351 	-5.1990003 	5.7212228
-0.94054054 	-0.05 	0.546 	49.84262 	-5.2012108 	5.7319152
-0.93933934 	-0.05 	0.546 	49.868888 	-5.2034214 	5.7426076
-0.93813814 	-0.05 	0.546 	49.895156 	-5.2056319 	5.7533
-0.93693694 	-0.05 	0.546 	49.921425 	-5.2078424 	5.7639924
-0.93573574 	-0.05 	0.546 	49.947693 	-5.2100529 	5.7746849
-0.93453453 	-0.05 	0.546 	49.973961 	-5.2122635 	5.7853773
-0.93333333 	-0.05 	0.546 	50.00023 	-5.214474 	5.7960697
-0.93213213 	-0.05 	0.546 	50.026498 	-5.2166845 	5.8067621
-0.93093093 	-0.05 	0.546 	50.052766 	-5.218895 	5.8174545
-0.92972973 	-0.05 	0.546 	50.079035 	-5.2211055 	5.8281469
-0.92852853 	-0.05 	0.546 	50.105303 	-5.2233161 	5.8388394
-0.92732733 	-0.05 	0.546 	50.131571 	-5.2255266 	5.8495318
-0.92612613 	-0.05 	0.546 	50.15784 	-5.2277371 	5.8602242
-0.92492492 	-0.05 	0.546 	50.184108 	-5.2299476 	5.8709166
-0.92372372 	-0.05 	0.546 	50.210376 	-5.2321582 	5.881609
-0.92252252 	-0.05 	0.546 	50.236645 	-5.2343687 	5.8923014
-0.92132132 	-0.05 	0.546 	50.26305 	-5.2359134 	5.902877
-0.92012012 	-0.05 	0.546 	50.290038 	-5.2346137 	5.9129536
-0.91891892 	-0.05 	0.546 	50.317027 	-5.2333141 	5.9230302
-0.91771772 	-0.05 	0.546 	50.344015 	-5.2320145 	5.9331068
-0.91651652 	-0.05 	0.546 	50.371004 	-5.2307148 	5.9431834
-0.91531532 	-0.05 	0.546 	50.397992 	-5.2294152 	5.9532599
-0.91411411 	-0.05 	0.546 	50.42111 	-5.231151 	5.9634909
-0.91291291 	-0.05 	0.546 	50.442594 	-5.2341686 	5.9737871
-0.91171171 	-0.05 	0.546 	50.464077 	-5.2371862 	5.9840833
-0.91051051 	-0.05 	0.546 	50.485561 	-5.2402038 	5.9943795
-0.90930931 	-0.05 	0.546 	50.507044 	-5.2432214 	6.0046757
-0.90810811 	-0.05 	0.546 	50.528763 	-5.2451446 	6.0149634
-0.90690691 	-0.05 	0.546 	50.551326 	-5.2431409 	6.0252207
-0.90570571 	-0.05 	0.546 	50.573889 	-5.2411373 	6.0354779
-0.9045045 	-0.05 	0.546 	50.596452 	-5.2391337 	6.0457351
-0.9033033 	-0.05 	0.546 	50.619015 	-5.2371301 	6.0559923
-0.9021021 	-0.05 	0.546 	50.641577 	-5.2351265 	6.0662495
-0.9009009 	-0.05 	0.546 	50.66414 	-5.2331229 	6.0765067
-0.8996997 	-0.05 	0.546 	50.686703 	-5.2311193 	6.0867639
-0.8984985 	-0.05 	0.546 	50.709266 	-5.2291156 	6.0970211
-0.8972973 	-0.05 	0.546 	50.731829 	-5.227112 	6.1072784
-0.8960961 	-0.05 	0.546 	50.754391 	-5.2251084 	6.1175356
-0.89489489 	-0.05 	0.546 	50.776954 	-5.2231048 	6.1277928
-0.89369369 	-0.05 	0.546 	50.799517 	-5.2211012 	6.13805
-0.89249249 	-0.05 	0.546 	50.82208 	-5.2190976 	6.1483072
-0.89129129 	-0.05 	0.546 	50.844643 	-5.217094 	6.1585644
-0.89009009 	-0.05 	0.546 	50.867206 	-5.2150903 	6.1688216
-0.88888889 	-0.05 	0.546 	50.889768 	-5.2130867 	6.1790789
-0.88768769 	-0.05 	0.546 	50.912331 	-5.2110831 	6.1893361
-0.88648649 	-0.05 	0.546 	50.934894 	-5.2090795 	6.1995933
-0.88528529 	-0.05 	0.546 	50.957457 	-5.2070759 	6.2098505
-0.88408408 	-0.05 	0.546 	50.98002 	-5.2050723 	6.2201077
-0.88288288 	-0.05 	0.546 	51.002583 	-5.2030687 	6.2303649
-0.88168168 	-0.05 	0.546 	51.025145 	-5.2010651 	6.2406221
-0.88048048 	-0.05 	0.546 	51.047708 	-5.1990614 	6.2508793
-0.87927928 	-0.05 	0.546 	51.070271 	-5.1970578 	6.2611366
-0.87807808 	-0.05 	0.546 	51.092834 	-5.1950542 	6.2713938
-0.87687688 	-0.05 	0.546 	51.115397 	-5.1930506 	6.281651
-0.87567568 	-0.05 	0.546 	51.137959 	-5.191047 	6.2919082
-0.87447447 	-0.05 	0.546 	51.160522 	-5.1890434 	6.3021654
-0.87327327 	-0.05 	0.546 	51.183085 	-5.1870398 	6.3124226
-0.87207207 	-0.05 	0.546 	51.205648 	-5.1850361 	6.3226798
-0.87087087 	-0.05 	0.546 	51.228211 	-5.1830325 	6.3329371
-0.86966967 	-0.05 	0.546 	51.250774 	-5.1810289 	6.3431943
-0.86846847 	-0.05 	0.546 	51.273336 	-5.1790253 	6.3534515
-0.86726727 	-0.05 	0.546 	51.295899 	-5.1770217 	6.3637087
-0.86606607 	-0.05 	0.546 	51.318462 	-5.1750181 	6.3739659
-0.86486486 	-0.05 	0.546 	51.341025 	-5.1730145 	6.3842231
-0.86366366 	-0.05 	0.546 	51.363588 	-5.1710108 	6.3944803
-0.86246246 	-0.05 	0.546 	51.386151 	-5.1690072 	6.4047375
-0.86126126 	-0.05 	0.546 	51.40795 	-5.1675904 	6.4149601
-0.86006006 	-0.05 	0.546 	51.429468 	-5.1647579 	6.424904
-0.85885886 	-0.05 	0.546 	51.451723 	-5.158954 	6.4344903
-0.85765766 	-0.05 	0.546 	51.473978 	-5.1531501 	6.4440765
-0.85645646 	-0.05 	0.546 	51.496234 	-5.1473462 	6.4536627
-0.85525526 	-0.05 	0.546 	51.518489 	-5.1415423 	6.4632489
-0.85405405 	-0.05 	0.546 	51.540744 	-5.1357385 	6.4728351
-0.85285285 	-0.05 	0.546 	51.560135 	-5.1347049 	6.4828677
-0.85165165 	-0.05 	0.546 	51.579268 	-5.1341026 	6.4929405
-0.85045045 	-0.05 	0.546 	51.5984 	-5.1335004 	6.5030134
-0.84924925 	-0.05 	0.546 	51.617532 	-5.1328981 	6.5130862
-0.84804805 	-0.05 	0.546 	51.636664 	-5.1322958 	6.5231591
-0.84684685 	-0.05 	0.546 	51.655321 	-5.1306035 	6.5330822
-0.84564565 	-0.05 	0.546 	51.67358 	-5.1270397 	6.5428259
-0.84444444 	-0.05 	0.546 	51.692173 	-5.1228236 	6.5525954
-0.84324324 	-0.05 	0.546 	51.710766 	-5.1186076 	6.5623649
-0.84204204 	-0.05 	0.546 	51.729358 	-5.1143916 	6.5721344
-0.84084084 	-0.05 	0.546 	51.747951 	-5.1101756 	6.5819039
-0.83963964 	-0.05 	0.546 	51.766544 	-5.1059595 	6.5916734
-0.83843844 	-0.05 	0.546 	51.785137 	-5.1017435 	6.6014429
-0.83723724 	-0.05 	0.546 	51.80373 	-5.0975275 	6.6112124
-0.83603604 	-0.05 	0.546 	51.822323 	-5.0933115 	6.6209819
-0.83483483 	-0.05 	0.546 	51.840916 	-5.0890954 	6.6307514
-0.83363363 	-0.05 	0.546 	51.859509 	-5.0848794 	6.640521
-0.83243243 	-0.05 	0.546 	51.878102 	-5.0806634 	6.6502905
-0.83123123 	-0.05 	0.546 	51.896695 	-5.0764474 	6.66006
-0.83003003 	-0.05 	0.546 	51.915288 	-5.0722313 	6.6698295
-0.82882883 	-0.05 	0.546 	51.933881 	-5.0680153 	6.679599
-0.82762763 	-0.05 	0.546 	51.952474 	-5.0637993 	6.6893685
-0.82642643 	-0.05 	0.546 	51.971067 	-5.0595832 	6.699138
-0.82522523 	-0.05 	0.546 	51.98966 	-5.0553672 	6.7089075
-0.82402402 	-0.05 	0.546 	52.008253 	-5.0511512 	6.718677
-0.82282282 	-0.05 	0.546 	52.026845 	-5.0469352 	6.7284465
-0.82162162 	-0.05 	0.546 	52.045438 	-5.0427191 	6.738216
-0.82042042 	-0.05 	0.546 	52.064031 	-5.0385031 	6.7479855
-0.81921922 	-0.05 	0.546 	52.082624 	-5.0342871 	6.7577551
-0.81801802 	-0.05 	0.546 	52.101217 	-5.0300711 	6.7675246
-0.81681682 	-0.05 	0.546 	52.11981 	-5.025855 	6.7772941
-0.81561562 	-0.05 	0.546 	52.138403 	-5.021639 	6.7870636
-0.81441441 	-0.05 	0.546 	52.156996 	-5.017423 	6.7968331
-0.81321321 	-0.05 	0.546 	52.175589 	-5.013207 	6.8066026
-0.81201201 	-0.05 	0.546 	52.194182 	-5.0089909 	6.8163721
-0.81081081 	-0.05 	0.546 	52.212775 	-5.0047749 	6.8261416
-0.80960961 	-0.05 	0.546 	52.231368 	-5.0005589 	6.8359111
-0.80840841 	-0.05 	0.546 	52.249961 	-4.9963428 	6.8456806
-0.80720721 	-0.05 	0.546 	52.268554 	-4.9921268 	6.8554501
-0.80600601 	-0.05 	0.546 	52.287147 	-4.9879108 	6.8652196
-0.8048048 	-0.05 	0.546 	52.30574 	-4.9836948 	6.8749892
-0.8036036 	-0.05 	0.546 	52.324332 	-4.9794787 	6.8847587
-0.8024024 	-0.05 	0.546 	52.342925 	-4.9752627 	6.8945282
-0.8012012 	-0.05 	0.546 	52.361518 	-4.9710467 	6.9042977
-0.8 	-0.05 	0.546 	52.380111 	-4.9668307 	6.9140672
-0.7987988 	-0.05 	0.546 	52.398147 	-4.9611132 	6.9234139
-0.7975976 	-0.05 	0.546 	52.415854 	-4.9545055 	6.9325099
-0.7963964 	-0.05 	0.546 	52.43356 	-4.9478979 	6.9416059
-0.7951952 	-0.05 	0.546 	52.451266 	-4.9412902 	6.950702
-0.79399399 	-0.05 	0.546 	52.468972 	-4.9346826 	6.959798
-0.79279279 	-0.05 	0.546 	52.486598 	-4.9287196 	6.968937
-0.79159159 	-0.05 	0.546 	52.503746 	-4.9266051 	6.978333
-0.79039039 	-0.05 	0.546 	52.520894 	-4.9244906 	6.9877291
-0.78918919 	-0.05 	0.546 	52.538042 	-4.9223762 	6.9971251
-0.78798799 	-0.05 	0.546 	52.55519 	-4.9202617 	7.0065211
-0.78678679 	-0.05 	0.546 	52.572338 	-4.9181472 	7.0159171
-0.78558559 	-0.05 	0.546 	52.587956 	-4.9146343 	7.0251069
-0.78438438 	-0.05 	0.546 	52.60278 	-4.9103945 	7.0341896
-0.78318318 	-0.05 	0.546 	52.617603 	-4.9061547 	7.0432723
-0.78198198 	-0.05 	0.546 	52.632426 	-4.901915 	7.052355
-0.78078078 	-0.05 	0.546 	52.647249 	-4.8976752 	7.0614377
-0.77957958 	-0.05 	0.546 	52.662072 	-4.8934354 	7.0705204
-0.77837838 	-0.05 	0.546 	52.676895 	-4.8891956 	7.0796031
-0.77717718 	-0.05 	0.546 	52.691718 	-4.8849559 	7.0886858
-0.77597598 	-0.05 	0.546 	52.706542 	-4.8807161 	7.0977685
-0.77477477 	-0.05 	0.546 	52.721365 	-4.8764763 	7.1068512
-0.77357357 	-0.05 	0.546 	52.736188 	-4.8722365 	7.1159339
-0.77237237 	-0.05 	0.546 	52.751011 	-4.8679968 	7.1250166
-0.77117117 	-0.05 	0.546 	52.765834 	-4.863757 	7.1340992
-0.76996997 	-0.05 	0.546 	52.780657 	-4.8595172 	7.1431819
-0.76876877 	-0.05 	0.546 	52.79548 	-4.8552774 	7.1522646
-0.76756757 	-0.05 	0.546 	52.810303 	-4.8510376 	7.1613473
-0.76636637 	-0.05 	0.546 	52.825127 	-4.8467979 	7.17043
-0.76516517 	-0.05 	0.546 	52.83995 	-4.8425581 	7.1795127
-0.76396396 	-0.05 	0.546 	52.854773 	-4.8383183 	7.1885954
-0.76276276 	-0.05 	0.546 	52.869596 	-4.8340785 	7.1976781
-0.76156156 	-0.05 	0.546 	52.884419 	-4.8298388 	7.2067608
-0.76036036 	-0.05 	0.546 	52.899242 	-4.825599 	7.2158435
-0.75915916 	-0.05 	0.546 	52.914065 	-4.8213592 	7.2249262
-0.75795796 	-0.05 	0.546 	52.928889 	-4.8171194 	7.2340089
-0.75675676 	-0.05 	0.546 	52.943712 	-4.8128797 	7.2430916
-0.75555556 	-0.05 	0.546 	52.958535 	-4.8086399 	7.2521743
-0.75435435 	-0.05 	0.546 	52.973358 	-4.8044001 	7.261257
-0.75315315 	-0.05 	0.546 	52.988181 	-4.8001603 	7.2703396
-0.75195195 	-0.05 	0.546 	53.003004 	-4.7959206 	7.2794223
-0.75075075 	-0.05 	0.546 	53.017827 	-4.7916808 	7.288505
-0.74954955 	-0.05 	0.546 	53.032651 	-4.787441 	7.2975877
-0.74834835 	-0.05 	0.546 	53.047474 	-4.7832012 	7.3066704
-0.74714715 	-0.05 	0.546 	53.062297 	-4.7789615 	7.3157531
-0.74594595 	-0.05 	0.546 	53.07712 	-4.7747217 	7.3248358
-0.74474474 	-0.05 	0.546 	53.091943 	-4.7704819 	7.3339185
-0.74354354 	-0.05 	0.546 	53.106766 	-4.7662421 	7.3430012
-0.74234234 	-0.05 	0.546 	53.121589 	-4.7620024 	7.3520839
-0.74114114 	-0.05 	0.546 	53.136413 	-4.7577626 	7.3611666
-0.73993994 	-0.05 	0.546 	53.151236 	-4.7535228 	7.3702493
-0.73873874 	-0.05 	0.546 	53.16581 	-4.7495118 	7.3793227
-0.73753754 	-0.05 	0.546 	53.182816 	-4.7454696 	7.3901094
-0.73633634 	-0.05 	0.546 	53.198091 	-4.740646 	7.4000343
-0.73513514 	-0.05 	0.546 	53.213366 	-4.7358225 	7.4099593
-0.73393393 	-0.05 	0.546 	53.22864 	-4.730999 	7.4198843
-0.73273273 	-0.05 	0.546 	53.243915 	-4.7261755 	7.4298093
-0.73153153 	-0.05 	0.546 	53.258375 	-4.721216 	7.4392063
-0.73033033 	-0.05 	0.546 	53.271344 	-4.7160081 	7.4476382
-0.72912913 	-0.05 	0.546 	53.284314 	-4.7108002 	7.4560701
-0.72792793 	-0.05 	0.546 	53.295036 	-4.7051625 	7.4639703
-0.72672673 	-0.05 	0.546 	53.304329 	-4.6992517 	7.4715324
-0.72552553 	-0.05 	0.546 	53.313622 	-4.6933408 	7.4790945
-0.72432432 	-0.05 	0.546 	53.323793 	-4.687697 	7.4872773
-0.72312312 	-0.05 	0.546 	53.335723 	-4.682589 	7.4967054
-0.72192192 	-0.05 	0.546 	53.347654 	-4.6774809 	7.5061335
-0.72072072 	-0.05 	0.546 	53.359584 	-4.6723729 	7.5155617
-0.71951952 	-0.05 	0.546 	53.371515 	-4.6672649 	7.5249898
-0.71831832 	-0.05 	0.546 	53.383445 	-4.6621569 	7.5344179
-0.71711712 	-0.05 	0.546 	53.395376 	-4.6570488 	7.543846
-0.71591592 	-0.05 	0.546 	53.407306 	-4.6519408 	7.5532741
-0.71471471 	-0.05 	0.546 	53.419237 	-4.6468328 	7.5627022
-0.71351351 	-0.05 	0.546 	53.431167 	-4.6417248 	7.5721303
-0.71231231 	-0.05 	0.546 	53.443098 	-4.6366167 	7.5815585
-0.71111111 	-0.05 	0.546 	53.455028 	-4.6315087 	7.5909866
-0.70990991 	-0.05 	0.546 	53.466959 	-4.6264007 	7.6004147
-0.70870871 	-0.05 	0.546 	53.478889 	-4.6212927 	7.6098428
-0.70750751 	-0.05 	0.546 	53.49082 	-4.6161847 	7.6192709
-0.70630631 	-0.05 	0.546 	53.50275 	-4.6110766 	7.628699
-0.70510511 	-0.05 	0.546 	53.514681 	-4.6059686 	7.6381271
-0.7039039 	-0.05 	0.546 	53.524243 	-4.600436 	7.6467763
-0.7027027 	-0.05 	0.546 	53.532837 	-4.5947298 	7.6551068
-0.7015015 	-0.05 	0.546 	53.541431 	-4.5890235 	7.6634373
-0.7003003 	-0.05 	0.546 	53.551255 	-4.5832979 	7.6722243
-0.6990991 	-0.05 	0.546 	53.561121 	-4.5775717 	7.6810268
-0.6978979 	-0.05 	0.546 	53.570611 	-4.5718911 	7.689804
-0.6966967 	-0.05 	0.546 	53.578805 	-4.5663679 	7.6984946
-0.6954955 	-0.05 	0.546 	53.586999 	-4.5608448 	7.7071851
-0.69429429 	-0.05 	0.546 	53.595193 	-4.5553216 	7.7158756
-0.69309309 	-0.05 	0.546 	53.603387 	-4.5497984 	7.7245661
-0.69189189 	-0.05 	0.546 	53.611581 	-4.5442752 	7.7332567
-0.69069069 	-0.05 	0.546 	53.619775 	-4.538752 	7.7419472
-0.68948949 	-0.05 	0.546 	53.627969 	-4.5332288 	7.7506377
-0.68828829 	-0.05 	0.546 	53.636163 	-4.5277056 	7.7593282
-0.68708709 	-0.05 	0.546 	53.644357 	-4.5221825 	7.7680188
-0.68588589 	-0.05 	0.546 	53.652551 	-4.5166593 	7.7767093
-0.68468468 	-0.05 	0.546 	53.660745 	-4.5111361 	7.7853998
-0.68348348 	-0.05 	0.546 	53.668939 	-4.5056129 	7.7940903
-0.68228228 	-0.05 	0.546 	53.677132 	-4.5000897 	7.8027809
-0.68108108 	-0.05 	0.546 	53.685326 	-4.4945665 	7.8114714
-0.67987988 	-0.05 	0.546 	53.69352 	-4.4890433 	7.8201619
-0.67867868 	-0.05 	0.546 	53.701714 	-4.4835201 	7.8288524
-0.67747748 	-0.05 	0.546 	53.710081 	-4.4778179 	7.8375291
-0.67627628 	-0.05 	0.546 	53.718787 	-4.4717645 	7.8461787
-0.67507508 	-0.05 	0.546 	53.727492 	-4.4657111 	7.8548283
-0.67387387 	-0.05 	0.546 	53.735691 	-4.4597066 	7.8632827
-0.67267267 	-0.05 	0.546 	53.742832 	-4.453804 	7.8713295
-0.67147147 	-0.05 	0.546 	53.749973 	-4.4479014 	7.8793764
-0.67027027 	-0.05 	0.546 	53.758112 	-4.4434365 	7.8878056
-0.66906907 	-0.05 	0.546 	53.76697 	-4.4400052 	7.8965097
-0.66786787 	-0.05 	0.546 	53.775828 	-4.4365739 	7.9052138
-0.66666667 	-0.05 	0.546 	53.783553 	-4.431619 	7.9137069
-0.66546547 	-0.05 	0.546 	53.791061 	-4.4263723 	7.9221595
-0.66426426 	-0.05 	0.546 	53.798568 	-4.4211255 	7.9306121
-0.66306306 	-0.05 	0.546 	53.805572 	-4.4154547 	7.9391118
-0.66186186 	-0.05 	0.546 	53.812502 	-4.4097218 	7.9476185
-0.66066066 	-0.05 	0.546 	53.819432 	-4.4039888 	7.9561251
-0.65945946 	-0.05 	0.546 	53.826362 	-4.3982558 	7.9646318
-0.65825826 	-0.05 	0.546 	53.833292 	-4.3925229 	7.9731384
-0.65705706 	-0.05 	0.546 	53.840221 	-4.3867899 	7.9816451
-0.65585586 	-0.05 	0.546 	53.847151 	-4.3810569 	7.9901517
-0.65465465 	-0.05 	0.546 	53.854081 	-4.3753239 	7.9986584
-0.65345345 	-0.05 	0.546 	53.861011 	-4.369591 	8.007165
-0.65225225 	-0.05 	0.546 	53.867941 	-4.363858 	8.0156717
-0.65105105 	-0.05 	0.546 	53.874871 	-4.358125 	8.0241783
-0.64984985 	-0.05 	0.546 	53.881801 	-4.3523921 	8.032685
-0.64864865 	-0.05 	0.546 	53.888731 	-4.3466591 	8.0411916
-0.64744745 	-0.05 	0.546 	53.895661 	-4.3409261 	8.0496983
-0.64624625 	-0.05 	0.546 	53.90259 	-4.3351932 	8.0582049
-0.64504505 	-0.05 	0.546 	53.90952 	-4.3294602 	8.0667116
-0.64384384 	-0.05 	0.546 	53.91645 	-4.3237272 	8.0752182
-0.64264264 	-0.05 	0.546 	53.922257 	-4.3163094 	8.0831324
-0.64144144 	-0.05 	0.546 	53.927984 	-4.308773 	8.0910048
-0.64024024 	-0.05 	0.546 	53.93413 	-4.3018086 	8.099
-0.63903904 	-0.05 	0.546 	53.942049 	-4.2972664 	8.107515
-0.63783784 	-0.05 	0.546 	53.949969 	-4.2927242 	8.11603
-0.63663664 	-0.05 	0.546 	53.956867 	-4.2875626 	8.1244557
-0.63543544 	-0.05 	0.546 	53.96251 	-4.2816398 	8.1327715
-0.63423423 	-0.05 	0.546 	53.968154 	-4.2757171 	8.1410873
-0.63303303 	-0.05 	0.546 	53.973797 	-4.2697943 	8.1494032
-0.63183183 	-0.05 	0.546 	53.979441 	-4.2638716 	8.157719
-0.63063063 	-0.05 	0.546 	53.985084 	-4.2579488 	8.1660348
-0.62942943 	-0.05 	0.546 	53.990728 	-4.2520261 	8.1743506
-0.62822823 	-0.05 	0.546 	53.996371 	-4.2461033 	8.1826665
-0.62702703 	-0.05 	0.546 	54.002015 	-4.2401806 	8.1909823
-0.62582583 	-0.05 	0.546 	54.007658 	-4.2342578 	8.1992981
-0.62462462 	-0.05 	0.546 	54.013302 	-4.2283351 	8.207614
-0.62342342 	-0.05 	0.546 	54.018945 	-4.2224123 	8.2159298
-0.62222222 	-0.05 	0.546 	54.024589 	-4.2164896 	8.2242456
-0.62102102 	-0.05 	0.546 	54.030232 	-4.2105668 	8.2325615
-0.61981982 	-0.05 	0.546 	54.035876 	-4.2046441 	8.2408773
-0.61861862 	-0.05 	0.546 	54.041519 	-4.1987213 	8.2491931
-0.61741742 	-0.05 	0.546 	54.047163 	-4.1927986 	8.2575089
-0.61621622 	-0.05 	0.546 	54.053104 	-4.1870303 	8.2658019
-0.61501502 	-0.05 	0.546 	54.059421 	-4.1814569 	8.2740659
-0.61381381 	-0.05 	0.546 	54.065738 	-4.1758834 	8.2823299
-0.61261261 	-0.05 	0.546 	54.070918 	-4.1695975 	8.2903368
-0.61141141 	-0.05 	0.546 	54.075152 	-4.162719 	8.2981299
-0.61021021 	-0.05 	0.546 	54.079387 	-4.1558406 	8.3059231
-0.60900901 	-0.05 	0.546 	54.085681 	-4.1512288 	8.3140427
-0.60780781 	-0.05 	0.546 	54.092479 	-4.1471717 	8.3222423
-0.60660661 	-0.05 	0.546 	54.099158 	-4.1430562 	8.3304328
-0.60540541 	-0.05 	0.546 	54.104013 	-4.1380423 	8.3384833
-0.6042042 	-0.05 	0.546 	54.108869 	-4.1330284 	8.3465338
-0.603003 	-0.05 	0.546 	54.11358 	-4.12788 	8.3545968
-0.6018018 	-0.05 	0.546 	54.117729 	-4.1222081 	8.3627089
-0.6006006 	-0.05 	0.546 	54.121878 	-4.1165363 	8.370821
-0.5993994 	-0.05 	0.546 	54.126028 	-4.1108644 	8.378933
-0.5981982 	-0.05 	0.546 	54.130177 	-4.1051925 	8.3870451
-0.596997 	-0.05 	0.546 	54.134327 	-4.0995206 	8.3951572
-0.5957958 	-0.05 	0.546 	54.138476 	-4.0938487 	8.4032692
-0.59459459 	-0.05 	0.546 	54.142625 	-4.0881768 	8.4113813
-0.59339339 	-0.05 	0.546 	54.146775 	-4.082505 	8.4194934
-0.59219219 	-0.05 	0.546 	54.150924 	-4.0768331 	8.4276054
-0.59099099 	-0.05 	0.546 	54.155074 	-4.0711612 	8.4357175
-0.58978979 	-0.05 	0.546 	54.159223 	-4.0654893 	8.4438295
-0.58858859 	-0.05 	0.546 	54.163372 	-4.0598174 	8.4519416
-0.58738739 	-0.05 	0.546 	54.167522 	-4.0541455 	8.4600537
-0.58618619 	-0.05 	0.546 	54.171671 	-4.0484737 	8.4681657
-0.58498498 	-0.05 	0.546 	54.175821 	-4.0428018 	8.4762778
-0.58378378 	-0.05 	0.546 	54.17997 	-4.0371299 	8.4843899
-0.58258258 	-0.05 	0.546 	54.183834 	-4.031304 	8.4924182
-0.58138138 	-0.05 	0.546 	54.186205 	-4.0246723 	8.5000083
-0.58018018 	-0.05 	0.546 	54.188576 	-4.0180406 	8.5075985
-0.57897898 	-0.05 	0.546 	54.192121 	-4.012252 	8.5153654
-0.57777778 	-0.05 	0.546 	54.1973 	-4.0076354 	8.5233781
-0.57657658 	-0.05 	0.546 	54.202478 	-4.0030189 	8.5313908
-0.57537538 	-0.05 	0.546 	54.205968 	-3.9977312 	8.5393232
-0.57417417 	-0.05 	0.546 	54.208648 	-3.9921221 	8.5472173
-0.57297297 	-0.05 	0.546 	54.211329 	-3.986513 	8.5551114
-0.57177177 	-0.05 	0.546 	54.214009 	-3.9809038 	8.5630054
-0.57057057 	-0.05 	0.546 	54.21669 	-3.9752947 	8.5708995
-0.56936937 	-0.05 	0.546 	54.21937 	-3.9696856 	8.5787935
-0.56816817 	-0.05 	0.546 	54.222051 	-3.9640764 	8.5866876
-0.56696697 	-0.05 	0.546 	54.224731 	-3.9584673 	8.5945816
-0.56576577 	-0.05 	0.546 	54.227412 	-3.9528581 	8.6024757
-0.56456456 	-0.05 	0.546 	54.230092 	-3.947249 	8.6103697
-0.56336336 	-0.05 	0.546 	54.232773 	-3.9416399 	8.6182638
-0.56216216 	-0.05 	0.546 	54.235453 	-3.9360307 	8.6261578
-0.56096096 	-0.05 	0.546 	54.238134 	-3.9304216 	8.6340519
-0.55975976 	-0.05 	0.546 	54.240814 	-3.9248125 	8.641946
-0.55855856 	-0.05 	0.546 	54.243495 	-3.9192033 	8.64984
-0.55735736 	-0.05 	0.546 	54.246175 	-3.9135942 	8.6577341
-0.55615616 	-0.05 	0.546 	54.248856 	-3.9079851 	8.6656281
-0.55495495 	-0.05 	0.546 	54.251803 	-3.902419 	8.6735129
-0.55375375 	-0.05 	0.546 	54.255137 	-3.8969151 	8.6813844
-0.55255255 	-0.05 	0.546 	54.258471 	-3.8914113 	8.6892558
-0.55135135 	-0.05 	0.546 	54.259983 	-3.8850666 	8.6966673
-0.55015015 	-0.05 	0.546 	54.260973 	-3.8784811 	8.7039471
-0.54894895 	-0.05 	0.546 	54.262061 	-3.871971 	8.7112479
-0.54774775 	-0.05 	0.546 	54.26581 	-3.8675059 	8.7191217
-0.54654655 	-0.05 	0.546 	54.26956 	-3.8630407 	8.7269954
-0.54534535 	-0.05 	0.546 	54.27281 	-3.8584827 	8.7347908
-0.54414414 	-0.05 	0.546 	54.274855 	-3.8537007 	8.7423974
-0.54294294 	-0.05 	0.546 	54.2769 	-3.8489188 	8.750004
-0.54174174 	-0.05 	0.546 	54.278547 	-3.843698 	8.7576423
-0.54054054 	-0.05 	0.546 	54.28002 	-3.838286 	8.7652942
-0.53933934 	-0.05 	0.546 	54.281493 	-3.8328741 	8.7729462
-0.53813814 	-0.05 	0.546 	54.282966 	-3.8274621 	8.7805982
-0.53693694 	-0.05 	0.546 	54.284439 	-3.8220501 	8.7882502
-0.53573574 	-0.05 	0.546 	54.285911 	-3.8166382 	8.7959022
-0.53453453 	-0.05 	0.546 	54.287384 	-3.8112262 	8.8035542
-0.53333333 	-0.05 	0.546 	54.288857 	-3.8058143 	8.8112062
-0.53213213 	-0.05 	0.546 	54.29033 	-3.8004023 	8.8188582
-0.53093093 	-0.05 	0.546 	54.291803 	-3.7949903 	8.8265102
-0.52972973 	-0.05 	0.546 	54.293276 	-3.7895784 	8.8341621
-0.52852853 	-0.05 	0.546 	54.294749 	-3.7841664 	8.8418141
-0.52732733 	-0.05 	0.546 	54.296222 	-3.7787544 	8.8494661
-0.52612613 	-0.05 	0.546 	54.297694 	-3.7733425 	8.8571181
-0.52492492 	-0.05 	0.546 	54.299167 	-3.7679305 	8.8647701
-0.52372372 	-0.05 	0.546 	54.30064 	-3.7625185 	8.8724221
-0.52252252 	-0.05 	0.546 	54.302113 	-3.7571066 	8.8800741
-0.52132132 	-0.05 	0.546 	54.302998 	-3.751569 	8.8874823
-0.52012012 	-0.05 	0.546 	54.302961 	-3.745835 	8.894509
-0.51891892 	-0.05 	0.546 	54.302925 	-3.7401009 	8.9015357
-0.51771772 	-0.05 	0.546 	54.304474 	-3.7352115 	8.9089693
-0.51651652 	-0.05 	0.546 	54.306888 	-3.730783 	8.9166251
-0.51531532 	-0.05 	0.546 	54.309302 	-3.7263545 	8.9242809
-0.51411411 	-0.05 	0.546 	54.30978 	-3.7212776 	8.9317061
-0.51291291 	-0.05 	0.546 	54.310053 	-3.7161326 	8.939107
-0.51171171 	-0.05 	0.546 	54.310327 	-3.7109875 	8.946508
-0.51051051 	-0.05 	0.546 	54.310601 	-3.7058424 	8.9539089
-0.50930931 	-0.05 	0.546 	54.310874 	-3.7006974 	8.9613098
-0.50810811 	-0.05 	0.546 	54.311148 	-3.6955523 	8.9687108
-0.50690691 	-0.05 	0.546 	54.311422 	-3.6904072 	8.9761117
-0.50570571 	-0.05 	0.546 	54.311695 	-3.6852622 	8.9835126
-0.5045045 	-0.05 	0.546 	54.311969 	-3.6801171 	8.9909135
-0.5033033 	-0.05 	0.546 	54.312243 	-3.674972 	8.9983145
-0.5021021 	-0.05 	0.546 	54.312516 	-3.6698269 	9.0057154
-0.5009009 	-0.05 	0.546 	54.31279 	-3.6646819 	9.0131163
-0.4996997 	-0.05 	0.546 	54.313064 	-3.6595368 	9.0205173
-0.4984985 	-0.05 	0.546 	54.313337 	-3.6543917 	9.0279182
-0.4972973 	-0.05 	0.546 	54.313611 	-3.6492467 	9.0353191
-0.4960961 	-0.05 	0.546 	54.313885 	-3.6441016 	9.0427201
-0.49489489 	-0.05 	0.546 	54.314158 	-3.6389565 	9.050121
-0.49369369 	-0.05 	0.546 	54.314665 	-3.6339895 	9.0574981
-0.49249249 	-0.05 	0.546 	54.315346 	-3.6291566 	9.0648572
-0.49129129 	-0.05 	0.546 	54.316021 	-3.6243215 	9.0722145
-0.49009009 	-0.05 	0.546 	54.314778 	-3.6188595 	9.079075
-0.48888889 	-0.05 	0.546 	54.313536 	-3.6133975 	9.0859355
-0.48768769 	-0.05 	0.546 	54.312803 	-3.6081036 	9.0929185
-0.48648649 	-0.05 	0.546 	54.313509 	-3.6032849 	9.1002477
-0.48528529 	-0.05 	0.546 	54.314215 	-3.5984662 	9.1075769
-0.48408408 	-0.05 	0.546 	54.314198 	-3.5936418 	9.114791
-0.48288288 	-0.05 	0.546 	54.313509 	-3.5888121 	9.1218983
-0.48168168 	-0.05 	0.546 	54.312821 	-3.5839824 	9.1290057
-0.48048048 	-0.05 	0.546 	54.311872 	-3.5789809 	9.1361447
-0.47927928 	-0.05 	0.546 	54.310918 	-3.5739762 	9.1432843
-0.47807808 	-0.05 	0.546 	54.309964 	-3.5689715 	9.1504239
-0.47687688 	-0.05 	0.546 	54.30901 	-3.5639668 	9.1575634
-0.47567568 	-0.05 	0.546 	54.308056 	-3.5589621 	9.164703
-0.47447447 	-0.05 	0.546 	54.307102 	-3.5539574 	9.1718426
-0.47327327 	-0.05 	0.546 	54.306148 	-3.5489527 	9.1789822
-0.47207207 	-0.05 	0.546 	54.305194 	-3.543948 	9.1861218
-0.47087087 	-0.05 	0.546 	54.30424 	-3.5389433 	9.1932613
-0.46966967 	-0.05 	0.546 	54.303286 	-3.5339386 	9.2004009
-0.46846847 	-0.05 	0.546 	54.302332 	-3.5289339 	9.2075405
-0.46726727 	-0.05 	0.546 	54.301377 	-3.5239292 	9.2146801
-0.46606607 	-0.05 	0.546 	54.300423 	-3.5189245 	9.2218196
-0.46486486 	-0.05 	0.546 	54.299469 	-3.5139198 	9.2289592
-0.46366366 	-0.05 	0.546 	54.298515 	-3.5089151 	9.2360988
-0.46246246 	-0.05 	0.546 	54.297561 	-3.5039104 	9.2432384
-0.46126126 	-0.05 	0.546 	54.296607 	-3.4989057 	9.2503779
-0.46006006 	-0.05 	0.546 	54.294915 	-3.4938947 	9.2571683
-0.45885886 	-0.05 	0.546 	54.292769 	-3.48888 	9.2637438
-0.45765766 	-0.05 	0.546 	54.290622 	-3.4838653 	9.2703194
-0.45645646 	-0.05 	0.546 	54.289604 	-3.4792582 	9.2773613
-0.45525526 	-0.05 	0.546 	54.288744 	-3.4747082 	9.2844685
-0.45405405 	-0.05 	0.546 	54.287725 	-3.4701218 	9.2915437
-0.45285285 	-0.05 	0.546 	54.285695 	-3.4653021 	9.298415
-0.45165165 	-0.05 	0.546 	54.283664 	-3.4604825 	9.3052863
-0.45045045 	-0.05 	0.546 	54.281634 	-3.4556629 	9.3121575
-0.44924925 	-0.05 	0.546 	54.279603 	-3.4508433 	9.3190288
-0.44804805 	-0.05 	0.546 	54.277573 	-3.4460237 	9.3259001
-0.44684685 	-0.05 	0.546 	54.275542 	-3.4412041 	9.3327713
-0.44564565 	-0.05 	0.546 	54.273512 	-3.4363845 	9.3396426
-0.44444444 	-0.05 	0.546 	54.271481 	-3.4315649 	9.3465139
-0.44324324 	-0.05 	0.546 	54.269451 	-3.4267453 	9.3533851
-0.44204204 	-0.05 	0.546 	54.26742 	-3.4219257 	9.3602564
-0.44084084 	-0.05 	0.546 	54.26539 	-3.417106 	9.3671277
-0.43963964 	-0.05 	0.546 	54.263359 	-3.4122864 	9.3739989
-0.43843844 	-0.05 	0.546 	54.261329 	-3.4074668 	9.3808702
-0.43723724 	-0.05 	0.546 	54.259298 	-3.4026472 	9.3877415
-0.43603604 	-0.05 	0.546 	54.257268 	-3.3978276 	9.3946127
-0.43483483 	-0.05 	0.546 	54.255237 	-3.393008 	9.401484
-0.43363363 	-0.05 	0.546 	54.253207 	-3.3881884 	9.4083553
-0.43243243 	-0.05 	0.546 	54.25125 	-3.3835007 	9.4152147
-0.43123123 	-0.05 	0.546 	54.249343 	-3.3789041 	9.4220659
-0.43003003 	-0.05 	0.546 	54.247208 	-3.3742438 	9.4287813
-0.42882883 	-0.05 	0.546 	54.244337 	-3.3693786 	9.4350613
-0.42762763 	-0.05 	0.546 	54.241465 	-3.3645135 	9.4413412
-0.42642643 	-0.05 	0.546 	54.238869 	-3.359812 	9.447918
-0.42522523 	-0.05 	0.546 	54.236551 	-3.3552766 	9.4547961
-0.42402402 	-0.05 	0.546 	54.234234 	-3.3507412 	9.4616743
-0.42282282 	-0.05 	0.546 	54.231277 	-3.3462743 	9.4683374
-0.42162162 	-0.05 	0.546 	54.228113 	-3.3418298 	9.4749303
-0.42042042 	-0.05 	0.546 	54.224975 	-3.3372765 	9.4815236
-0.41921922 	-0.05 	0.546 	54.221873 	-3.332576 	9.4881173
-0.41801802 	-0.05 	0.546 	54.218771 	-3.3278755 	9.4947109
-0.41681682 	-0.05 	0.546 	54.215668 	-3.323175 	9.5013046
-0.41561562 	-0.05 	0.546 	54.212566 	-3.3184745 	9.5078983
-0.41441441 	-0.05 	0.546 	54.209464 	-3.313774 	9.514492
-0.41321321 	-0.05 	0.546 	54.206362 	-3.3090736 	9.5210857
-0.41201201 	-0.05 	0.546 	54.20326 	-3.3043731 	9.5276794
-0.41081081 	-0.05 	0.546 	54.200158 	-3.2996726 	9.5342731
-0.40960961 	-0.05 	0.546 	54.197056 	-3.2949721 	9.5408668
-0.40840841 	-0.05 	0.546 	54.193954 	-3.2902716 	9.5474605
-0.40720721 	-0.05 	0.546 	54.190852 	-3.2855711 	9.5540542
-0.40600601 	-0.05 	0.546 	54.18775 	-3.2808706 	9.5606479
-0.4048048 	-0.05 	0.546 	54.184648 	-3.2761701 	9.5672416
-0.4036036 	-0.05 	0.546 	54.181546 	-3.2714696 	9.5738353
-0.4024024 	-0.05 	0.546 	54.178444 	-3.2667691 	9.580429
-0.4012012 	-0.05 	0.546 	54.175342 	-3.2620687 	9.5870227
-0.4 	-0.05 	0.546 	54.17224 	-3.2573682 	9.5936164
-0.3987988 	-0.05 	0.546 	54.168606 	-3.2526622 	9.5995985
-0.3975976 	-0.05 	0.546 	54.16488 	-3.2479554 	9.6054752
-0.3963964 	-0.05 	0.546 	54.161132 	-3.2432933 	9.611449
-0.3951952 	-0.05 	0.546 	54.157208 	-3.2389924 	9.6182047
-0.39399399 	-0.05 	0.546 	54.153283 	-3.2346915 	9.6249603
-0.39279279 	-0.05 	0.546 	54.149302 	-3.2302232 	9.6315448
-0.39159159 	-0.05 	0.546 	54.145225 	-3.2254679 	9.6378356
-0.39039039 	-0.05 	0.546 	54.141148 	-3.2207126 	9.6441264
-0.38918919 	-0.05 	0.546 	54.137071 	-3.2159572 	9.6504173
-0.38798799 	-0.05 	0.546 	54.132993 	-3.2112019 	9.6567081
-0.38678679 	-0.05 	0.546 	54.128916 	-3.2064466 	9.6629989
-0.38558559 	-0.05 	0.546 	54.124839 	-3.2016913 	9.6692898
-0.38438438 	-0.05 	0.546 	54.120761 	-3.196936 	9.6755806
-0.38318318 	-0.05 	0.546 	54.116684 	-3.1921806 	9.6818714
-0.38198198 	-0.05 	0.546 	54.112607 	-3.1874253 	9.6881622
-0.38078078 	-0.05 	0.546 	54.10853 	-3.18267 	9.6944531
-0.37957958 	-0.05 	0.546 	54.104452 	-3.1779147 	9.7007439
-0.37837838 	-0.05 	0.546 	54.100375 	-3.1731594 	9.7070347
-0.37717718 	-0.05 	0.546 	54.096298 	-3.168404 	9.7133256
-0.37597598 	-0.05 	0.546 	54.09222 	-3.1636487 	9.7196164
-0.37477477 	-0.05 	0.546 	54.088143 	-3.1588934 	9.7259072
-0.37357357 	-0.05 	0.546 	54.084066 	-3.1541381 	9.732198
-0.37237237 	-0.05 	0.546 	54.079989 	-3.1493828 	9.7384889
-0.37117117 	-0.05 	0.546 	54.075827 	-3.1444734 	9.7447722
-0.36996997 	-0.05 	0.546 	54.071641 	-3.13952 	9.7510533
-0.36876877 	-0.05 	0.546 	54.067494 	-3.1343531 	9.7569693
-0.36756757 	-0.05 	0.546 	54.063391 	-3.128943 	9.7624692
-0.36636637 	-0.05 	0.546 	54.059288 	-3.123533 	9.7679691
-0.36516517 	-0.05 	0.546 	54.054423 	-3.118931 	9.7741805
-0.36396396 	-0.05 	0.546 	54.04927 	-3.1146353 	9.7806616
-0.36276276 	-0.05 	0.546 	54.044116 	-3.1103396 	9.7871427
-0.36156156 	-0.05 	0.546 	54.038912 	-3.1061922 	9.7931482
-0.36036036 	-0.05 	0.546 	54.033708 	-3.1020473 	9.7991456
-0.35915916 	-0.05 	0.546 	54.028636 	-3.0977096 	9.8051338
-0.35795796 	-0.05 	0.546 	54.023621 	-3.0932882 	9.811118
-0.35675676 	-0.05 	0.546 	54.018606 	-3.0888667 	9.8171023
-0.35555556 	-0.05 	0.546 	54.013591 	-3.0844453 	9.8230865
-0.35435435 	-0.05 	0.546 	54.008576 	-3.0800238 	9.8290707
-0.35315315 	-0.05 	0.546 	54.003562 	-3.0756024 	9.835055
-0.35195195 	-0.05 	0.546 	53.998547 	-3.0711809 	9.8410392
-0.35075075 	-0.05 	0.546 	53.993532 	-3.0667595 	9.8470235
-0.34954955 	-0.05 	0.546 	53.988517 	-3.062338 	9.8530077
-0.34834835 	-0.05 	0.546 	53.983502 	-3.0579166 	9.858992
-0.34714715 	-0.05 	0.546 	53.978487 	-3.0534952 	9.8649762
-0.34594595 	-0.05 	0.546 	53.973472 	-3.0490737 	9.8709604
-0.34474474 	-0.05 	0.546 	53.968458 	-3.0446523 	9.8769447
-0.34354354 	-0.05 	0.546 	53.963443 	-3.0402308 	9.8829289
-0.34234234 	-0.05 	0.546 	53.958428 	-3.0358094 	9.8889132
-0.34114114 	-0.05 	0.546 	53.953413 	-3.0313879 	9.8948974
-0.33993994 	-0.05 	0.546 	53.948398 	-3.0269665 	9.9008817
-0.33873874 	-0.05 	0.546 	53.943399 	-3.022566 	9.9068073
-0.33753754 	-0.05 	0.546 	53.938561 	-3.018391 	9.9121037
-0.33633634 	-0.05 	0.546 	53.933724 	-3.014216 	9.9174001
-0.33513514 	-0.05 	0.546 	53.928277 	-3.0104526 	9.9229884
-0.33393393 	-0.05 	0.546 	53.921662 	-3.0074765 	9.9291348
-0.33273273 	-0.05 	0.546 	53.915047 	-3.0045003 	9.9352813
-0.33153153 	-0.05 	0.546 	53.908738 	-3.0007096 	9.9411385
-0.33033033 	-0.05 	0.546 	53.902632 	-2.9963787 	9.9468039
-0.32912913 	-0.05 	0.546 	53.896526 	-2.9920478 	9.9524693
-0.32792793 	-0.05 	0.546 	53.89042 	-2.9877169 	9.9581347
-0.32672673 	-0.05 	0.546 	53.884314 	-2.983386 	9.9638002
-0.32552553 	-0.05 	0.546 	53.878207 	-2.9790551 	9.9694656
-0.32432432 	-0.05 	0.546 	53.872101 	-2.9747242 	9.975131
-0.32312312 	-0.05 	0.546 	53.865995 	-2.9703933 	9.9807964
-0.32192192 	-0.05 	0.546 	53.859889 	-2.9660624 	9.9864618
-0.32072072 	-0.05 	0.546 	53.853783 	-2.9617315 	9.9921272
-0.31951952 	-0.05 	0.546 	53.847677 	-2.9574006 	9.9977926
-0.31831832 	-0.05 	0.546 	53.841571 	-2.9530698 	10.003458
-0.31711712 	-0.05 	0.546 	53.835465 	-2.9487389 	10.009123
-0.31591592 	-0.05 	0.546 	53.829359 	-2.944408 	10.014789
-0.31471471 	-0.05 	0.546 	53.823253 	-2.9400771 	10.020454
-0.31351351 	-0.05 	0.546 	53.817146 	-2.9357462 	10.02612
-0.31231231 	-0.05 	0.546 	53.81104 	-2.9314153 	10.031785
-0.31111111 	-0.05 	0.546 	53.804934 	-2.9270844 	10.037451
-0.30990991 	-0.05 	0.546 	53.798629 	-2.9227653 	10.043139
-0.30870871 	-0.05 	0.546 	53.792278 	-2.918449 	10.048833
-0.30750751 	-0.05 	0.546 	53.786472 	-2.9131031 	10.053911
-0.30630631 	-0.05 	0.546 	53.780895 	-2.9073232 	10.058729
-0.30510511 	-0.05 	0.546 	53.775319 	-2.9015434 	10.063547
-0.3039039 	-0.05 	0.546 	53.767359 	-2.8975963 	10.069415
-0.3027027 	-0.05 	0.546 	53.759305 	-2.8937216 	10.075326
-0.3015015 	-0.05 	0.546 	53.751338 	-2.8898415 	10.081116
-0.3003003 	-0.05 	0.546 	53.743681 	-2.8859425 	10.086482
-0.2990991 	-0.05 	0.546 	53.736068 	-2.8820311 	10.091844
-0.2978979 	-0.05 	0.546 	53.728738 	-2.8780414 	10.097176
-0.2966967 	-0.05 	0.546 	53.721407 	-2.8740516 	10.102508
-0.2954955 	-0.05 	0.546 	53.714076 	-2.8700618 	10.107839
-0.29429429 	-0.05 	0.546 	53.706745 	-2.8660721 	10.113171
-0.29309309 	-0.05 	0.546 	53.699414 	-2.8620823 	10.118503
-0.29189189 	-0.05 	0.546 	53.692083 	-2.8580925 	10.123835
-0.29069069 	-0.05 	0.546 	53.684753 	-2.8541028 	10.129166
-0.28948949 	-0.05 	0.546 	53.677422 	-2.850113 	10.134498
-0.28828829 	-0.05 	0.546 	53.670091 	-2.8461232 	10.13983
-0.28708709 	-0.05 	0.546 	53.66276 	-2.8421335 	10.145162
-0.28588589 	-0.05 	0.546 	53.655429 	-2.8381437 	10.150493
-0.28468468 	-0.05 	0.546 	53.648098 	-2.834154 	10.155825
-0.28348348 	-0.05 	0.546 	53.640768 	-2.8301642 	10.161157
-0.28228228 	-0.05 	0.546 	53.633437 	-2.8261744 	10.166489
-0.28108108 	-0.05 	0.546 	53.626106 	-2.8221847 	10.17182
-0.27987988 	-0.05 	0.546 	53.618775 	-2.8181949 	10.177152
-0.27867868 	-0.05 	0.546 	53.611444 	-2.8142051 	10.182484
-0.27747748 	-0.05 	0.546 	53.604324 	-2.8102032 	10.18755
-0.27627628 	-0.05 	0.546 	53.597654 	-2.8061751 	10.19205
-0.27507508 	-0.05 	0.546 	53.590984 	-2.802147 	10.19655
-0.27387387 	-0.05 	0.546 	53.582508 	-2.7998144 	10.201706
-0.27267267 	-0.05 	0.546 	53.572701 	-2.7987293 	10.207344
-0.27147147 	-0.05 	0.546 	53.562895 	-2.7976441 	10.212982
-0.27027027 	-0.05 	0.546 	53.553963 	-2.7941217 	10.218074
-0.26906907 	-0.05 	0.546 	53.545205 	-2.7901149 	10.223057
-0.26786787 	-0.05 	0.546 	53.536447 	-2.7861082 	10.22804
-0.26666667 	-0.05 	0.546 	53.52769 	-2.7821015 	10.233023
-0.26546547 	-0.05 	0.546 	53.518932 	-2.7780948 	10.238006
-0.26426426 	-0.05 	0.546 	53.510174 	-2.774088 	10.24299
-0.26306306 	-0.05 	0.546 	53.501416 	-2.7700813 	10.247973
-0.26186186 	-0.05 	0.546 	53.492658 	-2.7660746 	10.252956
-0.26066066 	-0.05 	0.546 	53.4839 	-2.7620679 	10.257939
-0.25945946 	-0.05 	0.546 	53.475142 	-2.7580611 	10.262922
-0.25825826 	-0.05 	0.546 	53.466384 	-2.7540544 	10.267905
-0.25705706 	-0.05 	0.546 	53.457627 	-2.7500477 	10.272888
-0.25585586 	-0.05 	0.546 	53.448869 	-2.746041 	10.277871
-0.25465465 	-0.05 	0.546 	53.440111 	-2.7420342 	10.282854
-0.25345345 	-0.05 	0.546 	53.431353 	-2.7380275 	10.287838
-0.25225225 	-0.05 	0.546 	53.422595 	-2.7340208 	10.292821
-0.25105105 	-0.05 	0.546 	53.413837 	-2.7300141 	10.297804
-0.24984985 	-0.05 	0.546 	53.405079 	-2.7260073 	10.302787
-0.24864865 	-0.05 	0.546 	53.39571 	-2.7229121 	10.307822
-0.24744745 	-0.05 	0.546 	53.386335 	-2.7198261 	10.312858
-0.24624625 	-0.05 	0.546 	53.37819 	-2.7140781 	10.317108
-0.24504505 	-0.05 	0.546 	53.370129 	-2.7081469 	10.321304
-0.24384384 	-0.05 	0.546 	53.361437 	-2.7025445 	10.325686
-0.24264264 	-0.05 	0.546 	53.350119 	-2.6983129 	10.33084
-0.24144144 	-0.05 	0.546 	53.338801 	-2.6940814 	10.335995
-0.24024024 	-0.05 	0.546 	53.32785 	-2.6899055 	10.34092
-0.23903904 	-0.05 	0.546 	53.317345 	-2.6857972 	10.345566
-0.23783784 	-0.05 	0.546 	53.307044 	-2.681385 	10.350195
-0.23663664 	-0.05 	0.546 	53.297024 	-2.676556 	10.354801
-0.23543544 	-0.05 	0.546 	53.287004 	-2.6717269 	10.359406
-0.23423423 	-0.05 	0.546 	53.276984 	-2.6668978 	10.364012
-0.23303303 	-0.05 	0.546 	53.266964 	-2.6620687 	10.368617
-0.23183183 	-0.05 	0.546 	53.256944 	-2.6572397 	10.373223
-0.23063063 	-0.05 	0.546 	53.246924 	-2.6524106 	10.377828
-0.22942943 	-0.05 	0.546 	53.236904 	-2.6475815 	10.382434
-0.22822823 	-0.05 	0.546 	53.226884 	-2.6427525 	10.387039
-0.22702703 	-0.05 	0.546 	53.216864 	-2.6379234 	10.391645
-0.22582583 	-0.05 	0.546 	53.206844 	-2.6330943 	10.39625
-0.22462462 	-0.05 	0.546 	53.196823 	-2.6282653 	10.400856
-0.22342342 	-0.05 	0.546 	53.186803 	-2.6234362 	10.405461
-0.22222222 	-0.05 	0.546 	53.176783 	-2.6186071 	10.410067
-0.22102102 	-0.05 	0.546 	53.166763 	-2.613778 	10.414672
-0.21981982 	-0.05 	0.546 	53.156743 	-2.608949 	10.419278
-0.21861862 	-0.05 	0.546 	53.146723 	-2.6041199 	10.423883
-0.21741742 	-0.05 	0.546 	53.136703 	-2.5992908 	10.428489
-0.21621622 	-0.05 	0.546 	53.127295 	-2.5945271 	10.432664
-0.21501502 	-0.05 	0.546 	53.118383 	-2.5898165 	10.436489
-0.21381381 	-0.05 	0.546 	53.109472 	-2.5851059 	10.440314
-0.21261261 	-0.05 	0.546 	53.097913 	-2.5808475 	10.444948
-0.21141141 	-0.05 	0.546 	53.085733 	-2.5766952 	10.449771
-0.21021021 	-0.05 	0.546 	53.073604 	-2.5725249 	10.454553
-0.20900901 	-0.05 	0.546 	53.06218 	-2.568107 	10.458768
-0.20780781 	-0.05 	0.546 	53.050756 	-2.5636891 	10.462983
-0.20660661 	-0.05 	0.546 	53.039332 	-2.5592712 	10.467198
-0.20540541 	-0.05 	0.546 	53.027908 	-2.5548533 	10.471413
-0.2042042 	-0.05 	0.546 	53.016484 	-2.5504354 	10.475627
-0.203003 	-0.05 	0.546 	53.00506 	-2.5460175 	10.479842
-0.2018018 	-0.05 	0.546 	52.993636 	-2.5415996 	10.484057
-0.2006006 	-0.05 	0.546 	52.982212 	-2.5371817 	10.488272
-0.1993994 	-0.05 	0.546 	52.970788 	-2.5327638 	10.492487
-0.1981982 	-0.05 	0.546 	52.959364 	-2.5283459 	10.496702
-0.196997 	-0.05 	0.546 	52.947939 	-2.523928 	10.500917
-0.1957958 	-0.05 	0.546 	52.936515 	-2.5195101 	10.505132
-0.19459459 	-0.05 	0.546 	52.925091 	-2.5150922 	10.509346
-0.19339339 	-0.05 	0.546 	52.913667 	-2.5106743 	10.513561
-0.19219219 	-0.05 	0.546 	52.902243 	-2.5062564 	10.517776
-0.19099099 	-0.05 	0.546 	52.890819 	-2.5018385 	10.521991
-0.18978979 	-0.05 	0.546 	52.879395 	-2.4974206 	10.526206
-0.18858859 	-0.05 	0.546 	52.867966 	-2.4930173 	10.530422
-0.18738739 	-0.05 	0.546 	52.856308 	-2.4893313 	10.53469
-0.18618619 	-0.05 	0.546 	52.84483 	-2.4855952 	10.538812
-0.18498498 	-0.05 	0.546 	52.834241 	-2.4816105 	10.54221
-0.18378378 	-0.05 	0.546 	52.823652 	-2.4776258 	10.545608
-0.18258258 	-0.05 	0.546 	52.811608 	-2.4740217 	10.549443
-0.18138138 	-0.05 	0.546 	52.797607 	-2.4709297 	10.553865
-0.18018018 	-0.05 	0.546 	52.783607 	-2.4678378 	10.558288
-0.17897898 	-0.05 	0.546 	52.770025 	-2.464626 	10.562312
-0.17777778 	-0.05 	0.546 	52.756636 	-2.461359 	10.566153
-0.17657658 	-0.05 	0.546 	52.743436 	-2.4577571 	10.569937
-0.17537538 	-0.05 	0.546 	52.730267 	-2.4540987 	10.573712
-0.17417417 	-0.05 	0.546 	52.717099 	-2.4504403 	10.577487
-0.17297297 	-0.05 	0.546 	52.703931 	-2.446782 	10.581262
-0.17177177 	-0.05 	0.546 	52.690762 	-2.4431236 	10.585037
-0.17057057 	-0.05 	0.546 	52.677594 	-2.4394653 	10.588812
-0.16936937 	-0.05 	0.546 	52.664425 	-2.4358069 	10.592587
-0.16816817 	-0.05 	0.546 	52.651257 	-2.4321485 	10.596362
-0.16696697 	-0.05 	0.546 	52.638088 	-2.4284902 	10.600137
-0.16576577 	-0.05 	0.546 	52.62492 	-2.4248318 	10.603912
-0.16456456 	-0.05 	0.546 	52.611751 	-2.4211735 	10.607687
-0.16336336 	-0.05 	0.546 	52.598583 	-2.4175151 	10.611462
-0.16216216 	-0.05 	0.546 	52.585414 	-2.4138567 	10.615237
-0.16096096 	-0.05 	0.546 	52.572246 	-2.4101984 	10.619012
-0.15975976 	-0.05 	0.546 	52.559077 	-2.40654 	10.622787
-0.15855856 	-0.05 	0.546 	52.545909 	-2.4028817 	10.626562
-0.15735736 	-0.05 	0.546 	52.53274 	-2.3992233 	10.630337
-0.15615616 	-0.05 	0.546 	52.519572 	-2.3955649 	10.634111
-0.15495495 	-0.05 	0.546 	52.507188 	-2.3916344 	10.637172
-0.15375375 	-0.05 	0.546 	52.49502 	-2.3876289 	10.640034
-0.15255255 	-0.05 	0.546 	52.482702 	-2.3837106 	10.642947
-0.15135135 	-0.05 	0.546 	52.466926 	-2.3818067 	10.647016
-0.15015015 	-0.05 	0.546 	52.451151 	-2.3799029 	10.651084
-0.14894895 	-0.05 	0.546 	52.435577 	-2.3777889 	10.654917
-0.14774775 	-0.05 	0.546 	52.420477 	-2.3751829 	10.658202
-0.14654655 	-0.05 	0.546 	52.405377 	-2.3725769 	10.661487
-0.14534535 	-0.05 	0.546 	52.390276 	-2.3699709 	10.664772
-0.14414414 	-0.05 	0.546 	52.375176 	-2.3673649 	10.668057
-0.14294294 	-0.05 	0.546 	52.360076 	-2.3647589 	10.671342
-0.14174174 	-0.05 	0.546 	52.344976 	-2.3621529 	10.674627
-0.14054054 	-0.05 	0.546 	52.329875 	-2.3595469 	10.677912
-0.13933934 	-0.05 	0.546 	52.314775 	-2.3569409 	10.681198
-0.13813814 	-0.05 	0.546 	52.299675 	-2.3543349 	10.684483
-0.13693694 	-0.05 	0.546 	52.284575 	-2.3517289 	10.687768
-0.13573574 	-0.05 	0.546 	52.269474 	-2.3491229 	10.691053
-0.13453453 	-0.05 	0.546 	52.254374 	-2.3465168 	10.694338
-0.13333333 	-0.05 	0.546 	52.239274 	-2.3439108 	10.697623
-0.13213213 	-0.05 	0.546 	52.224174 	-2.3413048 	10.700908
-0.13093093 	-0.05 	0.546 	52.209073 	-2.3386988 	10.704193
-0.12972973 	-0.05 	0.546 	52.193973 	-2.3360928 	10.707478
-0.12852853 	-0.05 	0.546 	52.178873 	-2.3334868 	10.710763
-0.12732733 	-0.05 	0.546 	52.163759 	-2.3309561 	10.714062
-0.12612613 	-0.05 	0.546 	52.148588 	-2.3287562 	10.717424
-0.12492492 	-0.05 	0.546 	52.133826 	-2.326279 	10.720417
-0.12372372 	-0.05 	0.546 	52.119686 	-2.3233819 	10.722853
-0.12252252 	-0.05 	0.546 	52.105545 	-2.3204848 	10.725289
-0.12132132 	-0.05 	0.546 	52.089054 	-2.3190877 	10.728407
-0.12012012 	-0.05 	0.546 	52.071327 	-2.3184791 	10.731883
-0.11891892 	-0.05 	0.546 	52.0536 	-2.3178705 	10.735359
-0.11771772 	-0.05 	0.546 	52.036321 	-2.3172311 	10.738234
-0.11651652 	-0.05 	0.546 	52.019055 	-2.3165355 	10.741037
-0.11531532 	-0.05 	0.546 	52.001635 	-2.315549 	10.743758
-0.11411411 	-0.05 	0.546 	51.984214 	-2.3145625 	10.746478
-0.11291291 	-0.05 	0.546 	51.966793 	-2.313576 	10.749199
-0.11171171 	-0.05 	0.546 	51.949373 	-2.3125894 	10.75192
-0.11051051 	-0.05 	0.546 	51.931952 	-2.3116029 	10.754641
-0.10930931 	-0.05 	0.546 	51.914532 	-2.3106164 	10.757362
-0.10810811 	-0.05 	0.546 	51.897111 	-2.3096299 	10.760082
-0.10690691 	-0.05 	0.546 	51.87969 	-2.3086434 	10.762803
-0.10570571 	-0.05 	0.546 	51.86227 	-2.3076569 	10.765524
-0.1045045 	-0.05 	0.546 	51.844849 	-2.3066704 	10.768245
-0.1033033 	-0.05 	0.546 	51.827428 	-2.3056839 	10.770966
-0.1021021 	-0.05 	0.546 	51.810008 	-2.3046974 	10.773686
-0.1009009 	-0.05 	0.546 	51.792587 	-2.3037109 	10.776407
-0.0996997 	-0.05 	0.546 	51.775166 	-2.3027244 	10.779128
-0.098498498 	-0.05 	0.546 	51.757746 	-2.3017379 	10.781849
-0.097297297 	-0.05 	0.546 	51.740325 	-2.3007513 	10.78457
-0.096096096 	-0.05 	0.546 	51.722904 	-2.2997648 	10.78729
-0.094894895 	-0.05 	0.546 	51.705493 	-2.2987765 	10.790003
-0.093693694 	-0.05 	0.546 	51.688997 	-2.2976005 	10.791877
-0.092492492 	-0.05 	0.546 	51.672502 	-2.2964244 	10.793751
-0.091291291 	-0.05 	0.546 	51.65504 	-2.2958367 	10.795903
-0.09009009 	-0.05 	0.546 	51.634924 	-2.2968648 	10.798816
-0.088888889 	-0.05 	0.546 	51.614809 	-2.2978929 	10.801729
-0.087687688 	-0.05 	0.546 	51.594611 	-2.2995151 	10.8042
-0.086486486 	-0.05 	0.546 	51.574339 	-2.3016767 	10.806268
-0.085285285 	-0.05 	0.546 	51.554067 	-2.3038382 	10.808337
-0.084084084 	-0.05 	0.546 	51.533795 	-2.3059997 	10.810405
-0.082882883 	-0.05 	0.546 	51.513523 	-2.3081613 	10.812473
-0.081681682 	-0.05 	0.546 	51.493251 	-2.3103228 	10.814542
-0.08048048 	-0.05 	0.546 	51.472979 	-2.3124844 	10.81661
-0.079279279 	-0.05 	0.546 	51.452707 	-2.3146459 	10.818678
-0.078078078 	-0.05 	0.546 	51.432435 	-2.3168074 	10.820747
-0.076876877 	-0.05 	0.546 	51.412163 	-2.318969 	10.822815
-0.075675676 	-0.05 	0.546 	51.391891 	-2.3211305 	10.824883
-0.074474474 	-0.05 	0.546 	51.371618 	-2.3232921 	10.826952
-0.073273273 	-0.05 	0.546 	51.351346 	-2.3254536 	10.82902
-0.072072072 	-0.05 	0.546 	51.331074 	-2.3276151 	10.831088
-0.070870871 	-0.05 	0.546 	51.310802 	-2.3297767 	10.833157
-0.06966967 	-0.05 	0.546 	51.29053 	-2.3319382 	10.835225
-0.068468468 	-0.05 	0.546 	51.270258 	-2.3340998 	10.837293
-0.067267267 	-0.05 	0.546 	51.249986 	-2.3362613 	10.839362
-0.066066066 	-0.05 	0.546 	51.229867 	-2.3384132 	10.841449
-0.064864865 	-0.05 	0.546 	51.210748 	-2.3405023 	10.843659
-0.063663664 	-0.05 	0.546 	51.191819 	-2.3431444 	10.845263
-0.062462462 	-0.05 	0.546 	51.173004 	-2.3461232 	10.846499
-0.061261261 	-0.05 	0.546 	51.154189 	-2.349102 	10.847734
-0.06006006 	-0.05 	0.546 	51.132978 	-2.3526561 	10.849913
-0.058858859 	-0.05 	0.546 	51.111437 	-2.3562895 	10.852222
-0.057657658 	-0.05 	0.546 	51.089994 	-2.360441 	10.854435
-0.056456456 	-0.05 	0.546 	51.069257 	-2.3683412 	10.855961
-0.055255255 	-0.05 	0.546 	51.047946 	-2.3750397 	10.857421
-0.054054054 	-0.05 	0.546 	51.026154 	-2.380733 	10.858824
-0.052852853 	-0.05 	0.546 	51.004361 	-2.3864264 	10.860228
-0.051651652 	-0.05 	0.546 	50.982569 	-2.3921198 	10.861632
-0.05045045 	-0.05 	0.546 	50.960777 	-2.3978131 	10.863035
-0.049249249 	-0.05 	0.546 	50.938984 	-2.4035065 	10.864439
-0.048048048 	-0.05 	0.546 	50.917192 	-2.4091999 	10.865843
-0.046846847 	-0.05 	0.546 	50.8954 	-2.4148932 	10.867246
-0.045645646 	-0.05 	0.546 	50.873607 	-2.4205866 	10.86865
-0.044444444 	-0.05 	0.546 	50.851815 	-2.42628 	10.870054
-0.043243243 	-0.05 	0.546 	50.830022 	-2.4319733 	10.871458
-0.042042042 	-0.05 	0.546 	50.80823 	-2.4376667 	10.872861
-0.040840841 	-0.05 	0.546 	50.786438 	-2.44336 	10.874265
-0.03963964 	-0.05 	0.546 	50.764645 	-2.4490534 	10.875669
-0.038438438 	-0.05 	0.546 	50.742853 	-2.4547468 	10.877072
-0.037237237 	-0.05 	0.546 	50.721061 	-2.4604401 	10.878476
-0.036036036 	-0.05 	0.546 	50.699268 	-2.4661335 	10.87988
-0.034834835 	-0.05 	0.546 	50.677476 	-2.4718269 	10.881284
-0.033633634 	-0.05 	0.546 	50.655927 	-2.4781791 	10.882541
-0.032432432 	-0.05 	0.546 	50.635582 	-2.4877852 	10.883077
-0.031231231 	-0.05 	0.546 	50.615237 	-2.4973912 	10.883613
-0.03003003 	-0.05 	0.546 	50.593721 	-2.509418 	10.884601
-0.028828829 	-0.05 	0.546 	50.570531 	-2.5249061 	10.886235
-0.027627628 	-0.05 	0.546 	50.547342 	-2.5403942 	10.88787
-0.026426426 	-0.05 	0.546 	50.525884 	-2.5564309 	10.889034
-0.025225225 	-0.05 	0.546 	50.505328 	-2.5727531 	10.889955
-0.024024024 	-0.05 	0.546 	50.484772 	-2.5890753 	10.890875
-0.022822823 	-0.05 	0.546 	50.464216 	-2.6053975 	10.891795
-0.021621622 	-0.05 	0.546 	50.44366 	-2.6217197 	10.892716
-0.02042042 	-0.05 	0.546 	50.420209 	-2.6359637 	10.893824
-0.019219219 	-0.05 	0.546 	50.396716 	-2.6501784 	10.894936
-0.018018018 	-0.05 	0.546 	50.373224 	-2.664393 	10.896047
-0.016816817 	-0.05 	0.546 	50.349731 	-2.6786076 	10.897158
-0.015615616 	-0.05 	0.546 	50.326239 	-2.6928223 	10.898269
-0.014414414 	-0.05 	0.546 	50.302746 	-2.7070369 	10.899381
-0.013213213 	-0.05 	0.546 	50.279253 	-2.7212515 	10.900492
-0.012012012 	-0.05 	0.546 	50.255761 	-2.7354662 	10.901603
-0.010810811 	-0.05 	0.546 	50.232268 	-2.7496808 	10.902714
-0.0096096096 	-0.05 	0.546 	50.209471 	-2.7688767 	10.903316
-0.0084084084 	-0.05 	0.546 	50.18705 	-2.7907683 	10.903643
-0.0072072072 	-0.05 	0.546 	50.164629 	-2.8126599 	10.903969
-0.006006006 	-0.05 	0.546 	50.142208 	-2.8345516 	10.904296
-0.0048048048 	-0.05 	0.546 	50.119787 	-2.8564432 	10.904622
-0.0036036036 	-0.05 	0.546 	50.097366 	-2.8783348 	10.904948
-0.0024024024 	-0.05 	0.546 	50.076468 	-2.8971126 	10.905143
-0.0012012012 	-0.05 	0.546 	50.056162 	-2.9146778 	10.905286
-7.9667131e-15 	-0.05 	0.546 	50.035857 	-2.9322429 	10.90543
