0 	0.25 	0.546 	53.439797 	-7.2712895 	-6.7181217
-0.0012012012 	0.25 	0.546 	53.446181 	-7.2811293 	-6.720931
-0.0024024024 	0.25 	0.546 	53.452564 	-7.2909692 	-6.7237402
-0.0036036036 	0.25 	0.546 	53.458948 	-7.3008091 	-6.7265495
-0.0048048048 	0.25 	0.546 	53.465332 	-7.3106489 	-6.7293587
-0.006006006 	0.25 	0.546 	53.472142 	-7.3203882 	-6.7319871
-0.0072072072 	0.25 	0.546 	53.479863 	-7.3299126 	-6.7342289
-0.0084084084 	0.25 	0.546 	53.487584 	-7.3394369 	-6.7364706
-0.0096096096 	0.25 	0.546 	53.495306 	-7.3489612 	-6.7387124
-0.010810811 	0.25 	0.546 	53.503027 	-7.3584855 	-6.7409541
-0.012012012 	0.25 	0.546 	53.510748 	-7.3680098 	-6.7431958
-0.013213213 	0.25 	0.546 	53.51847 	-7.3775341 	-6.7454376
-0.014414414 	0.25 	0.546 	53.526191 	-7.3870585 	-6.7476793
-0.015615616 	0.25 	0.546 	53.533912 	-7.3965828 	-6.7499211
-0.016816817 	0.25 	0.546 	53.541634 	-7.4061071 	-6.7521628
-0.018018018 	0.25 	0.546 	53.549355 	-7.4156314 	-6.7544046
-0.019219219 	0.25 	0.546 	53.557076 	-7.4251557 	-6.7566463
-0.02042042 	0.25 	0.546 	53.564798 	-7.4346801 	-6.7588881
-0.021621622 	0.25 	0.546 	53.573824 	-7.4451891 	-6.7618398
-0.022822823 	0.25 	0.546 	53.583407 	-7.4561182 	-6.7650946
-0.024024024 	0.25 	0.546 	53.59299 	-7.4670474 	-6.7683493
-0.025225225 	0.25 	0.546 	53.602573 	-7.4779766 	-6.771604
-0.026426426 	0.25 	0.546 	53.612156 	-7.4889057 	-6.7748587
-0.027627628 	0.25 	0.546 	53.621739 	-7.4998349 	-6.7781135
-0.028828829 	0.25 	0.546 	53.631322 	-7.510764 	-6.7813682
-0.03003003 	0.25 	0.546 	53.640906 	-7.5216932 	-6.7846229
-0.031231231 	0.25 	0.546 	53.650489 	-7.5326224 	-6.7878777
-0.032432432 	0.25 	0.546 	53.660072 	-7.5435515 	-6.7911324
-0.033633634 	0.25 	0.546 	53.669655 	-7.5544807 	-6.7943871
-0.034834835 	0.25 	0.546 	53.679238 	-7.5654098 	-6.7976418
-0.036036036 	0.25 	0.546 	53.688821 	-7.576339 	-6.8008966
-0.037237237 	0.25 	0.546 	53.698404 	-7.5872682 	-6.8041513
-0.038438438 	0.25 	0.546 	53.707987 	-7.5981973 	-6.807406
-0.03963964 	0.25 	0.546 	53.71757 	-7.6091265 	-6.8106607
-0.040840841 	0.25 	0.546 	53.727153 	-7.6200556 	-6.8139155
-0.042042042 	0.25 	0.546 	53.736736 	-7.6309848 	-6.8171702
-0.043243243 	0.25 	0.546 	53.746319 	-7.641914 	-6.8204249
-0.044444444 	0.25 	0.546 	53.755903 	-7.6528431 	-6.8236796
-0.045645646 	0.25 	0.546 	53.765486 	-7.6637723 	-6.8269344
-0.046846847 	0.25 	0.546 	53.775069 	-7.6747014 	-6.8301891
-0.048048048 	0.25 	0.546 	53.784652 	-7.6856306 	-6.8334438
-0.049249249 	0.25 	0.546 	53.794235 	-7.6965597 	-6.8366985
-0.05045045 	0.25 	0.546 	53.803818 	-7.7074889 	-6.8399533
-0.051651652 	0.25 	0.546 	53.813401 	-7.7184181 	-6.843208
-0.052852853 	0.25 	0.546 	53.822984 	-7.7293472 	-6.8464627
-0.054054054 	0.25 	0.546 	53.833131 	-7.7401792 	-6.8494267
-0.055255255 	0.25 	0.546 	53.843949 	-7.7508955 	-6.8520447
-0.056456456 	0.25 	0.546 	53.854766 	-7.7616119 	-6.8546628
-0.057657658 	0.25 	0.546 	53.865583 	-7.7723282 	-6.8572809
-0.058858859 	0.25 	0.546 	53.876401 	-7.7830445 	-6.8598989
-0.06006006 	0.25 	0.546 	53.887218 	-7.7937609 	-6.862517
-0.061261261 	0.25 	0.546 	53.898562 	-7.806607 	-6.8655445
-0.062462462 	0.25 	0.546 	53.909925 	-7.8195328 	-6.8685872
-0.063663664 	0.25 	0.546 	53.921289 	-7.8324585 	-6.87163
-0.064864865 	0.25 	0.546 	53.932652 	-7.8453842 	-6.8746727
-0.066066066 	0.25 	0.546 	53.944015 	-7.85831 	-6.8777155
-0.067267267 	0.25 	0.546 	53.956061 	-7.8703022 	-6.8807125
-0.068468468 	0.25 	0.546 	53.968844 	-7.8812875 	-6.8836603
-0.06966967 	0.25 	0.546 	53.981626 	-7.8922729 	-6.886608
-0.070870871 	0.25 	0.546 	53.994408 	-7.9032583 	-6.8895557
-0.072072072 	0.25 	0.546 	54.00719 	-7.9142437 	-6.8925034
-0.073273273 	0.25 	0.546 	54.019972 	-7.925229 	-6.8954511
-0.074474474 	0.25 	0.546 	54.032755 	-7.9362144 	-6.8983989
-0.075675676 	0.25 	0.546 	54.045537 	-7.9471998 	-6.9013466
-0.076876877 	0.25 	0.546 	54.058319 	-7.9581852 	-6.9042943
-0.078078078 	0.25 	0.546 	54.071101 	-7.9691706 	-6.907242
-0.079279279 	0.25 	0.546 	54.083883 	-7.9801559 	-6.9101897
-0.08048048 	0.25 	0.546 	54.096666 	-7.9911413 	-6.9131375
-0.081681682 	0.25 	0.546 	54.109448 	-8.0021267 	-6.9160852
-0.082882883 	0.25 	0.546 	54.12223 	-8.0131121 	-6.9190329
-0.084084084 	0.25 	0.546 	54.135012 	-8.0240975 	-6.9219806
-0.085285285 	0.25 	0.546 	54.147794 	-8.0350828 	-6.9249283
-0.086486486 	0.25 	0.546 	54.160577 	-8.0460682 	-6.9278761
-0.087687688 	0.25 	0.546 	54.173359 	-8.0570536 	-6.9308238
-0.088888889 	0.25 	0.546 	54.186141 	-8.068039 	-6.9337715
-0.09009009 	0.25 	0.546 	54.198923 	-8.0790244 	-6.9367192
-0.091291291 	0.25 	0.546 	54.211705 	-8.0900097 	-6.939667
-0.092492492 	0.25 	0.546 	54.224488 	-8.1009951 	-6.9426147
-0.093693694 	0.25 	0.546 	54.23727 	-8.1119805 	-6.9455624
-0.094894895 	0.25 	0.546 	54.250052 	-8.1229659 	-6.9485101
-0.096096096 	0.25 	0.546 	54.262834 	-8.1339512 	-6.9514578
-0.097297297 	0.25 	0.546 	54.275616 	-8.1449366 	-6.9544056
-0.098498498 	0.25 	0.546 	54.288398 	-8.155922 	-6.9573533
-0.0996997 	0.25 	0.546 	54.301181 	-8.1669074 	-6.960301
-0.1009009 	0.25 	0.546 	54.313467 	-8.176694 	-6.9628916
-0.1021021 	0.25 	0.546 	54.325726 	-8.1864109 	-6.9654614
-0.1033033 	0.25 	0.546 	54.337984 	-8.1961278 	-6.9680312
-0.1045045 	0.25 	0.546 	54.350242 	-8.2058447 	-6.970601
-0.10570571 	0.25 	0.546 	54.3625 	-8.2155616 	-6.9731708
-0.10690691 	0.25 	0.546 	54.374758 	-8.2252785 	-6.9757407
-0.10810811 	0.25 	0.546 	54.387016 	-8.2349954 	-6.9783105
-0.10930931 	0.25 	0.546 	54.399274 	-8.2447123 	-6.9808803
-0.11051051 	0.25 	0.546 	54.411532 	-8.2544292 	-6.9834501
-0.11171171 	0.25 	0.546 	54.42379 	-8.2641461 	-6.9860199
-0.11291291 	0.25 	0.546 	54.436048 	-8.273863 	-6.9885897
-0.11411411 	0.25 	0.546 	54.448306 	-8.2835799 	-6.9911596
-0.11531532 	0.25 	0.546 	54.46173 	-8.2924352 	-6.9935886
-0.11651652 	0.25 	0.546 	54.475675 	-8.3009049 	-6.9959546
-0.11771772 	0.25 	0.546 	54.489621 	-8.3093745 	-6.9983206
-0.11891892 	0.25 	0.546 	54.503567 	-8.3178442 	-7.0006866
-0.12012012 	0.25 	0.546 	54.517513 	-8.3263139 	-7.0030526
-0.12132132 	0.25 	0.546 	54.53134 	-8.3349927 	-7.0055293
-0.12252252 	0.25 	0.546 	54.544716 	-8.3444684 	-7.0084277
-0.12372372 	0.25 	0.546 	54.558092 	-8.3539441 	-7.0113261
-0.12492492 	0.25 	0.546 	54.571468 	-8.3634199 	-7.0142246
-0.12612613 	0.25 	0.546 	54.584844 	-8.3728956 	-7.017123
-0.12732733 	0.25 	0.546 	54.59822 	-8.3823713 	-7.0200215
-0.12852853 	0.25 	0.546 	54.612847 	-8.3919017 	-7.0223845
-0.12972973 	0.25 	0.546 	54.627941 	-8.4014525 	-7.0245482
-0.13093093 	0.25 	0.546 	54.643034 	-8.4110033 	-7.0267118
-0.13213213 	0.25 	0.546 	54.658128 	-8.4205541 	-7.0288755
-0.13333333 	0.25 	0.546 	54.673222 	-8.4301048 	-7.0310391
-0.13453453 	0.25 	0.546 	54.688315 	-8.4396556 	-7.0332028
-0.13573574 	0.25 	0.546 	54.703409 	-8.4492064 	-7.0353665
-0.13693694 	0.25 	0.546 	54.718503 	-8.4587572 	-7.0375301
-0.13813814 	0.25 	0.546 	54.733596 	-8.4683079 	-7.0396938
-0.13933934 	0.25 	0.546 	54.74869 	-8.4778587 	-7.0418574
-0.14054054 	0.25 	0.546 	54.763784 	-8.4874095 	-7.0440211
-0.14174174 	0.25 	0.546 	54.778877 	-8.4969603 	-7.0461848
-0.14294294 	0.25 	0.546 	54.7944 	-8.5066562 	-7.0485477
-0.14414414 	0.25 	0.546 	54.810171 	-8.5164359 	-7.0510255
-0.14534535 	0.25 	0.546 	54.825941 	-8.5262156 	-7.0535034
-0.14654655 	0.25 	0.546 	54.841712 	-8.5359953 	-7.0559812
-0.14774775 	0.25 	0.546 	54.857482 	-8.545775 	-7.0584591
-0.14894895 	0.25 	0.546 	54.873253 	-8.5555547 	-7.0609369
-0.15015015 	0.25 	0.546 	54.889024 	-8.5653344 	-7.0634147
-0.15135135 	0.25 	0.546 	54.904794 	-8.5751141 	-7.0658926
-0.15255255 	0.25 	0.546 	54.920565 	-8.5848938 	-7.0683704
-0.15375375 	0.25 	0.546 	54.936335 	-8.5946734 	-7.0708483
-0.15495495 	0.25 	0.546 	54.952106 	-8.6044531 	-7.0733261
-0.15615616 	0.25 	0.546 	54.967876 	-8.6142328 	-7.0758039
-0.15735736 	0.25 	0.546 	54.983647 	-8.6240125 	-7.0782818
-0.15855856 	0.25 	0.546 	54.999418 	-8.6337922 	-7.0807596
-0.15975976 	0.25 	0.546 	55.015188 	-8.6435719 	-7.0832375
-0.16096096 	0.25 	0.546 	55.030959 	-8.6533516 	-7.0857153
-0.16216216 	0.25 	0.546 	55.046729 	-8.6631313 	-7.0881932
-0.16336336 	0.25 	0.546 	55.0625 	-8.672911 	-7.090671
-0.16456456 	0.25 	0.546 	55.07827 	-8.6826907 	-7.0931488
-0.16576577 	0.25 	0.546 	55.094041 	-8.6924704 	-7.0956267
-0.16696697 	0.25 	0.546 	55.109811 	-8.7022501 	-7.0981045
-0.16816817 	0.25 	0.546 	55.125582 	-8.7120298 	-7.1005824
-0.16936937 	0.25 	0.546 	55.141353 	-8.7218095 	-7.1030602
-0.17057057 	0.25 	0.546 	55.157123 	-8.7315891 	-7.1055381
-0.17177177 	0.25 	0.546 	55.172894 	-8.7413688 	-7.1080159
-0.17297297 	0.25 	0.546 	55.188664 	-8.7511485 	-7.1104937
-0.17417417 	0.25 	0.546 	55.204435 	-8.7609282 	-7.1129716
-0.17537538 	0.25 	0.546 	55.220205 	-8.7707079 	-7.1154494
-0.17657658 	0.25 	0.546 	55.237688 	-8.7807269 	-7.1170666
-0.17777778 	0.25 	0.546 	55.25524 	-8.7907556 	-7.1186491
-0.17897898 	0.25 	0.546 	55.272791 	-8.8007842 	-7.1202317
-0.18018018 	0.25 	0.546 	55.290342 	-8.8108128 	-7.1218143
-0.18138138 	0.25 	0.546 	55.307894 	-8.8208415 	-7.1233968
-0.18258258 	0.25 	0.546 	55.325214 	-8.8310781 	-7.1252753
-0.18378378 	0.25 	0.546 	55.342286 	-8.8415391 	-7.127473
-0.18498498 	0.25 	0.546 	55.359358 	-8.8520001 	-7.1296707
-0.18618619 	0.25 	0.546 	55.376429 	-8.862461 	-7.1318684
-0.18738739 	0.25 	0.546 	55.393501 	-8.872922 	-7.1340661
-0.18858859 	0.25 	0.546 	55.410572 	-8.883383 	-7.1362638
-0.18978979 	0.25 	0.546 	55.42859 	-8.8924024 	-7.1379822
-0.19099099 	0.25 	0.546 	55.44661 	-8.9014206 	-7.1397001
-0.19219219 	0.25 	0.546 	55.464629 	-8.9104388 	-7.141418
-0.19339339 	0.25 	0.546 	55.482648 	-8.919457 	-7.1431359
-0.19459459 	0.25 	0.546 	55.500667 	-8.9284752 	-7.1448538
-0.1957958 	0.25 	0.546 	55.518686 	-8.9374934 	-7.1465717
-0.196997 	0.25 	0.546 	55.536705 	-8.9465116 	-7.1482896
-0.1981982 	0.25 	0.546 	55.554724 	-8.9555298 	-7.1500075
-0.1993994 	0.25 	0.546 	55.572743 	-8.964548 	-7.1517255
-0.2006006 	0.25 	0.546 	55.590762 	-8.9735662 	-7.1534434
-0.2018018 	0.25 	0.546 	55.608781 	-8.9825844 	-7.1551613
-0.203003 	0.25 	0.546 	55.6268 	-8.9916026 	-7.1568792
-0.2042042 	0.25 	0.546 	55.644819 	-9.0006208 	-7.1585971
-0.20540541 	0.25 	0.546 	55.662838 	-9.009639 	-7.160315
-0.20660661 	0.25 	0.546 	55.680857 	-9.0186572 	-7.1620329
-0.20780781 	0.25 	0.546 	55.698876 	-9.0276754 	-7.1637509
-0.20900901 	0.25 	0.546 	55.716895 	-9.0366936 	-7.1654688
-0.21021021 	0.25 	0.546 	55.734914 	-9.0457118 	-7.1671867
-0.21141141 	0.25 	0.546 	55.752933 	-9.05473 	-7.1689046
-0.21261261 	0.25 	0.546 	55.770952 	-9.0637482 	-7.1706225
-0.21381381 	0.25 	0.546 	55.788971 	-9.0727664 	-7.1723404
-0.21501502 	0.25 	0.546 	55.806991 	-9.0817846 	-7.1740583
-0.21621622 	0.25 	0.546 	55.82501 	-9.0908028 	-7.1757762
-0.21741742 	0.25 	0.546 	55.843029 	-9.099821 	-7.1774942
-0.21861862 	0.25 	0.546 	55.861048 	-9.1088392 	-7.1792121
-0.21981982 	0.25 	0.546 	55.879067 	-9.1178574 	-7.18093
-0.22102102 	0.25 	0.546 	55.897086 	-9.1268756 	-7.1826479
-0.22222222 	0.25 	0.546 	55.915105 	-9.1358938 	-7.1843658
-0.22342342 	0.25 	0.546 	55.932573 	-9.1442496 	-7.1857973
-0.22462462 	0.25 	0.546 	55.950028 	-9.1525911 	-7.1872227
-0.22582583 	0.25 	0.546 	55.967484 	-9.1609327 	-7.1886481
-0.22702703 	0.25 	0.546 	55.98494 	-9.1692743 	-7.1900734
-0.22822823 	0.25 	0.546 	56.002396 	-9.1776159 	-7.1914988
-0.22942943 	0.25 	0.546 	56.019852 	-9.1859575 	-7.1929242
-0.23063063 	0.25 	0.546 	56.037308 	-9.1942991 	-7.1943496
-0.23183183 	0.25 	0.546 	56.054764 	-9.2026406 	-7.1957749
-0.23303303 	0.25 	0.546 	56.07222 	-9.2109822 	-7.1972003
-0.23423423 	0.25 	0.546 	56.089676 	-9.2193238 	-7.1986257
-0.23543544 	0.25 	0.546 	56.107131 	-9.2276654 	-7.2000511
-0.23663664 	0.25 	0.546 	56.124885 	-9.2358317 	-7.2013766
-0.23783784 	0.25 	0.546 	56.143721 	-9.2433594 	-7.2023385
-0.23903904 	0.25 	0.546 	56.162557 	-9.2508872 	-7.2033004
-0.24024024 	0.25 	0.546 	56.181394 	-9.258415 	-7.2042622
-0.24144144 	0.25 	0.546 	56.20023 	-9.2659428 	-7.2052241
-0.24264264 	0.25 	0.546 	56.219066 	-9.2734705 	-7.206186
-0.24384384 	0.25 	0.546 	56.237135 	-9.2807238 	-7.2074788
-0.24504505 	0.25 	0.546 	56.254925 	-9.2878771 	-7.208892
-0.24624625 	0.25 	0.546 	56.272714 	-9.2950303 	-7.2103052
-0.24744745 	0.25 	0.546 	56.290504 	-9.3021836 	-7.2117184
-0.24864865 	0.25 	0.546 	56.308293 	-9.3093369 	-7.2131316
-0.24984985 	0.25 	0.546 	56.326401 	-9.3168826 	-7.214341
-0.25105105 	0.25 	0.546 	56.345454 	-9.3255912 	-7.2149463
-0.25225225 	0.25 	0.546 	56.364506 	-9.3342997 	-7.2155516
-0.25345345 	0.25 	0.546 	56.383558 	-9.3430083 	-7.2161569
-0.25465465 	0.25 	0.546 	56.402611 	-9.3517169 	-7.2167622
-0.25585586 	0.25 	0.546 	56.421663 	-9.3604254 	-7.2173674
-0.25705706 	0.25 	0.546 	56.440715 	-9.369134 	-7.2179727
-0.25825826 	0.25 	0.546 	56.459768 	-9.3778426 	-7.218578
-0.25945946 	0.25 	0.546 	56.47882 	-9.3865511 	-7.2191833
-0.26066066 	0.25 	0.546 	56.497872 	-9.3952597 	-7.2197886
-0.26186186 	0.25 	0.546 	56.516925 	-9.4039683 	-7.2203939
-0.26306306 	0.25 	0.546 	56.535977 	-9.4126768 	-7.2209992
-0.26426426 	0.25 	0.546 	56.555421 	-9.4213135 	-7.2217666
-0.26546547 	0.25 	0.546 	56.575073 	-9.4299119 	-7.2226206
-0.26666667 	0.25 	0.546 	56.594725 	-9.4385102 	-7.2234746
-0.26786787 	0.25 	0.546 	56.614377 	-9.4471086 	-7.2243286
-0.26906907 	0.25 	0.546 	56.634029 	-9.4557069 	-7.2251826
-0.27027027 	0.25 	0.546 	56.653682 	-9.4643052 	-7.2260366
-0.27147147 	0.25 	0.546 	56.673334 	-9.4729036 	-7.2268906
-0.27267267 	0.25 	0.546 	56.692986 	-9.4815019 	-7.2277446
-0.27387387 	0.25 	0.546 	56.712638 	-9.4901003 	-7.2285986
-0.27507508 	0.25 	0.546 	56.73229 	-9.4986986 	-7.2294526
-0.27627628 	0.25 	0.546 	56.751942 	-9.5072969 	-7.2303066
-0.27747748 	0.25 	0.546 	56.771595 	-9.5158953 	-7.2311606
-0.27867868 	0.25 	0.546 	56.791247 	-9.5244936 	-7.2320146
-0.27987988 	0.25 	0.546 	56.810899 	-9.533092 	-7.2328686
-0.28108108 	0.25 	0.546 	56.830551 	-9.5416903 	-7.2337225
-0.28228228 	0.25 	0.546 	56.850203 	-9.5502886 	-7.2345765
-0.28348348 	0.25 	0.546 	56.869856 	-9.558887 	-7.2354305
-0.28468468 	0.25 	0.546 	56.889508 	-9.5674853 	-7.2362845
-0.28588589 	0.25 	0.546 	56.90916 	-9.5760837 	-7.2371385
-0.28708709 	0.25 	0.546 	56.928812 	-9.584682 	-7.2379925
-0.28828829 	0.25 	0.546 	56.948464 	-9.5932804 	-7.2388465
-0.28948949 	0.25 	0.546 	56.968117 	-9.6018787 	-7.2397005
-0.29069069 	0.25 	0.546 	56.987769 	-9.610477 	-7.2405545
-0.29189189 	0.25 	0.546 	57.007421 	-9.6190754 	-7.2414085
-0.29309309 	0.25 	0.546 	57.027073 	-9.6276737 	-7.2422625
-0.29429429 	0.25 	0.546 	57.046725 	-9.6362721 	-7.2431165
-0.2954955 	0.25 	0.546 	57.066378 	-9.6448704 	-7.2439705
-0.2966967 	0.25 	0.546 	57.08603 	-9.6534687 	-7.2448245
-0.2978979 	0.25 	0.546 	57.106407 	-9.6628533 	-7.245246
-0.2990991 	0.25 	0.546 	57.127579 	-9.6730994 	-7.2451937
-0.3003003 	0.25 	0.546 	57.148751 	-9.6833455 	-7.2451413
-0.3015015 	0.25 	0.546 	57.169923 	-9.6935916 	-7.245089
-0.3027027 	0.25 	0.546 	57.191094 	-9.7038377 	-7.2450367
-0.3039039 	0.25 	0.546 	57.212266 	-9.7140837 	-7.2449843
-0.30510511 	0.25 	0.546 	57.232725 	-9.723177 	-7.2454678
-0.30630631 	0.25 	0.546 	57.253182 	-9.7322659 	-7.2459534
-0.30750751 	0.25 	0.546 	57.273638 	-9.7413548 	-7.2464389
-0.30870871 	0.25 	0.546 	57.294094 	-9.7504437 	-7.2469244
-0.30990991 	0.25 	0.546 	57.314551 	-9.7595327 	-7.24741
-0.31111111 	0.25 	0.546 	57.335552 	-9.7680229 	-7.2475215
-0.31231231 	0.25 	0.546 	57.357068 	-9.775946 	-7.2472788
-0.31351351 	0.25 	0.546 	57.378585 	-9.7838691 	-7.247036
-0.31471471 	0.25 	0.546 	57.400101 	-9.7917922 	-7.2467933
-0.31591592 	0.25 	0.546 	57.421618 	-9.7997153 	-7.2465505
-0.31711712 	0.25 	0.546 	57.443135 	-9.8076383 	-7.2463078
-0.31831832 	0.25 	0.546 	57.464651 	-9.8155614 	-7.246065
-0.31951952 	0.25 	0.546 	57.486168 	-9.8234845 	-7.2458223
-0.32072072 	0.25 	0.546 	57.507684 	-9.8314076 	-7.2455796
-0.32192192 	0.25 	0.546 	57.529201 	-9.8393307 	-7.2453368
-0.32312312 	0.25 	0.546 	57.550718 	-9.8472538 	-7.2450941
-0.32432432 	0.25 	0.546 	57.572234 	-9.8551769 	-7.2448513
-0.32552553 	0.25 	0.546 	57.593751 	-9.8631 	-7.2446086
-0.32672673 	0.25 	0.546 	57.615267 	-9.8710231 	-7.2443658
-0.32792793 	0.25 	0.546 	57.636784 	-9.8789462 	-7.2441231
-0.32912913 	0.25 	0.546 	57.658301 	-9.8868693 	-7.2438804
-0.33033033 	0.25 	0.546 	57.679817 	-9.8947924 	-7.2436376
-0.33153153 	0.25 	0.546 	57.701334 	-9.9027154 	-7.2433949
-0.33273273 	0.25 	0.546 	57.72285 	-9.9106385 	-7.2431521
-0.33393393 	0.25 	0.546 	57.744367 	-9.9185616 	-7.2429094
-0.33513514 	0.25 	0.546 	57.765883 	-9.9264847 	-7.2426667
-0.33633634 	0.25 	0.546 	57.7874 	-9.9344078 	-7.2424239
-0.33753754 	0.25 	0.546 	57.808917 	-9.9423309 	-7.2421812
-0.33873874 	0.25 	0.546 	57.830433 	-9.950254 	-7.2419384
-0.33993994 	0.25 	0.546 	57.85195 	-9.9581771 	-7.2416957
-0.34114114 	0.25 	0.546 	57.873466 	-9.9661002 	-7.2414529
-0.34234234 	0.25 	0.546 	57.894983 	-9.9740233 	-7.2412102
-0.34354354 	0.25 	0.546 	57.9165 	-9.9819464 	-7.2409675
-0.34474474 	0.25 	0.546 	57.938016 	-9.9898695 	-7.2407247
-0.34594595 	0.25 	0.546 	57.958921 	-9.9978604 	-7.2401749
-0.34714715 	0.25 	0.546 	57.979805 	-10.005854 	-7.2396142
-0.34834835 	0.25 	0.546 	58.000689 	-10.013847 	-7.2390536
-0.34954955 	0.25 	0.546 	58.021572 	-10.02184 	-7.2384929
-0.35075075 	0.25 	0.546 	58.042456 	-10.029834 	-7.2379322
-0.35195195 	0.25 	0.546 	58.063339 	-10.037827 	-7.2373716
-0.35315315 	0.25 	0.546 	58.084223 	-10.04582 	-7.2368109
-0.35435435 	0.25 	0.546 	58.105107 	-10.053813 	-7.2362503
-0.35555556 	0.25 	0.546 	58.12599 	-10.061807 	-7.2356896
-0.35675676 	0.25 	0.546 	58.146874 	-10.0698 	-7.235129
-0.35795796 	0.25 	0.546 	58.167758 	-10.077793 	-7.2345683
-0.35915916 	0.25 	0.546 	58.189746 	-10.085155 	-7.2335133
-0.36036036 	0.25 	0.546 	58.212152 	-10.092279 	-7.232272
-0.36156156 	0.25 	0.546 	58.234558 	-10.099403 	-7.2310306
-0.36276276 	0.25 	0.546 	58.256963 	-10.106527 	-7.2297893
-0.36396396 	0.25 	0.546 	58.279369 	-10.11365 	-7.2285479
-0.36516517 	0.25 	0.546 	58.30172 	-10.120343 	-7.2274425
-0.36636637 	0.25 	0.546 	58.323903 	-10.125701 	-7.2267584
-0.36756757 	0.25 	0.546 	58.346086 	-10.131058 	-7.2260743
-0.36876877 	0.25 	0.546 	58.368268 	-10.136416 	-7.2253903
-0.36996997 	0.25 	0.546 	58.390451 	-10.141773 	-7.2247062
-0.37117117 	0.25 	0.546 	58.412634 	-10.147131 	-7.2240222
-0.37237237 	0.25 	0.546 	58.435447 	-10.152008 	-7.2225999
-0.37357357 	0.25 	0.546 	58.458457 	-10.156738 	-7.2209487
-0.37477477 	0.25 	0.546 	58.481466 	-10.161467 	-7.2192974
-0.37597598 	0.25 	0.546 	58.504475 	-10.166196 	-7.2176462
-0.37717718 	0.25 	0.546 	58.527484 	-10.170925 	-7.215995
-0.37837838 	0.25 	0.546 	58.550493 	-10.175655 	-7.2143437
-0.37957958 	0.25 	0.546 	58.573502 	-10.180384 	-7.2126925
-0.38078078 	0.25 	0.546 	58.596511 	-10.185113 	-7.2110413
-0.38198198 	0.25 	0.546 	58.61952 	-10.189842 	-7.2093901
-0.38318318 	0.25 	0.546 	58.64253 	-10.194571 	-7.2077388
-0.38438438 	0.25 	0.546 	58.665539 	-10.199301 	-7.2060876
-0.38558559 	0.25 	0.546 	58.688966 	-10.205594 	-7.2045874
-0.38678679 	0.25 	0.546 	58.71256 	-10.212511 	-7.2031476
-0.38798799 	0.25 	0.546 	58.736154 	-10.219429 	-7.2017077
-0.38918919 	0.25 	0.546 	58.759748 	-10.226346 	-7.2002678
-0.39039039 	0.25 	0.546 	58.783342 	-10.233264 	-7.198828
-0.39159159 	0.25 	0.546 	58.806936 	-10.240181 	-7.1973881
-0.39279279 	0.25 	0.546 	58.83053 	-10.247099 	-7.1959483
-0.39399399 	0.25 	0.546 	58.854124 	-10.254016 	-7.1945084
-0.3951952 	0.25 	0.546 	58.877717 	-10.260934 	-7.1930685
-0.3963964 	0.25 	0.546 	58.901311 	-10.267851 	-7.1916287
-0.3975976 	0.25 	0.546 	58.924905 	-10.274769 	-7.1901888
-0.3987988 	0.25 	0.546 	58.948499 	-10.281687 	-7.188749
-0.4 	0.25 	0.546 	58.972093 	-10.288604 	-7.1873091
-0.4012012 	0.25 	0.546 	58.995687 	-10.295522 	-7.1858692
-0.4024024 	0.25 	0.546 	59.019281 	-10.302439 	-7.1844294
-0.4036036 	0.25 	0.546 	59.042875 	-10.309357 	-7.1829895
-0.4048048 	0.25 	0.546 	59.066469 	-10.316274 	-7.1815497
-0.40600601 	0.25 	0.546 	59.090063 	-10.323192 	-7.1801098
-0.40720721 	0.25 	0.546 	59.113657 	-10.330109 	-7.1786699
-0.40840841 	0.25 	0.546 	59.137251 	-10.337027 	-7.1772301
-0.40960961 	0.25 	0.546 	59.160845 	-10.343944 	-7.1757902
-0.41081081 	0.25 	0.546 	59.184439 	-10.350862 	-7.1743504
-0.41201201 	0.25 	0.546 	59.208033 	-10.357779 	-7.1729105
-0.41321321 	0.25 	0.546 	59.231627 	-10.364697 	-7.1714706
-0.41441441 	0.25 	0.546 	59.255221 	-10.371614 	-7.1700308
-0.41561562 	0.25 	0.546 	59.278815 	-10.378532 	-7.1685909
-0.41681682 	0.25 	0.546 	59.302409 	-10.385449 	-7.1671511
-0.41801802 	0.25 	0.546 	59.326003 	-10.392367 	-7.1657112
-0.41921922 	0.25 	0.546 	59.349597 	-10.399284 	-7.1642713
-0.42042042 	0.25 	0.546 	59.374497 	-10.405752 	-7.1619965
-0.42162162 	0.25 	0.546 	59.399412 	-10.412215 	-7.1597121
-0.42282282 	0.25 	0.546 	59.424328 	-10.418678 	-7.1574277
-0.42402402 	0.25 	0.546 	59.449243 	-10.425141 	-7.1551433
-0.42522523 	0.25 	0.546 	59.474159 	-10.431604 	-7.1528589
-0.42642643 	0.25 	0.546 	59.499026 	-10.438669 	-7.1508869
-0.42762763 	0.25 	0.546 	59.523848 	-10.446317 	-7.1492181
-0.42882883 	0.25 	0.546 	59.54867 	-10.453966 	-7.1475493
-0.43003003 	0.25 	0.546 	59.573492 	-10.461614 	-7.1458805
-0.43123123 	0.25 	0.546 	59.598313 	-10.469263 	-7.1442117
-0.43243243 	0.25 	0.546 	59.623159 	-10.476853 	-7.142519
-0.43363363 	0.25 	0.546 	59.648947 	-10.482144 	-7.139888
-0.43483483 	0.25 	0.546 	59.674734 	-10.487435 	-7.137257
-0.43603604 	0.25 	0.546 	59.700522 	-10.492726 	-7.134626
-0.43723724 	0.25 	0.546 	59.726309 	-10.498018 	-7.131995
-0.43843844 	0.25 	0.546 	59.752097 	-10.503309 	-7.129364
-0.43963964 	0.25 	0.546 	59.777884 	-10.5086 	-7.126733
-0.44084084 	0.25 	0.546 	59.803672 	-10.513891 	-7.124102
-0.44204204 	0.25 	0.546 	59.829459 	-10.519182 	-7.121471
-0.44324324 	0.25 	0.546 	59.855247 	-10.524474 	-7.11884
-0.44444444 	0.25 	0.546 	59.881035 	-10.529765 	-7.116209
-0.44564565 	0.25 	0.546 	59.906822 	-10.535056 	-7.113578
-0.44684685 	0.25 	0.546 	59.93261 	-10.540347 	-7.110947
-0.44804805 	0.25 	0.546 	59.958397 	-10.545638 	-7.108316
-0.44924925 	0.25 	0.546 	59.984185 	-10.55093 	-7.105685
-0.45045045 	0.25 	0.546 	60.009972 	-10.556221 	-7.1030541
-0.45165165 	0.25 	0.546 	60.03576 	-10.561512 	-7.1004231
-0.45285285 	0.25 	0.546 	60.061547 	-10.566803 	-7.0977921
-0.45405405 	0.25 	0.546 	60.087335 	-10.572094 	-7.0951611
-0.45525526 	0.25 	0.546 	60.113122 	-10.577386 	-7.0925301
-0.45645646 	0.25 	0.546 	60.13891 	-10.582677 	-7.0898991
-0.45765766 	0.25 	0.546 	60.164697 	-10.587968 	-7.0872681
-0.45885886 	0.25 	0.546 	60.190485 	-10.593259 	-7.0846371
-0.46006006 	0.25 	0.546 	60.216272 	-10.59855 	-7.0820061
-0.46126126 	0.25 	0.546 	60.24206 	-10.603842 	-7.0793751
-0.46246246 	0.25 	0.546 	60.267847 	-10.609133 	-7.0767441
-0.46366366 	0.25 	0.546 	60.293635 	-10.614424 	-7.0741131
-0.46486486 	0.25 	0.546 	60.319422 	-10.619715 	-7.0714821
-0.46606607 	0.25 	0.546 	60.34521 	-10.625006 	-7.0688511
-0.46726727 	0.25 	0.546 	60.370997 	-10.630298 	-7.0662201
-0.46846847 	0.25 	0.546 	60.396602 	-10.636266 	-7.0634227
-0.46966967 	0.25 	0.546 	60.422179 	-10.64234 	-7.0605993
-0.47087087 	0.25 	0.546 	60.447755 	-10.648414 	-7.057776
-0.47207207 	0.25 	0.546 	60.473331 	-10.654488 	-7.0549527
-0.47327327 	0.25 	0.546 	60.498908 	-10.660562 	-7.0521293
-0.47447447 	0.25 	0.546 	60.524484 	-10.666636 	-7.049306
-0.47567568 	0.25 	0.546 	60.55006 	-10.67271 	-7.0464827
-0.47687688 	0.25 	0.546 	60.575637 	-10.678785 	-7.0436593
-0.47807808 	0.25 	0.546 	60.601213 	-10.684859 	-7.040836
-0.47927928 	0.25 	0.546 	60.626789 	-10.690933 	-7.0380127
-0.48048048 	0.25 	0.546 	60.652728 	-10.696521 	-7.0350335
-0.48168168 	0.25 	0.546 	60.679837 	-10.700542 	-7.0315508
-0.48288288 	0.25 	0.546 	60.706946 	-10.704563 	-7.0280681
-0.48408408 	0.25 	0.546 	60.734055 	-10.708584 	-7.0245854
-0.48528529 	0.25 	0.546 	60.761164 	-10.712605 	-7.0211027
-0.48648649 	0.25 	0.546 	60.788272 	-10.716626 	-7.01762
-0.48768769 	0.25 	0.546 	60.816572 	-10.721909 	-7.0143176
-0.48888889 	0.25 	0.546 	60.845261 	-10.727605 	-7.0110742
-0.49009009 	0.25 	0.546 	60.87395 	-10.733301 	-7.0078308
-0.49129129 	0.25 	0.546 	60.902639 	-10.738996 	-7.0045874
-0.49249249 	0.25 	0.546 	60.931328 	-10.744692 	-7.001344
-0.49369369 	0.25 	0.546 	60.959871 	-10.749974 	-6.9978926
-0.49489489 	0.25 	0.546 	60.988023 	-10.754143 	-6.9938805
-0.4960961 	0.25 	0.546 	61.016174 	-10.758311 	-6.9898683
-0.4972973 	0.25 	0.546 	61.044326 	-10.76248 	-6.9858562
-0.4984985 	0.25 	0.546 	61.072478 	-10.766648 	-6.981844
-0.4996997 	0.25 	0.546 	61.10063 	-10.770816 	-6.9778318
-0.5009009 	0.25 	0.546 	61.128781 	-10.774985 	-6.9738197
-0.5021021 	0.25 	0.546 	61.156933 	-10.779153 	-6.9698075
-0.5033033 	0.25 	0.546 	61.185085 	-10.783321 	-6.9657954
-0.5045045 	0.25 	0.546 	61.213236 	-10.78749 	-6.9617832
-0.50570571 	0.25 	0.546 	61.241388 	-10.791658 	-6.957771
-0.50690691 	0.25 	0.546 	61.27473 	-10.798469 	-6.9531452
-0.50810811 	0.25 	0.546 	61.309052 	-10.805778 	-6.9484036
-0.50930931 	0.25 	0.546 	61.343373 	-10.813087 	-6.9436621
-0.51051051 	0.25 	0.546 	61.377695 	-10.820396 	-6.9389205
-0.51171171 	0.25 	0.546 	61.412016 	-10.827705 	-6.9341789
-0.51291291 	0.25 	0.546 	61.446338 	-10.835014 	-6.9294373
-0.51411411 	0.25 	0.546 	61.480659 	-10.842323 	-6.9246957
-0.51531532 	0.25 	0.546 	61.514981 	-10.849632 	-6.9199541
-0.51651652 	0.25 	0.546 	61.549302 	-10.856941 	-6.9152125
-0.51771772 	0.25 	0.546 	61.583624 	-10.86425 	-6.9104709
-0.51891892 	0.25 	0.546 	61.614159 	-10.871771 	-6.9060864
-0.52012012 	0.25 	0.546 	61.641554 	-10.879468 	-6.9019979
-0.52132132 	0.25 	0.546 	61.668949 	-10.887165 	-6.8979094
-0.52252252 	0.25 	0.546 	61.696345 	-10.894863 	-6.8938209
-0.52372372 	0.25 	0.546 	61.72374 	-10.90256 	-6.8897324
-0.52492492 	0.25 	0.546 	61.751136 	-10.910257 	-6.8856439
-0.52612613 	0.25 	0.546 	61.778531 	-10.917954 	-6.8815554
-0.52732733 	0.25 	0.546 	61.805926 	-10.925651 	-6.8774669
-0.52852853 	0.25 	0.546 	61.833322 	-10.933348 	-6.8733784
-0.52972973 	0.25 	0.546 	61.860717 	-10.941045 	-6.8692899
-0.53093093 	0.25 	0.546 	61.888113 	-10.948742 	-6.8652014
-0.53213213 	0.25 	0.546 	61.915508 	-10.956439 	-6.8611129
-0.53333333 	0.25 	0.546 	61.942903 	-10.964137 	-6.8570244
-0.53453453 	0.25 	0.546 	61.970299 	-10.971834 	-6.8529359
-0.53573574 	0.25 	0.546 	61.997694 	-10.979531 	-6.8488474
-0.53693694 	0.25 	0.546 	62.025089 	-10.987228 	-6.8447589
-0.53813814 	0.25 	0.546 	62.052485 	-10.994925 	-6.8406704
-0.53933934 	0.25 	0.546 	62.07988 	-11.002622 	-6.8365819
-0.54054054 	0.25 	0.546 	62.107276 	-11.010319 	-6.8324934
-0.54174174 	0.25 	0.546 	62.13794 	-11.01708 	-6.8278271
-0.54294294 	0.25 	0.546 	62.172081 	-11.022846 	-6.8225463
-0.54414414 	0.25 	0.546 	62.206223 	-11.028611 	-6.8172655
-0.54534535 	0.25 	0.546 	62.240364 	-11.034377 	-6.8119846
-0.54654655 	0.25 	0.546 	62.274505 	-11.040142 	-6.8067038
-0.54774775 	0.25 	0.546 	62.308629 	-11.045904 	-6.8014267
-0.54894895 	0.25 	0.546 	62.335887 	-11.050565 	-6.797557
-0.55015015 	0.25 	0.546 	62.363145 	-11.055226 	-6.7936872
-0.55135135 	0.25 	0.546 	62.389807 	-11.060642 	-6.78966
-0.55255255 	0.25 	0.546 	62.414787 	-11.068194 	-6.7851881
-0.55375375 	0.25 	0.546 	62.439767 	-11.075747 	-6.7807162
-0.55495495 	0.25 	0.546 	62.464746 	-11.083299 	-6.7762443
-0.55615616 	0.25 	0.546 	62.489726 	-11.090852 	-6.7717724
-0.55735736 	0.25 	0.546 	62.514706 	-11.098404 	-6.7673005
-0.55855856 	0.25 	0.546 	62.539685 	-11.105956 	-6.7628286
-0.55975976 	0.25 	0.546 	62.564665 	-11.113509 	-6.7583567
-0.56096096 	0.25 	0.546 	62.589645 	-11.121061 	-6.7538848
-0.56216216 	0.25 	0.546 	62.614624 	-11.128613 	-6.7494129
-0.56336336 	0.25 	0.546 	62.639604 	-11.136166 	-6.744941
-0.56456456 	0.25 	0.546 	62.664584 	-11.143718 	-6.7404691
-0.56576577 	0.25 	0.546 	62.689563 	-11.151271 	-6.7359972
-0.56696697 	0.25 	0.546 	62.715971 	-11.157105 	-6.7311418
-0.56816817 	0.25 	0.546 	62.744529 	-11.160351 	-6.725709
-0.56936937 	0.25 	0.546 	62.773088 	-11.163598 	-6.7202762
-0.57057057 	0.25 	0.546 	62.801646 	-11.166845 	-6.7148434
-0.57177177 	0.25 	0.546 	62.830204 	-11.170091 	-6.7094105
-0.57297297 	0.25 	0.546 	62.858762 	-11.173338 	-6.7039777
-0.57417417 	0.25 	0.546 	62.887321 	-11.176584 	-6.6985449
-0.57537538 	0.25 	0.546 	62.915223 	-11.180893 	-6.6929527
-0.57657658 	0.25 	0.546 	62.941993 	-11.187034 	-6.6870856
-0.57777778 	0.25 	0.546 	62.968763 	-11.193175 	-6.6812184
-0.57897898 	0.25 	0.546 	62.999127 	-11.199904 	-6.6754165
-0.58018018 	0.25 	0.546 	63.031644 	-11.206986 	-6.6696536
-0.58138138 	0.25 	0.546 	63.064161 	-11.214068 	-6.6638907
-0.58258258 	0.25 	0.546 	63.092035 	-11.217729 	-6.6579783
-0.58378378 	0.25 	0.546 	63.119297 	-11.220938 	-6.6520461
-0.58498498 	0.25 	0.546 	63.146558 	-11.224148 	-6.6461139
-0.58618619 	0.25 	0.546 	63.17382 	-11.227357 	-6.6401817
-0.58738739 	0.25 	0.546 	63.201082 	-11.230567 	-6.6342496
-0.58858859 	0.25 	0.546 	63.228343 	-11.233777 	-6.6283174
-0.58978979 	0.25 	0.546 	63.255605 	-11.236986 	-6.6223852
-0.59099099 	0.25 	0.546 	63.284752 	-11.240284 	-6.6163006
-0.59219219 	0.25 	0.546 	63.314575 	-11.243614 	-6.6101614
-0.59339339 	0.25 	0.546 	63.344398 	-11.246944 	-6.6040221
-0.59459459 	0.25 	0.546 	63.374221 	-11.250273 	-6.5978829
-0.5957958 	0.25 	0.546 	63.404045 	-11.253603 	-6.5917436
-0.596997 	0.25 	0.546 	63.433868 	-11.256933 	-6.5856044
-0.5981982 	0.25 	0.546 	63.463691 	-11.260263 	-6.5794651
-0.5993994 	0.25 	0.546 	63.493514 	-11.263593 	-6.5733258
-0.6006006 	0.25 	0.546 	63.523338 	-11.266922 	-6.5671866
-0.6018018 	0.25 	0.546 	63.553161 	-11.270252 	-6.5610473
-0.603003 	0.25 	0.546 	63.582984 	-11.273582 	-6.5549081
-0.6042042 	0.25 	0.546 	63.612807 	-11.276912 	-6.5487688
-0.60540541 	0.25 	0.546 	63.642631 	-11.280242 	-6.5426295
-0.60660661 	0.25 	0.546 	63.667725 	-11.279754 	-6.5366769
-0.60780781 	0.25 	0.546 	63.692753 	-11.279213 	-6.5307269
-0.60900901 	0.25 	0.546 	63.71953 	-11.278573 	-6.5246948
-0.61021021 	0.25 	0.546 	63.751712 	-11.277627 	-6.5184091
-0.61141141 	0.25 	0.546 	63.783893 	-11.276681 	-6.5121235
-0.61261261 	0.25 	0.546 	63.815339 	-11.275391 	-6.5055779
-0.61381381 	0.25 	0.546 	63.846057 	-11.27376 	-6.4987745
-0.61501502 	0.25 	0.546 	63.876775 	-11.272128 	-6.4919712
-0.61621622 	0.25 	0.546 	63.907493 	-11.270497 	-6.4851679
-0.61741742 	0.25 	0.546 	63.938211 	-11.268865 	-6.4783645
-0.61861862 	0.25 	0.546 	63.968929 	-11.267234 	-6.4715612
-0.61981982 	0.25 	0.546 	63.999647 	-11.265602 	-6.4647578
-0.62102102 	0.25 	0.546 	64.030365 	-11.263971 	-6.4579545
-0.62222222 	0.25 	0.546 	64.061082 	-11.262339 	-6.4511511
-0.62342342 	0.25 	0.546 	64.0918 	-11.260708 	-6.4443478
-0.62462462 	0.25 	0.546 	64.122518 	-11.259076 	-6.4375445
-0.62582583 	0.25 	0.546 	64.153236 	-11.257445 	-6.4307411
-0.62702703 	0.25 	0.546 	64.183954 	-11.255813 	-6.4239378
-0.62822823 	0.25 	0.546 	64.212072 	-11.256875 	-6.417488
-0.62942943 	0.25 	0.546 	64.240017 	-11.258117 	-6.4110618
-0.63063063 	0.25 	0.546 	64.267962 	-11.259359 	-6.4046355
-0.63183183 	0.25 	0.546 	64.295906 	-11.260601 	-6.3982093
-0.63303303 	0.25 	0.546 	64.323851 	-11.261843 	-6.3917831
-0.63423423 	0.25 	0.546 	64.351796 	-11.263085 	-6.3853569
-0.63543544 	0.25 	0.546 	64.379741 	-11.264327 	-6.3789307
-0.63663664 	0.25 	0.546 	64.407072 	-11.265142 	-6.3724229
-0.63783784 	0.25 	0.546 	64.433997 	-11.265674 	-6.3658611
-0.63903904 	0.25 	0.546 	64.460923 	-11.266207 	-6.3592993
-0.64024024 	0.25 	0.546 	64.493045 	-11.26876 	-6.3525001
-0.64144144 	0.25 	0.546 	64.526015 	-11.271643 	-6.3456623
-0.64264264 	0.25 	0.546 	64.558527 	-11.274269 	-6.3388001
-0.64384384 	0.25 	0.546 	64.587617 	-11.274969 	-6.3317552
-0.64504505 	0.25 	0.546 	64.616708 	-11.275669 	-6.3247102
-0.64624625 	0.25 	0.546 	64.645798 	-11.276368 	-6.3176653
-0.64744745 	0.25 	0.546 	64.674888 	-11.277068 	-6.3106203
-0.64864865 	0.25 	0.546 	64.703978 	-11.277768 	-6.3035754
-0.64984985 	0.25 	0.546 	64.733068 	-11.278468 	-6.2965304
-0.65105105 	0.25 	0.546 	64.762158 	-11.279168 	-6.2894855
-0.65225225 	0.25 	0.546 	64.792857 	-11.279791 	-6.2822291
-0.65345345 	0.25 	0.546 	64.824371 	-11.280376 	-6.2748658
-0.65465465 	0.25 	0.546 	64.855885 	-11.28096 	-6.2675024
-0.65585586 	0.25 	0.546 	64.887398 	-11.281545 	-6.2601391
-0.65705706 	0.25 	0.546 	64.918912 	-11.282129 	-6.2527758
-0.65825826 	0.25 	0.546 	64.950426 	-11.282714 	-6.2454124
-0.65945946 	0.25 	0.546 	64.98194 	-11.283299 	-6.2380491
-0.66066066 	0.25 	0.546 	65.013453 	-11.283883 	-6.2306858
-0.66186186 	0.25 	0.546 	65.044967 	-11.284468 	-6.2233225
-0.66306306 	0.25 	0.546 	65.076481 	-11.285052 	-6.2159591
-0.66426426 	0.25 	0.546 	65.107994 	-11.285637 	-6.2085958
-0.66546547 	0.25 	0.546 	65.139508 	-11.286221 	-6.2012325
-0.66666667 	0.25 	0.546 	65.170325 	-11.28635 	-6.1939423
-0.66786787 	0.25 	0.546 	65.198655 	-11.284849 	-6.1869135
-0.66906907 	0.25 	0.546 	65.226986 	-11.283349 	-6.1798846
-0.67027027 	0.25 	0.546 	65.257314 	-11.283323 	-6.1726124
-0.67147147 	0.25 	0.546 	65.289835 	-11.284916 	-6.1650732
-0.67267267 	0.25 	0.546 	65.322357 	-11.286509 	-6.157534
-0.67387387 	0.25 	0.546 	65.354227 	-11.28643 	-6.1496723
-0.67507508 	0.25 	0.546 	65.385862 	-11.285749 	-6.1416944
-0.67627628 	0.25 	0.546 	65.417497 	-11.285067 	-6.1337164
-0.67747748 	0.25 	0.546 	65.449133 	-11.284386 	-6.1257385
-0.67867868 	0.25 	0.546 	65.480768 	-11.283705 	-6.1177606
-0.67987988 	0.25 	0.546 	65.512404 	-11.283023 	-6.1097827
-0.68108108 	0.25 	0.546 	65.544039 	-11.282342 	-6.1018047
-0.68228228 	0.25 	0.546 	65.575675 	-11.281661 	-6.0938268
-0.68348348 	0.25 	0.546 	65.60731 	-11.280979 	-6.0858489
-0.68468468 	0.25 	0.546 	65.638945 	-11.280298 	-6.077871
-0.68588589 	0.25 	0.546 	65.670581 	-11.279617 	-6.069893
-0.68708709 	0.25 	0.546 	65.702216 	-11.278936 	-6.0619151
-0.68828829 	0.25 	0.546 	65.732914 	-11.277855 	-6.0541743
-0.68948949 	0.25 	0.546 	65.762414 	-11.276266 	-6.046736
-0.69069069 	0.25 	0.546 	65.791915 	-11.274677 	-6.0392976
-0.69189189 	0.25 	0.546 	65.821416 	-11.273088 	-6.0318593
-0.69309309 	0.25 	0.546 	65.850916 	-11.271499 	-6.024421
-0.69429429 	0.25 	0.546 	65.880417 	-11.26991 	-6.0169827
-0.6954955 	0.25 	0.546 	65.909918 	-11.268321 	-6.0095444
-0.6966967 	0.25 	0.546 	65.939418 	-11.266732 	-6.002106
-0.6978979 	0.25 	0.546 	65.96829 	-11.263075 	-5.9945811
-0.6990991 	0.25 	0.546 	65.997038 	-11.259007 	-5.9870391
-0.7003003 	0.25 	0.546 	66.026051 	-11.255481 	-5.9794464
-0.7015015 	0.25 	0.546 	66.057685 	-11.25729 	-5.9713536
-0.7027027 	0.25 	0.546 	66.089319 	-11.259099 	-5.9632609
-0.7039039 	0.25 	0.546 	66.121379 	-11.25953 	-5.9549979
-0.70510511 	0.25 	0.546 	66.154238 	-11.257382 	-5.9464161
-0.70630631 	0.25 	0.546 	66.187098 	-11.255234 	-5.9378344
-0.70750751 	0.25 	0.546 	66.219957 	-11.253086 	-5.9292526
-0.70870871 	0.25 	0.546 	66.252816 	-11.250938 	-5.9206708
-0.70990991 	0.25 	0.546 	66.285676 	-11.24879 	-5.9120891
-0.71111111 	0.25 	0.546 	66.318535 	-11.246642 	-5.9035073
-0.71231231 	0.25 	0.546 	66.351394 	-11.244494 	-5.8949255
-0.71351351 	0.25 	0.546 	66.383608 	-11.2418 	-5.8863804
-0.71471471 	0.25 	0.546 	66.415452 	-11.238795 	-5.8778562
-0.71591592 	0.25 	0.546 	66.447296 	-11.23579 	-5.869332
-0.71711712 	0.25 	0.546 	66.47914 	-11.232784 	-5.8608078
-0.71831832 	0.25 	0.546 	66.510984 	-11.229779 	-5.8522836
-0.71951952 	0.25 	0.546 	66.542829 	-11.226773 	-5.8437594
-0.72072072 	0.25 	0.546 	66.574673 	-11.223768 	-5.8352352
-0.72192192 	0.25 	0.546 	66.606517 	-11.220763 	-5.826711
-0.72312312 	0.25 	0.546 	66.638361 	-11.217757 	-5.8181868
-0.72432432 	0.25 	0.546 	66.670205 	-11.214752 	-5.8096627
-0.72552553 	0.25 	0.546 	66.702049 	-11.211746 	-5.8011385
-0.72672673 	0.25 	0.546 	66.733894 	-11.208741 	-5.7926143
-0.72792793 	0.25 	0.546 	66.766543 	-11.203967 	-5.7840876
-0.72912913 	0.25 	0.546 	66.80023 	-11.196916 	-5.7755577
-0.73033033 	0.25 	0.546 	66.833917 	-11.189865 	-5.7670278
-0.73153153 	0.25 	0.546 	66.866037 	-11.183773 	-5.7586288
-0.73273273 	0.25 	0.546 	66.897464 	-11.178104 	-5.7502875
-0.73393393 	0.25 	0.546 	66.928892 	-11.172435 	-5.7419463
-0.73513514 	0.25 	0.546 	66.962517 	-11.165926 	-5.7331102
-0.73633634 	0.25 	0.546 	66.996256 	-11.159374 	-5.7242487
-0.73753754 	0.25 	0.546 	67.029995 	-11.152822 	-5.7153872
-0.73873874 	0.25 	0.546 	67.063733 	-11.14627 	-5.7065256
-0.73993994 	0.25 	0.546 	67.097472 	-11.139718 	-5.6976641
-0.74114114 	0.25 	0.546 	67.131211 	-11.133166 	-5.6888026
-0.74234234 	0.25 	0.546 	67.164949 	-11.126614 	-5.6799411
-0.74354354 	0.25 	0.546 	67.198688 	-11.120062 	-5.6710796
-0.74474474 	0.25 	0.546 	67.232427 	-11.113511 	-5.6622181
-0.74594595 	0.25 	0.546 	67.266165 	-11.106959 	-5.6533566
-0.74714715 	0.25 	0.546 	67.299904 	-11.100407 	-5.644495
-0.74834835 	0.25 	0.546 	67.333643 	-11.093855 	-5.6356335
-0.74954955 	0.25 	0.546 	67.371729 	-11.085089 	-5.6256647
-0.75075075 	0.25 	0.546 	67.410266 	-11.076094 	-5.6155814
-0.75195195 	0.25 	0.546 	67.448803 	-11.067099 	-5.605498
-0.75315315 	0.25 	0.546 	67.487339 	-11.058104 	-5.5954146
-0.75435435 	0.25 	0.546 	67.525876 	-11.049109 	-5.5853313
-0.75555556 	0.25 	0.546 	67.564412 	-11.040114 	-5.5752479
-0.75675676 	0.25 	0.546 	67.602949 	-11.031119 	-5.5651645
-0.75795796 	0.25 	0.546 	67.641609 	-11.022088 	-5.5550891
-0.75915916 	0.25 	0.546 	67.682801 	-11.012326 	-5.5451772
-0.76036036 	0.25 	0.546 	67.723992 	-11.002564 	-5.5352652
-0.76156156 	0.25 	0.546 	67.7643 	-10.99399 	-5.5256737
-0.76276276 	0.25 	0.546 	67.802576 	-10.988149 	-5.5168187
-0.76396396 	0.25 	0.546 	67.836122 	-10.985824 	-5.5079987
-0.76516517 	0.25 	0.546 	67.869323 	-10.983758 	-5.4991813
-0.76636637 	0.25 	0.546 	67.902523 	-10.981691 	-5.4903638
-0.76756757 	0.25 	0.546 	67.935724 	-10.979624 	-5.4815464
-0.76876877 	0.25 	0.546 	67.968924 	-10.977557 	-5.472729
-0.76996997 	0.25 	0.546 	68.002125 	-10.97549 	-5.4639116
-0.77117117 	0.25 	0.546 	68.035325 	-10.973424 	-5.4550941
-0.77237237 	0.25 	0.546 	68.068526 	-10.971357 	-5.4462767
-0.77357357 	0.25 	0.546 	68.101726 	-10.96929 	-5.4374593
-0.77477477 	0.25 	0.546 	68.137651 	-10.966595 	-5.4279418
-0.77597598 	0.25 	0.546 	68.171079 	-10.967186 	-5.4184777
-0.77717718 	0.25 	0.546 	68.204075 	-10.974649 	-5.4092317
-0.77837838 	0.25 	0.546 	68.236963 	-10.980678 	-5.3999891
-0.77957958 	0.25 	0.546 	68.27269 	-10.969345 	-5.3898584
-0.78078078 	0.25 	0.546 	68.310086 	-10.959506 	-5.3794239
-0.78198198 	0.25 	0.546 	68.347482 	-10.949667 	-5.3689894
-0.78318318 	0.25 	0.546 	68.384878 	-10.939828 	-5.3585549
-0.78438438 	0.25 	0.546 	68.422275 	-10.92999 	-5.3481204
-0.78558559 	0.25 	0.546 	68.459671 	-10.920151 	-5.3376859
-0.78678679 	0.25 	0.546 	68.497067 	-10.910312 	-5.3272514
-0.78798799 	0.25 	0.546 	68.534463 	-10.900473 	-5.3168169
-0.78918919 	0.25 	0.546 	68.57186 	-10.890634 	-5.3063824
-0.79039039 	0.25 	0.546 	68.609545 	-10.873853 	-5.2959618
-0.79159159 	0.25 	0.546 	68.648 	-10.838543 	-5.2855781
-0.79279279 	0.25 	0.546 	68.685544 	-10.812192 	-5.2748424
-0.79399399 	0.25 	0.546 	68.724637 	-10.792009 	-5.263982
-0.7951952 	0.25 	0.546 	68.765205 	-10.776459 	-5.2530448
-0.7963964 	0.25 	0.546 	68.805773 	-10.760909 	-5.2421077
-0.7975976 	0.25 	0.546 	68.846341 	-10.745358 	-5.2311705
-0.7987988 	0.25 	0.546 	68.886909 	-10.729808 	-5.2202333
-0.8 	0.25 	0.546 	68.927477 	-10.714258 	-5.2092962
-0.8012012 	0.25 	0.546 	68.968045 	-10.698708 	-5.198359
-0.8024024 	0.25 	0.546 	69.008613 	-10.683158 	-5.1874218
-0.8036036 	0.25 	0.546 	69.049181 	-10.667607 	-5.1764847
-0.8048048 	0.25 	0.546 	69.089588 	-10.652089 	-5.1654966
-0.80600601 	0.25 	0.546 	69.131441 	-10.642202 	-5.1545744
-0.80720721 	0.25 	0.546 	69.174689 	-10.635458 	-5.1438295
-0.80840841 	0.25 	0.546 	69.217026 	-10.624412 	-5.1329394
-0.80960961 	0.25 	0.546 	69.258922 	-10.612172 	-5.1217634
-0.81081081 	0.25 	0.546 	69.301378 	-10.600874 	-5.1104283
-0.81201201 	0.25 	0.546 	69.343834 	-10.589576 	-5.0990932
-0.81321321 	0.25 	0.546 	69.38629 	-10.578279 	-5.0877582
-0.81441441 	0.25 	0.546 	69.428745 	-10.566981 	-5.0764231
-0.81561562 	0.25 	0.546 	69.471201 	-10.555683 	-5.0650881
-0.81681682 	0.25 	0.546 	69.513657 	-10.544385 	-5.053753
-0.81801802 	0.25 	0.546 	69.556113 	-10.533087 	-5.042418
-0.81921922 	0.25 	0.546 	69.598569 	-10.521789 	-5.0310829
-0.82042042 	0.25 	0.546 	69.641024 	-10.510491 	-5.0197479
-0.82162162 	0.25 	0.546 	69.683415 	-10.497581 	-5.0087274
-0.82282282 	0.25 	0.546 	69.727772 	-10.481301 	-4.9975155
-0.82402402 	0.25 	0.546 	69.773772 	-10.462496 	-4.9860178
-0.82522523 	0.25 	0.546 	69.816481 	-10.449313 	-4.9742751
-0.82642643 	0.25 	0.546 	69.85919 	-10.436129 	-4.9625323
-0.82762763 	0.25 	0.546 	69.901899 	-10.422945 	-4.9507896
-0.82882883 	0.25 	0.546 	69.944608 	-10.409761 	-4.9390468
-0.83003003 	0.25 	0.546 	69.987318 	-10.396577 	-4.9273041
-0.83123123 	0.25 	0.546 	70.030027 	-10.383393 	-4.9155613
-0.83243243 	0.25 	0.546 	70.072736 	-10.370209 	-4.9038186
-0.83363363 	0.25 	0.546 	70.115445 	-10.357025 	-4.8920759
-0.83483483 	0.25 	0.546 	70.158154 	-10.343841 	-4.8803331
-0.83603604 	0.25 	0.546 	70.201272 	-10.330493 	-4.8686453
-0.83723724 	0.25 	0.546 	70.242029 	-10.322244 	-4.8573246
-0.83843844 	0.25 	0.546 	70.291183 	-10.307221 	-4.8452589
-0.83963964 	0.25 	0.546 	70.340566 	-10.290285 	-4.8329994
-0.84084084 	0.25 	0.546 	70.38447 	-10.274144 	-4.8208925
-0.84204204 	0.25 	0.546 	70.427635 	-10.25825 	-4.8088258
-0.84324324 	0.25 	0.546 	70.470801 	-10.242356 	-4.7967591
-0.84444444 	0.25 	0.546 	70.513966 	-10.226462 	-4.7846925
-0.84564565 	0.25 	0.546 	70.557132 	-10.210568 	-4.7726258
-0.84684685 	0.25 	0.546 	70.600297 	-10.194674 	-4.7605591
-0.84804805 	0.25 	0.546 	70.643462 	-10.17878 	-4.7484925
-0.84924925 	0.25 	0.546 	70.686628 	-10.162886 	-4.7364258
-0.85045045 	0.25 	0.546 	70.729793 	-10.146992 	-4.7243591
-0.85165165 	0.25 	0.546 	70.770854 	-10.13109 	-4.7126952
-0.85285285 	0.25 	0.546 	70.810437 	-10.11472 	-4.7014255
-0.85405405 	0.25 	0.546 	70.865086 	-10.092398 	-4.6887215
-0.85525526 	0.25 	0.546 	70.911692 	-10.072706 	-4.6762421
-0.85645646 	0.25 	0.546 	70.954825 	-10.054149 	-4.6638597
-0.85765766 	0.25 	0.546 	70.997959 	-10.035592 	-4.6514774
-0.85885886 	0.25 	0.546 	71.041093 	-10.017035 	-4.639095
-0.86006006 	0.25 	0.546 	71.084226 	-9.9984781 	-4.6267126
-0.86126126 	0.25 	0.546 	71.12736 	-9.9799211 	-4.6143303
-0.86246246 	0.25 	0.546 	71.170494 	-9.9613642 	-4.6019479
-0.86366366 	0.25 	0.546 	71.213627 	-9.9428072 	-4.5895656
-0.86486486 	0.25 	0.546 	71.256761 	-9.9242502 	-4.5771832
-0.86606607 	0.25 	0.546 	71.301402 	-9.9061625 	-4.5647
-0.86726727 	0.25 	0.546 	71.34065 	-9.8916385 	-4.5528535
-0.86846847 	0.25 	0.546 	71.382904 	-9.8786651 	-4.5407259
-0.86966967 	0.25 	0.546 	71.435423 	-9.8666747 	-4.5275984
-0.87087087 	0.25 	0.546 	71.479718 	-9.8472945 	-4.5149677
-0.87207207 	0.25 	0.546 	71.521167 	-9.826789 	-4.502907
-0.87327327 	0.25 	0.546 	71.562615 	-9.8062836 	-4.4908463
-0.87447447 	0.25 	0.546 	71.604064 	-9.7857782 	-4.4787855
-0.87567568 	0.25 	0.546 	71.645512 	-9.7652727 	-4.4667248
-0.87687688 	0.25 	0.546 	71.686961 	-9.7447673 	-4.454664
-0.87807808 	0.25 	0.546 	71.72841 	-9.7242619 	-4.4426033
-0.87927928 	0.25 	0.546 	71.769858 	-9.7037564 	-4.4305426
-0.88048048 	0.25 	0.546 	71.811307 	-9.683251 	-4.4184818
-0.88168168 	0.25 	0.546 	71.8526 	-9.6625682 	-4.4064417
-0.88288288 	0.25 	0.546 	71.888099 	-9.6352793 	-4.3951674
-0.88408408 	0.25 	0.546 	71.931715 	-9.6141288 	-4.3825416
-0.88528529 	0.25 	0.546 	71.978245 	-9.5956296 	-4.3691298
-0.88648649 	0.25 	0.546 	72.021195 	-9.5755651 	-4.3555461
-0.88768769 	0.25 	0.546 	72.064145 	-9.5555006 	-4.3419623
-0.88888889 	0.25 	0.546 	72.107095 	-9.5354361 	-4.3283786
-0.89009009 	0.25 	0.546 	72.150046 	-9.5153717 	-4.3147948
-0.89129129 	0.25 	0.546 	72.196263 	-9.4890189 	-4.3011104
-0.89249249 	0.25 	0.546 	72.245162 	-9.4575063 	-4.2873434
-0.89369369 	0.25 	0.546 	72.294061 	-9.4259938 	-4.2735764
-0.89489489 	0.25 	0.546 	72.34296 	-9.3944812 	-4.2598094
-0.8960961 	0.25 	0.546 	72.391859 	-9.3629686 	-4.2460424
-0.8972973 	0.25 	0.546 	72.437942 	-9.3329931 	-4.2329028
-0.8984985 	0.25 	0.546 	72.482366 	-9.2990445 	-4.2202744
-0.8996997 	0.25 	0.546 	72.524184 	-9.2762046 	-4.2074586
-0.9009009 	0.25 	0.546 	72.568741 	-9.2505258 	-4.1943194
-0.9021021 	0.25 	0.546 	72.615608 	-9.2246714 	-4.1812071
-0.9033033 	0.25 	0.546 	72.662474 	-9.1988171 	-4.1680949
-0.9045045 	0.25 	0.546 	72.709341 	-9.1729628 	-4.1549827
-0.90570571 	0.25 	0.546 	72.756207 	-9.1471085 	-4.1418705
-0.90690691 	0.25 	0.546 	72.80836 	-9.1166851 	-4.1281671
-0.90810811 	0.25 	0.546 	72.867513 	-9.0802117 	-4.1136808
-0.90930931 	0.25 	0.546 	72.926666 	-9.0437383 	-4.0991945
-0.91051051 	0.25 	0.546 	72.985819 	-9.0072649 	-4.0847082
-0.91171171 	0.25 	0.546 	73.044971 	-8.9707915 	-4.0702219
-0.91291291 	0.25 	0.546 	73.103856 	-8.9330716 	-4.0562772
-0.91411411 	0.25 	0.546 	73.155866 	-8.8953798 	-4.042946
-0.91531532 	0.25 	0.546 	73.186612 	-8.8602705 	-4.0304775
-0.91651652 	0.25 	0.546 	73.247948 	-8.829958 	-4.0163182
-0.91771772 	0.25 	0.546 	73.314083 	-8.8003981 	-4.0018937
-0.91891892 	0.25 	0.546 	73.380218 	-8.7708382 	-3.9874691
-0.92012012 	0.25 	0.546 	73.446353 	-8.7412783 	-3.9730445
-0.92132132 	0.25 	0.546 	73.512289 	-8.7116112 	-3.9586375
-0.92252252 	0.25 	0.546 	73.568364 	-8.6766363 	-3.945098
-0.92372372 	0.25 	0.546 	73.624438 	-8.6416613 	-3.9315585
-0.92492492 	0.25 	0.546 	73.680512 	-8.6066864 	-3.918019
-0.92612613 	0.25 	0.546 	73.736586 	-8.5717115 	-3.9044795
-0.92732733 	0.25 	0.546 	73.786781 	-8.535274 	-3.8910026
-0.92852853 	0.25 	0.546 	73.834947 	-8.4940849 	-3.8773514
-0.92972973 	0.25 	0.546 	73.858409 	-8.4417203 	-3.8644975
-0.93093093 	0.25 	0.546 	73.898728 	-8.4050118 	-3.8510628
-0.93213213 	0.25 	0.546 	73.977371 	-8.3669021 	-3.8343908
-0.93333333 	0.25 	0.546 	74.05969 	-8.3279692 	-3.817353
-0.93453453 	0.25 	0.546 	74.142009 	-8.2890362 	-3.8003151
-0.93573574 	0.25 	0.546 	74.224327 	-8.2501033 	-3.7832773
-0.93693694 	0.25 	0.546 	74.330112 	-8.2304378 	-3.7663421
-0.93813814 	0.25 	0.546 	74.378695 	-8.1868874 	-3.7516897
-0.93933934 	0.25 	0.546 	74.473246 	-8.1528379 	-3.7351349
-0.94054054 	0.25 	0.546 	74.567798 	-8.1187884 	-3.7185802
-0.94174174 	0.25 	0.546 	74.662349 	-8.084739 	-3.7020254
-0.94294294 	0.25 	0.546 	74.746266 	-8.0485681 	-3.685939
-0.94414414 	0.25 	0.546 	74.851163 	-8.0165552 	-3.6697149
-0.94534535 	0.25 	0.546 	74.895687 	-7.9650357 	-3.6553675
-0.94654655 	0.25 	0.546 	74.977112 	-7.930527 	-3.6393683
-0.94774775 	0.25 	0.546 	75.080303 	-7.8975584 	-3.622543
-0.94894895 	0.25 	0.546 	75.183493 	-7.8645899 	-3.6057176
-0.95015015 	0.25 	0.546 	75.286683 	-7.8316214 	-3.5888923
-0.95135135 	0.25 	0.546 	75.397785 	-7.8022968 	-3.5718575
-0.95255255 	0.25 	0.546 	75.501338 	-7.7888161 	-3.5550174
-0.95375375 	0.25 	0.546 	75.595084 	-7.7553483 	-3.5385391
-0.95495495 	0.25 	0.546 	75.707754 	-7.7184724 	-3.5215934
-0.95615616 	0.25 	0.546 	75.820424 	-7.6815964 	-3.5046477
-0.95735736 	0.25 	0.546 	75.933094 	-7.6447204 	-3.487702
-0.95855856 	0.25 	0.546 	76.030713 	-7.6078079 	-3.4710948
-0.95975976 	0.25 	0.546 	76.166216 	-7.5609536 	-3.4544725
-0.96096096 	0.25 	0.546 	76.235558 	-7.5167282 	-3.4378507
-0.96216216 	0.25 	0.546 	76.347349 	-7.4643903 	-3.4208622
-0.96336336 	0.25 	0.546 	76.465979 	-7.4118705 	-3.4038059
-0.96456456 	0.25 	0.546 	76.584608 	-7.3593507 	-3.3867496
-0.96576577 	0.25 	0.546 	76.703238 	-7.3068308 	-3.3696933
-0.96696697 	0.25 	0.546 	76.837425 	-7.2487764 	-3.3529939
-0.96816817 	0.25 	0.546 	76.937638 	-7.2060797 	-3.3355434
-0.96936937 	0.25 	0.546 	77.033198 	-7.1555745 	-3.3198038
-0.97057057 	0.25 	0.546 	77.128759 	-7.1050693 	-3.3040642
-0.97177177 	0.25 	0.546 	77.224319 	-7.0545641 	-3.2883246
-0.97297297 	0.25 	0.546 	77.31988 	-7.0040589 	-3.272585
-0.97417417 	0.25 	0.546 	77.417054 	-6.9527188 	-3.255829
-0.97537538 	0.25 	0.546 	77.537078 	-6.8899976 	-3.2394867
-0.97657658 	0.25 	0.546 	77.651013 	-6.836436 	-3.2212104
-0.97777778 	0.25 	0.546 	77.752079 	-6.7880775 	-3.205291
-0.97897898 	0.25 	0.546 	77.852668 	-6.7407186 	-3.1896132
-0.98018018 	0.25 	0.546 	77.953257 	-6.6933597 	-3.1739353
-0.98138138 	0.25 	0.546 	78.053846 	-6.6460007 	-3.1582575
-0.98258258 	0.25 	0.546 	78.133886 	-6.5979547 	-3.1455014
-0.98378378 	0.25 	0.546 	78.290516 	-6.5348203 	-3.1251634
-0.98498498 	0.25 	0.546 	78.409027 	-6.4822073 	-3.1086746
-0.98618619 	0.25 	0.546 	78.527538 	-6.4295943 	-3.0921858
-0.98738739 	0.25 	0.546 	78.646048 	-6.3769813 	-3.0756971
-0.98858859 	0.25 	0.546 	78.764559 	-6.3243684 	-3.0592083
-0.98978979 	0.25 	0.546 	78.861627 	-6.2762585 	-3.0447907
-0.99099099 	0.25 	0.546 	79.009336 	-6.2060648 	-3.0262021
-0.99219219 	0.25 	0.546 	79.110398 	-6.1496218 	-3.0109641
-0.99339339 	0.25 	0.546 	79.208962 	-6.0939843 	-2.9959323
-0.99459459 	0.25 	0.546 	79.307527 	-6.0383468 	-2.9809005
-0.9957958 	0.25 	0.546 	79.406091 	-5.9827093 	-2.9658688
-0.996997 	0.25 	0.546 	79.504655 	-5.9270718 	-2.950837
-0.9981982 	0.25 	0.546 	79.614516 	-5.8622483 	-2.9352765
-0.9993994 	0.25 	0.546 	79.645072 	-5.7847329 	-2.9225494
-1.0006006 	0.25 	0.546 	79.592945 	-5.7196031 	-2.9150345
-1.0018018 	0.25 	0.546 	79.51747 	-5.6579714 	-2.9089923
-1.003003 	0.25 	0.546 	79.441995 	-5.5963398 	-2.9029502
-1.0042042 	0.25 	0.546 	79.36652 	-5.5347081 	-2.896908
-1.0054054 	0.25 	0.546 	79.480143 	-5.469407 	-2.879188
-1.0066066 	0.25 	0.546 	79.422497 	-5.4312263 	-2.87295
-1.0078078 	0.25 	0.546 	79.704707 	-5.3817136 	-2.8479228
-1.009009 	0.25 	0.546 	79.81115 	-5.3175281 	-2.8310623
-1.0102102 	0.25 	0.546 	79.948682 	-5.2322415 	-2.8112949
-1.0114114 	0.25 	0.546 	80.095184 	-5.1408669 	-2.7906889
-1.0126126 	0.25 	0.546 	80.241685 	-5.0494923 	-2.7700829
-1.0138138 	0.25 	0.546 	80.233571 	-4.9645928 	-2.7587962
-1.015015 	0.25 	0.546 	80.46405 	-4.9119197 	-2.7372192
-1.0162162 	0.25 	0.546 	80.5938 	-4.8413638 	-2.7203447
-1.0174174 	0.25 	0.546 	80.72355 	-4.7708078 	-2.7034701
-1.0186186 	0.25 	0.546 	80.853299 	-4.7002518 	-2.6865956
-1.0198198 	0.25 	0.546 	80.962428 	-4.6261069 	-2.6707353
-1.021021 	0.25 	0.546 	80.960817 	-4.5360045 	-2.6598581
-1.0222222 	0.25 	0.546 	81.106554 	-4.4644543 	-2.6428389
-1.0234234 	0.25 	0.546 	81.199182 	-4.3798863 	-2.6279208
-1.0246246 	0.25 	0.546 	81.284788 	-4.2962814 	-2.613685
-1.0258258 	0.25 	0.546 	81.368582 	-4.2129251 	-2.5996252
-1.027027 	0.25 	0.546 	81.375902 	-4.1277647 	-2.5878013
-1.0282282 	0.25 	0.546 	80.956118 	-4.035618 	-2.5871579
-1.0294294 	0.25 	0.546 	81.275831 	-3.9512665 	-2.5673796
-1.0306306 	0.25 	0.546 	81.203105 	-3.860197 	-2.5576555
-1.0318318 	0.25 	0.546 	81.130379 	-3.7691275 	-2.5479313
-1.033033 	0.25 	0.546 	81.057654 	-3.678058 	-2.5382072
-1.0342342 	0.25 	0.546 	81.039118 	-3.5912999 	-2.5267082
-1.0354354 	0.25 	0.546 	80.901735 	-3.5043575 	-2.5183234
-1.0366366 	0.25 	0.546 	80.951616 	-3.4154671 	-2.5049303
-1.0378378 	0.25 	0.546 	81.032429 	-3.3166908 	-2.4897839
-1.039039 	0.25 	0.546 	81.014276 	-3.2155629 	-2.477211
-1.0402402 	0.25 	0.546 	81.06808 	-3.1158262 	-2.4612869
-1.0414414 	0.25 	0.546 	81.151283 	-3.016658 	-2.4439935
-1.0426426 	0.25 	0.546 	80.990902 	-2.9115677 	-2.4334705
-1.0438438 	0.25 	0.546 	81.120061 	-2.8197522 	-2.4173131
-1.045045 	0.25 	0.546 	81.225752 	-2.7267714 	-2.4027456
-1.0462462 	0.25 	0.546 	81.175442 	-2.6290756 	-2.3924385
-1.0474474 	0.25 	0.546 	81.261382 	-2.5423521 	-2.3788125
-1.0486486 	0.25 	0.546 	81.347321 	-2.4556285 	-2.3651866
-1.0498498 	0.25 	0.546 	81.43326 	-2.368905 	-2.3515606
-1.0510511 	0.25 	0.546 	81.5192 	-2.2821814 	-2.3379346
-1.0522523 	0.25 	0.546 	81.582046 	-2.1946978 	-2.3250316
-1.0534535 	0.25 	0.546 	81.2381 	-2.0783393 	-2.3242117
-1.0546547 	0.25 	0.546 	81.792723 	-1.9157257 	-2.2902391
-1.0558559 	0.25 	0.546 	81.949241 	-1.7801983 	-2.2691025
-1.0570571 	0.25 	0.546 	82.028223 	-1.6481279 	-2.2502347
-1.0582583 	0.25 	0.546 	82.107204 	-1.5160574 	-2.2313668
-1.0594595 	0.25 	0.546 	82.081518 	-1.3886537 	-2.2155618
-1.0606607 	0.25 	0.546 	82.244829 	-1.2661782 	-2.1976539
-1.0618619 	0.25 	0.546 	82.349222 	-1.1511654 	-2.1805061
-1.0630631 	0.25 	0.546 	82.453615 	-1.0361526 	-2.1633584
-1.0642643 	0.25 	0.546 	82.54755 	-0.92247183 	-2.1465556
-1.0654655 	0.25 	0.546 	82.631417 	-0.81007354 	-2.1300849
-1.0666667 	0.25 	0.546 	82.651532 	-0.69445174 	-2.1142938
-1.0678679 	0.25 	0.546 	82.909336 	-0.57488843 	-2.0945285
-1.0690691 	0.25 	0.546 	83.065976 	-0.44389968 	-2.075488
-1.0702703 	0.25 	0.546 	83.222617 	-0.31291094 	-2.0564475
-1.0714715 	0.25 	0.546 	83.379258 	-0.18192219 	-2.0374069
-1.0726727 	0.25 	0.546 	83.535898 	-0.050933444 	-2.0183664
-1.0738739 	0.25 	0.546 	83.622372 	0.08355464 	-2.0006689
-1.0750751 	0.25 	0.546 	83.962248 	0.22100795 	-1.9775083
-1.0762763 	0.25 	0.546 	84.179013 	0.38102461 	-1.956333
-1.0774775 	0.25 	0.546 	84.376648 	0.54194378 	-1.9353737
-1.0786787 	0.25 	0.546 	84.574282 	0.70286295 	-1.9144144
-1.0798799 	0.25 	0.546 	84.771917 	0.86378211 	-1.8934551
-1.0810811 	0.25 	0.546 	84.969551 	1.0247013 	-1.8724959
-1.0822823 	0.25 	0.546 	84.997004 	1.2026239 	-1.8545398
-1.0834835 	0.25 	0.546 	85.504573 	1.370297 	-1.8261702
-1.0846847 	0.25 	0.546 	85.733798 	1.5398704 	-1.8032819
-1.0858859 	0.25 	0.546 	85.963024 	1.7094439 	-1.7803936
-1.0870871 	0.25 	0.546 	86.192249 	1.8790174 	-1.7575053
-1.0882883 	0.25 	0.546 	86.421435 	2.0486012 	-1.7346176
-1.0894895 	0.25 	0.546 	86.640093 	2.2266276 	-1.7116702
-1.0906907 	0.25 	0.546 	86.89097 	2.4403196 	-1.6853883
-1.0918919 	0.25 	0.546 	87.14011 	2.6531558 	-1.6586322
-1.0930931 	0.25 	0.546 	87.38925 	2.865992 	-1.6318762
-1.0942943 	0.25 	0.546 	87.638389 	3.0788282 	-1.6051201
-1.0954955 	0.25 	0.546 	87.59102 	3.2684102 	-1.5842667
-1.0966967 	0.25 	0.546 	87.906609 	3.4743731 	-1.5607468
-1.0978979 	0.25 	0.546 	88.030126 	3.6359059 	-1.5420587
-1.0990991 	0.25 	0.546 	88.155457 	3.7979264 	-1.5227416
-1.1003003 	0.25 	0.546 	88.280788 	3.9599469 	-1.5034245
-1.1015015 	0.25 	0.546 	88.406119 	4.1219674 	-1.4841075
-1.1027027 	0.25 	0.546 	88.53145 	4.2839879 	-1.4647904
-1.1039039 	0.25 	0.546 	88.656781 	4.4460084 	-1.4454733
-1.1051051 	0.25 	0.546 	88.708975 	4.5926059 	-1.4286533
-1.1063063 	0.25 	0.546 	88.786158 	4.7557982 	-1.4085788
-1.1075075 	0.25 	0.546 	88.917825 	4.9908163 	-1.3832334
-1.1087087 	0.25 	0.546 	88.978342 	5.2244916 	-1.3604105
-1.1099099 	0.25 	0.546 	89.072116 	5.4608832 	-1.3369174
-1.1111111 	0.25 	0.546 	89.214741 	5.7012649 	-1.3124401
-1.1123123 	0.25 	0.546 	89.313546 	5.9411099 	-1.2896943
-1.1135135 	0.25 	0.546 	89.361786 	6.1931435 	-1.2693119
-1.1147147 	0.25 	0.546 	89.436358 	6.4386788 	-1.2474891
-1.1159159 	0.25 	0.546 	89.477341 	6.6799678 	-1.2268426
-1.1171171 	0.25 	0.546 	89.518325 	6.9212568 	-1.2061961
-1.1183183 	0.25 	0.546 	89.559309 	7.1625459 	-1.1855497
-1.1195195 	0.25 	0.546 	89.529877 	7.3950451 	-1.1677636
-1.1207207 	0.25 	0.546 	89.496971 	7.6368783 	-1.150273
-1.1219219 	0.25 	0.546 	89.488069 	7.912107 	-1.1323685
-1.1231231 	0.25 	0.546 	89.478643 	8.1888459 	-1.1139044
-1.1243243 	0.25 	0.546 	89.476594 	8.4778933 	-1.0961638
-1.1255255 	0.25 	0.546 	89.478508 	8.7735526 	-1.0788118
-1.1267267 	0.25 	0.546 	89.489443 	9.0692241 	-1.0613679
-1.1279279 	0.25 	0.546 	89.530042 	9.4092798 	-1.0461617
-1.1291291 	0.25 	0.546 	89.486841 	9.7311081 	-1.0261889
-1.1303303 	0.25 	0.546 	89.479063 	10.132311 	-1.0057596
-1.1315315 	0.25 	0.546 	89.44431 	10.599756 	-0.98245373
-1.1327327 	0.25 	0.546 	89.409557 	11.067202 	-0.95914782
-1.1339339 	0.25 	0.546 	89.374804 	11.534648 	-0.9358419
-1.1351351 	0.25 	0.546 	89.386545 	12.008959 	-0.91592058
-1.1363363 	0.25 	0.546 	89.284225 	12.353904 	-0.89723343
-1.1375375 	0.25 	0.546 	89.172559 	12.749591 	-0.87803642
-1.1387387 	0.25 	0.546 	89.060893 	13.145279 	-0.8588394
-1.1399399 	0.25 	0.546 	88.949227 	13.540966 	-0.83964239
-1.1411411 	0.25 	0.546 	88.837561 	13.936654 	-0.82044538
-1.1423423 	0.25 	0.546 	88.754195 	14.372288 	-0.79981229
-1.1435435 	0.25 	0.546 	88.668134 	14.887569 	-0.77896355
-1.1447447 	0.25 	0.546 	88.474622 	15.43152 	-0.75727483
-1.1459459 	0.25 	0.546 	88.320463 	15.922312 	-0.73430258
-1.1471471 	0.25 	0.546 	88.139723 	16.426453 	-0.71146421
-1.1483483 	0.25 	0.546 	87.958982 	16.930594 	-0.68862585
-1.1495495 	0.25 	0.546 	87.778242 	17.434735 	-0.66578749
-1.1507508 	0.25 	0.546 	87.610951 	17.92841 	-0.64291045
-1.151952 	0.25 	0.546 	87.491866 	18.382322 	-0.6205566
-1.1531532 	0.25 	0.546 	87.295149 	18.867687 	-0.59760016
-1.1543544 	0.25 	0.546 	87.087027 	19.352976 	-0.57411093
-1.1555556 	0.25 	0.546 	86.878905 	19.838265 	-0.55062171
-1.1567568 	0.25 	0.546 	86.670783 	20.323554 	-0.52713248
-1.157958 	0.25 	0.546 	86.472198 	20.801278 	-0.503555
-1.1591592 	0.25 	0.546 	86.275776 	21.259038 	-0.47922092
-1.1603604 	0.25 	0.546 	85.996528 	21.771952 	-0.45579884
-1.1615616 	0.25 	0.546 	85.689825 	22.259573 	-0.43150086
-1.1627628 	0.25 	0.546 	85.36631 	22.757182 	-0.4072989
-1.163964 	0.25 	0.546 	85.042796 	23.254792 	-0.38309694
-1.1651652 	0.25 	0.546 	84.719282 	23.752401 	-0.35889498
-1.1663664 	0.25 	0.546 	84.396147 	24.243877 	-0.33468067
-1.1675676 	0.25 	0.546 	84.058544 	24.695048 	-0.31107794
-1.1687688 	0.25 	0.546 	83.660402 	25.179377 	-0.28761108
-1.16997 	0.25 	0.546 	83.247369 	25.672853 	-0.26377342
-1.1711712 	0.25 	0.546 	82.834337 	26.166329 	-0.23993576
-1.1723724 	0.25 	0.546 	82.421304 	26.659806 	-0.2160981
-1.1735736 	0.25 	0.546 	82.021746 	27.115418 	-0.19245363
-1.1747748 	0.25 	0.546 	81.599011 	27.571091 	-0.16908286
-1.175976 	0.25 	0.546 	81.11225 	28.061699 	-0.14669498
-1.1771772 	0.25 	0.546 	80.59453 	28.514098 	-0.1245971
-1.1783784 	0.25 	0.546 	80.052523 	28.974759 	-0.10194357
-1.1795796 	0.25 	0.546 	79.508497 	29.436108 	-0.079243818
-1.1807808 	0.25 	0.546 	78.964471 	29.897457 	-0.056544067
-1.181982 	0.25 	0.546 	78.420445 	30.358805 	-0.033844316
-1.1831832 	0.25 	0.546 	77.831695 	30.77333 	-0.012551124
-1.1843844 	0.25 	0.546 	77.057416 	31.135902 	0.010615199
-1.1855856 	0.25 	0.546 	76.159566 	31.460827 	0.035402393
-1.1867868 	0.25 	0.546 	75.261716 	31.785753 	0.060189586
-1.187988 	0.25 	0.546 	74.423529 	32.109984 	0.083686719
-1.1891892 	0.25 	0.546 	73.791579 	32.431811 	0.10272448
-1.1903904 	0.25 	0.546 	72.999937 	32.711412 	0.1229822
-1.1915916 	0.25 	0.546 	72.222036 	32.845847 	0.14040739
-1.1927928 	0.25 	0.546 	71.303837 	32.892623 	0.15962745
-1.193994 	0.25 	0.546 	70.638116 	32.87054 	0.17383763
-1.1951952 	0.25 	0.546 	69.972394 	32.848457 	0.18804781
-1.1963964 	0.25 	0.546 	69.306673 	32.826373 	0.202258
-1.1975976 	0.25 	0.546 	68.640952 	32.80429 	0.21646818
-1.1987988 	0.25 	0.546 	67.975231 	32.782206 	0.23067837
-1.2 	0.25 	0.546 	67.30951 	32.760123 	0.24488855
