-1.2 	-0.05 	0.637 	46.598301 	-2.0735302 	4.0631556
-1.1987988 	-0.05 	0.637 	46.5992 	-2.0969978 	4.0757492
-1.1975976 	-0.05 	0.637 	46.600099 	-2.1204655 	4.0883428
-1.1963964 	-0.05 	0.637 	46.600999 	-2.1439332 	4.1009364
-1.1951952 	-0.05 	0.637 	46.601898 	-2.1674009 	4.11353
-1.193994 	-0.05 	0.637 	46.602797 	-2.1908685 	4.1261236
-1.1927928 	-0.05 	0.637 	46.603696 	-2.2143362 	4.1387172
-1.1915916 	-0.05 	0.637 	46.604595 	-2.2378039 	4.1513108
-1.1903904 	-0.05 	0.637 	46.605494 	-2.2612716 	4.1639044
-1.1891892 	-0.05 	0.637 	46.606393 	-2.2847392 	4.176498
-1.187988 	-0.05 	0.637 	46.607292 	-2.3082069 	4.1890916
-1.1867868 	-0.05 	0.637 	46.608191 	-2.3316746 	4.2016852
-1.1855856 	-0.05 	0.637 	46.60909 	-2.3551422 	4.2142788
-1.1843844 	-0.05 	0.637 	46.60999 	-2.3786099 	4.2268724
-1.1831832 	-0.05 	0.637 	46.610889 	-2.4020776 	4.239466
-1.181982 	-0.05 	0.637 	46.611788 	-2.4255453 	4.2520596
-1.1807808 	-0.05 	0.637 	46.612687 	-2.4490129 	4.2646532
-1.1795796 	-0.05 	0.637 	46.613586 	-2.4724806 	4.2772468
-1.1783784 	-0.05 	0.637 	46.614485 	-2.4959483 	4.2898404
-1.1771772 	-0.05 	0.637 	46.615384 	-2.519416 	4.302434
-1.175976 	-0.05 	0.637 	46.616283 	-2.5428836 	4.3150276
-1.1747748 	-0.05 	0.637 	46.617182 	-2.5663513 	4.3276212
-1.1735736 	-0.05 	0.637 	46.618081 	-2.589819 	4.3402148
-1.1723724 	-0.05 	0.637 	46.61898 	-2.6132867 	4.3528084
-1.1711712 	-0.05 	0.637 	46.61988 	-2.6367543 	4.365402
-1.16997 	-0.05 	0.637 	46.620779 	-2.660222 	4.3779956
-1.1687688 	-0.05 	0.637 	46.621678 	-2.6836897 	4.3905892
-1.1675676 	-0.05 	0.637 	46.622577 	-2.7071574 	4.4031829
-1.1663664 	-0.05 	0.637 	46.623476 	-2.730625 	4.4157765
-1.1651652 	-0.05 	0.637 	46.624375 	-2.7540927 	4.4283701
-1.163964 	-0.05 	0.637 	46.625274 	-2.7775604 	4.4409637
-1.1627628 	-0.05 	0.637 	46.626173 	-2.801028 	4.4535573
-1.1615616 	-0.05 	0.637 	46.627072 	-2.8244957 	4.4661509
-1.1603604 	-0.05 	0.637 	46.627971 	-2.8479634 	4.4787445
-1.1591592 	-0.05 	0.637 	46.628871 	-2.8714311 	4.4913381
-1.157958 	-0.05 	0.637 	46.643566 	-2.893366 	4.5048117
-1.1567568 	-0.05 	0.637 	46.658999 	-2.9152189 	4.5183323
-1.1555556 	-0.05 	0.637 	46.674433 	-2.9370718 	4.531853
-1.1543544 	-0.05 	0.637 	46.689866 	-2.9589247 	4.5453737
-1.1531532 	-0.05 	0.637 	46.705299 	-2.9807776 	4.5588944
-1.151952 	-0.05 	0.637 	46.720733 	-3.0026305 	4.572415
-1.1507508 	-0.05 	0.637 	46.736166 	-3.0244834 	4.5859357
-1.1495495 	-0.05 	0.637 	46.751718 	-3.0461189 	4.5999883
-1.1483483 	-0.05 	0.637 	46.767273 	-3.0677495 	4.6140526
-1.1471471 	-0.05 	0.637 	46.782828 	-3.0893801 	4.6281169
-1.1459459 	-0.05 	0.637 	46.798383 	-3.1110108 	4.6421812
-1.1447447 	-0.05 	0.637 	46.813938 	-3.1326414 	4.6562455
-1.1435435 	-0.05 	0.637 	46.829492 	-3.154272 	4.6703098
-1.1423423 	-0.05 	0.637 	46.845047 	-3.1759027 	4.6843741
-1.1411411 	-0.05 	0.637 	46.860602 	-3.1975333 	4.6984385
-1.1399399 	-0.05 	0.637 	46.876157 	-3.2191639 	4.7125028
-1.1387387 	-0.05 	0.637 	46.891712 	-3.2407946 	4.7265671
-1.1375375 	-0.05 	0.637 	46.907267 	-3.2624252 	4.7406314
-1.1363363 	-0.05 	0.637 	46.922821 	-3.2840558 	4.7546957
-1.1351351 	-0.05 	0.637 	46.938376 	-3.3056864 	4.76876
-1.1339339 	-0.05 	0.637 	46.953931 	-3.3273171 	4.7828243
-1.1327327 	-0.05 	0.637 	46.969486 	-3.3489477 	4.7968886
-1.1315315 	-0.05 	0.637 	46.985041 	-3.3705783 	4.8109529
-1.1303303 	-0.05 	0.637 	47.000596 	-3.392209 	4.8250172
-1.1291291 	-0.05 	0.637 	47.016151 	-3.4138396 	4.8390815
-1.1279279 	-0.05 	0.637 	47.031705 	-3.4354702 	4.8531458
-1.1267267 	-0.05 	0.637 	47.04726 	-3.4571009 	4.8672101
-1.1255255 	-0.05 	0.637 	47.062815 	-3.4787315 	4.8812744
-1.1243243 	-0.05 	0.637 	47.07837 	-3.5003621 	4.8953387
-1.1231231 	-0.05 	0.637 	47.093925 	-3.5219928 	4.909403
-1.1219219 	-0.05 	0.637 	47.10948 	-3.5436234 	4.9234673
-1.1207207 	-0.05 	0.637 	47.125034 	-3.565254 	4.9375316
-1.1195195 	-0.05 	0.637 	47.140589 	-3.5868847 	4.9515959
-1.1183183 	-0.05 	0.637 	47.156144 	-3.6085153 	4.9656602
-1.1171171 	-0.05 	0.637 	47.171699 	-3.6301459 	4.9797245
-1.1159159 	-0.05 	0.637 	47.187254 	-3.6517766 	4.9937888
-1.1147147 	-0.05 	0.637 	47.202809 	-3.6734072 	5.0078531
-1.1135135 	-0.05 	0.637 	47.218363 	-3.6950378 	5.0219174
-1.1123123 	-0.05 	0.637 	47.233918 	-3.7166685 	5.0359817
-1.1111111 	-0.05 	0.637 	47.249473 	-3.7382991 	5.050046
-1.1099099 	-0.05 	0.637 	47.265028 	-3.7599297 	5.0641103
-1.1087087 	-0.05 	0.637 	47.280583 	-3.7815604 	5.0781746
-1.1075075 	-0.05 	0.637 	47.296138 	-3.803191 	5.0922389
-1.1063063 	-0.05 	0.637 	47.31276 	-3.8299552 	5.1081453
-1.1051051 	-0.05 	0.637 	47.329409 	-3.8568455 	5.1240969
-1.1039039 	-0.05 	0.637 	47.346058 	-3.8837358 	5.1400485
-1.1027027 	-0.05 	0.637 	47.362707 	-3.9106261 	5.1560002
-1.1015015 	-0.05 	0.637 	47.379355 	-3.9375164 	5.1719518
-1.1003003 	-0.05 	0.637 	47.396004 	-3.9644067 	5.1879034
-1.0990991 	-0.05 	0.637 	47.412653 	-3.991297 	5.203855
-1.0978979 	-0.05 	0.637 	47.429005 	-4.0159129 	5.219295
-1.0966967 	-0.05 	0.637 	47.443214 	-4.0240823 	5.231036
-1.0954955 	-0.05 	0.637 	47.457424 	-4.0322517 	5.2427769
-1.0942943 	-0.05 	0.637 	47.471633 	-4.0404212 	5.2545179
-1.0930931 	-0.05 	0.637 	47.485842 	-4.0485906 	5.2662588
-1.0918919 	-0.05 	0.637 	47.500051 	-4.05676 	5.2779998
-1.0906907 	-0.05 	0.637 	47.51426 	-4.0649295 	5.2897407
-1.0894895 	-0.05 	0.637 	47.52847 	-4.0730989 	5.3014817
-1.0882883 	-0.05 	0.637 	47.546991 	-4.0838919 	5.3142146
-1.0870871 	-0.05 	0.637 	47.571711 	-4.0984558 	5.3283732
-1.0858859 	-0.05 	0.637 	47.596431 	-4.1130197 	5.3425318
-1.0846847 	-0.05 	0.637 	47.621151 	-4.1275836 	5.3566904
-1.0834835 	-0.05 	0.637 	47.645871 	-4.1421475 	5.3708491
-1.0822823 	-0.05 	0.637 	47.670591 	-4.1567114 	5.3850077
-1.0810811 	-0.05 	0.637 	47.695311 	-4.1712753 	5.3991663
-1.0798799 	-0.05 	0.637 	47.720031 	-4.1858392 	5.4133249
-1.0786787 	-0.05 	0.637 	47.744751 	-4.200403 	5.4274836
-1.0774775 	-0.05 	0.637 	47.769471 	-4.2149669 	5.4416422
-1.0762763 	-0.05 	0.637 	47.794191 	-4.2295308 	5.4558008
-1.0750751 	-0.05 	0.637 	47.818911 	-4.2440947 	5.4699594
-1.0738739 	-0.05 	0.637 	47.843631 	-4.2586586 	5.4841181
-1.0726727 	-0.05 	0.637 	47.868351 	-4.2732225 	5.4982767
-1.0714715 	-0.05 	0.637 	47.89307 	-4.2877864 	5.5124353
-1.0702703 	-0.05 	0.637 	47.91779 	-4.3023502 	5.5265939
-1.0690691 	-0.05 	0.637 	47.94251 	-4.3169141 	5.5407526
-1.0678679 	-0.05 	0.637 	47.96723 	-4.331478 	5.5549112
-1.0666667 	-0.05 	0.637 	47.99195 	-4.3460419 	5.5690698
-1.0654655 	-0.05 	0.637 	48.01667 	-4.3606058 	5.5832284
-1.0642643 	-0.05 	0.637 	48.04139 	-4.3751697 	5.5973871
-1.0630631 	-0.05 	0.637 	48.06611 	-4.3897336 	5.6115457
-1.0618619 	-0.05 	0.637 	48.09083 	-4.4042975 	5.6257043
-1.0606607 	-0.05 	0.637 	48.11555 	-4.4188613 	5.6398629
-1.0594595 	-0.05 	0.637 	48.14027 	-4.4334252 	5.6540216
-1.0582583 	-0.05 	0.637 	48.16499 	-4.4479891 	5.6681802
-1.0570571 	-0.05 	0.637 	48.18971 	-4.462553 	5.6823388
-1.0558559 	-0.05 	0.637 	48.21443 	-4.4771169 	5.6964974
-1.0546547 	-0.05 	0.637 	48.23915 	-4.4916808 	5.7106561
-1.0534535 	-0.05 	0.637 	48.263869 	-4.5062447 	5.7248147
-1.0522523 	-0.05 	0.637 	48.288589 	-4.5208085 	5.7389733
-1.0510511 	-0.05 	0.637 	48.313309 	-4.5353724 	5.7531319
-1.0498498 	-0.05 	0.637 	48.338054 	-4.5499999 	5.767155
-1.0486486 	-0.05 	0.637 	48.362852 	-4.5647647 	5.7808849
-1.0474474 	-0.05 	0.637 	48.387649 	-4.5795295 	5.7946148
-1.0462462 	-0.05 	0.637 	48.412447 	-4.5942943 	5.8083447
-1.045045 	-0.05 	0.637 	48.438909 	-4.60899 	5.8215824
-1.0438438 	-0.05 	0.637 	48.46602 	-4.6236589 	5.8346283
-1.0426426 	-0.05 	0.637 	48.49313 	-4.6383277 	5.8476743
-1.0414414 	-0.05 	0.637 	48.52024 	-4.6529966 	5.8607202
-1.0402402 	-0.05 	0.637 	48.547351 	-4.6676654 	5.8737662
-1.039039 	-0.05 	0.637 	48.574461 	-4.6823343 	5.8868121
-1.0378378 	-0.05 	0.637 	48.601571 	-4.6970031 	5.899858
-1.0366366 	-0.05 	0.637 	48.627305 	-4.7086138 	5.9131083
-1.0354354 	-0.05 	0.637 	48.650257 	-4.7140422 	5.9267716
-1.0342342 	-0.05 	0.637 	48.673208 	-4.7194706 	5.9404349
-1.033033 	-0.05 	0.637 	48.69616 	-4.7248989 	5.9540982
-1.0318318 	-0.05 	0.637 	48.719111 	-4.7303273 	5.9677614
-1.0306306 	-0.05 	0.637 	48.742063 	-4.7357557 	5.9814247
-1.0294294 	-0.05 	0.637 	48.765014 	-4.7411841 	5.995088
-1.0282282 	-0.05 	0.637 	48.788119 	-4.7466694 	6.008741
-1.027027 	-0.05 	0.637 	48.815462 	-4.7537302 	6.0221091
-1.0258258 	-0.05 	0.637 	48.842806 	-4.7607911 	6.0354771
-1.0246246 	-0.05 	0.637 	48.870149 	-4.7678519 	6.0488452
-1.0234234 	-0.05 	0.637 	48.897492 	-4.7749128 	6.0622132
-1.0222222 	-0.05 	0.637 	48.924836 	-4.7819737 	6.0755813
-1.021021 	-0.05 	0.637 	48.952179 	-4.7890345 	6.0889493
-1.0198198 	-0.05 	0.637 	48.979523 	-4.7960954 	6.1023173
-1.0186186 	-0.05 	0.637 	49.006866 	-4.8031563 	6.1156854
-1.0174174 	-0.05 	0.637 	49.034209 	-4.8102171 	6.1290534
-1.0162162 	-0.05 	0.637 	49.061553 	-4.817278 	6.1424215
-1.015015 	-0.05 	0.637 	49.088896 	-4.8243389 	6.1557895
-1.0138138 	-0.05 	0.637 	49.11624 	-4.8313997 	6.1691576
-1.0126126 	-0.05 	0.637 	49.143583 	-4.8384606 	6.1825256
-1.0114114 	-0.05 	0.637 	49.170926 	-4.8455214 	6.1958937
-1.0102102 	-0.05 	0.637 	49.19827 	-4.8525823 	6.2092617
-1.009009 	-0.05 	0.637 	49.225613 	-4.8596432 	6.2226298
-1.0078078 	-0.05 	0.637 	49.252957 	-4.866704 	6.2359978
-1.0066066 	-0.05 	0.637 	49.2803 	-4.8737649 	6.2493659
-1.0054054 	-0.05 	0.637 	49.307643 	-4.8808258 	6.2627339
-1.0042042 	-0.05 	0.637 	49.334987 	-4.8878866 	6.276102
-1.003003 	-0.05 	0.637 	49.36233 	-4.8949475 	6.28947
-1.0018018 	-0.05 	0.637 	49.389674 	-4.9020084 	6.3028381
-1.0006006 	-0.05 	0.637 	49.417017 	-4.9090692 	6.3162061
-0.9993994 	-0.05 	0.637 	49.44436 	-4.9161301 	6.3295742
-0.9981982 	-0.05 	0.637 	49.471704 	-4.9231909 	6.3429422
-0.996997 	-0.05 	0.637 	49.499047 	-4.9302518 	6.3563102
-0.9957958 	-0.05 	0.637 	49.526391 	-4.9373127 	6.3696783
-0.99459459 	-0.05 	0.637 	49.553734 	-4.9443735 	6.3830463
-0.99339339 	-0.05 	0.637 	49.581077 	-4.9514344 	6.3964144
-0.99219219 	-0.05 	0.637 	49.608421 	-4.9584953 	6.4097824
-0.99099099 	-0.05 	0.637 	49.635764 	-4.9655561 	6.4231505
-0.98978979 	-0.05 	0.637 	49.663108 	-4.972617 	6.4365185
-0.98858859 	-0.05 	0.637 	49.690554 	-4.9797369 	6.4497097
-0.98738739 	-0.05 	0.637 	49.718105 	-4.9869173 	6.4627197
-0.98618619 	-0.05 	0.637 	49.745656 	-4.9940977 	6.4757296
-0.98498498 	-0.05 	0.637 	49.773207 	-5.0012781 	6.4887396
-0.98378378 	-0.05 	0.637 	49.801613 	-5.0075703 	6.5014932
-0.98258258 	-0.05 	0.637 	49.830543 	-5.0133164 	6.514089
-0.98138138 	-0.05 	0.637 	49.859473 	-5.0190624 	6.5266849
-0.98018018 	-0.05 	0.637 	49.888404 	-5.0248085 	6.5392808
-0.97897898 	-0.05 	0.637 	49.917334 	-5.0305545 	6.5518767
-0.97777778 	-0.05 	0.637 	49.946264 	-5.0363006 	6.5644726
-0.97657658 	-0.05 	0.637 	49.975195 	-5.0420466 	6.5770685
-0.97537538 	-0.05 	0.637 	50.000808 	-5.0484909 	6.5898741
-0.97417417 	-0.05 	0.637 	50.02308 	-5.0556387 	6.6028911
-0.97297297 	-0.05 	0.637 	50.045351 	-5.0627865 	6.6159081
-0.97177177 	-0.05 	0.637 	50.067623 	-5.0699343 	6.6289252
-0.97057057 	-0.05 	0.637 	50.089894 	-5.0770821 	6.6419422
-0.96936937 	-0.05 	0.637 	50.112166 	-5.0842299 	6.6549592
-0.96816817 	-0.05 	0.637 	50.134437 	-5.0913778 	6.6679762
-0.96696697 	-0.05 	0.637 	50.158233 	-5.0959598 	6.680671
-0.96576577 	-0.05 	0.637 	50.183734 	-5.0976715 	6.6930052
-0.96456456 	-0.05 	0.637 	50.209235 	-5.0993833 	6.7053394
-0.96336336 	-0.05 	0.637 	50.234736 	-5.1010951 	6.7176737
-0.96216216 	-0.05 	0.637 	50.260148 	-5.1027571 	6.7301814
-0.96096096 	-0.05 	0.637 	50.285474 	-5.1043716 	6.7428548
-0.95975976 	-0.05 	0.637 	50.3108 	-5.1059861 	6.7555282
-0.95855856 	-0.05 	0.637 	50.336125 	-5.1076006 	6.7682016
-0.95735736 	-0.05 	0.637 	50.361451 	-5.1092151 	6.780875
-0.95615616 	-0.05 	0.637 	50.386777 	-5.1108296 	6.7935484
-0.95495495 	-0.05 	0.637 	50.412103 	-5.1124441 	6.8062218
-0.95375375 	-0.05 	0.637 	50.437429 	-5.1140587 	6.8188951
-0.95255255 	-0.05 	0.637 	50.462755 	-5.1156732 	6.8315685
-0.95135135 	-0.05 	0.637 	50.488081 	-5.1172877 	6.8442419
-0.95015015 	-0.05 	0.637 	50.513406 	-5.1189022 	6.8569153
-0.94894895 	-0.05 	0.637 	50.538732 	-5.1205167 	6.8695887
-0.94774775 	-0.05 	0.637 	50.564058 	-5.1221312 	6.8822621
-0.94654655 	-0.05 	0.637 	50.589384 	-5.1237457 	6.8949354
-0.94534535 	-0.05 	0.637 	50.61471 	-5.1253602 	6.9076088
-0.94414414 	-0.05 	0.637 	50.640036 	-5.1269747 	6.9202822
-0.94294294 	-0.05 	0.637 	50.665362 	-5.1285893 	6.9329556
-0.94174174 	-0.05 	0.637 	50.690687 	-5.1302038 	6.945629
-0.94054054 	-0.05 	0.637 	50.716013 	-5.1318183 	6.9583024
-0.93933934 	-0.05 	0.637 	50.741339 	-5.1334328 	6.9709758
-0.93813814 	-0.05 	0.637 	50.766665 	-5.1350473 	6.9836491
-0.93693694 	-0.05 	0.637 	50.791991 	-5.1366618 	6.9963225
-0.93573574 	-0.05 	0.637 	50.817317 	-5.1382763 	7.0089959
-0.93453453 	-0.05 	0.637 	50.842642 	-5.1398908 	7.0216693
-0.93333333 	-0.05 	0.637 	50.867968 	-5.1415054 	7.0343427
-0.93213213 	-0.05 	0.637 	50.893294 	-5.1431199 	7.0470161
-0.93093093 	-0.05 	0.637 	50.91862 	-5.1447344 	7.0596894
-0.92972973 	-0.05 	0.637 	50.943946 	-5.1463489 	7.0723628
-0.92852853 	-0.05 	0.637 	50.969272 	-5.1479634 	7.0850362
-0.92732733 	-0.05 	0.637 	50.994598 	-5.1495779 	7.0977096
-0.92612613 	-0.05 	0.637 	51.019923 	-5.1511924 	7.110383
-0.92492492 	-0.05 	0.637 	51.045249 	-5.1528069 	7.1230564
-0.92372372 	-0.05 	0.637 	51.070575 	-5.1544214 	7.1357298
-0.92252252 	-0.05 	0.637 	51.096276 	-5.1544586 	7.1481582
-0.92132132 	-0.05 	0.637 	51.122483 	-5.1523609 	7.160255
-0.92012012 	-0.05 	0.637 	51.148691 	-5.1502632 	7.1723519
-0.91891892 	-0.05 	0.637 	51.174898 	-5.1481656 	7.1844487
-0.91771772 	-0.05 	0.637 	51.201106 	-5.1460679 	7.1965456
-0.91651652 	-0.05 	0.637 	51.227314 	-5.1439702 	7.2086424
-0.91531532 	-0.05 	0.637 	51.253521 	-5.1418725 	7.2207393
-0.91411411 	-0.05 	0.637 	51.275808 	-5.1428857 	7.232891
-0.91291291 	-0.05 	0.637 	51.296439 	-5.1452126 	7.245066
-0.91171171 	-0.05 	0.637 	51.31707 	-5.1475395 	7.2572409
-0.91051051 	-0.05 	0.637 	51.337701 	-5.1498663 	7.2694158
-0.90930931 	-0.05 	0.637 	51.358332 	-5.1521932 	7.2815907
-0.90810811 	-0.05 	0.637 	51.378962 	-5.1545201 	7.2937656
-0.90690691 	-0.05 	0.637 	51.399648 	-5.1566186 	7.3059348
-0.90570571 	-0.05 	0.637 	51.421382 	-5.1542978 	7.317994
-0.9045045 	-0.05 	0.637 	51.443117 	-5.1519769 	7.3300531
-0.9033033 	-0.05 	0.637 	51.464851 	-5.1496561 	7.3421123
-0.9021021 	-0.05 	0.637 	51.486585 	-5.1473353 	7.3541714
-0.9009009 	-0.05 	0.637 	51.50832 	-5.1450144 	7.3662306
-0.8996997 	-0.05 	0.637 	51.530054 	-5.1426936 	7.3782897
-0.8984985 	-0.05 	0.637 	51.551789 	-5.1403728 	7.3903489
-0.8972973 	-0.05 	0.637 	51.573523 	-5.1380519 	7.4024081
-0.8960961 	-0.05 	0.637 	51.595258 	-5.1357311 	7.4144672
-0.89489489 	-0.05 	0.637 	51.616992 	-5.1334103 	7.4265264
-0.89369369 	-0.05 	0.637 	51.638727 	-5.1310895 	7.4385855
-0.89249249 	-0.05 	0.637 	51.660461 	-5.1287686 	7.4506447
-0.89129129 	-0.05 	0.637 	51.682195 	-5.1264478 	7.4627038
-0.89009009 	-0.05 	0.637 	51.70393 	-5.124127 	7.474763
-0.88888889 	-0.05 	0.637 	51.725664 	-5.1218061 	7.4868221
-0.88768769 	-0.05 	0.637 	51.747399 	-5.1194853 	7.4988813
-0.88648649 	-0.05 	0.637 	51.769133 	-5.1171645 	7.5109405
-0.88528529 	-0.05 	0.637 	51.790868 	-5.1148437 	7.5229996
-0.88408408 	-0.05 	0.637 	51.812602 	-5.1125228 	7.5350588
-0.88288288 	-0.05 	0.637 	51.834337 	-5.110202 	7.5471179
-0.88168168 	-0.05 	0.637 	51.856071 	-5.1078812 	7.5591771
-0.88048048 	-0.05 	0.637 	51.877805 	-5.1055603 	7.5712362
-0.87927928 	-0.05 	0.637 	51.89954 	-5.1032395 	7.5832954
-0.87807808 	-0.05 	0.637 	51.921274 	-5.1009187 	7.5953545
-0.87687688 	-0.05 	0.637 	51.943009 	-5.0985978 	7.6074137
-0.87567568 	-0.05 	0.637 	51.964743 	-5.096277 	7.6194728
-0.87447447 	-0.05 	0.637 	51.986478 	-5.0939562 	7.631532
-0.87327327 	-0.05 	0.637 	52.008212 	-5.0916354 	7.6435912
-0.87207207 	-0.05 	0.637 	52.029947 	-5.0893145 	7.6556503
-0.87087087 	-0.05 	0.637 	52.051681 	-5.0869937 	7.6677095
-0.86966967 	-0.05 	0.637 	52.073415 	-5.0846729 	7.6797686
-0.86846847 	-0.05 	0.637 	52.09515 	-5.082352 	7.6918278
-0.86726727 	-0.05 	0.637 	52.116884 	-5.0800312 	7.7038869
-0.86606607 	-0.05 	0.637 	52.138759 	-5.0777524 	7.7156714
-0.86486486 	-0.05 	0.637 	52.160648 	-5.0754782 	7.7274263
-0.86366366 	-0.05 	0.637 	52.182537 	-5.0732039 	7.7391813
-0.86246246 	-0.05 	0.637 	52.204426 	-5.0709296 	7.7509362
-0.86126126 	-0.05 	0.637 	52.226106 	-5.0668561 	7.7624922
-0.86006006 	-0.05 	0.637 	52.247571 	-5.0609418 	7.7738445
-0.85885886 	-0.05 	0.637 	52.269036 	-5.0550274 	7.7851968
-0.85765766 	-0.05 	0.637 	52.2905 	-5.049113 	7.7965491
-0.85645646 	-0.05 	0.637 	52.311965 	-5.0431986 	7.8079014
-0.85525526 	-0.05 	0.637 	52.33343 	-5.0372842 	7.8192537
-0.85405405 	-0.05 	0.637 	52.354895 	-5.0313698 	7.830606
-0.85285285 	-0.05 	0.637 	52.373379 	-5.0301521 	7.8425189
-0.85165165 	-0.05 	0.637 	52.391594 	-5.0293589 	7.8544825
-0.85045045 	-0.05 	0.637 	52.409809 	-5.0285657 	7.866446
-0.84924925 	-0.05 	0.637 	52.428024 	-5.0277725 	7.8784096
-0.84804805 	-0.05 	0.637 	52.44624 	-5.0269793 	7.8903732
-0.84684685 	-0.05 	0.637 	52.464455 	-5.0261861 	7.9023367
-0.84564565 	-0.05 	0.637 	52.482479 	-5.0239723 	7.9140841
-0.84444444 	-0.05 	0.637 	52.500222 	-5.0196505 	7.9255107
-0.84324324 	-0.05 	0.637 	52.517965 	-5.0153287 	7.9369373
-0.84204204 	-0.05 	0.637 	52.535707 	-5.0110069 	7.9483638
-0.84084084 	-0.05 	0.637 	52.55345 	-5.0066851 	7.9597904
-0.83963964 	-0.05 	0.637 	52.571193 	-5.0023632 	7.971217
-0.83843844 	-0.05 	0.637 	52.588935 	-4.9980414 	7.9826436
-0.83723724 	-0.05 	0.637 	52.606678 	-4.9937196 	7.9940702
-0.83603604 	-0.05 	0.637 	52.62442 	-4.9893978 	8.0054967
-0.83483483 	-0.05 	0.637 	52.642163 	-4.985076 	8.0169233
-0.83363363 	-0.05 	0.637 	52.659906 	-4.9807542 	8.0283499
-0.83243243 	-0.05 	0.637 	52.677648 	-4.9764324 	8.0397765
-0.83123123 	-0.05 	0.637 	52.695391 	-4.9721106 	8.0512031
-0.83003003 	-0.05 	0.637 	52.713134 	-4.9677887 	8.0626296
-0.82882883 	-0.05 	0.637 	52.730876 	-4.9634669 	8.0740562
-0.82762763 	-0.05 	0.637 	52.748619 	-4.9591451 	8.0854828
-0.82642643 	-0.05 	0.637 	52.766361 	-4.9548233 	8.0969094
-0.82522523 	-0.05 	0.637 	52.784104 	-4.9505015 	8.108336
-0.82402402 	-0.05 	0.637 	52.801847 	-4.9461797 	8.1197625
-0.82282282 	-0.05 	0.637 	52.819589 	-4.9418579 	8.1311891
-0.82162162 	-0.05 	0.637 	52.837332 	-4.937536 	8.1426157
-0.82042042 	-0.05 	0.637 	52.855074 	-4.9332142 	8.1540423
-0.81921922 	-0.05 	0.637 	52.872817 	-4.9288924 	8.1654689
-0.81801802 	-0.05 	0.637 	52.89056 	-4.9245706 	8.1768954
-0.81681682 	-0.05 	0.637 	52.908302 	-4.9202488 	8.188322
-0.81561562 	-0.05 	0.637 	52.926045 	-4.915927 	8.1997486
-0.81441441 	-0.05 	0.637 	52.943788 	-4.9116052 	8.2111752
-0.81321321 	-0.05 	0.637 	52.96153 	-4.9072834 	8.2226018
-0.81201201 	-0.05 	0.637 	52.979273 	-4.9029615 	8.2340283
-0.81081081 	-0.05 	0.637 	52.997015 	-4.8986397 	8.2454549
-0.80960961 	-0.05 	0.637 	53.014758 	-4.8943179 	8.2568815
-0.80840841 	-0.05 	0.637 	53.032501 	-4.8899961 	8.2683081
-0.80720721 	-0.05 	0.637 	53.050243 	-4.8856743 	8.2797347
-0.80600601 	-0.05 	0.637 	53.068005 	-4.8813532 	8.2911265
-0.8048048 	-0.05 	0.637 	53.085896 	-4.8770373 	8.302275
-0.8036036 	-0.05 	0.637 	53.103788 	-4.8727214 	8.3134234
-0.8024024 	-0.05 	0.637 	53.12168 	-4.8684055 	8.3245718
-0.8012012 	-0.05 	0.637 	53.139572 	-4.8640896 	8.3357203
-0.8 	-0.05 	0.637 	53.15708 	-4.8588781 	8.3467374
-0.7987988 	-0.05 	0.637 	53.173936 	-4.8521507 	8.3575324
-0.7975976 	-0.05 	0.637 	53.190792 	-4.8454233 	8.3683274
-0.7963964 	-0.05 	0.637 	53.207649 	-4.8386959 	8.3791224
-0.7951952 	-0.05 	0.637 	53.224505 	-4.8319686 	8.3899174
-0.79399399 	-0.05 	0.637 	53.241361 	-4.8252412 	8.4007124
-0.79279279 	-0.05 	0.637 	53.25811 	-4.8191391 	8.4115378
-0.79159159 	-0.05 	0.637 	53.274221 	-4.8167698 	8.4225442
-0.79039039 	-0.05 	0.637 	53.290332 	-4.8144005 	8.4335506
-0.78918919 	-0.05 	0.637 	53.306442 	-4.8120313 	8.444557
-0.78798799 	-0.05 	0.637 	53.322553 	-4.809662 	8.4555634
-0.78678679 	-0.05 	0.637 	53.338663 	-4.8072927 	8.4665698
-0.78558559 	-0.05 	0.637 	53.354774 	-4.8049235 	8.4775763
-0.78438438 	-0.05 	0.637 	53.369019 	-4.8004885 	8.48833
-0.78318318 	-0.05 	0.637 	53.383214 	-4.7959984 	8.4990769
-0.78198198 	-0.05 	0.637 	53.397409 	-4.7915082 	8.5098239
-0.78078078 	-0.05 	0.637 	53.411604 	-4.7870181 	8.5205709
-0.77957958 	-0.05 	0.637 	53.425798 	-4.782528 	8.5313178
-0.77837838 	-0.05 	0.637 	53.439993 	-4.7780379 	8.5420648
-0.77717718 	-0.05 	0.637 	53.454188 	-4.7735477 	8.5528118
-0.77597598 	-0.05 	0.637 	53.468383 	-4.7690576 	8.5635587
-0.77477477 	-0.05 	0.637 	53.482578 	-4.7645675 	8.5743057
-0.77357357 	-0.05 	0.637 	53.496773 	-4.7600774 	8.5850527
-0.77237237 	-0.05 	0.637 	53.510968 	-4.7555872 	8.5957996
-0.77117117 	-0.05 	0.637 	53.525163 	-4.7510971 	8.6065466
-0.76996997 	-0.05 	0.637 	53.539358 	-4.746607 	8.6172935
-0.76876877 	-0.05 	0.637 	53.553553 	-4.7421169 	8.6280405
-0.76756757 	-0.05 	0.637 	53.567748 	-4.7376267 	8.6387875
-0.76636637 	-0.05 	0.637 	53.581943 	-4.7331366 	8.6495344
-0.76516517 	-0.05 	0.637 	53.596138 	-4.7286465 	8.6602814
-0.76396396 	-0.05 	0.637 	53.610333 	-4.7241564 	8.6710284
-0.76276276 	-0.05 	0.637 	53.624528 	-4.7196662 	8.6817753
-0.76156156 	-0.05 	0.637 	53.638723 	-4.7151761 	8.6925223
-0.76036036 	-0.05 	0.637 	53.652918 	-4.710686 	8.7032693
-0.75915916 	-0.05 	0.637 	53.667112 	-4.7061959 	8.7140162
-0.75795796 	-0.05 	0.637 	53.681307 	-4.7017057 	8.7247632
-0.75675676 	-0.05 	0.637 	53.695502 	-4.6972156 	8.7355102
-0.75555556 	-0.05 	0.637 	53.709697 	-4.6927255 	8.7462571
-0.75435435 	-0.05 	0.637 	53.723892 	-4.6882354 	8.7570041
-0.75315315 	-0.05 	0.637 	53.738087 	-4.6837452 	8.767751
-0.75195195 	-0.05 	0.637 	53.752282 	-4.6792551 	8.778498
-0.75075075 	-0.05 	0.637 	53.766477 	-4.674765 	8.789245
-0.74954955 	-0.05 	0.637 	53.780672 	-4.6702749 	8.7999919
-0.74834835 	-0.05 	0.637 	53.794867 	-4.6657847 	8.8107389
-0.74714715 	-0.05 	0.637 	53.809062 	-4.6612946 	8.8214859
-0.74594595 	-0.05 	0.637 	53.823257 	-4.6568045 	8.8322328
-0.74474474 	-0.05 	0.637 	53.83749 	-4.6523273 	8.842884
-0.74354354 	-0.05 	0.637 	53.851797 	-4.6478753 	8.8533496
-0.74234234 	-0.05 	0.637 	53.866105 	-4.6434233 	8.8638152
-0.74114114 	-0.05 	0.637 	53.880412 	-4.6389713 	8.8742808
-0.73993994 	-0.05 	0.637 	53.89472 	-4.6345193 	8.8847463
-0.73873874 	-0.05 	0.637 	53.90915 	-4.6297541 	8.8958436
-0.73753754 	-0.05 	0.637 	53.923746 	-4.6245697 	8.9077866
-0.73633634 	-0.05 	0.637 	53.938342 	-4.6193853 	8.9197296
-0.73513514 	-0.05 	0.637 	53.952938 	-4.6142009 	8.9316726
-0.73393393 	-0.05 	0.637 	53.967534 	-4.6090165 	8.9436156
-0.73273273 	-0.05 	0.637 	53.98213 	-4.6038321 	8.9555586
-0.73153153 	-0.05 	0.637 	53.995635 	-4.5985683 	8.9665817
-0.73033033 	-0.05 	0.637 	54.007147 	-4.5931592 	8.9759235
-0.72912913 	-0.05 	0.637 	54.018658 	-4.5877501 	8.9852653
-0.72792793 	-0.05 	0.637 	54.03017 	-4.582341 	8.9946071
-0.72672673 	-0.05 	0.637 	54.041682 	-4.576932 	9.0039489
-0.72552553 	-0.05 	0.637 	54.053194 	-4.5715229 	9.0132907
-0.72432432 	-0.05 	0.637 	54.062863 	-4.5659431 	9.0227052
-0.72312312 	-0.05 	0.637 	54.073699 	-4.560772 	9.033414
-0.72192192 	-0.05 	0.637 	54.084536 	-4.5556009 	9.0441229
-0.72072072 	-0.05 	0.637 	54.095372 	-4.5504298 	9.0548317
-0.71951952 	-0.05 	0.637 	54.106209 	-4.5452588 	9.0655406
-0.71831832 	-0.05 	0.637 	54.117045 	-4.5400877 	9.0762495
-0.71711712 	-0.05 	0.637 	54.127882 	-4.5349166 	9.0869583
-0.71591592 	-0.05 	0.637 	54.138719 	-4.5297455 	9.0976672
-0.71471471 	-0.05 	0.637 	54.149555 	-4.5245744 	9.108376
-0.71351351 	-0.05 	0.637 	54.160392 	-4.5194033 	9.1190849
-0.71231231 	-0.05 	0.637 	54.171228 	-4.5142322 	9.1297937
-0.71111111 	-0.05 	0.637 	54.182065 	-4.5090611 	9.1405026
-0.70990991 	-0.05 	0.637 	54.192901 	-4.50389 	9.1512114
-0.70870871 	-0.05 	0.637 	54.203738 	-4.498719 	9.1619203
-0.70750751 	-0.05 	0.637 	54.213279 	-4.4933883 	9.1722888
-0.70630631 	-0.05 	0.637 	54.221288 	-4.487869 	9.1822549
-0.70510511 	-0.05 	0.637 	54.229297 	-4.4823496 	9.1922209
-0.7039039 	-0.05 	0.637 	54.237306 	-4.4768303 	9.202187
-0.7027027 	-0.05 	0.637 	54.245315 	-4.471311 	9.2121531
-0.7015015 	-0.05 	0.637 	54.253324 	-4.4657916 	9.2221191
-0.7003003 	-0.05 	0.637 	54.262541 	-4.4598785 	9.2324682
-0.6990991 	-0.05 	0.637 	54.271798 	-4.453952 	9.2428301
-0.6978979 	-0.05 	0.637 	54.281056 	-4.4480255 	9.2531921
-0.6966967 	-0.05 	0.637 	54.290313 	-4.4420991 	9.263554
-0.6954955 	-0.05 	0.637 	54.299571 	-4.4361726 	9.273916
-0.69429429 	-0.05 	0.637 	54.308067 	-4.4304003 	9.2841974
-0.69309309 	-0.05 	0.637 	54.315727 	-4.4247974 	9.2943902
-0.69189189 	-0.05 	0.637 	54.323388 	-4.4191945 	9.304583
-0.69069069 	-0.05 	0.637 	54.331048 	-4.4135916 	9.3147759
-0.68948949 	-0.05 	0.637 	54.338708 	-4.4079888 	9.3249687
-0.68828829 	-0.05 	0.637 	54.346368 	-4.4023859 	9.3351616
-0.68708709 	-0.05 	0.637 	54.354028 	-4.396783 	9.3453544
-0.68588589 	-0.05 	0.637 	54.361688 	-4.3911801 	9.3555473
-0.68468468 	-0.05 	0.637 	54.369349 	-4.3855772 	9.3657401
-0.68348348 	-0.05 	0.637 	54.377009 	-4.3799743 	9.3759329
-0.68228228 	-0.05 	0.637 	54.384669 	-4.3743714 	9.3861258
-0.68108108 	-0.05 	0.637 	54.392329 	-4.3687685 	9.3963186
-0.67987988 	-0.05 	0.637 	54.399989 	-4.3631656 	9.4065115
-0.67867868 	-0.05 	0.637 	54.40765 	-4.3575628 	9.4167043
-0.67747748 	-0.05 	0.637 	54.415369 	-4.3518185 	9.426842
-0.67627628 	-0.05 	0.637 	54.421972 	-4.3459683 	9.4363868
-0.67507508 	-0.05 	0.637 	54.428575 	-4.3401181 	9.4459315
-0.67387387 	-0.05 	0.637 	54.435179 	-4.334268 	9.4554763
-0.67267267 	-0.05 	0.637 	54.441782 	-4.3284178 	9.4650211
-0.67147147 	-0.05 	0.637 	54.448385 	-4.3225676 	9.4745658
-0.67027027 	-0.05 	0.637 	54.456036 	-4.3179756 	9.4845976
-0.66906907 	-0.05 	0.637 	54.464441 	-4.3142883 	9.4949796
-0.66786787 	-0.05 	0.637 	54.472846 	-4.3106009 	9.5053616
-0.66666667 	-0.05 	0.637 	54.481251 	-4.3069136 	9.5157435
-0.66546547 	-0.05 	0.637 	54.489657 	-4.3032263 	9.5261255
-0.66426426 	-0.05 	0.637 	54.497933 	-4.2994002 	9.5364708
-0.66306306 	-0.05 	0.637 	54.504412 	-4.2937591 	9.546487
-0.66186186 	-0.05 	0.637 	54.510818 	-4.2880566 	9.5565087
-0.66066066 	-0.05 	0.637 	54.517224 	-4.2823542 	9.5665304
-0.65945946 	-0.05 	0.637 	54.52363 	-4.2766517 	9.5765521
-0.65825826 	-0.05 	0.637 	54.530036 	-4.2709492 	9.5865738
-0.65705706 	-0.05 	0.637 	54.536442 	-4.2652468 	9.5965954
-0.65585586 	-0.05 	0.637 	54.542848 	-4.2595443 	9.6066171
-0.65465465 	-0.05 	0.637 	54.549254 	-4.2538418 	9.6166388
-0.65345345 	-0.05 	0.637 	54.55566 	-4.2481394 	9.6266605
-0.65225225 	-0.05 	0.637 	54.562066 	-4.2424369 	9.6366822
-0.65105105 	-0.05 	0.637 	54.568472 	-4.2367344 	9.6467039
-0.64984985 	-0.05 	0.637 	54.574878 	-4.231032 	9.6567256
-0.64864865 	-0.05 	0.637 	54.581285 	-4.2253295 	9.6667472
-0.64744745 	-0.05 	0.637 	54.587691 	-4.219627 	9.6767689
-0.64624625 	-0.05 	0.637 	54.593179 	-4.2128684 	9.6863365
-0.64504505 	-0.05 	0.637 	54.598241 	-4.2056207 	9.6956938
-0.64384384 	-0.05 	0.637 	54.603304 	-4.198373 	9.7050511
-0.64264264 	-0.05 	0.637 	54.608367 	-4.1911253 	9.7144084
-0.64144144 	-0.05 	0.637 	54.613429 	-4.1838776 	9.7237657
-0.64024024 	-0.05 	0.637 	54.618942 	-4.1771327 	9.7332792
-0.63903904 	-0.05 	0.637 	54.62636 	-4.1725168 	9.743454
-0.63783784 	-0.05 	0.637 	54.633779 	-4.1679009 	9.7536287
-0.63663664 	-0.05 	0.637 	54.641197 	-4.1632851 	9.7638034
-0.63543544 	-0.05 	0.637 	54.648615 	-4.1586692 	9.7739782
-0.63423423 	-0.05 	0.637 	54.656033 	-4.1540534 	9.7841529
-0.63303303 	-0.05 	0.637 	54.661792 	-4.1485706 	9.794081
-0.63183183 	-0.05 	0.637 	54.66684 	-4.1427166 	9.8039035
-0.63063063 	-0.05 	0.637 	54.671888 	-4.1368627 	9.813726
-0.62942943 	-0.05 	0.637 	54.676936 	-4.1310087 	9.8235485
-0.62822823 	-0.05 	0.637 	54.681984 	-4.1251547 	9.8333711
-0.62702703 	-0.05 	0.637 	54.687032 	-4.1193007 	9.8431936
-0.62582583 	-0.05 	0.637 	54.69208 	-4.1134468 	9.8530161
-0.62462462 	-0.05 	0.637 	54.697128 	-4.1075928 	9.8628386
-0.62342342 	-0.05 	0.637 	54.702176 	-4.1017388 	9.8726611
-0.62222222 	-0.05 	0.637 	54.707224 	-4.0958849 	9.8824836
-0.62102102 	-0.05 	0.637 	54.712272 	-4.0900309 	9.8923061
-0.61981982 	-0.05 	0.637 	54.71732 	-4.0841769 	9.9021286
-0.61861862 	-0.05 	0.637 	54.722368 	-4.0783229 	9.9119511
-0.61741742 	-0.05 	0.637 	54.727416 	-4.072469 	9.9217736
-0.61621622 	-0.05 	0.637 	54.73211 	-4.0664169 	9.9314513
-0.61501502 	-0.05 	0.637 	54.735617 	-4.0597307 	9.9408047
-0.61381381 	-0.05 	0.637 	54.739124 	-4.0530445 	9.9501581
-0.61261261 	-0.05 	0.637 	54.742631 	-4.0463583 	9.9595114
-0.61141141 	-0.05 	0.637 	54.746138 	-4.0396721 	9.9688648
-0.61021021 	-0.05 	0.637 	54.749644 	-4.0329859 	9.9782182
-0.60900901 	-0.05 	0.637 	54.755362 	-4.0282084 	9.9878893
-0.60780781 	-0.05 	0.637 	54.76162 	-4.0238981 	9.9976382
-0.60660661 	-0.05 	0.637 	54.767879 	-4.0195879 	10.007387
-0.60540541 	-0.05 	0.637 	54.774137 	-4.0152776 	10.017136
-0.6042042 	-0.05 	0.637 	54.780395 	-4.0109673 	10.026885
-0.603003 	-0.05 	0.637 	54.78587 	-4.0063282 	10.036581
-0.6018018 	-0.05 	0.637 	54.789369 	-4.000746 	10.046182
-0.6006006 	-0.05 	0.637 	54.792868 	-3.9951638 	10.055783
-0.5993994 	-0.05 	0.637 	54.796367 	-3.9895816 	10.065385
-0.5981982 	-0.05 	0.637 	54.799866 	-3.9839994 	10.074986
-0.596997 	-0.05 	0.637 	54.803365 	-3.9784172 	10.084587
-0.5957958 	-0.05 	0.637 	54.806864 	-3.9728351 	10.094188
-0.59459459 	-0.05 	0.637 	54.810363 	-3.9672529 	10.103789
-0.59339339 	-0.05 	0.637 	54.813862 	-3.9616707 	10.11339
-0.59219219 	-0.05 	0.637 	54.817361 	-3.9560885 	10.122991
-0.59099099 	-0.05 	0.637 	54.82086 	-3.9505063 	10.132592
-0.58978979 	-0.05 	0.637 	54.824359 	-3.9449241 	10.142193
-0.58858859 	-0.05 	0.637 	54.827858 	-3.9393419 	10.151794
-0.58738739 	-0.05 	0.637 	54.831357 	-3.9337598 	10.161396
-0.58618619 	-0.05 	0.637 	54.834856 	-3.9281776 	10.170997
-0.58498498 	-0.05 	0.637 	54.836603 	-3.922001 	10.180177
-0.58378378 	-0.05 	0.637 	54.838174 	-3.9157646 	10.189315
-0.58258258 	-0.05 	0.637 	54.839745 	-3.9095283 	10.198454
-0.58138138 	-0.05 	0.637 	54.841316 	-3.903292 	10.207592
-0.58018018 	-0.05 	0.637 	54.842887 	-3.8970557 	10.21673
-0.57897898 	-0.05 	0.637 	54.845733 	-3.8914717 	10.226035
-0.57777778 	-0.05 	0.637 	54.850352 	-3.8867946 	10.235571
-0.57657658 	-0.05 	0.637 	54.85497 	-3.8821176 	10.245107
-0.57537538 	-0.05 	0.637 	54.859588 	-3.8774399 	10.254642
-0.57417417 	-0.05 	0.637 	54.864206 	-3.8727621 	10.264176
-0.57297297 	-0.05 	0.637 	54.868824 	-3.8680842 	10.273711
-0.57177177 	-0.05 	0.637 	54.870914 	-3.8626296 	10.283081
-0.57057057 	-0.05 	0.637 	54.872863 	-3.8571318 	10.292443
-0.56936937 	-0.05 	0.637 	54.874811 	-3.8516341 	10.301804
-0.56816817 	-0.05 	0.637 	54.87676 	-3.8461363 	10.311165
-0.56696697 	-0.05 	0.637 	54.878709 	-3.8406386 	10.320526
-0.56576577 	-0.05 	0.637 	54.880658 	-3.8351408 	10.329887
-0.56456456 	-0.05 	0.637 	54.882607 	-3.8296431 	10.339249
-0.56336336 	-0.05 	0.637 	54.884556 	-3.8241453 	10.34861
-0.56216216 	-0.05 	0.637 	54.886505 	-3.8186476 	10.357971
-0.56096096 	-0.05 	0.637 	54.888454 	-3.8131498 	10.367332
-0.55975976 	-0.05 	0.637 	54.890403 	-3.8076521 	10.376694
-0.55855856 	-0.05 	0.637 	54.892352 	-3.8021544 	10.386055
-0.55735736 	-0.05 	0.637 	54.894301 	-3.7966566 	10.395416
-0.55615616 	-0.05 	0.637 	54.89625 	-3.7911589 	10.404777
-0.55495495 	-0.05 	0.637 	54.897441 	-3.785307 	10.413855
-0.55375375 	-0.05 	0.637 	54.897495 	-3.7789486 	10.422594
-0.55255255 	-0.05 	0.637 	54.89755 	-3.7725903 	10.431333
-0.55135135 	-0.05 	0.637 	54.897605 	-3.7662319 	10.440072
-0.55015015 	-0.05 	0.637 	54.89766 	-3.7598736 	10.448811
-0.54894895 	-0.05 	0.637 	54.897825 	-3.7535797 	10.457575
-0.54774775 	-0.05 	0.637 	54.90099 	-3.7490327 	10.467009
-0.54654655 	-0.05 	0.637 	54.904154 	-3.7444857 	10.476443
-0.54534535 	-0.05 	0.637 	54.907319 	-3.7399387 	10.485876
-0.54414414 	-0.05 	0.637 	54.910483 	-3.7353917 	10.49531
-0.54294294 	-0.05 	0.637 	54.913648 	-3.7308447 	10.504744
-0.54174174 	-0.05 	0.637 	54.915091 	-3.7257372 	10.51394
-0.54054054 	-0.05 	0.637 	54.915788 	-3.7203865 	10.523033
-0.53933934 	-0.05 	0.637 	54.916485 	-3.7150358 	10.532126
-0.53813814 	-0.05 	0.637 	54.917181 	-3.709685 	10.54122
-0.53693694 	-0.05 	0.637 	54.917878 	-3.7043343 	10.550313
-0.53573574 	-0.05 	0.637 	54.918574 	-3.6989836 	10.559406
-0.53453453 	-0.05 	0.637 	54.919271 	-3.6936329 	10.568499
-0.53333333 	-0.05 	0.637 	54.919968 	-3.6882821 	10.577592
-0.53213213 	-0.05 	0.637 	54.920664 	-3.6829314 	10.586685
-0.53093093 	-0.05 	0.637 	54.921361 	-3.6775807 	10.595779
-0.52972973 	-0.05 	0.637 	54.922057 	-3.67223 	10.604872
-0.52852853 	-0.05 	0.637 	54.922754 	-3.6668792 	10.613965
-0.52732733 	-0.05 	0.637 	54.923451 	-3.6615285 	10.623058
-0.52612613 	-0.05 	0.637 	54.924147 	-3.6561778 	10.632151
-0.52492492 	-0.05 	0.637 	54.924862 	-3.650825 	10.64121
-0.52372372 	-0.05 	0.637 	54.923839 	-3.645236 	10.649669
-0.52252252 	-0.05 	0.637 	54.922797 	-3.6396446 	10.658124
-0.52132132 	-0.05 	0.637 	54.921755 	-3.6340531 	10.666579
-0.52012012 	-0.05 	0.637 	54.920712 	-3.6284617 	10.675034
-0.51891892 	-0.05 	0.637 	54.91967 	-3.6228703 	10.683489
-0.51771772 	-0.05 	0.637 	54.920473 	-3.6179905 	10.692413
-0.51651652 	-0.05 	0.637 	54.922283 	-3.613499 	10.701593
-0.51531532 	-0.05 	0.637 	54.924093 	-3.6090075 	10.710774
-0.51411411 	-0.05 	0.637 	54.925903 	-3.604516 	10.719954
-0.51291291 	-0.05 	0.637 	54.927713 	-3.6000245 	10.729134
-0.51171171 	-0.05 	0.637 	54.92879 	-3.5953379 	10.738199
-0.51051051 	-0.05 	0.637 	54.928251 	-3.5902217 	10.747012
-0.50930931 	-0.05 	0.637 	54.927712 	-3.5851055 	10.755825
-0.50810811 	-0.05 	0.637 	54.927173 	-3.5799894 	10.764638
-0.50690691 	-0.05 	0.637 	54.926634 	-3.5748732 	10.773451
-0.50570571 	-0.05 	0.637 	54.926095 	-3.569757 	10.782264
-0.5045045 	-0.05 	0.637 	54.925556 	-3.5646408 	10.791077
-0.5033033 	-0.05 	0.637 	54.925017 	-3.5595246 	10.79989
-0.5021021 	-0.05 	0.637 	54.924478 	-3.5544084 	10.808703
-0.5009009 	-0.05 	0.637 	54.923939 	-3.5492922 	10.817516
-0.4996997 	-0.05 	0.637 	54.9234 	-3.544176 	10.826329
-0.4984985 	-0.05 	0.637 	54.922861 	-3.5390598 	10.835142
-0.4972973 	-0.05 	0.637 	54.922322 	-3.5339436 	10.843955
-0.4960961 	-0.05 	0.637 	54.921783 	-3.5288274 	10.852768
-0.49489489 	-0.05 	0.637 	54.921244 	-3.5237113 	10.861581
-0.49369369 	-0.05 	0.637 	54.91975 	-3.5184732 	10.870078
-0.49249249 	-0.05 	0.637 	54.917494 	-3.5131457 	10.878414
-0.49129129 	-0.05 	0.637 	54.915238 	-3.5078181 	10.886751
-0.49009009 	-0.05 	0.637 	54.912982 	-3.5024906 	10.895088
-0.48888889 	-0.05 	0.637 	54.910726 	-3.4971631 	10.903424
-0.48768769 	-0.05 	0.637 	54.90908 	-3.4919471 	10.911866
-0.48648649 	-0.05 	0.637 	54.909161 	-3.4870464 	10.920604
-0.48528529 	-0.05 	0.637 	54.909242 	-3.4821458 	10.929343
-0.48408408 	-0.05 	0.637 	54.909322 	-3.4772451 	10.938081
-0.48288288 	-0.05 	0.637 	54.909403 	-3.4723445 	10.94682
-0.48168168 	-0.05 	0.637 	54.909484 	-3.4674439 	10.955558
-0.48048048 	-0.05 	0.637 	54.907731 	-3.4624708 	10.964094
-0.47927928 	-0.05 	0.637 	54.905944 	-3.4574963 	10.972626
-0.47807808 	-0.05 	0.637 	54.904156 	-3.4525219 	10.981158
-0.47687688 	-0.05 	0.637 	54.902369 	-3.4475474 	10.98969
-0.47567568 	-0.05 	0.637 	54.900581 	-3.442573 	10.998222
-0.47447447 	-0.05 	0.637 	54.898794 	-3.4375985 	11.006753
-0.47327327 	-0.05 	0.637 	54.897006 	-3.4326241 	11.015285
-0.47207207 	-0.05 	0.637 	54.895219 	-3.4276496 	11.023817
-0.47087087 	-0.05 	0.637 	54.893431 	-3.4226752 	11.032349
-0.46966967 	-0.05 	0.637 	54.891644 	-3.4177007 	11.040881
-0.46846847 	-0.05 	0.637 	54.889856 	-3.4127263 	11.049413
-0.46726727 	-0.05 	0.637 	54.888068 	-3.4077518 	11.057945
-0.46606607 	-0.05 	0.637 	54.886281 	-3.4027773 	11.066477
-0.46486486 	-0.05 	0.637 	54.884493 	-3.3978029 	11.075008
-0.46366366 	-0.05 	0.637 	54.882597 	-3.3928349 	11.083426
-0.46246246 	-0.05 	0.637 	54.8794 	-3.3879445 	11.091473
-0.46126126 	-0.05 	0.637 	54.876202 	-3.3830541 	11.09952
-0.46006006 	-0.05 	0.637 	54.873004 	-3.3781638 	11.107567
-0.45885886 	-0.05 	0.637 	54.869807 	-3.3732734 	11.115615
-0.45765766 	-0.05 	0.637 	54.866609 	-3.3683831 	11.123662
-0.45645646 	-0.05 	0.637 	54.864903 	-3.3637564 	11.132113
-0.45525526 	-0.05 	0.637 	54.863405 	-3.3591667 	11.14062
-0.45405405 	-0.05 	0.637 	54.861907 	-3.3545769 	11.149127
-0.45285285 	-0.05 	0.637 	54.860409 	-3.3499872 	11.157634
-0.45165165 	-0.05 	0.637 	54.858911 	-3.3453975 	11.166141
-0.45045045 	-0.05 	0.637 	54.856435 	-3.3406743 	11.174467
-0.44924925 	-0.05 	0.637 	54.853541 	-3.3358941 	11.182715
-0.44804805 	-0.05 	0.637 	54.850647 	-3.3311139 	11.190963
-0.44684685 	-0.05 	0.637 	54.847753 	-3.3263337 	11.199211
-0.44564565 	-0.05 	0.637 	54.84486 	-3.3215535 	11.20746
-0.44444444 	-0.05 	0.637 	54.841966 	-3.3167733 	11.215708
-0.44324324 	-0.05 	0.637 	54.839072 	-3.3119931 	11.223956
-0.44204204 	-0.05 	0.637 	54.836178 	-3.3072129 	11.232204
-0.44084084 	-0.05 	0.637 	54.833284 	-3.3024327 	11.240452
-0.43963964 	-0.05 	0.637 	54.83039 	-3.2976525 	11.248701
-0.43843844 	-0.05 	0.637 	54.827496 	-3.2928723 	11.256949
-0.43723724 	-0.05 	0.637 	54.824602 	-3.2880921 	11.265197
-0.43603604 	-0.05 	0.637 	54.821708 	-3.2833119 	11.273445
-0.43483483 	-0.05 	0.637 	54.818814 	-3.2785317 	11.281693
-0.43363363 	-0.05 	0.637 	54.815921 	-3.2737515 	11.289942
-0.43243243 	-0.05 	0.637 	54.812455 	-3.2689783 	11.297788
-0.43123123 	-0.05 	0.637 	54.808496 	-3.2642174 	11.305517
-0.43003003 	-0.05 	0.637 	54.804537 	-3.2594565 	11.313247
-0.42882883 	-0.05 	0.637 	54.800578 	-3.2546957 	11.320976
-0.42762763 	-0.05 	0.637 	54.796619 	-3.2499348 	11.328706
-0.42642643 	-0.05 	0.637 	54.793146 	-3.2452675 	11.336694
-0.42522523 	-0.05 	0.637 	54.790168 	-3.2406952 	11.344945
-0.42402402 	-0.05 	0.637 	54.787189 	-3.236123 	11.353196
-0.42282282 	-0.05 	0.637 	54.78421 	-3.2315507 	11.361447
-0.42162162 	-0.05 	0.637 	54.781232 	-3.2269784 	11.369698
-0.42042042 	-0.05 	0.637 	54.777805 	-3.2223824 	11.377818
-0.41921922 	-0.05 	0.637 	54.773774 	-3.2177544 	11.385762
-0.41801802 	-0.05 	0.637 	54.769743 	-3.2131264 	11.393705
-0.41681682 	-0.05 	0.637 	54.765712 	-3.2084985 	11.401649
-0.41561562 	-0.05 	0.637 	54.761681 	-3.2038705 	11.409592
-0.41441441 	-0.05 	0.637 	54.757651 	-3.1992425 	11.417536
-0.41321321 	-0.05 	0.637 	54.75362 	-3.1946145 	11.425479
-0.41201201 	-0.05 	0.637 	54.749589 	-3.1899865 	11.433423
-0.41081081 	-0.05 	0.637 	54.745558 	-3.1853585 	11.441366
-0.40960961 	-0.05 	0.637 	54.741527 	-3.1807305 	11.44931
-0.40840841 	-0.05 	0.637 	54.737496 	-3.1761025 	11.457253
-0.40720721 	-0.05 	0.637 	54.733465 	-3.1714745 	11.465197
-0.40600601 	-0.05 	0.637 	54.729434 	-3.1668465 	11.47314
-0.4048048 	-0.05 	0.637 	54.725404 	-3.1622185 	11.481084
-0.4036036 	-0.05 	0.637 	54.721373 	-3.1575905 	11.489027
-0.4024024 	-0.05 	0.637 	54.717238 	-3.1529618 	11.496734
-0.4012012 	-0.05 	0.637 	54.712306 	-3.1483682 	11.503946
-0.4 	-0.05 	0.637 	54.707374 	-3.1437747 	11.511157
-0.3987988 	-0.05 	0.637 	54.702442 	-3.1391812 	11.518369
-0.3975976 	-0.05 	0.637 	54.69751 	-3.1345876 	11.525581
-0.3963964 	-0.05 	0.637 	54.692601 	-3.1300381 	11.532901
-0.3951952 	-0.05 	0.637 	54.687872 	-3.1258431 	11.541089
-0.39399399 	-0.05 	0.637 	54.683143 	-3.1216481 	11.549277
-0.39279279 	-0.05 	0.637 	54.678414 	-3.117453 	11.557465
-0.39159159 	-0.05 	0.637 	54.673685 	-3.113258 	11.565653
-0.39039039 	-0.05 	0.637 	54.668943 	-3.1090446 	11.573819
-0.38918919 	-0.05 	0.637 	54.663874 	-3.1043373 	11.581413
-0.38798799 	-0.05 	0.637 	54.658805 	-3.09963 	11.589006
-0.38678679 	-0.05 	0.637 	54.653736 	-3.0949227 	11.596599
-0.38558559 	-0.05 	0.637 	54.648667 	-3.0902154 	11.604193
-0.38438438 	-0.05 	0.637 	54.643598 	-3.0855081 	11.611786
-0.38318318 	-0.05 	0.637 	54.638529 	-3.0808007 	11.619379
-0.38198198 	-0.05 	0.637 	54.63346 	-3.0760934 	11.626973
-0.38078078 	-0.05 	0.637 	54.628391 	-3.0713861 	11.634566
-0.37957958 	-0.05 	0.637 	54.623322 	-3.0666788 	11.642159
-0.37837838 	-0.05 	0.637 	54.618253 	-3.0619715 	11.649753
-0.37717718 	-0.05 	0.637 	54.613184 	-3.0572642 	11.657346
-0.37597598 	-0.05 	0.637 	54.608114 	-3.0525569 	11.664939
-0.37477477 	-0.05 	0.637 	54.603045 	-3.0478496 	11.672533
-0.37357357 	-0.05 	0.637 	54.597976 	-3.0431423 	11.680126
-0.37237237 	-0.05 	0.637 	54.592945 	-3.0384323 	11.687669
-0.37117117 	-0.05 	0.637 	54.587734 	-3.0331376 	11.694565
-0.36996997 	-0.05 	0.637 	54.582434 	-3.027679 	11.701326
-0.36876877 	-0.05 	0.637 	54.577134 	-3.0222204 	11.708088
-0.36756757 	-0.05 	0.637 	54.571834 	-3.0167618 	11.71485
-0.36636637 	-0.05 	0.637 	54.566534 	-3.0113032 	11.721612
-0.36516517 	-0.05 	0.637 	54.560728 	-3.006716 	11.72916
-0.36396396 	-0.05 	0.637 	54.55473 	-3.0024591 	11.737006
-0.36276276 	-0.05 	0.637 	54.548732 	-2.9982022 	11.744852
-0.36156156 	-0.05 	0.637 	54.542734 	-2.9939452 	11.752698
-0.36036036 	-0.05 	0.637 	54.536736 	-2.9896883 	11.760544
-0.35915916 	-0.05 	0.637 	54.530718 	-2.9853435 	11.767968
-0.35795796 	-0.05 	0.637 	54.524692 	-2.9809604 	11.77521
-0.35675676 	-0.05 	0.637 	54.518665 	-2.9765774 	11.782451
-0.35555556 	-0.05 	0.637 	54.512638 	-2.9721943 	11.789692
-0.35435435 	-0.05 	0.637 	54.506612 	-2.9678113 	11.796934
-0.35315315 	-0.05 	0.637 	54.500585 	-2.9634282 	11.804175
-0.35195195 	-0.05 	0.637 	54.494559 	-2.9590452 	11.811416
-0.35075075 	-0.05 	0.637 	54.488532 	-2.9546621 	11.818657
-0.34954955 	-0.05 	0.637 	54.482505 	-2.9502791 	11.825899
-0.34834835 	-0.05 	0.637 	54.476479 	-2.945896 	11.83314
-0.34714715 	-0.05 	0.637 	54.470452 	-2.941513 	11.840381
-0.34594595 	-0.05 	0.637 	54.464426 	-2.9371299 	11.847623
-0.34474474 	-0.05 	0.637 	54.458399 	-2.9327469 	11.854864
-0.34354354 	-0.05 	0.637 	54.452372 	-2.9283638 	11.862105
-0.34234234 	-0.05 	0.637 	54.446346 	-2.9239807 	11.869346
-0.34114114 	-0.05 	0.637 	54.4404 	-2.9196865 	11.876275
-0.33993994 	-0.05 	0.637 	54.43434 	-2.9155942 	11.882891
-0.33873874 	-0.05 	0.637 	54.428281 	-2.9115019 	11.889508
-0.33753754 	-0.05 	0.637 	54.422221 	-2.9074096 	11.896124
-0.33633634 	-0.05 	0.637 	54.416162 	-2.9033173 	11.902741
-0.33513514 	-0.05 	0.637 	54.409609 	-2.8996395 	11.909628
-0.33393393 	-0.05 	0.637 	54.402112 	-2.8967544 	11.917033
-0.33273273 	-0.05 	0.637 	54.394615 	-2.8938693 	11.924437
-0.33153153 	-0.05 	0.637 	54.387118 	-2.8909842 	11.931842
-0.33033033 	-0.05 	0.637 	54.379621 	-2.8880991 	11.939247
-0.32912913 	-0.05 	0.637 	54.37227 	-2.8846398 	11.946437
-0.32792793 	-0.05 	0.637 	54.365128 	-2.880363 	11.953322
-0.32672673 	-0.05 	0.637 	54.357986 	-2.8760862 	11.960206
-0.32552553 	-0.05 	0.637 	54.350844 	-2.8718094 	11.96709
-0.32432432 	-0.05 	0.637 	54.343702 	-2.8675326 	11.973975
-0.32312312 	-0.05 	0.637 	54.33656 	-2.8632558 	11.980859
-0.32192192 	-0.05 	0.637 	54.329418 	-2.858979 	11.987743
-0.32072072 	-0.05 	0.637 	54.322276 	-2.8547022 	11.994628
-0.31951952 	-0.05 	0.637 	54.315135 	-2.8504254 	12.001512
-0.31831832 	-0.05 	0.637 	54.307993 	-2.8461486 	12.008396
-0.31711712 	-0.05 	0.637 	54.300851 	-2.8418718 	12.015281
-0.31591592 	-0.05 	0.637 	54.293709 	-2.837595 	12.022165
-0.31471471 	-0.05 	0.637 	54.286567 	-2.8333182 	12.029049
-0.31351351 	-0.05 	0.637 	54.279425 	-2.8290414 	12.035934
-0.31231231 	-0.05 	0.637 	54.272283 	-2.8247646 	12.042818
-0.31111111 	-0.05 	0.637 	54.265222 	-2.8204817 	12.049605
-0.30990991 	-0.05 	0.637 	54.258406 	-2.8149649 	12.055731
-0.30870871 	-0.05 	0.637 	54.251624 	-2.8091618 	12.061731
-0.30750751 	-0.05 	0.637 	54.244842 	-2.8033587 	12.06773
-0.30630631 	-0.05 	0.637 	54.23806 	-2.7975556 	12.073729
-0.30510511 	-0.05 	0.637 	54.231278 	-2.7917525 	12.079728
-0.3039039 	-0.05 	0.637 	54.222343 	-2.7878915 	12.086897
-0.3027027 	-0.05 	0.637 	54.213323 	-2.7841071 	12.094113
-0.3015015 	-0.05 	0.637 	54.204304 	-2.7803227 	12.101328
-0.3003003 	-0.05 	0.637 	54.195284 	-2.7765384 	12.108544
-0.2990991 	-0.05 	0.637 	54.186347 	-2.7727402 	12.115664
-0.2978979 	-0.05 	0.637 	54.177934 	-2.7688556 	12.122184
-0.2966967 	-0.05 	0.637 	54.16952 	-2.7649709 	12.128705
-0.2954955 	-0.05 	0.637 	54.161106 	-2.7610863 	12.135225
-0.29429429 	-0.05 	0.637 	54.152693 	-2.7572016 	12.141746
-0.29309309 	-0.05 	0.637 	54.144279 	-2.753317 	12.148267
-0.29189189 	-0.05 	0.637 	54.135866 	-2.7494323 	12.154787
-0.29069069 	-0.05 	0.637 	54.127452 	-2.7455476 	12.161308
-0.28948949 	-0.05 	0.637 	54.119039 	-2.741663 	12.167828
-0.28828829 	-0.05 	0.637 	54.110625 	-2.7377783 	12.174349
-0.28708709 	-0.05 	0.637 	54.102211 	-2.7338937 	12.180869
-0.28588589 	-0.05 	0.637 	54.093798 	-2.730009 	12.18739
-0.28468468 	-0.05 	0.637 	54.085384 	-2.7261243 	12.193911
-0.28348348 	-0.05 	0.637 	54.076971 	-2.7222397 	12.200431
-0.28228228 	-0.05 	0.637 	54.068557 	-2.718355 	12.206952
-0.28108108 	-0.05 	0.637 	54.060156 	-2.7144688 	12.213458
-0.27987988 	-0.05 	0.637 	54.052051 	-2.7105656 	12.219509
-0.27867868 	-0.05 	0.637 	54.044125 	-2.7066701 	12.225169
-0.27747748 	-0.05 	0.637 	54.036199 	-2.7027746 	12.23083
-0.27627628 	-0.05 	0.637 	54.028272 	-2.698879 	12.236491
-0.27507508 	-0.05 	0.637 	54.020346 	-2.6949835 	12.242152
-0.27387387 	-0.05 	0.637 	54.01073 	-2.6928261 	12.248551
-0.27267267 	-0.05 	0.637 	53.999869 	-2.6919475 	12.255491
-0.27147147 	-0.05 	0.637 	53.989008 	-2.691069 	12.262432
-0.27027027 	-0.05 	0.637 	53.978147 	-2.6901905 	12.269372
-0.26906907 	-0.05 	0.637 	53.967286 	-2.6893119 	12.276313
-0.26786787 	-0.05 	0.637 	53.957145 	-2.6861291 	12.282643
-0.26666667 	-0.05 	0.637 	53.947236 	-2.6822006 	12.288775
-0.26546547 	-0.05 	0.637 	53.937328 	-2.6782721 	12.294908
-0.26426426 	-0.05 	0.637 	53.927419 	-2.6743436 	12.30104
-0.26306306 	-0.05 	0.637 	53.917511 	-2.670415 	12.307172
-0.26186186 	-0.05 	0.637 	53.907602 	-2.6664865 	12.313305
-0.26066066 	-0.05 	0.637 	53.897694 	-2.662558 	12.319437
-0.25945946 	-0.05 	0.637 	53.887785 	-2.6586295 	12.325569
-0.25825826 	-0.05 	0.637 	53.877877 	-2.654701 	12.331702
-0.25705706 	-0.05 	0.637 	53.867968 	-2.6507724 	12.337834
-0.25585586 	-0.05 	0.637 	53.85806 	-2.6468439 	12.343966
-0.25465465 	-0.05 	0.637 	53.848151 	-2.6429154 	12.350099
-0.25345345 	-0.05 	0.637 	53.838242 	-2.6389869 	12.356231
-0.25225225 	-0.05 	0.637 	53.828334 	-2.6350584 	12.362364
-0.25105105 	-0.05 	0.637 	53.818425 	-2.6311298 	12.368496
-0.24984985 	-0.05 	0.637 	53.808652 	-2.6271901 	12.374492
-0.24864865 	-0.05 	0.637 	53.799226 	-2.6213007 	12.379868
-0.24744745 	-0.05 	0.637 	53.789804 	-2.6153922 	12.38524
-0.24624625 	-0.05 	0.637 	53.780381 	-2.6094838 	12.390611
-0.24504505 	-0.05 	0.637 	53.770958 	-2.6035754 	12.395982
-0.24384384 	-0.05 	0.637 	53.760957 	-2.5979478 	12.401534
-0.24264264 	-0.05 	0.637 	53.748542 	-2.5934905 	12.407839
-0.24144144 	-0.05 	0.637 	53.736128 	-2.5890332 	12.414143
-0.24024024 	-0.05 	0.637 	53.723714 	-2.5845759 	12.420447
-0.23903904 	-0.05 	0.637 	53.711299 	-2.5801186 	12.426751
-0.23783784 	-0.05 	0.637 	53.699387 	-2.5755629 	12.432814
-0.23663664 	-0.05 	0.637 	53.688163 	-2.570872 	12.438544
-0.23543544 	-0.05 	0.637 	53.67694 	-2.5661811 	12.444275
-0.23423423 	-0.05 	0.637 	53.665717 	-2.5614902 	12.450006
-0.23303303 	-0.05 	0.637 	53.654493 	-2.5567993 	12.455736
-0.23183183 	-0.05 	0.637 	53.64327 	-2.5521084 	12.461467
-0.23063063 	-0.05 	0.637 	53.632047 	-2.5474175 	12.467197
-0.22942943 	-0.05 	0.637 	53.620823 	-2.5427266 	12.472928
-0.22822823 	-0.05 	0.637 	53.6096 	-2.5380357 	12.478658
-0.22702703 	-0.05 	0.637 	53.598376 	-2.5333447 	12.484389
-0.22582583 	-0.05 	0.637 	53.587153 	-2.5286538 	12.490119
-0.22462462 	-0.05 	0.637 	53.57593 	-2.5239629 	12.49585
-0.22342342 	-0.05 	0.637 	53.564706 	-2.519272 	12.50158
-0.22222222 	-0.05 	0.637 	53.553483 	-2.5145811 	12.507311
-0.22102102 	-0.05 	0.637 	53.54226 	-2.5098902 	12.513041
-0.21981982 	-0.05 	0.637 	53.531097 	-2.5051898 	12.518713
-0.21861862 	-0.05 	0.637 	53.520458 	-2.500693 	12.523977
-0.21741742 	-0.05 	0.637 	53.510169 	-2.496402 	12.528998
-0.21621622 	-0.05 	0.637 	53.499879 	-2.492111 	12.534018
-0.21501502 	-0.05 	0.637 	53.48959 	-2.48782 	12.539038
-0.21381381 	-0.05 	0.637 	53.4793 	-2.483529 	12.544059
-0.21261261 	-0.05 	0.637 	53.466549 	-2.4793961 	12.549882
-0.21141141 	-0.05 	0.637 	53.45322 	-2.4753003 	12.555893
-0.21021021 	-0.05 	0.637 	53.43989 	-2.4712046 	12.561904
-0.20900901 	-0.05 	0.637 	53.426561 	-2.4671088 	12.567915
-0.20780781 	-0.05 	0.637 	53.413317 	-2.4630038 	12.573833
-0.20660661 	-0.05 	0.637 	53.400605 	-2.4588412 	12.579165
-0.20540541 	-0.05 	0.637 	53.387892 	-2.4546786 	12.584498
-0.2042042 	-0.05 	0.637 	53.375179 	-2.4505161 	12.58983
-0.203003 	-0.05 	0.637 	53.362467 	-2.4463535 	12.595162
-0.2018018 	-0.05 	0.637 	53.349754 	-2.4421909 	12.600494
-0.2006006 	-0.05 	0.637 	53.337041 	-2.4380283 	12.605826
-0.1993994 	-0.05 	0.637 	53.324329 	-2.4338657 	12.611159
-0.1981982 	-0.05 	0.637 	53.311616 	-2.4297031 	12.616491
-0.196997 	-0.05 	0.637 	53.298903 	-2.4255406 	12.621823
-0.1957958 	-0.05 	0.637 	53.286191 	-2.421378 	12.627155
-0.19459459 	-0.05 	0.637 	53.273478 	-2.4172154 	12.632488
-0.19339339 	-0.05 	0.637 	53.260765 	-2.4130528 	12.63782
-0.19219219 	-0.05 	0.637 	53.248053 	-2.4088902 	12.643152
-0.19099099 	-0.05 	0.637 	53.23534 	-2.4047277 	12.648484
-0.18978979 	-0.05 	0.637 	53.222627 	-2.4005651 	12.653816
-0.18858859 	-0.05 	0.637 	53.210115 	-2.3963661 	12.658953
-0.18738739 	-0.05 	0.637 	53.198025 	-2.3927747 	12.663487
-0.18618619 	-0.05 	0.637 	53.185936 	-2.3891834 	12.668021
-0.18498498 	-0.05 	0.637 	53.173846 	-2.385592 	12.672555
-0.18378378 	-0.05 	0.637 	53.161756 	-2.3820007 	12.677089
-0.18258258 	-0.05 	0.637 	53.148273 	-2.3786645 	12.682063
-0.18138138 	-0.05 	0.637 	53.132917 	-2.3756718 	12.687627
-0.18018018 	-0.05 	0.637 	53.117561 	-2.372679 	12.693191
-0.17897898 	-0.05 	0.637 	53.102205 	-2.3696863 	12.698756
-0.17777778 	-0.05 	0.637 	53.086849 	-2.3666935 	12.70432
-0.17657658 	-0.05 	0.637 	53.072122 	-2.3634212 	12.709319
-0.17537538 	-0.05 	0.637 	53.057501 	-2.360102 	12.714223
-0.17417417 	-0.05 	0.637 	53.04288 	-2.3567827 	12.719127
-0.17297297 	-0.05 	0.637 	53.028258 	-2.3534635 	12.72403
-0.17177177 	-0.05 	0.637 	53.013637 	-2.3501443 	12.728934
-0.17057057 	-0.05 	0.637 	52.999016 	-2.346825 	12.733838
-0.16936937 	-0.05 	0.637 	52.984394 	-2.3435058 	12.738742
-0.16816817 	-0.05 	0.637 	52.969773 	-2.3401866 	12.743646
-0.16696697 	-0.05 	0.637 	52.955152 	-2.3368673 	12.74855
-0.16576577 	-0.05 	0.637 	52.94053 	-2.3335481 	12.753454
-0.16456456 	-0.05 	0.637 	52.925909 	-2.3302288 	12.758358
-0.16336336 	-0.05 	0.637 	52.911288 	-2.3269096 	12.763261
-0.16216216 	-0.05 	0.637 	52.896666 	-2.3235904 	12.768165
-0.16096096 	-0.05 	0.637 	52.882045 	-2.3202711 	12.773069
-0.15975976 	-0.05 	0.637 	52.867424 	-2.3169519 	12.777973
-0.15855856 	-0.05 	0.637 	52.852927 	-2.3135972 	12.782762
-0.15735736 	-0.05 	0.637 	52.838919 	-2.3101419 	12.78699
-0.15615616 	-0.05 	0.637 	52.82515 	-2.3066426 	12.790928
-0.15495495 	-0.05 	0.637 	52.811382 	-2.3031433 	12.794866
-0.15375375 	-0.05 	0.637 	52.797613 	-2.299644 	12.798804
-0.15255255 	-0.05 	0.637 	52.783693 	-2.2962293 	12.802801
-0.15135135 	-0.05 	0.637 	52.766273 	-2.2947669 	12.808141
-0.15015015 	-0.05 	0.637 	52.748853 	-2.2933044 	12.813481
-0.14894895 	-0.05 	0.637 	52.731432 	-2.291842 	12.818821
-0.14774775 	-0.05 	0.637 	52.714012 	-2.2903795 	12.82416
-0.14654655 	-0.05 	0.637 	52.696871 	-2.2886168 	12.82906
-0.14534535 	-0.05 	0.637 	52.680033 	-2.2865261 	12.833479
-0.14414414 	-0.05 	0.637 	52.663196 	-2.2844355 	12.837898
-0.14294294 	-0.05 	0.637 	52.646358 	-2.2823449 	12.842317
-0.14174174 	-0.05 	0.637 	52.629521 	-2.2802543 	12.846737
-0.14054054 	-0.05 	0.637 	52.612683 	-2.2781636 	12.851156
-0.13933934 	-0.05 	0.637 	52.595846 	-2.276073 	12.855575
-0.13813814 	-0.05 	0.637 	52.579008 	-2.2739824 	12.859994
-0.13693694 	-0.05 	0.637 	52.562171 	-2.2718917 	12.864413
-0.13573574 	-0.05 	0.637 	52.545333 	-2.2698011 	12.868832
-0.13453453 	-0.05 	0.637 	52.528496 	-2.2677105 	12.873251
-0.13333333 	-0.05 	0.637 	52.511658 	-2.2656198 	12.87767
-0.13213213 	-0.05 	0.637 	52.494821 	-2.2635292 	12.882089
-0.13093093 	-0.05 	0.637 	52.477983 	-2.2614386 	12.886508
-0.12972973 	-0.05 	0.637 	52.461146 	-2.2593479 	12.890927
-0.12852853 	-0.05 	0.637 	52.444351 	-2.2572434 	12.895311
-0.12732733 	-0.05 	0.637 	52.427889 	-2.2550524 	12.89937
-0.12612613 	-0.05 	0.637 	52.411812 	-2.2528392 	12.902907
-0.12492492 	-0.05 	0.637 	52.395735 	-2.2506261 	12.906444
-0.12372372 	-0.05 	0.637 	52.379658 	-2.2484129 	12.909981
-0.12252252 	-0.05 	0.637 	52.363581 	-2.2461997 	12.913518
-0.12132132 	-0.05 	0.637 	52.345113 	-2.2453072 	12.917731
-0.12012012 	-0.05 	0.637 	52.32539 	-2.2451089 	12.922298
-0.11891892 	-0.05 	0.637 	52.305667 	-2.2449106 	12.926866
-0.11771772 	-0.05 	0.637 	52.285943 	-2.2447123 	12.931433
-0.11651652 	-0.05 	0.637 	52.266236 	-2.2445204 	12.935878
-0.11531532 	-0.05 	0.637 	52.246617 	-2.2443633 	12.939656
-0.11411411 	-0.05 	0.637 	52.226999 	-2.2442063 	12.943434
-0.11291291 	-0.05 	0.637 	52.20738 	-2.2440492 	12.947212
-0.11171171 	-0.05 	0.637 	52.187761 	-2.2438921 	12.950989
-0.11051051 	-0.05 	0.637 	52.168143 	-2.2437351 	12.954767
-0.10930931 	-0.05 	0.637 	52.148524 	-2.243578 	12.958545
-0.10810811 	-0.05 	0.637 	52.128905 	-2.243421 	12.962322
-0.10690691 	-0.05 	0.637 	52.109286 	-2.2432639 	12.9661
-0.10570571 	-0.05 	0.637 	52.089668 	-2.2431068 	12.969878
-0.1045045 	-0.05 	0.637 	52.070049 	-2.2429498 	12.973656
-0.1033033 	-0.05 	0.637 	52.05043 	-2.2427927 	12.977433
-0.1021021 	-0.05 	0.637 	52.030812 	-2.2426356 	12.981211
-0.1009009 	-0.05 	0.637 	52.011193 	-2.2424786 	12.984989
-0.0996997 	-0.05 	0.637 	51.991574 	-2.2423215 	12.988766
-0.098498498 	-0.05 	0.637 	51.971956 	-2.2421644 	12.992544
-0.097297297 	-0.05 	0.637 	51.952633 	-2.2418914 	12.996119
-0.096096096 	-0.05 	0.637 	51.933664 	-2.2418487 	12.999179
-0.094894895 	-0.05 	0.637 	51.914813 	-2.2419265 	13.002035
-0.093693694 	-0.05 	0.637 	51.895961 	-2.2420043 	13.004892
-0.092492492 	-0.05 	0.637 	51.87711 	-2.2420822 	13.007749
-0.091291291 	-0.05 	0.637 	51.857239 	-2.2426514 	13.010864
-0.09009009 	-0.05 	0.637 	51.83457 	-2.2445703 	13.014688
-0.088888889 	-0.05 	0.637 	51.8119 	-2.2464891 	13.018512
-0.087687688 	-0.05 	0.637 	51.78923 	-2.2484079 	13.022336
-0.086486486 	-0.05 	0.637 	51.766561 	-2.2503267 	13.026159
-0.085285285 	-0.05 	0.637 	51.743511 	-2.2538459 	13.02912
-0.084084084 	-0.05 	0.637 	51.720416 	-2.2575513 	13.031981
-0.082882883 	-0.05 	0.637 	51.697322 	-2.2612567 	13.034841
-0.081681682 	-0.05 	0.637 	51.674227 	-2.2649621 	13.037701
-0.08048048 	-0.05 	0.637 	51.651132 	-2.2686674 	13.040562
-0.079279279 	-0.05 	0.637 	51.628038 	-2.2723728 	13.043422
-0.078078078 	-0.05 	0.637 	51.604943 	-2.2760782 	13.046283
-0.076876877 	-0.05 	0.637 	51.581849 	-2.2797836 	13.049143
-0.075675676 	-0.05 	0.637 	51.558754 	-2.283489 	13.052004
-0.074474474 	-0.05 	0.637 	51.53566 	-2.2871944 	13.054864
-0.073273273 	-0.05 	0.637 	51.512565 	-2.2908997 	13.057724
-0.072072072 	-0.05 	0.637 	51.489471 	-2.2946051 	13.060585
-0.070870871 	-0.05 	0.637 	51.466376 	-2.2983105 	13.063445
-0.06966967 	-0.05 	0.637 	51.443282 	-2.3020159 	13.066306
-0.068468468 	-0.05 	0.637 	51.420187 	-2.3057213 	13.069166
-0.067267267 	-0.05 	0.637 	51.397295 	-2.3093113 	13.071919
-0.066066066 	-0.05 	0.637 	51.374875 	-2.3129259 	13.074393
-0.064864865 	-0.05 	0.637 	51.353298 	-2.317987 	13.076249
-0.063663664 	-0.05 	0.637 	51.33172 	-2.3230482 	13.078104
-0.062462462 	-0.05 	0.637 	51.310143 	-2.3281093 	13.079959
-0.061261261 	-0.05 	0.637 	51.288566 	-2.3331705 	13.081814
-0.06006006 	-0.05 	0.637 	51.26442 	-2.3381441 	13.084417
-0.058858859 	-0.05 	0.637 	51.239921 	-2.3431057 	13.087123
-0.057657658 	-0.05 	0.637 	51.215422 	-2.3480673 	13.08983
-0.056456456 	-0.05 	0.637 	51.190922 	-2.3530289 	13.092536
-0.055255255 	-0.05 	0.637 	51.165818 	-2.3598287 	13.094708
-0.054054054 	-0.05 	0.637 	51.14022 	-2.3681285 	13.096445
-0.052852853 	-0.05 	0.637 	51.114623 	-2.3764282 	13.098181
-0.051651652 	-0.05 	0.637 	51.089025 	-2.384728 	13.099918
-0.05045045 	-0.05 	0.637 	51.063428 	-2.3930277 	13.101654
-0.049249249 	-0.05 	0.637 	51.03783 	-2.4013275 	13.103391
-0.048048048 	-0.05 	0.637 	51.012232 	-2.4096273 	13.105128
-0.046846847 	-0.05 	0.637 	50.986635 	-2.417927 	13.106864
-0.045645646 	-0.05 	0.637 	50.961037 	-2.4262268 	13.108601
-0.044444444 	-0.05 	0.637 	50.93544 	-2.4345266 	13.110337
-0.043243243 	-0.05 	0.637 	50.909842 	-2.4428263 	13.112074
-0.042042042 	-0.05 	0.637 	50.884244 	-2.4511261 	13.113811
-0.040840841 	-0.05 	0.637 	50.858647 	-2.4594259 	13.115547
-0.03963964 	-0.05 	0.637 	50.833049 	-2.4677256 	13.117284
-0.038438438 	-0.05 	0.637 	50.807451 	-2.4760254 	13.119021
-0.037237237 	-0.05 	0.637 	50.781854 	-2.4843252 	13.120757
-0.036036036 	-0.05 	0.637 	50.757098 	-2.4924609 	13.122135
-0.034834835 	-0.05 	0.637 	50.733259 	-2.5059566 	13.122701
-0.033633634 	-0.05 	0.637 	50.709421 	-2.5194523 	13.123267
-0.032432432 	-0.05 	0.637 	50.685583 	-2.5329481 	13.123833
-0.031231231 	-0.05 	0.637 	50.661744 	-2.5464438 	13.124399
-0.03003003 	-0.05 	0.637 	50.636976 	-2.5626124 	13.125192
-0.028828829 	-0.05 	0.637 	50.610876 	-2.5826027 	13.12631
-0.027627628 	-0.05 	0.637 	50.584777 	-2.6025931 	13.127427
-0.026426426 	-0.05 	0.637 	50.558678 	-2.6225835 	13.128545
-0.025225225 	-0.05 	0.637 	50.532578 	-2.6425738 	13.129663
-0.024024024 	-0.05 	0.637 	50.506479 	-2.6625642 	13.13078
-0.022822823 	-0.05 	0.637 	50.483391 	-2.6839806 	13.131223
-0.021621622 	-0.05 	0.637 	50.460645 	-2.7055594 	13.131589
-0.02042042 	-0.05 	0.637 	50.434659 	-2.7249514 	13.132146
-0.019219219 	-0.05 	0.637 	50.408553 	-2.7442622 	13.13271
-0.018018018 	-0.05 	0.637 	50.382447 	-2.7635729 	13.133273
-0.016816817 	-0.05 	0.637 	50.356341 	-2.7828837 	13.133837
-0.015615616 	-0.05 	0.637 	50.330235 	-2.8021944 	13.134401
-0.014414414 	-0.05 	0.637 	50.304129 	-2.8215052 	13.134964
-0.013213213 	-0.05 	0.637 	50.278023 	-2.8408159 	13.135528
-0.012012012 	-0.05 	0.637 	50.252048 	-2.8632056 	13.135524
-0.010810811 	-0.05 	0.637 	50.226356 	-2.8922507 	13.134293
-0.0096096096 	-0.05 	0.637 	50.200665 	-2.9212959 	13.133062
-0.0084084084 	-0.05 	0.637 	50.174973 	-2.950341 	13.131832
-0.0072072072 	-0.05 	0.637 	50.149282 	-2.9793862 	13.130601
-0.006006006 	-0.05 	0.637 	50.125155 	-3.0058685 	13.129453
-0.0048048048 	-0.05 	0.637 	50.102867 	-3.0293405 	13.128403
-0.0036036036 	-0.05 	0.637 	50.080578 	-3.0528126 	13.127353
-0.0024024024 	-0.05 	0.637 	50.05829 	-3.0762846 	13.126304
-0.0012012012 	-0.05 	0.637 	50.036002 	-3.0997567 	13.125254
-7.9671296e-15 	-0.05 	0.637 	50.013713 	-3.1232287 	13.124204
