-1.2 	0.25 	0.637 	66.135135 	31.679666 	0.45102154
-1.2 	0.2496997 	0.637 	66.126701 	31.762382 	0.45563274
-1.2 	0.2493994 	0.637 	66.097388 	31.79794 	0.45972186
-1.2 	0.2490991 	0.637 	66.068075 	31.833498 	0.46381098
-1.2 	0.2487988 	0.637 	66.038762 	31.869056 	0.46790011
-1.2 	0.2484985 	0.637 	66.000998 	32.074086 	0.47380613
-1.2 	0.2481982 	0.637 	65.962197 	32.299935 	0.47993536
-1.2 	0.2478979 	0.637 	65.923395 	32.525784 	0.48606459
-1.2 	0.2475976 	0.637 	65.882662 	32.758245 	0.4920345
-1.2 	0.2472973 	0.637 	65.833428 	33.019799 	0.49730337
-1.2 	0.246997 	0.637 	65.784195 	33.281354 	0.50257225
-1.2 	0.2466967 	0.637 	65.734961 	33.542908 	0.50784112
-1.2 	0.2463964 	0.637 	65.685727 	33.804462 	0.51310999
-1.2 	0.2460961 	0.637 	65.636494 	34.066017 	0.51837887
-1.2 	0.2457958 	0.637 	65.58726 	34.327571 	0.52364774
-1.2 	0.2454955 	0.637 	65.519121 	34.550278 	0.52915332
-1.2 	0.2451952 	0.637 	65.427358 	34.724446 	0.53495467
-1.2 	0.24489489 	0.637 	65.335596 	34.898613 	0.54075601
-1.2 	0.24459459 	0.637 	65.259308 	35.13329 	0.54575509
-1.2 	0.24429429 	0.637 	65.199165 	35.431095 	0.54991718
-1.2 	0.24399399 	0.637 	65.139021 	35.728899 	0.55407927
-1.2 	0.24369369 	0.637 	65.081206 	36.028574 	0.55849108
-1.2 	0.24339339 	0.637 	64.870115 	36.744617 	0.56538863
-1.2 	0.24309309 	0.637 	64.747016 	37.234238 	0.57150408
-1.2 	0.24279279 	0.637 	64.702502 	37.519886 	0.57682877
-1.2 	0.24249249 	0.637 	64.657988 	37.805534 	0.58215346
-1.2 	0.24219219 	0.637 	64.613474 	38.091182 	0.58747814
-1.2 	0.24189189 	0.637 	64.56896 	38.37683 	0.59280283
-1.2 	0.24159159 	0.637 	64.524829 	38.662963 	0.59805395
-1.2 	0.24129129 	0.637 	64.656795 	38.590951 	0.60112354
-1.2 	0.24099099 	0.637 	64.590569 	38.742442 	0.60674603
-1.2 	0.24069069 	0.637 	64.408203 	39.076698 	0.61395908
-1.2 	0.24039039 	0.637 	64.374208 	39.327868 	0.61957682
-1.2 	0.24009009 	0.637 	64.340212 	39.579037 	0.62519456
-1.2 	0.23978979 	0.637 	64.306217 	39.830206 	0.6308123
-1.2 	0.23948949 	0.637 	64.272222 	40.081375 	0.63643004
-1.2 	0.23918919 	0.637 	64.238226 	40.332544 	0.64204778
-1.2 	0.23888889 	0.637 	64.201595 	40.529796 	0.64771036
-1.2 	0.23858859 	0.637 	64.149298 	40.503892 	0.65423274
-1.2 	0.23828829 	0.637 	63.977581 	41.010235 	0.66082315
-1.2 	0.23798799 	0.637 	63.901623 	41.332579 	0.66637061
-1.2 	0.23768769 	0.637 	63.846008 	41.61079 	0.67189167
-1.2 	0.23738739 	0.637 	63.790393 	41.889001 	0.67741273
-1.2 	0.23708709 	0.637 	63.734778 	42.167213 	0.68293378
-1.2 	0.23678679 	0.637 	63.679163 	42.445424 	0.68845484
-1.2 	0.23648649 	0.637 	63.623549 	42.723635 	0.6939759
-1.2 	0.23618619 	0.637 	63.567934 	43.001846 	0.69949696
-1.2 	0.23588589 	0.637 	63.638153 	43.134923 	0.70271086
-1.2 	0.23558559 	0.637 	63.368881 	43.456007 	0.71104434
-1.2 	0.23528529 	0.637 	63.259256 	43.749882 	0.7175425
-1.2 	0.23498498 	0.637 	63.169729 	44.037927 	0.72378814
-1.2 	0.23468468 	0.637 	63.080203 	44.325973 	0.73003378
-1.2 	0.23438438 	0.637 	62.990676 	44.614018 	0.73627942
-1.2 	0.23408408 	0.637 	62.90115 	44.902063 	0.74252506
-1.2 	0.23378378 	0.637 	62.811624 	45.190109 	0.7487707
-1.2 	0.23348348 	0.637 	62.722685 	45.479441 	0.75486138
-1.2 	0.23318318 	0.637 	62.666401 	45.664448 	0.76026937
-1.2 	0.23288288 	0.637 	62.447536 	46.103304 	0.76777141
-1.2 	0.23258258 	0.637 	62.21058 	46.544885 	0.77612339
-1.2 	0.23228228 	0.637 	61.991446 	46.947316 	0.7843407
-1.2 	0.23198198 	0.637 	61.772313 	47.349747 	0.79255801
-1.2 	0.23168168 	0.637 	61.553179 	47.752178 	0.80077532
-1.2 	0.23138138 	0.637 	61.334046 	48.15461 	0.80899264
-1.2 	0.23108108 	0.637 	61.114912 	48.557041 	0.81720995
-1.2 	0.23078078 	0.637 	60.895482 	48.96097 	0.82521757
-1.2 	0.23048048 	0.637 	60.729893 	49.155112 	0.83200456
-1.2 	0.23018018 	0.637 	60.258373 	49.674393 	0.84155071
-1.2 	0.22987988 	0.637 	59.880431 	50.123928 	0.85093293
-1.2 	0.22957958 	0.637 	59.637324 	50.432092 	0.85950179
-1.2 	0.22927928 	0.637 	59.394216 	50.740255 	0.86807064
-1.2 	0.22897898 	0.637 	59.151109 	51.048418 	0.8766395
-1.2 	0.22867868 	0.637 	58.908002 	51.356582 	0.88520835
-1.2 	0.22837838 	0.637 	58.666114 	51.662957 	0.89376669
-1.2 	0.22807808 	0.637 	58.483716 	51.882057 	0.90181161
-1.2 	0.22777778 	0.637 	58.301319 	52.101158 	0.90985653
-1.2 	0.22747748 	0.637 	58.429815 	51.859089 	0.91442025
-1.2 	0.22717718 	0.637 	58.563723 	51.608991 	0.91892335
-1.2 	0.22687688 	0.637 	57.970147 	51.989421 	0.92755374
-1.2 	0.22657658 	0.637 	57.25679 	52.488657 	0.93750914
-1.2 	0.22627628 	0.637 	56.673553 	52.978469 	0.95115978
-1.2 	0.22597598 	0.637 	56.10599 	53.467174 	0.9652437
-1.2 	0.22567568 	0.637 	55.538427 	53.955879 	0.97932761
-1.2 	0.22537538 	0.637 	54.970864 	54.444585 	0.99341152
-1.2 	0.22507508 	0.637 	54.403301 	54.93329 	1.0074954
-1.2 	0.22477477 	0.637 	53.947418 	55.265149 	1.0198757
-1.2 	0.22447447 	0.637 	53.259563 	55.682195 	1.030097
-1.2 	0.22417417 	0.637 	52.973284 	56.251047 	1.0372423
-1.2 	0.22387387 	0.637 	53.292707 	57.132454 	1.0377218
-1.2 	0.22357357 	0.637 	53.319581 	57.980125 	1.0392017
-1.2 	0.22327327 	0.637 	53.091503 	58.798396 	1.0415535
-1.2 	0.22297297 	0.637 	52.698564 	59.619087 	1.0454282
-1.2 	0.22267267 	0.637 	52.234506 	60.440823 	1.0499598
-1.2 	0.22237237 	0.637 	51.55536 	61.238981 	1.0552119
-1.2 	0.22207207 	0.637 	50.66093 	62.013539 	1.0611852
-1.2 	0.22177177 	0.637 	49.929448 	62.779599 	1.0663655
-1.2 	0.22147147 	0.637 	48.97281 	63.460085 	1.0728312
-1.2 	0.22117117 	0.637 	48.097003 	64.205889 	1.0780705
-1.2 	0.22087087 	0.637 	47.452779 	64.597817 	1.0874615
-1.2 	0.22057057 	0.637 	46.83019 	64.957324 	1.0972451
-1.2 	0.22027027 	0.637 	46.092537 	65.359166 	1.1075046
-1.2 	0.21996997 	0.637 	45.056794 	65.870684 	1.1189966
-1.2 	0.21966967 	0.637 	44.111724 	66.248367 	1.1319423
-1.2 	0.21936937 	0.637 	43.341012 	66.368699 	1.1476831
-1.2 	0.21906907 	0.637 	43.126528 	66.647223 	1.1587599
-1.2 	0.21876877 	0.637 	39.735172 	67.847055 	1.1668486
-1.2 	0.21846847 	0.637 	38.674391 	68.370185 	1.1728054
-1.2 	0.21816817 	0.637 	37.683467 	68.873706 	1.178706
-1.2 	0.21786787 	0.637 	36.692543 	69.377226 	1.1846065
-1.2 	0.21756757 	0.637 	35.70162 	69.880747 	1.190507
-1.2 	0.21726727 	0.637 	34.338111 	70.373067 	1.1956009
-1.2 	0.21696697 	0.637 	32.117504 	70.756222 	1.1996646
-1.2 	0.21666667 	0.637 	29.742105 	71.149315 	1.2031667
-1.2 	0.21636637 	0.637 	26.932266 	72.051121 	1.2056547
-1.2 	0.21606607 	0.637 	23.789655 	72.121944 	1.1947634
-1.2 	0.21576577 	0.637 	18.620073 	62.730866 	1.0569446
-1.2 	0.21546547 	0.637 	14.474981 	53.562467 	0.90634351
-1.2 	0.21516517 	0.637 	11.862111 	44.727107 	0.73662517
-1.2 	0.21486486 	0.637 	9.2492415 	35.891748 	0.56690682
-1.2 	0.21456456 	0.637 	5.1562863 	20.291441 	0.31396753
-1.2 	0.21426426 	0.637 	0.26595366 	1.0466027 	0.016193983
