0 	0.25 	0.728 	53.951999 	-7.6254492 	-11.53072
-0.0012012012 	0.25 	0.728 	53.957029 	-7.6293612 	-11.529082
-0.0024024024 	0.25 	0.728 	53.962058 	-7.6332732 	-11.527445
-0.0036036036 	0.25 	0.728 	53.967088 	-7.6371851 	-11.525807
-0.0048048048 	0.25 	0.728 	53.972118 	-7.6410971 	-11.52417
-0.006006006 	0.25 	0.728 	53.977147 	-7.6450091 	-11.522532
-0.0072072072 	0.25 	0.728 	53.982177 	-7.648921 	-11.520895
-0.0084084084 	0.25 	0.728 	53.987207 	-7.652833 	-11.519257
-0.0096096096 	0.25 	0.728 	53.992236 	-7.656745 	-11.51762
-0.010810811 	0.25 	0.728 	53.997266 	-7.6606569 	-11.515982
-0.012012012 	0.25 	0.728 	54.002296 	-7.6645689 	-11.514345
-0.013213213 	0.25 	0.728 	54.007325 	-7.6684809 	-11.512707
-0.014414414 	0.25 	0.728 	54.012355 	-7.6723928 	-11.51107
-0.015615616 	0.25 	0.728 	54.017385 	-7.6763048 	-11.509432
-0.016816817 	0.25 	0.728 	54.022415 	-7.6802168 	-11.507795
-0.018018018 	0.25 	0.728 	54.027444 	-7.6841287 	-11.506157
-0.019219219 	0.25 	0.728 	54.032474 	-7.6880407 	-11.50452
-0.02042042 	0.25 	0.728 	54.037504 	-7.6919527 	-11.502882
-0.021621622 	0.25 	0.728 	54.045244 	-7.6967916 	-11.502849
-0.022822823 	0.25 	0.728 	54.054143 	-7.7019584 	-11.504007
-0.024024024 	0.25 	0.728 	54.063048 	-7.707048 	-11.505757
-0.025225225 	0.25 	0.728 	54.071953 	-7.7121377 	-11.507506
-0.026426426 	0.25 	0.728 	54.080858 	-7.7172274 	-11.509255
-0.027627628 	0.25 	0.728 	54.089763 	-7.7223171 	-11.511005
-0.028828829 	0.25 	0.728 	54.098668 	-7.7274068 	-11.512754
-0.03003003 	0.25 	0.728 	54.107574 	-7.7324965 	-11.514503
-0.031231231 	0.25 	0.728 	54.116479 	-7.7375862 	-11.516253
-0.032432432 	0.25 	0.728 	54.125384 	-7.7426759 	-11.518002
-0.033633634 	0.25 	0.728 	54.134289 	-7.7477656 	-11.519751
-0.034834835 	0.25 	0.728 	54.143194 	-7.7528553 	-11.521501
-0.036036036 	0.25 	0.728 	54.152099 	-7.7579449 	-11.52325
-0.037237237 	0.25 	0.728 	54.161005 	-7.7630346 	-11.525
-0.038438438 	0.25 	0.728 	54.16991 	-7.7681243 	-11.526749
-0.03963964 	0.25 	0.728 	54.180796 	-7.7744343 	-11.529588
-0.040840841 	0.25 	0.728 	54.191764 	-7.7807946 	-11.532471
-0.042042042 	0.25 	0.728 	54.202732 	-7.7871548 	-11.535355
-0.043243243 	0.25 	0.728 	54.2137 	-7.7935151 	-11.538239
-0.044444444 	0.25 	0.728 	54.224668 	-7.7998753 	-11.541122
-0.045645646 	0.25 	0.728 	54.235636 	-7.8062355 	-11.544006
-0.046846847 	0.25 	0.728 	54.246603 	-7.8125958 	-11.54689
-0.048048048 	0.25 	0.728 	54.257571 	-7.818956 	-11.549773
-0.049249249 	0.25 	0.728 	54.268539 	-7.8253163 	-11.552657
-0.05045045 	0.25 	0.728 	54.279507 	-7.8316765 	-11.555541
-0.051651652 	0.25 	0.728 	54.290475 	-7.8380368 	-11.558424
-0.052852853 	0.25 	0.728 	54.301443 	-7.844397 	-11.561308
-0.054054054 	0.25 	0.728 	54.312411 	-7.8507573 	-11.564191
-0.055255255 	0.25 	0.728 	54.323379 	-7.8571175 	-11.567075
-0.056456456 	0.25 	0.728 	54.334347 	-7.8634778 	-11.569959
-0.057657658 	0.25 	0.728 	54.345314 	-7.869838 	-11.572842
-0.058858859 	0.25 	0.728 	54.356282 	-7.8761982 	-11.575726
-0.06006006 	0.25 	0.728 	54.36725 	-7.8825585 	-11.57861
-0.061261261 	0.25 	0.728 	54.377855 	-7.8893025 	-11.578529
-0.062462462 	0.25 	0.728 	54.388446 	-7.8960609 	-11.578337
-0.063663664 	0.25 	0.728 	54.399036 	-7.9028193 	-11.578146
-0.064864865 	0.25 	0.728 	54.409627 	-7.9095777 	-11.577954
-0.066066066 	0.25 	0.728 	54.420218 	-7.9163361 	-11.577763
-0.067267267 	0.25 	0.728 	54.430809 	-7.9230945 	-11.577571
-0.068468468 	0.25 	0.728 	54.4414 	-7.9298529 	-11.57738
-0.06966967 	0.25 	0.728 	54.451991 	-7.9366112 	-11.577188
-0.070870871 	0.25 	0.728 	54.462582 	-7.9433696 	-11.576997
-0.072072072 	0.25 	0.728 	54.473173 	-7.950128 	-11.576805
-0.073273273 	0.25 	0.728 	54.483764 	-7.9568864 	-11.576614
-0.074474474 	0.25 	0.728 	54.494355 	-7.9636448 	-11.576422
-0.075675676 	0.25 	0.728 	54.504945 	-7.9704032 	-11.576231
-0.076876877 	0.25 	0.728 	54.515536 	-7.9771616 	-11.576039
-0.078078078 	0.25 	0.728 	54.526127 	-7.98392 	-11.575847
-0.079279279 	0.25 	0.728 	54.536718 	-7.9906783 	-11.575656
-0.08048048 	0.25 	0.728 	54.547309 	-7.9974367 	-11.575464
-0.081681682 	0.25 	0.728 	54.558178 	-8.0040508 	-11.575557
-0.082882883 	0.25 	0.728 	54.570276 	-8.0100266 	-11.576904
-0.084084084 	0.25 	0.728 	54.582374 	-8.0160024 	-11.578251
-0.085285285 	0.25 	0.728 	54.594472 	-8.0219781 	-11.579598
-0.086486486 	0.25 	0.728 	54.60657 	-8.0279539 	-11.580945
-0.087687688 	0.25 	0.728 	54.618668 	-8.0339297 	-11.582293
-0.088888889 	0.25 	0.728 	54.630766 	-8.0399055 	-11.58364
-0.09009009 	0.25 	0.728 	54.642864 	-8.0458813 	-11.584987
-0.091291291 	0.25 	0.728 	54.654962 	-8.051857 	-11.586334
-0.092492492 	0.25 	0.728 	54.66706 	-8.0578328 	-11.587681
-0.093693694 	0.25 	0.728 	54.679158 	-8.0638086 	-11.589028
-0.094894895 	0.25 	0.728 	54.691256 	-8.0697844 	-11.590376
-0.096096096 	0.25 	0.728 	54.703354 	-8.0757601 	-11.591723
-0.097297297 	0.25 	0.728 	54.715452 	-8.0817359 	-11.59307
-0.098498498 	0.25 	0.728 	54.727515 	-8.0876032 	-11.594233
-0.0996997 	0.25 	0.728 	54.739548 	-8.0933747 	-11.595232
-0.1009009 	0.25 	0.728 	54.752547 	-8.0989638 	-11.598328
-0.1021021 	0.25 	0.728 	54.765602 	-8.1045425 	-11.601543
-0.1033033 	0.25 	0.728 	54.778657 	-8.1101211 	-11.604759
-0.1045045 	0.25 	0.728 	54.791712 	-8.1156998 	-11.607974
-0.10570571 	0.25 	0.728 	54.804767 	-8.1212785 	-11.611189
-0.10690691 	0.25 	0.728 	54.817821 	-8.1268572 	-11.614404
-0.10810811 	0.25 	0.728 	54.830876 	-8.1324358 	-11.61762
-0.10930931 	0.25 	0.728 	54.843931 	-8.1380145 	-11.620835
-0.11051051 	0.25 	0.728 	54.856986 	-8.1435932 	-11.62405
-0.11171171 	0.25 	0.728 	54.870041 	-8.1491719 	-11.627266
-0.11291291 	0.25 	0.728 	54.883096 	-8.1547506 	-11.630481
-0.11411411 	0.25 	0.728 	54.89615 	-8.1603292 	-11.633696
-0.11531532 	0.25 	0.728 	54.909205 	-8.1659079 	-11.636911
-0.11651652 	0.25 	0.728 	54.92226 	-8.1714866 	-11.640127
-0.11771772 	0.25 	0.728 	54.935315 	-8.1770653 	-11.643342
-0.11891892 	0.25 	0.728 	54.94837 	-8.1826439 	-11.646557
-0.12012012 	0.25 	0.728 	54.961424 	-8.1882226 	-11.649772
-0.12132132 	0.25 	0.728 	54.974432 	-8.1934033 	-11.652073
-0.12252252 	0.25 	0.728 	54.987258 	-8.1970677 	-11.650887
-0.12372372 	0.25 	0.728 	55.000084 	-8.200732 	-11.649701
-0.12492492 	0.25 	0.728 	55.012911 	-8.2043963 	-11.648516
-0.12612613 	0.25 	0.728 	55.025737 	-8.2080607 	-11.64733
-0.12732733 	0.25 	0.728 	55.038563 	-8.211725 	-11.646144
-0.12852853 	0.25 	0.728 	55.05139 	-8.2153894 	-11.644958
-0.12972973 	0.25 	0.728 	55.064216 	-8.2190537 	-11.643772
-0.13093093 	0.25 	0.728 	55.077042 	-8.222718 	-11.642587
-0.13213213 	0.25 	0.728 	55.089869 	-8.2263824 	-11.641401
-0.13333333 	0.25 	0.728 	55.102695 	-8.2300467 	-11.640215
-0.13453453 	0.25 	0.728 	55.115521 	-8.2337111 	-11.639029
-0.13573574 	0.25 	0.728 	55.128348 	-8.2373754 	-11.637844
-0.13693694 	0.25 	0.728 	55.141174 	-8.2410397 	-11.636658
-0.13813814 	0.25 	0.728 	55.154 	-8.2447041 	-11.635472
-0.13933934 	0.25 	0.728 	55.166827 	-8.2483684 	-11.634286
-0.14054054 	0.25 	0.728 	55.179653 	-8.2520327 	-11.6331
-0.14174174 	0.25 	0.728 	55.192479 	-8.2556971 	-11.631915
-0.14294294 	0.25 	0.728 	55.20609 	-8.2603071 	-11.631931
-0.14414414 	0.25 	0.728 	55.220145 	-8.2654518 	-11.632628
-0.14534535 	0.25 	0.728 	55.234294 	-8.2708137 	-11.633602
-0.14654655 	0.25 	0.728 	55.248455 	-8.2762004 	-11.634608
-0.14774775 	0.25 	0.728 	55.262616 	-8.2815871 	-11.635615
-0.14894895 	0.25 	0.728 	55.276776 	-8.2869737 	-11.636621
-0.15015015 	0.25 	0.728 	55.290937 	-8.2923604 	-11.637627
-0.15135135 	0.25 	0.728 	55.305097 	-8.2977471 	-11.638634
-0.15255255 	0.25 	0.728 	55.319258 	-8.3031337 	-11.63964
-0.15375375 	0.25 	0.728 	55.333418 	-8.3085204 	-11.640646
-0.15495495 	0.25 	0.728 	55.347579 	-8.3139071 	-11.641652
-0.15615616 	0.25 	0.728 	55.36174 	-8.3192937 	-11.642659
-0.15735736 	0.25 	0.728 	55.3759 	-8.3246804 	-11.643665
-0.15855856 	0.25 	0.728 	55.390061 	-8.3300671 	-11.644671
-0.15975976 	0.25 	0.728 	55.404221 	-8.3354537 	-11.645678
-0.16096096 	0.25 	0.728 	55.418382 	-8.3408404 	-11.646684
-0.16216216 	0.25 	0.728 	55.433376 	-8.3473885 	-11.648882
-0.16336336 	0.25 	0.728 	55.448413 	-8.3539955 	-11.65114
-0.16456456 	0.25 	0.728 	55.46345 	-8.3606024 	-11.653398
-0.16576577 	0.25 	0.728 	55.478487 	-8.3672093 	-11.655656
-0.16696697 	0.25 	0.728 	55.493523 	-8.3738162 	-11.657914
-0.16816817 	0.25 	0.728 	55.50856 	-8.3804231 	-11.660173
-0.16936937 	0.25 	0.728 	55.523597 	-8.38703 	-11.662431
-0.17057057 	0.25 	0.728 	55.538633 	-8.3936369 	-11.664689
-0.17177177 	0.25 	0.728 	55.55367 	-8.4002438 	-11.666947
-0.17297297 	0.25 	0.728 	55.568707 	-8.4068508 	-11.669205
-0.17417417 	0.25 	0.728 	55.583744 	-8.4134577 	-11.671463
-0.17537538 	0.25 	0.728 	55.59878 	-8.4200646 	-11.673721
-0.17657658 	0.25 	0.728 	55.613817 	-8.4266715 	-11.67598
-0.17777778 	0.25 	0.728 	55.628854 	-8.4332784 	-11.678238
-0.17897898 	0.25 	0.728 	55.643891 	-8.4398853 	-11.680496
-0.18018018 	0.25 	0.728 	55.658927 	-8.4464922 	-11.682754
-0.18138138 	0.25 	0.728 	55.673964 	-8.4530992 	-11.685012
-0.18258258 	0.25 	0.728 	55.689001 	-8.4592785 	-11.6858
-0.18378378 	0.25 	0.728 	55.704037 	-8.4649965 	-11.685001
-0.18498498 	0.25 	0.728 	55.719074 	-8.4707146 	-11.684202
-0.18618619 	0.25 	0.728 	55.73411 	-8.4764326 	-11.683404
-0.18738739 	0.25 	0.728 	55.749147 	-8.4821507 	-11.682605
-0.18858859 	0.25 	0.728 	55.764183 	-8.4878688 	-11.681806
-0.18978979 	0.25 	0.728 	55.77922 	-8.4935868 	-11.681008
-0.19099099 	0.25 	0.728 	55.794256 	-8.4993049 	-11.680209
-0.19219219 	0.25 	0.728 	55.809293 	-8.5050229 	-11.67941
-0.19339339 	0.25 	0.728 	55.824329 	-8.510741 	-11.678612
-0.19459459 	0.25 	0.728 	55.839366 	-8.516459 	-11.677813
-0.1957958 	0.25 	0.728 	55.854403 	-8.5221771 	-11.677014
-0.196997 	0.25 	0.728 	55.869439 	-8.5278952 	-11.676216
-0.1981982 	0.25 	0.728 	55.884476 	-8.5336132 	-11.675417
-0.1993994 	0.25 	0.728 	55.899512 	-8.5393313 	-11.674618
-0.2006006 	0.25 	0.728 	55.914549 	-8.5450493 	-11.67382
-0.2018018 	0.25 	0.728 	55.929585 	-8.5507674 	-11.673021
-0.203003 	0.25 	0.728 	55.944687 	-8.5563459 	-11.672412
-0.2042042 	0.25 	0.728 	55.960099 	-8.5612677 	-11.672694
-0.20540541 	0.25 	0.728 	55.97551 	-8.5661895 	-11.672977
-0.20660661 	0.25 	0.728 	55.990922 	-8.5711113 	-11.67326
-0.20780781 	0.25 	0.728 	56.006333 	-8.5760331 	-11.673542
-0.20900901 	0.25 	0.728 	56.021745 	-8.5809549 	-11.673825
-0.21021021 	0.25 	0.728 	56.037157 	-8.5858767 	-11.674107
-0.21141141 	0.25 	0.728 	56.052568 	-8.5907985 	-11.67439
-0.21261261 	0.25 	0.728 	56.06798 	-8.5957203 	-11.674672
-0.21381381 	0.25 	0.728 	56.083391 	-8.6006421 	-11.674955
-0.21501502 	0.25 	0.728 	56.098803 	-8.6055639 	-11.675237
-0.21621622 	0.25 	0.728 	56.114214 	-8.6104857 	-11.67552
-0.21741742 	0.25 	0.728 	56.129626 	-8.6154075 	-11.675802
-0.21861862 	0.25 	0.728 	56.145037 	-8.6203293 	-11.676085
-0.21981982 	0.25 	0.728 	56.160442 	-8.6252362 	-11.676356
-0.22102102 	0.25 	0.728 	56.175731 	-8.6298814 	-11.676432
-0.22222222 	0.25 	0.728 	56.19102 	-8.6345265 	-11.676508
-0.22342342 	0.25 	0.728 	56.206596 	-8.6388082 	-11.678364
-0.22462462 	0.25 	0.728 	56.222178 	-8.6430829 	-11.680254
-0.22582583 	0.25 	0.728 	56.237759 	-8.6473575 	-11.682145
-0.22702703 	0.25 	0.728 	56.253341 	-8.6516321 	-11.684035
-0.22822823 	0.25 	0.728 	56.268923 	-8.6559067 	-11.685925
-0.22942943 	0.25 	0.728 	56.284505 	-8.6601813 	-11.687816
-0.23063063 	0.25 	0.728 	56.300086 	-8.6644559 	-11.689706
-0.23183183 	0.25 	0.728 	56.315668 	-8.6687305 	-11.691597
-0.23303303 	0.25 	0.728 	56.33125 	-8.6730051 	-11.693487
-0.23423423 	0.25 	0.728 	56.346832 	-8.6772797 	-11.695377
-0.23543544 	0.25 	0.728 	56.362414 	-8.6815544 	-11.697268
-0.23663664 	0.25 	0.728 	56.377995 	-8.685829 	-11.699158
-0.23783784 	0.25 	0.728 	56.393577 	-8.6901036 	-11.701049
-0.23903904 	0.25 	0.728 	56.409159 	-8.6943782 	-11.702939
-0.24024024 	0.25 	0.728 	56.424741 	-8.6986528 	-11.704829
-0.24144144 	0.25 	0.728 	56.440323 	-8.7029274 	-11.70672
-0.24264264 	0.25 	0.728 	56.455904 	-8.707202 	-11.70861
-0.24384384 	0.25 	0.728 	56.471907 	-8.7106439 	-11.707136
-0.24504505 	0.25 	0.728 	56.488063 	-8.7137828 	-11.704438
-0.24624625 	0.25 	0.728 	56.504219 	-8.7169216 	-11.701739
-0.24744745 	0.25 	0.728 	56.520376 	-8.7200604 	-11.69904
-0.24864865 	0.25 	0.728 	56.536532 	-8.7231992 	-11.696342
-0.24984985 	0.25 	0.728 	56.552688 	-8.726338 	-11.693643
-0.25105105 	0.25 	0.728 	56.568844 	-8.7294768 	-11.690945
-0.25225225 	0.25 	0.728 	56.585 	-8.7326156 	-11.688246
-0.25345345 	0.25 	0.728 	56.601156 	-8.7357544 	-11.685547
-0.25465465 	0.25 	0.728 	56.617312 	-8.7388932 	-11.682849
-0.25585586 	0.25 	0.728 	56.633468 	-8.742032 	-11.68015
-0.25705706 	0.25 	0.728 	56.649625 	-8.7451708 	-11.677451
-0.25825826 	0.25 	0.728 	56.665781 	-8.7483096 	-11.674753
-0.25945946 	0.25 	0.728 	56.681937 	-8.7514485 	-11.672054
-0.26066066 	0.25 	0.728 	56.698093 	-8.7545873 	-11.669356
-0.26186186 	0.25 	0.728 	56.714249 	-8.7577261 	-11.666657
-0.26306306 	0.25 	0.728 	56.730405 	-8.7608649 	-11.663958
-0.26426426 	0.25 	0.728 	56.746465 	-8.7654721 	-11.662466
-0.26546547 	0.25 	0.728 	56.762474 	-8.770862 	-11.661617
-0.26666667 	0.25 	0.728 	56.778522 	-8.7763362 	-11.66084
-0.26786787 	0.25 	0.728 	56.794627 	-8.7819283 	-11.660164
-0.26906907 	0.25 	0.728 	56.810731 	-8.7875204 	-11.659488
-0.27027027 	0.25 	0.728 	56.826835 	-8.7931125 	-11.658811
-0.27147147 	0.25 	0.728 	56.842939 	-8.7987045 	-11.658135
-0.27267267 	0.25 	0.728 	56.859044 	-8.8042966 	-11.657459
-0.27387387 	0.25 	0.728 	56.875148 	-8.8098887 	-11.656783
-0.27507508 	0.25 	0.728 	56.891252 	-8.8154808 	-11.656107
-0.27627628 	0.25 	0.728 	56.907357 	-8.8210728 	-11.655431
-0.27747748 	0.25 	0.728 	56.923461 	-8.8266649 	-11.654755
-0.27867868 	0.25 	0.728 	56.939565 	-8.832257 	-11.654078
-0.27987988 	0.25 	0.728 	56.955669 	-8.8378491 	-11.653402
-0.28108108 	0.25 	0.728 	56.971774 	-8.8434411 	-11.652726
-0.28228228 	0.25 	0.728 	56.987878 	-8.8490332 	-11.65205
-0.28348348 	0.25 	0.728 	57.003982 	-8.8546253 	-11.651374
-0.28468468 	0.25 	0.728 	57.020377 	-8.8623542 	-11.651989
-0.28588589 	0.25 	0.728 	57.036777 	-8.8701301 	-11.652632
-0.28708709 	0.25 	0.728 	57.053178 	-8.8779059 	-11.653275
-0.28828829 	0.25 	0.728 	57.069578 	-8.8856818 	-11.653918
-0.28948949 	0.25 	0.728 	57.085979 	-8.8934577 	-11.654562
-0.29069069 	0.25 	0.728 	57.10238 	-8.9012336 	-11.655205
-0.29189189 	0.25 	0.728 	57.11878 	-8.9090095 	-11.655848
-0.29309309 	0.25 	0.728 	57.135181 	-8.9167853 	-11.656491
-0.29429429 	0.25 	0.728 	57.151582 	-8.9245612 	-11.657135
-0.2954955 	0.25 	0.728 	57.167982 	-8.9323371 	-11.657778
-0.2966967 	0.25 	0.728 	57.184383 	-8.940113 	-11.658421
-0.2978979 	0.25 	0.728 	57.200784 	-8.9478888 	-11.659064
-0.2990991 	0.25 	0.728 	57.217184 	-8.9556647 	-11.659708
-0.3003003 	0.25 	0.728 	57.233585 	-8.9634406 	-11.660351
-0.3015015 	0.25 	0.728 	57.249985 	-8.9712165 	-11.660994
-0.3027027 	0.25 	0.728 	57.266386 	-8.9789923 	-11.661637
-0.3039039 	0.25 	0.728 	57.282787 	-8.9867682 	-11.662281
-0.30510511 	0.25 	0.728 	57.300391 	-8.9943649 	-11.658674
-0.30630631 	0.25 	0.728 	57.318 	-9.0019608 	-11.65505
-0.30750751 	0.25 	0.728 	57.335609 	-9.0095568 	-11.651427
-0.30870871 	0.25 	0.728 	57.353218 	-9.0171527 	-11.647804
-0.30990991 	0.25 	0.728 	57.370826 	-9.0247487 	-11.644181
-0.31111111 	0.25 	0.728 	57.388435 	-9.0323447 	-11.640558
-0.31231231 	0.25 	0.728 	57.406044 	-9.0399406 	-11.636934
-0.31351351 	0.25 	0.728 	57.423653 	-9.0475366 	-11.633311
-0.31471471 	0.25 	0.728 	57.441262 	-9.0551326 	-11.629688
-0.31591592 	0.25 	0.728 	57.458871 	-9.0627285 	-11.626065
-0.31711712 	0.25 	0.728 	57.47648 	-9.0703245 	-11.622442
-0.31831832 	0.25 	0.728 	57.494088 	-9.0779205 	-11.618818
-0.31951952 	0.25 	0.728 	57.511697 	-9.0855164 	-11.615195
-0.32072072 	0.25 	0.728 	57.529306 	-9.0931124 	-11.611572
-0.32192192 	0.25 	0.728 	57.546915 	-9.1007084 	-11.607949
-0.32312312 	0.25 	0.728 	57.564524 	-9.1083043 	-11.604326
-0.32432432 	0.25 	0.728 	57.581929 	-9.1156091 	-11.601091
-0.32552553 	0.25 	0.728 	57.59847 	-9.1216813 	-11.5995
-0.32672673 	0.25 	0.728 	57.615012 	-9.1277534 	-11.597909
-0.32792793 	0.25 	0.728 	57.631553 	-9.1338256 	-11.596319
-0.32912913 	0.25 	0.728 	57.648095 	-9.1398978 	-11.594728
-0.33033033 	0.25 	0.728 	57.664636 	-9.14597 	-11.593137
-0.33153153 	0.25 	0.728 	57.681178 	-9.1520422 	-11.591547
-0.33273273 	0.25 	0.728 	57.69772 	-9.1581144 	-11.589956
-0.33393393 	0.25 	0.728 	57.714261 	-9.1641866 	-11.588365
-0.33513514 	0.25 	0.728 	57.730803 	-9.1702588 	-11.586774
-0.33633634 	0.25 	0.728 	57.747344 	-9.176331 	-11.585184
-0.33753754 	0.25 	0.728 	57.763886 	-9.1824031 	-11.583593
-0.33873874 	0.25 	0.728 	57.780427 	-9.1884753 	-11.582002
-0.33993994 	0.25 	0.728 	57.796969 	-9.1945475 	-11.580411
-0.34114114 	0.25 	0.728 	57.813511 	-9.2006197 	-11.578821
-0.34234234 	0.25 	0.728 	57.829981 	-9.2067577 	-11.577146
-0.34354354 	0.25 	0.728 	57.846397 	-9.2129462 	-11.575408
-0.34474474 	0.25 	0.728 	57.862814 	-9.2191348 	-11.573669
-0.34594595 	0.25 	0.728 	57.878835 	-9.2238459 	-11.573645
-0.34714715 	0.25 	0.728 	57.894843 	-9.2285032 	-11.573684
-0.34834835 	0.25 	0.728 	57.91085 	-9.2331606 	-11.573722
-0.34954955 	0.25 	0.728 	57.926857 	-9.237818 	-11.573761
-0.35075075 	0.25 	0.728 	57.942864 	-9.2424754 	-11.573799
-0.35195195 	0.25 	0.728 	57.958872 	-9.2471328 	-11.573838
-0.35315315 	0.25 	0.728 	57.974879 	-9.2517902 	-11.573876
-0.35435435 	0.25 	0.728 	57.990886 	-9.2564476 	-11.573915
-0.35555556 	0.25 	0.728 	58.006894 	-9.261105 	-11.573953
-0.35675676 	0.25 	0.728 	58.022901 	-9.2657624 	-11.573992
-0.35795796 	0.25 	0.728 	58.038908 	-9.2704198 	-11.57403
-0.35915916 	0.25 	0.728 	58.054916 	-9.2750771 	-11.574069
-0.36036036 	0.25 	0.728 	58.070923 	-9.2797345 	-11.574107
-0.36156156 	0.25 	0.728 	58.08693 	-9.2843919 	-11.574146
-0.36276276 	0.25 	0.728 	58.102938 	-9.2890493 	-11.574184
-0.36396396 	0.25 	0.728 	58.118945 	-9.2937067 	-11.574223
-0.36516517 	0.25 	0.728 	58.135444 	-9.2983574 	-11.573143
-0.36636637 	0.25 	0.728 	58.153468 	-9.3029872 	-11.568597
-0.36756757 	0.25 	0.728 	58.171492 	-9.307617 	-11.56405
-0.36876877 	0.25 	0.728 	58.189517 	-9.3122468 	-11.559504
-0.36996997 	0.25 	0.728 	58.207541 	-9.3168766 	-11.554957
-0.37117117 	0.25 	0.728 	58.225565 	-9.3215064 	-11.55041
-0.37237237 	0.25 	0.728 	58.243589 	-9.3261362 	-11.545864
-0.37357357 	0.25 	0.728 	58.261614 	-9.330766 	-11.541317
-0.37477477 	0.25 	0.728 	58.279638 	-9.3353958 	-11.536771
-0.37597598 	0.25 	0.728 	58.297662 	-9.3400256 	-11.532224
-0.37717718 	0.25 	0.728 	58.315686 	-9.3446554 	-11.527678
-0.37837838 	0.25 	0.728 	58.333711 	-9.3492853 	-11.523131
-0.37957958 	0.25 	0.728 	58.351735 	-9.3539151 	-11.518584
-0.38078078 	0.25 	0.728 	58.369759 	-9.3585449 	-11.514038
-0.38198198 	0.25 	0.728 	58.387783 	-9.3631747 	-11.509491
-0.38318318 	0.25 	0.728 	58.405808 	-9.3678045 	-11.504945
-0.38438438 	0.25 	0.728 	58.423832 	-9.3724343 	-11.500398
-0.38558559 	0.25 	0.728 	58.441676 	-9.3780287 	-11.496968
-0.38678679 	0.25 	0.728 	58.45945 	-9.3840028 	-11.493978
-0.38798799 	0.25 	0.728 	58.477223 	-9.389977 	-11.490987
-0.38918919 	0.25 	0.728 	58.494997 	-9.3959512 	-11.487997
-0.39039039 	0.25 	0.728 	58.51277 	-9.4019254 	-11.485006
-0.39159159 	0.25 	0.728 	58.530544 	-9.4078995 	-11.482016
-0.39279279 	0.25 	0.728 	58.548317 	-9.4138737 	-11.479026
-0.39399399 	0.25 	0.728 	58.566091 	-9.4198479 	-11.476035
-0.3951952 	0.25 	0.728 	58.583864 	-9.425822 	-11.473045
-0.3963964 	0.25 	0.728 	58.601638 	-9.4317962 	-11.470054
-0.3975976 	0.25 	0.728 	58.619411 	-9.4377704 	-11.467064
-0.3987988 	0.25 	0.728 	58.637185 	-9.4437446 	-11.464074
-0.4 	0.25 	0.728 	58.654958 	-9.4497187 	-11.461083
-0.4012012 	0.25 	0.728 	58.672732 	-9.4556929 	-11.458093
-0.4024024 	0.25 	0.728 	58.690505 	-9.4616671 	-11.455102
-0.4036036 	0.25 	0.728 	58.708028 	-9.4679333 	-11.452032
-0.4048048 	0.25 	0.728 	58.725497 	-9.4742618 	-11.448946
-0.40600601 	0.25 	0.728 	58.742966 	-9.4805904 	-11.445859
-0.40720721 	0.25 	0.728 	58.760874 	-9.4865146 	-11.443763
-0.40840841 	0.25 	0.728 	58.778823 	-9.4924024 	-11.441756
-0.40960961 	0.25 	0.728 	58.796771 	-9.4982902 	-11.43975
-0.41081081 	0.25 	0.728 	58.81472 	-9.504178 	-11.437743
-0.41201201 	0.25 	0.728 	58.832668 	-9.5100659 	-11.435737
-0.41321321 	0.25 	0.728 	58.850617 	-9.5159537 	-11.43373
-0.41441441 	0.25 	0.728 	58.868565 	-9.5218415 	-11.431724
-0.41561562 	0.25 	0.728 	58.886514 	-9.5277293 	-11.429717
-0.41681682 	0.25 	0.728 	58.904462 	-9.5336171 	-11.427711
-0.41801802 	0.25 	0.728 	58.922411 	-9.5395049 	-11.425704
-0.41921922 	0.25 	0.728 	58.940359 	-9.5453927 	-11.423698
-0.42042042 	0.25 	0.728 	58.958308 	-9.5512806 	-11.421691
-0.42162162 	0.25 	0.728 	58.976256 	-9.5571684 	-11.419685
-0.42282282 	0.25 	0.728 	58.994205 	-9.5630562 	-11.417678
-0.42402402 	0.25 	0.728 	59.012153 	-9.568944 	-11.415671
-0.42522523 	0.25 	0.728 	59.030102 	-9.5748318 	-11.413665
-0.42642643 	0.25 	0.728 	59.049107 	-9.5817064 	-11.409565
-0.42762763 	0.25 	0.728 	59.069137 	-9.5895385 	-11.403433
-0.42882883 	0.25 	0.728 	59.089167 	-9.5973706 	-11.397302
-0.43003003 	0.25 	0.728 	59.109197 	-9.6052027 	-11.391171
-0.43123123 	0.25 	0.728 	59.129227 	-9.6130347 	-11.385039
-0.43243243 	0.25 	0.728 	59.149257 	-9.6208668 	-11.378908
-0.43363363 	0.25 	0.728 	59.169287 	-9.6286989 	-11.372776
-0.43483483 	0.25 	0.728 	59.189317 	-9.636531 	-11.366645
-0.43603604 	0.25 	0.728 	59.209347 	-9.6443631 	-11.360513
-0.43723724 	0.25 	0.728 	59.229377 	-9.6521952 	-11.354382
-0.43843844 	0.25 	0.728 	59.249407 	-9.6600273 	-11.34825
-0.43963964 	0.25 	0.728 	59.269437 	-9.6678594 	-11.342119
-0.44084084 	0.25 	0.728 	59.289467 	-9.6756915 	-11.335987
-0.44204204 	0.25 	0.728 	59.309497 	-9.6835236 	-11.329856
-0.44324324 	0.25 	0.728 	59.329527 	-9.6913557 	-11.323724
-0.44444444 	0.25 	0.728 	59.349557 	-9.6991877 	-11.317593
-0.44564565 	0.25 	0.728 	59.369609 	-9.7062239 	-11.311901
-0.44684685 	0.25 	0.728 	59.389716 	-9.7113166 	-11.307283
-0.44804805 	0.25 	0.728 	59.409822 	-9.7164092 	-11.302665
-0.44924925 	0.25 	0.728 	59.429928 	-9.7215019 	-11.298047
-0.45045045 	0.25 	0.728 	59.450035 	-9.7265945 	-11.293428
-0.45165165 	0.25 	0.728 	59.470141 	-9.7316872 	-11.28881
-0.45285285 	0.25 	0.728 	59.490248 	-9.7367798 	-11.284192
-0.45405405 	0.25 	0.728 	59.510354 	-9.7418725 	-11.279574
-0.45525526 	0.25 	0.728 	59.53046 	-9.7469651 	-11.274956
-0.45645646 	0.25 	0.728 	59.550567 	-9.7520578 	-11.270337
-0.45765766 	0.25 	0.728 	59.570673 	-9.7571504 	-11.265719
-0.45885886 	0.25 	0.728 	59.59078 	-9.7622431 	-11.261101
-0.46006006 	0.25 	0.728 	59.610886 	-9.7673357 	-11.256483
-0.46126126 	0.25 	0.728 	59.630992 	-9.7724284 	-11.251865
-0.46246246 	0.25 	0.728 	59.651099 	-9.777521 	-11.247246
-0.46366366 	0.25 	0.728 	59.671175 	-9.7826623 	-11.242566
-0.46486486 	0.25 	0.728 	59.690889 	-9.7883924 	-11.237134
-0.46606607 	0.25 	0.728 	59.710603 	-9.7941225 	-11.231702
-0.46726727 	0.25 	0.728 	59.730317 	-9.7998526 	-11.22627
-0.46846847 	0.25 	0.728 	59.750114 	-9.8045718 	-11.222665
-0.46966967 	0.25 	0.728 	59.769923 	-9.8091355 	-11.219341
-0.47087087 	0.25 	0.728 	59.789732 	-9.8136992 	-11.216017
-0.47207207 	0.25 	0.728 	59.809541 	-9.8182629 	-11.212693
-0.47327327 	0.25 	0.728 	59.82935 	-9.8228266 	-11.209369
-0.47447447 	0.25 	0.728 	59.849159 	-9.8273903 	-11.206045
-0.47567568 	0.25 	0.728 	59.868968 	-9.831954 	-11.202721
-0.47687688 	0.25 	0.728 	59.888776 	-9.8365177 	-11.199397
-0.47807808 	0.25 	0.728 	59.908585 	-9.8410814 	-11.196073
-0.47927928 	0.25 	0.728 	59.928394 	-9.8456451 	-11.192749
-0.48048048 	0.25 	0.728 	59.948203 	-9.8502088 	-11.189425
-0.48168168 	0.25 	0.728 	59.968012 	-9.8547725 	-11.186101
-0.48288288 	0.25 	0.728 	59.987821 	-9.8593362 	-11.182777
-0.48408408 	0.25 	0.728 	60.00763 	-9.8638998 	-11.179453
-0.48528529 	0.25 	0.728 	60.027439 	-9.8684635 	-11.176129
-0.48648649 	0.25 	0.728 	60.047248 	-9.8730272 	-11.172805
-0.48768769 	0.25 	0.728 	60.068898 	-9.8778613 	-11.166506
-0.48888889 	0.25 	0.728 	60.091151 	-9.8827839 	-11.159233
-0.49009009 	0.25 	0.728 	60.113403 	-9.8877065 	-11.15196
-0.49129129 	0.25 	0.728 	60.135655 	-9.8926291 	-11.144687
-0.49249249 	0.25 	0.728 	60.157908 	-9.8975517 	-11.137414
-0.49369369 	0.25 	0.728 	60.18016 	-9.9024742 	-11.130141
-0.49489489 	0.25 	0.728 	60.202412 	-9.9073968 	-11.122867
-0.4960961 	0.25 	0.728 	60.224665 	-9.9123194 	-11.115594
-0.4972973 	0.25 	0.728 	60.246917 	-9.917242 	-11.108321
-0.4984985 	0.25 	0.728 	60.269169 	-9.9221646 	-11.101048
-0.4996997 	0.25 	0.728 	60.291422 	-9.9270871 	-11.093775
-0.5009009 	0.25 	0.728 	60.313674 	-9.9320097 	-11.086502
-0.5021021 	0.25 	0.728 	60.335926 	-9.9369323 	-11.079229
-0.5033033 	0.25 	0.728 	60.358179 	-9.9418549 	-11.071956
-0.5045045 	0.25 	0.728 	60.380431 	-9.9467775 	-11.064683
-0.50570571 	0.25 	0.728 	60.402683 	-9.9517 	-11.05741
-0.50690691 	0.25 	0.728 	60.424191 	-9.9573221 	-11.050198
-0.50810811 	0.25 	0.728 	60.445621 	-9.9628902 	-11.043144
-0.50930931 	0.25 	0.728 	60.467497 	-9.9672407 	-11.037015
-0.51051051 	0.25 	0.728 	60.489373 	-9.9715911 	-11.030886
-0.51171171 	0.25 	0.728 	60.511249 	-9.9759416 	-11.024757
-0.51291291 	0.25 	0.728 	60.533126 	-9.9802921 	-11.018628
-0.51411411 	0.25 	0.728 	60.555002 	-9.9846426 	-11.012499
-0.51531532 	0.25 	0.728 	60.576878 	-9.9889931 	-11.00637
-0.51651652 	0.25 	0.728 	60.598754 	-9.9933436 	-11.000241
-0.51771772 	0.25 	0.728 	60.620653 	-9.9992681 	-10.993919
-0.51891892 	0.25 	0.728 	60.642591 	-10.007815 	-10.987276
-0.52012012 	0.25 	0.728 	60.66453 	-10.016363 	-10.980633
-0.52132132 	0.25 	0.728 	60.686468 	-10.02491 	-10.973989
-0.52252252 	0.25 	0.728 	60.708406 	-10.033457 	-10.967346
-0.52372372 	0.25 	0.728 	60.730344 	-10.042004 	-10.960703
-0.52492492 	0.25 	0.728 	60.752282 	-10.050552 	-10.95406
-0.52612613 	0.25 	0.728 	60.77422 	-10.059099 	-10.947417
-0.52732733 	0.25 	0.728 	60.796087 	-10.067026 	-10.940439
-0.52852853 	0.25 	0.728 	60.817899 	-10.074477 	-10.933205
-0.52972973 	0.25 	0.728 	60.84449 	-10.079701 	-10.926073
-0.53093093 	0.25 	0.728 	60.872294 	-10.084359 	-10.918967
-0.53213213 	0.25 	0.728 	60.900099 	-10.089017 	-10.911861
-0.53333333 	0.25 	0.728 	60.927903 	-10.093674 	-10.904755
-0.53453453 	0.25 	0.728 	60.955708 	-10.098332 	-10.897649
-0.53573574 	0.25 	0.728 	60.983512 	-10.10299 	-10.890543
-0.53693694 	0.25 	0.728 	61.011317 	-10.107648 	-10.883437
-0.53813814 	0.25 	0.728 	61.039121 	-10.112306 	-10.87633
-0.53933934 	0.25 	0.728 	61.066926 	-10.116964 	-10.869224
-0.54054054 	0.25 	0.728 	61.09473 	-10.121621 	-10.862118
-0.54174174 	0.25 	0.728 	61.122535 	-10.126279 	-10.855012
-0.54294294 	0.25 	0.728 	61.150339 	-10.130937 	-10.847906
-0.54414414 	0.25 	0.728 	61.178144 	-10.135595 	-10.8408
-0.54534535 	0.25 	0.728 	61.205948 	-10.140253 	-10.833694
-0.54654655 	0.25 	0.728 	61.233753 	-10.144911 	-10.826588
-0.54774775 	0.25 	0.728 	61.261533 	-10.149563 	-10.819481
-0.54894895 	0.25 	0.728 	61.280354 	-10.152005 	-10.811906
-0.55015015 	0.25 	0.728 	61.299175 	-10.154448 	-10.804331
-0.55135135 	0.25 	0.728 	61.317995 	-10.15689 	-10.796756
-0.55255255 	0.25 	0.728 	61.336816 	-10.159333 	-10.789181
-0.55375375 	0.25 	0.728 	61.355636 	-10.161775 	-10.781606
-0.55495495 	0.25 	0.728 	61.374457 	-10.164217 	-10.774031
-0.55615616 	0.25 	0.728 	61.393278 	-10.16666 	-10.766456
-0.55735736 	0.25 	0.728 	61.412098 	-10.169102 	-10.758881
-0.55855856 	0.25 	0.728 	61.430919 	-10.171545 	-10.751306
-0.55975976 	0.25 	0.728 	61.449956 	-10.175452 	-10.744062
-0.56096096 	0.25 	0.728 	61.469408 	-10.182175 	-10.737457
-0.56216216 	0.25 	0.728 	61.48886 	-10.188898 	-10.730851
-0.56336336 	0.25 	0.728 	61.508313 	-10.195622 	-10.724245
-0.56456456 	0.25 	0.728 	61.527765 	-10.202345 	-10.71764
-0.56576577 	0.25 	0.728 	61.547217 	-10.209068 	-10.711034
-0.56696697 	0.25 	0.728 	61.568711 	-10.215713 	-10.703595
-0.56816817 	0.25 	0.728 	61.593379 	-10.223327 	-10.69494
-0.56936937 	0.25 	0.728 	61.618048 	-10.230942 	-10.686284
-0.57057057 	0.25 	0.728 	61.642716 	-10.238557 	-10.677629
-0.57177177 	0.25 	0.728 	61.667385 	-10.246171 	-10.668973
-0.57297297 	0.25 	0.728 	61.692054 	-10.253786 	-10.660317
-0.57417417 	0.25 	0.728 	61.716722 	-10.261401 	-10.651662
-0.57537538 	0.25 	0.728 	61.741391 	-10.269015 	-10.643006
-0.57657658 	0.25 	0.728 	61.766059 	-10.27663 	-10.634351
-0.57777778 	0.25 	0.728 	61.790728 	-10.284245 	-10.625695
-0.57897898 	0.25 	0.728 	61.815218 	-10.291418 	-10.615951
-0.58018018 	0.25 	0.728 	61.839602 	-10.298327 	-10.605554
-0.58138138 	0.25 	0.728 	61.863985 	-10.305236 	-10.595158
-0.58258258 	0.25 	0.728 	61.888369 	-10.312144 	-10.584761
-0.58378378 	0.25 	0.728 	61.912752 	-10.319053 	-10.574365
-0.58498498 	0.25 	0.728 	61.937136 	-10.325962 	-10.563968
-0.58618619 	0.25 	0.728 	61.96152 	-10.33287 	-10.553572
-0.58738739 	0.25 	0.728 	61.985903 	-10.339779 	-10.543175
-0.58858859 	0.25 	0.728 	62.010287 	-10.346688 	-10.532779
-0.58978979 	0.25 	0.728 	62.03467 	-10.353596 	-10.522382
-0.59099099 	0.25 	0.728 	62.059718 	-10.358254 	-10.512876
-0.59219219 	0.25 	0.728 	62.084617 	-10.362605 	-10.503512
-0.59339339 	0.25 	0.728 	62.109516 	-10.366955 	-10.494148
-0.59459459 	0.25 	0.728 	62.134415 	-10.371306 	-10.484784
-0.5957958 	0.25 	0.728 	62.159315 	-10.375657 	-10.475421
-0.596997 	0.25 	0.728 	62.184214 	-10.380007 	-10.466057
-0.5981982 	0.25 	0.728 	62.209847 	-10.382955 	-10.457221
-0.5993994 	0.25 	0.728 	62.235556 	-10.385759 	-10.448439
-0.6006006 	0.25 	0.728 	62.261265 	-10.388562 	-10.439657
-0.6018018 	0.25 	0.728 	62.286974 	-10.391366 	-10.430874
-0.603003 	0.25 	0.728 	62.312682 	-10.39417 	-10.422092
-0.6042042 	0.25 	0.728 	62.338391 	-10.396974 	-10.41331
-0.60540541 	0.25 	0.728 	62.3641 	-10.399777 	-10.404528
-0.60660661 	0.25 	0.728 	62.389809 	-10.402581 	-10.395746
-0.60780781 	0.25 	0.728 	62.415518 	-10.405385 	-10.386964
-0.60900901 	0.25 	0.728 	62.441032 	-10.407689 	-10.377778
-0.61021021 	0.25 	0.728 	62.465946 	-10.408451 	-10.367346
-0.61141141 	0.25 	0.728 	62.49086 	-10.409213 	-10.356914
-0.61261261 	0.25 	0.728 	62.515774 	-10.409975 	-10.346482
-0.61381381 	0.25 	0.728 	62.540688 	-10.410737 	-10.33605
-0.61501502 	0.25 	0.728 	62.565602 	-10.411499 	-10.325618
-0.61621622 	0.25 	0.728 	62.590516 	-10.412261 	-10.315186
-0.61741742 	0.25 	0.728 	62.61543 	-10.413023 	-10.304754
-0.61861862 	0.25 	0.728 	62.640344 	-10.413785 	-10.294322
-0.61981982 	0.25 	0.728 	62.665258 	-10.414547 	-10.28389
-0.62102102 	0.25 	0.728 	62.691482 	-10.415523 	-10.273276
-0.62222222 	0.25 	0.728 	62.718656 	-10.416654 	-10.262532
-0.62342342 	0.25 	0.728 	62.74583 	-10.417784 	-10.251787
-0.62462462 	0.25 	0.728 	62.773004 	-10.418915 	-10.241042
-0.62582583 	0.25 	0.728 	62.800178 	-10.420046 	-10.230298
-0.62702703 	0.25 	0.728 	62.827352 	-10.421177 	-10.219553
-0.62822823 	0.25 	0.728 	62.856207 	-10.425378 	-10.20865
-0.62942943 	0.25 	0.728 	62.885945 	-10.429814 	-10.197673
-0.63063063 	0.25 	0.728 	62.915684 	-10.434249 	-10.186696
-0.63183183 	0.25 	0.728 	62.945422 	-10.438684 	-10.175719
-0.63303303 	0.25 	0.728 	62.97516 	-10.443119 	-10.164742
-0.63423423 	0.25 	0.728 	63.004899 	-10.447554 	-10.153765
-0.63543544 	0.25 	0.728 	63.034637 	-10.45199 	-10.142788
-0.63663664 	0.25 	0.728 	63.064376 	-10.456425 	-10.13181
-0.63783784 	0.25 	0.728 	63.094114 	-10.46086 	-10.120833
-0.63903904 	0.25 	0.728 	63.123853 	-10.465295 	-10.109856
-0.64024024 	0.25 	0.728 	63.151962 	-10.470302 	-10.098048
-0.64144144 	0.25 	0.728 	63.179805 	-10.475402 	-10.086105
-0.64264264 	0.25 	0.728 	63.207648 	-10.480502 	-10.074161
-0.64384384 	0.25 	0.728 	63.235491 	-10.485602 	-10.062218
-0.64504505 	0.25 	0.728 	63.263335 	-10.490702 	-10.050274
-0.64624625 	0.25 	0.728 	63.291178 	-10.495801 	-10.03833
-0.64744745 	0.25 	0.728 	63.319021 	-10.500901 	-10.026387
-0.64864865 	0.25 	0.728 	63.346864 	-10.506001 	-10.014443
-0.64984985 	0.25 	0.728 	63.374708 	-10.511101 	-10.0025
-0.65105105 	0.25 	0.728 	63.40303 	-10.516073 	-9.9905445
-0.65225225 	0.25 	0.728 	63.432837 	-10.519966 	-9.9784605
-0.65345345 	0.25 	0.728 	63.462401 	-10.523577 	-9.9663357
-0.65465465 	0.25 	0.728 	63.491966 	-10.527189 	-9.9542109
-0.65585586 	0.25 	0.728 	63.52153 	-10.5308 	-9.9420862
-0.65705706 	0.25 	0.728 	63.551094 	-10.534411 	-9.9299614
-0.65825826 	0.25 	0.728 	63.581118 	-10.53784 	-9.9178062
-0.65945946 	0.25 	0.728 	63.61397 	-10.540149 	-9.9054643
-0.66066066 	0.25 	0.728 	63.646822 	-10.542459 	-9.8931224
-0.66186186 	0.25 	0.728 	63.679674 	-10.544769 	-9.8807805
-0.66306306 	0.25 	0.728 	63.712526 	-10.547079 	-9.8684386
-0.66426426 	0.25 	0.728 	63.745378 	-10.549389 	-9.8560967
-0.66546547 	0.25 	0.728 	63.77823 	-10.551699 	-9.8437548
-0.66666667 	0.25 	0.728 	63.811081 	-10.554009 	-9.8314129
-0.66786787 	0.25 	0.728 	63.843933 	-10.556319 	-9.819071
-0.66906907 	0.25 	0.728 	63.876785 	-10.558629 	-9.8067291
-0.67027027 	0.25 	0.728 	63.907774 	-10.562407 	-9.7941969
-0.67147147 	0.25 	0.728 	63.936719 	-10.567798 	-9.781456
-0.67267267 	0.25 	0.728 	63.965664 	-10.573188 	-9.7687151
-0.67387387 	0.25 	0.728 	63.994608 	-10.578578 	-9.7559742
-0.67507508 	0.25 	0.728 	64.023553 	-10.583969 	-9.7432333
-0.67627628 	0.25 	0.728 	64.052498 	-10.589359 	-9.7304924
-0.67747748 	0.25 	0.728 	64.081443 	-10.59475 	-9.7177515
-0.67867868 	0.25 	0.728 	64.110387 	-10.60014 	-9.7050106
-0.67987988 	0.25 	0.728 	64.139332 	-10.60553 	-9.6922697
-0.68108108 	0.25 	0.728 	64.168277 	-10.610921 	-9.6795288
-0.68228228 	0.25 	0.728 	64.198901 	-10.614301 	-9.6663658
-0.68348348 	0.25 	0.728 	64.229908 	-10.617223 	-9.6531069
-0.68468468 	0.25 	0.728 	64.260915 	-10.620145 	-9.6398479
-0.68588589 	0.25 	0.728 	64.291922 	-10.623068 	-9.6265889
-0.68708709 	0.25 	0.728 	64.322929 	-10.62599 	-9.6133299
-0.68828829 	0.25 	0.728 	64.354055 	-10.628766 	-9.6003855
-0.68948949 	0.25 	0.728 	64.38597 	-10.629453 	-9.5877899
-0.69069069 	0.25 	0.728 	64.418089 	-10.62953 	-9.5751808
-0.69189189 	0.25 	0.728 	64.450209 	-10.629608 	-9.5625716
-0.69309309 	0.25 	0.728 	64.482328 	-10.629685 	-9.5499624
-0.69429429 	0.25 	0.728 	64.514448 	-10.629762 	-9.5373533
-0.6954955 	0.25 	0.728 	64.546567 	-10.62984 	-9.5247441
-0.6966967 	0.25 	0.728 	64.578687 	-10.629917 	-9.5121349
-0.6978979 	0.25 	0.728 	64.610806 	-10.629994 	-9.4995258
-0.6990991 	0.25 	0.728 	64.642926 	-10.630072 	-9.4869166
-0.7003003 	0.25 	0.728 	64.675018 	-10.630778 	-9.4741412
-0.7015015 	0.25 	0.728 	64.706842 	-10.637694 	-9.459725
-0.7027027 	0.25 	0.728 	64.738666 	-10.64461 	-9.4453089
-0.7039039 	0.25 	0.728 	64.77049 	-10.651526 	-9.4308927
-0.70510511 	0.25 	0.728 	64.802314 	-10.658442 	-9.4164765
-0.70630631 	0.25 	0.728 	64.834138 	-10.665358 	-9.4020604
-0.70750751 	0.25 	0.728 	64.865962 	-10.672274 	-9.3876442
-0.70870871 	0.25 	0.728 	64.897787 	-10.67919 	-9.373228
-0.70990991 	0.25 	0.728 	64.929611 	-10.686106 	-9.3588119
-0.71111111 	0.25 	0.728 	64.961435 	-10.693022 	-9.3443957
-0.71231231 	0.25 	0.728 	64.993301 	-10.697368 	-9.3306683
-0.71351351 	0.25 	0.728 	65.025047 	-10.698058 	-9.3172199
-0.71471471 	0.25 	0.728 	65.056693 	-10.698668 	-9.303395
-0.71591592 	0.25 	0.728 	65.088338 	-10.699277 	-9.2895702
-0.71711712 	0.25 	0.728 	65.119984 	-10.699887 	-9.2757454
-0.71831832 	0.25 	0.728 	65.15163 	-10.700496 	-9.2619205
-0.71951952 	0.25 	0.728 	65.183615 	-10.699026 	-9.248532
-0.72072072 	0.25 	0.728 	65.216197 	-10.693899 	-9.2359106
-0.72192192 	0.25 	0.728 	65.248779 	-10.688772 	-9.2232892
-0.72312312 	0.25 	0.728 	65.281362 	-10.683644 	-9.2106677
-0.72432432 	0.25 	0.728 	65.313944 	-10.678517 	-9.1980463
-0.72552553 	0.25 	0.728 	65.346526 	-10.67339 	-9.1854249
-0.72672673 	0.25 	0.728 	65.379108 	-10.668263 	-9.1728034
-0.72792793 	0.25 	0.728 	65.411691 	-10.663136 	-9.160182
-0.72912913 	0.25 	0.728 	65.444273 	-10.658009 	-9.1475606
-0.73033033 	0.25 	0.728 	65.476855 	-10.652882 	-9.1349391
-0.73153153 	0.25 	0.728 	65.510831 	-10.651077 	-9.1209974
-0.73273273 	0.25 	0.728 	65.545423 	-10.65074 	-9.1064723
-0.73393393 	0.25 	0.728 	65.580015 	-10.650403 	-9.0919473
-0.73513514 	0.25 	0.728 	65.614606 	-10.650066 	-9.0774222
-0.73633634 	0.25 	0.728 	65.649198 	-10.649729 	-9.0628972
-0.73753754 	0.25 	0.728 	65.683789 	-10.649392 	-9.0483722
-0.73873874 	0.25 	0.728 	65.718381 	-10.649055 	-9.0338471
-0.73993994 	0.25 	0.728 	65.752973 	-10.648718 	-9.0193221
-0.74114114 	0.25 	0.728 	65.787564 	-10.648381 	-9.004797
-0.74234234 	0.25 	0.728 	65.822112 	-10.647965 	-8.9902894
-0.74354354 	0.25 	0.728 	65.85515 	-10.64488 	-8.976376
-0.74474474 	0.25 	0.728 	65.888189 	-10.641795 	-8.9624626
-0.74594595 	0.25 	0.728 	65.921227 	-10.63871 	-8.9485492
-0.74714715 	0.25 	0.728 	65.954266 	-10.635624 	-8.9346358
-0.74834835 	0.25 	0.728 	65.987304 	-10.632539 	-8.9207224
-0.74954955 	0.25 	0.728 	66.025141 	-10.625343 	-8.9067678
-0.75075075 	0.25 	0.728 	66.06388 	-10.616428 	-8.8922481
-0.75195195 	0.25 	0.728 	66.102631 	-10.607474 	-8.8777116
-0.75315315 	0.25 	0.728 	66.141382 	-10.59852 	-8.8631752
-0.75435435 	0.25 	0.728 	66.180133 	-10.589567 	-8.8486387
-0.75555556 	0.25 	0.728 	66.220992 	-10.581227 	-8.8325329
-0.75675676 	0.25 	0.728 	66.262317 	-10.573023 	-8.8160794
-0.75795796 	0.25 	0.728 	66.303642 	-10.56482 	-8.799626
-0.75915916 	0.25 	0.728 	66.344967 	-10.556616 	-8.7831726
-0.76036036 	0.25 	0.728 	66.386293 	-10.548413 	-8.7667191
-0.76156156 	0.25 	0.728 	66.426286 	-10.543423 	-8.7516083
-0.76276276 	0.25 	0.728 	66.463218 	-10.54582 	-8.7395826
-0.76396396 	0.25 	0.728 	66.497361 	-10.547127 	-8.7276899
-0.76516517 	0.25 	0.728 	66.52324 	-10.545207 	-8.7161909
-0.76636637 	0.25 	0.728 	66.54912 	-10.543287 	-8.7046919
-0.76756757 	0.25 	0.728 	66.574999 	-10.541367 	-8.6931929
-0.76876877 	0.25 	0.728 	66.600878 	-10.539447 	-8.6816939
-0.76996997 	0.25 	0.728 	66.626758 	-10.537527 	-8.6701949
-0.77117117 	0.25 	0.728 	66.65385 	-10.536073 	-8.6582031
-0.77237237 	0.25 	0.728 	66.68249 	-10.535215 	-8.6455825
-0.77357357 	0.25 	0.728 	66.711131 	-10.534356 	-8.6329618
-0.77477477 	0.25 	0.728 	66.737406 	-10.530157 	-8.6185423
-0.77597598 	0.25 	0.728 	66.762248 	-10.523934 	-8.6030328
-0.77717718 	0.25 	0.728 	66.794977 	-10.530768 	-8.5895792
-0.77837838 	0.25 	0.728 	66.832882 	-10.54617 	-8.5774749
-0.77957958 	0.25 	0.728 	66.867588 	-10.546426 	-8.5634325
-0.78078078 	0.25 	0.728 	66.900125 	-10.536408 	-8.5480753
-0.78198198 	0.25 	0.728 	66.932662 	-10.52639 	-8.532718
-0.78318318 	0.25 	0.728 	66.962748 	-10.51609 	-8.5178441
-0.78438438 	0.25 	0.728 	66.99209 	-10.505705 	-8.503117
-0.78558559 	0.25 	0.728 	67.021432 	-10.49532 	-8.4883898
-0.78678679 	0.25 	0.728 	67.050774 	-10.484935 	-8.4736627
-0.78798799 	0.25 	0.728 	67.080116 	-10.474549 	-8.4589355
-0.78918919 	0.25 	0.728 	67.109458 	-10.464164 	-8.4442084
-0.79039039 	0.25 	0.728 	67.135817 	-10.432338 	-8.4275023
-0.79159159 	0.25 	0.728 	67.16181 	-10.397883 	-8.4105535
-0.79279279 	0.25 	0.728 	67.198634 	-10.377343 	-8.3985065
-0.79399399 	0.25 	0.728 	67.236651 	-10.358337 	-8.3869996
-0.7951952 	0.25 	0.728 	67.268621 	-10.342787 	-8.3709526
-0.7963964 	0.25 	0.728 	67.300022 	-10.327562 	-8.3544792
-0.7975976 	0.25 	0.728 	67.331328 	-10.312342 	-8.3380288
-0.7987988 	0.25 	0.728 	67.36121 	-10.297213 	-8.3219187
-0.8 	0.25 	0.728 	67.391093 	-10.282084 	-8.3058086
-0.8012012 	0.25 	0.728 	67.420975 	-10.266954 	-8.2896986
-0.8024024 	0.25 	0.728 	67.450857 	-10.251825 	-8.2735885
-0.8036036 	0.25 	0.728 	67.480739 	-10.236695 	-8.2574784
-0.8048048 	0.25 	0.728 	67.510015 	-10.222732 	-8.2405354
-0.80600601 	0.25 	0.728 	67.53674 	-10.213669 	-8.2200892
-0.80720721 	0.25 	0.728 	67.56543 	-10.204816 	-8.2011466
-0.80840841 	0.25 	0.728 	67.602206 	-10.196818 	-8.1883857
-0.80960961 	0.25 	0.728 	67.637574 	-10.187974 	-8.1746076
-0.81081081 	0.25 	0.728 	67.667141 	-10.17564 	-8.1566364
-0.81201201 	0.25 	0.728 	67.696707 	-10.163307 	-8.1386652
-0.81321321 	0.25 	0.728 	67.726494 	-10.151188 	-8.1207385
-0.81441441 	0.25 	0.728 	67.756678 	-10.139455 	-8.102892
-0.81561562 	0.25 	0.728 	67.786863 	-10.127723 	-8.0850455
-0.81681682 	0.25 	0.728 	67.817047 	-10.11599 	-8.0671991
-0.81801802 	0.25 	0.728 	67.847231 	-10.104258 	-8.0493526
-0.81921922 	0.25 	0.728 	67.877416 	-10.092525 	-8.0315061
-0.82042042 	0.25 	0.728 	67.905876 	-10.078662 	-8.0118371
-0.82162162 	0.25 	0.728 	67.932628 	-10.062688 	-7.990362
-0.82282282 	0.25 	0.728 	67.963367 	-10.045899 	-7.9723124
-0.82402402 	0.25 	0.728 	67.998282 	-10.028258 	-7.9578512
-0.82522523 	0.25 	0.728 	68.031174 	-10.012465 	-7.9412445
-0.82642643 	0.25 	0.728 	68.0618 	-9.9987432 	-7.9222338
-0.82762763 	0.25 	0.728 	68.092425 	-9.9850211 	-7.9032231
-0.82882883 	0.25 	0.728 	68.123051 	-9.9712991 	-7.8842123
-0.83003003 	0.25 	0.728 	68.153676 	-9.9575771 	-7.8652016
-0.83123123 	0.25 	0.728 	68.184302 	-9.9438551 	-7.8461909
-0.83243243 	0.25 	0.728 	68.213401 	-9.9295678 	-7.8270443
-0.83363363 	0.25 	0.728 	68.241555 	-9.9149301 	-7.8078134
-0.83483483 	0.25 	0.728 	68.269708 	-9.9002923 	-7.7885826
-0.83603604 	0.25 	0.728 	68.29812 	-9.8882525 	-7.7668231
-0.83723724 	0.25 	0.728 	68.326596 	-9.8768637 	-7.74443
-0.83843844 	0.25 	0.728 	68.360436 	-9.8610328 	-7.7257106
-0.83963964 	0.25 	0.728 	68.395797 	-9.8439418 	-7.7080332
-0.84084084 	0.25 	0.728 	68.425954 	-9.8269775 	-7.6883848
-0.84204204 	0.25 	0.728 	68.454456 	-9.8100535 	-7.6681099
-0.84324324 	0.25 	0.728 	68.482958 	-9.7931295 	-7.647835
-0.84444444 	0.25 	0.728 	68.514958 	-9.7771094 	-7.6279044
-0.84564565 	0.25 	0.728 	68.547178 	-9.7611464 	-7.6079955
-0.84684685 	0.25 	0.728 	68.579397 	-9.7451833 	-7.5880866
-0.84804805 	0.25 	0.728 	68.611617 	-9.7292203 	-7.5681776
-0.84924925 	0.25 	0.728 	68.643837 	-9.7132573 	-7.5482687
-0.85045045 	0.25 	0.728 	68.675588 	-9.6969722 	-7.5280434
-0.85165165 	0.25 	0.728 	68.702756 	-9.677543 	-7.5047289
-0.85285285 	0.25 	0.728 	68.730777 	-9.6581547 	-7.4817347
-0.85405405 	0.25 	0.728 	68.769889 	-9.6392983 	-7.4629042
-0.85525526 	0.25 	0.728 	68.808484 	-9.6204321 	-7.4439633
-0.85645646 	0.25 	0.728 	68.838052 	-9.6013931 	-7.4230918
-0.85765766 	0.25 	0.728 	68.867621 	-9.5823541 	-7.4022202
-0.85885886 	0.25 	0.728 	68.898111 	-9.5634802 	-7.3814594
-0.86006006 	0.25 	0.728 	68.931636 	-9.5451494 	-7.3610628
-0.86126126 	0.25 	0.728 	68.965161 	-9.5268187 	-7.3406662
-0.86246246 	0.25 	0.728 	68.998686 	-9.5084879 	-7.3202696
-0.86366366 	0.25 	0.728 	69.032211 	-9.4901572 	-7.299873
-0.86486486 	0.25 	0.728 	69.065736 	-9.4718264 	-7.2794764
-0.86606607 	0.25 	0.728 	69.097118 	-9.4538804 	-7.2582705
-0.86726727 	0.25 	0.728 	69.124817 	-9.4365956 	-7.2356736
-0.86846847 	0.25 	0.728 	69.156556 	-9.4213932 	-7.2136414
-0.86966967 	0.25 	0.728 	69.19536 	-9.4098342 	-7.1925977
-0.87087087 	0.25 	0.728 	69.231248 	-9.3947507 	-7.1714334
-0.87207207 	0.25 	0.728 	69.262281 	-9.3738034 	-7.1500688
-0.87327327 	0.25 	0.728 	69.293315 	-9.3528561 	-7.1287042
-0.87447447 	0.25 	0.728 	69.326104 	-9.3320349 	-7.1078707
-0.87567568 	0.25 	0.728 	69.360483 	-9.3113279 	-7.087518
-0.87687688 	0.25 	0.728 	69.394862 	-9.2906208 	-7.0671652
-0.87807808 	0.25 	0.728 	69.42924 	-9.2699138 	-7.0468125
-0.87927928 	0.25 	0.728 	69.463619 	-9.2492067 	-7.0264598
-0.88048048 	0.25 	0.728 	69.497998 	-9.2284997 	-7.0061071
-0.88168168 	0.25 	0.728 	69.531256 	-9.2045202 	-6.9860578
-0.88288288 	0.25 	0.728 	69.563713 	-9.1781977 	-6.9662259
-0.88408408 	0.25 	0.728 	69.596559 	-9.1564764 	-6.9443313
-0.88528529 	0.25 	0.728 	69.629611 	-9.1372017 	-6.9213399
-0.88648649 	0.25 	0.728 	69.664873 	-9.1169877 	-6.8996847
-0.88768769 	0.25 	0.728 	69.700854 	-9.0964685 	-6.8784637
-0.88888889 	0.25 	0.728 	69.736834 	-9.0759493 	-6.8572427
-0.89009009 	0.25 	0.728 	69.770493 	-9.0558982 	-6.8357549
-0.89129129 	0.25 	0.728 	69.804101 	-9.0341056 	-6.8143487
-0.89249249 	0.25 	0.728 	69.839097 	-9.0079738 	-6.7933048
-0.89369369 	0.25 	0.728 	69.874093 	-8.9818419 	-6.7722608
-0.89489489 	0.25 	0.728 	69.908489 	-8.9557561 	-6.7511729
-0.8960961 	0.25 	0.728 	69.941305 	-8.9297916 	-6.7299687
-0.8972973 	0.25 	0.728 	69.977394 	-8.9012708 	-6.7091059
-0.8984985 	0.25 	0.728 	70.014648 	-8.8718389 	-6.6883647
-0.8996997 	0.25 	0.728 	70.047748 	-8.847558 	-6.6662202
-0.9009009 	0.25 	0.728 	70.082419 	-8.8227215 	-6.6441092
-0.9021021 	0.25 	0.728 	70.124343 	-8.7945136 	-6.6224404
-0.9033033 	0.25 	0.728 	70.166268 	-8.7663056 	-6.6007716
-0.9045045 	0.25 	0.728 	70.20805 	-8.7379956 	-6.5791096
-0.90570571 	0.25 	0.728 	70.249049 	-8.7091266 	-6.5574841
-0.90690691 	0.25 	0.728 	70.293537 	-8.6795025 	-6.5352058
-0.90810811 	0.25 	0.728 	70.340403 	-8.6493637 	-6.5124826
-0.90930931 	0.25 	0.728 	70.387268 	-8.6192249 	-6.4897594
-0.91051051 	0.25 	0.728 	70.433631 	-8.5890905 	-6.4671477
-0.91171171 	0.25 	0.728 	70.479481 	-8.5589606 	-6.4446498
-0.91291291 	0.25 	0.728 	70.527876 	-8.525771 	-6.4217609
-0.91411411 	0.25 	0.728 	70.570857 	-8.4919812 	-6.3993959
-0.91531532 	0.25 	0.728 	70.595725 	-8.4574152 	-6.3788362
-0.91651652 	0.25 	0.728 	70.637339 	-8.4243541 	-6.3563593
-0.91771772 	0.25 	0.728 	70.690195 	-8.3923033 	-6.3325952
-0.91891892 	0.25 	0.728 	70.743051 	-8.3602524 	-6.3088311
-0.92012012 	0.25 	0.728 	70.795873 	-8.3279676 	-6.2851983
-0.92132132 	0.25 	0.728 	70.848657 	-8.2954247 	-6.2617104
-0.92252252 	0.25 	0.728 	70.900052 	-8.2637881 	-6.2376425
-0.92372372 	0.25 	0.728 	70.951256 	-8.2322761 	-6.2134949
-0.92492492 	0.25 	0.728 	71.00246 	-8.2007641 	-6.1893474
-0.92612613 	0.25 	0.728 	71.054189 	-8.1690366 	-6.1652332
-0.92732733 	0.25 	0.728 	71.106074 	-8.1355688 	-6.1405648
-0.92852853 	0.25 	0.728 	71.157927 	-8.0937467 	-6.1130791
-0.92972973 	0.25 	0.728 	71.17082 	-8.0476129 	-6.0938948
-0.93093093 	0.25 	0.728 	71.147631 	-7.9974857 	-6.0823987
-0.93213213 	0.25 	0.728 	71.200977 	-7.9606951 	-6.058255
-0.93333333 	0.25 	0.728 	71.264077 	-7.9254823 	-6.0318465
-0.93453453 	0.25 	0.728 	71.327176 	-7.8902695 	-6.005438
-0.93573574 	0.25 	0.728 	71.433437 	-7.8730791 	-5.9733463
-0.93693694 	0.25 	0.728 	71.533139 	-7.8559135 	-5.9420568
-0.93813814 	0.25 	0.728 	71.526489 	-7.8084455 	-5.9244586
-0.93933934 	0.25 	0.728 	71.57365 	-7.7704557 	-5.9011422
-0.94054054 	0.25 	0.728 	71.653949 	-7.7385489 	-5.8737438
-0.94174174 	0.25 	0.728 	71.734136 	-7.7067062 	-5.8461665
-0.94294294 	0.25 	0.728 	71.82922 	-7.6778822 	-5.8160814
-0.94414414 	0.25 	0.728 	71.958152 	-7.6559162 	-5.7802987
-0.94534535 	0.25 	0.728 	71.983126 	-7.605985 	-5.7596986
-0.94654655 	0.25 	0.728 	72.013402 	-7.5575308 	-5.7390136
-0.94774775 	0.25 	0.728 	72.101409 	-7.5248881 	-5.7110923
-0.94894895 	0.25 	0.728 	72.189343 	-7.4925154 	-5.6829563
-0.95015015 	0.25 	0.728 	72.277277 	-7.4601427 	-5.6548204
-0.95135135 	0.25 	0.728 	72.422407 	-7.4461862 	-5.6207593
-0.95255255 	0.25 	0.728 	72.507385 	-7.428707 	-5.5913261
-0.95375375 	0.25 	0.728 	72.513374 	-7.4043083 	-5.5682018
-0.95495495 	0.25 	0.728 	72.611212 	-7.3682213 	-5.5397198
-0.95615616 	0.25 	0.728 	72.709946 	-7.3323763 	-5.5111649
-0.95735736 	0.25 	0.728 	72.80868 	-7.2965313 	-5.48261
-0.95855856 	0.25 	0.728 	72.932322 	-7.255639 	-5.4516203
-0.95975976 	0.25 	0.728 	73.072677 	-7.2100038 	-5.4187298
-0.96096096 	0.25 	0.728 	73.096543 	-7.1748823 	-5.3946468
-0.96216216 	0.25 	0.728 	73.178215 	-7.1313203 	-5.3668893
-0.96336336 	0.25 	0.728 	73.280118 	-7.0842894 	-5.3381839
-0.96456456 	0.25 	0.728 	73.383026 	-7.0368646 	-5.3095768
-0.96576577 	0.25 	0.728 	73.48634 	-6.9893437 	-5.2809453
-0.96696697 	0.25 	0.728 	73.639005 	-6.9301197 	-5.2493426
-0.96816817 	0.25 	0.728 	73.710251 	-6.8915531 	-5.21972
-0.96936937 	0.25 	0.728 	73.772406 	-6.8545588 	-5.1909092
-0.97057057 	0.25 	0.728 	73.862706 	-6.809158 	-5.1625517
-0.97177177 	0.25 	0.728 	73.954314 	-6.7628051 	-5.1349414
-0.97297297 	0.25 	0.728 	74.045922 	-6.7164521 	-5.1073311
-0.97417417 	0.25 	0.728 	74.175355 	-6.6556982 	-5.0789813
-0.97537538 	0.25 	0.728 	74.28841 	-6.5957159 	-5.0482259
-0.97657658 	0.25 	0.728 	74.360031 	-6.5417678 	-5.0134213
-0.97777778 	0.25 	0.728 	74.448259 	-6.4960078 	-4.9843274
-0.97897898 	0.25 	0.728 	74.542218 	-6.4509798 	-4.9572719
-0.98018018 	0.25 	0.728 	74.636357 	-6.4059018 	-4.9302821
-0.98138138 	0.25 	0.728 	74.736811 	-6.3620123 	-4.9052266
-0.98258258 	0.25 	0.728 	74.845041 	-6.3195854 	-4.882552
-0.98378378 	0.25 	0.728 	74.948868 	-6.2555961 	-4.8453115
-0.98498498 	0.25 	0.728 	75.050799 	-6.2030612 	-4.8147735
-0.98618619 	0.25 	0.728 	75.154286 	-6.1547777 	-4.7874805
-0.98738739 	0.25 	0.728 	75.259356 	-6.1061557 	-4.7605018
-0.98858859 	0.25 	0.728 	75.364426 	-6.0575338 	-4.7335232
-0.98978979 	0.25 	0.728 	75.465087 	-6.014196 	-4.7103054
-0.99099099 	0.25 	0.728 	75.581092 	-5.9496405 	-4.6763504
-0.99219219 	0.25 	0.728 	75.677502 	-5.8992534 	-4.6489709
-0.99339339 	0.25 	0.728 	75.773839 	-5.8492328 	-4.6223026
-0.99459459 	0.25 	0.728 	75.872462 	-5.797985 	-4.5966307
-0.9957958 	0.25 	0.728 	75.971084 	-5.7467373 	-4.5709587
-0.996997 	0.25 	0.728 	76.069707 	-5.6954895 	-4.5452867
-0.9981982 	0.25 	0.728 	76.1706 	-5.6364468 	-4.5171124
-0.9993994 	0.25 	0.728 	76.226092 	-5.5623029 	-4.4897467
-1.0006006 	0.25 	0.728 	76.277969 	-5.4890562 	-4.4630029
-1.0018018 	0.25 	0.728 	76.326958 	-5.4158148 	-4.4375047
-1.003003 	0.25 	0.728 	76.37092 	-5.3425826 	-4.4141742
-1.0042042 	0.25 	0.728 	76.414881 	-5.2693503 	-4.3908438
-1.0054054 	0.25 	0.728 	76.396049 	-5.2370558 	-4.3816139
-1.0066066 	0.25 	0.728 	76.371297 	-5.2086212 	-4.3737136
-1.0078078 	0.25 	0.728 	76.609972 	-5.1731624 	-4.3284371
-1.009009 	0.25 	0.728 	76.865239 	-5.1346299 	-4.2807566
-1.0102102 	0.25 	0.728 	76.986781 	-5.0528027 	-4.2511608
-1.0114114 	0.25 	0.728 	77.106743 	-4.972789 	-4.2216167
-1.0126126 	0.25 	0.728 	77.112838 	-4.8810251 	-4.205342
-1.0138138 	0.25 	0.728 	77.141589 	-4.8001092 	-4.1854388
-1.015015 	0.25 	0.728 	77.345636 	-4.7685402 	-4.1415808
-1.0162162 	0.25 	0.728 	77.464037 	-4.6979772 	-4.1138677
-1.0174174 	0.25 	0.728 	77.572977 	-4.6231064 	-4.0879382
-1.0186186 	0.25 	0.728 	77.680211 	-4.5488379 	-4.0618772
-1.0198198 	0.25 	0.728 	77.785476 	-4.4752644 	-4.0356644
-1.021021 	0.25 	0.728 	77.846922 	-4.3910046 	-4.0149686
-1.0222222 	0.25 	0.728 	77.976295 	-4.3222362 	-3.9842478
-1.0234234 	0.25 	0.728 	78.088795 	-4.241373 	-3.9581877
-1.0246246 	0.25 	0.728 	78.21094 	-4.1629394 	-3.9319844
-1.0258258 	0.25 	0.728 	78.33488 	-4.085374 	-3.9056073
-1.027027 	0.25 	0.728 	78.456454 	-4.0086294 	-3.8787645
-1.0282282 	0.25 	0.728 	78.021608 	-3.9168706 	-3.8810624
-1.0294294 	0.25 	0.728 	78.427517 	-3.8393571 	-3.8379558
-1.0306306 	0.25 	0.728 	78.907478 	-3.7629113 	-3.791141
-1.0318318 	0.25 	0.728 	79.040806 	-3.6790744 	-3.7634804
-1.033033 	0.25 	0.728 	79.174134 	-3.5952376 	-3.7358198
-1.0342342 	0.25 	0.728 	78.793573 	-3.5031167 	-3.7350477
-1.0354354 	0.25 	0.728 	78.159967 	-3.4066723 	-3.7478717
-1.0366366 	0.25 	0.728 	78.21482 	-3.3205235 	-3.7225204
-1.0378378 	0.25 	0.728 	78.925496 	-3.2441823 	-3.6608034
-1.039039 	0.25 	0.728 	79.433237 	-3.1630015 	-3.6104739
-1.0402402 	0.25 	0.728 	79.499991 	-3.0718966 	-3.5836183
-1.0414414 	0.25 	0.728 	78.956238 	-2.9679312 	-3.5895486
-1.0426426 	0.25 	0.728 	78.333738 	-2.862268 	-3.5997796
-1.0438438 	0.25 	0.728 	78.458922 	-2.7721387 	-3.569804
-1.045045 	0.25 	0.728 	78.960663 	-2.6898208 	-3.5194007
-1.0462462 	0.25 	0.728 	79.437362 	-2.6067346 	-3.4704796
-1.0474474 	0.25 	0.728 	79.444379 	-2.509239 	-3.4493593
-1.0486486 	0.25 	0.728 	79.451395 	-2.4117435 	-3.428239
-1.0498498 	0.25 	0.728 	79.458267 	-2.3135803 	-3.406735
-1.0510511 	0.25 	0.728 	79.464891 	-2.2142746 	-3.3845741
-1.0522523 	0.25 	0.728 	79.200045 	-2.1044709 	-3.3799798
-1.0534535 	0.25 	0.728 	78.963123 	-1.9857081 	-3.3729138
-1.0546547 	0.25 	0.728 	79.44584 	-1.845362 	-3.3157355
-1.0558559 	0.25 	0.728 	79.530836 	-1.7285699 	-3.2864963
-1.0570571 	0.25 	0.728 	79.615833 	-1.6117778 	-3.2572571
-1.0582583 	0.25 	0.728 	79.692626 	-1.4977522 	-3.2292452
-1.0594595 	0.25 	0.728 	79.690682 	-1.3872026 	-3.2058662
-1.0606607 	0.25 	0.728 	79.836966 	-1.2700479 	-3.1751606
-1.0618619 	0.25 	0.728 	79.948776 	-1.1586 	-3.1465947
-1.0630631 	0.25 	0.728 	80.060585 	-1.0471521 	-3.1180288
-1.0642643 	0.25 	0.728 	80.164275 	-0.93577801 	-3.0891907
-1.0654655 	0.25 	0.728 	80.256537 	-0.82278973 	-3.0603397
-1.0666667 	0.25 	0.728 	80.269428 	-0.70765259 	-3.0354755
-1.0678679 	0.25 	0.728 	80.52732 	-0.58937143 	-2.9960059
-1.0690691 	0.25 	0.728 	80.670856 	-0.46268878 	-2.9622481
-1.0702703 	0.25 	0.728 	80.814391 	-0.33600613 	-2.9284902
-1.0714715 	0.25 	0.728 	80.957926 	-0.20932347 	-2.8947324
-1.0726727 	0.25 	0.728 	81.095715 	-0.08153378 	-2.8597721
-1.0738739 	0.25 	0.728 	81.153123 	0.048806909 	-2.8298537
-1.0750751 	0.25 	0.728 	81.458835 	0.18358801 	-2.7810581
-1.0762763 	0.25 	0.728 	81.64016 	0.33608076 	-2.7420439
-1.0774775 	0.25 	0.728 	81.801195 	0.48928627 	-2.7044149
-1.0786787 	0.25 	0.728 	81.96223 	0.64249177 	-2.666786
-1.0798799 	0.25 	0.728 	82.121194 	0.79407907 	-2.6270359
-1.0810811 	0.25 	0.728 	82.278965 	0.94473567 	-2.5860657
-1.0822823 	0.25 	0.728 	82.234574 	1.1110595 	-2.5581953
-1.0834835 	0.25 	0.728 	82.681066 	1.2704613 	-2.5028321
-1.0846847 	0.25 	0.728 	82.842558 	1.4277669 	-2.46774
-1.0858859 	0.25 	0.728 	83.004049 	1.5850725 	-2.4326479
-1.0870871 	0.25 	0.728 	83.166118 	1.7427151 	-2.3968258
-1.0882883 	0.25 	0.728 	83.328719 	1.9006967 	-2.3602914
-1.0894895 	0.25 	0.728 	83.48115 	2.0634307 	-2.3216914
-1.0906907 	0.25 	0.728 	83.642393 	2.2450227 	-2.2829711
-1.0918919 	0.25 	0.728 	83.803637 	2.4266146 	-2.2442509
-1.0930931 	0.25 	0.728 	83.96488 	2.6082066 	-2.2055307
-1.0942943 	0.25 	0.728 	84.122934 	2.7873304 	-2.1668231
-1.0954955 	0.25 	0.728 	84.108631 	2.9500562 	-2.1353785
-1.0966967 	0.25 	0.728 	84.29588 	3.1358967 	-2.095918
-1.0978979 	0.25 	0.728 	84.444893 	3.3154128 	-2.0589898
-1.0990991 	0.25 	0.728 	84.570288 	3.4913954 	-2.0234687
-1.1003003 	0.25 	0.728 	84.695682 	3.667378 	-1.9879476
-1.1015015 	0.25 	0.728 	84.821076 	3.8433607 	-1.9524265
-1.1027027 	0.25 	0.728 	84.949249 	4.0235788 	-1.9153996
-1.1039039 	0.25 	0.728 	84.940174 	4.1825061 	-1.8903054
-1.1051051 	0.25 	0.728 	84.925782 	4.3405331 	-1.8656986
-1.1063063 	0.25 	0.728 	84.978305 	4.4936027 	-1.8335378
-1.1075075 	0.25 	0.728 	85.134007 	4.6390286 	-1.7897292
-1.1087087 	0.25 	0.728 	85.271048 	4.7965317 	-1.7470542
-1.1099099 	0.25 	0.728 	85.326778 	5.0219571 	-1.7101734
-1.1111111 	0.25 	0.728 	85.320013 	5.3071844 	-1.6779141
-1.1123123 	0.25 	0.728 	85.283099 	5.6110532 	-1.647353
-1.1135135 	0.25 	0.728 	85.297104 	5.8595842 	-1.6095874
-1.1147147 	0.25 	0.728 	85.360384 	6.0555138 	-1.5652028
-1.1159159 	0.25 	0.728 	85.347963 	6.3102878 	-1.5290151
-1.1171171 	0.25 	0.728 	85.316838 	6.5796017 	-1.4948529
-1.1183183 	0.25 	0.728 	85.286214 	6.8498428 	-1.4608921
-1.1195195 	0.25 	0.728 	85.255909 	7.1206768 	-1.4270601
-1.1207207 	0.25 	0.728 	85.218857 	7.4004018 	-1.3919548
-1.1219219 	0.25 	0.728 	85.179251 	7.7016541 	-1.3481681
-1.1231231 	0.25 	0.728 	85.139645 	8.0029063 	-1.3043815
-1.1243243 	0.25 	0.728 	85.100039 	8.3041586 	-1.2605948
-1.1255255 	0.25 	0.728 	85.06043 	8.6060447 	-1.2170617
-1.1267267 	0.25 	0.728 	85.052755 	8.9206971 	-1.1866977
-1.1279279 	0.25 	0.728 	85.082658 	9.2546207 	-1.1724155
-1.1291291 	0.25 	0.728 	84.940332 	9.5782906 	-1.0991785
-1.1303303 	0.25 	0.728 	84.80434 	9.9284575 	-1.0319361
-1.1315315 	0.25 	0.728 	84.682774 	10.338984 	-0.97834911
-1.1327327 	0.25 	0.728 	84.620711 	10.757079 	-0.94460025
-1.1339339 	0.25 	0.728 	84.644095 	11.187577 	-0.93906507
-1.1351351 	0.25 	0.728 	84.633327 	11.588368 	-0.91851285
-1.1363363 	0.25 	0.728 	84.518473 	11.898622 	-0.85219341
-1.1375375 	0.25 	0.728 	84.403618 	12.208876 	-0.78587397
-1.1387387 	0.25 	0.728 	84.298832 	12.567511 	-0.74299073
-1.1399399 	0.25 	0.728 	84.199528 	12.952484 	-0.712866
-1.1411411 	0.25 	0.728 	84.098984 	13.340397 	-0.68514234
-1.1423423 	0.25 	0.728 	84.021215 	13.784546 	-0.67574143
-1.1435435 	0.25 	0.728 	83.943446 	14.228694 	-0.66634052
-1.1447447 	0.25 	0.728 	83.758744 	14.692636 	-0.59507859
-1.1459459 	0.25 	0.728 	83.576389 	15.14546 	-0.53570927
-1.1471471 	0.25 	0.728 	83.413483 	15.581934 	-0.497904
-1.1483483 	0.25 	0.728 	83.25255 	16.017902 	-0.45840083
-1.1495495 	0.25 	0.728 	83.091617 	16.453869 	-0.41889766
-1.1507508 	0.25 	0.728 	83.005086 	16.832632 	-0.42285662
-1.151952 	0.25 	0.728 	82.890987 	17.22149 	-0.39467294
-1.1531532 	0.25 	0.728 	82.736826 	17.627277 	-0.32304473
-1.1543544 	0.25 	0.728 	82.550781 	18.055378 	-0.28826332
-1.1555556 	0.25 	0.728 	82.3635 	18.485977 	-0.25310545
-1.1567568 	0.25 	0.728 	82.176218 	18.916624 	-0.21789623
-1.157958 	0.25 	0.728 	81.989869 	19.346142 	-0.19150434
-1.1591592 	0.25 	0.728 	81.806306 	19.772289 	-0.19145848
-1.1603604 	0.25 	0.728 	81.563144 	20.245206 	-0.12471576
-1.1615616 	0.25 	0.728 	81.295389 	20.706017 	-0.073841034
-1.1627628 	0.25 	0.728 	81.013352 	21.157906 	-0.036631938
-1.163964 	0.25 	0.728 	80.72941 	21.611305 	0.00041840232
-1.1651652 	0.25 	0.728 	80.445468 	22.064705 	0.037468742
-1.1663664 	0.25 	0.728 	80.15959 	22.477726 	0.042563661
-1.1675676 	0.25 	0.728 	79.850811 	22.89608 	0.065851027
-1.1687688 	0.25 	0.728 	79.509577 	23.331837 	0.12299721
-1.16997 	0.25 	0.728 	79.135951 	23.785484 	0.16277117
-1.1711712 	0.25 	0.728 	78.754208 	24.241806 	0.19718572
-1.1723724 	0.25 	0.728 	78.372292 	24.698077 	0.23142562
-1.1735736 	0.25 	0.728 	77.975783 	25.130761 	0.25387899
-1.1747748 	0.25 	0.728 	77.570535 	25.54932 	0.26927367
-1.175976 	0.25 	0.728 	77.112513 	26.011148 	0.31012138
-1.1771772 	0.25 	0.728 	76.648319 	26.478036 	0.35394589
-1.1783784 	0.25 	0.728 	76.140875 	26.909326 	0.39007426
-1.1795796 	0.25 	0.728 	75.628533 	27.337208 	0.42358642
-1.1807808 	0.25 	0.728 	75.10518 	27.739115 	0.4520089
-1.181982 	0.25 	0.728 	74.567871 	28.108108 	0.47398166
-1.1831832 	0.25 	0.728 	74.021753 	28.475593 	0.50074019
-1.1843844 	0.25 	0.728 	73.451182 	28.838896 	0.54078226
-1.1855856 	0.25 	0.728 	72.880611 	29.202199 	0.58082433
-1.1867868 	0.25 	0.728 	72.182755 	29.466089 	0.61323573
-1.187988 	0.25 	0.728 	71.490115 	29.699881 	0.64211562
-1.1891892 	0.25 	0.728 	70.858218 	29.85132 	0.66109836
-1.1903904 	0.25 	0.728 	70.226348 	30.002755 	0.6800763
-1.1915916 	0.25 	0.728 	69.482063 	30.095059 	0.70709265
-1.1927928 	0.25 	0.728 	68.716279 	30.176029 	0.73564233
-1.193994 	0.25 	0.728 	67.960847 	30.24584 	0.76351502
-1.1951952 	0.25 	0.728 	67.299079 	30.214693 	0.78526301
-1.1963964 	0.25 	0.728 	66.637312 	30.183547 	0.807011
-1.1975976 	0.25 	0.728 	65.975544 	30.152401 	0.82875899
-1.1987988 	0.25 	0.728 	65.313776 	30.121254 	0.85050698
-1.2 	0.25 	0.728 	64.652008 	30.090108 	0.87225497
