0 	0.25 	0.819 	53.915861 	-5.4203385 	-15.84675
-0.0012012012 	0.25 	0.819 	53.92399 	-5.4243339 	-15.846797
-0.0024024024 	0.25 	0.819 	53.932119 	-5.4283293 	-15.846844
-0.0036036036 	0.25 	0.819 	53.940247 	-5.4323247 	-15.846891
-0.0048048048 	0.25 	0.819 	53.948376 	-5.4363201 	-15.846938
-0.006006006 	0.25 	0.819 	53.956505 	-5.4403155 	-15.846986
-0.0072072072 	0.25 	0.819 	53.964634 	-5.4443109 	-15.847033
-0.0084084084 	0.25 	0.819 	53.972762 	-5.4483063 	-15.84708
-0.0096096096 	0.25 	0.819 	53.980891 	-5.4523017 	-15.847127
-0.010810811 	0.25 	0.819 	53.98902 	-5.4562971 	-15.847174
-0.012012012 	0.25 	0.819 	53.997148 	-5.4602925 	-15.847222
-0.013213213 	0.25 	0.819 	54.005277 	-5.4642879 	-15.847269
-0.014414414 	0.25 	0.819 	54.013406 	-5.4682833 	-15.847316
-0.015615616 	0.25 	0.819 	54.021534 	-5.4722787 	-15.847363
-0.016816817 	0.25 	0.819 	54.029663 	-5.4762741 	-15.84741
-0.018018018 	0.25 	0.819 	54.038191 	-5.4808165 	-15.846827
-0.019219219 	0.25 	0.819 	54.04766 	-5.4866495 	-15.844756
-0.02042042 	0.25 	0.819 	54.05713 	-5.4924825 	-15.842685
-0.021621622 	0.25 	0.819 	54.066353 	-5.4986124 	-15.839831
-0.022822823 	0.25 	0.819 	54.07549 	-5.5048456 	-15.836704
-0.024024024 	0.25 	0.819 	54.084627 	-5.5110788 	-15.833577
-0.025225225 	0.25 	0.819 	54.093764 	-5.517312 	-15.83045
-0.026426426 	0.25 	0.819 	54.102901 	-5.5235452 	-15.827323
-0.027627628 	0.25 	0.819 	54.112038 	-5.5297784 	-15.824196
-0.028828829 	0.25 	0.819 	54.121176 	-5.5360116 	-15.821069
-0.03003003 	0.25 	0.819 	54.130313 	-5.5422448 	-15.817942
-0.031231231 	0.25 	0.819 	54.13945 	-5.548478 	-15.814815
-0.032432432 	0.25 	0.819 	54.148587 	-5.5547112 	-15.811688
-0.033633634 	0.25 	0.819 	54.157724 	-5.5609443 	-15.808561
-0.034834835 	0.25 	0.819 	54.166861 	-5.5671775 	-15.805434
-0.036036036 	0.25 	0.819 	54.175998 	-5.5734107 	-15.802307
-0.037237237 	0.25 	0.819 	54.185135 	-5.5796439 	-15.79918
-0.038438438 	0.25 	0.819 	54.194273 	-5.5858771 	-15.796053
-0.03963964 	0.25 	0.819 	54.20341 	-5.5921103 	-15.792926
-0.040840841 	0.25 	0.819 	54.212547 	-5.5983435 	-15.789799
-0.042042042 	0.25 	0.819 	54.222163 	-5.605101 	-15.788133
-0.043243243 	0.25 	0.819 	54.232295 	-5.6124219 	-15.788036
-0.044444444 	0.25 	0.819 	54.242427 	-5.6197428 	-15.78794
-0.045645646 	0.25 	0.819 	54.252559 	-5.6270637 	-15.787843
-0.046846847 	0.25 	0.819 	54.262691 	-5.6343846 	-15.787746
-0.048048048 	0.25 	0.819 	54.272823 	-5.6417055 	-15.787649
-0.049249249 	0.25 	0.819 	54.282954 	-5.6490264 	-15.787552
-0.05045045 	0.25 	0.819 	54.293086 	-5.6563473 	-15.787455
-0.051651652 	0.25 	0.819 	54.303218 	-5.6636682 	-15.787359
-0.052852853 	0.25 	0.819 	54.31335 	-5.6709891 	-15.787262
-0.054054054 	0.25 	0.819 	54.323482 	-5.67831 	-15.787165
-0.055255255 	0.25 	0.819 	54.333613 	-5.6856309 	-15.787068
-0.056456456 	0.25 	0.819 	54.343745 	-5.6929518 	-15.786971
-0.057657658 	0.25 	0.819 	54.353877 	-5.7002727 	-15.786875
-0.058858859 	0.25 	0.819 	54.364009 	-5.7075936 	-15.786778
-0.06006006 	0.25 	0.819 	54.374141 	-5.7149145 	-15.786681
-0.061261261 	0.25 	0.819 	54.384935 	-5.7240516 	-15.782236
-0.062462462 	0.25 	0.819 	54.395749 	-5.7332419 	-15.777664
-0.063663664 	0.25 	0.819 	54.406562 	-5.7424322 	-15.773091
-0.064864865 	0.25 	0.819 	54.417376 	-5.7516225 	-15.768519
-0.066066066 	0.25 	0.819 	54.42819 	-5.7608128 	-15.763947
-0.067267267 	0.25 	0.819 	54.439004 	-5.7700031 	-15.759374
-0.068468468 	0.25 	0.819 	54.449817 	-5.7791935 	-15.754802
-0.06966967 	0.25 	0.819 	54.460631 	-5.7883838 	-15.75023
-0.070870871 	0.25 	0.819 	54.471445 	-5.7975741 	-15.745657
-0.072072072 	0.25 	0.819 	54.482259 	-5.8067644 	-15.741085
-0.073273273 	0.25 	0.819 	54.493072 	-5.8159547 	-15.736513
-0.074474474 	0.25 	0.819 	54.503886 	-5.825145 	-15.73194
-0.075675676 	0.25 	0.819 	54.5147 	-5.8343354 	-15.727368
-0.076876877 	0.25 	0.819 	54.525514 	-5.8435257 	-15.722796
-0.078078078 	0.25 	0.819 	54.536327 	-5.852716 	-15.718223
-0.079279279 	0.25 	0.819 	54.547626 	-5.8608484 	-15.714564
-0.08048048 	0.25 	0.819 	54.559432 	-5.8678732 	-15.711859
-0.081681682 	0.25 	0.819 	54.571238 	-5.8748979 	-15.709155
-0.082882883 	0.25 	0.819 	54.583044 	-5.8819226 	-15.70645
-0.084084084 	0.25 	0.819 	54.59485 	-5.8889473 	-15.703746
-0.085285285 	0.25 	0.819 	54.606656 	-5.895972 	-15.701041
-0.086486486 	0.25 	0.819 	54.618462 	-5.9029968 	-15.698337
-0.087687688 	0.25 	0.819 	54.630269 	-5.9100215 	-15.695632
-0.088888889 	0.25 	0.819 	54.642075 	-5.9170462 	-15.692928
-0.09009009 	0.25 	0.819 	54.653881 	-5.9240709 	-15.690224
-0.091291291 	0.25 	0.819 	54.665687 	-5.9310956 	-15.687519
-0.092492492 	0.25 	0.819 	54.677493 	-5.9381203 	-15.684815
-0.093693694 	0.25 	0.819 	54.689299 	-5.9451451 	-15.68211
-0.094894895 	0.25 	0.819 	54.701105 	-5.9521698 	-15.679406
-0.096096096 	0.25 	0.819 	54.712911 	-5.9591945 	-15.676701
-0.097297297 	0.25 	0.819 	54.724717 	-5.9662192 	-15.673997
-0.098498498 	0.25 	0.819 	54.736523 	-5.9732439 	-15.671292
-0.0996997 	0.25 	0.819 	54.748329 	-5.9802687 	-15.668588
-0.1009009 	0.25 	0.819 	54.7601 	-5.9870752 	-15.666761
-0.1021021 	0.25 	0.819 	54.771866 	-5.9938489 	-15.665067
-0.1033033 	0.25 	0.819 	54.784591 	-6.0009988 	-15.660708
-0.1045045 	0.25 	0.819 	54.797712 	-6.0083036 	-15.655251
-0.10570571 	0.25 	0.819 	54.810832 	-6.0156085 	-15.649793
-0.10690691 	0.25 	0.819 	54.823953 	-6.0229134 	-15.644336
-0.10810811 	0.25 	0.819 	54.837074 	-6.0302182 	-15.638879
-0.10930931 	0.25 	0.819 	54.850194 	-6.0375231 	-15.633422
-0.11051051 	0.25 	0.819 	54.863315 	-6.044828 	-15.627965
-0.11171171 	0.25 	0.819 	54.876436 	-6.0521329 	-15.622507
-0.11291291 	0.25 	0.819 	54.889557 	-6.0594377 	-15.61705
-0.11411411 	0.25 	0.819 	54.902677 	-6.0667426 	-15.611593
-0.11531532 	0.25 	0.819 	54.915798 	-6.0740475 	-15.606136
-0.11651652 	0.25 	0.819 	54.928919 	-6.0813524 	-15.600679
-0.11771772 	0.25 	0.819 	54.942039 	-6.0886572 	-15.595221
-0.11891892 	0.25 	0.819 	54.95516 	-6.0959621 	-15.589764
-0.12012012 	0.25 	0.819 	54.968281 	-6.103267 	-15.584307
-0.12132132 	0.25 	0.819 	54.981377 	-6.1103745 	-15.58013
-0.12252252 	0.25 	0.819 	54.994387 	-6.1167922 	-15.580428
-0.12372372 	0.25 	0.819 	55.007398 	-6.12321 	-15.580726
-0.12492492 	0.25 	0.819 	55.020408 	-6.1296277 	-15.581024
-0.12612613 	0.25 	0.819 	55.033418 	-6.1360454 	-15.581322
-0.12732733 	0.25 	0.819 	55.046428 	-6.1424632 	-15.58162
-0.12852853 	0.25 	0.819 	55.059439 	-6.1488809 	-15.581918
-0.12972973 	0.25 	0.819 	55.072449 	-6.1552986 	-15.582216
-0.13093093 	0.25 	0.819 	55.085459 	-6.1617164 	-15.582514
-0.13213213 	0.25 	0.819 	55.09847 	-6.1681341 	-15.582812
-0.13333333 	0.25 	0.819 	55.11148 	-6.1745519 	-15.58311
-0.13453453 	0.25 	0.819 	55.12449 	-6.1809696 	-15.583408
-0.13573574 	0.25 	0.819 	55.137501 	-6.1873873 	-15.583706
-0.13693694 	0.25 	0.819 	55.150511 	-6.1938051 	-15.584004
-0.13813814 	0.25 	0.819 	55.163521 	-6.2002228 	-15.584302
-0.13933934 	0.25 	0.819 	55.176532 	-6.2066405 	-15.5846
-0.14054054 	0.25 	0.819 	55.189937 	-6.2127887 	-15.583316
-0.14174174 	0.25 	0.819 	55.203479 	-6.2188431 	-15.581481
-0.14294294 	0.25 	0.819 	55.217145 	-6.2248972 	-15.578915
-0.14414414 	0.25 	0.819 	55.230853 	-6.2309511 	-15.576108
-0.14534535 	0.25 	0.819 	55.24456 	-6.237005 	-15.573302
-0.14654655 	0.25 	0.819 	55.258267 	-6.2430589 	-15.570496
-0.14774775 	0.25 	0.819 	55.271975 	-6.2491128 	-15.567689
-0.14894895 	0.25 	0.819 	55.285682 	-6.2551667 	-15.564883
-0.15015015 	0.25 	0.819 	55.299389 	-6.2612206 	-15.562077
-0.15135135 	0.25 	0.819 	55.313097 	-6.2672745 	-15.55927
-0.15255255 	0.25 	0.819 	55.326804 	-6.2733285 	-15.556464
-0.15375375 	0.25 	0.819 	55.340511 	-6.2793824 	-15.553657
-0.15495495 	0.25 	0.819 	55.354219 	-6.2854363 	-15.550851
-0.15615616 	0.25 	0.819 	55.367926 	-6.2914902 	-15.548045
-0.15735736 	0.25 	0.819 	55.381633 	-6.2975441 	-15.545238
-0.15855856 	0.25 	0.819 	55.395341 	-6.303598 	-15.542432
-0.15975976 	0.25 	0.819 	55.409048 	-6.3096519 	-15.539626
-0.16096096 	0.25 	0.819 	55.422755 	-6.3157058 	-15.536819
-0.16216216 	0.25 	0.819 	55.436463 	-6.3217597 	-15.534013
-0.16336336 	0.25 	0.819 	55.45017 	-6.3278136 	-15.531206
-0.16456456 	0.25 	0.819 	55.464115 	-6.3333476 	-15.53103
-0.16576577 	0.25 	0.819 	55.478068 	-6.3388635 	-15.530945
-0.16696697 	0.25 	0.819 	55.492022 	-6.3443794 	-15.53086
-0.16816817 	0.25 	0.819 	55.505975 	-6.3498953 	-15.530774
-0.16936937 	0.25 	0.819 	55.519928 	-6.3554112 	-15.530689
-0.17057057 	0.25 	0.819 	55.533882 	-6.3609271 	-15.530604
-0.17177177 	0.25 	0.819 	55.547835 	-6.366443 	-15.530519
-0.17297297 	0.25 	0.819 	55.561788 	-6.3719589 	-15.530433
-0.17417417 	0.25 	0.819 	55.575742 	-6.3774748 	-15.530348
-0.17537538 	0.25 	0.819 	55.589695 	-6.3829907 	-15.530263
-0.17657658 	0.25 	0.819 	55.603648 	-6.3885067 	-15.530178
-0.17777778 	0.25 	0.819 	55.617601 	-6.3940226 	-15.530093
-0.17897898 	0.25 	0.819 	55.631555 	-6.3995385 	-15.530007
-0.18018018 	0.25 	0.819 	55.645508 	-6.4050544 	-15.529922
-0.18138138 	0.25 	0.819 	55.659461 	-6.4105703 	-15.529837
-0.18258258 	0.25 	0.819 	55.673548 	-6.4169096 	-15.52743
-0.18378378 	0.25 	0.819 	55.687774 	-6.4241185 	-15.52257
-0.18498498 	0.25 	0.819 	55.702001 	-6.4313274 	-15.51771
-0.18618619 	0.25 	0.819 	55.716228 	-6.4385363 	-15.51285
-0.18738739 	0.25 	0.819 	55.730454 	-6.4457452 	-15.507991
-0.18858859 	0.25 	0.819 	55.744681 	-6.4529542 	-15.503131
-0.18978979 	0.25 	0.819 	55.758907 	-6.4601631 	-15.498271
-0.19099099 	0.25 	0.819 	55.773134 	-6.467372 	-15.493412
-0.19219219 	0.25 	0.819 	55.787361 	-6.4745809 	-15.488552
-0.19339339 	0.25 	0.819 	55.801587 	-6.4817898 	-15.483692
-0.19459459 	0.25 	0.819 	55.815814 	-6.4889987 	-15.478832
-0.1957958 	0.25 	0.819 	55.830041 	-6.4962076 	-15.473973
-0.196997 	0.25 	0.819 	55.844267 	-6.5034166 	-15.469113
-0.1981982 	0.25 	0.819 	55.858494 	-6.5106255 	-15.464253
-0.1993994 	0.25 	0.819 	55.87272 	-6.5178344 	-15.459393
-0.2006006 	0.25 	0.819 	55.886949 	-6.5250363 	-15.454542
-0.2018018 	0.25 	0.819 	55.901593 	-6.5307778 	-15.451444
-0.203003 	0.25 	0.819 	55.916237 	-6.5365193 	-15.448347
-0.2042042 	0.25 	0.819 	55.93088 	-6.5422608 	-15.445249
-0.20540541 	0.25 	0.819 	55.945524 	-6.5480024 	-15.442151
-0.20660661 	0.25 	0.819 	55.960168 	-6.5537439 	-15.439053
-0.20780781 	0.25 	0.819 	55.974812 	-6.5594854 	-15.435956
-0.20900901 	0.25 	0.819 	55.989455 	-6.5652269 	-15.432858
-0.21021021 	0.25 	0.819 	56.004099 	-6.5709684 	-15.42976
-0.21141141 	0.25 	0.819 	56.018743 	-6.57671 	-15.426662
-0.21261261 	0.25 	0.819 	56.033387 	-6.5824515 	-15.423564
-0.21381381 	0.25 	0.819 	56.04803 	-6.588193 	-15.420467
-0.21501502 	0.25 	0.819 	56.062674 	-6.5939345 	-15.417369
-0.21621622 	0.25 	0.819 	56.077318 	-6.5996761 	-15.414271
-0.21741742 	0.25 	0.819 	56.091962 	-6.6054176 	-15.411173
-0.21861862 	0.25 	0.819 	56.106605 	-6.6111591 	-15.408076
-0.21981982 	0.25 	0.819 	56.121249 	-6.6169006 	-15.404978
-0.22102102 	0.25 	0.819 	56.135893 	-6.6226421 	-15.40188
-0.22222222 	0.25 	0.819 	56.150537 	-6.6283837 	-15.398782
-0.22342342 	0.25 	0.819 	56.165154 	-6.6341058 	-15.396508
-0.22462462 	0.25 	0.819 	56.179902 	-6.639898 	-15.393589
-0.22582583 	0.25 	0.819 	56.195109 	-6.6459399 	-15.388065
-0.22702703 	0.25 	0.819 	56.210317 	-6.6519818 	-15.382542
-0.22822823 	0.25 	0.819 	56.225524 	-6.6580237 	-15.377018
-0.22942943 	0.25 	0.819 	56.240732 	-6.6640656 	-15.371495
-0.23063063 	0.25 	0.819 	56.255939 	-6.6701075 	-15.365971
-0.23183183 	0.25 	0.819 	56.271147 	-6.6761494 	-15.360448
-0.23303303 	0.25 	0.819 	56.286354 	-6.6821913 	-15.354924
-0.23423423 	0.25 	0.819 	56.301562 	-6.6882332 	-15.349401
-0.23543544 	0.25 	0.819 	56.316769 	-6.694275 	-15.343877
-0.23663664 	0.25 	0.819 	56.331977 	-6.7003169 	-15.338354
-0.23783784 	0.25 	0.819 	56.347184 	-6.7063588 	-15.33283
-0.23903904 	0.25 	0.819 	56.362392 	-6.7124007 	-15.327307
-0.24024024 	0.25 	0.819 	56.377599 	-6.7184426 	-15.321783
-0.24144144 	0.25 	0.819 	56.392807 	-6.7244845 	-15.31626
-0.24264264 	0.25 	0.819 	56.408014 	-6.7305264 	-15.310737
-0.24384384 	0.25 	0.819 	56.423055 	-6.7363227 	-15.308954
-0.24504505 	0.25 	0.819 	56.438037 	-6.7420333 	-15.308478
-0.24624625 	0.25 	0.819 	56.453019 	-6.7477439 	-15.308003
-0.24744745 	0.25 	0.819 	56.468002 	-6.7534545 	-15.307527
-0.24864865 	0.25 	0.819 	56.482984 	-6.7591651 	-15.307051
-0.24984985 	0.25 	0.819 	56.497966 	-6.7648757 	-15.306575
-0.25105105 	0.25 	0.819 	56.512948 	-6.7705863 	-15.306099
-0.25225225 	0.25 	0.819 	56.527931 	-6.7762969 	-15.305624
-0.25345345 	0.25 	0.819 	56.542913 	-6.7820075 	-15.305148
-0.25465465 	0.25 	0.819 	56.557895 	-6.7877181 	-15.304672
-0.25585586 	0.25 	0.819 	56.572877 	-6.7934287 	-15.304196
-0.25705706 	0.25 	0.819 	56.587859 	-6.7991393 	-15.30372
-0.25825826 	0.25 	0.819 	56.602842 	-6.8048499 	-15.303245
-0.25945946 	0.25 	0.819 	56.617824 	-6.8105605 	-15.302769
-0.26066066 	0.25 	0.819 	56.632806 	-6.8162711 	-15.302293
-0.26186186 	0.25 	0.819 	56.647896 	-6.8220368 	-15.301293
-0.26306306 	0.25 	0.819 	56.663294 	-6.8279596 	-15.298803
-0.26426426 	0.25 	0.819 	56.678608 	-6.8339036 	-15.295655
-0.26546547 	0.25 	0.819 	56.693899 	-6.8398537 	-15.292321
-0.26666667 	0.25 	0.819 	56.709189 	-6.8458037 	-15.288987
-0.26786787 	0.25 	0.819 	56.72448 	-6.8517538 	-15.285653
-0.26906907 	0.25 	0.819 	56.739771 	-6.8577038 	-15.282319
-0.27027027 	0.25 	0.819 	56.755061 	-6.8636539 	-15.278985
-0.27147147 	0.25 	0.819 	56.770352 	-6.8696039 	-15.275651
-0.27267267 	0.25 	0.819 	56.785643 	-6.875554 	-15.272317
-0.27387387 	0.25 	0.819 	56.800933 	-6.881504 	-15.268983
-0.27507508 	0.25 	0.819 	56.816224 	-6.8874541 	-15.265649
-0.27627628 	0.25 	0.819 	56.831515 	-6.8934041 	-15.262315
-0.27747748 	0.25 	0.819 	56.846805 	-6.8993542 	-15.258981
-0.27867868 	0.25 	0.819 	56.862096 	-6.9053042 	-15.255647
-0.27987988 	0.25 	0.819 	56.877387 	-6.9112543 	-15.252313
-0.28108108 	0.25 	0.819 	56.892677 	-6.9172043 	-15.248979
-0.28228228 	0.25 	0.819 	56.907968 	-6.9231544 	-15.245645
-0.28348348 	0.25 	0.819 	56.923259 	-6.9291044 	-15.242311
-0.28468468 	0.25 	0.819 	56.938549 	-6.9350545 	-15.238977
-0.28588589 	0.25 	0.819 	56.95403 	-6.9411948 	-15.23723
-0.28708709 	0.25 	0.819 	56.969711 	-6.9475363 	-15.23716
-0.28828829 	0.25 	0.819 	56.985392 	-6.9538778 	-15.23709
-0.28948949 	0.25 	0.819 	57.001073 	-6.9602193 	-15.237019
-0.29069069 	0.25 	0.819 	57.016754 	-6.9665608 	-15.236949
-0.29189189 	0.25 	0.819 	57.032435 	-6.9729023 	-15.236879
-0.29309309 	0.25 	0.819 	57.048116 	-6.9792438 	-15.236809
-0.29429429 	0.25 	0.819 	57.063797 	-6.9855853 	-15.236739
-0.2954955 	0.25 	0.819 	57.079478 	-6.9919268 	-15.236669
-0.2966967 	0.25 	0.819 	57.095158 	-6.9982683 	-15.236598
-0.2978979 	0.25 	0.819 	57.110839 	-7.0046098 	-15.236528
-0.2990991 	0.25 	0.819 	57.12652 	-7.0109513 	-15.236458
-0.3003003 	0.25 	0.819 	57.142201 	-7.0172928 	-15.236388
-0.3015015 	0.25 	0.819 	57.157882 	-7.0236343 	-15.236318
-0.3027027 	0.25 	0.819 	57.173563 	-7.0299758 	-15.236247
-0.3039039 	0.25 	0.819 	57.189245 	-7.0363222 	-15.236143
-0.30510511 	0.25 	0.819 	57.205114 	-7.0436268 	-15.22935
-0.30630631 	0.25 	0.819 	57.220982 	-7.0509314 	-15.222556
-0.30750751 	0.25 	0.819 	57.23685 	-7.058236 	-15.215763
-0.30870871 	0.25 	0.819 	57.252719 	-7.0655406 	-15.20897
-0.30990991 	0.25 	0.819 	57.268587 	-7.0728451 	-15.202176
-0.31111111 	0.25 	0.819 	57.284455 	-7.0801497 	-15.195383
-0.31231231 	0.25 	0.819 	57.300324 	-7.0874543 	-15.18859
-0.31351351 	0.25 	0.819 	57.316192 	-7.0947589 	-15.181796
-0.31471471 	0.25 	0.819 	57.33206 	-7.1020635 	-15.175003
-0.31591592 	0.25 	0.819 	57.347929 	-7.1093681 	-15.168209
-0.31711712 	0.25 	0.819 	57.363797 	-7.1166727 	-15.161416
-0.31831832 	0.25 	0.819 	57.379665 	-7.1239773 	-15.154623
-0.31951952 	0.25 	0.819 	57.395534 	-7.1312818 	-15.147829
-0.32072072 	0.25 	0.819 	57.411402 	-7.1385864 	-15.141036
-0.32192192 	0.25 	0.819 	57.42727 	-7.145891 	-15.134242
-0.32312312 	0.25 	0.819 	57.443085 	-7.1525238 	-15.129513
-0.32432432 	0.25 	0.819 	57.458851 	-7.1585333 	-15.1267
-0.32552553 	0.25 	0.819 	57.474616 	-7.1645428 	-15.123886
-0.32672673 	0.25 	0.819 	57.490381 	-7.1705523 	-15.121073
-0.32792793 	0.25 	0.819 	57.506147 	-7.1765618 	-15.118259
-0.32912913 	0.25 	0.819 	57.521912 	-7.1825713 	-15.115446
-0.33033033 	0.25 	0.819 	57.537677 	-7.1885808 	-15.112632
-0.33153153 	0.25 	0.819 	57.553443 	-7.1945902 	-15.109819
-0.33273273 	0.25 	0.819 	57.569208 	-7.2005997 	-15.107005
-0.33393393 	0.25 	0.819 	57.584974 	-7.2066092 	-15.104192
-0.33513514 	0.25 	0.819 	57.600739 	-7.2126187 	-15.101378
-0.33633634 	0.25 	0.819 	57.616504 	-7.2186282 	-15.098565
-0.33753754 	0.25 	0.819 	57.63227 	-7.2246377 	-15.095751
-0.33873874 	0.25 	0.819 	57.648035 	-7.2306472 	-15.092938
-0.33993994 	0.25 	0.819 	57.6638 	-7.2366567 	-15.090124
-0.34114114 	0.25 	0.819 	57.679566 	-7.2426662 	-15.087311
-0.34234234 	0.25 	0.819 	57.695331 	-7.2486757 	-15.084497
-0.34354354 	0.25 	0.819 	57.711097 	-7.2546851 	-15.081684
-0.34474474 	0.25 	0.819 	57.726862 	-7.2606946 	-15.07887
-0.34594595 	0.25 	0.819 	57.74272 	-7.2668734 	-15.076287
-0.34714715 	0.25 	0.819 	57.758729 	-7.2724118 	-15.073021
-0.34834835 	0.25 	0.819 	57.774786 	-7.2777134 	-15.0695
-0.34954955 	0.25 	0.819 	57.790843 	-7.283015 	-15.065978
-0.35075075 	0.25 	0.819 	57.806899 	-7.2883167 	-15.062456
-0.35195195 	0.25 	0.819 	57.822956 	-7.2936183 	-15.058934
-0.35315315 	0.25 	0.819 	57.839013 	-7.29892 	-15.055412
-0.35435435 	0.25 	0.819 	57.85507 	-7.3042216 	-15.051891
-0.35555556 	0.25 	0.819 	57.871127 	-7.3095233 	-15.048369
-0.35675676 	0.25 	0.819 	57.887183 	-7.3148249 	-15.044847
-0.35795796 	0.25 	0.819 	57.90324 	-7.3201266 	-15.041325
-0.35915916 	0.25 	0.819 	57.919297 	-7.3254282 	-15.037803
-0.36036036 	0.25 	0.819 	57.935354 	-7.3307299 	-15.034282
-0.36156156 	0.25 	0.819 	57.951411 	-7.3360315 	-15.03076
-0.36276276 	0.25 	0.819 	57.967467 	-7.3413332 	-15.027238
-0.36396396 	0.25 	0.819 	57.983524 	-7.3466348 	-15.023716
-0.36516517 	0.25 	0.819 	57.999472 	-7.3529314 	-15.020309
-0.36636637 	0.25 	0.819 	58.0151 	-7.3621527 	-15.01724
-0.36756757 	0.25 	0.819 	58.030729 	-7.371374 	-15.014172
-0.36876877 	0.25 	0.819 	58.046357 	-7.3805952 	-15.011103
-0.36996997 	0.25 	0.819 	58.061985 	-7.3898165 	-15.008034
-0.37117117 	0.25 	0.819 	58.077613 	-7.3990378 	-15.004965
-0.37237237 	0.25 	0.819 	58.093242 	-7.408259 	-15.001896
-0.37357357 	0.25 	0.819 	58.10887 	-7.4174803 	-14.998828
-0.37477477 	0.25 	0.819 	58.124498 	-7.4267016 	-14.995759
-0.37597598 	0.25 	0.819 	58.140126 	-7.4359228 	-14.99269
-0.37717718 	0.25 	0.819 	58.155755 	-7.4451441 	-14.989621
-0.37837838 	0.25 	0.819 	58.171383 	-7.4543654 	-14.986552
-0.37957958 	0.25 	0.819 	58.187011 	-7.4635866 	-14.983484
-0.38078078 	0.25 	0.819 	58.202639 	-7.4728079 	-14.980415
-0.38198198 	0.25 	0.819 	58.218267 	-7.4820292 	-14.977346
-0.38318318 	0.25 	0.819 	58.233896 	-7.4912504 	-14.974277
-0.38438438 	0.25 	0.819 	58.250268 	-7.498576 	-14.971488
-0.38558559 	0.25 	0.819 	58.266321 	-7.5063095 	-14.968547
-0.38678679 	0.25 	0.819 	58.282289 	-7.5141959 	-14.965568
-0.38798799 	0.25 	0.819 	58.298258 	-7.5220824 	-14.96259
-0.38918919 	0.25 	0.819 	58.314226 	-7.5299689 	-14.959611
-0.39039039 	0.25 	0.819 	58.330194 	-7.5378553 	-14.956633
-0.39159159 	0.25 	0.819 	58.346162 	-7.5457418 	-14.953654
-0.39279279 	0.25 	0.819 	58.36213 	-7.5536283 	-14.950675
-0.39399399 	0.25 	0.819 	58.378098 	-7.5615148 	-14.947697
-0.3951952 	0.25 	0.819 	58.394067 	-7.5694012 	-14.944718
-0.3963964 	0.25 	0.819 	58.410035 	-7.5772877 	-14.94174
-0.3975976 	0.25 	0.819 	58.426003 	-7.5851742 	-14.938761
-0.3987988 	0.25 	0.819 	58.441971 	-7.5930606 	-14.935783
-0.4 	0.25 	0.819 	58.457939 	-7.6009471 	-14.932804
-0.4012012 	0.25 	0.819 	58.473908 	-7.6088336 	-14.929826
-0.4024024 	0.25 	0.819 	58.489876 	-7.6167201 	-14.926847
-0.4036036 	0.25 	0.819 	58.505844 	-7.6246065 	-14.923868
-0.4048048 	0.25 	0.819 	58.521812 	-7.632493 	-14.92089
-0.40600601 	0.25 	0.819 	58.53778 	-7.6403795 	-14.917911
-0.40720721 	0.25 	0.819 	58.55375 	-7.6482596 	-14.914941
-0.40840841 	0.25 	0.819 	58.570487 	-7.6521938 	-14.916802
-0.40960961 	0.25 	0.819 	58.587225 	-7.656128 	-14.918663
-0.41081081 	0.25 	0.819 	58.603963 	-7.6600622 	-14.920524
-0.41201201 	0.25 	0.819 	58.620701 	-7.6639965 	-14.922385
-0.41321321 	0.25 	0.819 	58.637439 	-7.6679307 	-14.924246
-0.41441441 	0.25 	0.819 	58.654177 	-7.6718649 	-14.926107
-0.41561562 	0.25 	0.819 	58.670914 	-7.6757991 	-14.927968
-0.41681682 	0.25 	0.819 	58.687652 	-7.6797333 	-14.929829
-0.41801802 	0.25 	0.819 	58.70439 	-7.6836676 	-14.93169
-0.41921922 	0.25 	0.819 	58.721128 	-7.6876018 	-14.933551
-0.42042042 	0.25 	0.819 	58.737866 	-7.691536 	-14.935412
-0.42162162 	0.25 	0.819 	58.754604 	-7.6954702 	-14.937273
-0.42282282 	0.25 	0.819 	58.771342 	-7.6994045 	-14.939134
-0.42402402 	0.25 	0.819 	58.788079 	-7.7033387 	-14.940995
-0.42522523 	0.25 	0.819 	58.804817 	-7.7072729 	-14.942856
-0.42642643 	0.25 	0.819 	58.821184 	-7.7149221 	-14.940856
-0.42762763 	0.25 	0.819 	58.837207 	-7.7259997 	-14.935293
-0.42882883 	0.25 	0.819 	58.85323 	-7.7370773 	-14.929729
-0.43003003 	0.25 	0.819 	58.869254 	-7.7481549 	-14.924166
-0.43123123 	0.25 	0.819 	58.885277 	-7.7592325 	-14.918602
-0.43243243 	0.25 	0.819 	58.901301 	-7.7703101 	-14.913039
-0.43363363 	0.25 	0.819 	58.917324 	-7.7813877 	-14.907476
-0.43483483 	0.25 	0.819 	58.933347 	-7.7924653 	-14.901912
-0.43603604 	0.25 	0.819 	58.949371 	-7.8035429 	-14.896349
-0.43723724 	0.25 	0.819 	58.965394 	-7.8146205 	-14.890785
-0.43843844 	0.25 	0.819 	58.981418 	-7.8256981 	-14.885222
-0.43963964 	0.25 	0.819 	58.997441 	-7.8367757 	-14.879658
-0.44084084 	0.25 	0.819 	59.013464 	-7.8478533 	-14.874095
-0.44204204 	0.25 	0.819 	59.029488 	-7.8589309 	-14.868532
-0.44324324 	0.25 	0.819 	59.045511 	-7.8700085 	-14.862968
-0.44444444 	0.25 	0.819 	59.061566 	-7.8809702 	-14.857433
-0.44564565 	0.25 	0.819 	59.078455 	-7.8888007 	-14.852652
-0.44684685 	0.25 	0.819 	59.095345 	-7.8966312 	-14.847872
-0.44804805 	0.25 	0.819 	59.112235 	-7.9044617 	-14.843092
-0.44924925 	0.25 	0.819 	59.129124 	-7.9122922 	-14.838311
-0.45045045 	0.25 	0.819 	59.146014 	-7.9201227 	-14.833531
-0.45165165 	0.25 	0.819 	59.162904 	-7.9279532 	-14.828751
-0.45285285 	0.25 	0.819 	59.179794 	-7.9357837 	-14.823971
-0.45405405 	0.25 	0.819 	59.196683 	-7.9436142 	-14.81919
-0.45525526 	0.25 	0.819 	59.213573 	-7.9514447 	-14.81441
-0.45645646 	0.25 	0.819 	59.230935 	-7.9590068 	-14.810153
-0.45765766 	0.25 	0.819 	59.249972 	-7.9664312 	-14.808669
-0.45885886 	0.25 	0.819 	59.267673 	-7.9755027 	-14.805449
-0.46006006 	0.25 	0.819 	59.285374 	-7.9845742 	-14.802228
-0.46126126 	0.25 	0.819 	59.303074 	-7.9936457 	-14.799008
-0.46246246 	0.25 	0.819 	59.320775 	-8.0027171 	-14.795787
-0.46366366 	0.25 	0.819 	59.338476 	-8.0117886 	-14.792567
-0.46486486 	0.25 	0.819 	59.356177 	-8.0208601 	-14.789346
-0.46606607 	0.25 	0.819 	59.373878 	-8.0299316 	-14.786126
-0.46726727 	0.25 	0.819 	59.391579 	-8.0390031 	-14.782905
-0.46846847 	0.25 	0.819 	59.410864 	-8.0480454 	-14.779937
-0.46966967 	0.25 	0.819 	59.43475 	-8.0570031 	-14.777703
-0.47087087 	0.25 	0.819 	59.458635 	-8.0659608 	-14.775469
-0.47207207 	0.25 	0.819 	59.482521 	-8.0749185 	-14.773234
-0.47327327 	0.25 	0.819 	59.506406 	-8.0838762 	-14.771
-0.47447447 	0.25 	0.819 	59.530292 	-8.0928338 	-14.768766
-0.47567568 	0.25 	0.819 	59.554177 	-8.1017915 	-14.766531
-0.47687688 	0.25 	0.819 	59.578063 	-8.1107492 	-14.764297
-0.47807808 	0.25 	0.819 	59.601948 	-8.1197069 	-14.762063
-0.47927928 	0.25 	0.819 	59.625834 	-8.1286646 	-14.759828
-0.48048048 	0.25 	0.819 	59.64972 	-8.1376223 	-14.757594
-0.48168168 	0.25 	0.819 	59.673605 	-8.14658 	-14.75536
-0.48288288 	0.25 	0.819 	59.697491 	-8.1555377 	-14.753125
-0.48408408 	0.25 	0.819 	59.721376 	-8.1644954 	-14.750891
-0.48528529 	0.25 	0.819 	59.745262 	-8.1734531 	-14.748657
-0.48648649 	0.25 	0.819 	59.769147 	-8.1824108 	-14.746422
-0.48768769 	0.25 	0.819 	59.783009 	-8.1893721 	-14.746246
-0.48888889 	0.25 	0.819 	59.793869 	-8.1957356 	-14.746685
-0.49009009 	0.25 	0.819 	59.80473 	-8.2020992 	-14.747124
-0.49129129 	0.25 	0.819 	59.81559 	-8.2084628 	-14.747564
-0.49249249 	0.25 	0.819 	59.826451 	-8.2148264 	-14.748003
-0.49369369 	0.25 	0.819 	59.837311 	-8.2211899 	-14.748442
-0.49489489 	0.25 	0.819 	59.848172 	-8.2275535 	-14.748882
-0.4960961 	0.25 	0.819 	59.859032 	-8.2339171 	-14.749321
-0.4972973 	0.25 	0.819 	59.869893 	-8.2402806 	-14.74976
-0.4984985 	0.25 	0.819 	59.881768 	-8.24736 	-14.748684
-0.4996997 	0.25 	0.819 	59.895133 	-8.2561502 	-14.742609
-0.5009009 	0.25 	0.819 	59.908032 	-8.2647033 	-14.736845
-0.5021021 	0.25 	0.819 	59.920931 	-8.2732564 	-14.73108
-0.5033033 	0.25 	0.819 	59.93383 	-8.2818095 	-14.725316
-0.5045045 	0.25 	0.819 	59.946729 	-8.2903626 	-14.719552
-0.50570571 	0.25 	0.819 	59.959882 	-8.2990043 	-14.713639
-0.50690691 	0.25 	0.819 	59.980595 	-8.3102793 	-14.703294
-0.50810811 	0.25 	0.819 	60.001307 	-8.3215544 	-14.692949
-0.50930931 	0.25 	0.819 	60.02202 	-8.3328295 	-14.682605
-0.51051051 	0.25 	0.819 	60.042732 	-8.3441045 	-14.67226
-0.51171171 	0.25 	0.819 	60.063445 	-8.3553796 	-14.661915
-0.51291291 	0.25 	0.819 	60.084157 	-8.3666547 	-14.651571
-0.51411411 	0.25 	0.819 	60.10487 	-8.3779297 	-14.641226
-0.51531532 	0.25 	0.819 	60.125582 	-8.3892048 	-14.630881
-0.51651652 	0.25 	0.819 	60.146295 	-8.4004799 	-14.620537
-0.51771772 	0.25 	0.819 	60.167107 	-8.4125003 	-14.606019
-0.51891892 	0.25 	0.819 	60.188075 	-8.4256826 	-14.584996
-0.52012012 	0.25 	0.819 	60.209042 	-8.4388649 	-14.563974
-0.52132132 	0.25 	0.819 	60.23001 	-8.4520472 	-14.542951
-0.52252252 	0.25 	0.819 	60.250978 	-8.4652294 	-14.521929
-0.52372372 	0.25 	0.819 	60.271945 	-8.4784117 	-14.500906
-0.52492492 	0.25 	0.819 	60.292913 	-8.491594 	-14.479884
-0.52612613 	0.25 	0.819 	60.313881 	-8.5047763 	-14.458861
-0.52732733 	0.25 	0.819 	60.334849 	-8.5179585 	-14.437839
-0.52852853 	0.25 	0.819 	60.355816 	-8.5311408 	-14.416816
-0.52972973 	0.25 	0.819 	60.375894 	-8.5424038 	-14.40362
-0.53093093 	0.25 	0.819 	60.395378 	-8.5523873 	-14.395641
-0.53213213 	0.25 	0.819 	60.414863 	-8.5623709 	-14.387662
-0.53333333 	0.25 	0.819 	60.434347 	-8.5723545 	-14.379683
-0.53453453 	0.25 	0.819 	60.453832 	-8.582338 	-14.371704
-0.53573574 	0.25 	0.819 	60.473316 	-8.5923216 	-14.363725
-0.53693694 	0.25 	0.819 	60.491855 	-8.60029 	-14.36466
-0.53813814 	0.25 	0.819 	60.51012 	-8.6079499 	-14.367084
-0.53933934 	0.25 	0.819 	60.528385 	-8.6156097 	-14.369508
-0.54054054 	0.25 	0.819 	60.546651 	-8.6232696 	-14.371933
-0.54174174 	0.25 	0.819 	60.564916 	-8.6309294 	-14.374357
-0.54294294 	0.25 	0.819 	60.583181 	-8.6385893 	-14.376781
-0.54414414 	0.25 	0.819 	60.601452 	-8.6462467 	-14.379215
-0.54534535 	0.25 	0.819 	60.61973 	-8.6539007 	-14.381661
-0.54654655 	0.25 	0.819 	60.638009 	-8.6615548 	-14.384108
-0.54774775 	0.25 	0.819 	60.656315 	-8.6691924 	-14.386439
-0.54894895 	0.25 	0.819 	60.676116 	-8.6759578 	-14.382638
-0.55015015 	0.25 	0.819 	60.695917 	-8.6827232 	-14.378836
-0.55135135 	0.25 	0.819 	60.715718 	-8.6894886 	-14.375035
-0.55255255 	0.25 	0.819 	60.735519 	-8.696254 	-14.371234
-0.55375375 	0.25 	0.819 	60.75532 	-8.7030195 	-14.367432
-0.55495495 	0.25 	0.819 	60.775121 	-8.7097849 	-14.363631
-0.55615616 	0.25 	0.819 	60.794922 	-8.7165503 	-14.35983
-0.55735736 	0.25 	0.819 	60.814723 	-8.7233157 	-14.356028
-0.55855856 	0.25 	0.819 	60.834524 	-8.7300811 	-14.352227
-0.55975976 	0.25 	0.819 	60.854417 	-8.73727 	-14.347865
-0.56096096 	0.25 	0.819 	60.874984 	-8.7452685 	-14.340511
-0.56216216 	0.25 	0.819 	60.89555 	-8.753267 	-14.333156
-0.56336336 	0.25 	0.819 	60.916117 	-8.7612655 	-14.325802
-0.56456456 	0.25 	0.819 	60.936684 	-8.769264 	-14.318447
-0.56576577 	0.25 	0.819 	60.95725 	-8.7772625 	-14.311093
-0.56696697 	0.25 	0.819 	60.978475 	-8.7870309 	-14.302353
-0.56816817 	0.25 	0.819 	61.00027 	-8.7983336 	-14.292412
-0.56936937 	0.25 	0.819 	61.022065 	-8.8096362 	-14.282471
-0.57057057 	0.25 	0.819 	61.043859 	-8.8209389 	-14.27253
-0.57177177 	0.25 	0.819 	61.065654 	-8.8322415 	-14.262589
-0.57297297 	0.25 	0.819 	61.087449 	-8.8435441 	-14.252648
-0.57417417 	0.25 	0.819 	61.109244 	-8.8548468 	-14.242707
-0.57537538 	0.25 	0.819 	61.131039 	-8.8661494 	-14.232766
-0.57657658 	0.25 	0.819 	61.152834 	-8.8774521 	-14.222825
-0.57777778 	0.25 	0.819 	61.174628 	-8.8887547 	-14.212884
-0.57897898 	0.25 	0.819 	61.196358 	-8.8995765 	-14.201433
-0.58018018 	0.25 	0.819 	61.218052 	-8.9101319 	-14.189146
-0.58138138 	0.25 	0.819 	61.239745 	-8.9206874 	-14.176859
-0.58258258 	0.25 	0.819 	61.261439 	-8.9312428 	-14.164572
-0.58378378 	0.25 	0.819 	61.283133 	-8.9417982 	-14.152284
-0.58498498 	0.25 	0.819 	61.304826 	-8.9523537 	-14.139997
-0.58618619 	0.25 	0.819 	61.32652 	-8.9629091 	-14.12771
-0.58738739 	0.25 	0.819 	61.348214 	-8.9734646 	-14.115423
-0.58858859 	0.25 	0.819 	61.369907 	-8.98402 	-14.103136
-0.58978979 	0.25 	0.819 	61.391601 	-8.9945755 	-14.090849
-0.59099099 	0.25 	0.819 	61.413452 	-9.0045408 	-14.079958
-0.59219219 	0.25 	0.819 	61.435354 	-9.0143153 	-14.069519
-0.59339339 	0.25 	0.819 	61.457256 	-9.0240897 	-14.05908
-0.59459459 	0.25 	0.819 	61.479158 	-9.0338642 	-14.048641
-0.5957958 	0.25 	0.819 	61.50106 	-9.0436386 	-14.038202
-0.596997 	0.25 	0.819 	61.52355 	-9.0540335 	-14.027077
-0.5981982 	0.25 	0.819 	61.547541 	-9.0651403 	-14.015207
-0.5993994 	0.25 	0.819 	61.571346 	-9.0759005 	-14.003604
-0.6006006 	0.25 	0.819 	61.595151 	-9.0866607 	-13.992
-0.6018018 	0.25 	0.819 	61.618956 	-9.0974209 	-13.980397
-0.603003 	0.25 	0.819 	61.642761 	-9.108181 	-13.968793
-0.6042042 	0.25 	0.819 	61.666565 	-9.1189412 	-13.957189
-0.60540541 	0.25 	0.819 	61.69037 	-9.1297014 	-13.945586
-0.60660661 	0.25 	0.819 	61.714175 	-9.1404616 	-13.933982
-0.60780781 	0.25 	0.819 	61.73798 	-9.1512217 	-13.922379
-0.60900901 	0.25 	0.819 	61.761017 	-9.1609009 	-13.910741
-0.61021021 	0.25 	0.819 	61.781981 	-9.1676611 	-13.899011
-0.61141141 	0.25 	0.819 	61.802945 	-9.1744213 	-13.887281
-0.61261261 	0.25 	0.819 	61.823909 	-9.1811815 	-13.875551
-0.61381381 	0.25 	0.819 	61.844873 	-9.1879417 	-13.863821
-0.61501502 	0.25 	0.819 	61.865837 	-9.1947019 	-13.852091
-0.61621622 	0.25 	0.819 	61.886801 	-9.2014621 	-13.840361
-0.61741742 	0.25 	0.819 	61.907765 	-9.2082223 	-13.828631
-0.61861862 	0.25 	0.819 	61.928729 	-9.2149825 	-13.816901
-0.61981982 	0.25 	0.819 	61.949693 	-9.2217427 	-13.805171
-0.62102102 	0.25 	0.819 	61.970783 	-9.2285663 	-13.793848
-0.62222222 	0.25 	0.819 	61.996841 	-9.2365233 	-13.780438
-0.62342342 	0.25 	0.819 	62.020731 	-9.2445934 	-13.768248
-0.62462462 	0.25 	0.819 	62.044622 	-9.2526634 	-13.756058
-0.62582583 	0.25 	0.819 	62.068512 	-9.2607335 	-13.743868
-0.62702703 	0.25 	0.819 	62.092402 	-9.2688035 	-13.731677
-0.62822823 	0.25 	0.819 	62.123737 	-9.2764113 	-13.715075
-0.62942943 	0.25 	0.819 	62.157171 	-9.2838887 	-13.697229
-0.63063063 	0.25 	0.819 	62.190606 	-9.2913661 	-13.679383
-0.63183183 	0.25 	0.819 	62.22404 	-9.2988435 	-13.661536
-0.63303303 	0.25 	0.819 	62.257474 	-9.3063209 	-13.64369
-0.63423423 	0.25 	0.819 	62.290909 	-9.3137983 	-13.625844
-0.63543544 	0.25 	0.819 	62.324343 	-9.3212757 	-13.607997
-0.63663664 	0.25 	0.819 	62.357778 	-9.3287531 	-13.590151
-0.63783784 	0.25 	0.819 	62.391212 	-9.3362305 	-13.572305
-0.63903904 	0.25 	0.819 	62.424646 	-9.3437079 	-13.554458
-0.64024024 	0.25 	0.819 	62.446479 	-9.3469853 	-13.543866
-0.64144144 	0.25 	0.819 	62.466813 	-9.3497202 	-13.534211
-0.64264264 	0.25 	0.819 	62.486272 	-9.3567325 	-13.523331
-0.64384384 	0.25 	0.819 	62.502715 	-9.3643616 	-13.513684
-0.64504505 	0.25 	0.819 	62.519158 	-9.3719907 	-13.504037
-0.64624625 	0.25 	0.819 	62.535601 	-9.3796198 	-13.49439
-0.64744745 	0.25 	0.819 	62.552044 	-9.3872489 	-13.484743
-0.64864865 	0.25 	0.819 	62.568486 	-9.394878 	-13.475096
-0.64984985 	0.25 	0.819 	62.584929 	-9.4025071 	-13.465449
-0.65105105 	0.25 	0.819 	62.601372 	-9.4101362 	-13.455802
-0.65225225 	0.25 	0.819 	62.618928 	-9.4206876 	-13.445498
-0.65345345 	0.25 	0.819 	62.639254 	-9.4385074 	-13.433561
-0.65465465 	0.25 	0.819 	62.66029 	-9.4558247 	-13.420932
-0.65585586 	0.25 	0.819 	62.684233 	-9.4710832 	-13.405463
-0.65705706 	0.25 	0.819 	62.708216 	-9.4850469 	-13.390076
-0.65825826 	0.25 	0.819 	62.732445 	-9.4910319 	-13.375193
-0.65945946 	0.25 	0.819 	62.756675 	-9.4970169 	-13.360309
-0.66066066 	0.25 	0.819 	62.780904 	-9.5030019 	-13.345426
-0.66186186 	0.25 	0.819 	62.805134 	-9.5089869 	-13.330543
-0.66306306 	0.25 	0.819 	62.829363 	-9.5149719 	-13.31566
-0.66426426 	0.25 	0.819 	62.853593 	-9.5209569 	-13.300776
-0.66546547 	0.25 	0.819 	62.877822 	-9.5269419 	-13.285893
-0.66666667 	0.25 	0.819 	62.90196 	-9.5329926 	-13.270986
-0.66786787 	0.25 	0.819 	62.926194 	-9.5325056 	-13.255795
-0.66906907 	0.25 	0.819 	62.950737 	-9.5252476 	-13.240374
-0.67027027 	0.25 	0.819 	62.975152 	-9.5207105 	-13.225216
-0.67147147 	0.25 	0.819 	62.999442 	-9.5187954 	-13.210314
-0.67267267 	0.25 	0.819 	63.024405 	-9.5198638 	-13.195001
-0.67387387 	0.25 	0.819 	63.050161 	-9.5231251 	-13.179295
-0.67507508 	0.25 	0.819 	63.076014 	-9.5262782 	-13.163567
-0.67627628 	0.25 	0.819 	63.101868 	-9.5294314 	-13.147839
-0.67747748 	0.25 	0.819 	63.127722 	-9.5325846 	-13.132111
-0.67867868 	0.25 	0.819 	63.153576 	-9.5357377 	-13.116383
-0.67987988 	0.25 	0.819 	63.17943 	-9.5388909 	-13.100656
-0.68108108 	0.25 	0.819 	63.205284 	-9.5420441 	-13.084928
-0.68228228 	0.25 	0.819 	63.231137 	-9.5451972 	-13.0692
-0.68348348 	0.25 	0.819 	63.25788 	-9.5524874 	-13.053579
-0.68468468 	0.25 	0.819 	63.284967 	-9.5613812 	-13.038
-0.68588589 	0.25 	0.819 	63.31011 	-9.567742 	-13.021832
-0.68708709 	0.25 	0.819 	63.334807 	-9.5735222 	-13.005528
-0.68828829 	0.25 	0.819 	63.362062 	-9.579058 	-12.989259
-0.68948949 	0.25 	0.819 	63.389519 	-9.5845746 	-12.972993
-0.69069069 	0.25 	0.819 	63.416975 	-9.5900911 	-12.956727
-0.69189189 	0.25 	0.819 	63.444432 	-9.5956077 	-12.940461
-0.69309309 	0.25 	0.819 	63.471888 	-9.6011243 	-12.924194
-0.69429429 	0.25 	0.819 	63.499345 	-9.6066409 	-12.907928
-0.6954955 	0.25 	0.819 	63.526801 	-9.6121575 	-12.891662
-0.6966967 	0.25 	0.819 	63.554258 	-9.6176741 	-12.875396
-0.6978979 	0.25 	0.819 	63.581335 	-9.6236017 	-12.859114
-0.6990991 	0.25 	0.819 	63.610021 	-9.6277629 	-12.842504
-0.7003003 	0.25 	0.819 	63.638334 	-9.6317032 	-12.826049
-0.7015015 	0.25 	0.819 	63.66363 	-9.6344423 	-12.810777
-0.7027027 	0.25 	0.819 	63.689824 	-9.6378408 	-12.794858
-0.7039039 	0.25 	0.819 	63.71831 	-9.6426596 	-12.777488
-0.70510511 	0.25 	0.819 	63.747125 	-9.6471652 	-12.760303
-0.70630631 	0.25 	0.819 	63.775939 	-9.6516708 	-12.743117
-0.70750751 	0.25 	0.819 	63.804754 	-9.6561763 	-12.725932
-0.70870871 	0.25 	0.819 	63.833569 	-9.6606819 	-12.708747
-0.70990991 	0.25 	0.819 	63.862383 	-9.6651875 	-12.691561
-0.71111111 	0.25 	0.819 	63.891198 	-9.669693 	-12.674376
-0.71231231 	0.25 	0.819 	63.920013 	-9.6741986 	-12.65719
-0.71351351 	0.25 	0.819 	63.949169 	-9.6791106 	-12.63984
-0.71471471 	0.25 	0.819 	63.979908 	-9.6859033 	-12.621727
-0.71591592 	0.25 	0.819 	64.008651 	-9.6917 	-12.60411
-0.71711712 	0.25 	0.819 	64.034681 	-9.6961432 	-12.587167
-0.71831832 	0.25 	0.819 	64.0639 	-9.69942 	-12.569319
-0.71951952 	0.25 	0.819 	64.094516 	-9.7021853 	-12.551073
-0.72072072 	0.25 	0.819 	64.125133 	-9.7049506 	-12.532828
-0.72192192 	0.25 	0.819 	64.15575 	-9.707716 	-12.514583
-0.72312312 	0.25 	0.819 	64.186366 	-9.7104813 	-12.496338
-0.72432432 	0.25 	0.819 	64.216983 	-9.7132466 	-12.478093
-0.72552553 	0.25 	0.819 	64.247599 	-9.7160119 	-12.459847
-0.72672673 	0.25 	0.819 	64.278216 	-9.7187772 	-12.441602
-0.72792793 	0.25 	0.819 	64.308485 	-9.7216575 	-12.423346
-0.72912913 	0.25 	0.819 	64.339478 	-9.7240863 	-12.404581
-0.73033033 	0.25 	0.819 	64.372022 	-9.7256854 	-12.385073
-0.73153153 	0.25 	0.819 	64.400999 	-9.7284585 	-12.367474
-0.73273273 	0.25 	0.819 	64.429128 	-9.7316206 	-12.350343
-0.73393393 	0.25 	0.819 	64.463749 	-9.7340875 	-12.329911
-0.73513514 	0.25 	0.819 	64.498369 	-9.7365543 	-12.309479
-0.73633634 	0.25 	0.819 	64.531445 	-9.737273 	-12.290444
-0.73753754 	0.25 	0.819 	64.56406 	-9.7374704 	-12.271826
-0.73873874 	0.25 	0.819 	64.596674 	-9.7376678 	-12.253208
-0.73993994 	0.25 	0.819 	64.629289 	-9.7378652 	-12.23459
-0.74114114 	0.25 	0.819 	64.661904 	-9.7380626 	-12.215973
-0.74234234 	0.25 	0.819 	64.694519 	-9.7382599 	-12.197355
-0.74354354 	0.25 	0.819 	64.727134 	-9.7384573 	-12.178737
-0.74474474 	0.25 	0.819 	64.756294 	-9.7363158 	-12.160514
-0.74594595 	0.25 	0.819 	64.791694 	-9.7366306 	-12.13943
-0.74714715 	0.25 	0.819 	64.821349 	-9.7392752 	-12.120916
-0.74834835 	0.25 	0.819 	64.855777 	-9.7436899 	-12.100271
-0.74954955 	0.25 	0.819 	64.885252 	-9.7448473 	-12.080997
-0.75075075 	0.25 	0.819 	64.918834 	-9.7458262 	-12.059976
-0.75195195 	0.25 	0.819 	64.952415 	-9.7468052 	-12.038956
-0.75315315 	0.25 	0.819 	64.985997 	-9.7477841 	-12.017935
-0.75435435 	0.25 	0.819 	65.020257 	-9.7471848 	-11.998027
-0.75555556 	0.25 	0.819 	65.054837 	-9.7458407 	-11.978645
-0.75675676 	0.25 	0.819 	65.089417 	-9.7444966 	-11.959263
-0.75795796 	0.25 	0.819 	65.124052 	-9.743605 	-11.939798
-0.75915916 	0.25 	0.819 	65.159047 	-9.7457024 	-11.919784
-0.76036036 	0.25 	0.819 	65.194814 	-9.7422948 	-11.899155
-0.76156156 	0.25 	0.819 	65.229163 	-9.7392553 	-11.878501
-0.76276276 	0.25 	0.819 	65.260487 	-9.7382824 	-11.857947
-0.76396396 	0.25 	0.819 	65.295163 	-9.7333114 	-11.83694
-0.76516517 	0.25 	0.819 	65.330958 	-9.7288965 	-11.815716
-0.76636637 	0.25 	0.819 	65.366922 	-9.7259446 	-11.794411
-0.76756757 	0.25 	0.819 	65.402887 	-9.7229926 	-11.773105
-0.76876877 	0.25 	0.819 	65.438851 	-9.7200407 	-11.751799
-0.76996997 	0.25 	0.819 	65.476259 	-9.7177378 	-11.732019
-0.77117117 	0.25 	0.819 	65.513697 	-9.7154489 	-11.712272
-0.77237237 	0.25 	0.819 	65.551135 	-9.7131599 	-11.692524
-0.77357357 	0.25 	0.819 	65.589028 	-9.7123055 	-11.672912
-0.77477477 	0.25 	0.819 	65.627927 	-9.7136561 	-11.653483
-0.77597598 	0.25 	0.819 	65.669 	-9.7166479 	-11.634078
-0.77717718 	0.25 	0.819 	65.704032 	-9.7109744 	-11.61343
-0.77837838 	0.25 	0.819 	65.736152 	-9.7006437 	-11.591913
-0.77957958 	0.25 	0.819 	65.773129 	-9.6934933 	-11.569284
-0.78078078 	0.25 	0.819 	65.810882 	-9.6892456 	-11.546929
-0.78198198 	0.25 	0.819 	65.848795 	-9.6855969 	-11.524631
-0.78318318 	0.25 	0.819 	65.886708 	-9.6819482 	-11.502334
-0.78438438 	0.25 	0.819 	65.924883 	-9.6780354 	-11.480157
-0.78558559 	0.25 	0.819 	65.963749 	-9.6734263 	-11.458302
-0.78678679 	0.25 	0.819 	66.002614 	-9.6688171 	-11.436446
-0.78798799 	0.25 	0.819 	66.041479 	-9.6642079 	-11.41459
-0.78918919 	0.25 	0.819 	66.082196 	-9.6600164 	-11.390455
-0.79039039 	0.25 	0.819 	66.12777 	-9.653323 	-11.36381
-0.79159159 	0.25 	0.819 	66.178664 	-9.6432264 	-11.335056
-0.79279279 	0.25 	0.819 	66.204957 	-9.6400048 	-11.317993
-0.79399399 	0.25 	0.819 	66.233952 	-9.6346685 	-11.299191
-0.7951952 	0.25 	0.819 	66.269888 	-9.6259244 	-11.276472
-0.7963964 	0.25 	0.819 	66.308755 	-9.6195409 	-11.252499
-0.7975976 	0.25 	0.819 	66.347781 	-9.6134825 	-11.228566
-0.7987988 	0.25 	0.819 	66.388628 	-9.61119 	-11.20509
-0.8 	0.25 	0.819 	66.428287 	-9.6080144 	-11.170934
-0.8012012 	0.25 	0.819 	66.467036 	-9.6040578 	-11.129797
-0.8024024 	0.25 	0.819 	66.505631 	-9.5982065 	-11.107631
-0.8036036 	0.25 	0.819 	66.544227 	-9.5923445 	-11.08545
-0.8048048 	0.25 	0.819 	66.582836 	-9.5859555 	-11.062472
-0.80600601 	0.25 	0.819 	66.620788 	-9.5771593 	-11.054037
-0.80720721 	0.25 	0.819 	66.658359 	-9.567123 	-11.047315
-0.80840841 	0.25 	0.819 	66.69537 	-9.555605 	-11.029089
-0.80960961 	0.25 	0.819 	66.73378 	-9.5467237 	-11.007311
-0.81081081 	0.25 	0.819 	66.772834 	-9.538859 	-10.983954
-0.81201201 	0.25 	0.819 	66.811888 	-9.5307199 	-10.960677
-0.81321321 	0.25 	0.819 	66.852171 	-9.5248705 	-10.935901
-0.81441441 	0.25 	0.819 	66.894217 	-9.5222978 	-10.908978
-0.81561562 	0.25 	0.819 	66.936676 	-9.5178469 	-10.866118
-0.81681682 	0.25 	0.819 	66.978056 	-9.5118014 	-10.827967
-0.81801802 	0.25 	0.819 	67.01688 	-9.5028371 	-10.805831
-0.81921922 	0.25 	0.819 	67.055841 	-9.4938509 	-10.783297
-0.82042042 	0.25 	0.819 	67.094806 	-9.4843644 	-10.761852
-0.82162162 	0.25 	0.819 	67.1307 	-9.4701131 	-10.761055
-0.82282282 	0.25 	0.819 	67.169338 	-9.4571709 	-10.751254
-0.82402402 	0.25 	0.819 	67.210603 	-9.4454813 	-10.732837
-0.82522523 	0.25 	0.819 	67.249272 	-9.4351915 	-10.70927
-0.82642643 	0.25 	0.819 	67.287281 	-9.4249464 	-10.685588
-0.82762763 	0.25 	0.819 	67.325109 	-9.414671 	-10.662038
-0.82882883 	0.25 	0.819 	67.363485 	-9.4067214 	-10.634653
-0.83003003 	0.25 	0.819 	67.403044 	-9.400016 	-10.603024
-0.83123123 	0.25 	0.819 	67.448054 	-9.3959462 	-10.555129
-0.83243243 	0.25 	0.819 	67.487476 	-9.3887504 	-10.521011
-0.83363363 	0.25 	0.819 	67.522181 	-9.3789153 	-10.498525
-0.83483483 	0.25 	0.819 	67.557857 	-9.3681806 	-10.47519
-0.83603604 	0.25 	0.819 	67.590523 	-9.3545089 	-10.461954
-0.83723724 	0.25 	0.819 	67.618372 	-9.3377472 	-10.462784
-0.83843844 	0.25 	0.819 	67.657796 	-9.3235935 	-10.447838
-0.83963964 	0.25 	0.819 	67.698827 	-9.310248 	-10.428137
-0.84084084 	0.25 	0.819 	67.732533 	-9.2977573 	-10.404018
-0.84204204 	0.25 	0.819 	67.766226 	-9.2840612 	-10.379838
-0.84324324 	0.25 	0.819 	67.799742 	-9.2706663 	-10.355024
-0.84444444 	0.25 	0.819 	67.831749 	-9.2599038 	-10.324767
-0.84564565 	0.25 	0.819 	67.867627 	-9.2516303 	-10.28829
-0.84684685 	0.25 	0.819 	67.90835 	-9.2464708 	-10.244032
-0.84804805 	0.25 	0.819 	67.942921 	-9.2339723 	-10.215664
-0.84924925 	0.25 	0.819 	67.975587 	-9.2192012 	-10.192217
-0.85045045 	0.25 	0.819 	68.005771 	-9.2073072 	-10.170875
-0.85165165 	0.25 	0.819 	68.022905 	-9.1946311 	-10.168445
-0.85285285 	0.25 	0.819 	68.039589 	-9.1806815 	-10.168452
-0.85405405 	0.25 	0.819 	68.085834 	-9.1564452 	-10.143873
-0.85525526 	0.25 	0.819 	68.127935 	-9.1353036 	-10.12025
-0.85645646 	0.25 	0.819 	68.161581 	-9.120342 	-10.098398
-0.85765766 	0.25 	0.819 	68.194215 	-9.1058004 	-10.076324
-0.85885886 	0.25 	0.819 	68.226849 	-9.0912588 	-10.054249
-0.86006006 	0.25 	0.819 	68.259482 	-9.0767172 	-10.032175
-0.86126126 	0.25 	0.819 	68.291366 	-9.0608459 	-10.008022
-0.86246246 	0.25 	0.819 	68.322971 	-9.0444777 	-9.9830922
-0.86366366 	0.25 	0.819 	68.354575 	-9.0281096 	-9.9581624
-0.86486486 	0.25 	0.819 	68.385893 	-9.0122075 	-9.933161
-0.86606607 	0.25 	0.819 	68.417386 	-8.9965138 	-9.9073477
-0.86726727 	0.25 	0.819 	68.455021 	-8.9727486 	-9.8793431
-0.86846847 	0.25 	0.819 	68.490989 	-8.9558321 	-9.8513012
-0.86966967 	0.25 	0.819 	68.527308 	-8.9465728 	-9.8236096
-0.87087087 	0.25 	0.819 	68.560151 	-8.9316968 	-9.7967656
-0.87207207 	0.25 	0.819 	68.591796 	-8.9120202 	-9.77039
-0.87327327 	0.25 	0.819 	68.623672 	-8.8935015 	-9.7437002
-0.87447447 	0.25 	0.819 	68.655549 	-8.8749827 	-9.7170103
-0.87567568 	0.25 	0.819 	68.687396 	-8.8564337 	-9.6903407
-0.87687688 	0.25 	0.819 	68.71706 	-8.8355641 	-9.6652227
-0.87807808 	0.25 	0.819 	68.746724 	-8.8146946 	-9.6401046
-0.87927928 	0.25 	0.819 	68.776388 	-8.793825 	-9.6149866
-0.88048048 	0.25 	0.819 	68.804178 	-8.7745509 	-9.5904273
-0.88168168 	0.25 	0.819 	68.836181 	-8.7519475 	-9.5649046
-0.88288288 	0.25 	0.819 	68.870613 	-8.7257471 	-9.5385088
-0.88408408 	0.25 	0.819 	68.904259 	-8.7065443 	-9.5125112
-0.88528529 	0.25 	0.819 	68.932694 	-8.6930222 	-9.4876367
-0.88648649 	0.25 	0.819 	68.964434 	-8.6722842 	-9.4620971
-0.88768769 	0.25 	0.819 	68.996331 	-8.6521824 	-9.4366176
-0.88888889 	0.25 	0.819 	69.028092 	-8.632451 	-9.4111802
-0.89009009 	0.25 	0.819 	69.059853 	-8.6127195 	-9.3857427
-0.89129129 	0.25 	0.819 	69.090753 	-8.5924834 	-9.3597239
-0.89249249 	0.25 	0.819 	69.119682 	-8.5710921 	-9.3323746
-0.89369369 	0.25 	0.819 	69.148611 	-8.5497008 	-9.3050254
-0.89489489 	0.25 	0.819 	69.17754 	-8.5283095 	-9.2776761
-0.8960961 	0.25 	0.819 	69.205575 	-8.5084966 	-9.2496831
-0.8972973 	0.25 	0.819 	69.22947 	-8.4870671 	-9.2224589
-0.8984985 	0.25 	0.819 	69.251702 	-8.4647158 	-9.1956579
-0.8996997 	0.25 	0.819 	69.290886 	-8.4397051 	-9.1669573
-0.9009009 	0.25 	0.819 	69.330115 	-8.413808 	-9.1379235
-0.9021021 	0.25 	0.819 	69.366085 	-8.3854851 	-9.1083037
-0.9033033 	0.25 	0.819 	69.40042 	-8.3581257 	-9.0799584
-0.9045045 	0.25 	0.819 	69.434755 	-8.3307663 	-9.0516131
-0.90570571 	0.25 	0.819 	69.46909 	-8.3034069 	-9.0232679
-0.90690691 	0.25 	0.819 	69.504251 	-8.2759035 	-8.9949961
-0.90810811 	0.25 	0.819 	69.539977 	-8.2483019 	-8.9667745
-0.90930931 	0.25 	0.819 	69.575703 	-8.2207003 	-8.9385528
-0.91051051 	0.25 	0.819 	69.611404 	-8.1932007 	-8.910313
-0.91171171 	0.25 	0.819 	69.646518 	-8.1680767 	-8.881648
-0.91291291 	0.25 	0.819 	69.680103 	-8.137356 	-8.8536207
-0.91411411 	0.25 	0.819 	69.7131 	-8.1067718 	-8.8257346
-0.91531532 	0.25 	0.819 	69.744738 	-8.0785416 	-8.7980819
-0.91651652 	0.25 	0.819 	69.783438 	-8.0482892 	-8.7684694
-0.91771772 	0.25 	0.819 	69.826428 	-8.0170078 	-8.7379222
-0.91891892 	0.25 	0.819 	69.868221 	-7.9863299 	-8.7080421
-0.92012012 	0.25 	0.819 	69.910014 	-7.955652 	-8.6781619
-0.92132132 	0.25 	0.819 	69.951807 	-7.9249741 	-8.6482818
-0.92252252 	0.25 	0.819 	69.991133 	-7.8955397 	-8.6184041
-0.92372372 	0.25 	0.819 	70.030114 	-7.8662793 	-8.5885267
-0.92492492 	0.25 	0.819 	70.069094 	-7.8370188 	-8.5586493
-0.92612613 	0.25 	0.819 	70.109095 	-7.8067084 	-8.5278272
-0.92732733 	0.25 	0.819 	70.15209 	-7.7717271 	-8.4939075
-0.92852853 	0.25 	0.819 	70.198252 	-7.7275308 	-8.4558442
-0.92972973 	0.25 	0.819 	70.213054 	-7.6909903 	-8.4298585
-0.93093093 	0.25 	0.819 	70.198702 	-7.6615669 	-8.4151007
-0.93213213 	0.25 	0.819 	70.233435 	-7.6299102 	-8.3871903
-0.93333333 	0.25 	0.819 	70.279049 	-7.5975381 	-8.3556969
-0.93453453 	0.25 	0.819 	70.325337 	-7.5650482 	-8.3237593
-0.93573574 	0.25 	0.819 	70.399776 	-7.5415639 	-8.2867495
-0.93693694 	0.25 	0.819 	70.468241 	-7.5172708 	-8.2504773
-0.93813814 	0.25 	0.819 	70.470529 	-7.4774749 	-8.2243866
-0.93933934 	0.25 	0.819 	70.503552 	-7.4421659 	-8.1937127
-0.94054054 	0.25 	0.819 	70.560547 	-7.4103564 	-8.159464
-0.94174174 	0.25 	0.819 	70.617211 	-7.3786723 	-8.1250096
-0.94294294 	0.25 	0.819 	70.685112 	-7.3483912 	-8.0888984
-0.94414414 	0.25 	0.819 	70.773171 	-7.3204399 	-8.0501007
-0.94534535 	0.25 	0.819 	70.789229 	-7.2759117 	-8.0212573
-0.94654655 	0.25 	0.819 	70.805462 	-7.2308426 	-7.9923772
-0.94774775 	0.25 	0.819 	70.867998 	-7.1948881 	-7.9570629
-0.94894895 	0.25 	0.819 	70.930901 	-7.1588216 	-7.9219716
-0.95015015 	0.25 	0.819 	70.993804 	-7.1227551 	-7.8868803
-0.95135135 	0.25 	0.819 	71.097459 	-7.0949507 	-7.8454109
-0.95255255 	0.25 	0.819 	71.159825 	-7.0652416 	-7.8092879
-0.95375375 	0.25 	0.819 	71.169534 	-7.0329238 	-7.7800147
-0.95495495 	0.25 	0.819 	71.237574 	-6.9948908 	-7.7441113
-0.95615616 	0.25 	0.819 	71.309683 	-6.9564592 	-7.7077454
-0.95735736 	0.25 	0.819 	71.381687 	-6.9180627 	-7.6712503
-0.95855856 	0.25 	0.819 	71.475624 	-6.8775857 	-7.6321347
-0.95975976 	0.25 	0.819 	71.579013 	-6.8361536 	-7.591691
-0.96096096 	0.25 	0.819 	71.59779 	-6.8021792 	-7.5592105
-0.96216216 	0.25 	0.819 	71.652614 	-6.7604444 	-7.5239129
-0.96336336 	0.25 	0.819 	71.725952 	-6.7147019 	-7.4872038
-0.96456456 	0.25 	0.819 	71.799139 	-6.6689389 	-7.4505942
-0.96576577 	0.25 	0.819 	71.876308 	-6.6222519 	-7.4136208
-0.96696697 	0.25 	0.819 	71.984474 	-6.5683739 	-7.3738167
-0.96816817 	0.25 	0.819 	72.037811 	-6.525505 	-7.3364607
-0.96936937 	0.25 	0.819 	72.079913 	-6.4850404 	-7.3002331
-0.97057057 	0.25 	0.819 	72.145336 	-6.4402719 	-7.2645635
-0.97177177 	0.25 	0.819 	72.210842 	-6.3954986 	-7.2288818
-0.97297297 	0.25 	0.819 	72.276825 	-6.3506973 	-7.1931312
-0.97417417 	0.25 	0.819 	72.370071 	-6.2974875 	-7.1567917
-0.97537538 	0.25 	0.819 	72.453188 	-6.2446273 	-7.1183502
-0.97657658 	0.25 	0.819 	72.516685 	-6.1926295 	-7.0759912
-0.97777778 	0.25 	0.819 	72.585691 	-6.1456213 	-7.0375298
-0.97897898 	0.25 	0.819 	72.657097 	-6.101149 	-7.0011037
-0.98018018 	0.25 	0.819 	72.728246 	-6.0567424 	-6.9647733
-0.98138138 	0.25 	0.819 	72.801039 	-6.0134822 	-6.9309953
-0.98258258 	0.25 	0.819 	72.874856 	-5.970936 	-6.8988069
-0.98378378 	0.25 	0.819 	72.960291 	-5.904232 	-6.8526067
-0.98498498 	0.25 	0.819 	73.043075 	-5.8474308 	-6.8111828
-0.98618619 	0.25 	0.819 	73.1237 	-5.798668 	-6.7736393
-0.98738739 	0.25 	0.819 	73.204515 	-5.7497932 	-6.7359119
-0.98858859 	0.25 	0.819 	73.285549 	-5.7007892 	-6.6979721
-0.98978979 	0.25 	0.819 	73.356898 	-5.6604007 	-6.6642028
-0.99099099 	0.25 	0.819 	73.447014 	-5.5982947 	-6.6220449
-0.99219219 	0.25 	0.819 	73.527115 	-5.5425019 	-6.583648
-0.99339339 	0.25 	0.819 	73.601881 	-5.4914697 	-6.5474567
-0.99459459 	0.25 	0.819 	73.676293 	-5.4407322 	-6.5116021
-0.9957958 	0.25 	0.819 	73.750645 	-5.3900433 	-6.475803
-0.996997 	0.25 	0.819 	73.824998 	-5.3393544 	-6.4400039
-0.9981982 	0.25 	0.819 	73.899013 	-5.2844144 	-6.4030937
-0.9993994 	0.25 	0.819 	73.960072 	-5.2069659 	-6.3632314
-1.0006006 	0.25 	0.819 	73.996621 	-5.1357552 	-6.3284298
-1.0018018 	0.25 	0.819 	74.03317 	-5.0645444 	-6.2936281
-1.003003 	0.25 	0.819 	74.069556 	-4.9933164 	-6.2588291
-1.0042042 	0.25 	0.819 	74.095323 	-4.9267827 	-6.2261705
-1.0054054 	0.25 	0.819 	74.052847 	-4.8983743 	-6.2099581
-1.0066066 	0.25 	0.819 	74.027449 	-4.8692808 	-6.190876
-1.0078078 	0.25 	0.819 	74.253449 	-4.830103 	-6.1295468
-1.009009 	0.25 	0.819 	74.464307 	-4.7872299 	-6.0701685
-1.0102102 	0.25 	0.819 	74.555555 	-4.7153026 	-6.0266305
-1.0114114 	0.25 	0.819 	74.647116 	-4.6435703 	-5.9834333
-1.0126126 	0.25 	0.819 	74.620748 	-4.5587757 	-5.9563264
-1.0138138 	0.25 	0.819 	74.640635 	-4.4853028 	-5.9232534
-1.015015 	0.25 	0.819 	74.820224 	-4.4472997 	-5.8693799
-1.0162162 	0.25 	0.819 	74.920418 	-4.3809634 	-5.8276117
-1.0174174 	0.25 	0.819 	75.010862 	-4.3111479 	-5.7873301
-1.0186186 	0.25 	0.819 	75.101779 	-4.2409856 	-5.746404
-1.0198198 	0.25 	0.819 	75.192781 	-4.1707612 	-5.7053626
-1.021021 	0.25 	0.819 	75.241477 	-4.0928361 	-5.6694778
-1.0222222 	0.25 	0.819 	75.346905 	-4.0261783 	-5.625688
-1.0234234 	0.25 	0.819 	75.44285 	-3.9501002 	-5.5834297
-1.0246246 	0.25 	0.819 	75.544083 	-3.8754454 	-5.5416568
-1.0258258 	0.25 	0.819 	75.646281 	-3.8013097 	-5.5003725
-1.027027 	0.25 	0.819 	75.748479 	-3.7271739 	-5.4590882
-1.0282282 	0.25 	0.819 	75.3699 	-3.6440961 	-5.464782
-1.0294294 	0.25 	0.819 	75.716066 	-3.5693254 	-5.397811
-1.0306306 	0.25 	0.819 	76.137577 	-3.4950534 	-5.3234114
-1.0318318 	0.25 	0.819 	76.248359 	-3.4156327 	-5.2801764
-1.033033 	0.25 	0.819 	76.359246 	-3.3361488 	-5.2367671
-1.0342342 	0.25 	0.819 	76.040919 	-3.251175 	-5.2356679
-1.0354354 	0.25 	0.819 	75.504226 	-3.1634912 	-5.2563048
-1.0366366 	0.25 	0.819 	75.538327 	-3.082797 	-5.2196628
-1.0378378 	0.25 	0.819 	76.144535 	-3.0089798 	-5.1257858
-1.039039 	0.25 	0.819 	76.750743 	-2.9351626 	-5.0319088
-1.0402402 	0.25 	0.819 	76.724101 	-2.8504654 	-5.0013789
-1.0414414 	0.25 	0.819 	76.211659 	-2.7567476 	-5.0189045
-1.0426426 	0.25 	0.819 	75.699218 	-2.6630297 	-5.03643
-1.0438438 	0.25 	0.819 	75.800028 	-2.5795693 	-4.9922523
-1.045045 	0.25 	0.819 	76.222958 	-2.5014968 	-4.9156639
-1.0462462 	0.25 	0.819 	76.606492 	-2.421763 	-4.843059
-1.0474474 	0.25 	0.819 	76.639533 	-2.3272493 	-4.8058933
-1.0486486 	0.25 	0.819 	76.671648 	-2.2327221 	-4.7696948
-1.0498498 	0.25 	0.819 	76.703748 	-2.1381947 	-4.7335115
-1.0510511 	0.25 	0.819 	76.735849 	-2.0436673 	-4.6973282
-1.0522523 	0.25 	0.819 	76.449265 	-1.934493 	-4.6923759
-1.0534535 	0.25 	0.819 	76.450984 	-1.8191048 	-4.6572024
-1.0546547 	0.25 	0.819 	76.752308 	-1.7052396 	-4.5907145
-1.0558559 	0.25 	0.819 	76.836754 	-1.5999208 	-4.5468604
-1.0570571 	0.25 	0.819 	76.921526 	-1.4946432 	-4.5027324
-1.0582583 	0.25 	0.819 	77.007063 	-1.3894623 	-4.4579609
-1.0594595 	0.25 	0.819 	77.005646 	-1.2863186 	-4.4214056
-1.0606607 	0.25 	0.819 	77.157759 	-1.1718685 	-4.3701055
-1.0618619 	0.25 	0.819 	77.266427 	-1.0602083 	-4.322796
-1.0630631 	0.25 	0.819 	77.374823 	-0.94849712 	-4.2756896
-1.0642643 	0.25 	0.819 	77.479039 	-0.83758594 	-4.2296395
-1.0654655 	0.25 	0.819 	77.579634 	-0.72770888 	-4.184061
-1.0666667 	0.25 	0.819 	77.585784 	-0.61489735 	-4.1451171
-1.0678679 	0.25 	0.819 	77.843931 	-0.49898474 	-4.0858092
-1.0690691 	0.25 	0.819 	77.970847 	-0.37816957 	-4.036161
-1.0702703 	0.25 	0.819 	78.097764 	-0.2573544 	-3.9865127
-1.0714715 	0.25 	0.819 	78.224951 	-0.13666907 	-3.9366229
-1.0726727 	0.25 	0.819 	78.352671 	-0.016238394 	-3.8862594
-1.0738739 	0.25 	0.819 	78.439841 	0.1050065 	-3.8387943
-1.0750751 	0.25 	0.819 	78.68055 	0.22585496 	-3.7791659
-1.0762763 	0.25 	0.819 	78.816635 	0.35858721 	-3.7265869
-1.0774775 	0.25 	0.819 	78.95272 	0.49131947 	-3.6740079
-1.0786787 	0.25 	0.819 	79.088501 	0.62450257 	-3.6219009
-1.0798799 	0.25 	0.819 	79.224186 	0.75782873 	-3.5699436
-1.0810811 	0.25 	0.819 	79.35987 	0.89115489 	-3.5179863
-1.0822823 	0.25 	0.819 	79.387545 	1.0323364 	-3.4728896
-1.0834835 	0.25 	0.819 	79.675928 	1.1805812 	-3.4081761
-1.0846847 	0.25 	0.819 	79.80536 	1.3312129 	-3.3547697
-1.0858859 	0.25 	0.819 	79.934792 	1.4818447 	-3.3013633
-1.0870871 	0.25 	0.819 	80.064219 	1.631797 	-3.2475356
-1.0882883 	0.25 	0.819 	80.193812 	1.7808753 	-3.193719
-1.0894895 	0.25 	0.819 	80.311458 	1.9311403 	-3.1405021
-1.0906907 	0.25 	0.819 	80.427422 	2.1011113 	-3.0853251
-1.0918919 	0.25 	0.819 	80.543387 	2.2710824 	-3.0301481
-1.0930931 	0.25 	0.819 	80.659635 	2.4417731 	-2.9753099
-1.0942943 	0.25 	0.819 	80.775959 	2.6126577 	-2.9205629
-1.0954955 	0.25 	0.819 	80.83321 	2.7798143 	-2.8696112
-1.0966967 	0.25 	0.819 	80.898291 	2.939704 	-2.8178353
-1.0978979 	0.25 	0.819 	80.997184 	3.1053001 	-2.7637315
-1.0990991 	0.25 	0.819 	81.0844 	3.2798481 	-2.7103037
-1.1003003 	0.25 	0.819 	81.17166 	3.454454 	-2.6569267
-1.1015015 	0.25 	0.819 	81.25951 	3.6298353 	-2.604229
-1.1027027 	0.25 	0.819 	81.347361 	3.8052166 	-2.5515314
-1.1039039 	0.25 	0.819 	81.38567 	3.9939456 	-2.5049773
-1.1051051 	0.25 	0.819 	81.419926 	4.183767 	-2.458926
-1.1063063 	0.25 	0.819 	81.455587 	4.34109 	-2.4084448
-1.1075075 	0.25 	0.819 	81.493328 	4.4503604 	-2.3514132
-1.1087087 	0.25 	0.819 	81.531069 	4.5596308 	-2.2943817
-1.1099099 	0.25 	0.819 	81.561502 	4.7711359 	-2.2407051
-1.1111111 	0.25 	0.819 	81.588059 	5.0997897 	-2.1900823
-1.1123123 	0.25 	0.819 	81.614741 	5.4283946 	-2.1399377
-1.1135135 	0.25 	0.819 	81.610934 	5.6637697 	-2.0879717
-1.1147147 	0.25 	0.819 	81.579858 	5.8157649 	-2.0343768
-1.1159159 	0.25 	0.819 	81.550063 	6.0769219 	-1.9803847
-1.1171171 	0.25 	0.819 	81.521463 	6.3586214 	-1.9272505
-1.1183183 	0.25 	0.819 	81.493189 	6.6404495 	-1.8744334
-1.1195195 	0.25 	0.819 	81.464915 	6.9222776 	-1.8216164
-1.1207207 	0.25 	0.819 	81.429291 	7.211517 	-1.7682111
-1.1219219 	0.25 	0.819 	81.388821 	7.5144476 	-1.7127764
-1.1231231 	0.25 	0.819 	81.348351 	7.8173782 	-1.6573417
-1.1243243 	0.25 	0.819 	81.307882 	8.1203087 	-1.601907
-1.1255255 	0.25 	0.819 	81.266438 	8.4228182 	-1.5457492
-1.1267267 	0.25 	0.819 	81.260528 	8.7220409 	-1.4915248
-1.1279279 	0.25 	0.819 	81.298706 	9.0182102 	-1.4398043
-1.1291291 	0.25 	0.819 	81.182848 	9.3416852 	-1.3766012
-1.1303303 	0.25 	0.819 	81.069129 	9.6702663 	-1.3132341
-1.1315315 	0.25 	0.819 	80.973585 	10.042067 	-1.2485861
-1.1327327 	0.25 	0.819 	80.930054 	10.414902 	-1.1858762
-1.1339339 	0.25 	0.819 	80.964516 	10.78854 	-1.1258434
-1.1351351 	0.25 	0.819 	80.986099 	11.154488 	-1.066241
-1.1363363 	0.25 	0.819 	80.902629 	11.457706 	-1.0101487
-1.1375375 	0.25 	0.819 	80.819158 	11.760924 	-0.9540563
-1.1387387 	0.25 	0.819 	80.740385 	12.087761 	-0.89827252
-1.1399399 	0.25 	0.819 	80.668917 	12.449555 	-0.84302377
-1.1411411 	0.25 	0.819 	80.607872 	12.824397 	-0.78749561
-1.1423423 	0.25 	0.819 	80.56716 	13.229053 	-0.73063282
-1.1435435 	0.25 	0.819 	80.526447 	13.63371 	-0.67377003
-1.1447447 	0.25 	0.819 	80.399972 	14.052845 	-0.6154709
-1.1459459 	0.25 	0.819 	80.269607 	14.470121 	-0.55661142
-1.1471471 	0.25 	0.819 	80.154128 	14.877424 	-0.49658529
-1.1483483 	0.25 	0.819 	80.037721 	15.286189 	-0.43773445
-1.1495495 	0.25 	0.819 	79.930362 	15.687632 	-0.37878208
-1.1507508 	0.25 	0.819 	79.870052 	16.050994 	-0.31930181
-1.151952 	0.25 	0.819 	79.787345 	16.414124 	-0.26204383
-1.1531532 	0.25 	0.819 	79.678014 	16.776976 	-0.20742752
-1.1543544 	0.25 	0.819 	79.5431 	17.178494 	-0.15025422
-1.1555556 	0.25 	0.819 	79.40145 	17.590193 	-0.09240768
-1.1567568 	0.25 	0.819 	79.260155 	18.00077 	-0.033295392
-1.157958 	0.25 	0.819 	79.113049 	18.424193 	0.027880297
-1.1591592 	0.25 	0.819 	78.957889 	18.865513 	0.091500881
-1.1603604 	0.25 	0.819 	78.782692 	19.306167 	0.1508432
-1.1615616 	0.25 	0.819 	78.584929 	19.755004 	0.21033162
-1.1627628 	0.25 	0.819 	78.364975 	20.212506 	0.27021059
-1.163964 	0.25 	0.819 	78.144496 	20.670985 	0.32898286
-1.1651652 	0.25 	0.819 	77.924017 	21.129464 	0.38775513
-1.1663664 	0.25 	0.819 	77.66349 	21.575972 	0.44767446
-1.1675676 	0.25 	0.819 	77.401504 	22.026636 	0.50730887
-1.1687688 	0.25 	0.819 	77.140651 	22.484062 	0.56645388
-1.16997 	0.25 	0.819 	76.826031 	22.944533 	0.62482044
-1.1711712 	0.25 	0.819 	76.497095 	23.405814 	0.68297974
-1.1723724 	0.25 	0.819 	76.168735 	23.865943 	0.74193333
-1.1735736 	0.25 	0.819 	75.785947 	24.292729 	0.79935986
-1.1747748 	0.25 	0.819 	75.375019 	24.702511 	0.85587517
-1.175976 	0.25 	0.819 	74.970307 	25.119798 	0.91232415
-1.1771772 	0.25 	0.819 	74.566301 	25.537937 	0.96876561
-1.1783784 	0.25 	0.819 	74.089309 	25.934888 	1.0245212
-1.1795796 	0.25 	0.819 	73.602397 	26.330949 	1.0792225
-1.1807808 	0.25 	0.819 	73.078781 	26.692592 	1.1324873
-1.181982 	0.25 	0.819 	72.504423 	27.006495 	1.1838205
-1.1831832 	0.25 	0.819 	71.931043 	27.323658 	1.2354147
-1.1843844 	0.25 	0.819 	71.360661 	27.650798 	1.2878084
-1.1855856 	0.25 	0.819 	70.790278 	27.977939 	1.3402021
-1.1867868 	0.25 	0.819 	70.139506 	28.229972 	1.3897704
-1.187988 	0.25 	0.819 	69.480804 	28.462389 	1.43914
-1.1891892 	0.25 	0.819 	68.786613 	28.594649 	1.4839225
-1.1903904 	0.25 	0.819 	68.092422 	28.726909 	1.528705
-1.1915916 	0.25 	0.819 	67.395639 	28.836502 	1.5723946
-1.1927928 	0.25 	0.819 	66.698226 	28.940576 	1.6158182
-1.193994 	0.25 	0.819 	65.996997 	29.028639 	1.6589875
-1.1951952 	0.25 	0.819 	65.274182 	29.036952 	1.7000996
-1.1963964 	0.25 	0.819 	64.594877 	28.950424 	1.7386904
-1.1975976 	0.25 	0.819 	63.919491 	28.855391 	1.7770644
-1.1987988 	0.25 	0.819 	63.24305 	28.756629 	1.8152047
-1.2 	0.25 	0.819 	62.561891 	28.641204 	1.8523014
