0 	0.25 	0.91 	53.737146 	1.8338761 	-17.992925
-0.0012012012 	0.25 	0.91 	53.745612 	1.8283483 	-17.989972
-0.0024024024 	0.25 	0.91 	53.754079 	1.8228204 	-17.987019
-0.0036036036 	0.25 	0.91 	53.762545 	1.8172926 	-17.984066
-0.0048048048 	0.25 	0.91 	53.771011 	1.8117648 	-17.981113
-0.006006006 	0.25 	0.91 	53.779478 	1.806237 	-17.97816
-0.0072072072 	0.25 	0.91 	53.787944 	1.8007092 	-17.975207
-0.0084084084 	0.25 	0.91 	53.796411 	1.7951814 	-17.972254
-0.0096096096 	0.25 	0.91 	53.804877 	1.7896536 	-17.969302
-0.010810811 	0.25 	0.91 	53.813344 	1.7841257 	-17.966349
-0.012012012 	0.25 	0.91 	53.82181 	1.7785979 	-17.963396
-0.013213213 	0.25 	0.91 	53.830596 	1.7717862 	-17.96093
-0.014414414 	0.25 	0.91 	53.840345 	1.7610948 	-17.959939
-0.015615616 	0.25 	0.91 	53.850095 	1.7504034 	-17.958947
-0.016816817 	0.25 	0.91 	53.859844 	1.739712 	-17.957955
-0.018018018 	0.25 	0.91 	53.869593 	1.7290206 	-17.956964
-0.019219219 	0.25 	0.91 	53.879343 	1.7183291 	-17.955972
-0.02042042 	0.25 	0.91 	53.889092 	1.7076377 	-17.95498
-0.021621622 	0.25 	0.91 	53.898842 	1.6969463 	-17.953989
-0.022822823 	0.25 	0.91 	53.908591 	1.6862549 	-17.952997
-0.024024024 	0.25 	0.91 	53.918341 	1.6755634 	-17.952005
-0.025225225 	0.25 	0.91 	53.92809 	1.664872 	-17.951014
-0.026426426 	0.25 	0.91 	53.93784 	1.6541806 	-17.950022
-0.027627628 	0.25 	0.91 	53.947589 	1.6434892 	-17.94903
-0.028828829 	0.25 	0.91 	53.957339 	1.6327978 	-17.948039
-0.03003003 	0.25 	0.91 	53.967088 	1.6221063 	-17.947047
-0.031231231 	0.25 	0.91 	53.976838 	1.6114149 	-17.946055
-0.032432432 	0.25 	0.91 	53.986587 	1.6007235 	-17.945064
-0.033633634 	0.25 	0.91 	53.996337 	1.5900321 	-17.944072
-0.034834835 	0.25 	0.91 	54.006086 	1.5793406 	-17.943081
-0.036036036 	0.25 	0.91 	54.015836 	1.5686492 	-17.942089
-0.037237237 	0.25 	0.91 	54.025585 	1.5579578 	-17.941097
-0.038438438 	0.25 	0.91 	54.035336 	1.5472773 	-17.940107
-0.03963964 	0.25 	0.91 	54.045275 	1.53808 	-17.939245
-0.040840841 	0.25 	0.91 	54.055214 	1.5288828 	-17.938384
-0.042042042 	0.25 	0.91 	54.065153 	1.5196855 	-17.937523
-0.043243243 	0.25 	0.91 	54.075092 	1.5104883 	-17.936662
-0.044444444 	0.25 	0.91 	54.085031 	1.501291 	-17.935801
-0.045645646 	0.25 	0.91 	54.09497 	1.4920938 	-17.93494
-0.046846847 	0.25 	0.91 	54.105151 	1.4837225 	-17.934451
-0.048048048 	0.25 	0.91 	54.115924 	1.4773748 	-17.934874
-0.049249249 	0.25 	0.91 	54.126697 	1.471027 	-17.935297
-0.05045045 	0.25 	0.91 	54.13747 	1.4646793 	-17.93572
-0.051651652 	0.25 	0.91 	54.148243 	1.4583316 	-17.936142
-0.052852853 	0.25 	0.91 	54.159016 	1.4519838 	-17.936565
-0.054054054 	0.25 	0.91 	54.169789 	1.4456361 	-17.936988
-0.055255255 	0.25 	0.91 	54.180562 	1.4392884 	-17.937411
-0.056456456 	0.25 	0.91 	54.191335 	1.4329407 	-17.937834
-0.057657658 	0.25 	0.91 	54.202108 	1.4265929 	-17.938257
-0.058858859 	0.25 	0.91 	54.212881 	1.4202452 	-17.93868
-0.06006006 	0.25 	0.91 	54.223654 	1.4138975 	-17.939103
-0.061261261 	0.25 	0.91 	54.233843 	1.3994651 	-17.940193
-0.062462462 	0.25 	0.91 	54.244006 	1.3846692 	-17.941314
-0.063663664 	0.25 	0.91 	54.25417 	1.3698733 	-17.942434
-0.064864865 	0.25 	0.91 	54.264333 	1.3550775 	-17.943554
-0.066066066 	0.25 	0.91 	54.274496 	1.3402816 	-17.944675
-0.067267267 	0.25 	0.91 	54.28466 	1.3254857 	-17.945795
-0.068468468 	0.25 	0.91 	54.294823 	1.3106898 	-17.946915
-0.06966967 	0.25 	0.91 	54.304986 	1.295894 	-17.948036
-0.070870871 	0.25 	0.91 	54.31515 	1.2810981 	-17.949156
-0.072072072 	0.25 	0.91 	54.325313 	1.2663022 	-17.950276
-0.073273273 	0.25 	0.91 	54.335476 	1.2515063 	-17.951397
-0.074474474 	0.25 	0.91 	54.347039 	1.2405133 	-17.952359
-0.075675676 	0.25 	0.91 	54.359229 	1.2312219 	-17.953252
-0.076876877 	0.25 	0.91 	54.371419 	1.2219305 	-17.954144
-0.078078078 	0.25 	0.91 	54.383608 	1.2126391 	-17.955036
-0.079279279 	0.25 	0.91 	54.395798 	1.2033478 	-17.955929
-0.08048048 	0.25 	0.91 	54.407987 	1.1940564 	-17.956821
-0.081681682 	0.25 	0.91 	54.420217 	1.1843863 	-17.957696
-0.082882883 	0.25 	0.91 	54.432643 	1.1728899 	-17.95849
-0.084084084 	0.25 	0.91 	54.445068 	1.1613936 	-17.959284
-0.085285285 	0.25 	0.91 	54.457494 	1.1498972 	-17.960078
-0.086486486 	0.25 	0.91 	54.469919 	1.1384008 	-17.960872
-0.087687688 	0.25 	0.91 	54.482344 	1.1269045 	-17.961666
-0.088888889 	0.25 	0.91 	54.49477 	1.1154081 	-17.962459
-0.09009009 	0.25 	0.91 	54.507195 	1.1039117 	-17.963253
-0.091291291 	0.25 	0.91 	54.51962 	1.0924154 	-17.964047
-0.092492492 	0.25 	0.91 	54.532046 	1.080919 	-17.964841
-0.093693694 	0.25 	0.91 	54.544471 	1.0694226 	-17.965635
-0.094894895 	0.25 	0.91 	54.556896 	1.0579263 	-17.966429
-0.096096096 	0.25 	0.91 	54.569322 	1.0464299 	-17.967223
-0.097297297 	0.25 	0.91 	54.581747 	1.0349336 	-17.968017
-0.098498498 	0.25 	0.91 	54.594172 	1.0234372 	-17.96881
-0.0996997 	0.25 	0.91 	54.606598 	1.0119408 	-17.969604
-0.1009009 	0.25 	0.91 	54.619023 	1.0004445 	-17.970398
-0.1021021 	0.25 	0.91 	54.631449 	0.9889481 	-17.971192
-0.1033033 	0.25 	0.91 	54.643874 	0.97745173 	-17.971986
-0.1045045 	0.25 	0.91 	54.656299 	0.96595537 	-17.97278
-0.10570571 	0.25 	0.91 	54.668725 	0.954459 	-17.973574
-0.10690691 	0.25 	0.91 	54.68115 	0.94296264 	-17.974367
-0.10810811 	0.25 	0.91 	54.695592 	0.92987919 	-17.979988
-0.10930931 	0.25 	0.91 	54.711839 	0.91537626 	-17.989926
-0.11051051 	0.25 	0.91 	54.728085 	0.90087333 	-17.999863
-0.11171171 	0.25 	0.91 	54.744332 	0.88637041 	-18.009801
-0.11291291 	0.25 	0.91 	54.760578 	0.87186748 	-18.019738
-0.11411411 	0.25 	0.91 	54.776824 	0.85736455 	-18.029676
-0.11531532 	0.25 	0.91 	54.793071 	0.84286162 	-18.039613
-0.11651652 	0.25 	0.91 	54.809317 	0.82835869 	-18.049551
-0.11771772 	0.25 	0.91 	54.825564 	0.81385576 	-18.059488
-0.11891892 	0.25 	0.91 	54.84181 	0.79935284 	-18.069426
-0.12012012 	0.25 	0.91 	54.858056 	0.78484991 	-18.079363
-0.12132132 	0.25 	0.91 	54.873272 	0.77259713 	-18.085073
-0.12252252 	0.25 	0.91 	54.884744 	0.76851451 	-18.07543
-0.12372372 	0.25 	0.91 	54.896217 	0.76443189 	-18.065787
-0.12492492 	0.25 	0.91 	54.90769 	0.76034926 	-18.056144
-0.12612613 	0.25 	0.91 	54.919162 	0.75626664 	-18.046501
-0.12732733 	0.25 	0.91 	54.930635 	0.75218402 	-18.036858
-0.12852853 	0.25 	0.91 	54.942107 	0.7481014 	-18.027215
-0.12972973 	0.25 	0.91 	54.95358 	0.74401878 	-18.017572
-0.13093093 	0.25 	0.91 	54.965053 	0.73993616 	-18.007929
-0.13213213 	0.25 	0.91 	54.976525 	0.73585354 	-17.998286
-0.13333333 	0.25 	0.91 	54.987998 	0.73177092 	-17.988643
-0.13453453 	0.25 	0.91 	54.999471 	0.7276883 	-17.979
-0.13573574 	0.25 	0.91 	55.013411 	0.71566681 	-17.977664
-0.13693694 	0.25 	0.91 	55.027651 	0.70268442 	-17.977332
-0.13813814 	0.25 	0.91 	55.041891 	0.68970203 	-17.977001
-0.13933934 	0.25 	0.91 	55.056131 	0.67671964 	-17.976669
-0.14054054 	0.25 	0.91 	55.07037 	0.66373724 	-17.976338
-0.14174174 	0.25 	0.91 	55.08461 	0.65075485 	-17.976007
-0.14294294 	0.25 	0.91 	55.09885 	0.63777246 	-17.975675
-0.14414414 	0.25 	0.91 	55.113089 	0.62479007 	-17.975344
-0.14534535 	0.25 	0.91 	55.127329 	0.61180768 	-17.975012
-0.14654655 	0.25 	0.91 	55.141569 	0.59882528 	-17.974681
-0.14774775 	0.25 	0.91 	55.155808 	0.58584289 	-17.97435
-0.14894895 	0.25 	0.91 	55.170039 	0.57626556 	-17.978218
-0.15015015 	0.25 	0.91 	55.184269 	0.56676312 	-17.98218
-0.15135135 	0.25 	0.91 	55.198499 	0.55726068 	-17.986141
-0.15255255 	0.25 	0.91 	55.212729 	0.54775823 	-17.990102
-0.15375375 	0.25 	0.91 	55.226959 	0.53825579 	-17.994063
-0.15495495 	0.25 	0.91 	55.241189 	0.52875334 	-17.998024
-0.15615616 	0.25 	0.91 	55.255419 	0.5192509 	-18.001985
-0.15735736 	0.25 	0.91 	55.269649 	0.50974846 	-18.005947
-0.15855856 	0.25 	0.91 	55.283879 	0.50024601 	-18.009908
-0.15975976 	0.25 	0.91 	55.298109 	0.49074357 	-18.013869
-0.16096096 	0.25 	0.91 	55.312339 	0.48124113 	-18.01783
-0.16216216 	0.25 	0.91 	55.32644 	0.4725692 	-18.019156
-0.16336336 	0.25 	0.91 	55.340527 	0.46398498 	-18.020204
-0.16456456 	0.25 	0.91 	55.354615 	0.45540076 	-18.021251
-0.16576577 	0.25 	0.91 	55.368702 	0.44681654 	-18.022299
-0.16696697 	0.25 	0.91 	55.38279 	0.43823232 	-18.023346
-0.16816817 	0.25 	0.91 	55.396877 	0.4296481 	-18.024394
-0.16936937 	0.25 	0.91 	55.411091 	0.41497659 	-18.031883
-0.17057057 	0.25 	0.91 	55.425344 	0.39839416 	-18.041394
-0.17177177 	0.25 	0.91 	55.439597 	0.38181172 	-18.050906
-0.17297297 	0.25 	0.91 	55.45385 	0.36522928 	-18.060417
-0.17417417 	0.25 	0.91 	55.468103 	0.34864685 	-18.069928
-0.17537538 	0.25 	0.91 	55.482356 	0.33206441 	-18.07944
-0.17657658 	0.25 	0.91 	55.49661 	0.31548197 	-18.088951
-0.17777778 	0.25 	0.91 	55.510863 	0.29889954 	-18.098462
-0.17897898 	0.25 	0.91 	55.525116 	0.2823171 	-18.107974
-0.18018018 	0.25 	0.91 	55.539369 	0.26573466 	-18.117485
-0.18138138 	0.25 	0.91 	55.553622 	0.24915223 	-18.126996
-0.18258258 	0.25 	0.91 	55.56841 	0.23959425 	-18.127878
-0.18378378 	0.25 	0.91 	55.583778 	0.23767436 	-18.119376
-0.18498498 	0.25 	0.91 	55.599146 	0.23575447 	-18.110874
-0.18618619 	0.25 	0.91 	55.614514 	0.23383458 	-18.102373
-0.18738739 	0.25 	0.91 	55.629882 	0.23191469 	-18.093871
-0.18858859 	0.25 	0.91 	55.64525 	0.22999481 	-18.085369
-0.18978979 	0.25 	0.91 	55.660618 	0.22807492 	-18.076867
-0.19099099 	0.25 	0.91 	55.675986 	0.22615503 	-18.068366
-0.19219219 	0.25 	0.91 	55.691354 	0.22423514 	-18.059864
-0.19339339 	0.25 	0.91 	55.706722 	0.22231525 	-18.051362
-0.19459459 	0.25 	0.91 	55.72209 	0.22039536 	-18.04286
-0.1957958 	0.25 	0.91 	55.737389 	0.21729618 	-18.036376
-0.196997 	0.25 	0.91 	55.752414 	0.20952789 	-18.037879
-0.1981982 	0.25 	0.91 	55.767438 	0.2017596 	-18.039383
-0.1993994 	0.25 	0.91 	55.782463 	0.19399131 	-18.040886
-0.2006006 	0.25 	0.91 	55.797488 	0.18622302 	-18.042389
-0.2018018 	0.25 	0.91 	55.812513 	0.17845473 	-18.043893
-0.203003 	0.25 	0.91 	55.827464 	0.17032427 	-18.044759
-0.2042042 	0.25 	0.91 	55.842175 	0.16101079 	-18.043545
-0.20540541 	0.25 	0.91 	55.856886 	0.15169731 	-18.042331
-0.20660661 	0.25 	0.91 	55.871596 	0.14238383 	-18.041117
-0.20780781 	0.25 	0.91 	55.886307 	0.13307036 	-18.039903
-0.20900901 	0.25 	0.91 	55.901018 	0.12375688 	-18.038689
-0.21021021 	0.25 	0.91 	55.915729 	0.1144434 	-18.037475
-0.21141141 	0.25 	0.91 	55.93044 	0.10512992 	-18.036261
-0.21261261 	0.25 	0.91 	55.94515 	0.095816445 	-18.035047
-0.21381381 	0.25 	0.91 	55.959861 	0.086502968 	-18.033833
-0.21501502 	0.25 	0.91 	55.974572 	0.07718949 	-18.032619
-0.21621622 	0.25 	0.91 	55.989322 	0.067818693 	-18.032051
-0.21741742 	0.25 	0.91 	56.004377 	0.058005876 	-18.036462
-0.21861862 	0.25 	0.91 	56.019431 	0.04819306 	-18.040873
-0.21981982 	0.25 	0.91 	56.034485 	0.038380243 	-18.045285
-0.22102102 	0.25 	0.91 	56.04954 	0.028567427 	-18.049696
-0.22222222 	0.25 	0.91 	56.064594 	0.018754611 	-18.054108
-0.22342342 	0.25 	0.91 	56.079649 	0.0089417944 	-18.058519
-0.22462462 	0.25 	0.91 	56.094703 	-0.000871022 	-18.06293
-0.22582583 	0.25 	0.91 	56.109757 	-0.010683838 	-18.067342
-0.22702703 	0.25 	0.91 	56.124812 	-0.020496655 	-18.071753
-0.22822823 	0.25 	0.91 	56.139866 	-0.030309471 	-18.076165
-0.22942943 	0.25 	0.91 	56.154921 	-0.040122287 	-18.080576
-0.23063063 	0.25 	0.91 	56.168942 	-0.056931453 	-18.090733
-0.23183183 	0.25 	0.91 	56.182927 	-0.073995369 	-18.1011
-0.23303303 	0.25 	0.91 	56.196911 	-0.091059286 	-18.111466
-0.23423423 	0.25 	0.91 	56.210895 	-0.1081232 	-18.121833
-0.23543544 	0.25 	0.91 	56.22488 	-0.12518712 	-18.132199
-0.23663664 	0.25 	0.91 	56.238864 	-0.14225104 	-18.142565
-0.23783784 	0.25 	0.91 	56.252848 	-0.15931495 	-18.152932
-0.23903904 	0.25 	0.91 	56.266832 	-0.17637887 	-18.163298
-0.24024024 	0.25 	0.91 	56.280817 	-0.19344279 	-18.173665
-0.24144144 	0.25 	0.91 	56.294801 	-0.2105067 	-18.184031
-0.24264264 	0.25 	0.91 	56.308785 	-0.22757062 	-18.194398
-0.24384384 	0.25 	0.91 	56.325223 	-0.23238103 	-18.191086
-0.24504505 	0.25 	0.91 	56.342526 	-0.23286444 	-18.182944
-0.24624625 	0.25 	0.91 	56.359829 	-0.23334786 	-18.174802
-0.24744745 	0.25 	0.91 	56.377133 	-0.23383127 	-18.16666
-0.24864865 	0.25 	0.91 	56.394436 	-0.23431469 	-18.158518
-0.24984985 	0.25 	0.91 	56.411739 	-0.2347981 	-18.150376
-0.25105105 	0.25 	0.91 	56.429043 	-0.23528152 	-18.142234
-0.25225225 	0.25 	0.91 	56.446346 	-0.23576494 	-18.134092
-0.25345345 	0.25 	0.91 	56.46365 	-0.23624835 	-18.125949
-0.25465465 	0.25 	0.91 	56.480953 	-0.23673177 	-18.117807
-0.25585586 	0.25 	0.91 	56.498256 	-0.23721518 	-18.109665
-0.25705706 	0.25 	0.91 	56.514986 	-0.24291443 	-18.105694
-0.25825826 	0.25 	0.91 	56.531164 	-0.25362055 	-18.105726
-0.25945946 	0.25 	0.91 	56.547343 	-0.26432667 	-18.105759
-0.26066066 	0.25 	0.91 	56.563521 	-0.27503279 	-18.105791
-0.26186186 	0.25 	0.91 	56.5797 	-0.28573891 	-18.105823
-0.26306306 	0.25 	0.91 	56.595879 	-0.29644503 	-18.105856
-0.26426426 	0.25 	0.91 	56.612057 	-0.30715115 	-18.105888
-0.26546547 	0.25 	0.91 	56.628236 	-0.31785727 	-18.10592
-0.26666667 	0.25 	0.91 	56.644414 	-0.32856339 	-18.105952
-0.26786787 	0.25 	0.91 	56.660593 	-0.33926951 	-18.105985
-0.26906907 	0.25 	0.91 	56.676771 	-0.34997563 	-18.106017
-0.27027027 	0.25 	0.91 	56.693024 	-0.36058166 	-18.10723
-0.27147147 	0.25 	0.91 	56.709563 	-0.3708004 	-18.113009
-0.27267267 	0.25 	0.91 	56.726101 	-0.38101913 	-18.118789
-0.27387387 	0.25 	0.91 	56.74264 	-0.39123787 	-18.124569
-0.27507508 	0.25 	0.91 	56.759179 	-0.40145661 	-18.130348
-0.27627628 	0.25 	0.91 	56.775718 	-0.41167535 	-18.136128
-0.27747748 	0.25 	0.91 	56.792257 	-0.42189409 	-18.141907
-0.27867868 	0.25 	0.91 	56.808795 	-0.43211283 	-18.147687
-0.27987988 	0.25 	0.91 	56.825334 	-0.44233156 	-18.153466
-0.28108108 	0.25 	0.91 	56.841873 	-0.4525503 	-18.159246
-0.28228228 	0.25 	0.91 	56.858412 	-0.46276904 	-18.165026
-0.28348348 	0.25 	0.91 	56.874951 	-0.47298778 	-18.170805
-0.28468468 	0.25 	0.91 	56.894709 	-0.48065742 	-18.171242
-0.28588589 	0.25 	0.91 	56.91502 	-0.48788981 	-18.170762
-0.28708709 	0.25 	0.91 	56.935331 	-0.4951222 	-18.170283
-0.28828829 	0.25 	0.91 	56.955642 	-0.5023546 	-18.169803
-0.28948949 	0.25 	0.91 	56.975953 	-0.50958699 	-18.169324
-0.29069069 	0.25 	0.91 	56.996777 	-0.5186469 	-18.16958
-0.29189189 	0.25 	0.91 	57.018681 	-0.53155318 	-18.171384
-0.29309309 	0.25 	0.91 	57.040585 	-0.54445947 	-18.173189
-0.29429429 	0.25 	0.91 	57.062489 	-0.55736575 	-18.174993
-0.2954955 	0.25 	0.91 	57.084393 	-0.57027204 	-18.176797
-0.2966967 	0.25 	0.91 	57.106297 	-0.58317832 	-18.178602
-0.2978979 	0.25 	0.91 	57.128201 	-0.59608461 	-18.180406
-0.2990991 	0.25 	0.91 	57.150105 	-0.60899089 	-18.182211
-0.3003003 	0.25 	0.91 	57.172009 	-0.62189718 	-18.184015
-0.3015015 	0.25 	0.91 	57.193913 	-0.63480346 	-18.185819
-0.3027027 	0.25 	0.91 	57.215817 	-0.64770975 	-18.187624
-0.3039039 	0.25 	0.91 	57.237708 	-0.66060613 	-18.189433
-0.30510511 	0.25 	0.91 	57.24718 	-0.66402485 	-18.195498
-0.30630631 	0.25 	0.91 	57.256653 	-0.66744358 	-18.201563
-0.30750751 	0.25 	0.91 	57.266125 	-0.6708623 	-18.207628
-0.30870871 	0.25 	0.91 	57.275598 	-0.67428103 	-18.213693
-0.30990991 	0.25 	0.91 	57.28507 	-0.67769976 	-18.219758
-0.31111111 	0.25 	0.91 	57.294543 	-0.68111848 	-18.225823
-0.31231231 	0.25 	0.91 	57.304015 	-0.68453721 	-18.231888
-0.31351351 	0.25 	0.91 	57.313488 	-0.68795593 	-18.237953
-0.31471471 	0.25 	0.91 	57.3243 	-0.69299587 	-18.242769
-0.31591592 	0.25 	0.91 	57.337869 	-0.70137039 	-18.245015
-0.31711712 	0.25 	0.91 	57.351437 	-0.7097449 	-18.247261
-0.31831832 	0.25 	0.91 	57.365006 	-0.71811942 	-18.249507
-0.31951952 	0.25 	0.91 	57.378574 	-0.72649393 	-18.251753
-0.32072072 	0.25 	0.91 	57.392143 	-0.73486845 	-18.253999
-0.32192192 	0.25 	0.91 	57.403761 	-0.74265708 	-18.255366
-0.32312312 	0.25 	0.91 	57.41494 	-0.75031364 	-18.256534
-0.32432432 	0.25 	0.91 	57.429137 	-0.76092181 	-18.25621
-0.32552553 	0.25 	0.91 	57.44855 	-0.77663264 	-18.253307
-0.32672673 	0.25 	0.91 	57.467963 	-0.79234346 	-18.250404
-0.32792793 	0.25 	0.91 	57.487375 	-0.80805428 	-18.247501
-0.32912913 	0.25 	0.91 	57.506788 	-0.82376511 	-18.244598
-0.33033033 	0.25 	0.91 	57.526201 	-0.83947593 	-18.241695
-0.33153153 	0.25 	0.91 	57.545614 	-0.85518676 	-18.238792
-0.33273273 	0.25 	0.91 	57.565026 	-0.87089758 	-18.235889
-0.33393393 	0.25 	0.91 	57.584439 	-0.8866084 	-18.232986
-0.33513514 	0.25 	0.91 	57.60266 	-0.89504434 	-18.232782
-0.33633634 	0.25 	0.91 	57.620179 	-0.89920052 	-18.234167
-0.33753754 	0.25 	0.91 	57.637699 	-0.90335671 	-18.235551
-0.33873874 	0.25 	0.91 	57.655218 	-0.90751289 	-18.236935
-0.33993994 	0.25 	0.91 	57.672738 	-0.91166908 	-18.238319
-0.34114114 	0.25 	0.91 	57.690257 	-0.91582526 	-18.239703
-0.34234234 	0.25 	0.91 	57.707776 	-0.91998144 	-18.241088
-0.34354354 	0.25 	0.91 	57.725296 	-0.92413763 	-18.242472
-0.34474474 	0.25 	0.91 	57.742815 	-0.92829381 	-18.243856
-0.34594595 	0.25 	0.91 	57.759742 	-0.93503197 	-18.2461
-0.34714715 	0.25 	0.91 	57.776524 	-0.94239823 	-18.248552
-0.34834835 	0.25 	0.91 	57.793357 	-0.94963837 	-18.251113
-0.34954955 	0.25 	0.91 	57.810256 	-0.95671908 	-18.25381
-0.35075075 	0.25 	0.91 	57.827155 	-0.96379979 	-18.256508
-0.35195195 	0.25 	0.91 	57.844055 	-0.9708805 	-18.259206
-0.35315315 	0.25 	0.91 	57.860954 	-0.9779612 	-18.261903
-0.35435435 	0.25 	0.91 	57.877861 	-0.98496786 	-18.264871
-0.35555556 	0.25 	0.91 	57.894843 	-0.99128907 	-18.270341
-0.35675676 	0.25 	0.91 	57.911824 	-0.99761029 	-18.27581
-0.35795796 	0.25 	0.91 	57.928806 	-1.0039315 	-18.281279
-0.35915916 	0.25 	0.91 	57.945788 	-1.0102527 	-18.286749
-0.36036036 	0.25 	0.91 	57.96277 	-1.0165739 	-18.292218
-0.36156156 	0.25 	0.91 	57.979752 	-1.0228952 	-18.297687
-0.36276276 	0.25 	0.91 	57.996734 	-1.0292164 	-18.303157
-0.36396396 	0.25 	0.91 	58.013715 	-1.0355376 	-18.308626
-0.36516517 	0.25 	0.91 	58.030621 	-1.0417375 	-18.313639
-0.36636637 	0.25 	0.91 	58.047305 	-1.0475879 	-18.317337
-0.36756757 	0.25 	0.91 	58.06399 	-1.0534382 	-18.321035
-0.36876877 	0.25 	0.91 	58.080675 	-1.0592886 	-18.324733
-0.36996997 	0.25 	0.91 	58.09736 	-1.065139 	-18.32843
-0.37117117 	0.25 	0.91 	58.114044 	-1.0709893 	-18.332128
-0.37237237 	0.25 	0.91 	58.130729 	-1.0768397 	-18.335826
-0.37357357 	0.25 	0.91 	58.147414 	-1.0826901 	-18.339524
-0.37477477 	0.25 	0.91 	58.164099 	-1.0885404 	-18.343222
-0.37597598 	0.25 	0.91 	58.180789 	-1.094661 	-18.346896
-0.37717718 	0.25 	0.91 	58.197495 	-1.101405 	-18.350516
-0.37837838 	0.25 	0.91 	58.2142 	-1.1081489 	-18.354137
-0.37957958 	0.25 	0.91 	58.230905 	-1.1148929 	-18.357757
-0.38078078 	0.25 	0.91 	58.247611 	-1.1216369 	-18.361377
-0.38198198 	0.25 	0.91 	58.26431 	-1.1284913 	-18.364901
-0.38318318 	0.25 	0.91 	58.28098 	-1.1358795 	-18.36796
-0.38438438 	0.25 	0.91 	58.29765 	-1.1432677 	-18.371019
-0.38558559 	0.25 	0.91 	58.314326 	-1.1564657 	-18.373851
-0.38678679 	0.25 	0.91 	58.331003 	-1.1703397 	-18.376656
-0.38798799 	0.25 	0.91 	58.34768 	-1.1842136 	-18.37946
-0.38918919 	0.25 	0.91 	58.364356 	-1.1980876 	-18.382265
-0.39039039 	0.25 	0.91 	58.381033 	-1.2119616 	-18.38507
-0.39159159 	0.25 	0.91 	58.39771 	-1.2258355 	-18.387875
-0.39279279 	0.25 	0.91 	58.414387 	-1.2397095 	-18.39068
-0.39399399 	0.25 	0.91 	58.431063 	-1.2535835 	-18.393484
-0.3951952 	0.25 	0.91 	58.44774 	-1.2674574 	-18.396289
-0.3963964 	0.25 	0.91 	58.463348 	-1.2717821 	-18.401016
-0.3975976 	0.25 	0.91 	58.478823 	-1.2749245 	-18.40598
-0.3987988 	0.25 	0.91 	58.494298 	-1.2780669 	-18.410945
-0.4 	0.25 	0.91 	58.509774 	-1.2812093 	-18.415909
-0.4012012 	0.25 	0.91 	58.525249 	-1.2843517 	-18.420874
-0.4024024 	0.25 	0.91 	58.540724 	-1.2874941 	-18.425838
-0.4036036 	0.25 	0.91 	58.556199 	-1.2906365 	-18.430803
-0.4048048 	0.25 	0.91 	58.571675 	-1.2937789 	-18.435767
-0.40600601 	0.25 	0.91 	58.58715 	-1.2969213 	-18.440732
-0.40720721 	0.25 	0.91 	58.60286 	-1.3032418 	-18.444296
-0.40840841 	0.25 	0.91 	58.618646 	-1.310599 	-18.447403
-0.40960961 	0.25 	0.91 	58.63448 	-1.3175589 	-18.451104
-0.41081081 	0.25 	0.91 	58.650339 	-1.3242954 	-18.455139
-0.41201201 	0.25 	0.91 	58.666199 	-1.3310319 	-18.459173
-0.41321321 	0.25 	0.91 	58.682059 	-1.3377683 	-18.463208
-0.41441441 	0.25 	0.91 	58.697919 	-1.3445048 	-18.467243
-0.41561562 	0.25 	0.91 	58.714279 	-1.3504784 	-18.47193
-0.41681682 	0.25 	0.91 	58.730824 	-1.3561716 	-18.476857
-0.41801802 	0.25 	0.91 	58.747368 	-1.3618649 	-18.481783
-0.41921922 	0.25 	0.91 	58.763913 	-1.3675581 	-18.48671
-0.42042042 	0.25 	0.91 	58.780458 	-1.3732514 	-18.491637
-0.42162162 	0.25 	0.91 	58.797002 	-1.3789446 	-18.496563
-0.42282282 	0.25 	0.91 	58.813547 	-1.3846379 	-18.50149
-0.42402402 	0.25 	0.91 	58.830091 	-1.3903311 	-18.506416
-0.42522523 	0.25 	0.91 	58.846636 	-1.3960244 	-18.511343
-0.42642643 	0.25 	0.91 	58.861999 	-1.4028638 	-18.515328
-0.42762763 	0.25 	0.91 	58.876288 	-1.4107455 	-18.518457
-0.42882883 	0.25 	0.91 	58.890577 	-1.4186272 	-18.521585
-0.43003003 	0.25 	0.91 	58.904865 	-1.426509 	-18.524714
-0.43123123 	0.25 	0.91 	58.919154 	-1.4343907 	-18.527843
-0.43243243 	0.25 	0.91 	58.933443 	-1.4422724 	-18.530972
-0.43363363 	0.25 	0.91 	58.947732 	-1.4501542 	-18.534101
-0.43483483 	0.25 	0.91 	58.962021 	-1.4580359 	-18.53723
-0.43603604 	0.25 	0.91 	58.97631 	-1.4659176 	-18.540358
-0.43723724 	0.25 	0.91 	58.990865 	-1.4731405 	-18.543678
-0.43843844 	0.25 	0.91 	59.00654 	-1.4775929 	-18.547801
-0.43963964 	0.25 	0.91 	59.022215 	-1.4820453 	-18.551923
-0.44084084 	0.25 	0.91 	59.037891 	-1.4864977 	-18.556045
-0.44204204 	0.25 	0.91 	59.053566 	-1.4909501 	-18.560168
-0.44324324 	0.25 	0.91 	59.069243 	-1.4956558 	-18.56396
-0.44444444 	0.25 	0.91 	59.084923 	-1.5008541 	-18.567112
-0.44564565 	0.25 	0.91 	59.101 	-1.5083354 	-18.570209
-0.44684685 	0.25 	0.91 	59.117449 	-1.5179527 	-18.573255
-0.44804805 	0.25 	0.91 	59.133898 	-1.52757 	-18.576301
-0.44924925 	0.25 	0.91 	59.150347 	-1.5371873 	-18.579347
-0.45045045 	0.25 	0.91 	59.166796 	-1.5468046 	-18.582393
-0.45165165 	0.25 	0.91 	59.183245 	-1.5564219 	-18.585439
-0.45285285 	0.25 	0.91 	59.199694 	-1.5660392 	-18.588485
-0.45405405 	0.25 	0.91 	59.216143 	-1.5756565 	-18.591531
-0.45525526 	0.25 	0.91 	59.232592 	-1.5852738 	-18.594577
-0.45645646 	0.25 	0.91 	59.248821 	-1.5942267 	-18.597937
-0.45765766 	0.25 	0.91 	59.263752 	-1.5992567 	-18.603152
-0.45885886 	0.25 	0.91 	59.278684 	-1.6042867 	-18.608367
-0.46006006 	0.25 	0.91 	59.293615 	-1.6093167 	-18.613582
-0.46126126 	0.25 	0.91 	59.308546 	-1.6143468 	-18.618797
-0.46246246 	0.25 	0.91 	59.323477 	-1.6193768 	-18.624012
-0.46366366 	0.25 	0.91 	59.338408 	-1.6244068 	-18.629227
-0.46486486 	0.25 	0.91 	59.353339 	-1.6294369 	-18.634442
-0.46606607 	0.25 	0.91 	59.36827 	-1.6344669 	-18.639657
-0.46726727 	0.25 	0.91 	59.383202 	-1.6394969 	-18.644872
-0.46846847 	0.25 	0.91 	59.398851 	-1.6460991 	-18.648867
-0.46966967 	0.25 	0.91 	59.414872 	-1.6535141 	-18.652231
-0.47087087 	0.25 	0.91 	59.430805 	-1.6602072 	-18.656373
-0.47207207 	0.25 	0.91 	59.446731 	-1.6668455 	-18.660575
-0.47327327 	0.25 	0.91 	59.462656 	-1.6734838 	-18.664777
-0.47447447 	0.25 	0.91 	59.478582 	-1.6801221 	-18.668979
-0.47567568 	0.25 	0.91 	59.494919 	-1.6858745 	-18.673616
-0.47687688 	0.25 	0.91 	59.512302 	-1.6893659 	-18.679365
-0.47807808 	0.25 	0.91 	59.529686 	-1.6928572 	-18.685113
-0.47927928 	0.25 	0.91 	59.547069 	-1.6963485 	-18.690861
-0.48048048 	0.25 	0.91 	59.564452 	-1.6998399 	-18.696609
-0.48168168 	0.25 	0.91 	59.581836 	-1.7033312 	-18.702358
-0.48288288 	0.25 	0.91 	59.599219 	-1.7068225 	-18.708106
-0.48408408 	0.25 	0.91 	59.616603 	-1.7103139 	-18.713854
-0.48528529 	0.25 	0.91 	59.633986 	-1.7138052 	-18.719603
-0.48648649 	0.25 	0.91 	59.65137 	-1.7172965 	-18.725351
-0.48768769 	0.25 	0.91 	59.666389 	-1.726362 	-18.72865
-0.48888889 	0.25 	0.91 	59.680705 	-1.7370839 	-18.731221
-0.49009009 	0.25 	0.91 	59.695022 	-1.7478058 	-18.733792
-0.49129129 	0.25 	0.91 	59.709338 	-1.7585278 	-18.736364
-0.49249249 	0.25 	0.91 	59.723654 	-1.7692497 	-18.738935
-0.49369369 	0.25 	0.91 	59.737971 	-1.7799716 	-18.741506
-0.49489489 	0.25 	0.91 	59.752287 	-1.7906935 	-18.744077
-0.4960961 	0.25 	0.91 	59.766603 	-1.8014154 	-18.746648
-0.4972973 	0.25 	0.91 	59.78092 	-1.8121373 	-18.749219
-0.4984985 	0.25 	0.91 	59.79545 	-1.8223721 	-18.751965
-0.4996997 	0.25 	0.91 	59.811567 	-1.8290057 	-18.756003
-0.5009009 	0.25 	0.91 	59.827684 	-1.8356393 	-18.76004
-0.5021021 	0.25 	0.91 	59.8438 	-1.8422729 	-18.764078
-0.5033033 	0.25 	0.91 	59.859917 	-1.8489065 	-18.768115
-0.5045045 	0.25 	0.91 	59.876099 	-1.8563094 	-18.771576
-0.50570571 	0.25 	0.91 	59.892402 	-1.8644554 	-18.774597
-0.50690691 	0.25 	0.91 	59.90949 	-1.8756188 	-18.776407
-0.50810811 	0.25 	0.91 	59.926578 	-1.8867822 	-18.778218
-0.50930931 	0.25 	0.91 	59.943665 	-1.8979456 	-18.780028
-0.51051051 	0.25 	0.91 	59.960753 	-1.909109 	-18.781839
-0.51171171 	0.25 	0.91 	59.977841 	-1.9202724 	-18.783649
-0.51291291 	0.25 	0.91 	59.994929 	-1.9314358 	-18.78546
-0.51411411 	0.25 	0.91 	60.012017 	-1.9425992 	-18.78727
-0.51531532 	0.25 	0.91 	60.029105 	-1.9537626 	-18.789081
-0.51651652 	0.25 	0.91 	60.046192 	-1.964926 	-18.790891
-0.51771772 	0.25 	0.91 	60.06264 	-1.9738134 	-18.794605
-0.51891892 	0.25 	0.91 	60.078127 	-1.9792897 	-18.80117
-0.52012012 	0.25 	0.91 	60.093614 	-1.984766 	-18.807736
-0.52132132 	0.25 	0.91 	60.109102 	-1.9902423 	-18.814302
-0.52252252 	0.25 	0.91 	60.124589 	-1.9957186 	-18.820867
-0.52372372 	0.25 	0.91 	60.140076 	-2.0011949 	-18.827433
-0.52492492 	0.25 	0.91 	60.155563 	-2.0066712 	-18.833998
-0.52612613 	0.25 	0.91 	60.171051 	-2.0121476 	-18.840564
-0.52732733 	0.25 	0.91 	60.186538 	-2.0176239 	-18.84713
-0.52852853 	0.25 	0.91 	60.202025 	-2.0231002 	-18.853695
-0.52972973 	0.25 	0.91 	60.218101 	-2.0296004 	-18.858321
-0.53093093 	0.25 	0.91 	60.234668 	-2.0369559 	-18.861327
-0.53213213 	0.25 	0.91 	60.251235 	-2.0443115 	-18.864333
-0.53333333 	0.25 	0.91 	60.267802 	-2.0516671 	-18.867339
-0.53453453 	0.25 	0.91 	60.284859 	-2.0599311 	-18.872025
-0.53573574 	0.25 	0.91 	60.303586 	-2.0712961 	-18.882446
-0.53693694 	0.25 	0.91 	60.324637 	-2.0836299 	-18.888277
-0.53813814 	0.25 	0.91 	60.345848 	-2.096031 	-18.89379
-0.53933934 	0.25 	0.91 	60.36706 	-2.108432 	-18.899303
-0.54054054 	0.25 	0.91 	60.388272 	-2.1208331 	-18.904815
-0.54174174 	0.25 	0.91 	60.409484 	-2.1332342 	-18.910328
-0.54294294 	0.25 	0.91 	60.430696 	-2.1456353 	-18.91584
-0.54414414 	0.25 	0.91 	60.451908 	-2.1580363 	-18.921353
-0.54534535 	0.25 	0.91 	60.47312 	-2.1704374 	-18.926866
-0.54654655 	0.25 	0.91 	60.494332 	-2.1828385 	-18.932378
-0.54774775 	0.25 	0.91 	60.515346 	-2.1949474 	-18.937677
-0.54894895 	0.25 	0.91 	60.529553 	-2.1969646 	-18.935602
-0.55015015 	0.25 	0.91 	60.543783 	-2.202175 	-18.934403
-0.55135135 	0.25 	0.91 	60.557035 	-2.211333 	-18.935116
-0.55255255 	0.25 	0.91 	60.568359 	-2.2202153 	-18.937333
-0.55375375 	0.25 	0.91 	60.579683 	-2.2290975 	-18.939551
-0.55495495 	0.25 	0.91 	60.591006 	-2.2379798 	-18.941768
-0.55615616 	0.25 	0.91 	60.60233 	-2.246862 	-18.943986
-0.55735736 	0.25 	0.91 	60.613654 	-2.2557443 	-18.946203
-0.55855856 	0.25 	0.91 	60.624977 	-2.2646265 	-18.948421
-0.55975976 	0.25 	0.91 	60.636301 	-2.2735087 	-18.950638
-0.56096096 	0.25 	0.91 	60.647625 	-2.282391 	-18.952856
-0.56216216 	0.25 	0.91 	60.661213 	-2.2969384 	-18.965878
-0.56336336 	0.25 	0.91 	60.675753 	-2.314513 	-18.975436
-0.56456456 	0.25 	0.91 	60.691853 	-2.3372422 	-18.976883
-0.56576577 	0.25 	0.91 	60.708396 	-2.3510881 	-18.97955
-0.56696697 	0.25 	0.91 	60.725095 	-2.3618218 	-18.982645
-0.56816817 	0.25 	0.91 	60.741794 	-2.3725554 	-18.985741
-0.56936937 	0.25 	0.91 	60.758492 	-2.3832891 	-18.988836
-0.57057057 	0.25 	0.91 	60.775191 	-2.3940227 	-18.991931
-0.57177177 	0.25 	0.91 	60.79189 	-2.4047564 	-18.995026
-0.57297297 	0.25 	0.91 	60.808589 	-2.4154901 	-18.998121
-0.57417417 	0.25 	0.91 	60.825287 	-2.4262237 	-19.001216
-0.57537538 	0.25 	0.91 	60.841808 	-2.4372677 	-19.005696
-0.57657658 	0.25 	0.91 	60.857975 	-2.4463712 	-19.013467
-0.57777778 	0.25 	0.91 	60.875168 	-2.4457173 	-19.014919
-0.57897898 	0.25 	0.91 	60.892253 	-2.4486804 	-19.018084
-0.58018018 	0.25 	0.91 	60.909324 	-2.4538453 	-19.021726
-0.58138138 	0.25 	0.91 	60.927035 	-2.4634187 	-19.018708
-0.58258258 	0.25 	0.91 	60.943903 	-2.4756229 	-19.021657
-0.58378378 	0.25 	0.91 	60.960771 	-2.4878271 	-19.024607
-0.58498498 	0.25 	0.91 	60.97764 	-2.5000313 	-19.027556
-0.58618619 	0.25 	0.91 	60.994508 	-2.5122355 	-19.030506
-0.58738739 	0.25 	0.91 	61.011377 	-2.5244397 	-19.033455
-0.58858859 	0.25 	0.91 	61.028245 	-2.5366439 	-19.036405
-0.58978979 	0.25 	0.91 	61.045114 	-2.5488481 	-19.039354
-0.59099099 	0.25 	0.91 	61.061982 	-2.5610523 	-19.042303
-0.59219219 	0.25 	0.91 	61.078866 	-2.5745268 	-19.047277
-0.59339339 	0.25 	0.91 	61.095761 	-2.5890736 	-19.053959
-0.59459459 	0.25 	0.91 	61.112327 	-2.6148397 	-19.054592
-0.5957958 	0.25 	0.91 	61.129236 	-2.6361849 	-19.055604
-0.596997 	0.25 	0.91 	61.146762 	-2.6490278 	-19.057761
-0.5981982 	0.25 	0.91 	61.164289 	-2.6618708 	-19.059918
-0.5993994 	0.25 	0.91 	61.181815 	-2.6747137 	-19.062076
-0.6006006 	0.25 	0.91 	61.199341 	-2.6875566 	-19.064233
-0.6018018 	0.25 	0.91 	61.216867 	-2.7003995 	-19.06639
-0.603003 	0.25 	0.91 	61.234394 	-2.7132424 	-19.068547
-0.6042042 	0.25 	0.91 	61.25192 	-2.7260853 	-19.070705
-0.60540541 	0.25 	0.91 	61.269446 	-2.7389282 	-19.072862
-0.60660661 	0.25 	0.91 	61.287385 	-2.7509973 	-19.075873
-0.60780781 	0.25 	0.91 	61.305409 	-2.7520074 	-19.077494
-0.60900901 	0.25 	0.91 	61.323325 	-2.7527342 	-19.079349
-0.61021021 	0.25 	0.91 	61.341005 	-2.7576569 	-19.082704
-0.61141141 	0.25 	0.91 	61.358375 	-2.7643565 	-19.081671
-0.61261261 	0.25 	0.91 	61.376468 	-2.7756169 	-19.082545
-0.61381381 	0.25 	0.91 	61.394649 	-2.7872475 	-19.083818
-0.61501502 	0.25 	0.91 	61.41283 	-2.7988781 	-19.085092
-0.61621622 	0.25 	0.91 	61.431011 	-2.8105086 	-19.086366
-0.61741742 	0.25 	0.91 	61.449192 	-2.8221392 	-19.087639
-0.61861862 	0.25 	0.91 	61.467373 	-2.8337697 	-19.088913
-0.61981982 	0.25 	0.91 	61.485554 	-2.8454003 	-19.090186
-0.62102102 	0.25 	0.91 	61.503735 	-2.8570309 	-19.09146
-0.62222222 	0.25 	0.91 	61.521946 	-2.8685798 	-19.092791
-0.62342342 	0.25 	0.91 	61.540299 	-2.8797495 	-19.094389
-0.62462462 	0.25 	0.91 	61.558564 	-2.8942039 	-19.095153
-0.62582583 	0.25 	0.91 	61.576766 	-2.9110321 	-19.095316
-0.62702703 	0.25 	0.91 	61.595271 	-2.9256144 	-19.095848
-0.62822823 	0.25 	0.91 	61.613781 	-2.9401586 	-19.096387
-0.62942943 	0.25 	0.91 	61.632292 	-2.9547028 	-19.096926
-0.63063063 	0.25 	0.91 	61.650802 	-2.9692469 	-19.097466
-0.63183183 	0.25 	0.91 	61.669312 	-2.9837911 	-19.098005
-0.63303303 	0.25 	0.91 	61.687823 	-2.9983353 	-19.098544
-0.63423423 	0.25 	0.91 	61.706333 	-3.0128795 	-19.099083
-0.63543544 	0.25 	0.91 	61.724843 	-3.0274237 	-19.099622
-0.63663664 	0.25 	0.91 	61.743374 	-3.0418626 	-19.10008
-0.63783784 	0.25 	0.91 	61.76205 	-3.0551235 	-19.099289
-0.63903904 	0.25 	0.91 	61.780633 	-3.0684084 	-19.098147
-0.64024024 	0.25 	0.91 	61.798827 	-3.0812366 	-19.100313
-0.64144144 	0.25 	0.91 	61.817142 	-3.0942863 	-19.10205
-0.64264264 	0.25 	0.91 	61.835947 	-3.1085826 	-19.102044
-0.64384384 	0.25 	0.91 	61.854788 	-3.1230905 	-19.102115
-0.64504505 	0.25 	0.91 	61.873629 	-3.1375984 	-19.102187
-0.64624625 	0.25 	0.91 	61.89247 	-3.1521062 	-19.102258
-0.64744745 	0.25 	0.91 	61.911311 	-3.1666141 	-19.102329
-0.64864865 	0.25 	0.91 	61.930153 	-3.181122 	-19.102401
-0.64984985 	0.25 	0.91 	61.948994 	-3.1956298 	-19.102472
-0.65105105 	0.25 	0.91 	61.967835 	-3.2101377 	-19.102543
-0.65225225 	0.25 	0.91 	61.986676 	-3.2246456 	-19.102615
-0.65345345 	0.25 	0.91 	62.005863 	-3.2359701 	-19.103277
-0.65465465 	0.25 	0.91 	62.024989 	-3.2477591 	-19.103676
-0.65585586 	0.25 	0.91 	62.043493 	-3.2648726 	-19.102371
-0.65705706 	0.25 	0.91 	62.062655 	-3.2804772 	-19.10152
-0.65825826 	0.25 	0.91 	62.082244 	-3.2951006 	-19.100963
-0.65945946 	0.25 	0.91 	62.101833 	-3.3097241 	-19.100406
-0.66066066 	0.25 	0.91 	62.121423 	-3.3243476 	-19.09985
-0.66186186 	0.25 	0.91 	62.141012 	-3.3389711 	-19.099293
-0.66306306 	0.25 	0.91 	62.160601 	-3.3535945 	-19.098736
-0.66426426 	0.25 	0.91 	62.18019 	-3.368218 	-19.098179
-0.66546547 	0.25 	0.91 	62.19978 	-3.3828415 	-19.097623
-0.66666667 	0.25 	0.91 	62.219369 	-3.3974649 	-19.097066
-0.66786787 	0.25 	0.91 	62.239009 	-3.4117807 	-19.096052
-0.66906907 	0.25 	0.91 	62.259122 	-3.4258206 	-19.094252
-0.67027027 	0.25 	0.91 	62.279224 	-3.4391304 	-19.093614
-0.67147147 	0.25 	0.91 	62.299317 	-3.45174 	-19.09409
-0.67267267 	0.25 	0.91 	62.319929 	-3.4658864 	-19.092408
-0.67387387 	0.25 	0.91 	62.340665 	-3.4805119 	-19.09074
-0.67507508 	0.25 	0.91 	62.361401 	-3.4951375 	-19.089072
-0.67627628 	0.25 	0.91 	62.382137 	-3.5097631 	-19.087404
-0.67747748 	0.25 	0.91 	62.402874 	-3.5243887 	-19.085736
-0.67867868 	0.25 	0.91 	62.42361 	-3.5390143 	-19.084069
-0.67987988 	0.25 	0.91 	62.444346 	-3.5536399 	-19.082401
-0.68108108 	0.25 	0.91 	62.465082 	-3.5682655 	-19.080733
-0.68228228 	0.25 	0.91 	62.485818 	-3.5828911 	-19.079065
-0.68348348 	0.25 	0.91 	62.506808 	-3.5957294 	-19.077687
-0.68468468 	0.25 	0.91 	62.528115 	-3.6063463 	-19.076668
-0.68588589 	0.25 	0.91 	62.548919 	-3.6227206 	-19.075593
-0.68708709 	0.25 	0.91 	62.569592 	-3.6403584 	-19.074069
-0.68828829 	0.25 	0.91 	62.590184 	-3.6577568 	-19.070548
-0.68948949 	0.25 	0.91 	62.610777 	-3.6751553 	-19.067027
-0.69069069 	0.25 	0.91 	62.63137 	-3.6925537 	-19.063506
-0.69189189 	0.25 	0.91 	62.651962 	-3.7099521 	-19.059985
-0.69309309 	0.25 	0.91 	62.672528 	-3.7265907 	-19.058688
-0.69429429 	0.25 	0.91 	62.692753 	-3.7439259 	-19.061053
-0.6954955 	0.25 	0.91 	62.712978 	-3.7612611 	-19.063418
-0.6966967 	0.25 	0.91 	62.733204 	-3.7785963 	-19.065783
-0.6978979 	0.25 	0.91 	62.753429 	-3.7959315 	-19.068149
-0.6990991 	0.25 	0.91 	62.773614 	-3.8131016 	-19.066534
-0.7003003 	0.25 	0.91 	62.79403 	-3.8295183 	-19.06386
-0.7015015 	0.25 	0.91 	62.816264 	-3.840689 	-19.063068
-0.7027027 	0.25 	0.91 	62.838313 	-3.8535664 	-19.060029
-0.7039039 	0.25 	0.91 	62.86016 	-3.8682919 	-19.054557
-0.70510511 	0.25 	0.91 	62.882008 	-3.8830175 	-19.049085
-0.70630631 	0.25 	0.91 	62.903855 	-3.8977431 	-19.043612
-0.70750751 	0.25 	0.91 	62.925703 	-3.9124687 	-19.03814
-0.70870871 	0.25 	0.91 	62.946589 	-3.9301634 	-19.038324
-0.70990991 	0.25 	0.91 	62.967275 	-3.9484772 	-19.039687
-0.71111111 	0.25 	0.91 	62.98796 	-3.966791 	-19.041051
-0.71231231 	0.25 	0.91 	63.008646 	-3.9851048 	-19.042414
-0.71351351 	0.25 	0.91 	63.030269 	-4.0031111 	-19.042904
-0.71471471 	0.25 	0.91 	63.058278 	-4.0223572 	-19.039583
-0.71591592 	0.25 	0.91 	63.079457 	-4.0392328 	-19.039239
-0.71711712 	0.25 	0.91 	63.091429 	-4.0529134 	-19.042906
-0.71831832 	0.25 	0.91 	63.111109 	-4.0659655 	-19.040801
-0.71951952 	0.25 	0.91 	63.133361 	-4.0787916 	-19.036896
-0.72072072 	0.25 	0.91 	63.155612 	-4.0916176 	-19.032991
-0.72192192 	0.25 	0.91 	63.179766 	-4.1008734 	-19.025403
-0.72312312 	0.25 	0.91 	63.204518 	-4.1093479 	-19.016839
-0.72432432 	0.25 	0.91 	63.228605 	-4.1229371 	-19.011657
-0.72552553 	0.25 	0.91 	63.252318 	-4.136796 	-19.006674
-0.72672673 	0.25 	0.91 	63.27551 	-4.1510317 	-19.001971
-0.72792793 	0.25 	0.91 	63.298703 	-4.1652673 	-18.997267
-0.72912913 	0.25 	0.91 	63.321358 	-4.1802566 	-18.992835
-0.73033033 	0.25 	0.91 	63.343088 	-4.1965527 	-18.988794
-0.73153153 	0.25 	0.91 	63.366027 	-4.2087565 	-18.985416
-0.73273273 	0.25 	0.91 	63.389361 	-4.2198755 	-18.982159
-0.73393393 	0.25 	0.91 	63.412458 	-4.2340996 	-18.97754
-0.73513514 	0.25 	0.91 	63.435554 	-4.2483238 	-18.972922
-0.73633634 	0.25 	0.91 	63.458651 	-4.2625479 	-18.968303
-0.73753754 	0.25 	0.91 	63.481121 	-4.2771924 	-18.963117
-0.73873874 	0.25 	0.91 	63.504062 	-4.2919982 	-18.957823
-0.73993994 	0.25 	0.91 	63.527771 	-4.3070509 	-18.952372
-0.74114114 	0.25 	0.91 	63.551113 	-4.3212752 	-18.947101
-0.74234234 	0.25 	0.91 	63.574365 	-4.3352967 	-18.941875
-0.74354354 	0.25 	0.91 	63.597617 	-4.3493182 	-18.936649
-0.74474474 	0.25 	0.91 	63.620378 	-4.3639762 	-18.931139
-0.74594595 	0.25 	0.91 	63.642882 	-4.3789349 	-18.925244
-0.74714715 	0.25 	0.91 	63.666307 	-4.389725 	-18.920379
-0.74834835 	0.25 	0.91 	63.689921 	-4.4017292 	-18.915222
-0.74954955 	0.25 	0.91 	63.713808 	-4.4149259 	-18.909459
-0.75075075 	0.25 	0.91 	63.737695 	-4.4281227 	-18.903695
-0.75195195 	0.25 	0.91 	63.761531 	-4.440661 	-18.898027
-0.75315315 	0.25 	0.91 	63.785154 	-4.4504253 	-18.892758
-0.75435435 	0.25 	0.91 	63.809361 	-4.463713 	-18.886532
-0.75555556 	0.25 	0.91 	63.833869 	-4.4782897 	-18.879924
-0.75675676 	0.25 	0.91 	63.858504 	-4.4913719 	-18.873588
-0.75795796 	0.25 	0.91 	63.883139 	-4.5044542 	-18.867251
-0.75915916 	0.25 	0.91 	63.907774 	-4.5175364 	-18.860914
-0.76036036 	0.25 	0.91 	63.932137 	-4.5302471 	-18.853929
-0.76156156 	0.25 	0.91 	63.956631 	-4.5426083 	-18.84732
-0.76276276 	0.25 	0.91 	63.98134 	-4.5543936 	-18.842227
-0.76396396 	0.25 	0.91 	64.006252 	-4.5672685 	-18.835824
-0.76516517 	0.25 	0.91 	64.031286 	-4.5803867 	-18.828927
-0.76636637 	0.25 	0.91 	64.056319 	-4.5935049 	-18.82203
-0.76756757 	0.25 	0.91 	64.08112 	-4.6054034 	-18.81547
-0.76876877 	0.25 	0.91 	64.105617 	-4.6157029 	-18.809352
-0.76996997 	0.25 	0.91 	64.130812 	-4.6297619 	-18.801017
-0.77117117 	0.25 	0.91 	64.156183 	-4.6431187 	-18.792831
-0.77237237 	0.25 	0.91 	64.181689 	-4.6558413 	-18.7848
-0.77357357 	0.25 	0.91 	64.207195 	-4.6685639 	-18.776769
-0.77477477 	0.25 	0.91 	64.232586 	-4.6811256 	-18.769017
-0.77597598 	0.25 	0.91 	64.257798 	-4.6930994 	-18.759949
-0.77717718 	0.25 	0.91 	64.283183 	-4.7041029 	-18.752791
-0.77837838 	0.25 	0.91 	64.308743 	-4.7148971 	-18.746468
-0.77957958 	0.25 	0.91 	64.334964 	-4.7275235 	-18.737618
-0.78078078 	0.25 	0.91 	64.361198 	-4.7401699 	-18.728712
-0.78198198 	0.25 	0.91 	64.387432 	-4.7528163 	-18.719807
-0.78318318 	0.25 	0.91 	64.413515 	-4.7637274 	-18.711774
-0.78438438 	0.25 	0.91 	64.43975 	-4.774641 	-18.703541
-0.78558559 	0.25 	0.91 	64.466559 	-4.7876293 	-18.693755
-0.78678679 	0.25 	0.91 	64.493527 	-4.8002974 	-18.683394
-0.78798799 	0.25 	0.91 	64.520515 	-4.8129239 	-18.672957
-0.78918919 	0.25 	0.91 	64.547504 	-4.8255505 	-18.662521
-0.79039039 	0.25 	0.91 	64.574292 	-4.8379774 	-18.652049
-0.79159159 	0.25 	0.91 	64.600994 	-4.8505253 	-18.639922
-0.79279279 	0.25 	0.91 	64.627995 	-4.8606015 	-18.632479
-0.79399399 	0.25 	0.91 	64.655037 	-4.8718275 	-18.623253
-0.7951952 	0.25 	0.91 	64.682284 	-4.8845064 	-18.611139
-0.7963964 	0.25 	0.91 	64.70953 	-4.8971852 	-18.599025
-0.7975976 	0.25 	0.91 	64.736777 	-4.9098641 	-18.586911
-0.7987988 	0.25 	0.91 	64.763352 	-4.9200985 	-18.576026
-0.8 	0.25 	0.91 	64.79047 	-4.9316973 	-18.564508
-0.8012012 	0.25 	0.91 	64.817983 	-4.944411 	-18.552063
-0.8024024 	0.25 	0.91 	64.845387 	-4.9573052 	-18.53775
-0.8036036 	0.25 	0.91 	64.872791 	-4.9701995 	-18.523437
-0.8048048 	0.25 	0.91 	64.900194 	-4.9830937 	-18.509124
-0.80600601 	0.25 	0.91 	64.927246 	-4.9960498 	-18.493677
-0.80720721 	0.25 	0.91 	64.954385 	-5.0085026 	-18.478389
-0.80840841 	0.25 	0.91 	64.982111 	-5.0181474 	-18.469479
-0.80960961 	0.25 	0.91 	65.009826 	-5.030582 	-18.454996
-0.81081081 	0.25 	0.91 	65.037601 	-5.0438335 	-18.438493
-0.81201201 	0.25 	0.91 	65.065376 	-5.057085 	-18.42199
-0.81321321 	0.25 	0.91 	65.093005 	-5.0696662 	-18.405839
-0.81441441 	0.25 	0.91 	65.120257 	-5.0805287 	-18.390592
-0.81561562 	0.25 	0.91 	65.148778 	-5.0926749 	-18.375253
-0.81681682 	0.25 	0.91 	65.177216 	-5.1054119 	-18.358179
-0.81801802 	0.25 	0.91 	65.205344 	-5.1186213 	-18.339102
-0.81921922 	0.25 	0.91 	65.233472 	-5.1318307 	-18.320026
-0.82042042 	0.25 	0.91 	65.261578 	-5.1449136 	-18.301467
-0.82162162 	0.25 	0.91 	65.289047 	-5.158673 	-18.27884
-0.82282282 	0.25 	0.91 	65.317288 	-5.1702038 	-18.26166
-0.82402402 	0.25 	0.91 	65.346202 	-5.17991 	-18.249214
-0.82522523 	0.25 	0.91 	65.374442 	-5.1930911 	-18.228082
-0.82642643 	0.25 	0.91 	65.402691 	-5.206352 	-18.206541
-0.82762763 	0.25 	0.91 	65.430941 	-5.2196129 	-18.185
-0.82882883 	0.25 	0.91 	65.458745 	-5.2318746 	-18.164269
-0.83003003 	0.25 	0.91 	65.486542 	-5.24349 	-18.144067
-0.83123123 	0.25 	0.91 	65.515839 	-5.2552549 	-18.123767
-0.83243243 	0.25 	0.91 	65.544374 	-5.2677498 	-18.100678
-0.83363363 	0.25 	0.91 	65.572622 	-5.2805201 	-18.076536
-0.83483483 	0.25 	0.91 	65.600871 	-5.2932903 	-18.052394
-0.83603604 	0.25 	0.91 	65.62882 	-5.3061457 	-18.027657
-0.83723724 	0.25 	0.91 	65.655985 	-5.319578 	-17.999121
-0.83843844 	0.25 	0.91 	65.684964 	-5.3297008 	-17.980456
-0.83963964 	0.25 	0.91 	65.713952 	-5.3400598 	-17.961113
-0.84084084 	0.25 	0.91 	65.742254 	-5.3524583 	-17.934838
-0.84204204 	0.25 	0.91 	65.770556 	-5.3648569 	-17.908563
-0.84324324 	0.25 	0.91 	65.798858 	-5.3772554 	-17.882287
-0.84444444 	0.25 	0.91 	65.826609 	-5.3886255 	-17.857813
-0.84564565 	0.25 	0.91 	65.855071 	-5.3998257 	-17.83279
-0.84684685 	0.25 	0.91 	65.884448 	-5.4109327 	-17.806914
-0.84804805 	0.25 	0.91 	65.91305 	-5.4224177 	-17.77871
-0.84924925 	0.25 	0.91 	65.941641 	-5.4339087 	-17.750468
-0.85045045 	0.25 	0.91 	65.970231 	-5.4453998 	-17.722227
-0.85165165 	0.25 	0.91 	65.998206 	-5.4568656 	-17.692056
-0.85285285 	0.25 	0.91 	66.026054 	-5.4681239 	-17.660973
-0.85405405 	0.25 	0.91 	66.056008 	-5.4772639 	-17.63975
-0.85525526 	0.25 	0.91 	66.085129 	-5.4872215 	-17.613747
-0.85645646 	0.25 	0.91 	66.113839 	-5.4977493 	-17.584181
-0.85765766 	0.25 	0.91 	66.142549 	-5.5082771 	-17.554615
-0.85885886 	0.25 	0.91 	66.171115 	-5.5183961 	-17.525701
-0.86006006 	0.25 	0.91 	66.199226 	-5.5272109 	-17.498868
-0.86126126 	0.25 	0.91 	66.228279 	-5.5366184 	-17.469454
-0.86246246 	0.25 	0.91 	66.257388 	-5.5461046 	-17.438972
-0.86366366 	0.25 	0.91 	66.285667 	-5.5552036 	-17.407929
-0.86486486 	0.25 	0.91 	66.313947 	-5.5643027 	-17.376885
-0.86606607 	0.25 	0.91 	66.342189 	-5.5733934 	-17.345936
-0.86726727 	0.25 	0.91 	66.36917 	-5.5818306 	-17.311954
-0.86846847 	0.25 	0.91 	66.397029 	-5.5898428 	-17.280892
-0.86966967 	0.25 	0.91 	66.426409 	-5.5972812 	-17.255224
-0.87087087 	0.25 	0.91 	66.454457 	-5.6059229 	-17.22374
-0.87207207 	0.25 	0.91 	66.482406 	-5.6147143 	-17.191182
-0.87327327 	0.25 	0.91 	66.510355 	-5.6235057 	-17.158624
-0.87447447 	0.25 	0.91 	66.538179 	-5.6313677 	-17.127346
-0.87567568 	0.25 	0.91 	66.565948 	-5.6384931 	-17.097043
-0.87687688 	0.25 	0.91 	66.595439 	-5.6476823 	-17.062587
-0.87807808 	0.25 	0.91 	66.624273 	-5.656119 	-17.028521
-0.87927928 	0.25 	0.91 	66.652511 	-5.663872 	-16.994812
-0.88048048 	0.25 	0.91 	66.680748 	-5.6716251 	-16.961102
-0.88168168 	0.25 	0.91 	66.708814 	-5.6792394 	-16.927157
-0.88288288 	0.25 	0.91 	66.736072 	-5.6858035 	-16.890824
-0.88408408 	0.25 	0.91 	66.765996 	-5.6920388 	-16.858631
-0.88528529 	0.25 	0.91 	66.796814 	-5.6982661 	-16.828207
-0.88648649 	0.25 	0.91 	66.825466 	-5.7046737 	-16.794944
-0.88768769 	0.25 	0.91 	66.854116 	-5.7110761 	-16.761663
-0.88888889 	0.25 	0.91 	66.882765 	-5.7174785 	-16.728383
-0.89009009 	0.25 	0.91 	66.911113 	-5.7212907 	-16.697477
-0.89129129 	0.25 	0.91 	66.940149 	-5.7261181 	-16.664888
-0.89249249 	0.25 	0.91 	66.970814 	-5.7344953 	-16.627437
-0.89369369 	0.25 	0.91 	66.999668 	-5.7383144 	-16.594002
-0.89489489 	0.25 	0.91 	67.028204 	-5.7413359 	-16.56127
-0.8960961 	0.25 	0.91 	67.056741 	-5.7443575 	-16.528538
-0.8972973 	0.25 	0.91 	67.084227 	-5.7462912 	-16.49587
-0.8984985 	0.25 	0.91 	67.110134 	-5.7457677 	-16.462435
-0.8996997 	0.25 	0.91 	67.139777 	-5.7484645 	-16.425252
-0.9009009 	0.25 	0.91 	67.168579 	-5.7498299 	-16.39098
-0.9021021 	0.25 	0.91 	67.196661 	-5.7484799 	-16.35896
-0.9033033 	0.25 	0.91 	67.224742 	-5.7471298 	-16.32694
-0.9045045 	0.25 	0.91 	67.252771 	-5.745626 	-16.295097
-0.90570571 	0.25 	0.91 	67.279461 	-5.7402441 	-16.267723
-0.90690691 	0.25 	0.91 	67.305849 	-5.7415506 	-16.229099
-0.90810811 	0.25 	0.91 	67.332819 	-5.7455484 	-16.185857
-0.90930931 	0.25 	0.91 	67.363447 	-5.7418032 	-16.15522
-0.91051051 	0.25 	0.91 	67.394075 	-5.7380581 	-16.124583
-0.91171171 	0.25 	0.91 	67.424703 	-5.7343129 	-16.093946
-0.91291291 	0.25 	0.91 	67.456139 	-5.7283925 	-16.067633
-0.91411411 	0.25 	0.91 	67.486428 	-5.7226989 	-16.036865
-0.91531532 	0.25 	0.91 	67.510918 	-5.7262183 	-15.986967
-0.91651652 	0.25 	0.91 	67.543354 	-5.7197809 	-15.954545
-0.91771772 	0.25 	0.91 	67.578231 	-5.7090253 	-15.926488
-0.91891892 	0.25 	0.91 	67.613108 	-5.6982697 	-15.89843
-0.92012012 	0.25 	0.91 	67.64839 	-5.6845413 	-15.874916
-0.92132132 	0.25 	0.91 	67.68439 	-5.6655389 	-15.859463
-0.92252252 	0.25 	0.91 	67.706906 	-5.6580629 	-15.809359
-0.92372372 	0.25 	0.91 	67.7348 	-5.6476613 	-15.7671
-0.92492492 	0.25 	0.91 	67.773444 	-5.6306153 	-15.743369
-0.92612613 	0.25 	0.91 	67.812088 	-5.6135692 	-15.719638
-0.92732733 	0.25 	0.91 	67.850869 	-5.5973352 	-15.696528
-0.92852853 	0.25 	0.91 	67.900865 	-5.5740022 	-15.689782
-0.92972973 	0.25 	0.91 	67.92985 	-5.5583019 	-15.658008
-0.93093093 	0.25 	0.91 	67.940113 	-5.5494373 	-15.603898
-0.93213213 	0.25 	0.91 	67.983786 	-5.5288826 	-15.583762
-0.93333333 	0.25 	0.91 	68.027718 	-5.5074665 	-15.563688
-0.93453453 	0.25 	0.91 	68.07165 	-5.4860504 	-15.543613
-0.93573574 	0.25 	0.91 	68.123902 	-5.461387 	-15.537758
-0.93693694 	0.25 	0.91 	68.172912 	-5.4357387 	-15.529467
-0.93813814 	0.25 	0.91 	68.185439 	-5.4131897 	-15.474186
-0.93933934 	0.25 	0.91 	68.22142 	-5.3871172 	-15.44348
-0.94054054 	0.25 	0.91 	68.268295 	-5.359408 	-15.424188
-0.94174174 	0.25 	0.91 	68.315169 	-5.3316988 	-15.404897
-0.94294294 	0.25 	0.91 	68.368996 	-5.3037807 	-15.391239
-0.94414414 	0.25 	0.91 	68.441582 	-5.2724714 	-15.392397
-0.94534535 	0.25 	0.91 	68.456003 	-5.2408024 	-15.354307
-0.94654655 	0.25 	0.91 	68.473585 	-5.2097075 	-15.317258
-0.94774775 	0.25 	0.91 	68.519784 	-5.1801178 	-15.296659
-0.94894895 	0.25 	0.91 	68.565983 	-5.1505281 	-15.27606
-0.95015015 	0.25 	0.91 	68.612182 	-5.1209384 	-15.255461
-0.95135135 	0.25 	0.91 	68.683841 	-5.0941854 	-15.261523
-0.95255255 	0.25 	0.91 	68.728427 	-5.0628328 	-15.245093
-0.95375375 	0.25 	0.91 	68.736769 	-5.0254819 	-15.197963
-0.95495495 	0.25 	0.91 	68.781751 	-4.9977274 	-15.174181
-0.95615616 	0.25 	0.91 	68.827335 	-4.9701307 	-15.150783
-0.95735736 	0.25 	0.91 	68.872919 	-4.9425341 	-15.127385
-0.95855856 	0.25 	0.91 	68.93516 	-4.9163401 	-15.11132
-0.95975976 	0.25 	0.91 	69.004778 	-4.8912491 	-15.097408
-0.96096096 	0.25 	0.91 	69.016924 	-4.844338 	-15.068123
-0.96216216 	0.25 	0.91 	69.050098 	-4.810005 	-15.037455
-0.96336336 	0.25 	0.91 	69.090013 	-4.7833567 	-15.002819
-0.96456456 	0.25 	0.91 	69.129928 	-4.7567084 	-14.968183
-0.96576577 	0.25 	0.91 	69.171779 	-4.7305453 	-14.935314
-0.96696697 	0.25 	0.91 	69.237198 	-4.7102872 	-14.923963
-0.96816817 	0.25 	0.91 	69.266341 	-4.6705733 	-14.886531
-0.96936937 	0.25 	0.91 	69.287276 	-4.6313303 	-14.839153
-0.97057057 	0.25 	0.91 	69.319096 	-4.60808 	-14.791168
-0.97177177 	0.25 	0.91 	69.350915 	-4.5848297 	-14.743184
-0.97297297 	0.25 	0.91 	69.382781 	-4.5615344 	-14.695304
-0.97417417 	0.25 	0.91 	69.430398 	-4.556156 	-14.641404
-0.97537538 	0.25 	0.91 	69.474737 	-4.5358732 	-14.599222
-0.97657658 	0.25 	0.91 	69.511907 	-4.4858626 	-14.580001
-0.97777778 	0.25 	0.91 	69.54669 	-4.4564133 	-14.536677
-0.97897898 	0.25 	0.91 	69.58033 	-4.4356568 	-14.48297
-0.98018018 	0.25 	0.91 	69.613969 	-4.4149004 	-14.429262
-0.98138138 	0.25 	0.91 	69.651053 	-4.3996235 	-14.383278
-0.98258258 	0.25 	0.91 	69.690587 	-4.3882423 	-14.342784
-0.98378378 	0.25 	0.91 	69.722323 	-4.3435719 	-14.294749
-0.98498498 	0.25 	0.91 	69.755893 	-4.3112701 	-14.240348
-0.98618619 	0.25 	0.91 	69.790799 	-4.2879869 	-14.181308
-0.98738739 	0.25 	0.91 	69.825706 	-4.2647036 	-14.122267
-0.98858859 	0.25 	0.91 	69.861753 	-4.2408897 	-14.064973
-0.98978979 	0.25 	0.91 	69.894665 	-4.2270057 	-13.996294
-0.99099099 	0.25 	0.91 	69.925554 	-4.1949723 	-13.948565
-0.99219219 	0.25 	0.91 	69.961457 	-4.1709389 	-13.89152
-0.99339339 	0.25 	0.91 	69.999395 	-4.1479472 	-13.825723
-0.99459459 	0.25 	0.91 	70.037335 	-4.1249507 	-13.759921
-0.9957958 	0.25 	0.91 	70.075275 	-4.1019542 	-13.69412
-0.996997 	0.25 	0.91 	70.113215 	-4.0789577 	-13.628318
-0.9981982 	0.25 	0.91 	70.150427 	-4.0503192 	-13.55821
-0.9993994 	0.25 	0.91 	70.178371 	-3.9999218 	-13.473027
-1.0006006 	0.25 	0.91 	70.210872 	-3.9507183 	-13.387904
-1.0018018 	0.25 	0.91 	70.243373 	-3.9015148 	-13.30278
-1.003003 	0.25 	0.91 	70.276765 	-3.8525446 	-13.217669
-1.0042042 	0.25 	0.91 	70.316505 	-3.8059471 	-13.135409
-1.0054054 	0.25 	0.91 	70.359435 	-3.7729677 	-13.058796
-1.0066066 	0.25 	0.91 	70.403542 	-3.7442971 	-12.981249
-1.0078078 	0.25 	0.91 	70.439536 	-3.7411498 	-12.943141
-1.009009 	0.25 	0.91 	70.477036 	-3.7152871 	-12.890662
-1.0102102 	0.25 	0.91 	70.557189 	-3.6753077 	-12.809064
-1.0114114 	0.25 	0.91 	70.637342 	-3.6353284 	-12.727465
-1.0126126 	0.25 	0.91 	70.703518 	-3.5625354 	-12.648772
-1.0138138 	0.25 	0.91 	70.748564 	-3.5002724 	-12.571739
-1.015015 	0.25 	0.91 	70.738814 	-3.4808926 	-12.498309
-1.0162162 	0.25 	0.91 	70.798791 	-3.4316329 	-12.421321
-1.0174174 	0.25 	0.91 	70.867263 	-3.3787327 	-12.3439
-1.0186186 	0.25 	0.91 	70.935735 	-3.3258325 	-12.266478
-1.0198198 	0.25 	0.91 	70.996678 	-3.2736985 	-12.185827
-1.021021 	0.25 	0.91 	71.065966 	-3.2124645 	-12.098805
-1.0222222 	0.25 	0.91 	71.109989 	-3.1661102 	-12.019279
-1.0234234 	0.25 	0.91 	71.177453 	-3.1112841 	-11.935092
-1.0246246 	0.25 	0.91 	71.257513 	-3.0645483 	-11.853324
-1.0258258 	0.25 	0.91 	71.339037 	-3.0196832 	-11.771402
-1.027027 	0.25 	0.91 	71.42056 	-2.9748181 	-11.689481
-1.0282282 	0.25 	0.91 	71.386769 	-2.9102208 	-11.617306
-1.0294294 	0.25 	0.91 	71.509722 	-2.8706769 	-11.522944
-1.0306306 	0.25 	0.91 	71.652593 	-2.8331996 	-11.42809
-1.0318318 	0.25 	0.91 	71.711677 	-2.7784979 	-11.350284
-1.033033 	0.25 	0.91 	71.760459 	-2.7216784 	-11.274574
-1.0342342 	0.25 	0.91 	71.817248 	-2.655602 	-11.201285
-1.0354354 	0.25 	0.91 	71.765878 	-2.5677091 	-11.153916
-1.0366366 	0.25 	0.91 	71.821132 	-2.5086673 	-11.075397
-1.0378378 	0.25 	0.91 	71.986449 	-2.4794072 	-10.964721
-1.039039 	0.25 	0.91 	72.051743 	-2.4157724 	-10.885603
-1.0402402 	0.25 	0.91 	72.137458 	-2.3440018 	-10.802821
-1.0414414 	0.25 	0.91 	72.22005 	-2.2637672 	-10.722067
-1.0426426 	0.25 	0.91 	72.208771 	-2.150532 	-10.669234
-1.0438438 	0.25 	0.91 	72.276144 	-2.0910865 	-10.581922
-1.045045 	0.25 	0.91 	72.395829 	-2.0674182 	-10.471678
-1.0462462 	0.25 	0.91 	72.49125 	-2.0195619 	-10.372755
-1.0474474 	0.25 	0.91 	72.585506 	-1.9422612 	-10.284308
-1.0486486 	0.25 	0.91 	72.666872 	-1.8539911 	-10.200144
-1.0498498 	0.25 	0.91 	72.744029 	-1.7621392 	-10.117379
-1.0510511 	0.25 	0.91 	72.821187 	-1.6702874 	-10.034613
-1.0522523 	0.25 	0.91 	72.850127 	-1.5295276 	-9.9634195
-1.0534535 	0.25 	0.91 	72.902053 	-1.4313098 	-9.8832984
-1.0546547 	0.25 	0.91 	72.999797 	-1.3883717 	-9.7857387
-1.0558559 	0.25 	0.91 	73.069671 	-1.2803914 	-9.6972686
-1.0570571 	0.25 	0.91 	73.139545 	-1.172411 	-9.6087985
-1.0582583 	0.25 	0.91 	73.211242 	-1.0657363 	-9.5178565
-1.0594595 	0.25 	0.91 	73.278457 	-0.94662153 	-9.4257361
-1.0606607 	0.25 	0.91 	73.347797 	-0.84673951 	-9.3346128
-1.0618619 	0.25 	0.91 	73.416972 	-0.7290366 	-9.2415336
-1.0630631 	0.25 	0.91 	73.47858 	-0.61211271 	-9.149933
-1.0642643 	0.25 	0.91 	73.543217 	-0.49601084 	-9.0579209
-1.0654655 	0.25 	0.91 	73.611112 	-0.38079325 	-8.9654664
-1.0666667 	0.25 	0.91 	73.62829 	-0.27639042 	-8.8858873
-1.0678679 	0.25 	0.91 	73.748291 	-0.13888427 	-8.7753614
-1.0690691 	0.25 	0.91 	73.80219 	-0.018444748 	-8.6836966
-1.0702703 	0.25 	0.91 	73.85609 	0.10199478 	-8.5920319
-1.0714715 	0.25 	0.91 	73.90999 	0.22243431 	-8.5003671
-1.0726727 	0.25 	0.91 	73.966159 	0.3436653 	-8.4080005
-1.0738739 	0.25 	0.91 	74.00945 	0.4632338 	-8.3197342
-1.0750751 	0.25 	0.91 	74.087877 	0.59353072 	-8.221108
-1.0762763 	0.25 	0.91 	74.132454 	0.71733294 	-8.1180675
-1.0774775 	0.25 	0.91 	74.170635 	0.83823719 	-8.0214336
-1.0786787 	0.25 	0.91 	74.208052 	0.95879542 	-7.9255647
-1.0798799 	0.25 	0.91 	74.24547 	1.0793536 	-7.8296958
-1.0810811 	0.25 	0.91 	74.282888 	1.1999119 	-7.7338268
-1.0822823 	0.25 	0.91 	74.266835 	1.3049913 	-7.6506323
-1.0834835 	0.25 	0.91 	74.348162 	1.4521663 	-7.5292069
-1.0846847 	0.25 	0.91 	74.370412 	1.5790858 	-7.4296321
-1.0858859 	0.25 	0.91 	74.392662 	1.7060054 	-7.3300573
-1.0870871 	0.25 	0.91 	74.414912 	1.832925 	-7.2304825
-1.0882883 	0.25 	0.91 	74.443441 	1.9596892 	-7.1223595
-1.0894895 	0.25 	0.91 	74.470606 	2.0868384 	-7.0107552
-1.0906907 	0.25 	0.91 	74.488972 	2.2288188 	-6.8965323
-1.0918919 	0.25 	0.91 	74.50769 	2.371936 	-6.7870233
-1.0930931 	0.25 	0.91 	74.526523 	2.5154186 	-6.6790294
-1.0942943 	0.25 	0.91 	74.545356 	2.6589013 	-6.5710355
-1.0954955 	0.25 	0.91 	74.581928 	2.8620445 	-6.4567892
-1.0966967 	0.25 	0.91 	74.567253 	2.9746114 	-6.3396649
-1.0978979 	0.25 	0.91 	74.539451 	3.0565476 	-6.2232833
-1.0990991 	0.25 	0.91 	74.537517 	3.196112 	-6.106214
-1.1003003 	0.25 	0.91 	74.53882 	3.3387953 	-5.991254
-1.1015015 	0.25 	0.91 	74.541837 	3.4843831 	-5.8763566
-1.1027027 	0.25 	0.91 	74.557164 	3.6508183 	-5.7619077
-1.1039039 	0.25 	0.91 	74.605853 	3.8737533 	-5.6486745
-1.1051051 	0.25 	0.91 	74.675543 	4.132254 	-5.5362064
-1.1063063 	0.25 	0.91 	74.672073 	4.2731414 	-5.4114678
-1.1075075 	0.25 	0.91 	74.561936 	4.2425536 	-5.2688389
-1.1087087 	0.25 	0.91 	74.533505 	4.4069364 	-5.1391217
-1.1099099 	0.25 	0.91 	74.521893 	4.6065732 	-5.0115293
-1.1111111 	0.25 	0.91 	74.522098 	4.8279772 	-4.8847915
-1.1123123 	0.25 	0.91 	74.602892 	5.2532653 	-4.7686156
-1.1135135 	0.25 	0.91 	74.564848 	5.4511264 	-4.6361772
-1.1147147 	0.25 	0.91 	74.420628 	5.4457954 	-4.4892092
-1.1159159 	0.25 	0.91 	74.386214 	5.6919191 	-4.3600763
-1.1171171 	0.25 	0.91 	74.37199 	5.9842075 	-4.2340321
-1.1183183 	0.25 	0.91 	74.357766 	6.2764959 	-4.1079878
-1.1195195 	0.25 	0.91 	74.343542 	6.5687843 	-3.9819436
-1.1207207 	0.25 	0.91 	74.325223 	6.8650348 	-3.8550678
-1.1219219 	0.25 	0.91 	74.302235 	7.1557842 	-3.725607
-1.1231231 	0.25 	0.91 	74.279248 	7.4465337 	-3.5961463
-1.1243243 	0.25 	0.91 	74.256261 	7.7372831 	-3.4666855
-1.1255255 	0.25 	0.91 	74.233274 	8.0280326 	-3.3372248
-1.1267267 	0.25 	0.91 	74.215608 	8.2827506 	-3.2026772
-1.1279279 	0.25 	0.91 	74.205158 	8.4958079 	-3.0696866
-1.1291291 	0.25 	0.91 	74.153995 	8.8391788 	-2.9360448
-1.1303303 	0.25 	0.91 	74.109897 	9.1599639 	-2.8003289
-1.1315315 	0.25 	0.91 	74.06579 	9.4907818 	-2.6532901
-1.1327327 	0.25 	0.91 	74.021684 	9.8215997 	-2.5062512
-1.1339339 	0.25 	0.91 	73.988695 	10.090354 	-2.3492638
-1.1351351 	0.25 	0.91 	73.959685 	10.334422 	-2.1926729
-1.1363363 	0.25 	0.91 	73.918014 	10.630197 	-2.0778086
-1.1375375 	0.25 	0.91 	73.874067 	10.934753 	-1.9580692
-1.1387387 	0.25 	0.91 	73.825708 	11.256334 	-1.8288778
-1.1399399 	0.25 	0.91 	73.777349 	11.577915 	-1.6996863
-1.1411411 	0.25 	0.91 	73.728074 	11.895584 	-1.5688151
-1.1423423 	0.25 	0.91 	73.671342 	12.222334 	-1.4143443
-1.1435435 	0.25 	0.91 	73.614069 	12.554469 	-1.2573811
-1.1447447 	0.25 	0.91 	73.527557 	12.89725 	-1.1333683
-1.1459459 	0.25 	0.91 	73.435367 	13.240066 	-1.0046332
-1.1471471 	0.25 	0.91 	73.337005 	13.580018 	-0.85652396
-1.1483483 	0.25 	0.91 	73.238643 	13.91997 	-0.70841475
-1.1495495 	0.25 	0.91 	73.13943 	14.254039 	-0.55530887
-1.1507508 	0.25 	0.91 	73.034654 	14.54962 	-0.36951179
-1.151952 	0.25 	0.91 	72.930669 	14.83593 	-0.2053183
-1.1531532 	0.25 	0.91 	72.827633 	15.111153 	-0.066957101
-1.1543544 	0.25 	0.91 	72.696718 	15.427623 	0.090815754
-1.1555556 	0.25 	0.91 	72.559468 	15.753469 	0.25300038
-1.1567568 	0.25 	0.91 	72.422217 	16.079314 	0.415185
-1.157958 	0.25 	0.91 	72.271521 	16.415432 	0.59366622
-1.1591592 	0.25 	0.91 	72.1015 	16.771845 	0.79060873
-1.1603604 	0.25 	0.91 	71.940103 	17.113969 	0.9576516
-1.1615616 	0.25 	0.91 	71.752946 	17.457026 	1.1287997
-1.1627628 	0.25 	0.91 	71.542361 	17.807746 	1.3003454
-1.163964 	0.25 	0.91 	71.331776 	18.158467 	1.4718912
-1.1651652 	0.25 	0.91 	71.121191 	18.509187 	1.6434369
-1.1663664 	0.25 	0.91 	70.858951 	18.831976 	1.8261963
-1.1675676 	0.25 	0.91 	70.597152 	19.155836 	2.0060582
-1.1687688 	0.25 	0.91 	70.343379 	19.485211 	2.1802149
-1.16997 	0.25 	0.91 	70.045497 	19.811916 	2.3540157
-1.1711712 	0.25 	0.91 	69.738677 	20.138081 	2.5277444
-1.1723724 	0.25 	0.91 	69.431858 	20.464245 	2.7014731
-1.1735736 	0.25 	0.91 	69.090779 	20.751414 	2.8700852
-1.1747748 	0.25 	0.91 	68.728295 	21.014298 	3.0354705
-1.175976 	0.25 	0.91 	68.368629 	21.279487 	3.2015928
-1.1771772 	0.25 	0.91 	68.00386 	21.537398 	3.3649305
-1.1783784 	0.25 	0.91 	67.585162 	21.779063 	3.5216975
-1.1795796 	0.25 	0.91 	67.165372 	22.022893 	3.6792633
-1.1807808 	0.25 	0.91 	66.745581 	22.266723 	3.8368291
-1.181982 	0.25 	0.91 	66.286608 	22.437182 	3.9805322
-1.1831832 	0.25 	0.91 	65.827018 	22.609631 	4.1241502
-1.1843844 	0.25 	0.91 	65.36603 	22.7892 	4.2676851
-1.1855856 	0.25 	0.91 	64.875562 	22.933666 	4.4031071
-1.1867868 	0.25 	0.91 	64.360367 	23.048689 	4.5317241
-1.187988 	0.25 	0.91 	63.849733 	23.162042 	4.6591703
-1.1891892 	0.25 	0.91 	63.363141 	23.222803 	4.7678794
-1.1903904 	0.25 	0.91 	62.857389 	23.248744 	4.8695034
-1.1915916 	0.25 	0.91 	62.345949 	23.253775 	4.966017
-1.1927928 	0.25 	0.91 	61.835594 	23.250517 	5.0602879
-1.193994 	0.25 	0.91 	61.361483 	23.185298 	5.1364445
-1.1951952 	0.25 	0.91 	60.845873 	23.108229 	5.2141647
-1.1963964 	0.25 	0.91 	60.330263 	23.03116 	5.2918848
-1.1975976 	0.25 	0.91 	59.872909 	22.886381 	5.3555176
-1.1987988 	0.25 	0.91 	59.419419 	22.736479 	5.4155305
-1.2 	0.25 	0.91 	58.966164 	22.583465 	5.463427
