-1.2 	-0.05 	0.091 	44.011247 	-1.4639297 	0.51406229
-1.1987988 	-0.05 	0.091 	44.005832 	-1.4899466 	0.51506109
-1.1975976 	-0.05 	0.091 	44.000498 	-1.5159481 	0.51649678
-1.1963964 	-0.05 	0.091 	43.995181 	-1.5419463 	0.51802288
-1.1951952 	-0.05 	0.091 	43.989864 	-1.5679445 	0.51954898
-1.193994 	-0.05 	0.091 	43.984547 	-1.5939427 	0.52107508
-1.1927928 	-0.05 	0.091 	43.97923 	-1.619941 	0.52260118
-1.1915916 	-0.05 	0.091 	43.973913 	-1.6459392 	0.52412728
-1.1903904 	-0.05 	0.091 	43.968596 	-1.6719374 	0.52565338
-1.1891892 	-0.05 	0.091 	43.963279 	-1.6979356 	0.52717948
-1.187988 	-0.05 	0.091 	43.957962 	-1.7239338 	0.52870559
-1.1867868 	-0.05 	0.091 	43.952645 	-1.7499321 	0.53023169
-1.1855856 	-0.05 	0.091 	43.947328 	-1.7759303 	0.53175779
-1.1843844 	-0.05 	0.091 	43.942011 	-1.8019285 	0.53328389
-1.1831832 	-0.05 	0.091 	43.936694 	-1.8279267 	0.53480999
-1.181982 	-0.05 	0.091 	43.931377 	-1.8539249 	0.53633609
-1.1807808 	-0.05 	0.091 	43.92606 	-1.8799232 	0.53786219
-1.1795796 	-0.05 	0.091 	43.920743 	-1.9059214 	0.53938829
-1.1783784 	-0.05 	0.091 	43.915426 	-1.9319196 	0.54091439
-1.1771772 	-0.05 	0.091 	43.910109 	-1.9579178 	0.54244049
-1.175976 	-0.05 	0.091 	43.904792 	-1.9839161 	0.54396659
-1.1747748 	-0.05 	0.091 	43.899475 	-2.0099143 	0.5454927
-1.1735736 	-0.05 	0.091 	43.894158 	-2.0359125 	0.5470188
-1.1723724 	-0.05 	0.091 	43.888841 	-2.0619107 	0.5485449
-1.1711712 	-0.05 	0.091 	43.883524 	-2.0879089 	0.550071
-1.16997 	-0.05 	0.091 	43.878207 	-2.1139072 	0.5515971
-1.1687688 	-0.05 	0.091 	43.87289 	-2.1399054 	0.5531232
-1.1675676 	-0.05 	0.091 	43.867573 	-2.1659036 	0.5546493
-1.1663664 	-0.05 	0.091 	43.862255 	-2.1919018 	0.5561754
-1.1651652 	-0.05 	0.091 	43.856938 	-2.2179001 	0.5577015
-1.163964 	-0.05 	0.091 	43.851621 	-2.2438983 	0.5592276
-1.1627628 	-0.05 	0.091 	43.846304 	-2.2698965 	0.5607537
-1.1615616 	-0.05 	0.091 	43.840987 	-2.2958947 	0.5622798
-1.1603604 	-0.05 	0.091 	43.83567 	-2.3218929 	0.56380591
-1.1591592 	-0.05 	0.091 	43.830353 	-2.3478912 	0.56533201
-1.157958 	-0.05 	0.091 	43.841365 	-2.3729269 	0.56653164
-1.1567568 	-0.05 	0.091 	43.853251 	-2.3979112 	0.56771382
-1.1555556 	-0.05 	0.091 	43.865136 	-2.4228955 	0.56889599
-1.1543544 	-0.05 	0.091 	43.877022 	-2.4478798 	0.57007816
-1.1531532 	-0.05 	0.091 	43.888907 	-2.472864 	0.57126034
-1.151952 	-0.05 	0.091 	43.900792 	-2.4978483 	0.57244251
-1.1507508 	-0.05 	0.091 	43.912678 	-2.5228326 	0.57362468
-1.1495495 	-0.05 	0.091 	43.924563 	-2.5478169 	0.57480685
-1.1483483 	-0.05 	0.091 	43.936449 	-2.5728011 	0.57598903
-1.1471471 	-0.05 	0.091 	43.94836 	-2.59777 	0.5773121
-1.1459459 	-0.05 	0.091 	43.960351 	-2.6226907 	0.57907746
-1.1447447 	-0.05 	0.091 	43.972342 	-2.6476113 	0.58084282
-1.1435435 	-0.05 	0.091 	43.984334 	-2.6725319 	0.58260818
-1.1423423 	-0.05 	0.091 	43.996325 	-2.6974525 	0.58437353
-1.1411411 	-0.05 	0.091 	44.008316 	-2.7223731 	0.58613889
-1.1399399 	-0.05 	0.091 	44.020307 	-2.7472938 	0.58790425
-1.1387387 	-0.05 	0.091 	44.032299 	-2.7722144 	0.58966961
-1.1375375 	-0.05 	0.091 	44.04429 	-2.797135 	0.59143497
-1.1363363 	-0.05 	0.091 	44.056281 	-2.8220556 	0.59320033
-1.1351351 	-0.05 	0.091 	44.068273 	-2.8469762 	0.59496569
-1.1339339 	-0.05 	0.091 	44.080264 	-2.8718969 	0.59673105
-1.1327327 	-0.05 	0.091 	44.092255 	-2.8968175 	0.59849641
-1.1315315 	-0.05 	0.091 	44.104246 	-2.9217381 	0.60026177
-1.1303303 	-0.05 	0.091 	44.116238 	-2.9466587 	0.60202713
-1.1291291 	-0.05 	0.091 	44.128229 	-2.9715793 	0.60379248
-1.1279279 	-0.05 	0.091 	44.14022 	-2.9965 	0.60555784
-1.1267267 	-0.05 	0.091 	44.152211 	-3.0214206 	0.6073232
-1.1255255 	-0.05 	0.091 	44.164203 	-3.0463412 	0.60908856
-1.1243243 	-0.05 	0.091 	44.176194 	-3.0712618 	0.61085392
-1.1231231 	-0.05 	0.091 	44.188185 	-3.0961824 	0.61261928
-1.1219219 	-0.05 	0.091 	44.200177 	-3.1211031 	0.61438464
-1.1207207 	-0.05 	0.091 	44.212168 	-3.1460237 	0.61615
-1.1195195 	-0.05 	0.091 	44.224159 	-3.1709443 	0.61791536
-1.1183183 	-0.05 	0.091 	44.23615 	-3.1958649 	0.61968072
-1.1171171 	-0.05 	0.091 	44.248142 	-3.2207855 	0.62144607
-1.1159159 	-0.05 	0.091 	44.260133 	-3.2457062 	0.62321143
-1.1147147 	-0.05 	0.091 	44.272124 	-3.2706268 	0.62497679
-1.1135135 	-0.05 	0.091 	44.284116 	-3.2955474 	0.62674215
-1.1123123 	-0.05 	0.091 	44.296107 	-3.320468 	0.62850751
-1.1111111 	-0.05 	0.091 	44.308098 	-3.3453886 	0.63027287
-1.1099099 	-0.05 	0.091 	44.320089 	-3.3703093 	0.63203823
-1.1087087 	-0.05 	0.091 	44.332081 	-3.3952299 	0.63380359
-1.1075075 	-0.05 	0.091 	44.344072 	-3.4201505 	0.63556895
-1.1063063 	-0.05 	0.091 	44.356104 	-3.4515884 	0.63720267
-1.1051051 	-0.05 	0.091 	44.368138 	-3.4831863 	0.63883315
-1.1039039 	-0.05 	0.091 	44.380171 	-3.5147842 	0.64046364
-1.1027027 	-0.05 	0.091 	44.392205 	-3.5463821 	0.64209413
-1.1015015 	-0.05 	0.091 	44.404238 	-3.57798 	0.64372462
-1.1003003 	-0.05 	0.091 	44.416271 	-3.6095779 	0.64535511
-1.0990991 	-0.05 	0.091 	44.428305 	-3.6411758 	0.64698559
-1.0978979 	-0.05 	0.091 	44.440325 	-3.6702201 	0.64858641
-1.0966967 	-0.05 	0.091 	44.452245 	-3.6807997 	0.64997269
-1.0954955 	-0.05 	0.091 	44.464166 	-3.6913792 	0.65135896
-1.0942943 	-0.05 	0.091 	44.476087 	-3.7019587 	0.65274524
-1.0930931 	-0.05 	0.091 	44.488008 	-3.7125383 	0.65413151
-1.0918919 	-0.05 	0.091 	44.499929 	-3.7231178 	0.65551779
-1.0906907 	-0.05 	0.091 	44.51185 	-3.7336974 	0.65690406
-1.0894895 	-0.05 	0.091 	44.52377 	-3.7442769 	0.65829034
-1.0882883 	-0.05 	0.091 	44.540814 	-3.7575037 	0.65992005
-1.0870871 	-0.05 	0.091 	44.565219 	-3.7745351 	0.66189966
-1.0858859 	-0.05 	0.091 	44.589625 	-3.7915666 	0.66387927
-1.0846847 	-0.05 	0.091 	44.614031 	-3.8085981 	0.66585888
-1.0834835 	-0.05 	0.091 	44.638437 	-3.8256295 	0.66783849
-1.0822823 	-0.05 	0.091 	44.662842 	-3.842661 	0.6698181
-1.0810811 	-0.05 	0.091 	44.687248 	-3.8596925 	0.67179771
-1.0798799 	-0.05 	0.091 	44.711654 	-3.876724 	0.67377732
-1.0786787 	-0.05 	0.091 	44.736059 	-3.8937554 	0.67575693
-1.0774775 	-0.05 	0.091 	44.760465 	-3.9107869 	0.67773654
-1.0762763 	-0.05 	0.091 	44.784871 	-3.9278184 	0.67971615
-1.0750751 	-0.05 	0.091 	44.809277 	-3.9448499 	0.68169576
-1.0738739 	-0.05 	0.091 	44.833682 	-3.9618813 	0.68367537
-1.0726727 	-0.05 	0.091 	44.858088 	-3.9789128 	0.68565498
-1.0714715 	-0.05 	0.091 	44.882494 	-3.9959443 	0.68763459
-1.0702703 	-0.05 	0.091 	44.9069 	-4.0129758 	0.6896142
-1.0690691 	-0.05 	0.091 	44.931305 	-4.0300072 	0.69159381
-1.0678679 	-0.05 	0.091 	44.955711 	-4.0470387 	0.69357342
-1.0666667 	-0.05 	0.091 	44.980117 	-4.0640702 	0.69555303
-1.0654655 	-0.05 	0.091 	45.004522 	-4.0811016 	0.69753264
-1.0642643 	-0.05 	0.091 	45.028928 	-4.0981331 	0.69951225
-1.0630631 	-0.05 	0.091 	45.053334 	-4.1151646 	0.70149186
-1.0618619 	-0.05 	0.091 	45.07774 	-4.1321961 	0.70347147
-1.0606607 	-0.05 	0.091 	45.102145 	-4.1492275 	0.70545108
-1.0594595 	-0.05 	0.091 	45.126551 	-4.166259 	0.70743069
-1.0582583 	-0.05 	0.091 	45.150957 	-4.1832905 	0.70941029
-1.0570571 	-0.05 	0.091 	45.175362 	-4.200322 	0.7113899
-1.0558559 	-0.05 	0.091 	45.199768 	-4.2173534 	0.71336951
-1.0546547 	-0.05 	0.091 	45.224174 	-4.2343849 	0.71534912
-1.0534535 	-0.05 	0.091 	45.248578 	-4.2514163 	0.71730029
-1.0522523 	-0.05 	0.091 	45.272939 	-4.2684465 	0.71863757
-1.0510511 	-0.05 	0.091 	45.297299 	-4.2854766 	0.71997486
-1.0498498 	-0.05 	0.091 	45.32166 	-4.3025068 	0.72131215
-1.0486486 	-0.05 	0.091 	45.346021 	-4.3195369 	0.72264944
-1.0474474 	-0.05 	0.091 	45.370382 	-4.3365671 	0.72398672
-1.0462462 	-0.05 	0.091 	45.394743 	-4.3535972 	0.72532401
-1.045045 	-0.05 	0.091 	45.422234 	-4.3709633 	0.72693477
-1.0438438 	-0.05 	0.091 	45.450944 	-4.3884602 	0.72865204
-1.0426426 	-0.05 	0.091 	45.479654 	-4.4059571 	0.7303693
-1.0414414 	-0.05 	0.091 	45.508364 	-4.423454 	0.73208656
-1.0402402 	-0.05 	0.091 	45.537074 	-4.4409508 	0.73380382
-1.039039 	-0.05 	0.091 	45.565784 	-4.4584477 	0.73552109
-1.0378378 	-0.05 	0.091 	45.594494 	-4.4759446 	0.73723835
-1.0366366 	-0.05 	0.091 	45.622012 	-4.4892802 	0.73894838
-1.0354354 	-0.05 	0.091 	45.64712 	-4.4942035 	0.7406438
-1.0342342 	-0.05 	0.091 	45.672228 	-4.4991267 	0.74233921
-1.033033 	-0.05 	0.091 	45.697337 	-4.5040499 	0.74403463
-1.0318318 	-0.05 	0.091 	45.722445 	-4.5089731 	0.74573004
-1.0306306 	-0.05 	0.091 	45.747553 	-4.5138964 	0.74742546
-1.0294294 	-0.05 	0.091 	45.772662 	-4.5188196 	0.74912087
-1.0282282 	-0.05 	0.091 	45.797968 	-4.5238697 	0.75082513
-1.027027 	-0.05 	0.091 	45.828765 	-4.5324345 	0.75277444
-1.0258258 	-0.05 	0.091 	45.859561 	-4.5409992 	0.75472375
-1.0246246 	-0.05 	0.091 	45.890357 	-4.549564 	0.75667306
-1.0234234 	-0.05 	0.091 	45.921154 	-4.5581288 	0.75862237
-1.0222222 	-0.05 	0.091 	45.95195 	-4.5666935 	0.76057168
-1.021021 	-0.05 	0.091 	45.982747 	-4.5752583 	0.76252099
-1.0198198 	-0.05 	0.091 	46.013543 	-4.5838231 	0.7644703
-1.0186186 	-0.05 	0.091 	46.04434 	-4.5923878 	0.76641961
-1.0174174 	-0.05 	0.091 	46.075136 	-4.6009526 	0.76836892
-1.0162162 	-0.05 	0.091 	46.105933 	-4.6095174 	0.77031823
-1.015015 	-0.05 	0.091 	46.136729 	-4.6180821 	0.77226754
-1.0138138 	-0.05 	0.091 	46.167526 	-4.6266469 	0.77421685
-1.0126126 	-0.05 	0.091 	46.198322 	-4.6352117 	0.77616616
-1.0114114 	-0.05 	0.091 	46.229119 	-4.6437764 	0.77811547
-1.0102102 	-0.05 	0.091 	46.259915 	-4.6523412 	0.78006478
-1.009009 	-0.05 	0.091 	46.290712 	-4.660906 	0.78201409
-1.0078078 	-0.05 	0.091 	46.321508 	-4.6694707 	0.7839634
-1.0066066 	-0.05 	0.091 	46.352305 	-4.6780355 	0.78591271
-1.0054054 	-0.05 	0.091 	46.383101 	-4.6866003 	0.78786201
-1.0042042 	-0.05 	0.091 	46.413898 	-4.695165 	0.78981132
-1.003003 	-0.05 	0.091 	46.444694 	-4.7037298 	0.79176063
-1.0018018 	-0.05 	0.091 	46.475491 	-4.7122946 	0.79370994
-1.0006006 	-0.05 	0.091 	46.506287 	-4.7208593 	0.79565925
-0.9993994 	-0.05 	0.091 	46.537084 	-4.7294241 	0.79760856
-0.9981982 	-0.05 	0.091 	46.56788 	-4.7379889 	0.79955787
-0.996997 	-0.05 	0.091 	46.598677 	-4.7465536 	0.80150718
-0.9957958 	-0.05 	0.091 	46.629473 	-4.7551184 	0.80345649
-0.99459459 	-0.05 	0.091 	46.66027 	-4.7636832 	0.8054058
-0.99339339 	-0.05 	0.091 	46.691066 	-4.7722479 	0.80735511
-0.99219219 	-0.05 	0.091 	46.721868 	-4.7808132 	0.80916064
-0.99099099 	-0.05 	0.091 	46.75269 	-4.7893802 	0.8104683
-0.98978979 	-0.05 	0.091 	46.783512 	-4.7979472 	0.81177595
-0.98858859 	-0.05 	0.091 	46.814334 	-4.8065142 	0.81308361
-0.98738739 	-0.05 	0.091 	46.845156 	-4.8150812 	0.81439126
-0.98618619 	-0.05 	0.091 	46.875978 	-4.8236483 	0.81569892
-0.98498498 	-0.05 	0.091 	46.9068 	-4.8322153 	0.81700657
-0.98378378 	-0.05 	0.091 	46.938862 	-4.8409104 	0.81848793
-0.98258258 	-0.05 	0.091 	46.971688 	-4.8496842 	0.82007611
-0.98138138 	-0.05 	0.091 	47.004513 	-4.858458 	0.82166429
-0.98018018 	-0.05 	0.091 	47.037338 	-4.8672318 	0.82325246
-0.97897898 	-0.05 	0.091 	47.070163 	-4.8760057 	0.82484064
-0.97777778 	-0.05 	0.091 	47.102989 	-4.8847795 	0.82642882
-0.97657658 	-0.05 	0.091 	47.135814 	-4.8935533 	0.828017
-0.97537538 	-0.05 	0.091 	47.165414 	-4.9005192 	0.82953365
-0.97417417 	-0.05 	0.091 	47.191764 	-4.9056632 	0.83097822
-0.97297297 	-0.05 	0.091 	47.218114 	-4.9108072 	0.83242279
-0.97177177 	-0.05 	0.091 	47.244464 	-4.9159513 	0.83386736
-0.97057057 	-0.05 	0.091 	47.270815 	-4.9210953 	0.83531193
-0.96936937 	-0.05 	0.091 	47.297165 	-4.9262394 	0.8367565
-0.96816817 	-0.05 	0.091 	47.323515 	-4.9313834 	0.83820108
-0.96696697 	-0.05 	0.091 	47.351232 	-4.9361211 	0.83953602
-0.96576577 	-0.05 	0.091 	47.380479 	-4.9404042 	0.84074834
-0.96456456 	-0.05 	0.091 	47.409725 	-4.9446873 	0.84196065
-0.96336336 	-0.05 	0.091 	47.438972 	-4.9489704 	0.84317297
-0.96216216 	-0.05 	0.091 	47.468219 	-4.9532536 	0.84438528
-0.96096096 	-0.05 	0.091 	47.497465 	-4.9575367 	0.8455976
-0.95975976 	-0.05 	0.091 	47.526712 	-4.9618198 	0.84680991
-0.95855856 	-0.05 	0.091 	47.555934 	-4.9660684 	0.84850665
-0.95735736 	-0.05 	0.091 	47.585149 	-4.9703075 	0.85033722
-0.95615616 	-0.05 	0.091 	47.614365 	-4.9745465 	0.85216779
-0.95495495 	-0.05 	0.091 	47.64358 	-4.9787856 	0.85399837
-0.95375375 	-0.05 	0.091 	47.672796 	-4.9830246 	0.85582894
-0.95255255 	-0.05 	0.091 	47.702011 	-4.9872637 	0.85765951
-0.95135135 	-0.05 	0.091 	47.731227 	-4.9915027 	0.85949008
-0.95015015 	-0.05 	0.091 	47.760442 	-4.9957418 	0.86132065
-0.94894895 	-0.05 	0.091 	47.789657 	-4.9999808 	0.86315122
-0.94774775 	-0.05 	0.091 	47.818873 	-5.0042199 	0.8649818
-0.94654655 	-0.05 	0.091 	47.848088 	-5.0084589 	0.86681237
-0.94534535 	-0.05 	0.091 	47.877304 	-5.012698 	0.86864294
-0.94414414 	-0.05 	0.091 	47.906519 	-5.016937 	0.87047351
-0.94294294 	-0.05 	0.091 	47.935735 	-5.0211761 	0.87230408
-0.94174174 	-0.05 	0.091 	47.96495 	-5.0254151 	0.87413465
-0.94054054 	-0.05 	0.091 	47.994166 	-5.0296542 	0.87596523
-0.93933934 	-0.05 	0.091 	48.023381 	-5.0338933 	0.8777958
-0.93813814 	-0.05 	0.091 	48.052596 	-5.0381323 	0.87962637
-0.93693694 	-0.05 	0.091 	48.081812 	-5.0423714 	0.88145694
-0.93573574 	-0.05 	0.091 	48.111027 	-5.0466104 	0.88328751
-0.93453453 	-0.05 	0.091 	48.140243 	-5.0508495 	0.88511808
-0.93333333 	-0.05 	0.091 	48.169458 	-5.0550885 	0.88694866
-0.93213213 	-0.05 	0.091 	48.198674 	-5.0593276 	0.88877923
-0.93093093 	-0.05 	0.091 	48.227889 	-5.0635666 	0.8906098
-0.92972973 	-0.05 	0.091 	48.257104 	-5.0678057 	0.89244037
-0.92852853 	-0.05 	0.091 	48.28632 	-5.0720447 	0.89427094
-0.92732733 	-0.05 	0.091 	48.315535 	-5.0762838 	0.89610151
-0.92612613 	-0.05 	0.091 	48.344751 	-5.0805228 	0.89793209
-0.92492492 	-0.05 	0.091 	48.373966 	-5.0847619 	0.89976266
-0.92372372 	-0.05 	0.091 	48.403182 	-5.0890009 	0.90159323
-0.92252252 	-0.05 	0.091 	48.432555 	-5.092919 	0.90329994
-0.92132132 	-0.05 	0.091 	48.462141 	-5.0964025 	0.90483903
-0.92012012 	-0.05 	0.091 	48.491728 	-5.0998861 	0.90637811
-0.91891892 	-0.05 	0.091 	48.521314 	-5.1033696 	0.90791719
-0.91771772 	-0.05 	0.091 	48.550901 	-5.1068531 	0.90945627
-0.91651652 	-0.05 	0.091 	48.580488 	-5.1103367 	0.91099535
-0.91531532 	-0.05 	0.091 	48.610074 	-5.1138202 	0.91253444
-0.91411411 	-0.05 	0.091 	48.635554 	-5.116809 	0.91400905
-0.91291291 	-0.05 	0.091 	48.659299 	-5.1195888 	0.91545644
-0.91171171 	-0.05 	0.091 	48.683044 	-5.1223686 	0.91690383
-0.91051051 	-0.05 	0.091 	48.706789 	-5.1251484 	0.91835122
-0.90930931 	-0.05 	0.091 	48.730534 	-5.1279283 	0.91979861
-0.90810811 	-0.05 	0.091 	48.75428 	-5.1307081 	0.92124601
-0.90690691 	-0.05 	0.091 	48.77809 	-5.1333315 	0.92271053
-0.90570571 	-0.05 	0.091 	48.803158 	-5.1329279 	0.92450651
-0.9045045 	-0.05 	0.091 	48.828227 	-5.1325244 	0.9263025
-0.9033033 	-0.05 	0.091 	48.853295 	-5.1321209 	0.92809848
-0.9021021 	-0.05 	0.091 	48.878364 	-5.1317173 	0.92989447
-0.9009009 	-0.05 	0.091 	48.903432 	-5.1313138 	0.93169045
-0.8996997 	-0.05 	0.091 	48.9285 	-5.1309103 	0.93348644
-0.8984985 	-0.05 	0.091 	48.953569 	-5.1305068 	0.93528243
-0.8972973 	-0.05 	0.091 	48.978637 	-5.1301032 	0.93707841
-0.8960961 	-0.05 	0.091 	49.003706 	-5.1296997 	0.9388744
-0.89489489 	-0.05 	0.091 	49.028774 	-5.1292962 	0.94067038
-0.89369369 	-0.05 	0.091 	49.053843 	-5.1288926 	0.94246637
-0.89249249 	-0.05 	0.091 	49.078911 	-5.1284891 	0.94426235
-0.89129129 	-0.05 	0.091 	49.103979 	-5.1280856 	0.94605834
-0.89009009 	-0.05 	0.091 	49.129048 	-5.127682 	0.94785432
-0.88888889 	-0.05 	0.091 	49.154116 	-5.1272785 	0.94965031
-0.88768769 	-0.05 	0.091 	49.179185 	-5.126875 	0.9514463
-0.88648649 	-0.05 	0.091 	49.204253 	-5.1264714 	0.95324228
-0.88528529 	-0.05 	0.091 	49.229322 	-5.1260679 	0.95503827
-0.88408408 	-0.05 	0.091 	49.25439 	-5.1256644 	0.95683425
-0.88288288 	-0.05 	0.091 	49.279458 	-5.1252608 	0.95863024
-0.88168168 	-0.05 	0.091 	49.304527 	-5.1248573 	0.96042622
-0.88048048 	-0.05 	0.091 	49.329595 	-5.1244538 	0.96222221
-0.87927928 	-0.05 	0.091 	49.354664 	-5.1240502 	0.9640182
-0.87807808 	-0.05 	0.091 	49.379732 	-5.1236467 	0.96581418
-0.87687688 	-0.05 	0.091 	49.4048 	-5.1232432 	0.96761017
-0.87567568 	-0.05 	0.091 	49.429869 	-5.1228396 	0.96940615
-0.87447447 	-0.05 	0.091 	49.454937 	-5.1224361 	0.97120214
-0.87327327 	-0.05 	0.091 	49.480006 	-5.1220326 	0.97299812
-0.87207207 	-0.05 	0.091 	49.505074 	-5.121629 	0.97479411
-0.87087087 	-0.05 	0.091 	49.530143 	-5.1212255 	0.9765901
-0.86966967 	-0.05 	0.091 	49.555222 	-5.1208419 	0.97800341
-0.86846847 	-0.05 	0.091 	49.580308 	-5.1204698 	0.97919265
-0.86726727 	-0.05 	0.091 	49.605394 	-5.1200978 	0.9803819
-0.86606607 	-0.05 	0.091 	49.63048 	-5.1197258 	0.98157114
-0.86486486 	-0.05 	0.091 	49.655566 	-5.1193538 	0.98276038
-0.86366366 	-0.05 	0.091 	49.680652 	-5.1189818 	0.98394963
-0.86246246 	-0.05 	0.091 	49.705738 	-5.1186098 	0.98513887
-0.86126126 	-0.05 	0.091 	49.73077 	-5.1170604 	0.98650807
-0.86006006 	-0.05 	0.091 	49.755747 	-5.1143064 	0.98806139
-0.85885886 	-0.05 	0.091 	49.780724 	-5.1115524 	0.98961472
-0.85765766 	-0.05 	0.091 	49.805701 	-5.1087984 	0.99116804
-0.85645646 	-0.05 	0.091 	49.830678 	-5.1060443 	0.99272137
-0.85525526 	-0.05 	0.091 	49.855655 	-5.1032903 	0.99427469
-0.85405405 	-0.05 	0.091 	49.880632 	-5.1005363 	0.99582801
-0.85285285 	-0.05 	0.091 	49.902782 	-5.0997351 	0.9972776
-0.85165165 	-0.05 	0.091 	49.924677 	-5.0991104 	0.99871781
-0.85045045 	-0.05 	0.091 	49.946573 	-5.0984857 	1.000158
-0.84924925 	-0.05 	0.091 	49.968468 	-5.097861 	1.0015982
-0.84804805 	-0.05 	0.091 	49.990363 	-5.0972363 	1.0030384
-0.84684685 	-0.05 	0.091 	50.012258 	-5.0966117 	1.0044787
-0.84564565 	-0.05 	0.091 	50.033653 	-5.0947813 	1.0060427
-0.84444444 	-0.05 	0.091 	50.054306 	-5.091162 	1.0077905
-0.84324324 	-0.05 	0.091 	50.074959 	-5.0875427 	1.0095384
-0.84204204 	-0.05 	0.091 	50.095613 	-5.0839233 	1.0112862
-0.84084084 	-0.05 	0.091 	50.116266 	-5.080304 	1.013034
-0.83963964 	-0.05 	0.091 	50.136919 	-5.0766847 	1.0147818
-0.83843844 	-0.05 	0.091 	50.157572 	-5.0730653 	1.0165297
-0.83723724 	-0.05 	0.091 	50.178225 	-5.069446 	1.0182775
-0.83603604 	-0.05 	0.091 	50.198879 	-5.0658267 	1.0200253
-0.83483483 	-0.05 	0.091 	50.219532 	-5.0622073 	1.0217732
-0.83363363 	-0.05 	0.091 	50.240185 	-5.058588 	1.023521
-0.83243243 	-0.05 	0.091 	50.260838 	-5.0549687 	1.0252688
-0.83123123 	-0.05 	0.091 	50.281492 	-5.0513493 	1.0270166
-0.83003003 	-0.05 	0.091 	50.302145 	-5.04773 	1.0287645
-0.82882883 	-0.05 	0.091 	50.322798 	-5.0441107 	1.0305123
-0.82762763 	-0.05 	0.091 	50.343451 	-5.0404913 	1.0322601
-0.82642643 	-0.05 	0.091 	50.364105 	-5.036872 	1.034008
-0.82522523 	-0.05 	0.091 	50.384758 	-5.0332527 	1.0357558
-0.82402402 	-0.05 	0.091 	50.405411 	-5.0296333 	1.0375036
-0.82282282 	-0.05 	0.091 	50.426064 	-5.026014 	1.0392514
-0.82162162 	-0.05 	0.091 	50.446717 	-5.0223947 	1.0409993
-0.82042042 	-0.05 	0.091 	50.467371 	-5.0187753 	1.0427471
-0.81921922 	-0.05 	0.091 	50.488024 	-5.015156 	1.0444949
-0.81801802 	-0.05 	0.091 	50.508677 	-5.0115366 	1.0462427
-0.81681682 	-0.05 	0.091 	50.52933 	-5.0079173 	1.0479906
-0.81561562 	-0.05 	0.091 	50.549984 	-5.004298 	1.0497384
-0.81441441 	-0.05 	0.091 	50.570637 	-5.0006786 	1.0514862
-0.81321321 	-0.05 	0.091 	50.59129 	-4.9970593 	1.0532341
-0.81201201 	-0.05 	0.091 	50.611943 	-4.99344 	1.0549819
-0.81081081 	-0.05 	0.091 	50.632597 	-4.9898206 	1.0567297
-0.80960961 	-0.05 	0.091 	50.65325 	-4.9862013 	1.0584775
-0.80840841 	-0.05 	0.091 	50.673925 	-4.9825989 	1.0597312
-0.80720721 	-0.05 	0.091 	50.694604 	-4.9789995 	1.0608989
-0.80600601 	-0.05 	0.091 	50.715283 	-4.9754001 	1.0620666
-0.8048048 	-0.05 	0.091 	50.735962 	-4.9718007 	1.0632343
-0.8036036 	-0.05 	0.091 	50.756641 	-4.9682013 	1.064402
-0.8024024 	-0.05 	0.091 	50.77732 	-4.9646019 	1.0655697
-0.8012012 	-0.05 	0.091 	50.797999 	-4.9610025 	1.0667374
-0.8 	-0.05 	0.091 	50.818201 	-4.9569262 	1.0680052
-0.7987988 	-0.05 	0.091 	50.837596 	-4.9520427 	1.0694423
-0.7975976 	-0.05 	0.091 	50.85699 	-4.9471592 	1.0708795
-0.7963964 	-0.05 	0.091 	50.876385 	-4.9422757 	1.0723166
-0.7951952 	-0.05 	0.091 	50.895779 	-4.9373923 	1.0737538
-0.79399399 	-0.05 	0.091 	50.915174 	-4.9325088 	1.0751909
-0.79279279 	-0.05 	0.091 	50.93453 	-4.9281195 	1.076622
-0.79159159 	-0.05 	0.091 	50.953655 	-4.9266809 	1.0780172
-0.79039039 	-0.05 	0.091 	50.97278 	-4.9252422 	1.0794123
-0.78918919 	-0.05 	0.091 	50.991905 	-4.9238035 	1.0808074
-0.78798799 	-0.05 	0.091 	51.01103 	-4.9223649 	1.0822025
-0.78678679 	-0.05 	0.091 	51.030155 	-4.9209262 	1.0835977
-0.78558559 	-0.05 	0.091 	51.04928 	-4.9194876 	1.0849928
-0.78438438 	-0.05 	0.091 	51.06644 	-4.9151384 	1.0866741
-0.78318318 	-0.05 	0.091 	51.083546 	-4.9107116 	1.0883631
-0.78198198 	-0.05 	0.091 	51.100653 	-4.9062847 	1.090052
-0.78078078 	-0.05 	0.091 	51.11776 	-4.9018578 	1.091741
-0.77957958 	-0.05 	0.091 	51.134867 	-4.897431 	1.09343
-0.77837838 	-0.05 	0.091 	51.151973 	-4.8930041 	1.0951189
-0.77717718 	-0.05 	0.091 	51.16908 	-4.8885773 	1.0968079
-0.77597598 	-0.05 	0.091 	51.186187 	-4.8841504 	1.0984969
-0.77477477 	-0.05 	0.091 	51.203294 	-4.8797236 	1.1001858
-0.77357357 	-0.05 	0.091 	51.220401 	-4.8752967 	1.1018748
-0.77237237 	-0.05 	0.091 	51.237507 	-4.8708699 	1.1035638
-0.77117117 	-0.05 	0.091 	51.254614 	-4.866443 	1.1052527
-0.76996997 	-0.05 	0.091 	51.271721 	-4.8620162 	1.1069417
-0.76876877 	-0.05 	0.091 	51.288828 	-4.8575893 	1.1086306
-0.76756757 	-0.05 	0.091 	51.305934 	-4.8531624 	1.1103196
-0.76636637 	-0.05 	0.091 	51.323041 	-4.8487356 	1.1120086
-0.76516517 	-0.05 	0.091 	51.340148 	-4.8443087 	1.1136975
-0.76396396 	-0.05 	0.091 	51.357255 	-4.8398819 	1.1153865
-0.76276276 	-0.05 	0.091 	51.374361 	-4.835455 	1.1170755
-0.76156156 	-0.05 	0.091 	51.391468 	-4.8310282 	1.1187644
-0.76036036 	-0.05 	0.091 	51.408575 	-4.8266013 	1.1204534
-0.75915916 	-0.05 	0.091 	51.425682 	-4.8221745 	1.1221424
-0.75795796 	-0.05 	0.091 	51.442789 	-4.8177476 	1.1238313
-0.75675676 	-0.05 	0.091 	51.459895 	-4.8133208 	1.1255203
-0.75555556 	-0.05 	0.091 	51.477002 	-4.8088939 	1.1272092
-0.75435435 	-0.05 	0.091 	51.494109 	-4.804467 	1.1288982
-0.75315315 	-0.05 	0.091 	51.511216 	-4.8000402 	1.1305872
-0.75195195 	-0.05 	0.091 	51.528322 	-4.7956133 	1.1322761
-0.75075075 	-0.05 	0.091 	51.545429 	-4.7911865 	1.1339651
-0.74954955 	-0.05 	0.091 	51.562536 	-4.7867596 	1.1356541
-0.74834835 	-0.05 	0.091 	51.579646 	-4.7823319 	1.1373052
-0.74714715 	-0.05 	0.091 	51.596803 	-4.7778928 	1.1384398
-0.74594595 	-0.05 	0.091 	51.61396 	-4.7734536 	1.1395745
-0.74474474 	-0.05 	0.091 	51.631117 	-4.7690145 	1.1407091
-0.74354354 	-0.05 	0.091 	51.648274 	-4.7645753 	1.1418438
-0.74234234 	-0.05 	0.091 	51.665431 	-4.7601361 	1.1429784
-0.74114114 	-0.05 	0.091 	51.682588 	-4.755697 	1.144113
-0.73993994 	-0.05 	0.091 	51.699745 	-4.7512578 	1.1452477
-0.73873874 	-0.05 	0.091 	51.718055 	-4.746288 	1.1466691
-0.73753754 	-0.05 	0.091 	51.737908 	-4.7406078 	1.1484746
-0.73633634 	-0.05 	0.091 	51.757761 	-4.7349276 	1.1502801
-0.73513514 	-0.05 	0.091 	51.777614 	-4.7292474 	1.1520856
-0.73393393 	-0.05 	0.091 	51.797467 	-4.7235672 	1.1538911
-0.73273273 	-0.05 	0.091 	51.81732 	-4.7178869 	1.1556966
-0.73153153 	-0.05 	0.091 	51.836204 	-4.7121089 	1.1573584
-0.73033033 	-0.05 	0.091 	51.853314 	-4.7061521 	1.1587577
-0.72912913 	-0.05 	0.091 	51.870424 	-4.7001954 	1.160157
-0.72792793 	-0.05 	0.091 	51.887535 	-4.6942386 	1.1615562
-0.72672673 	-0.05 	0.091 	51.904645 	-4.6882818 	1.1629555
-0.72552553 	-0.05 	0.091 	51.921756 	-4.682325 	1.1643548
-0.72432432 	-0.05 	0.091 	51.9385 	-4.676504 	1.1659184
-0.72312312 	-0.05 	0.091 	51.95451 	-4.6709554 	1.1678114
-0.72192192 	-0.05 	0.091 	51.970519 	-4.6654068 	1.1697045
-0.72072072 	-0.05 	0.091 	51.986529 	-4.6598581 	1.1715975
-0.71951952 	-0.05 	0.091 	52.002538 	-4.6543095 	1.1734906
-0.71831832 	-0.05 	0.091 	52.018548 	-4.6487609 	1.1753836
-0.71711712 	-0.05 	0.091 	52.034557 	-4.6432122 	1.1772767
-0.71591592 	-0.05 	0.091 	52.050567 	-4.6376636 	1.1791697
-0.71471471 	-0.05 	0.091 	52.066576 	-4.632115 	1.1810628
-0.71351351 	-0.05 	0.091 	52.082586 	-4.6265663 	1.1829558
-0.71231231 	-0.05 	0.091 	52.098595 	-4.6210177 	1.1848489
-0.71111111 	-0.05 	0.091 	52.114605 	-4.6154691 	1.1867419
-0.70990991 	-0.05 	0.091 	52.130614 	-4.6099204 	1.188635
-0.70870871 	-0.05 	0.091 	52.146676 	-4.6043583 	1.1900122
-0.70750751 	-0.05 	0.091 	52.158832 	-4.5990914 	1.1913668
-0.70630631 	-0.05 	0.091 	52.170581 	-4.5938554 	1.1927305
-0.70510511 	-0.05 	0.091 	52.18233 	-4.5886195 	1.1940943
-0.7039039 	-0.05 	0.091 	52.194079 	-4.5833835 	1.1954581
-0.7027027 	-0.05 	0.091 	52.205829 	-4.5781475 	1.1968218
-0.7015015 	-0.05 	0.091 	52.217578 	-4.5729115 	1.1981856
-0.7003003 	-0.05 	0.091 	52.229767 	-4.5678281 	1.1995645
-0.6990991 	-0.05 	0.091 	52.24197 	-4.5627499 	1.2009439
-0.6978979 	-0.05 	0.091 	52.254173 	-4.5576717 	1.2023234
-0.6966967 	-0.05 	0.091 	52.266377 	-4.5525935 	1.2037028
-0.6954955 	-0.05 	0.091 	52.27858 	-4.5475153 	1.2050822
-0.69429429 	-0.05 	0.091 	52.290627 	-4.5424504 	1.2064858
-0.69309309 	-0.05 	0.091 	52.301397 	-4.5374942 	1.2080862
-0.69189189 	-0.05 	0.091 	52.312166 	-4.5325379 	1.2096866
-0.69069069 	-0.05 	0.091 	52.322936 	-4.5275817 	1.2112871
-0.68948949 	-0.05 	0.091 	52.333706 	-4.5226255 	1.2128875
-0.68828829 	-0.05 	0.091 	52.344475 	-4.5176693 	1.2144879
-0.68708709 	-0.05 	0.091 	52.355245 	-4.5127131 	1.2160883
-0.68588589 	-0.05 	0.091 	52.366014 	-4.5077569 	1.2176887
-0.68468468 	-0.05 	0.091 	52.376784 	-4.5028007 	1.2192892
-0.68348348 	-0.05 	0.091 	52.387554 	-4.4978445 	1.2208896
-0.68228228 	-0.05 	0.091 	52.398323 	-4.4928883 	1.22249
-0.68108108 	-0.05 	0.091 	52.409093 	-4.487932 	1.2240904
-0.67987988 	-0.05 	0.091 	52.419862 	-4.4829758 	1.2256909
-0.67867868 	-0.05 	0.091 	52.430653 	-4.4780292 	1.2270582
-0.67747748 	-0.05 	0.091 	52.44121 	-4.4728782 	1.2282095
-0.67627628 	-0.05 	0.091 	52.451256 	-4.4673006 	1.2295303
-0.67507508 	-0.05 	0.091 	52.461301 	-4.461723 	1.2308511
-0.67387387 	-0.05 	0.091 	52.471347 	-4.4561454 	1.2321719
-0.67267267 	-0.05 	0.091 	52.481392 	-4.4505678 	1.2334927
-0.67147147 	-0.05 	0.091 	52.491437 	-4.4449902 	1.2348135
-0.67027027 	-0.05 	0.091 	52.501429 	-4.4410669 	1.2361048
-0.66906907 	-0.05 	0.091 	52.511382 	-4.438333 	1.237375
-0.66786787 	-0.05 	0.091 	52.521335 	-4.435599 	1.2386453
-0.66666667 	-0.05 	0.091 	52.531288 	-4.4328651 	1.2399155
-0.66546547 	-0.05 	0.091 	52.541241 	-4.4301311 	1.2411857
-0.66426426 	-0.05 	0.091 	52.551193 	-4.4273971 	1.2424559
-0.66306306 	-0.05 	0.091 	52.560352 	-4.4227235 	1.2439457
-0.66186186 	-0.05 	0.091 	52.569395 	-4.4177691 	1.2454672
-0.66066066 	-0.05 	0.091 	52.578439 	-4.4128148 	1.2469888
-0.65945946 	-0.05 	0.091 	52.587482 	-4.4078604 	1.2485103
-0.65825826 	-0.05 	0.091 	52.596525 	-4.402906 	1.2500318
-0.65705706 	-0.05 	0.091 	52.605569 	-4.3979516 	1.2515534
-0.65585586 	-0.05 	0.091 	52.614612 	-4.3929972 	1.2530749
-0.65465465 	-0.05 	0.091 	52.623656 	-4.3880429 	1.2545965
-0.65345345 	-0.05 	0.091 	52.632699 	-4.3830885 	1.256118
-0.65225225 	-0.05 	0.091 	52.641742 	-4.3781341 	1.2576396
-0.65105105 	-0.05 	0.091 	52.650786 	-4.3731797 	1.2591611
-0.64984985 	-0.05 	0.091 	52.659829 	-4.3682254 	1.2606826
-0.64864865 	-0.05 	0.091 	52.668875 	-4.363272 	1.2621802
-0.64744745 	-0.05 	0.091 	52.677967 	-4.3583389 	1.2631934
-0.64624625 	-0.05 	0.091 	52.686656 	-4.351814 	1.2644331
-0.64504505 	-0.05 	0.091 	52.695292 	-4.3450823 	1.2657023
-0.64384384 	-0.05 	0.091 	52.703928 	-4.3383507 	1.2669714
-0.64264264 	-0.05 	0.091 	52.712565 	-4.331619 	1.2682406
-0.64144144 	-0.05 	0.091 	52.721201 	-4.3248874 	1.2695097
-0.64024024 	-0.05 	0.091 	52.729771 	-4.3189114 	1.2707667
-0.63903904 	-0.05 	0.091 	52.738062 	-4.3161348 	1.2719718
-0.63783784 	-0.05 	0.091 	52.746354 	-4.3133582 	1.2731769
-0.63663664 	-0.05 	0.091 	52.754645 	-4.3105817 	1.2743819
-0.63543544 	-0.05 	0.091 	52.762936 	-4.3078051 	1.275587
-0.63423423 	-0.05 	0.091 	52.771227 	-4.3050286 	1.2767921
-0.63303303 	-0.05 	0.091 	52.779211 	-4.3009601 	1.2778756
-0.63183183 	-0.05 	0.091 	52.786892 	-4.2956735 	1.2790095
-0.63063063 	-0.05 	0.091 	52.794544 	-4.2903686 	1.2804671
-0.62942943 	-0.05 	0.091 	52.802196 	-4.2850638 	1.2819247
-0.62822823 	-0.05 	0.091 	52.809848 	-4.279759 	1.2833823
-0.62702703 	-0.05 	0.091 	52.8175 	-4.2744541 	1.28484
-0.62582583 	-0.05 	0.091 	52.825152 	-4.2691493 	1.2862976
-0.62462462 	-0.05 	0.091 	52.832804 	-4.2638445 	1.2877552
-0.62342342 	-0.05 	0.091 	52.840456 	-4.2585396 	1.2892128
-0.62222222 	-0.05 	0.091 	52.848108 	-4.2532348 	1.2906704
-0.62102102 	-0.05 	0.091 	52.85576 	-4.24793 	1.292128
-0.61981982 	-0.05 	0.091 	52.863412 	-4.2426251 	1.2935856
-0.61861862 	-0.05 	0.091 	52.871064 	-4.2373203 	1.2950433
-0.61741742 	-0.05 	0.091 	52.878716 	-4.2320155 	1.2965009
-0.61621622 	-0.05 	0.091 	52.886241 	-4.2259415 	1.2978442
-0.61501502 	-0.05 	0.091 	52.893607 	-4.2188993 	1.2990435
-0.61381381 	-0.05 	0.091 	52.900973 	-4.2118571 	1.3002429
-0.61261261 	-0.05 	0.091 	52.908338 	-4.204815 	1.3014422
-0.61141141 	-0.05 	0.091 	52.915704 	-4.1977728 	1.3026416
-0.61021021 	-0.05 	0.091 	52.923069 	-4.1907307 	1.303841
-0.60900901 	-0.05 	0.091 	52.930063 	-4.186466 	1.3050075
-0.60780781 	-0.05 	0.091 	52.936966 	-4.1828812 	1.3061661
-0.60660661 	-0.05 	0.091 	52.943869 	-4.1792964 	1.3073246
-0.60540541 	-0.05 	0.091 	52.950772 	-4.1757116 	1.3084831
-0.6042042 	-0.05 	0.091 	52.957675 	-4.1721268 	1.3096416
-0.603003 	-0.05 	0.091 	52.964464 	-4.1681914 	1.3108514
-0.6018018 	-0.05 	0.091 	52.970807 	-4.1628881 	1.3122607
-0.6006006 	-0.05 	0.091 	52.977151 	-4.1575848 	1.3136701
-0.5993994 	-0.05 	0.091 	52.983495 	-4.1522815 	1.3150795
-0.5981982 	-0.05 	0.091 	52.989838 	-4.1469782 	1.3164889
-0.596997 	-0.05 	0.091 	52.996182 	-4.1416749 	1.3178983
-0.5957958 	-0.05 	0.091 	53.002526 	-4.1363715 	1.3193077
-0.59459459 	-0.05 	0.091 	53.00887 	-4.1310682 	1.3207171
-0.59339339 	-0.05 	0.091 	53.015213 	-4.1257649 	1.3221265
-0.59219219 	-0.05 	0.091 	53.021557 	-4.1204616 	1.3235358
-0.59099099 	-0.05 	0.091 	53.027901 	-4.1151583 	1.3249452
-0.58978979 	-0.05 	0.091 	53.034245 	-4.109855 	1.3263546
-0.58858859 	-0.05 	0.091 	53.040588 	-4.1045517 	1.327764
-0.58738739 	-0.05 	0.091 	53.046942 	-4.0992566 	1.3290452
-0.58618619 	-0.05 	0.091 	53.053323 	-4.0939837 	1.3299836
-0.58498498 	-0.05 	0.091 	53.059371 	-4.0878363 	1.33115
-0.58378378 	-0.05 	0.091 	53.065404 	-4.0816456 	1.3323277
-0.58258258 	-0.05 	0.091 	53.071436 	-4.0754548 	1.3335055
-0.58138138 	-0.05 	0.091 	53.077468 	-4.0692641 	1.3346832
-0.58018018 	-0.05 	0.091 	53.0835 	-4.0630734 	1.3358609
-0.57897898 	-0.05 	0.091 	53.089231 	-4.0579494 	1.3370111
-0.57777778 	-0.05 	0.091 	53.094542 	-4.0543085 	1.3381229
-0.57657658 	-0.05 	0.091 	53.099853 	-4.0506676 	1.3392348
-0.57537538 	-0.05 	0.091 	53.105165 	-4.0470267 	1.3403466
-0.57417417 	-0.05 	0.091 	53.110476 	-4.0433857 	1.3414585
-0.57297297 	-0.05 	0.091 	53.115787 	-4.0397448 	1.3425703
-0.57177177 	-0.05 	0.091 	53.120799 	-4.0345366 	1.3439316
-0.57057057 	-0.05 	0.091 	53.125794 	-4.0292416 	1.3453067
-0.56936937 	-0.05 	0.091 	53.130789 	-4.0239465 	1.3466818
-0.56816817 	-0.05 	0.091 	53.135784 	-4.0186515 	1.3480569
-0.56696697 	-0.05 	0.091 	53.140779 	-4.0133564 	1.349432
-0.56576577 	-0.05 	0.091 	53.145774 	-4.0080613 	1.3508071
-0.56456456 	-0.05 	0.091 	53.150769 	-4.0027663 	1.3521822
-0.56336336 	-0.05 	0.091 	53.155765 	-3.9974712 	1.3535573
-0.56216216 	-0.05 	0.091 	53.16076 	-3.9921762 	1.3549325
-0.56096096 	-0.05 	0.091 	53.165755 	-3.9868811 	1.3563076
-0.55975976 	-0.05 	0.091 	53.17075 	-3.981586 	1.3576827
-0.55855856 	-0.05 	0.091 	53.175745 	-3.976291 	1.3590578
-0.55735736 	-0.05 	0.091 	53.18074 	-3.9709959 	1.3604329
-0.55615616 	-0.05 	0.091 	53.185767 	-3.9657148 	1.3614008
-0.55495495 	-0.05 	0.091 	53.190667 	-3.9599002 	1.3624264
-0.55375375 	-0.05 	0.091 	53.195378 	-3.9533082 	1.36361
-0.55255255 	-0.05 	0.091 	53.200088 	-3.9467163 	1.3647937
-0.55135135 	-0.05 	0.091 	53.204799 	-3.9401244 	1.3659774
-0.55015015 	-0.05 	0.091 	53.20951 	-3.9335324 	1.367161
-0.54894895 	-0.05 	0.091 	53.214185 	-3.9270087 	1.3683401
-0.54774775 	-0.05 	0.091 	53.217885 	-3.9223312 	1.3693948
-0.54654655 	-0.05 	0.091 	53.221584 	-3.9176536 	1.3704495
-0.54534535 	-0.05 	0.091 	53.225284 	-3.9129761 	1.3715042
-0.54414414 	-0.05 	0.091 	53.228984 	-3.9082986 	1.372559
-0.54294294 	-0.05 	0.091 	53.232684 	-3.9036211 	1.3736137
-0.54174174 	-0.05 	0.091 	53.236545 	-3.898455 	1.3748632
-0.54054054 	-0.05 	0.091 	53.240475 	-3.8930768 	1.3761972
-0.53933934 	-0.05 	0.091 	53.244405 	-3.8876987 	1.3775313
-0.53813814 	-0.05 	0.091 	53.248335 	-3.8823205 	1.3788653
-0.53693694 	-0.05 	0.091 	53.252265 	-3.8769423 	1.3801994
-0.53573574 	-0.05 	0.091 	53.256196 	-3.8715642 	1.3815334
-0.53453453 	-0.05 	0.091 	53.260126 	-3.866186 	1.3828675
-0.53333333 	-0.05 	0.091 	53.264056 	-3.8608078 	1.3842015
-0.53213213 	-0.05 	0.091 	53.267986 	-3.8554297 	1.3855356
-0.53093093 	-0.05 	0.091 	53.271916 	-3.8500515 	1.3868696
-0.52972973 	-0.05 	0.091 	53.275847 	-3.8446733 	1.3882037
-0.52852853 	-0.05 	0.091 	53.279777 	-3.8392952 	1.3895377
-0.52732733 	-0.05 	0.091 	53.283707 	-3.833917 	1.3908718
-0.52612613 	-0.05 	0.091 	53.287658 	-3.8285442 	1.3919825
-0.52492492 	-0.05 	0.091 	53.291629 	-3.8231768 	1.3928721
-0.52372372 	-0.05 	0.091 	53.295647 	-3.817687 	1.3940137
-0.52252252 	-0.05 	0.091 	53.299666 	-3.8121959 	1.395158
-0.52132132 	-0.05 	0.091 	53.303684 	-3.8067047 	1.3963023
-0.52012012 	-0.05 	0.091 	53.307703 	-3.8012136 	1.3974466
-0.51891892 	-0.05 	0.091 	53.311721 	-3.7957225 	1.3985909
-0.51771772 	-0.05 	0.091 	53.314999 	-3.7905299 	1.3996494
-0.51651652 	-0.05 	0.091 	53.317873 	-3.7855003 	1.4006611
-0.51531532 	-0.05 	0.091 	53.320747 	-3.7804706 	1.4016729
-0.51411411 	-0.05 	0.091 	53.323621 	-3.775441 	1.4026846
-0.51291291 	-0.05 	0.091 	53.326495 	-3.7704113 	1.4036963
-0.51171171 	-0.05 	0.091 	53.329395 	-3.7653587 	1.4047937
-0.51051051 	-0.05 	0.091 	53.332351 	-3.7602554 	1.4060801
-0.50930931 	-0.05 	0.091 	53.335306 	-3.7551521 	1.4073664
-0.50810811 	-0.05 	0.091 	53.338262 	-3.7500489 	1.4086527
-0.50690691 	-0.05 	0.091 	53.341218 	-3.7449456 	1.4099391
-0.50570571 	-0.05 	0.091 	53.344173 	-3.7398423 	1.4112254
-0.5045045 	-0.05 	0.091 	53.347129 	-3.734739 	1.4125117
-0.5033033 	-0.05 	0.091 	53.350085 	-3.7296357 	1.4137981
-0.5021021 	-0.05 	0.091 	53.353041 	-3.7245324 	1.4150844
-0.5009009 	-0.05 	0.091 	53.355996 	-3.7194292 	1.4163707
-0.4996997 	-0.05 	0.091 	53.358952 	-3.7143259 	1.4176571
-0.4984985 	-0.05 	0.091 	53.361908 	-3.7092226 	1.4189434
-0.4972973 	-0.05 	0.091 	53.364863 	-3.7041193 	1.4202297
-0.4960961 	-0.05 	0.091 	53.367824 	-3.6990177 	1.4214666
-0.49489489 	-0.05 	0.091 	53.370823 	-3.693929 	1.4223245
-0.49369369 	-0.05 	0.091 	53.373725 	-3.68892 	1.4233213
-0.49249249 	-0.05 	0.091 	53.376553 	-3.6839711 	1.4244228
-0.49129129 	-0.05 	0.091 	53.379381 	-3.6790222 	1.4255243
-0.49009009 	-0.05 	0.091 	53.382209 	-3.6740733 	1.4266258
-0.48888889 	-0.05 	0.091 	53.385037 	-3.6691244 	1.4277273
-0.48768769 	-0.05 	0.091 	53.387549 	-3.6640462 	1.4287969
-0.48648649 	-0.05 	0.091 	53.389168 	-3.6586027 	1.4297761
-0.48528529 	-0.05 	0.091 	53.390788 	-3.6531591 	1.4307554
-0.48408408 	-0.05 	0.091 	53.392407 	-3.6477156 	1.4317346
-0.48288288 	-0.05 	0.091 	53.394027 	-3.642272 	1.4327138
-0.48168168 	-0.05 	0.091 	53.395646 	-3.6368285 	1.4336931
-0.48048048 	-0.05 	0.091 	53.397456 	-3.6318322 	1.4349266
-0.47927928 	-0.05 	0.091 	53.39927 	-3.6268446 	1.436165
-0.47807808 	-0.05 	0.091 	53.401084 	-3.6218569 	1.4374034
-0.47687688 	-0.05 	0.091 	53.402898 	-3.6168693 	1.4386418
-0.47567568 	-0.05 	0.091 	53.404712 	-3.6118816 	1.4398802
-0.47447447 	-0.05 	0.091 	53.406526 	-3.6068939 	1.4411186
-0.47327327 	-0.05 	0.091 	53.40834 	-3.6019063 	1.442357
-0.47207207 	-0.05 	0.091 	53.410154 	-3.5969186 	1.4435954
-0.47087087 	-0.05 	0.091 	53.411968 	-3.591931 	1.4448338
-0.46966967 	-0.05 	0.091 	53.413782 	-3.5869433 	1.4460722
-0.46846847 	-0.05 	0.091 	53.415596 	-3.5819556 	1.4473106
-0.46726727 	-0.05 	0.091 	53.41741 	-3.576968 	1.448549
-0.46606607 	-0.05 	0.091 	53.419224 	-3.5719803 	1.4497875
-0.46486486 	-0.05 	0.091 	53.421069 	-3.5670028 	1.4507247
-0.46366366 	-0.05 	0.091 	53.422914 	-3.5620715 	1.4515757
-0.46246246 	-0.05 	0.091 	53.424669 	-3.5575099 	1.4526417
-0.46126126 	-0.05 	0.091 	53.426423 	-3.5529484 	1.4537076
-0.46006006 	-0.05 	0.091 	53.428178 	-3.5483868 	1.4547736
-0.45885886 	-0.05 	0.091 	53.429933 	-3.5438252 	1.4558395
-0.45765766 	-0.05 	0.091 	53.431688 	-3.5392637 	1.4569055
-0.45645646 	-0.05 	0.091 	53.432383 	-3.5340029 	1.4578616
-0.45525526 	-0.05 	0.091 	53.432929 	-3.5286444 	1.4588023
-0.45405405 	-0.05 	0.091 	53.433476 	-3.5232858 	1.4597431
-0.45285285 	-0.05 	0.091 	53.434023 	-3.5179273 	1.4606839
-0.45165165 	-0.05 	0.091 	53.434569 	-3.5125687 	1.4616246
-0.45045045 	-0.05 	0.091 	53.435288 	-3.507531 	1.462741
-0.44924925 	-0.05 	0.091 	53.436081 	-3.5026303 	1.4639323
-0.44804805 	-0.05 	0.091 	53.436874 	-3.4977296 	1.4651237
-0.44684685 	-0.05 	0.091 	53.437667 	-3.4928288 	1.466315
-0.44564565 	-0.05 	0.091 	53.43846 	-3.4879281 	1.4675063
-0.44444444 	-0.05 	0.091 	53.439252 	-3.4830274 	1.4686977
-0.44324324 	-0.05 	0.091 	53.440045 	-3.4781267 	1.469889
-0.44204204 	-0.05 	0.091 	53.440838 	-3.473226 	1.4710804
-0.44084084 	-0.05 	0.091 	53.441631 	-3.4683253 	1.4722717
-0.43963964 	-0.05 	0.091 	53.442424 	-3.4634245 	1.4734631
-0.43843844 	-0.05 	0.091 	53.443216 	-3.4585238 	1.4746544
-0.43723724 	-0.05 	0.091 	53.444009 	-3.4536231 	1.4758458
-0.43603604 	-0.05 	0.091 	53.444802 	-3.4487224 	1.4770371
-0.43483483 	-0.05 	0.091 	53.445609 	-3.4438261 	1.4780906
-0.43363363 	-0.05 	0.091 	53.446442 	-3.4389381 	1.4788865
-0.43243243 	-0.05 	0.091 	53.447284 	-3.4343173 	1.4798199
-0.43123123 	-0.05 	0.091 	53.448132 	-3.429882 	1.4808487
-0.43003003 	-0.05 	0.091 	53.44898 	-3.4254467 	1.4818775
-0.42882883 	-0.05 	0.091 	53.449828 	-3.4210114 	1.4829063
-0.42762763 	-0.05 	0.091 	53.450676 	-3.4165761 	1.4839351
-0.42642643 	-0.05 	0.091 	53.450967 	-3.411778 	1.4849021
-0.42522523 	-0.05 	0.091 	53.450692 	-3.4066115 	1.4858063
-0.42402402 	-0.05 	0.091 	53.450418 	-3.401445 	1.4867105
-0.42282282 	-0.05 	0.091 	53.450144 	-3.3962784 	1.4876147
-0.42162162 	-0.05 	0.091 	53.449869 	-3.3911119 	1.4885189
-0.42042042 	-0.05 	0.091 	53.449619 	-3.3861072 	1.4895262
-0.41921922 	-0.05 	0.091 	53.449403 	-3.3813204 	1.4906724
-0.41801802 	-0.05 	0.091 	53.449186 	-3.3765336 	1.4918186
-0.41681682 	-0.05 	0.091 	53.448969 	-3.3717468 	1.4929648
-0.41561562 	-0.05 	0.091 	53.448752 	-3.36696 	1.494111
-0.41441441 	-0.05 	0.091 	53.448535 	-3.3621732 	1.4952572
-0.41321321 	-0.05 	0.091 	53.448319 	-3.3573865 	1.4964034
-0.41201201 	-0.05 	0.091 	53.448102 	-3.3525997 	1.4975496
-0.41081081 	-0.05 	0.091 	53.447885 	-3.3478129 	1.4986957
-0.40960961 	-0.05 	0.091 	53.447668 	-3.3430261 	1.4998419
-0.40840841 	-0.05 	0.091 	53.447452 	-3.3382393 	1.5009881
-0.40720721 	-0.05 	0.091 	53.447235 	-3.3334526 	1.5021343
-0.40600601 	-0.05 	0.091 	53.447018 	-3.3286658 	1.5032805
-0.4048048 	-0.05 	0.091 	53.446801 	-3.323879 	1.5044267
-0.4036036 	-0.05 	0.091 	53.446624 	-3.3191005 	1.5052064
-0.4024024 	-0.05 	0.091 	53.446428 	-3.3144141 	1.5060135
-0.4012012 	-0.05 	0.091 	53.44615 	-3.3101228 	1.5069959
-0.4 	-0.05 	0.091 	53.445872 	-3.3058315 	1.5079782
-0.3987988 	-0.05 	0.091 	53.445594 	-3.3015401 	1.5089606
-0.3975976 	-0.05 	0.091 	53.445315 	-3.2972488 	1.5099429
-0.3963964 	-0.05 	0.091 	53.444937 	-3.2929098 	1.5109151
-0.3951952 	-0.05 	0.091 	53.443755 	-3.2881868 	1.5118054
-0.39399399 	-0.05 	0.091 	53.442573 	-3.2834639 	1.5126957
-0.39279279 	-0.05 	0.091 	53.441391 	-3.2787409 	1.513586
-0.39159159 	-0.05 	0.091 	53.440209 	-3.274018 	1.5144762
-0.39039039 	-0.05 	0.091 	53.439021 	-3.2692964 	1.515374
-0.38918919 	-0.05 	0.091 	53.437666 	-3.2646116 	1.5164749
-0.38798799 	-0.05 	0.091 	53.43631 	-3.2599267 	1.5175757
-0.38678679 	-0.05 	0.091 	53.434954 	-3.2552419 	1.5186765
-0.38558559 	-0.05 	0.091 	53.433598 	-3.2505571 	1.5197774
-0.38438438 	-0.05 	0.091 	53.432243 	-3.2458723 	1.5208782
-0.38318318 	-0.05 	0.091 	53.430887 	-3.2411874 	1.521979
-0.38198198 	-0.05 	0.091 	53.429531 	-3.2365026 	1.5230798
-0.38078078 	-0.05 	0.091 	53.428176 	-3.2318178 	1.5241807
-0.37957958 	-0.05 	0.091 	53.42682 	-3.2271329 	1.5252815
-0.37837838 	-0.05 	0.091 	53.425464 	-3.2224481 	1.5263823
-0.37717718 	-0.05 	0.091 	53.424109 	-3.2177633 	1.5274831
-0.37597598 	-0.05 	0.091 	53.422753 	-3.2130785 	1.528584
-0.37477477 	-0.05 	0.091 	53.421397 	-3.2083936 	1.5296848
-0.37357357 	-0.05 	0.091 	53.420066 	-3.2037107 	1.5305749
-0.37237237 	-0.05 	0.091 	53.418753 	-3.1990291 	1.5313121
-0.37117117 	-0.05 	0.091 	53.417174 	-3.194535 	1.5322022
-0.36996997 	-0.05 	0.091 	53.415519 	-3.1900943 	1.5331358
-0.36876877 	-0.05 	0.091 	53.413864 	-3.1856535 	1.5340694
-0.36756757 	-0.05 	0.091 	53.412209 	-3.1812128 	1.535003
-0.36636637 	-0.05 	0.091 	53.410554 	-3.176772 	1.5359366
-0.36516517 	-0.05 	0.091 	53.408452 	-3.1721946 	1.5368182
-0.36396396 	-0.05 	0.091 	53.406182 	-3.1675654 	1.5376801
-0.36276276 	-0.05 	0.091 	53.403911 	-3.1629363 	1.5385421
-0.36156156 	-0.05 	0.091 	53.401641 	-3.1583071 	1.539404
-0.36036036 	-0.05 	0.091 	53.39937 	-3.1536779 	1.5402659
-0.35915916 	-0.05 	0.091 	53.397143 	-3.1487893 	1.5412577
-0.35795796 	-0.05 	0.091 	53.394933 	-3.1437879 	1.542306
-0.35675676 	-0.05 	0.091 	53.392724 	-3.1387864 	1.5433543
-0.35555556 	-0.05 	0.091 	53.390515 	-3.133785 	1.5444026
-0.35435435 	-0.05 	0.091 	53.388306 	-3.1287836 	1.5454509
-0.35315315 	-0.05 	0.091 	53.386097 	-3.1237822 	1.5464991
-0.35195195 	-0.05 	0.091 	53.383887 	-3.1187808 	1.5475474
-0.35075075 	-0.05 	0.091 	53.381678 	-3.1137794 	1.5485957
-0.34954955 	-0.05 	0.091 	53.379469 	-3.108778 	1.549644
-0.34834835 	-0.05 	0.091 	53.37726 	-3.1037765 	1.5506922
-0.34714715 	-0.05 	0.091 	53.375051 	-3.0987751 	1.5517405
-0.34594595 	-0.05 	0.091 	53.372841 	-3.0937737 	1.5527888
-0.34474474 	-0.05 	0.091 	53.370632 	-3.0887723 	1.5538371
-0.34354354 	-0.05 	0.091 	53.368433 	-3.0837681 	1.5548176
-0.34234234 	-0.05 	0.091 	53.366278 	-3.0787522 	1.5555209
-0.34114114 	-0.05 	0.091 	53.364117 	-3.0737595 	1.5562882
-0.33993994 	-0.05 	0.091 	53.361941 	-3.0688162 	1.557193
-0.33873874 	-0.05 	0.091 	53.359766 	-3.063873 	1.5580978
-0.33753754 	-0.05 	0.091 	53.357591 	-3.0589297 	1.5590025
-0.33633634 	-0.05 	0.091 	53.355416 	-3.0539864 	1.5599073
-0.33513514 	-0.05 	0.091 	53.353177 	-3.0488118 	1.5607827
-0.33393393 	-0.05 	0.091 	53.350817 	-3.0431947 	1.5616017
-0.33273273 	-0.05 	0.091 	53.348457 	-3.0375776 	1.5624207
-0.33153153 	-0.05 	0.091 	53.346097 	-3.0319605 	1.5632398
-0.33033033 	-0.05 	0.091 	53.343737 	-3.0263435 	1.5640588
-0.32912913 	-0.05 	0.091 	53.341117 	-3.0211389 	1.5649423
-0.32792793 	-0.05 	0.091 	53.338127 	-3.0165215 	1.5659175
-0.32672673 	-0.05 	0.091 	53.335137 	-3.0119041 	1.5668927
-0.32552553 	-0.05 	0.091 	53.332147 	-3.0072867 	1.567868
-0.32432432 	-0.05 	0.091 	53.329156 	-3.0026693 	1.5688432
-0.32312312 	-0.05 	0.091 	53.326166 	-2.9980519 	1.5698184
-0.32192192 	-0.05 	0.091 	53.323176 	-2.9934345 	1.5707936
-0.32072072 	-0.05 	0.091 	53.320185 	-2.9888171 	1.5717689
-0.31951952 	-0.05 	0.091 	53.317195 	-2.9841997 	1.5727441
-0.31831832 	-0.05 	0.091 	53.314205 	-2.9795823 	1.5737193
-0.31711712 	-0.05 	0.091 	53.311215 	-2.9749649 	1.5746945
-0.31591592 	-0.05 	0.091 	53.308224 	-2.9703475 	1.5756698
-0.31471471 	-0.05 	0.091 	53.305234 	-2.96573 	1.576645
-0.31351351 	-0.05 	0.091 	53.302244 	-2.9611126 	1.5776202
-0.31231231 	-0.05 	0.091 	53.299309 	-2.9564885 	1.5783334
-0.31111111 	-0.05 	0.091 	53.296387 	-2.9518628 	1.5789868
-0.30990991 	-0.05 	0.091 	53.293129 	-2.9480971 	1.5797587
-0.30870871 	-0.05 	0.091 	53.289793 	-2.9445321 	1.5805583
-0.30750751 	-0.05 	0.091 	53.286457 	-2.9409671 	1.5813579
-0.30630631 	-0.05 	0.091 	53.283121 	-2.9374022 	1.5821575
-0.30510511 	-0.05 	0.091 	53.279785 	-2.9338372 	1.5829571
-0.3039039 	-0.05 	0.091 	53.276618 	-2.9298579 	1.5837193
-0.3027027 	-0.05 	0.091 	53.273458 	-2.9258623 	1.58448
-0.3015015 	-0.05 	0.091 	53.270297 	-2.9218667 	1.5852407
-0.3003003 	-0.05 	0.091 	53.267137 	-2.9178711 	1.5860015
-0.2990991 	-0.05 	0.091 	53.263836 	-2.9138472 	1.5867807
-0.2978979 	-0.05 	0.091 	53.259653 	-2.9096456 	1.5876765
-0.2966967 	-0.05 	0.091 	53.25547 	-2.9054439 	1.5885723
-0.2954955 	-0.05 	0.091 	53.251286 	-2.9012423 	1.5894681
-0.29429429 	-0.05 	0.091 	53.247103 	-2.8970406 	1.5903639
-0.29309309 	-0.05 	0.091 	53.24292 	-2.8928389 	1.5912597
-0.29189189 	-0.05 	0.091 	53.238737 	-2.8886373 	1.5921554
-0.29069069 	-0.05 	0.091 	53.234553 	-2.8844356 	1.5930512
-0.28948949 	-0.05 	0.091 	53.23037 	-2.880234 	1.593947
-0.28828829 	-0.05 	0.091 	53.226187 	-2.8760323 	1.5948428
-0.28708709 	-0.05 	0.091 	53.222003 	-2.8718307 	1.5957386
-0.28588589 	-0.05 	0.091 	53.21782 	-2.867629 	1.5966344
-0.28468468 	-0.05 	0.091 	53.213637 	-2.8634274 	1.5975302
-0.28348348 	-0.05 	0.091 	53.209454 	-2.8592257 	1.598426
-0.28228228 	-0.05 	0.091 	53.205304 	-2.85502 	1.5991944
-0.28108108 	-0.05 	0.091 	53.201198 	-2.8508088 	1.5997947
-0.27987988 	-0.05 	0.091 	53.196789 	-2.8465231 	1.6004544
-0.27867868 	-0.05 	0.091 	53.191933 	-2.8421271 	1.6012023
-0.27747748 	-0.05 	0.091 	53.187076 	-2.837731 	1.6019503
-0.27627628 	-0.05 	0.091 	53.18222 	-2.8333349 	1.6026982
-0.27507508 	-0.05 	0.091 	53.177363 	-2.8289388 	1.6034461
-0.27387387 	-0.05 	0.091 	53.172768 	-2.8248614 	1.6041756
-0.27267267 	-0.05 	0.091 	53.168366 	-2.8210184 	1.6048917
-0.27147147 	-0.05 	0.091 	53.163963 	-2.8171754 	1.6056078
-0.27027027 	-0.05 	0.091 	53.159561 	-2.8133324 	1.6063238
-0.26906907 	-0.05 	0.091 	53.155158 	-2.8094894 	1.6070399
-0.26786787 	-0.05 	0.091 	53.149982 	-2.80547 	1.6078242
-0.26666667 	-0.05 	0.091 	53.144556 	-2.8013936 	1.6086307
-0.26546547 	-0.05 	0.091 	53.13913 	-2.7973171 	1.6094371
-0.26426426 	-0.05 	0.091 	53.133705 	-2.7932407 	1.6102436
-0.26306306 	-0.05 	0.091 	53.128279 	-2.7891642 	1.61105
-0.26186186 	-0.05 	0.091 	53.122853 	-2.7850878 	1.6118565
-0.26066066 	-0.05 	0.091 	53.117427 	-2.7810113 	1.6126629
-0.25945946 	-0.05 	0.091 	53.112001 	-2.7769349 	1.6134694
-0.25825826 	-0.05 	0.091 	53.106575 	-2.7728584 	1.6142758
-0.25705706 	-0.05 	0.091 	53.101149 	-2.768782 	1.6150823
-0.25585586 	-0.05 	0.091 	53.095723 	-2.7647056 	1.6158887
-0.25465465 	-0.05 	0.091 	53.090297 	-2.7606291 	1.6166952
-0.25345345 	-0.05 	0.091 	53.084872 	-2.7565527 	1.6175016
-0.25225225 	-0.05 	0.091 	53.07945 	-2.7524761 	1.6182955
-0.25105105 	-0.05 	0.091 	53.074114 	-2.7483977 	1.6188348
-0.24984985 	-0.05 	0.091 	53.068778 	-2.7443192 	1.619374
-0.24864865 	-0.05 	0.091 	53.062609 	-2.7404187 	1.6200211
-0.24744745 	-0.05 	0.091 	53.056432 	-2.7365198 	1.6206691
-0.24624625 	-0.05 	0.091 	53.050255 	-2.732621 	1.6213172
-0.24504505 	-0.05 	0.091 	53.044077 	-2.7287222 	1.6219653
-0.24384384 	-0.05 	0.091 	53.038059 	-2.7249622 	1.6226069
-0.24264264 	-0.05 	0.091 	53.0327 	-2.7217807 	1.6232213
-0.24144144 	-0.05 	0.091 	53.027342 	-2.7185992 	1.6238358
-0.24024024 	-0.05 	0.091 	53.021984 	-2.7154177 	1.6244502
-0.23903904 	-0.05 	0.091 	53.016626 	-2.7122361 	1.6250647
-0.23783784 	-0.05 	0.091 	53.010674 	-2.7086097 	1.6257184
-0.23663664 	-0.05 	0.091 	53.003906 	-2.7043722 	1.6264262
-0.23543544 	-0.05 	0.091 	52.997138 	-2.7001346 	1.6271341
-0.23423423 	-0.05 	0.091 	52.990371 	-2.6958971 	1.6278419
-0.23303303 	-0.05 	0.091 	52.983603 	-2.6916595 	1.6285497
-0.23183183 	-0.05 	0.091 	52.976836 	-2.6874219 	1.6292575
-0.23063063 	-0.05 	0.091 	52.970068 	-2.6831844 	1.6299653
-0.22942943 	-0.05 	0.091 	52.963301 	-2.6789468 	1.6306731
-0.22822823 	-0.05 	0.091 	52.956533 	-2.6747093 	1.6313809
-0.22702703 	-0.05 	0.091 	52.949766 	-2.6704717 	1.6320887
-0.22582583 	-0.05 	0.091 	52.942998 	-2.6662342 	1.6327965
-0.22462462 	-0.05 	0.091 	52.936231 	-2.6619966 	1.6335044
-0.22342342 	-0.05 	0.091 	52.929463 	-2.6577591 	1.6342122
-0.22222222 	-0.05 	0.091 	52.922696 	-2.6535215 	1.63492
-0.22102102 	-0.05 	0.091 	52.915992 	-2.6492928 	1.635471
-0.21981982 	-0.05 	0.091 	52.909322 	-2.6450685 	1.6359425
-0.21861862 	-0.05 	0.091 	52.902052 	-2.6404618 	1.6364669
-0.21741742 	-0.05 	0.091 	52.894236 	-2.635507 	1.6370394
-0.21621622 	-0.05 	0.091 	52.886421 	-2.6305521 	1.6376118
-0.21501502 	-0.05 	0.091 	52.878606 	-2.6255973 	1.6381843
-0.21381381 	-0.05 	0.091 	52.87079 	-2.6206425 	1.6387568
-0.21261261 	-0.05 	0.091 	52.864028 	-2.6160434 	1.6393205
-0.21141141 	-0.05 	0.091 	52.857514 	-2.6115278 	1.6398821
-0.21021021 	-0.05 	0.091 	52.850999 	-2.6070121 	1.6404437
-0.20900901 	-0.05 	0.091 	52.844485 	-2.6024965 	1.6410053
-0.20780781 	-0.05 	0.091 	52.837722 	-2.5979739 	1.6415725
-0.20660661 	-0.05 	0.091 	52.829404 	-2.5934078 	1.6421745
-0.20540541 	-0.05 	0.091 	52.821085 	-2.5888416 	1.6427766
-0.2042042 	-0.05 	0.091 	52.812767 	-2.5842755 	1.6433786
-0.203003 	-0.05 	0.091 	52.804449 	-2.5797093 	1.6439807
-0.2018018 	-0.05 	0.091 	52.796131 	-2.5751431 	1.6445827
-0.2006006 	-0.05 	0.091 	52.787813 	-2.570577 	1.6451848
-0.1993994 	-0.05 	0.091 	52.779495 	-2.5660108 	1.6457868
-0.1981982 	-0.05 	0.091 	52.771177 	-2.5614447 	1.6463889
-0.196997 	-0.05 	0.091 	52.762859 	-2.5568785 	1.6469909
-0.1957958 	-0.05 	0.091 	52.754541 	-2.5523124 	1.647593
-0.19459459 	-0.05 	0.091 	52.746223 	-2.5477462 	1.648195
-0.19339339 	-0.05 	0.091 	52.737905 	-2.54318 	1.6487971
-0.19219219 	-0.05 	0.091 	52.729587 	-2.5386139 	1.6493991
-0.19099099 	-0.05 	0.091 	52.721298 	-2.5340485 	1.6499463
-0.18978979 	-0.05 	0.091 	52.713086 	-2.529485 	1.6503521
-0.18858859 	-0.05 	0.091 	52.704848 	-2.5249327 	1.6507588
-0.18738739 	-0.05 	0.091 	52.695304 	-2.5209524 	1.6512166
-0.18618619 	-0.05 	0.091 	52.685761 	-2.516972 	1.6516744
-0.18498498 	-0.05 	0.091 	52.676217 	-2.5129917 	1.6521321
-0.18378378 	-0.05 	0.091 	52.666673 	-2.5090114 	1.6525899
-0.18258258 	-0.05 	0.091 	52.657908 	-2.5052832 	1.6530535
-0.18138138 	-0.05 	0.091 	52.650191 	-2.5018943 	1.6535248
-0.18018018 	-0.05 	0.091 	52.642474 	-2.4985054 	1.6539961
-0.17897898 	-0.05 	0.091 	52.634757 	-2.4951165 	1.6544674
-0.17777778 	-0.05 	0.091 	52.62704 	-2.4917276 	1.6549387
-0.17657658 	-0.05 	0.091 	52.617598 	-2.48744 	1.6554278
-0.17537538 	-0.05 	0.091 	52.607867 	-2.4830015 	1.6559199
-0.17417417 	-0.05 	0.091 	52.598135 	-2.4785629 	1.656412
-0.17297297 	-0.05 	0.091 	52.588403 	-2.4741244 	1.656904
-0.17177177 	-0.05 	0.091 	52.578671 	-2.4696858 	1.6573961
-0.17057057 	-0.05 	0.091 	52.56894 	-2.4652473 	1.6578882
-0.16936937 	-0.05 	0.091 	52.559208 	-2.4608087 	1.6583803
-0.16816817 	-0.05 	0.091 	52.549476 	-2.4563702 	1.6588724
-0.16696697 	-0.05 	0.091 	52.539744 	-2.4519316 	1.6593645
-0.16576577 	-0.05 	0.091 	52.530013 	-2.4474931 	1.6598566
-0.16456456 	-0.05 	0.091 	52.520281 	-2.4430545 	1.6603487
-0.16336336 	-0.05 	0.091 	52.510549 	-2.438616 	1.6608408
-0.16216216 	-0.05 	0.091 	52.500817 	-2.4341775 	1.6613329
-0.16096096 	-0.05 	0.091 	52.491086 	-2.4297389 	1.661825
-0.15975976 	-0.05 	0.091 	52.481457 	-2.4252973 	1.6621691
-0.15855856 	-0.05 	0.091 	52.471841 	-2.4208553 	1.662496
-0.15735736 	-0.05 	0.091 	52.461337 	-2.4162564 	1.6628483
-0.15615616 	-0.05 	0.091 	52.450273 	-2.4115585 	1.6632166
-0.15495495 	-0.05 	0.091 	52.439209 	-2.4068606 	1.6635849
-0.15375375 	-0.05 	0.091 	52.428145 	-2.4021627 	1.6639532
-0.15255255 	-0.05 	0.091 	52.417168 	-2.3975542 	1.6643213
-0.15135135 	-0.05 	0.091 	52.408197 	-2.395008 	1.6646844
-0.15015015 	-0.05 	0.091 	52.399227 	-2.3924619 	1.6650474
-0.14894895 	-0.05 	0.091 	52.390257 	-2.3899158 	1.6654105
-0.14774775 	-0.05 	0.091 	52.381286 	-2.3873697 	1.6657736
-0.14654655 	-0.05 	0.091 	52.371263 	-2.3843036 	1.6661415
-0.14534535 	-0.05 	0.091 	52.36009 	-2.3806699 	1.6665146
-0.14414414 	-0.05 	0.091 	52.348916 	-2.3770362 	1.6668878
-0.14294294 	-0.05 	0.091 	52.337743 	-2.3734025 	1.667261
-0.14174174 	-0.05 	0.091 	52.32657 	-2.3697688 	1.6676342
-0.14054054 	-0.05 	0.091 	52.315396 	-2.3661351 	1.6680074
-0.13933934 	-0.05 	0.091 	52.304223 	-2.3625014 	1.6683805
-0.13813814 	-0.05 	0.091 	52.29305 	-2.3588677 	1.6687537
-0.13693694 	-0.05 	0.091 	52.281877 	-2.355234 	1.6691269
-0.13573574 	-0.05 	0.091 	52.270703 	-2.3516003 	1.6695001
-0.13453453 	-0.05 	0.091 	52.25953 	-2.3479666 	1.6698732
-0.13333333 	-0.05 	0.091 	52.248357 	-2.3443329 	1.6702464
-0.13213213 	-0.05 	0.091 	52.237184 	-2.3406992 	1.6706196
-0.13093093 	-0.05 	0.091 	52.22601 	-2.3370655 	1.6709928
-0.12972973 	-0.05 	0.091 	52.2149 	-2.3334155 	1.6712995
-0.12852853 	-0.05 	0.091 	52.203849 	-2.3297496 	1.6715425
-0.12732733 	-0.05 	0.091 	52.192488 	-2.3259919 	1.6717881
-0.12612613 	-0.05 	0.091 	52.179767 	-2.3218311 	1.6720457
-0.12492492 	-0.05 	0.091 	52.167046 	-2.3176703 	1.6723033
-0.12372372 	-0.05 	0.091 	52.154325 	-2.3135095 	1.6725609
-0.12252252 	-0.05 	0.091 	52.141603 	-2.3093487 	1.6728186
-0.12132132 	-0.05 	0.091 	52.130345 	-2.3073589 	1.6730772
-0.12012012 	-0.05 	0.091 	52.119856 	-2.3065104 	1.6733364
-0.11891892 	-0.05 	0.091 	52.109367 	-2.3056619 	1.6735956
-0.11771772 	-0.05 	0.091 	52.098879 	-2.3048133 	1.6738548
-0.11651652 	-0.05 	0.091 	52.087973 	-2.3036799 	1.6741105
-0.11531532 	-0.05 	0.091 	52.074797 	-2.3009941 	1.6743467
-0.11411411 	-0.05 	0.091 	52.061622 	-2.2983084 	1.6745829
-0.11291291 	-0.05 	0.091 	52.048446 	-2.2956226 	1.6748191
-0.11171171 	-0.05 	0.091 	52.03527 	-2.2929368 	1.6750554
-0.11051051 	-0.05 	0.091 	52.022095 	-2.290251 	1.6752916
-0.10930931 	-0.05 	0.091 	52.008919 	-2.2875652 	1.6755278
-0.10810811 	-0.05 	0.091 	51.995743 	-2.2848795 	1.675764
-0.10690691 	-0.05 	0.091 	51.982568 	-2.2821937 	1.6760002
-0.10570571 	-0.05 	0.091 	51.969392 	-2.2795079 	1.6762365
-0.1045045 	-0.05 	0.091 	51.956216 	-2.2768221 	1.6764727
-0.1033033 	-0.05 	0.091 	51.943041 	-2.2741364 	1.6767089
-0.1021021 	-0.05 	0.091 	51.929865 	-2.2714506 	1.6769451
-0.1009009 	-0.05 	0.091 	51.916689 	-2.2687648 	1.6771814
-0.0996997 	-0.05 	0.091 	51.90353 	-2.2660714 	1.6774077
-0.098498498 	-0.05 	0.091 	51.890492 	-2.263323 	1.6775633
-0.097297297 	-0.05 	0.091 	51.877454 	-2.2605746 	1.6777188
-0.096096096 	-0.05 	0.091 	51.863103 	-2.2568884 	1.6778738
-0.094894895 	-0.05 	0.091 	51.848158 	-2.2527793 	1.6780285
-0.093693694 	-0.05 	0.091 	51.833214 	-2.2486702 	1.6781832
-0.092492492 	-0.05 	0.091 	51.81827 	-2.244561 	1.678338
-0.091291291 	-0.05 	0.091 	51.80394 	-2.2415139 	1.6784912
-0.09009009 	-0.05 	0.091 	51.791297 	-2.2413834 	1.6786403
-0.088888889 	-0.05 	0.091 	51.778654 	-2.2412529 	1.6787895
-0.087687688 	-0.05 	0.091 	51.766011 	-2.2411224 	1.6789386
-0.086486486 	-0.05 	0.091 	51.753368 	-2.2409919 	1.6790878
-0.085285285 	-0.05 	0.091 	51.739533 	-2.2400985 	1.6791625
-0.084084084 	-0.05 	0.091 	51.72556 	-2.2391164 	1.6792285
-0.082882883 	-0.05 	0.091 	51.711587 	-2.2381343 	1.6792945
-0.081681682 	-0.05 	0.091 	51.697614 	-2.2371522 	1.6793605
-0.08048048 	-0.05 	0.091 	51.68364 	-2.2361701 	1.6794265
-0.079279279 	-0.05 	0.091 	51.669667 	-2.235188 	1.6794925
-0.078078078 	-0.05 	0.091 	51.655694 	-2.2342059 	1.6795586
-0.076876877 	-0.05 	0.091 	51.641721 	-2.2332238 	1.6796246
-0.075675676 	-0.05 	0.091 	51.627747 	-2.2322417 	1.6796906
-0.074474474 	-0.05 	0.091 	51.613774 	-2.2312596 	1.6797566
-0.073273273 	-0.05 	0.091 	51.599801 	-2.2302775 	1.6798226
-0.072072072 	-0.05 	0.091 	51.585828 	-2.2292954 	1.6798886
-0.070870871 	-0.05 	0.091 	51.571854 	-2.2283133 	1.6799547
-0.06966967 	-0.05 	0.091 	51.557881 	-2.2273312 	1.6800207
-0.068468468 	-0.05 	0.091 	51.544038 	-2.2262739 	1.680066
-0.067267267 	-0.05 	0.091 	51.530243 	-2.2251893 	1.6801038
-0.066066066 	-0.05 	0.091 	51.516397 	-2.224075 	1.6801358
-0.064864865 	-0.05 	0.091 	51.502214 	-2.2227656 	1.6801291
-0.063663664 	-0.05 	0.091 	51.488031 	-2.2214563 	1.6801225
-0.062462462 	-0.05 	0.091 	51.473848 	-2.2201469 	1.6801159
-0.061261261 	-0.05 	0.091 	51.459665 	-2.2188375 	1.6801093
-0.06006006 	-0.05 	0.091 	51.447811 	-2.2216731 	1.6800981
-0.058858859 	-0.05 	0.091 	51.436278 	-2.2250806 	1.6800864
-0.057657658 	-0.05 	0.091 	51.424745 	-2.228488 	1.6800746
-0.056456456 	-0.05 	0.091 	51.413212 	-2.2318955 	1.6800629
-0.055255255 	-0.05 	0.091 	51.39875 	-2.2351713 	1.6800475
-0.054054054 	-0.05 	0.091 	51.381898 	-2.2383399 	1.6800292
-0.052852853 	-0.05 	0.091 	51.365046 	-2.2415084 	1.680011
-0.051651652 	-0.05 	0.091 	51.348194 	-2.2446769 	1.6799927
-0.05045045 	-0.05 	0.091 	51.331342 	-2.2478454 	1.6799744
-0.049249249 	-0.05 	0.091 	51.31449 	-2.2510139 	1.6799562
-0.048048048 	-0.05 	0.091 	51.297638 	-2.2541824 	1.6799379
-0.046846847 	-0.05 	0.091 	51.280786 	-2.2573509 	1.6799196
-0.045645646 	-0.05 	0.091 	51.263935 	-2.2605195 	1.6799013
-0.044444444 	-0.05 	0.091 	51.247083 	-2.263688 	1.6798831
-0.043243243 	-0.05 	0.091 	51.230231 	-2.2668565 	1.6798648
-0.042042042 	-0.05 	0.091 	51.213379 	-2.270025 	1.6798465
-0.040840841 	-0.05 	0.091 	51.196527 	-2.2731935 	1.6798282
-0.03963964 	-0.05 	0.091 	51.179675 	-2.276362 	1.67981
-0.038438438 	-0.05 	0.091 	51.16287 	-2.2795073 	1.6797931
-0.037237237 	-0.05 	0.091 	51.146178 	-2.2825968 	1.6797794
-0.036036036 	-0.05 	0.091 	51.129167 	-2.285714 	1.6797657
-0.034834835 	-0.05 	0.091 	51.108244 	-2.289171 	1.6797507
-0.033633634 	-0.05 	0.091 	51.08732 	-2.2926279 	1.6797356
-0.032432432 	-0.05 	0.091 	51.066397 	-2.2960849 	1.6797206
-0.031231231 	-0.05 	0.091 	51.045474 	-2.2995419 	1.6797055
-0.03003003 	-0.05 	0.091 	51.025422 	-2.3044885 	1.6796275
-0.028828829 	-0.05 	0.091 	51.006616 	-2.3115651 	1.6794594
-0.027627628 	-0.05 	0.091 	50.98781 	-2.3186417 	1.6792913
-0.026426426 	-0.05 	0.091 	50.969004 	-2.3257183 	1.6791232
-0.025225225 	-0.05 	0.091 	50.950198 	-2.3327949 	1.6789551
-0.024024024 	-0.05 	0.091 	50.931392 	-2.3398715 	1.678787
-0.022822823 	-0.05 	0.091 	50.912586 	-2.3469481 	1.6786189
-0.021621622 	-0.05 	0.091 	50.895283 	-2.3542633 	1.678426
-0.02042042 	-0.05 	0.091 	50.872894 	-2.3616628 	1.6783108
-0.019219219 	-0.05 	0.091 	50.85019 	-2.3690559 	1.6782005
-0.018018018 	-0.05 	0.091 	50.827486 	-2.376449 	1.6780901
-0.016816817 	-0.05 	0.091 	50.804783 	-2.3838421 	1.6779797
-0.015615616 	-0.05 	0.091 	50.782079 	-2.3912352 	1.6778694
-0.014414414 	-0.05 	0.091 	50.759375 	-2.3986283 	1.677759
-0.013213213 	-0.05 	0.091 	50.737684 	-2.4062495 	1.6776109
-0.012012012 	-0.05 	0.091 	50.722039 	-2.4152324 	1.6772373
-0.010810811 	-0.05 	0.091 	50.706393 	-2.4242153 	1.6768638
-0.0096096096 	-0.05 	0.091 	50.690748 	-2.4331982 	1.6764902
-0.0084084084 	-0.05 	0.091 	50.675102 	-2.4421811 	1.6761166
-0.0072072072 	-0.05 	0.091 	50.658293 	-2.4505368 	1.6758825
-0.006006006 	-0.05 	0.091 	50.641226 	-2.4587541 	1.6756793
-0.0048048048 	-0.05 	0.091 	50.624159 	-2.4669714 	1.675476
-0.0036036036 	-0.05 	0.091 	50.607092 	-2.4751887 	1.6752727
-0.0024024024 	-0.05 	0.091 	50.590025 	-2.483406 	1.6750694
-0.0012012012 	-0.05 	0.091 	50.572958 	-2.4916233 	1.6748661
-7.9669259e-15 	-0.05 	0.091 	50.555891 	-2.4998406 	1.6746628
