-1.2 	-0.05 	0.01 	43.955552 	-1.4535284 	0.056277012
-1.1987988 	-0.05 	0.01 	43.95138 	-1.4783062 	0.056273322
-1.1975976 	-0.05 	0.01 	43.947208 	-1.5030839 	0.056269632
-1.1963964 	-0.05 	0.01 	43.943035 	-1.5278616 	0.056265942
-1.1951952 	-0.05 	0.01 	43.938863 	-1.5526394 	0.056262252
-1.193994 	-0.05 	0.01 	43.934691 	-1.5774171 	0.056258562
-1.1927928 	-0.05 	0.01 	43.930519 	-1.6021949 	0.056254873
-1.1915916 	-0.05 	0.01 	43.926347 	-1.6269726 	0.056251183
-1.1903904 	-0.05 	0.01 	43.922175 	-1.6517503 	0.056247493
-1.1891892 	-0.05 	0.01 	43.918002 	-1.6765281 	0.056243803
-1.187988 	-0.05 	0.01 	43.91383 	-1.7013058 	0.056240113
-1.1867868 	-0.05 	0.01 	43.909658 	-1.7260835 	0.056236423
-1.1855856 	-0.05 	0.01 	43.905486 	-1.7508613 	0.056232733
-1.1843844 	-0.05 	0.01 	43.901314 	-1.775639 	0.056229043
-1.1831832 	-0.05 	0.01 	43.897141 	-1.8004167 	0.056225353
-1.181982 	-0.05 	0.01 	43.892969 	-1.8251945 	0.056221663
-1.1807808 	-0.05 	0.01 	43.888797 	-1.8499722 	0.056217973
-1.1795796 	-0.05 	0.01 	43.884625 	-1.87475 	0.056214283
-1.1783784 	-0.05 	0.01 	43.880453 	-1.8995277 	0.056210593
-1.1771772 	-0.05 	0.01 	43.876281 	-1.9243054 	0.056206903
-1.175976 	-0.05 	0.01 	43.872108 	-1.9490832 	0.056203213
-1.1747748 	-0.05 	0.01 	43.867936 	-1.9738609 	0.056199524
-1.1735736 	-0.05 	0.01 	43.863764 	-1.9986386 	0.056195834
-1.1723724 	-0.05 	0.01 	43.859469 	-2.0235338 	0.05623909
-1.1711712 	-0.05 	0.01 	43.854 	-2.049556 	0.056732929
-1.16997 	-0.05 	0.01 	43.84853 	-2.0755782 	0.057226767
-1.1687688 	-0.05 	0.01 	43.843061 	-2.1016004 	0.057720605
-1.1675676 	-0.05 	0.01 	43.837591 	-2.1276226 	0.058214444
-1.1663664 	-0.05 	0.01 	43.832122 	-2.1536449 	0.058708282
-1.1651652 	-0.05 	0.01 	43.826652 	-2.1796671 	0.059202121
-1.163964 	-0.05 	0.01 	43.821183 	-2.2056893 	0.059695959
-1.1627628 	-0.05 	0.01 	43.815713 	-2.2317115 	0.060189797
-1.1615616 	-0.05 	0.01 	43.810244 	-2.2577337 	0.060683636
-1.1603604 	-0.05 	0.01 	43.804774 	-2.2837559 	0.061177474
-1.1591592 	-0.05 	0.01 	43.799305 	-2.3097781 	0.061671312
-1.157958 	-0.05 	0.01 	43.809478 	-2.3358773 	0.061696279
-1.1567568 	-0.05 	0.01 	43.820488 	-2.3619806 	0.061696163
-1.1555556 	-0.05 	0.01 	43.831499 	-2.3880839 	0.061696046
-1.1543544 	-0.05 	0.01 	43.842509 	-2.4141871 	0.06169593
-1.1531532 	-0.05 	0.01 	43.853519 	-2.4402904 	0.061695814
-1.151952 	-0.05 	0.01 	43.864529 	-2.4663937 	0.061695697
-1.1507508 	-0.05 	0.01 	43.87554 	-2.492497 	0.061695581
-1.1495495 	-0.05 	0.01 	43.88655 	-2.5186003 	0.061695464
-1.1483483 	-0.05 	0.01 	43.89756 	-2.5447036 	0.061695348
-1.1471471 	-0.05 	0.01 	43.90857 	-2.5708068 	0.061695232
-1.1459459 	-0.05 	0.01 	43.919581 	-2.5969101 	0.061695115
-1.1447447 	-0.05 	0.01 	43.930591 	-2.6230134 	0.061694999
-1.1435435 	-0.05 	0.01 	43.941601 	-2.6491167 	0.061694882
-1.1423423 	-0.05 	0.01 	43.952612 	-2.67522 	0.061694766
-1.1411411 	-0.05 	0.01 	43.963622 	-2.7013233 	0.06169465
-1.1399399 	-0.05 	0.01 	43.974632 	-2.7274265 	0.061694533
-1.1387387 	-0.05 	0.01 	43.985642 	-2.7535298 	0.061694417
-1.1375375 	-0.05 	0.01 	43.996653 	-2.7796331 	0.0616943
-1.1363363 	-0.05 	0.01 	44.007663 	-2.8057364 	0.061694184
-1.1351351 	-0.05 	0.01 	44.018673 	-2.8318397 	0.061694067
-1.1339339 	-0.05 	0.01 	44.029683 	-2.857943 	0.061693951
-1.1327327 	-0.05 	0.01 	44.040694 	-2.8840463 	0.061693835
-1.1315315 	-0.05 	0.01 	44.051704 	-2.9101495 	0.061693718
-1.1303303 	-0.05 	0.01 	44.062714 	-2.9362528 	0.061693602
-1.1291291 	-0.05 	0.01 	44.073725 	-2.9623561 	0.061693485
-1.1279279 	-0.05 	0.01 	44.084735 	-2.9884594 	0.061693369
-1.1267267 	-0.05 	0.01 	44.095745 	-3.0145627 	0.061693253
-1.1255255 	-0.05 	0.01 	44.106755 	-3.040666 	0.061693136
-1.1243243 	-0.05 	0.01 	44.117766 	-3.0667692 	0.06169302
-1.1231231 	-0.05 	0.01 	44.128776 	-3.0928725 	0.061692903
-1.1219219 	-0.05 	0.01 	44.139786 	-3.1189758 	0.061692787
-1.1207207 	-0.05 	0.01 	44.151061 	-3.1447234 	0.061887533
-1.1195195 	-0.05 	0.01 	44.162875 	-3.1697473 	0.062478751
-1.1183183 	-0.05 	0.01 	44.174688 	-3.1947713 	0.063069969
-1.1171171 	-0.05 	0.01 	44.186502 	-3.2197952 	0.063661186
-1.1159159 	-0.05 	0.01 	44.198316 	-3.2448192 	0.064252404
-1.1147147 	-0.05 	0.01 	44.210129 	-3.2698431 	0.064843621
-1.1135135 	-0.05 	0.01 	44.221943 	-3.294867 	0.065434839
-1.1123123 	-0.05 	0.01 	44.233756 	-3.319891 	0.066026056
-1.1111111 	-0.05 	0.01 	44.24557 	-3.3449149 	0.066617274
-1.1099099 	-0.05 	0.01 	44.257384 	-3.3699389 	0.067208492
-1.1087087 	-0.05 	0.01 	44.269197 	-3.3949628 	0.067799709
-1.1075075 	-0.05 	0.01 	44.281011 	-3.4199867 	0.068390927
-1.1063063 	-0.05 	0.01 	44.293084 	-3.4518556 	0.068673292
-1.1051051 	-0.05 	0.01 	44.305163 	-3.4838925 	0.068948075
-1.1039039 	-0.05 	0.01 	44.317243 	-3.5159294 	0.069222857
-1.1027027 	-0.05 	0.01 	44.329323 	-3.5479664 	0.06949764
-1.1015015 	-0.05 	0.01 	44.341402 	-3.5800033 	0.069772422
-1.1003003 	-0.05 	0.01 	44.353482 	-3.6120402 	0.070047204
-1.0990991 	-0.05 	0.01 	44.365561 	-3.6440771 	0.070321987
-1.0978979 	-0.05 	0.01 	44.377582 	-3.6734403 	0.070604013
-1.0966967 	-0.05 	0.01 	44.389174 	-3.68347 	0.070938419
-1.0954955 	-0.05 	0.01 	44.400767 	-3.6934997 	0.071272825
-1.0942943 	-0.05 	0.01 	44.41236 	-3.7035294 	0.071607232
-1.0930931 	-0.05 	0.01 	44.423952 	-3.713559 	0.071941638
-1.0918919 	-0.05 	0.01 	44.435545 	-3.7235887 	0.072276044
-1.0906907 	-0.05 	0.01 	44.447138 	-3.7336184 	0.07261045
-1.0894895 	-0.05 	0.01 	44.45873 	-3.7436481 	0.072944856
-1.0882883 	-0.05 	0.01 	44.475549 	-3.7565502 	0.073420545
-1.0870871 	-0.05 	0.01 	44.49988 	-3.7735808 	0.074099296
-1.0858859 	-0.05 	0.01 	44.52421 	-3.7906114 	0.074778047
-1.0846847 	-0.05 	0.01 	44.54854 	-3.807642 	0.075456798
-1.0834835 	-0.05 	0.01 	44.57287 	-3.8246726 	0.076135549
-1.0822823 	-0.05 	0.01 	44.5972 	-3.8417032 	0.0768143
-1.0810811 	-0.05 	0.01 	44.621531 	-3.8587338 	0.07749305
-1.0798799 	-0.05 	0.01 	44.645861 	-3.8757644 	0.078171801
-1.0786787 	-0.05 	0.01 	44.670191 	-3.8923854 	0.078252507
-1.0774775 	-0.05 	0.01 	44.69452 	-3.9089532 	0.078255598
-1.0762763 	-0.05 	0.01 	44.71885 	-3.925521 	0.078258688
-1.0750751 	-0.05 	0.01 	44.74318 	-3.9420888 	0.078261779
-1.0738739 	-0.05 	0.01 	44.767509 	-3.9586566 	0.07826487
-1.0726727 	-0.05 	0.01 	44.791839 	-3.9752244 	0.07826796
-1.0714715 	-0.05 	0.01 	44.816169 	-3.9917922 	0.078271051
-1.0702703 	-0.05 	0.01 	44.840499 	-4.00836 	0.078274142
-1.0690691 	-0.05 	0.01 	44.864828 	-4.0249278 	0.078277232
-1.0678679 	-0.05 	0.01 	44.889158 	-4.0414956 	0.078280323
-1.0666667 	-0.05 	0.01 	44.913488 	-4.0580634 	0.078283414
-1.0654655 	-0.05 	0.01 	44.937817 	-4.0746312 	0.078286504
-1.0642643 	-0.05 	0.01 	44.962147 	-4.091199 	0.078289595
-1.0630631 	-0.05 	0.01 	44.986477 	-4.1077668 	0.078292686
-1.0618619 	-0.05 	0.01 	45.010806 	-4.1243346 	0.078295776
-1.0606607 	-0.05 	0.01 	45.035136 	-4.1409024 	0.078298867
-1.0594595 	-0.05 	0.01 	45.059466 	-4.1574703 	0.078301957
-1.0582583 	-0.05 	0.01 	45.083796 	-4.1740381 	0.078305048
-1.0570571 	-0.05 	0.01 	45.108125 	-4.1906059 	0.078308139
-1.0558559 	-0.05 	0.01 	45.132455 	-4.2071737 	0.078311229
-1.0546547 	-0.05 	0.01 	45.156785 	-4.2237415 	0.07831432
-1.0534535 	-0.05 	0.01 	45.181114 	-4.2403093 	0.078317411
-1.0522523 	-0.05 	0.01 	45.205444 	-4.2568771 	0.078320501
-1.0510511 	-0.05 	0.01 	45.229774 	-4.2734449 	0.078323592
-1.0498498 	-0.05 	0.01 	45.254103 	-4.2900127 	0.078326683
-1.0486486 	-0.05 	0.01 	45.278433 	-4.3065805 	0.078329773
-1.0474474 	-0.05 	0.01 	45.302763 	-4.3231483 	0.078332864
-1.0462462 	-0.05 	0.01 	45.327093 	-4.3397161 	0.078335955
-1.045045 	-0.05 	0.01 	45.354577 	-4.3569633 	0.07860623
-1.0438438 	-0.05 	0.01 	45.38329 	-4.3744752 	0.078980558
-1.0426426 	-0.05 	0.01 	45.412003 	-4.391987 	0.079354886
-1.0414414 	-0.05 	0.01 	45.440715 	-4.4094989 	0.079729214
-1.0402402 	-0.05 	0.01 	45.469428 	-4.4270107 	0.080103541
-1.039039 	-0.05 	0.01 	45.498141 	-4.4445226 	0.080477869
-1.0378378 	-0.05 	0.01 	45.526854 	-4.4620344 	0.080852197
-1.0366366 	-0.05 	0.01 	45.554391 	-4.4753308 	0.081209299
-1.0354354 	-0.05 	0.01 	45.579551 	-4.4801053 	0.08153158
-1.0342342 	-0.05 	0.01 	45.604711 	-4.4848798 	0.081853861
-1.033033 	-0.05 	0.01 	45.629871 	-4.4896543 	0.082176141
-1.0318318 	-0.05 	0.01 	45.65503 	-4.4944288 	0.082498422
-1.0306306 	-0.05 	0.01 	45.68019 	-4.4992033 	0.082820703
-1.0294294 	-0.05 	0.01 	45.70535 	-4.5039778 	0.083142984
-1.0282282 	-0.05 	0.01 	45.730708 	-4.508885 	0.083476986
-1.027027 	-0.05 	0.01 	45.761546 	-4.5174692 	0.084135714
-1.0258258 	-0.05 	0.01 	45.792385 	-4.5260533 	0.084794442
-1.0246246 	-0.05 	0.01 	45.823223 	-4.5346374 	0.08545317
-1.0234234 	-0.05 	0.01 	45.854062 	-4.5432215 	0.086111898
-1.0222222 	-0.05 	0.01 	45.8849 	-4.5518056 	0.086770626
-1.021021 	-0.05 	0.01 	45.915739 	-4.5603897 	0.087429354
-1.0198198 	-0.05 	0.01 	45.946577 	-4.5689738 	0.088088082
-1.0186186 	-0.05 	0.01 	45.977416 	-4.577558 	0.088692167
-1.0174174 	-0.05 	0.01 	46.008263 	-4.5861421 	0.088693643
-1.0162162 	-0.05 	0.01 	46.039109 	-4.5947262 	0.08869512
-1.015015 	-0.05 	0.01 	46.069955 	-4.6033103 	0.088696597
-1.0138138 	-0.05 	0.01 	46.100801 	-4.6118944 	0.088698073
-1.0126126 	-0.05 	0.01 	46.131647 	-4.6204785 	0.08869955
-1.0114114 	-0.05 	0.01 	46.162493 	-4.6290626 	0.088701027
-1.0102102 	-0.05 	0.01 	46.19334 	-4.6376467 	0.088702503
-1.009009 	-0.05 	0.01 	46.224186 	-4.6462308 	0.08870398
-1.0078078 	-0.05 	0.01 	46.255032 	-4.6548149 	0.088705457
-1.0066066 	-0.05 	0.01 	46.285878 	-4.663399 	0.088706933
-1.0054054 	-0.05 	0.01 	46.316724 	-4.6719831 	0.08870841
-1.0042042 	-0.05 	0.01 	46.34757 	-4.6805672 	0.088709886
-1.003003 	-0.05 	0.01 	46.378416 	-4.6891514 	0.088711363
-1.0018018 	-0.05 	0.01 	46.409263 	-4.6977355 	0.08871284
-1.0006006 	-0.05 	0.01 	46.440109 	-4.7063196 	0.088714316
-0.9993994 	-0.05 	0.01 	46.470955 	-4.7149037 	0.088715793
-0.9981982 	-0.05 	0.01 	46.501801 	-4.7234878 	0.08871727
-0.996997 	-0.05 	0.01 	46.532647 	-4.7320719 	0.088718746
-0.9957958 	-0.05 	0.01 	46.563493 	-4.740656 	0.088720223
-0.99459459 	-0.05 	0.01 	46.594339 	-4.7492401 	0.0887217
-0.99339339 	-0.05 	0.01 	46.625186 	-4.7578242 	0.088723176
-0.99219219 	-0.05 	0.01 	46.656032 	-4.7664083 	0.088724653
-0.99099099 	-0.05 	0.01 	46.686878 	-4.7749924 	0.08872613
-0.98978979 	-0.05 	0.01 	46.717724 	-4.7835765 	0.088727606
-0.98858859 	-0.05 	0.01 	46.74857 	-4.7921606 	0.088729083
-0.98738739 	-0.05 	0.01 	46.779416 	-4.8007448 	0.088730559
-0.98618619 	-0.05 	0.01 	46.810263 	-4.8093289 	0.088732036
-0.98498498 	-0.05 	0.01 	46.841109 	-4.817913 	0.088733513
-0.98378378 	-0.05 	0.01 	46.87319 	-4.8267165 	0.088944592
-0.98258258 	-0.05 	0.01 	46.906031 	-4.835655 	0.089284575
-0.98138138 	-0.05 	0.01 	46.938873 	-4.8445935 	0.089624558
-0.98018018 	-0.05 	0.01 	46.971714 	-4.853532 	0.089964541
-0.97897898 	-0.05 	0.01 	47.004555 	-4.8624705 	0.090304524
-0.97777778 	-0.05 	0.01 	47.037396 	-4.871409 	0.090644507
-0.97657658 	-0.05 	0.01 	47.070237 	-4.8803475 	0.09098449
-0.97537538 	-0.05 	0.01 	47.099873 	-4.8874043 	0.09129077
-0.97417417 	-0.05 	0.01 	47.12628 	-4.8925649 	0.091563089
-0.97297297 	-0.05 	0.01 	47.152686 	-4.8977256 	0.091835407
-0.97177177 	-0.05 	0.01 	47.179092 	-4.9028862 	0.092107726
-0.97057057 	-0.05 	0.01 	47.205498 	-4.9080469 	0.092380045
-0.96936937 	-0.05 	0.01 	47.231905 	-4.9132075 	0.092652364
-0.96816817 	-0.05 	0.01 	47.258311 	-4.9183682 	0.092924683
-0.96696697 	-0.05 	0.01 	47.286069 	-4.9231328 	0.093067263
-0.96576577 	-0.05 	0.01 	47.31534 	-4.9274544 	0.093064711
-0.96456456 	-0.05 	0.01 	47.34461 	-4.931776 	0.09306216
-0.96336336 	-0.05 	0.01 	47.373881 	-4.9360977 	0.093059608
-0.96216216 	-0.05 	0.01 	47.403151 	-4.9404193 	0.093057056
-0.96096096 	-0.05 	0.01 	47.432422 	-4.9447409 	0.093054505
-0.95975976 	-0.05 	0.01 	47.461692 	-4.9490626 	0.093051953
-0.95855856 	-0.05 	0.01 	47.490963 	-4.9533842 	0.093049402
-0.95735736 	-0.05 	0.01 	47.520233 	-4.9577058 	0.09304685
-0.95615616 	-0.05 	0.01 	47.549504 	-4.9620274 	0.093044298
-0.95495495 	-0.05 	0.01 	47.578774 	-4.9663491 	0.093041747
-0.95375375 	-0.05 	0.01 	47.608045 	-4.9706707 	0.093039195
-0.95255255 	-0.05 	0.01 	47.637315 	-4.9749923 	0.093036644
-0.95135135 	-0.05 	0.01 	47.666586 	-4.9793139 	0.093034092
-0.95015015 	-0.05 	0.01 	47.695856 	-4.9836356 	0.09303154
-0.94894895 	-0.05 	0.01 	47.725127 	-4.9879572 	0.093028989
-0.94774775 	-0.05 	0.01 	47.754397 	-4.9922788 	0.093026437
-0.94654655 	-0.05 	0.01 	47.783668 	-4.9966004 	0.093023885
-0.94534535 	-0.05 	0.01 	47.812938 	-5.0009221 	0.093021334
-0.94414414 	-0.05 	0.01 	47.842209 	-5.0052437 	0.093018782
-0.94294294 	-0.05 	0.01 	47.871479 	-5.0095653 	0.093016231
-0.94174174 	-0.05 	0.01 	47.90075 	-5.013887 	0.093013679
-0.94054054 	-0.05 	0.01 	47.93002 	-5.0182086 	0.093011127
-0.93933934 	-0.05 	0.01 	47.959291 	-5.0225302 	0.093008576
-0.93813814 	-0.05 	0.01 	47.988561 	-5.0268518 	0.093006024
-0.93693694 	-0.05 	0.01 	48.017832 	-5.0311735 	0.093003473
-0.93573574 	-0.05 	0.01 	48.047102 	-5.0354951 	0.093000921
-0.93453453 	-0.05 	0.01 	48.076373 	-5.0398167 	0.092998369
-0.93333333 	-0.05 	0.01 	48.105643 	-5.0441383 	0.092995818
-0.93213213 	-0.05 	0.01 	48.134909 	-5.0484505 	0.093561188
-0.93093093 	-0.05 	0.01 	48.164174 	-5.0527621 	0.094162095
-0.92972973 	-0.05 	0.01 	48.19344 	-5.0570737 	0.094763003
-0.92852853 	-0.05 	0.01 	48.222705 	-5.0613853 	0.09536391
-0.92732733 	-0.05 	0.01 	48.25197 	-5.0656968 	0.095964818
-0.92612613 	-0.05 	0.01 	48.281236 	-5.0700084 	0.096565725
-0.92492492 	-0.05 	0.01 	48.310501 	-5.07432 	0.097166633
-0.92372372 	-0.05 	0.01 	48.339766 	-5.0786316 	0.09776754
-0.92252252 	-0.05 	0.01 	48.369175 	-5.0826078 	0.098237351
-0.92132132 	-0.05 	0.01 	48.398777 	-5.0861302 	0.09852973
-0.92012012 	-0.05 	0.01 	48.42838 	-5.0896525 	0.098822109
-0.91891892 	-0.05 	0.01 	48.457982 	-5.0931749 	0.099114488
-0.91771772 	-0.05 	0.01 	48.487585 	-5.0966972 	0.099406867
-0.91651652 	-0.05 	0.01 	48.517187 	-5.1002196 	0.099699246
-0.91531532 	-0.05 	0.01 	48.54679 	-5.1037419 	0.099991625
-0.91411411 	-0.05 	0.01 	48.572254 	-5.1067054 	0.10028358
-0.91291291 	-0.05 	0.01 	48.59597 	-5.1094329 	0.10057535
-0.91171171 	-0.05 	0.01 	48.619686 	-5.1121604 	0.10086712
-0.91051051 	-0.05 	0.01 	48.643402 	-5.1148879 	0.10115889
-0.90930931 	-0.05 	0.01 	48.667118 	-5.1176154 	0.10145066
-0.90810811 	-0.05 	0.01 	48.690834 	-5.1203429 	0.10174242
-0.90690691 	-0.05 	0.01 	48.714618 	-5.1229185 	0.10204882
-0.90570571 	-0.05 	0.01 	48.739713 	-5.1225536 	0.10263827
-0.9045045 	-0.05 	0.01 	48.764808 	-5.1221887 	0.10322771
-0.9033033 	-0.05 	0.01 	48.789903 	-5.1218239 	0.10381716
-0.9021021 	-0.05 	0.01 	48.814997 	-5.121459 	0.1044066
-0.9009009 	-0.05 	0.01 	48.840092 	-5.1210941 	0.10499605
-0.8996997 	-0.05 	0.01 	48.865187 	-5.1207293 	0.10558549
-0.8984985 	-0.05 	0.01 	48.890282 	-5.1203644 	0.10617494
-0.8972973 	-0.05 	0.01 	48.915377 	-5.1199995 	0.10676438
-0.8960961 	-0.05 	0.01 	48.940473 	-5.1196399 	0.1070779
-0.89489489 	-0.05 	0.01 	48.965571 	-5.1192863 	0.10707853
-0.89369369 	-0.05 	0.01 	48.990669 	-5.1189326 	0.10707916
-0.89249249 	-0.05 	0.01 	49.015767 	-5.118579 	0.10707979
-0.89129129 	-0.05 	0.01 	49.040865 	-5.1182253 	0.10708042
-0.89009009 	-0.05 	0.01 	49.065963 	-5.1178717 	0.10708105
-0.88888889 	-0.05 	0.01 	49.091061 	-5.117518 	0.10708168
-0.88768769 	-0.05 	0.01 	49.116159 	-5.1171643 	0.10708231
-0.88648649 	-0.05 	0.01 	49.141257 	-5.1168107 	0.10708293
-0.88528529 	-0.05 	0.01 	49.166355 	-5.116457 	0.10708356
-0.88408408 	-0.05 	0.01 	49.191453 	-5.1161034 	0.10708419
-0.88288288 	-0.05 	0.01 	49.21655 	-5.1157497 	0.10708482
-0.88168168 	-0.05 	0.01 	49.241648 	-5.1153961 	0.10708545
-0.88048048 	-0.05 	0.01 	49.266746 	-5.1150424 	0.10708608
-0.87927928 	-0.05 	0.01 	49.291844 	-5.1146888 	0.10708671
-0.87807808 	-0.05 	0.01 	49.316942 	-5.1143351 	0.10708734
-0.87687688 	-0.05 	0.01 	49.34204 	-5.1139815 	0.10708796
-0.87567568 	-0.05 	0.01 	49.367138 	-5.1136278 	0.10708859
-0.87447447 	-0.05 	0.01 	49.392236 	-5.1132741 	0.10708922
-0.87327327 	-0.05 	0.01 	49.417334 	-5.1129205 	0.10708985
-0.87207207 	-0.05 	0.01 	49.442432 	-5.1125668 	0.10709048
-0.87087087 	-0.05 	0.01 	49.46753 	-5.1122132 	0.10709111
-0.86966967 	-0.05 	0.01 	49.492628 	-5.1118595 	0.10709174
-0.86846847 	-0.05 	0.01 	49.517726 	-5.1115059 	0.10709237
-0.86726727 	-0.05 	0.01 	49.542824 	-5.1111522 	0.10709299
-0.86606607 	-0.05 	0.01 	49.567921 	-5.1107986 	0.10709362
-0.86486486 	-0.05 	0.01 	49.593019 	-5.1104449 	0.10709425
-0.86366366 	-0.05 	0.01 	49.618117 	-5.1100913 	0.10709488
-0.86246246 	-0.05 	0.01 	49.643215 	-5.1097376 	0.10709551
-0.86126126 	-0.05 	0.01 	49.668286 	-5.1082548 	0.10725892
-0.86006006 	-0.05 	0.01 	49.693328 	-5.1056166 	0.10758889
-0.85885886 	-0.05 	0.01 	49.71837 	-5.1029785 	0.10791885
-0.85765766 	-0.05 	0.01 	49.743413 	-5.1003403 	0.10824882
-0.85645646 	-0.05 	0.01 	49.768455 	-5.0977022 	0.10857878
-0.85525526 	-0.05 	0.01 	49.793497 	-5.095064 	0.10890875
-0.85405405 	-0.05 	0.01 	49.81854 	-5.0924258 	0.10923871
-0.85285285 	-0.05 	0.01 	49.840689 	-5.0916166 	0.10949681
-0.85165165 	-0.05 	0.01 	49.862577 	-5.0909728 	0.10974842
-0.85045045 	-0.05 	0.01 	49.884465 	-5.0903289 	0.11000002
-0.84924925 	-0.05 	0.01 	49.906353 	-5.0896851 	0.11025162
-0.84804805 	-0.05 	0.01 	49.92824 	-5.0890412 	0.11050322
-0.84684685 	-0.05 	0.01 	49.950128 	-5.0883973 	0.11075482
-0.84564565 	-0.05 	0.01 	49.971535 	-5.0865708 	0.11114023
-0.84444444 	-0.05 	0.01 	49.992227 	-5.0829894 	0.11172419
-0.84324324 	-0.05 	0.01 	50.01292 	-5.079408 	0.11230816
-0.84204204 	-0.05 	0.01 	50.033612 	-5.0758266 	0.11289212
-0.84084084 	-0.05 	0.01 	50.054305 	-5.0722451 	0.11347608
-0.83963964 	-0.05 	0.01 	50.074997 	-5.0686637 	0.11406004
-0.83843844 	-0.05 	0.01 	50.09569 	-5.0650823 	0.11464401
-0.83723724 	-0.05 	0.01 	50.116382 	-5.0615008 	0.11522797
-0.83603604 	-0.05 	0.01 	50.137075 	-5.0579194 	0.11581193
-0.83483483 	-0.05 	0.01 	50.157769 	-5.0543434 	0.11599746
-0.83363363 	-0.05 	0.01 	50.178465 	-5.05077 	0.11599969
-0.83243243 	-0.05 	0.01 	50.19916 	-5.0471965 	0.11600193
-0.83123123 	-0.05 	0.01 	50.219855 	-5.043623 	0.11600416
-0.83003003 	-0.05 	0.01 	50.240551 	-5.0400496 	0.11600639
-0.82882883 	-0.05 	0.01 	50.261246 	-5.0364761 	0.11600862
-0.82762763 	-0.05 	0.01 	50.281942 	-5.0329026 	0.11601086
-0.82642643 	-0.05 	0.01 	50.302637 	-5.0293292 	0.11601309
-0.82522523 	-0.05 	0.01 	50.323333 	-5.0257557 	0.11601532
-0.82402402 	-0.05 	0.01 	50.344028 	-5.0221822 	0.11601756
-0.82282282 	-0.05 	0.01 	50.364723 	-5.0186088 	0.11601979
-0.82162162 	-0.05 	0.01 	50.385419 	-5.0150353 	0.11602202
-0.82042042 	-0.05 	0.01 	50.406114 	-5.0114618 	0.11602426
-0.81921922 	-0.05 	0.01 	50.42681 	-5.0078884 	0.11602649
-0.81801802 	-0.05 	0.01 	50.447505 	-5.0043149 	0.11602872
-0.81681682 	-0.05 	0.01 	50.468201 	-5.0007414 	0.11603095
-0.81561562 	-0.05 	0.01 	50.488896 	-4.997168 	0.11603319
-0.81441441 	-0.05 	0.01 	50.509591 	-4.9935945 	0.11603542
-0.81321321 	-0.05 	0.01 	50.530287 	-4.990021 	0.11603765
-0.81201201 	-0.05 	0.01 	50.550982 	-4.9864476 	0.11603989
-0.81081081 	-0.05 	0.01 	50.571678 	-4.9828741 	0.11604212
-0.80960961 	-0.05 	0.01 	50.592373 	-4.9793007 	0.11604435
-0.80840841 	-0.05 	0.01 	50.613069 	-4.9757272 	0.11604659
-0.80720721 	-0.05 	0.01 	50.633764 	-4.9721537 	0.11604882
-0.80600601 	-0.05 	0.01 	50.654459 	-4.9685803 	0.11605105
-0.8048048 	-0.05 	0.01 	50.675155 	-4.9650068 	0.11605329
-0.8036036 	-0.05 	0.01 	50.69585 	-4.9614333 	0.11605552
-0.8024024 	-0.05 	0.01 	50.716546 	-4.9578599 	0.11605775
-0.8012012 	-0.05 	0.01 	50.737241 	-4.9542864 	0.11605998
-0.8 	-0.05 	0.01 	50.75748 	-4.9502607 	0.11617166
-0.7987988 	-0.05 	0.01 	50.776945 	-4.9454694 	0.11646859
-0.7975976 	-0.05 	0.01 	50.796411 	-4.9406782 	0.11676551
-0.7963964 	-0.05 	0.01 	50.815876 	-4.9358869 	0.11706244
-0.7951952 	-0.05 	0.01 	50.835341 	-4.9310957 	0.11735936
-0.79399399 	-0.05 	0.01 	50.854807 	-4.9263044 	0.11765629
-0.79279279 	-0.05 	0.01 	50.87423 	-4.9220016 	0.11794918
-0.79159159 	-0.05 	0.01 	50.8934 	-4.9206146 	0.11821801
-0.79039039 	-0.05 	0.01 	50.91257 	-4.9192276 	0.11848683
-0.78918919 	-0.05 	0.01 	50.931739 	-4.9178406 	0.11875566
-0.78798799 	-0.05 	0.01 	50.950909 	-4.9164536 	0.11902449
-0.78678679 	-0.05 	0.01 	50.970079 	-4.9150666 	0.11929331
-0.78558559 	-0.05 	0.01 	50.989249 	-4.9136796 	0.11956214
-0.78438438 	-0.05 	0.01 	51.006489 	-4.909313 	0.12012165
-0.78318318 	-0.05 	0.01 	51.023678 	-4.9048669 	0.12068891
-0.78198198 	-0.05 	0.01 	51.040867 	-4.9004207 	0.12125617
-0.78078078 	-0.05 	0.01 	51.058056 	-4.8959746 	0.12182344
-0.77957958 	-0.05 	0.01 	51.075245 	-4.8915285 	0.1223907
-0.77837838 	-0.05 	0.01 	51.092434 	-4.8870824 	0.12295797
-0.77717718 	-0.05 	0.01 	51.109623 	-4.8826363 	0.12352523
-0.77597598 	-0.05 	0.01 	51.126812 	-4.8781902 	0.1240925
-0.77477477 	-0.05 	0.01 	51.144001 	-4.873744 	0.12465976
-0.77357357 	-0.05 	0.01 	51.161877 	-4.8690951 	0.12471274
-0.77237237 	-0.05 	0.01 	51.179823 	-4.8644256 	0.12471349
-0.77117117 	-0.05 	0.01 	51.197769 	-4.859756 	0.12471425
-0.76996997 	-0.05 	0.01 	51.215715 	-4.8550865 	0.12471501
-0.76876877 	-0.05 	0.01 	51.23366 	-4.850417 	0.12471577
-0.76756757 	-0.05 	0.01 	51.251606 	-4.8457474 	0.12471653
-0.76636637 	-0.05 	0.01 	51.269552 	-4.8410779 	0.12471729
-0.76516517 	-0.05 	0.01 	51.287498 	-4.8364084 	0.12471805
-0.76396396 	-0.05 	0.01 	51.305444 	-4.8317388 	0.1247188
-0.76276276 	-0.05 	0.01 	51.32339 	-4.8270693 	0.12471956
-0.76156156 	-0.05 	0.01 	51.341336 	-4.8223997 	0.12472032
-0.76036036 	-0.05 	0.01 	51.359281 	-4.8177302 	0.12472108
-0.75915916 	-0.05 	0.01 	51.377227 	-4.8130607 	0.12472184
-0.75795796 	-0.05 	0.01 	51.395173 	-4.8083911 	0.1247226
-0.75675676 	-0.05 	0.01 	51.413119 	-4.8037216 	0.12472336
-0.75555556 	-0.05 	0.01 	51.431065 	-4.7990521 	0.12472412
-0.75435435 	-0.05 	0.01 	51.449011 	-4.7943825 	0.12472487
-0.75315315 	-0.05 	0.01 	51.466957 	-4.789713 	0.12472563
-0.75195195 	-0.05 	0.01 	51.484902 	-4.7850435 	0.12472639
-0.75075075 	-0.05 	0.01 	51.502848 	-4.7803739 	0.12472715
-0.74954955 	-0.05 	0.01 	51.520794 	-4.7757044 	0.12472791
-0.74834835 	-0.05 	0.01 	51.53874 	-4.7710349 	0.12472867
-0.74714715 	-0.05 	0.01 	51.556686 	-4.7663653 	0.12472943
-0.74594595 	-0.05 	0.01 	51.574632 	-4.7616958 	0.12473018
-0.74474474 	-0.05 	0.01 	51.592577 	-4.7570263 	0.12473094
-0.74354354 	-0.05 	0.01 	51.610523 	-4.7523567 	0.1247317
-0.74234234 	-0.05 	0.01 	51.628469 	-4.7476872 	0.12473246
-0.74114114 	-0.05 	0.01 	51.646415 	-4.7430177 	0.12473322
-0.73993994 	-0.05 	0.01 	51.664361 	-4.7383481 	0.12473398
-0.73873874 	-0.05 	0.01 	51.683481 	-4.7331389 	0.12492127
-0.73753754 	-0.05 	0.01 	51.704172 	-4.7272069 	0.12535831
-0.73633634 	-0.05 	0.01 	51.724864 	-4.721275 	0.12579535
-0.73513514 	-0.05 	0.01 	51.745556 	-4.7153431 	0.12623239
-0.73393393 	-0.05 	0.01 	51.766247 	-4.7094112 	0.12666943
-0.73273273 	-0.05 	0.01 	51.786939 	-4.7034793 	0.12710648
-0.73153153 	-0.05 	0.01 	51.805851 	-4.697683 	0.12744511
-0.73033033 	-0.05 	0.01 	51.821509 	-4.6921347 	0.12760389
-0.72912913 	-0.05 	0.01 	51.837168 	-4.6865863 	0.12776266
-0.72792793 	-0.05 	0.01 	51.852826 	-4.6810379 	0.12792144
-0.72672673 	-0.05 	0.01 	51.868485 	-4.6754896 	0.12808021
-0.72552553 	-0.05 	0.01 	51.884143 	-4.6699412 	0.12823898
-0.72432432 	-0.05 	0.01 	51.899957 	-4.6643826 	0.12855452
-0.72312312 	-0.05 	0.01 	51.916084 	-4.6588032 	0.12918447
-0.72192192 	-0.05 	0.01 	51.931122 	-4.6535502 	0.12935103
-0.72072072 	-0.05 	0.01 	51.945774 	-4.6484131 	0.12935305
-0.71951952 	-0.05 	0.01 	51.960426 	-4.6432759 	0.12935507
-0.71831832 	-0.05 	0.01 	51.975078 	-4.6381388 	0.12935708
-0.71711712 	-0.05 	0.01 	51.98973 	-4.6330016 	0.1293591
-0.71591592 	-0.05 	0.01 	52.004382 	-4.6278645 	0.12936112
-0.71471471 	-0.05 	0.01 	52.019034 	-4.6227274 	0.12936313
-0.71351351 	-0.05 	0.01 	52.033686 	-4.6175902 	0.12936515
-0.71231231 	-0.05 	0.01 	52.048338 	-4.6124531 	0.12936716
-0.71111111 	-0.05 	0.01 	52.06299 	-4.6073159 	0.12936918
-0.70990991 	-0.05 	0.01 	52.077642 	-4.6021788 	0.1293712
-0.70870871 	-0.05 	0.01 	52.092293 	-4.5970417 	0.12937321
-0.70750751 	-0.05 	0.01 	52.104407 	-4.5917818 	0.12967114
-0.70630631 	-0.05 	0.01 	52.116258 	-4.5865093 	0.12999973
-0.70510511 	-0.05 	0.01 	52.128109 	-4.5812368 	0.13032832
-0.7039039 	-0.05 	0.01 	52.13996 	-4.5759642 	0.13065691
-0.7027027 	-0.05 	0.01 	52.151811 	-4.5706917 	0.1309855
-0.7015015 	-0.05 	0.01 	52.163662 	-4.5654192 	0.13131409
-0.7003003 	-0.05 	0.01 	52.175878 	-4.560346 	0.13152405
-0.6990991 	-0.05 	0.01 	52.188106 	-4.5552796 	0.13173
-0.6978979 	-0.05 	0.01 	52.200335 	-4.5502133 	0.13193595
-0.6966967 	-0.05 	0.01 	52.212563 	-4.5451469 	0.1321419
-0.6954955 	-0.05 	0.01 	52.224792 	-4.5400805 	0.13234786
-0.69429429 	-0.05 	0.01 	52.23687 	-4.5350303 	0.13258917
-0.69309309 	-0.05 	0.01 	52.24772 	-4.530112 	0.13311912
-0.69189189 	-0.05 	0.01 	52.258573 	-4.5251957 	0.13346369
-0.69069069 	-0.05 	0.01 	52.269435 	-4.5202828 	0.13346608
-0.68948949 	-0.05 	0.01 	52.280296 	-4.51537 	0.13346846
-0.68828829 	-0.05 	0.01 	52.291157 	-4.5104571 	0.13347085
-0.68708709 	-0.05 	0.01 	52.302019 	-4.5055442 	0.13347323
-0.68588589 	-0.05 	0.01 	52.31288 	-4.5006313 	0.13347562
-0.68468468 	-0.05 	0.01 	52.323742 	-4.4957185 	0.133478
-0.68348348 	-0.05 	0.01 	52.334603 	-4.4908056 	0.13348039
-0.68228228 	-0.05 	0.01 	52.345464 	-4.4858927 	0.13348277
-0.68108108 	-0.05 	0.01 	52.356326 	-4.4809798 	0.13348516
-0.67987988 	-0.05 	0.01 	52.367187 	-4.4760669 	0.13348754
-0.67867868 	-0.05 	0.01 	52.378049 	-4.4711541 	0.13348993
-0.67747748 	-0.05 	0.01 	52.388668 	-4.4660202 	0.13360883
-0.67627628 	-0.05 	0.01 	52.398811 	-4.4604518 	0.13395683
-0.67507508 	-0.05 	0.01 	52.408954 	-4.4548834 	0.13430482
-0.67387387 	-0.05 	0.01 	52.419097 	-4.449315 	0.13465282
-0.67267267 	-0.05 	0.01 	52.429239 	-4.4437466 	0.13500082
-0.67147147 	-0.05 	0.01 	52.439382 	-4.4381782 	0.13534881
-0.67027027 	-0.05 	0.01 	52.449445 	-4.434299 	0.13558579
-0.66906907 	-0.05 	0.01 	52.459451 	-4.4316343 	0.13574294
-0.66786787 	-0.05 	0.01 	52.469456 	-4.4289695 	0.13590009
-0.66666667 	-0.05 	0.01 	52.479462 	-4.4263048 	0.13605724
-0.66546547 	-0.05 	0.01 	52.489468 	-4.42364 	0.1362144
-0.66426426 	-0.05 	0.01 	52.499473 	-4.4209753 	0.13637155
-0.66306306 	-0.05 	0.01 	52.508708 	-4.4163401 	0.13683133
-0.66186186 	-0.05 	0.01 	52.517832 	-4.4114197 	0.13733492
-0.66066066 	-0.05 	0.01 	52.526968 	-4.4065041 	0.13735277
-0.65945946 	-0.05 	0.01 	52.536103 	-4.4015887 	0.13735313
-0.65825826 	-0.05 	0.01 	52.545239 	-4.3966732 	0.13735348
-0.65705706 	-0.05 	0.01 	52.554375 	-4.3917578 	0.13735384
-0.65585586 	-0.05 	0.01 	52.56351 	-4.3868424 	0.13735419
-0.65465465 	-0.05 	0.01 	52.572646 	-4.381927 	0.13735455
-0.65345345 	-0.05 	0.01 	52.581781 	-4.3770116 	0.1373549
-0.65225225 	-0.05 	0.01 	52.590917 	-4.3720962 	0.13735525
-0.65105105 	-0.05 	0.01 	52.600053 	-4.3671808 	0.13735561
-0.64984985 	-0.05 	0.01 	52.609188 	-4.3622654 	0.13735596
-0.64864865 	-0.05 	0.01 	52.618324 	-4.3573499 	0.13735632
-0.64744745 	-0.05 	0.01 	52.62746 	-4.3524345 	0.13735667
-0.64624625 	-0.05 	0.01 	52.636227 	-4.3458865 	0.13766632
-0.64504505 	-0.05 	0.01 	52.644947 	-4.3391264 	0.13801613
-0.64384384 	-0.05 	0.01 	52.653667 	-4.3323663 	0.13836593
-0.64264264 	-0.05 	0.01 	52.662387 	-4.3256062 	0.13871574
-0.64144144 	-0.05 	0.01 	52.671107 	-4.3188461 	0.13906555
-0.64024024 	-0.05 	0.01 	52.679755 	-4.3128596 	0.13937399
-0.63903904 	-0.05 	0.01 	52.6881 	-4.3101485 	0.13950725
-0.63783784 	-0.05 	0.01 	52.696445 	-4.3074374 	0.13964051
-0.63663664 	-0.05 	0.01 	52.70479 	-4.3047263 	0.13977376
-0.63543544 	-0.05 	0.01 	52.713135 	-4.3020151 	0.13990702
-0.63423423 	-0.05 	0.01 	52.72148 	-4.299304 	0.14004028
-0.63303303 	-0.05 	0.01 	52.729509 	-4.2952788 	0.14010449
-0.63183183 	-0.05 	0.01 	52.737243 	-4.2900237 	0.14010407
-0.63063063 	-0.05 	0.01 	52.744977 	-4.2847686 	0.14010366
-0.62942943 	-0.05 	0.01 	52.75271 	-4.2795136 	0.14010325
-0.62822823 	-0.05 	0.01 	52.760444 	-4.2742585 	0.14010283
-0.62702703 	-0.05 	0.01 	52.768178 	-4.2690034 	0.14010242
-0.62582583 	-0.05 	0.01 	52.775912 	-4.2637484 	0.140102
-0.62462462 	-0.05 	0.01 	52.783645 	-4.2584933 	0.14010159
-0.62342342 	-0.05 	0.01 	52.791379 	-4.2532382 	0.14010117
-0.62222222 	-0.05 	0.01 	52.799113 	-4.2479832 	0.14010076
-0.62102102 	-0.05 	0.01 	52.806847 	-4.2427281 	0.14010035
-0.61981982 	-0.05 	0.01 	52.81458 	-4.2374731 	0.14009993
-0.61861862 	-0.05 	0.01 	52.82231 	-4.2322156 	0.1403021
-0.61741742 	-0.05 	0.01 	52.830034 	-4.2269549 	0.14078415
-0.61621622 	-0.05 	0.01 	52.837626 	-4.2209086 	0.14119392
-0.61501502 	-0.05 	0.01 	52.845053 	-4.2138736 	0.14151269
-0.61381381 	-0.05 	0.01 	52.852479 	-4.2068386 	0.14183146
-0.61261261 	-0.05 	0.01 	52.859906 	-4.1998036 	0.14215023
-0.61141141 	-0.05 	0.01 	52.867332 	-4.1927686 	0.142469
-0.61021021 	-0.05 	0.01 	52.874759 	-4.1857336 	0.14278777
-0.60900901 	-0.05 	0.01 	52.881804 	-4.1815646 	0.14296363
-0.60780781 	-0.05 	0.01 	52.888757 	-4.1780972 	0.14310451
-0.60660661 	-0.05 	0.01 	52.895709 	-4.1746297 	0.14324539
-0.60540541 	-0.05 	0.01 	52.902662 	-4.1711623 	0.14338627
-0.6042042 	-0.05 	0.01 	52.909614 	-4.1676948 	0.14352715
-0.603003 	-0.05 	0.01 	52.916455 	-4.1638629 	0.14373478
-0.6018018 	-0.05 	0.01 	52.922859 	-4.1586089 	0.14420285
-0.6006006 	-0.05 	0.01 	52.929264 	-4.1533562 	0.14458332
-0.5993994 	-0.05 	0.01 	52.935676 	-4.1481088 	0.14458479
-0.5981982 	-0.05 	0.01 	52.942087 	-4.1428614 	0.14458626
-0.596997 	-0.05 	0.01 	52.948499 	-4.137614 	0.14458774
-0.5957958 	-0.05 	0.01 	52.954911 	-4.1323666 	0.14458921
-0.59459459 	-0.05 	0.01 	52.961322 	-4.1271192 	0.14459068
-0.59339339 	-0.05 	0.01 	52.967734 	-4.1218718 	0.14459216
-0.59219219 	-0.05 	0.01 	52.974145 	-4.1166244 	0.14459363
-0.59099099 	-0.05 	0.01 	52.980557 	-4.111377 	0.1445951
-0.58978979 	-0.05 	0.01 	52.986969 	-4.1061297 	0.14459658
-0.58858859 	-0.05 	0.01 	52.99338 	-4.1008823 	0.14459805
-0.58738739 	-0.05 	0.01 	52.999792 	-4.0956349 	0.14459953
-0.58618619 	-0.05 	0.01 	53.006204 	-4.0903875 	0.144601
-0.58498498 	-0.05 	0.01 	53.012297 	-4.0842085 	0.14491145
-0.58378378 	-0.05 	0.01 	53.018374 	-4.0779835 	0.14523717
-0.58258258 	-0.05 	0.01 	53.024451 	-4.0717585 	0.1455629
-0.58138138 	-0.05 	0.01 	53.030528 	-4.0655335 	0.14588862
-0.58018018 	-0.05 	0.01 	53.036606 	-4.0593085 	0.14621434
-0.57897898 	-0.05 	0.01 	53.042378 	-4.0542119 	0.14645512
-0.57777778 	-0.05 	0.01 	53.047725 	-4.0506844 	0.14657779
-0.57657658 	-0.05 	0.01 	53.053073 	-4.0471568 	0.14670046
-0.57537538 	-0.05 	0.01 	53.058421 	-4.0436293 	0.14682313
-0.57417417 	-0.05 	0.01 	53.063769 	-4.0401018 	0.14694579
-0.57297297 	-0.05 	0.01 	53.069117 	-4.0365743 	0.14706846
-0.57177177 	-0.05 	0.01 	53.074184 	-4.0313951 	0.1475095
-0.57057057 	-0.05 	0.01 	53.079236 	-4.0261244 	0.14796819
-0.56936937 	-0.05 	0.01 	53.084294 	-4.020855 	0.14806034
-0.56816817 	-0.05 	0.01 	53.089353 	-4.0155859 	0.14806258
-0.56696697 	-0.05 	0.01 	53.094412 	-4.0103167 	0.14806482
-0.56576577 	-0.05 	0.01 	53.099471 	-4.0050476 	0.14806706
-0.56456456 	-0.05 	0.01 	53.10453 	-3.9997784 	0.1480693
-0.56336336 	-0.05 	0.01 	53.10959 	-3.9945093 	0.14807154
-0.56216216 	-0.05 	0.01 	53.114649 	-3.9892401 	0.14807378
-0.56096096 	-0.05 	0.01 	53.119708 	-3.983971 	0.14807602
-0.55975976 	-0.05 	0.01 	53.124767 	-3.9787019 	0.14807826
-0.55855856 	-0.05 	0.01 	53.129826 	-3.9734327 	0.1480805
-0.55735736 	-0.05 	0.01 	53.134885 	-3.9681636 	0.14808274
-0.55615616 	-0.05 	0.01 	53.139944 	-3.9628944 	0.14808498
-0.55495495 	-0.05 	0.01 	53.144886 	-3.9570597 	0.14822976
-0.55375375 	-0.05 	0.01 	53.149656 	-3.9504036 	0.14858156
-0.55255255 	-0.05 	0.01 	53.154427 	-3.9437476 	0.14893336
-0.55135135 	-0.05 	0.01 	53.159197 	-3.9370915 	0.14928515
-0.55015015 	-0.05 	0.01 	53.163967 	-3.9304354 	0.14963695
-0.54894895 	-0.05 	0.01 	53.168701 	-3.9238525 	0.14997939
-0.54774775 	-0.05 	0.01 	53.172432 	-3.9192501 	0.15006857
-0.54654655 	-0.05 	0.01 	53.176163 	-3.9146478 	0.15015775
-0.54534535 	-0.05 	0.01 	53.179894 	-3.9100454 	0.15024693
-0.54414414 	-0.05 	0.01 	53.183625 	-3.9054431 	0.15033611
-0.54294294 	-0.05 	0.01 	53.187356 	-3.9008408 	0.15042529
-0.54174174 	-0.05 	0.01 	53.191272 	-3.8957089 	0.15076201
-0.54054054 	-0.05 	0.01 	53.195268 	-3.8903471 	0.15120619
-0.53933934 	-0.05 	0.01 	53.199268 	-3.8849857 	0.15146403
-0.53813814 	-0.05 	0.01 	53.203273 	-3.879625 	0.15146396
-0.53693694 	-0.05 	0.01 	53.207278 	-3.8742643 	0.15146388
-0.53573574 	-0.05 	0.01 	53.211283 	-3.8689035 	0.15146381
-0.53453453 	-0.05 	0.01 	53.215288 	-3.8635428 	0.15146373
-0.53333333 	-0.05 	0.01 	53.219293 	-3.8581821 	0.15146366
-0.53213213 	-0.05 	0.01 	53.223299 	-3.8528213 	0.15146359
-0.53093093 	-0.05 	0.01 	53.227304 	-3.8474606 	0.15146351
-0.52972973 	-0.05 	0.01 	53.231309 	-3.8420999 	0.15146344
-0.52852853 	-0.05 	0.01 	53.235314 	-3.8367391 	0.15146337
-0.52732733 	-0.05 	0.01 	53.239319 	-3.8313784 	0.15146329
-0.52612613 	-0.05 	0.01 	53.243324 	-3.8260177 	0.15146322
-0.52492492 	-0.05 	0.01 	53.247329 	-3.8206569 	0.15146314
-0.52372372 	-0.05 	0.01 	53.251417 	-3.8151304 	0.1518043
-0.52252252 	-0.05 	0.01 	53.255505 	-3.8096021 	0.15214911
-0.52132132 	-0.05 	0.01 	53.259594 	-3.8040738 	0.15249393
-0.52012012 	-0.05 	0.01 	53.263682 	-3.7985454 	0.15283875
-0.51891892 	-0.05 	0.01 	53.26777 	-3.7930171 	0.15318357
-0.51771772 	-0.05 	0.01 	53.271101 	-3.787854 	0.153357
-0.51651652 	-0.05 	0.01 	53.274018 	-3.7828901 	0.1534369
-0.51531532 	-0.05 	0.01 	53.276935 	-3.7779261 	0.15351681
-0.51411411 	-0.05 	0.01 	53.279852 	-3.7729622 	0.15359672
-0.51291291 	-0.05 	0.01 	53.282769 	-3.7679983 	0.15367663
-0.51171171 	-0.05 	0.01 	53.28572 	-3.7629982 	0.15386548
-0.51051051 	-0.05 	0.01 	53.288746 	-3.7579183 	0.15429423
-0.50930931 	-0.05 	0.01 	53.291772 	-3.7528386 	0.15470953
-0.50810811 	-0.05 	0.01 	53.294808 	-3.7477615 	0.15471012
-0.50690691 	-0.05 	0.01 	53.297843 	-3.7426845 	0.15471072
-0.50570571 	-0.05 	0.01 	53.300879 	-3.7376074 	0.15471131
-0.5045045 	-0.05 	0.01 	53.303914 	-3.7325304 	0.1547119
-0.5033033 	-0.05 	0.01 	53.30695 	-3.7274534 	0.1547125
-0.5021021 	-0.05 	0.01 	53.309985 	-3.7223763 	0.15471309
-0.5009009 	-0.05 	0.01 	53.31302 	-3.7172993 	0.15471368
-0.4996997 	-0.05 	0.01 	53.316056 	-3.7122223 	0.15471427
-0.4984985 	-0.05 	0.01 	53.319091 	-3.7071452 	0.15471487
-0.4972973 	-0.05 	0.01 	53.322127 	-3.7020682 	0.15471546
-0.4960961 	-0.05 	0.01 	53.325162 	-3.6969912 	0.15471605
-0.49489489 	-0.05 	0.01 	53.328198 	-3.6919141 	0.15471665
-0.49369369 	-0.05 	0.01 	53.331145 	-3.6868949 	0.15491108
-0.49249249 	-0.05 	0.01 	53.334026 	-3.6819191 	0.15525145
-0.49129129 	-0.05 	0.01 	53.336906 	-3.6769433 	0.15559182
-0.49009009 	-0.05 	0.01 	53.339787 	-3.6719676 	0.1559322
-0.48888889 	-0.05 	0.01 	53.342668 	-3.6669918 	0.15627257
-0.48768769 	-0.05 	0.01 	53.345232 	-3.6619087 	0.15654183
-0.48648649 	-0.05 	0.01 	53.346901 	-3.656522 	0.15661004
-0.48528529 	-0.05 	0.01 	53.348569 	-3.6511352 	0.15667825
-0.48408408 	-0.05 	0.01 	53.350238 	-3.6457485 	0.15674647
-0.48288288 	-0.05 	0.01 	53.351907 	-3.6403618 	0.15681468
-0.48168168 	-0.05 	0.01 	53.353575 	-3.634975 	0.15688289
-0.48048048 	-0.05 	0.01 	53.355453 	-3.6300022 	0.15728982
-0.47927928 	-0.05 	0.01 	53.357334 	-3.6250374 	0.15770325
-0.47807808 	-0.05 	0.01 	53.359221 	-3.6200746 	0.15785047
-0.47687688 	-0.05 	0.01 	53.361111 	-3.615113 	0.15785171
-0.47567568 	-0.05 	0.01 	53.363001 	-3.6101514 	0.15785296
-0.47447447 	-0.05 	0.01 	53.364892 	-3.6051897 	0.15785421
-0.47327327 	-0.05 	0.01 	53.366782 	-3.6002281 	0.15785545
-0.47207207 	-0.05 	0.01 	53.368672 	-3.5952665 	0.1578567
-0.47087087 	-0.05 	0.01 	53.370563 	-3.5903048 	0.15785795
-0.46966967 	-0.05 	0.01 	53.372453 	-3.5853432 	0.15785919
-0.46846847 	-0.05 	0.01 	53.374343 	-3.5803816 	0.15786044
-0.46726727 	-0.05 	0.01 	53.376233 	-3.5754199 	0.15786169
-0.46606607 	-0.05 	0.01 	53.378124 	-3.5704583 	0.15786293
-0.46486486 	-0.05 	0.01 	53.380014 	-3.5654967 	0.15786418
-0.46366366 	-0.05 	0.01 	53.381896 	-3.5605739 	0.15790071
-0.46246246 	-0.05 	0.01 	53.383701 	-3.5559901 	0.15824469
-0.46126126 	-0.05 	0.01 	53.385507 	-3.5514062 	0.15858868
-0.46006006 	-0.05 	0.01 	53.387313 	-3.5468223 	0.15893266
-0.45885886 	-0.05 	0.01 	53.389119 	-3.5422385 	0.15927665
-0.45765766 	-0.05 	0.01 	53.390924 	-3.5376546 	0.15962063
-0.45645646 	-0.05 	0.01 	53.391666 	-3.5324316 	0.15970674
-0.45525526 	-0.05 	0.01 	53.392258 	-3.5271192 	0.15975678
-0.45405405 	-0.05 	0.01 	53.392851 	-3.5218068 	0.15980681
-0.45285285 	-0.05 	0.01 	53.393443 	-3.5164944 	0.15985685
-0.45165165 	-0.05 	0.01 	53.394035 	-3.511182 	0.15990689
-0.45045045 	-0.05 	0.01 	53.394814 	-3.5061728 	0.16020139
-0.44924925 	-0.05 	0.01 	53.395671 	-3.5012931 	0.16060032
-0.44804805 	-0.05 	0.01 	53.39653 	-3.4964141 	0.16089505
-0.44684685 	-0.05 	0.01 	53.397396 	-3.4915369 	0.16089692
-0.44564565 	-0.05 	0.01 	53.398262 	-3.4866597 	0.16089878
-0.44444444 	-0.05 	0.01 	53.399128 	-3.4817825 	0.16090065
-0.44324324 	-0.05 	0.01 	53.399994 	-3.4769053 	0.16090251
-0.44204204 	-0.05 	0.01 	53.400859 	-3.4720281 	0.16090438
-0.44084084 	-0.05 	0.01 	53.401725 	-3.4671509 	0.16090624
-0.43963964 	-0.05 	0.01 	53.402591 	-3.4622737 	0.16090811
-0.43843844 	-0.05 	0.01 	53.403457 	-3.4573965 	0.16090997
-0.43723724 	-0.05 	0.01 	53.404322 	-3.4525193 	0.16091184
-0.43603604 	-0.05 	0.01 	53.405188 	-3.447642 	0.1609137
-0.43483483 	-0.05 	0.01 	53.406054 	-3.4427648 	0.16091557
-0.43363363 	-0.05 	0.01 	53.40692 	-3.4378876 	0.16091744
-0.43243243 	-0.05 	0.01 	53.407804 	-3.4332618 	0.16112311
-0.43123123 	-0.05 	0.01 	53.408701 	-3.4288105 	0.16147018
-0.43003003 	-0.05 	0.01 	53.409598 	-3.4243591 	0.16181724
-0.42882883 	-0.05 	0.01 	53.410496 	-3.4199078 	0.16216431
-0.42762763 	-0.05 	0.01 	53.411393 	-3.4154564 	0.16251138
-0.42642643 	-0.05 	0.01 	53.411729 	-3.4106728 	0.16270228
-0.42522523 	-0.05 	0.01 	53.411494 	-3.4055517 	0.16273457
-0.42402402 	-0.05 	0.01 	53.41126 	-3.4004306 	0.16276686
-0.42282282 	-0.05 	0.01 	53.411026 	-3.3953095 	0.16279916
-0.42162162 	-0.05 	0.01 	53.410791 	-3.3901884 	0.16283145
-0.42042042 	-0.05 	0.01 	53.410592 	-3.3852163 	0.16301334
-0.41921922 	-0.05 	0.01 	53.41044 	-3.3804449 	0.16339674
-0.41801802 	-0.05 	0.01 	53.410288 	-3.3756735 	0.16378014
-0.41681682 	-0.05 	0.01 	53.410144 	-3.370905 	0.16382564
-0.41561562 	-0.05 	0.01 	53.41 	-3.3661368 	0.16382548
-0.41441441 	-0.05 	0.01 	53.409857 	-3.3613687 	0.16382531
-0.41321321 	-0.05 	0.01 	53.409714 	-3.3566006 	0.16382515
-0.41201201 	-0.05 	0.01 	53.40957 	-3.3518325 	0.16382498
-0.41081081 	-0.05 	0.01 	53.409427 	-3.3470643 	0.16382482
-0.40960961 	-0.05 	0.01 	53.409284 	-3.3422962 	0.16382465
-0.40840841 	-0.05 	0.01 	53.40914 	-3.3375281 	0.16382449
-0.40720721 	-0.05 	0.01 	53.408997 	-3.33276 	0.16382432
-0.40600601 	-0.05 	0.01 	53.408854 	-3.3279919 	0.16382416
-0.4048048 	-0.05 	0.01 	53.408711 	-3.3232237 	0.16382399
-0.4036036 	-0.05 	0.01 	53.408567 	-3.3184556 	0.16382383
-0.4024024 	-0.05 	0.01 	53.408409 	-3.3137743 	0.16388418
-0.4012012 	-0.05 	0.01 	53.40819 	-3.309466 	0.16420476
-0.4 	-0.05 	0.01 	53.40797 	-3.3051577 	0.16452534
-0.3987988 	-0.05 	0.01 	53.40775 	-3.3008494 	0.16484592
-0.3975976 	-0.05 	0.01 	53.407531 	-3.2965412 	0.1651665
-0.3963964 	-0.05 	0.01 	53.407209 	-3.2921904 	0.16545701
-0.3951952 	-0.05 	0.01 	53.406062 	-3.2874972 	0.16550527
-0.39399399 	-0.05 	0.01 	53.404916 	-3.2828041 	0.16555354
-0.39279279 	-0.05 	0.01 	53.403769 	-3.2781109 	0.16560181
-0.39159159 	-0.05 	0.01 	53.402622 	-3.2734177 	0.16565007
-0.39039039 	-0.05 	0.01 	53.401471 	-3.2687251 	0.16570982
-0.38918919 	-0.05 	0.01 	53.400182 	-3.2640477 	0.16607891
-0.38798799 	-0.05 	0.01 	53.398894 	-3.2593702 	0.16644801
-0.38678679 	-0.05 	0.01 	53.39761 	-3.2546938 	0.1666346
-0.38558559 	-0.05 	0.01 	53.396329 	-3.2500187 	0.16663511
-0.38438438 	-0.05 	0.01 	53.395049 	-3.2453436 	0.16663562
-0.38318318 	-0.05 	0.01 	53.393769 	-3.2406684 	0.16663612
-0.38198198 	-0.05 	0.01 	53.392489 	-3.2359933 	0.16663663
-0.38078078 	-0.05 	0.01 	53.391209 	-3.2313182 	0.16663714
-0.37957958 	-0.05 	0.01 	53.389929 	-3.2266431 	0.16663765
-0.37837838 	-0.05 	0.01 	53.388649 	-3.2219679 	0.16663815
-0.37717718 	-0.05 	0.01 	53.387369 	-3.2172928 	0.16663866
-0.37597598 	-0.05 	0.01 	53.386089 	-3.2126177 	0.16663917
-0.37477477 	-0.05 	0.01 	53.384809 	-3.2079425 	0.16663967
-0.37357357 	-0.05 	0.01 	53.383529 	-3.2032674 	0.16664018
-0.37237237 	-0.05 	0.01 	53.382249 	-3.1985923 	0.16664069
-0.37117117 	-0.05 	0.01 	53.380718 	-3.1940915 	0.16688487
-0.36996997 	-0.05 	0.01 	53.379115 	-3.1896405 	0.16719847
-0.36876877 	-0.05 	0.01 	53.377512 	-3.1851895 	0.16751207
-0.36756757 	-0.05 	0.01 	53.37591 	-3.1807385 	0.16782567
-0.36636637 	-0.05 	0.01 	53.374307 	-3.1762874 	0.16813927
-0.36516517 	-0.05 	0.01 	53.372243 	-3.1717206 	0.16825387
-0.36396396 	-0.05 	0.01 	53.370004 	-3.1671098 	0.16829305
-0.36276276 	-0.05 	0.01 	53.367766 	-3.162499 	0.16833223
-0.36156156 	-0.05 	0.01 	53.365527 	-3.1578882 	0.1683714
-0.36036036 	-0.05 	0.01 	53.363288 	-3.1532774 	0.16841058
-0.35915916 	-0.05 	0.01 	53.36113 	-3.1483778 	0.16866823
-0.35795796 	-0.05 	0.01 	53.359008 	-3.1433525 	0.16902086
-0.35675676 	-0.05 	0.01 	53.356887 	-3.1383271 	0.16933463
-0.35555556 	-0.05 	0.01 	53.354776 	-3.1333003 	0.16933585
-0.35435435 	-0.05 	0.01 	53.352665 	-3.1282736 	0.16933706
-0.35315315 	-0.05 	0.01 	53.350554 	-3.1232468 	0.16933828
-0.35195195 	-0.05 	0.01 	53.348443 	-3.1182201 	0.1693395
-0.35075075 	-0.05 	0.01 	53.346332 	-3.1131933 	0.16934071
-0.34954955 	-0.05 	0.01 	53.344221 	-3.1081665 	0.16934193
-0.34834835 	-0.05 	0.01 	53.34211 	-3.1031398 	0.16934315
-0.34714715 	-0.05 	0.01 	53.339999 	-3.098113 	0.16934436
-0.34594595 	-0.05 	0.01 	53.337888 	-3.0930863 	0.16934558
-0.34474474 	-0.05 	0.01 	53.335777 	-3.0880595 	0.16934679
-0.34354354 	-0.05 	0.01 	53.333666 	-3.0830328 	0.16934801
-0.34234234 	-0.05 	0.01 	53.331555 	-3.078006 	0.16934923
-0.34114114 	-0.05 	0.01 	53.329454 	-3.0729882 	0.1694613
-0.33993994 	-0.05 	0.01 	53.327375 	-3.0679898 	0.16981112
-0.33873874 	-0.05 	0.01 	53.325297 	-3.0629914 	0.17016094
-0.33753754 	-0.05 	0.01 	53.323218 	-3.0579929 	0.17051076
-0.33633634 	-0.05 	0.01 	53.321139 	-3.0529945 	0.17086059
-0.33513514 	-0.05 	0.01 	53.318988 	-3.047762 	0.17108693
-0.33393393 	-0.05 	0.01 	53.316695 	-3.042082 	0.17107708
-0.33273273 	-0.05 	0.01 	53.314403 	-3.0364021 	0.17106723
-0.33153153 	-0.05 	0.01 	53.312111 	-3.0307221 	0.17105739
-0.33033033 	-0.05 	0.01 	53.309819 	-3.0250421 	0.17104754
-0.32912913 	-0.05 	0.01 	53.307285 	-3.0197961 	0.17117701
-0.32792793 	-0.05 	0.01 	53.304405 	-3.0151679 	0.17150476
-0.32672673 	-0.05 	0.01 	53.301526 	-3.0105396 	0.17183252
-0.32552553 	-0.05 	0.01 	53.298658 	-3.0059116 	0.17192277
-0.32432432 	-0.05 	0.01 	53.295793 	-3.0012836 	0.17192452
-0.32312312 	-0.05 	0.01 	53.292929 	-2.9966557 	0.17192626
-0.32192192 	-0.05 	0.01 	53.290065 	-2.9920277 	0.17192801
-0.32072072 	-0.05 	0.01 	53.287201 	-2.9873998 	0.17192975
-0.31951952 	-0.05 	0.01 	53.284336 	-2.9827718 	0.17193149
-0.31831832 	-0.05 	0.01 	53.281472 	-2.9781438 	0.17193324
-0.31711712 	-0.05 	0.01 	53.278608 	-2.9735159 	0.17193498
-0.31591592 	-0.05 	0.01 	53.275744 	-2.9688879 	0.17193673
-0.31471471 	-0.05 	0.01 	53.272879 	-2.9642599 	0.17193847
-0.31351351 	-0.05 	0.01 	53.270015 	-2.959632 	0.17194021
-0.31231231 	-0.05 	0.01 	53.267151 	-2.955004 	0.17194196
-0.31111111 	-0.05 	0.01 	53.264287 	-2.950376 	0.1719437
-0.30990991 	-0.05 	0.01 	53.261113 	-2.946663 	0.17218632
-0.30870871 	-0.05 	0.01 	53.257868 	-2.9431634 	0.17248515
-0.30750751 	-0.05 	0.01 	53.254622 	-2.9396639 	0.17278399
-0.30630631 	-0.05 	0.01 	53.251376 	-2.9361643 	0.17308283
-0.30510511 	-0.05 	0.01 	53.248131 	-2.9326648 	0.17338167
-0.3039039 	-0.05 	0.01 	53.245046 	-2.9286983 	0.17339728
-0.3027027 	-0.05 	0.01 	53.241967 	-2.9247133 	0.17340171
-0.3015015 	-0.05 	0.01 	53.238889 	-2.9207283 	0.17340614
-0.3003003 	-0.05 	0.01 	53.23581 	-2.9167433 	0.17341057
-0.2990991 	-0.05 	0.01 	53.232598 	-2.9127269 	0.17345547
-0.2978979 	-0.05 	0.01 	53.22854 	-2.9085126 	0.17375512
-0.2966967 	-0.05 	0.01 	53.224482 	-2.9042983 	0.17405477
-0.2954955 	-0.05 	0.01 	53.22043 	-2.9000844 	0.17425048
-0.29429429 	-0.05 	0.01 	53.216389 	-2.8958712 	0.17425047
-0.29309309 	-0.05 	0.01 	53.212348 	-2.891658 	0.17425045
-0.29189189 	-0.05 	0.01 	53.208307 	-2.8874449 	0.17425044
-0.29069069 	-0.05 	0.01 	53.204266 	-2.8832317 	0.17425042
-0.28948949 	-0.05 	0.01 	53.200226 	-2.8790185 	0.1742504
-0.28828829 	-0.05 	0.01 	53.196185 	-2.8748053 	0.17425039
-0.28708709 	-0.05 	0.01 	53.192144 	-2.8705921 	0.17425037
-0.28588589 	-0.05 	0.01 	53.188103 	-2.8663789 	0.17425036
-0.28468468 	-0.05 	0.01 	53.184062 	-2.8621657 	0.17425034
-0.28348348 	-0.05 	0.01 	53.180021 	-2.8579525 	0.17425032
-0.28228228 	-0.05 	0.01 	53.17598 	-2.8537393 	0.17425031
-0.28108108 	-0.05 	0.01 	53.171939 	-2.8495261 	0.17425029
-0.27987988 	-0.05 	0.01 	53.167612 	-2.8452251 	0.17437029
-0.27867868 	-0.05 	0.01 	53.162862 	-2.8407941 	0.17466809
-0.27747748 	-0.05 	0.01 	53.158111 	-2.8363631 	0.17496589
-0.27627628 	-0.05 	0.01 	53.15336 	-2.8319321 	0.17526368
-0.27507508 	-0.05 	0.01 	53.148609 	-2.8275011 	0.17556148
-0.27387387 	-0.05 	0.01 	53.144118 	-2.8233523 	0.17568179
-0.27267267 	-0.05 	0.01 	53.139817 	-2.8194111 	0.17567151
-0.27147147 	-0.05 	0.01 	53.135517 	-2.8154699 	0.17566124
-0.27027027 	-0.05 	0.01 	53.131216 	-2.8115287 	0.17565096
-0.26906907 	-0.05 	0.01 	53.126916 	-2.8075875 	0.17564068
-0.26786787 	-0.05 	0.01 	53.121876 	-2.8035452 	0.17584101
-0.26666667 	-0.05 	0.01 	53.116597 	-2.7994701 	0.1761095
-0.26546547 	-0.05 	0.01 	53.111318 	-2.795395 	0.17637799
-0.26426426 	-0.05 	0.01 	53.106058 	-2.7913228 	0.17638879
-0.26306306 	-0.05 	0.01 	53.100799 	-2.7872507 	0.17638926
-0.26186186 	-0.05 	0.01 	53.09554 	-2.7831786 	0.17638974
-0.26066066 	-0.05 	0.01 	53.090282 	-2.7791065 	0.17639022
-0.25945946 	-0.05 	0.01 	53.085023 	-2.7750344 	0.1763907
-0.25825826 	-0.05 	0.01 	53.079764 	-2.7709623 	0.17639118
-0.25705706 	-0.05 	0.01 	53.074505 	-2.7668903 	0.17639165
-0.25585586 	-0.05 	0.01 	53.069246 	-2.7628182 	0.17639213
-0.25465465 	-0.05 	0.01 	53.063987 	-2.7587461 	0.17639261
-0.25345345 	-0.05 	0.01 	53.058728 	-2.754674 	0.17639309
-0.25225225 	-0.05 	0.01 	53.053469 	-2.7506019 	0.17639356
-0.25105105 	-0.05 	0.01 	53.04821 	-2.7465298 	0.17639404
-0.24984985 	-0.05 	0.01 	53.042951 	-2.7424578 	0.17639452
-0.24864865 	-0.05 	0.01 	53.036914 	-2.7386374 	0.17670446
-0.24744745 	-0.05 	0.01 	53.030869 	-2.7348195 	0.17701742
-0.24624625 	-0.05 	0.01 	53.024824 	-2.7310016 	0.17733037
-0.24504505 	-0.05 	0.01 	53.018779 	-2.7271838 	0.17764333
-0.24384384 	-0.05 	0.01 	53.012888 	-2.7235033 	0.17788185
-0.24264264 	-0.05 	0.01 	53.007635 	-2.7203953 	0.17781012
-0.24144144 	-0.05 	0.01 	53.002382 	-2.7172874 	0.17773839
-0.24024024 	-0.05 	0.01 	52.997129 	-2.7141795 	0.17766666
-0.23903904 	-0.05 	0.01 	52.991876 	-2.7110715 	0.17759493
-0.23783784 	-0.05 	0.01 	52.986051 	-2.7074991 	0.17765238
-0.23663664 	-0.05 	0.01 	52.979441 	-2.7032887 	0.17788725
-0.23543544 	-0.05 	0.01 	52.97283 	-2.6990782 	0.17812212
-0.23423423 	-0.05 	0.01 	52.966233 	-2.6948715 	0.17822181
-0.23303303 	-0.05 	0.01 	52.959644 	-2.6906676 	0.17822293
-0.23183183 	-0.05 	0.01 	52.953055 	-2.6864636 	0.17822405
-0.23063063 	-0.05 	0.01 	52.946466 	-2.6822596 	0.17822518
-0.22942943 	-0.05 	0.01 	52.939877 	-2.6780556 	0.1782263
-0.22822823 	-0.05 	0.01 	52.933288 	-2.6738516 	0.17822742
-0.22702703 	-0.05 	0.01 	52.926699 	-2.6696476 	0.17822854
-0.22582583 	-0.05 	0.01 	52.92011 	-2.6654437 	0.17822966
-0.22462462 	-0.05 	0.01 	52.913521 	-2.6612397 	0.17823078
-0.22342342 	-0.05 	0.01 	52.906932 	-2.6570357 	0.17823191
-0.22222222 	-0.05 	0.01 	52.900344 	-2.6528317 	0.17823303
-0.22102102 	-0.05 	0.01 	52.893755 	-2.6486277 	0.17823415
-0.21981982 	-0.05 	0.01 	52.887166 	-2.6444237 	0.17823527
-0.21861862 	-0.05 	0.01 	52.880002 	-2.6398 	0.17839572
-0.21741742 	-0.05 	0.01 	52.872315 	-2.634794 	0.17870121
-0.21621622 	-0.05 	0.01 	52.864629 	-2.629788 	0.1790067
-0.21501502 	-0.05 	0.01 	52.856942 	-2.6247821 	0.17931219
-0.21381381 	-0.05 	0.01 	52.849255 	-2.6197761 	0.17961769
-0.21261261 	-0.05 	0.01 	52.842593 	-2.6151687 	0.17960915
-0.21141141 	-0.05 	0.01 	52.836171 	-2.6106547 	0.17952693
-0.21021021 	-0.05 	0.01 	52.829749 	-2.6061408 	0.1794447
-0.20900901 	-0.05 	0.01 	52.823327 	-2.6016269 	0.17936247
-0.20780781 	-0.05 	0.01 	52.816666 	-2.5971065 	0.17931959
-0.20660661 	-0.05 	0.01 	52.808519 	-2.5925459 	0.17952257
-0.20540541 	-0.05 	0.01 	52.800372 	-2.5879853 	0.17972555
-0.2042042 	-0.05 	0.01 	52.792229 	-2.583425 	0.17988937
-0.203003 	-0.05 	0.01 	52.784105 	-2.5788665 	0.17989074
-0.2018018 	-0.05 	0.01 	52.77598 	-2.5743079 	0.17989212
-0.2006006 	-0.05 	0.01 	52.767856 	-2.5697493 	0.1798935
-0.1993994 	-0.05 	0.01 	52.759732 	-2.5651907 	0.17989487
-0.1981982 	-0.05 	0.01 	52.751608 	-2.5606322 	0.17989625
-0.196997 	-0.05 	0.01 	52.743484 	-2.5560736 	0.17989762
-0.1957958 	-0.05 	0.01 	52.73536 	-2.551515 	0.179899
-0.19459459 	-0.05 	0.01 	52.727235 	-2.5469565 	0.17990038
-0.19339339 	-0.05 	0.01 	52.719111 	-2.5423979 	0.17990175
-0.19219219 	-0.05 	0.01 	52.710987 	-2.5378393 	0.17990313
-0.19099099 	-0.05 	0.01 	52.702863 	-2.5332807 	0.1799045
-0.18978979 	-0.05 	0.01 	52.694739 	-2.5287222 	0.17990588
-0.18858859 	-0.05 	0.01 	52.686591 	-2.5241745 	0.17991262
-0.18738739 	-0.05 	0.01 	52.677208 	-2.5201893 	0.1801965
-0.18618619 	-0.05 	0.01 	52.667826 	-2.5162041 	0.18048039
-0.18498498 	-0.05 	0.01 	52.658444 	-2.5122189 	0.18076427
-0.18378378 	-0.05 	0.01 	52.649061 	-2.5082337 	0.18104816
-0.18258258 	-0.05 	0.01 	52.640443 	-2.5045081 	0.18116711
-0.18138138 	-0.05 	0.01 	52.632852 	-2.5011318 	0.18106417
-0.18018018 	-0.05 	0.01 	52.625261 	-2.4977554 	0.18096123
-0.17897898 	-0.05 	0.01 	52.61767 	-2.4943791 	0.18085829
-0.17777778 	-0.05 	0.01 	52.610078 	-2.4910027 	0.18075534
-0.17657658 	-0.05 	0.01 	52.600815 	-2.4867109 	0.18087851
-0.17537538 	-0.05 	0.01 	52.59127 	-2.4822652 	0.18103965
-0.17417417 	-0.05 	0.01 	52.581726 	-2.4778196 	0.18120079
-0.17297297 	-0.05 	0.01 	52.572201 	-2.4733732 	0.1812312
-0.17177177 	-0.05 	0.01 	52.562682 	-2.4689267 	0.18123119
-0.17057057 	-0.05 	0.01 	52.553162 	-2.4644802 	0.18123118
-0.16936937 	-0.05 	0.01 	52.543643 	-2.4600336 	0.18123117
-0.16816817 	-0.05 	0.01 	52.534123 	-2.4555871 	0.18123115
-0.16696697 	-0.05 	0.01 	52.524603 	-2.4511406 	0.18123114
-0.16576577 	-0.05 	0.01 	52.515084 	-2.4466941 	0.18123113
-0.16456456 	-0.05 	0.01 	52.505564 	-2.4422476 	0.18123112
-0.16336336 	-0.05 	0.01 	52.496045 	-2.437801 	0.18123111
-0.16216216 	-0.05 	0.01 	52.486525 	-2.4333545 	0.1812311
-0.16096096 	-0.05 	0.01 	52.477006 	-2.428908 	0.18123109
-0.15975976 	-0.05 	0.01 	52.467486 	-2.4244615 	0.18123107
-0.15855856 	-0.05 	0.01 	52.457967 	-2.420015 	0.18123106
-0.15735736 	-0.05 	0.01 	52.447588 	-2.4153988 	0.18138509
-0.15615616 	-0.05 	0.01 	52.436667 	-2.4106756 	0.18163636
-0.15495495 	-0.05 	0.01 	52.425747 	-2.4059523 	0.18188763
-0.15375375 	-0.05 	0.01 	52.414826 	-2.4012291 	0.18213891
-0.15255255 	-0.05 	0.01 	52.403993 	-2.3965973 	0.18237519
-0.15135135 	-0.05 	0.01 	52.395169 	-2.3940765 	0.1822655
-0.15015015 	-0.05 	0.01 	52.386346 	-2.3915557 	0.18215581
-0.14894895 	-0.05 	0.01 	52.377522 	-2.3890349 	0.18204612
-0.14774775 	-0.05 	0.01 	52.368699 	-2.386514 	0.18193643
-0.14654655 	-0.05 	0.01 	52.358847 	-2.3834356 	0.18193607
-0.14534535 	-0.05 	0.01 	52.347873 	-2.3797483 	0.18205509
-0.14414414 	-0.05 	0.01 	52.336898 	-2.376061 	0.18217412
-0.14294294 	-0.05 	0.01 	52.325935 	-2.3723706 	0.18224266
-0.14174174 	-0.05 	0.01 	52.314988 	-2.368676 	0.18224316
-0.14054054 	-0.05 	0.01 	52.30404 	-2.3649814 	0.18224366
-0.13933934 	-0.05 	0.01 	52.293092 	-2.3612868 	0.18224416
-0.13813814 	-0.05 	0.01 	52.282145 	-2.3575922 	0.18224465
-0.13693694 	-0.05 	0.01 	52.271197 	-2.3538976 	0.18224515
-0.13573574 	-0.05 	0.01 	52.260249 	-2.350203 	0.18224565
-0.13453453 	-0.05 	0.01 	52.249302 	-2.3465084 	0.18224615
-0.13333333 	-0.05 	0.01 	52.238354 	-2.3428138 	0.18224665
-0.13213213 	-0.05 	0.01 	52.227406 	-2.3391192 	0.18224715
-0.13093093 	-0.05 	0.01 	52.216459 	-2.3354247 	0.18224765
-0.12972973 	-0.05 	0.01 	52.205511 	-2.3317301 	0.18224815
-0.12852853 	-0.05 	0.01 	52.194563 	-2.3280355 	0.18224865
-0.12732733 	-0.05 	0.01 	52.183316 	-2.3242406 	0.18229379
-0.12612613 	-0.05 	0.01 	52.170753 	-2.3200057 	0.18253481
-0.12492492 	-0.05 	0.01 	52.158191 	-2.3157708 	0.18277583
-0.12372372 	-0.05 	0.01 	52.145629 	-2.3115359 	0.18301685
-0.12252252 	-0.05 	0.01 	52.133066 	-2.307301 	0.18325787
-0.12132132 	-0.05 	0.01 	52.121961 	-2.3052827 	0.18324707
-0.12012012 	-0.05 	0.01 	52.111622 	-2.3044295 	0.1831039
-0.11891892 	-0.05 	0.01 	52.101283 	-2.3035763 	0.18296073
-0.11771772 	-0.05 	0.01 	52.090944 	-2.3027231 	0.18281756
-0.11651652 	-0.05 	0.01 	52.0802 	-2.3015698 	0.18270818
-0.11531532 	-0.05 	0.01 	52.067248 	-2.2987809 	0.18278293
-0.11411411 	-0.05 	0.01 	52.054296 	-2.295992 	0.18285768
-0.11291291 	-0.05 	0.01 	52.041345 	-2.2932025 	0.18292954
-0.11171171 	-0.05 	0.01 	52.028424 	-2.2903989 	0.18293058
-0.11051051 	-0.05 	0.01 	52.015502 	-2.2875954 	0.18293161
-0.10930931 	-0.05 	0.01 	52.002581 	-2.2847918 	0.18293264
-0.10810811 	-0.05 	0.01 	51.989659 	-2.2819883 	0.18293368
-0.10690691 	-0.05 	0.01 	51.976737 	-2.2791847 	0.18293471
-0.10570571 	-0.05 	0.01 	51.963816 	-2.2763812 	0.18293574
-0.1045045 	-0.05 	0.01 	51.950894 	-2.2735776 	0.18293678
-0.1033033 	-0.05 	0.01 	51.937973 	-2.2707741 	0.18293781
-0.1021021 	-0.05 	0.01 	51.925051 	-2.2679705 	0.18293885
-0.1009009 	-0.05 	0.01 	51.912129 	-2.265167 	0.18293988
-0.0996997 	-0.05 	0.01 	51.899208 	-2.2623635 	0.18294091
-0.098498498 	-0.05 	0.01 	51.886286 	-2.2595599 	0.18294195
-0.097297297 	-0.05 	0.01 	51.873365 	-2.2567564 	0.18294298
-0.096096096 	-0.05 	0.01 	51.859175 	-2.2529483 	0.18309276
-0.094894895 	-0.05 	0.01 	51.844413 	-2.2486872 	0.18330963
-0.093693694 	-0.05 	0.01 	51.829651 	-2.2444262 	0.18352651
-0.092492492 	-0.05 	0.01 	51.814889 	-2.2401651 	0.18374338
-0.091291291 	-0.05 	0.01 	51.800746 	-2.2369985 	0.18385773
-0.09009009 	-0.05 	0.01 	51.788302 	-2.2368379 	0.18369052
-0.088888889 	-0.05 	0.01 	51.775859 	-2.2366773 	0.18352332
-0.087687688 	-0.05 	0.01 	51.763415 	-2.2365167 	0.18335611
-0.086486486 	-0.05 	0.01 	51.750972 	-2.2363561 	0.18318891
-0.085285285 	-0.05 	0.01 	51.737425 	-2.2353049 	0.18318614
-0.084084084 	-0.05 	0.01 	51.72375 	-2.2341502 	0.1832025
-0.082882883 	-0.05 	0.01 	51.710074 	-2.2329955 	0.18321885
-0.081681682 	-0.05 	0.01 	51.696431 	-2.2318231 	0.18322541
-0.08048048 	-0.05 	0.01 	51.682805 	-2.2306413 	0.18322669
-0.079279279 	-0.05 	0.01 	51.669178 	-2.2294596 	0.18322797
-0.078078078 	-0.05 	0.01 	51.655552 	-2.2282778 	0.18322925
-0.076876877 	-0.05 	0.01 	51.641925 	-2.227096 	0.18323053
-0.075675676 	-0.05 	0.01 	51.628299 	-2.2259142 	0.18323181
-0.074474474 	-0.05 	0.01 	51.614672 	-2.2247324 	0.18323309
-0.073273273 	-0.05 	0.01 	51.601046 	-2.2235506 	0.18323437
-0.072072072 	-0.05 	0.01 	51.58742 	-2.2223688 	0.18323565
-0.070870871 	-0.05 	0.01 	51.573793 	-2.2211871 	0.18323693
-0.06966967 	-0.05 	0.01 	51.560167 	-2.2200053 	0.18323821
-0.068468468 	-0.05 	0.01 	51.54654 	-2.2188235 	0.18323949
-0.067267267 	-0.05 	0.01 	51.532914 	-2.2176417 	0.18324077
-0.066066066 	-0.05 	0.01 	51.519248 	-2.216413 	0.183266
-0.064864865 	-0.05 	0.01 	51.505321 	-2.2148764 	0.18344828
-0.063663664 	-0.05 	0.01 	51.491394 	-2.2133399 	0.18363055
-0.062462462 	-0.05 	0.01 	51.477467 	-2.2118034 	0.18381282
-0.061261261 	-0.05 	0.01 	51.46354 	-2.2102668 	0.18399509
-0.06006006 	-0.05 	0.01 	51.451968 	-2.2130703 	0.18384553
-0.058858859 	-0.05 	0.01 	51.440721 	-2.2164725 	0.18365018
-0.057657658 	-0.05 	0.01 	51.429474 	-2.2198748 	0.18345483
-0.056456456 	-0.05 	0.01 	51.418227 	-2.223277 	0.18325947
-0.055255255 	-0.05 	0.01 	51.404035 	-2.2264826 	0.18316235
-0.054054054 	-0.05 	0.01 	51.387441 	-2.2295277 	0.18314539
-0.052852853 	-0.05 	0.01 	51.370847 	-2.2325728 	0.18312842
-0.051651652 	-0.05 	0.01 	51.353947 	-2.2356838 	0.18311453
-0.05045045 	-0.05 	0.01 	51.336036 	-2.239012 	0.18311081
-0.049249249 	-0.05 	0.01 	51.318124 	-2.2423402 	0.18310709
-0.048048048 	-0.05 	0.01 	51.300213 	-2.2456684 	0.18310337
-0.046846847 	-0.05 	0.01 	51.282302 	-2.2489966 	0.18309966
-0.045645646 	-0.05 	0.01 	51.264391 	-2.2523248 	0.18309594
-0.044444444 	-0.05 	0.01 	51.24648 	-2.255653 	0.18309222
-0.043243243 	-0.05 	0.01 	51.228569 	-2.2589812 	0.1830885
-0.042042042 	-0.05 	0.01 	51.210657 	-2.2623094 	0.18308478
-0.040840841 	-0.05 	0.01 	51.192746 	-2.2656376 	0.18308106
-0.03963964 	-0.05 	0.01 	51.174835 	-2.2689658 	0.18307734
-0.038438438 	-0.05 	0.01 	51.156924 	-2.272294 	0.18307362
-0.037237237 	-0.05 	0.01 	51.139013 	-2.2756222 	0.1830699
-0.036036036 	-0.05 	0.01 	51.120778 	-2.278964 	0.18308276
-0.034834835 	-0.05 	0.01 	51.098569 	-2.282472 	0.18329939
-0.033633634 	-0.05 	0.01 	51.07636 	-2.2859801 	0.18351602
-0.032432432 	-0.05 	0.01 	51.054151 	-2.2894881 	0.18373266
-0.031231231 	-0.05 	0.01 	51.031941 	-2.2929961 	0.18394929
-0.03003003 	-0.05 	0.01 	51.011754 	-2.2977551 	0.1839652
-0.028828829 	-0.05 	0.01 	50.994457 	-2.3043027 	0.1836941
-0.027627628 	-0.05 	0.01 	50.97716 	-2.3108503 	0.18342299
-0.026426426 	-0.05 	0.01 	50.959863 	-2.317398 	0.18315189
-0.025225225 	-0.05 	0.01 	50.942566 	-2.3239456 	0.18288079
-0.024024024 	-0.05 	0.01 	50.925269 	-2.3304932 	0.18260969
-0.022822823 	-0.05 	0.01 	50.907972 	-2.3370408 	0.18233858
-0.021621622 	-0.05 	0.01 	50.890675 	-2.3435884 	0.18206748
-0.02042042 	-0.05 	0.01 	50.871228 	-2.3499164 	0.18200746
-0.019219219 	-0.05 	0.01 	50.852206 	-2.3562764 	0.18200746
-0.018018018 	-0.05 	0.01 	50.833183 	-2.3626365 	0.18200746
-0.016816817 	-0.05 	0.01 	50.814161 	-2.3689965 	0.18200746
-0.015615616 	-0.05 	0.01 	50.795139 	-2.3753565 	0.18200746
-0.014414414 	-0.05 	0.01 	50.776117 	-2.3817165 	0.18200746
-0.013213213 	-0.05 	0.01 	50.756525 	-2.3893782 	0.18200746
-0.012012012 	-0.05 	0.01 	50.736563 	-2.397888 	0.18200746
-0.010810811 	-0.05 	0.01 	50.716601 	-2.4063977 	0.18200746
-0.0096096096 	-0.05 	0.01 	50.696638 	-2.4149074 	0.18200746
-0.0084084084 	-0.05 	0.01 	50.678685 	-2.42301 	0.18209198
-0.0072072072 	-0.05 	0.01 	50.662197 	-2.4308159 	0.18223808
-0.006006006 	-0.05 	0.01 	50.645709 	-2.4386218 	0.18238419
-0.0048048048 	-0.05 	0.01 	50.629221 	-2.4464277 	0.18253029
-0.0036036036 	-0.05 	0.01 	50.612732 	-2.4542336 	0.18267639
-0.0024024024 	-0.05 	0.01 	50.596244 	-2.4620395 	0.1828225
-0.0012012012 	-0.05 	0.01 	50.579756 	-2.4698454 	0.1829686
-7.9675625e-15 	-0.05 	0.01 	50.563268 	-2.4776513 	0.1831147
