0 	0.25 	0.01 	53.153714 	-6.2401242 	-0.095953442
-0.0012012012 	0.25 	0.01 	53.158722 	-6.2525804 	-0.095972824
-0.0024024024 	0.25 	0.01 	53.16373 	-6.2650365 	-0.095992206
-0.0036036036 	0.25 	0.01 	53.168738 	-6.2774927 	-0.096011587
-0.0048048048 	0.25 	0.01 	53.173746 	-6.2899488 	-0.096030969
-0.006006006 	0.25 	0.01 	53.178754 	-6.302405 	-0.096050351
-0.0072072072 	0.25 	0.01 	53.183762 	-6.3148611 	-0.096069733
-0.0084084084 	0.25 	0.01 	53.188769 	-6.3273173 	-0.096089115
-0.0096096096 	0.25 	0.01 	53.193777 	-6.3397735 	-0.096108497
-0.010810811 	0.25 	0.01 	53.198785 	-6.3522296 	-0.096127879
-0.012012012 	0.25 	0.01 	53.203793 	-6.3646858 	-0.096147261
-0.013213213 	0.25 	0.01 	53.208801 	-6.3771419 	-0.096166642
-0.014414414 	0.25 	0.01 	53.213809 	-6.3895981 	-0.096186024
-0.015615616 	0.25 	0.01 	53.218817 	-6.4020542 	-0.096205406
-0.016816817 	0.25 	0.01 	53.223825 	-6.4145104 	-0.096224788
-0.018018018 	0.25 	0.01 	53.230621 	-6.4261063 	-0.096233218
-0.019219219 	0.25 	0.01 	53.238793 	-6.43704 	-0.096233218
-0.02042042 	0.25 	0.01 	53.246965 	-6.4479738 	-0.096233218
-0.021621622 	0.25 	0.01 	53.256522 	-6.4604202 	-0.096233218
-0.022822823 	0.25 	0.01 	53.266668 	-6.4735104 	-0.096233218
-0.024024024 	0.25 	0.01 	53.276814 	-6.4866007 	-0.096233218
-0.025225225 	0.25 	0.01 	53.286959 	-6.499691 	-0.096233218
-0.026426426 	0.25 	0.01 	53.297105 	-6.5127812 	-0.096233218
-0.027627628 	0.25 	0.01 	53.307251 	-6.5258715 	-0.096233218
-0.028828829 	0.25 	0.01 	53.317397 	-6.5389617 	-0.096233218
-0.03003003 	0.25 	0.01 	53.327543 	-6.552052 	-0.096233218
-0.031231231 	0.25 	0.01 	53.337688 	-6.5651423 	-0.096233218
-0.032432432 	0.25 	0.01 	53.347834 	-6.5782325 	-0.096233218
-0.033633634 	0.25 	0.01 	53.35798 	-6.5913228 	-0.096233218
-0.034834835 	0.25 	0.01 	53.368126 	-6.604413 	-0.096233218
-0.036036036 	0.25 	0.01 	53.378271 	-6.6175033 	-0.096233218
-0.037237237 	0.25 	0.01 	53.388417 	-6.6305936 	-0.096233218
-0.038438438 	0.25 	0.01 	53.398563 	-6.6436838 	-0.096233218
-0.03963964 	0.25 	0.01 	53.408709 	-6.6567741 	-0.096233218
-0.040840841 	0.25 	0.01 	53.418855 	-6.6698644 	-0.096233218
-0.042042042 	0.25 	0.01 	53.429682 	-6.6826797 	-0.096265783
-0.043243243 	0.25 	0.01 	53.442957 	-6.6945089 	-0.096415176
-0.044444444 	0.25 	0.01 	53.456232 	-6.7063382 	-0.096564568
-0.045645646 	0.25 	0.01 	53.469506 	-6.7181674 	-0.09671396
-0.046846847 	0.25 	0.01 	53.482781 	-6.7299966 	-0.096863353
-0.048048048 	0.25 	0.01 	53.496055 	-6.7418258 	-0.097012745
-0.049249249 	0.25 	0.01 	53.50933 	-6.753655 	-0.097162138
-0.05045045 	0.25 	0.01 	53.522604 	-6.7654842 	-0.09731153
-0.051651652 	0.25 	0.01 	53.535879 	-6.7773134 	-0.097460922
-0.052852853 	0.25 	0.01 	53.549153 	-6.7891426 	-0.097610315
-0.054054054 	0.25 	0.01 	53.562428 	-6.8009718 	-0.097759707
-0.055255255 	0.25 	0.01 	53.575703 	-6.812801 	-0.097909099
-0.056456456 	0.25 	0.01 	53.588977 	-6.8246303 	-0.098058492
-0.057657658 	0.25 	0.01 	53.602252 	-6.8364595 	-0.098207884
-0.058858859 	0.25 	0.01 	53.615526 	-6.8482887 	-0.098357277
-0.06006006 	0.25 	0.01 	53.628801 	-6.8601179 	-0.098506669
-0.061261261 	0.25 	0.01 	53.640175 	-6.8752944 	-0.09850242
-0.062462462 	0.25 	0.01 	53.651478 	-6.8905959 	-0.098492431
-0.063663664 	0.25 	0.01 	53.662781 	-6.9058975 	-0.098482443
-0.064864865 	0.25 	0.01 	53.674085 	-6.921199 	-0.098472455
-0.066066066 	0.25 	0.01 	53.685388 	-6.9365005 	-0.098462466
-0.067267267 	0.25 	0.01 	53.696691 	-6.9518021 	-0.098452478
-0.068468468 	0.25 	0.01 	53.707994 	-6.9671036 	-0.098442489
-0.06966967 	0.25 	0.01 	53.719297 	-6.9824051 	-0.098432501
-0.070870871 	0.25 	0.01 	53.730601 	-6.9977067 	-0.098422513
-0.072072072 	0.25 	0.01 	53.741904 	-7.0130082 	-0.098412524
-0.073273273 	0.25 	0.01 	53.753207 	-7.0283097 	-0.098402536
-0.074474474 	0.25 	0.01 	53.76451 	-7.0436113 	-0.098392548
-0.075675676 	0.25 	0.01 	53.775813 	-7.0589128 	-0.098382559
-0.076876877 	0.25 	0.01 	53.787117 	-7.0742143 	-0.098372571
-0.078078078 	0.25 	0.01 	53.79842 	-7.0895159 	-0.098362582
-0.079279279 	0.25 	0.01 	53.811323 	-7.1029778 	-0.09835996
-0.08048048 	0.25 	0.01 	53.824795 	-7.1157848 	-0.09835996
-0.081681682 	0.25 	0.01 	53.838268 	-7.1285918 	-0.09835996
-0.082882883 	0.25 	0.01 	53.851741 	-7.1413988 	-0.09835996
-0.084084084 	0.25 	0.01 	53.865213 	-7.1542058 	-0.09835996
-0.085285285 	0.25 	0.01 	53.878686 	-7.1670128 	-0.09835996
-0.086486486 	0.25 	0.01 	53.892158 	-7.1798198 	-0.09835996
-0.087687688 	0.25 	0.01 	53.905631 	-7.1926268 	-0.09835996
-0.088888889 	0.25 	0.01 	53.919104 	-7.2054338 	-0.09835996
-0.09009009 	0.25 	0.01 	53.932576 	-7.2182407 	-0.09835996
-0.091291291 	0.25 	0.01 	53.946049 	-7.2310477 	-0.09835996
-0.092492492 	0.25 	0.01 	53.959521 	-7.2438547 	-0.09835996
-0.093693694 	0.25 	0.01 	53.972994 	-7.2566617 	-0.09835996
-0.094894895 	0.25 	0.01 	53.986467 	-7.2694687 	-0.09835996
-0.096096096 	0.25 	0.01 	53.999939 	-7.2822757 	-0.09835996
-0.097297297 	0.25 	0.01 	54.013412 	-7.2950827 	-0.09835996
-0.098498498 	0.25 	0.01 	54.026884 	-7.3078897 	-0.09835996
-0.0996997 	0.25 	0.01 	54.040357 	-7.3206966 	-0.09835996
-0.1009009 	0.25 	0.01 	54.053332 	-7.3323634 	-0.09835996
-0.1021021 	0.25 	0.01 	54.066279 	-7.3439647 	-0.09835996
-0.1033033 	0.25 	0.01 	54.080174 	-7.3544838 	-0.098392445
-0.1045045 	0.25 	0.01 	54.095303 	-7.363595 	-0.098467186
-0.10570571 	0.25 	0.01 	54.110431 	-7.3727062 	-0.098541927
-0.10690691 	0.25 	0.01 	54.125559 	-7.3818175 	-0.098616668
-0.10810811 	0.25 	0.01 	54.140687 	-7.3909287 	-0.098691408
-0.10930931 	0.25 	0.01 	54.155816 	-7.4000399 	-0.098766149
-0.11051051 	0.25 	0.01 	54.170944 	-7.4091512 	-0.09884089
-0.11171171 	0.25 	0.01 	54.186072 	-7.4182624 	-0.09891563
-0.11291291 	0.25 	0.01 	54.2012 	-7.4273736 	-0.098990371
-0.11411411 	0.25 	0.01 	54.216329 	-7.4364848 	-0.099065112
-0.11531532 	0.25 	0.01 	54.231457 	-7.4455961 	-0.099139852
-0.11651652 	0.25 	0.01 	54.246585 	-7.4547073 	-0.099214593
-0.11771772 	0.25 	0.01 	54.261714 	-7.4638185 	-0.099289334
-0.11891892 	0.25 	0.01 	54.276842 	-7.4729298 	-0.099364075
-0.12012012 	0.25 	0.01 	54.29197 	-7.482041 	-0.099438815
-0.12132132 	0.25 	0.01 	54.306669 	-7.4916232 	-0.099506774
-0.12252252 	0.25 	0.01 	54.319735 	-7.5030001 	-0.099548893
-0.12372372 	0.25 	0.01 	54.3328 	-7.514377 	-0.099591012
-0.12492492 	0.25 	0.01 	54.345865 	-7.5257539 	-0.099633131
-0.12612613 	0.25 	0.01 	54.358931 	-7.5371308 	-0.09967525
-0.12732733 	0.25 	0.01 	54.371996 	-7.5485077 	-0.099717368
-0.12852853 	0.25 	0.01 	54.385061 	-7.5598846 	-0.099759487
-0.12972973 	0.25 	0.01 	54.398126 	-7.5712615 	-0.099801606
-0.13093093 	0.25 	0.01 	54.411192 	-7.5826384 	-0.099843725
-0.13213213 	0.25 	0.01 	54.424257 	-7.5940153 	-0.099885844
-0.13333333 	0.25 	0.01 	54.437322 	-7.6053922 	-0.099927963
-0.13453453 	0.25 	0.01 	54.450387 	-7.6167691 	-0.099970081
-0.13573574 	0.25 	0.01 	54.463453 	-7.628146 	-0.1000122
-0.13693694 	0.25 	0.01 	54.476518 	-7.6395229 	-0.10005432
-0.13813814 	0.25 	0.01 	54.489583 	-7.6508998 	-0.10009644
-0.13933934 	0.25 	0.01 	54.502648 	-7.6622767 	-0.10013856
-0.14054054 	0.25 	0.01 	54.518629 	-7.6737737 	-0.10013892
-0.14174174 	0.25 	0.01 	54.534634 	-7.6852718 	-0.10013892
-0.14294294 	0.25 	0.01 	54.551225 	-7.6968535 	-0.10013892
-0.14414414 	0.25 	0.01 	54.568147 	-7.7084827 	-0.10013892
-0.14534535 	0.25 	0.01 	54.58507 	-7.7201118 	-0.10013892
-0.14654655 	0.25 	0.01 	54.601992 	-7.731741 	-0.10013892
-0.14774775 	0.25 	0.01 	54.618914 	-7.7433701 	-0.10013892
-0.14894895 	0.25 	0.01 	54.635837 	-7.7549993 	-0.10013892
-0.15015015 	0.25 	0.01 	54.652759 	-7.7666284 	-0.10013892
-0.15135135 	0.25 	0.01 	54.669682 	-7.7782576 	-0.10013892
-0.15255255 	0.25 	0.01 	54.686604 	-7.7898868 	-0.10013892
-0.15375375 	0.25 	0.01 	54.703527 	-7.8015159 	-0.10013892
-0.15495495 	0.25 	0.01 	54.720449 	-7.8131451 	-0.10013892
-0.15615616 	0.25 	0.01 	54.737371 	-7.8247742 	-0.10013892
-0.15735736 	0.25 	0.01 	54.754294 	-7.8364034 	-0.10013892
-0.15855856 	0.25 	0.01 	54.771216 	-7.8480325 	-0.10013892
-0.15975976 	0.25 	0.01 	54.788139 	-7.8596617 	-0.10013892
-0.16096096 	0.25 	0.01 	54.805061 	-7.8712908 	-0.10013892
-0.16216216 	0.25 	0.01 	54.821984 	-7.88292 	-0.10013892
-0.16336336 	0.25 	0.01 	54.838906 	-7.8945491 	-0.10013892
-0.16456456 	0.25 	0.01 	54.857882 	-7.9062585 	-0.10021362
-0.16576577 	0.25 	0.01 	54.877735 	-7.9180022 	-0.10032024
-0.16696697 	0.25 	0.01 	54.897588 	-7.929746 	-0.10042686
-0.16816817 	0.25 	0.01 	54.917441 	-7.9414897 	-0.10053349
-0.16936937 	0.25 	0.01 	54.937294 	-7.9532334 	-0.10064011
-0.17057057 	0.25 	0.01 	54.957148 	-7.9649771 	-0.10074673
-0.17177177 	0.25 	0.01 	54.977001 	-7.9767208 	-0.10085336
-0.17297297 	0.25 	0.01 	54.996854 	-7.9884646 	-0.10095998
-0.17417417 	0.25 	0.01 	55.016707 	-8.0002083 	-0.10106661
-0.17537538 	0.25 	0.01 	55.03656 	-8.011952 	-0.10117323
-0.17657658 	0.25 	0.01 	55.056414 	-8.0236957 	-0.10127985
-0.17777778 	0.25 	0.01 	55.076267 	-8.0354394 	-0.10138648
-0.17897898 	0.25 	0.01 	55.09612 	-8.0471832 	-0.1014931
-0.18018018 	0.25 	0.01 	55.115973 	-8.0589269 	-0.10159972
-0.18138138 	0.25 	0.01 	55.135826 	-8.0706706 	-0.10170635
-0.18258258 	0.25 	0.01 	55.154861 	-8.0827635 	-0.10175382
-0.18378378 	0.25 	0.01 	55.173011 	-8.0952332 	-0.10173749
-0.18498498 	0.25 	0.01 	55.191162 	-8.1077029 	-0.10172115
-0.18618619 	0.25 	0.01 	55.209313 	-8.1201725 	-0.10170482
-0.18738739 	0.25 	0.01 	55.227464 	-8.1326422 	-0.10168848
-0.18858859 	0.25 	0.01 	55.245614 	-8.1451119 	-0.10167214
-0.18978979 	0.25 	0.01 	55.263765 	-8.1575815 	-0.10165581
-0.19099099 	0.25 	0.01 	55.281916 	-8.1700512 	-0.10163947
-0.19219219 	0.25 	0.01 	55.300067 	-8.1825209 	-0.10162314
-0.19339339 	0.25 	0.01 	55.318217 	-8.1949906 	-0.1016068
-0.19459459 	0.25 	0.01 	55.336368 	-8.2074602 	-0.10159047
-0.1957958 	0.25 	0.01 	55.354519 	-8.2199299 	-0.10157413
-0.196997 	0.25 	0.01 	55.372669 	-8.2323996 	-0.1015578
-0.1981982 	0.25 	0.01 	55.39082 	-8.2448692 	-0.10154146
-0.1993994 	0.25 	0.01 	55.408971 	-8.2573389 	-0.10152513
-0.2006006 	0.25 	0.01 	55.427552 	-8.2694436 	-0.101513
-0.2018018 	0.25 	0.01 	55.447376 	-8.2804945 	-0.101513
-0.203003 	0.25 	0.01 	55.467201 	-8.2915454 	-0.101513
-0.2042042 	0.25 	0.01 	55.487025 	-8.3025963 	-0.101513
-0.20540541 	0.25 	0.01 	55.506849 	-8.3136472 	-0.101513
-0.20660661 	0.25 	0.01 	55.526673 	-8.3246981 	-0.101513
-0.20780781 	0.25 	0.01 	55.546497 	-8.335749 	-0.101513
-0.20900901 	0.25 	0.01 	55.566321 	-8.3467999 	-0.101513
-0.21021021 	0.25 	0.01 	55.586146 	-8.3578508 	-0.101513
-0.21141141 	0.25 	0.01 	55.60597 	-8.3689017 	-0.101513
-0.21261261 	0.25 	0.01 	55.625794 	-8.3799526 	-0.101513
-0.21381381 	0.25 	0.01 	55.645618 	-8.3910034 	-0.101513
-0.21501502 	0.25 	0.01 	55.665442 	-8.4020543 	-0.101513
-0.21621622 	0.25 	0.01 	55.685267 	-8.4131052 	-0.101513
-0.21741742 	0.25 	0.01 	55.705091 	-8.4241561 	-0.101513
-0.21861862 	0.25 	0.01 	55.724915 	-8.435207 	-0.101513
-0.21981982 	0.25 	0.01 	55.744739 	-8.4462579 	-0.101513
-0.22102102 	0.25 	0.01 	55.764563 	-8.4573088 	-0.101513
-0.22222222 	0.25 	0.01 	55.784388 	-8.4683597 	-0.101513
-0.22342342 	0.25 	0.01 	55.803376 	-8.4786312 	-0.101513
-0.22462462 	0.25 	0.01 	55.822347 	-8.488887 	-0.101513
-0.22582583 	0.25 	0.01 	55.842916 	-8.497783 	-0.10153475
-0.22702703 	0.25 	0.01 	55.863554 	-8.5066193 	-0.10155746
-0.22822823 	0.25 	0.01 	55.884192 	-8.5154557 	-0.10158017
-0.22942943 	0.25 	0.01 	55.90483 	-8.524292 	-0.10160288
-0.23063063 	0.25 	0.01 	55.925468 	-8.5331284 	-0.10162559
-0.23183183 	0.25 	0.01 	55.946106 	-8.5419647 	-0.1016483
-0.23303303 	0.25 	0.01 	55.966744 	-8.5508011 	-0.10167101
-0.23423423 	0.25 	0.01 	55.987382 	-8.5596374 	-0.10169372
-0.23543544 	0.25 	0.01 	56.00802 	-8.5684738 	-0.10171643
-0.23663664 	0.25 	0.01 	56.028658 	-8.5773101 	-0.10173914
-0.23783784 	0.25 	0.01 	56.049296 	-8.5861465 	-0.10176184
-0.23903904 	0.25 	0.01 	56.069934 	-8.5949828 	-0.10178455
-0.24024024 	0.25 	0.01 	56.090572 	-8.6038192 	-0.10180726
-0.24144144 	0.25 	0.01 	56.11121 	-8.6126555 	-0.10182997
-0.24264264 	0.25 	0.01 	56.131848 	-8.6214919 	-0.10185268
-0.24384384 	0.25 	0.01 	56.152025 	-8.6304524 	-0.10188766
-0.24504505 	0.25 	0.01 	56.172034 	-8.6394581 	-0.1019271
-0.24624625 	0.25 	0.01 	56.192044 	-8.6484638 	-0.10196654
-0.24744745 	0.25 	0.01 	56.212053 	-8.6574696 	-0.10200599
-0.24864865 	0.25 	0.01 	56.232062 	-8.6664753 	-0.10204543
-0.24984985 	0.25 	0.01 	56.252071 	-8.675481 	-0.10208487
-0.25105105 	0.25 	0.01 	56.272081 	-8.6844867 	-0.10212432
-0.25225225 	0.25 	0.01 	56.29209 	-8.6934924 	-0.10216376
-0.25345345 	0.25 	0.01 	56.312099 	-8.7024981 	-0.1022032
-0.25465465 	0.25 	0.01 	56.332108 	-8.7115038 	-0.10224264
-0.25585586 	0.25 	0.01 	56.352118 	-8.7205096 	-0.10228209
-0.25705706 	0.25 	0.01 	56.372127 	-8.7295153 	-0.10232153
-0.25825826 	0.25 	0.01 	56.392136 	-8.738521 	-0.10236097
-0.25945946 	0.25 	0.01 	56.412145 	-8.7475267 	-0.10240041
-0.26066066 	0.25 	0.01 	56.432155 	-8.7565324 	-0.10243986
-0.26186186 	0.25 	0.01 	56.452907 	-8.7662451 	-0.10245909
-0.26306306 	0.25 	0.01 	56.474367 	-8.7766308 	-0.10245909
-0.26426426 	0.25 	0.01 	56.496258 	-8.7870373 	-0.10245909
-0.26546547 	0.25 	0.01 	56.518378 	-8.7974548 	-0.10245909
-0.26666667 	0.25 	0.01 	56.540498 	-8.8078724 	-0.10245909
-0.26786787 	0.25 	0.01 	56.562618 	-8.81829 	-0.10245909
-0.26906907 	0.25 	0.01 	56.584738 	-8.8287075 	-0.10245909
-0.27027027 	0.25 	0.01 	56.606858 	-8.8391251 	-0.10245909
-0.27147147 	0.25 	0.01 	56.628978 	-8.8495427 	-0.10245909
-0.27267267 	0.25 	0.01 	56.651097 	-8.8599602 	-0.10245909
-0.27387387 	0.25 	0.01 	56.673217 	-8.8703778 	-0.10245909
-0.27507508 	0.25 	0.01 	56.695337 	-8.8807954 	-0.10245909
-0.27627628 	0.25 	0.01 	56.717457 	-8.8912129 	-0.10245909
-0.27747748 	0.25 	0.01 	56.739577 	-8.9016305 	-0.10245909
-0.27867868 	0.25 	0.01 	56.761697 	-8.9120481 	-0.10245909
-0.27987988 	0.25 	0.01 	56.783817 	-8.9224656 	-0.10245909
-0.28108108 	0.25 	0.01 	56.805937 	-8.9328832 	-0.10245909
-0.28228228 	0.25 	0.01 	56.828057 	-8.9433008 	-0.10245909
-0.28348348 	0.25 	0.01 	56.850177 	-8.9537183 	-0.10245909
-0.28468468 	0.25 	0.01 	56.872297 	-8.9641359 	-0.10245909
-0.28588589 	0.25 	0.01 	56.89473 	-8.9748507 	-0.10247347
-0.28708709 	0.25 	0.01 	56.918291 	-8.9866355 	-0.10253958
-0.28828829 	0.25 	0.01 	56.941852 	-8.9984202 	-0.10260568
-0.28948949 	0.25 	0.01 	56.965413 	-9.0102049 	-0.10267179
-0.29069069 	0.25 	0.01 	56.988974 	-9.0219896 	-0.1027379
-0.29189189 	0.25 	0.01 	57.012535 	-9.0337743 	-0.10280401
-0.29309309 	0.25 	0.01 	57.036095 	-9.045559 	-0.10287012
-0.29429429 	0.25 	0.01 	57.059656 	-9.0573437 	-0.10293622
-0.2954955 	0.25 	0.01 	57.083217 	-9.0691284 	-0.10300233
-0.2966967 	0.25 	0.01 	57.106778 	-9.0809131 	-0.10306844
-0.2978979 	0.25 	0.01 	57.130339 	-9.0926978 	-0.10313455
-0.2990991 	0.25 	0.01 	57.1539 	-9.1044825 	-0.10320065
-0.3003003 	0.25 	0.01 	57.177461 	-9.1162672 	-0.10326676
-0.3015015 	0.25 	0.01 	57.201021 	-9.1280519 	-0.10333287
-0.3027027 	0.25 	0.01 	57.224582 	-9.1398366 	-0.10339898
-0.3039039 	0.25 	0.01 	57.248143 	-9.1516213 	-0.10346509
-0.30510511 	0.25 	0.01 	57.273584 	-9.1623568 	-0.10340325
-0.30630631 	0.25 	0.01 	57.299032 	-9.1730883 	-0.10334093
-0.30750751 	0.25 	0.01 	57.32448 	-9.1838198 	-0.1032786
-0.30870871 	0.25 	0.01 	57.349928 	-9.1945513 	-0.10321628
-0.30990991 	0.25 	0.01 	57.375376 	-9.2052828 	-0.10315396
-0.31111111 	0.25 	0.01 	57.400825 	-9.2160144 	-0.10309164
-0.31231231 	0.25 	0.01 	57.426273 	-9.2267459 	-0.10302931
-0.31351351 	0.25 	0.01 	57.451721 	-9.2374774 	-0.10296699
-0.31471471 	0.25 	0.01 	57.477169 	-9.2482089 	-0.10290467
-0.31591592 	0.25 	0.01 	57.502617 	-9.2589404 	-0.10284235
-0.31711712 	0.25 	0.01 	57.528065 	-9.2696719 	-0.10278003
-0.31831832 	0.25 	0.01 	57.553513 	-9.2804034 	-0.1027177
-0.31951952 	0.25 	0.01 	57.578961 	-9.2911349 	-0.10265538
-0.32072072 	0.25 	0.01 	57.604409 	-9.3018664 	-0.10259306
-0.32192192 	0.25 	0.01 	57.629857 	-9.3125979 	-0.10253074
-0.32312312 	0.25 	0.01 	57.654493 	-9.3225009 	-0.10251641
-0.32432432 	0.25 	0.01 	57.678885 	-9.3321567 	-0.10251641
-0.32552553 	0.25 	0.01 	57.703278 	-9.3418125 	-0.10251641
-0.32672673 	0.25 	0.01 	57.72767 	-9.3514682 	-0.10251641
-0.32792793 	0.25 	0.01 	57.752063 	-9.361124 	-0.10251641
-0.32912913 	0.25 	0.01 	57.776455 	-9.3707798 	-0.10251641
-0.33033033 	0.25 	0.01 	57.800848 	-9.3804355 	-0.10251641
-0.33153153 	0.25 	0.01 	57.825241 	-9.3900913 	-0.10251641
-0.33273273 	0.25 	0.01 	57.849633 	-9.3997471 	-0.10251641
-0.33393393 	0.25 	0.01 	57.874026 	-9.4094029 	-0.10251641
-0.33513514 	0.25 	0.01 	57.898418 	-9.4190586 	-0.10251641
-0.33633634 	0.25 	0.01 	57.922811 	-9.4287144 	-0.10251641
-0.33753754 	0.25 	0.01 	57.947204 	-9.4383702 	-0.10251641
-0.33873874 	0.25 	0.01 	57.971596 	-9.4480259 	-0.10251641
-0.33993994 	0.25 	0.01 	57.995989 	-9.4576817 	-0.10251641
-0.34114114 	0.25 	0.01 	58.020381 	-9.4673375 	-0.10251641
-0.34234234 	0.25 	0.01 	58.044774 	-9.4769932 	-0.10251641
-0.34354354 	0.25 	0.01 	58.069166 	-9.486649 	-0.10251641
-0.34474474 	0.25 	0.01 	58.093559 	-9.4963048 	-0.10251641
-0.34594595 	0.25 	0.01 	58.118381 	-9.5056689 	-0.10251641
-0.34714715 	0.25 	0.01 	58.142711 	-9.5145131 	-0.10251881
-0.34834835 	0.25 	0.01 	58.166468 	-9.5227808 	-0.10252393
-0.34954955 	0.25 	0.01 	58.190224 	-9.5310485 	-0.10252905
-0.35075075 	0.25 	0.01 	58.21398 	-9.5393163 	-0.10253417
-0.35195195 	0.25 	0.01 	58.237736 	-9.547584 	-0.10253929
-0.35315315 	0.25 	0.01 	58.261493 	-9.5558517 	-0.10254441
-0.35435435 	0.25 	0.01 	58.285249 	-9.5641194 	-0.10254953
-0.35555556 	0.25 	0.01 	58.309005 	-9.5723872 	-0.10255464
-0.35675676 	0.25 	0.01 	58.332761 	-9.5806549 	-0.10255976
-0.35795796 	0.25 	0.01 	58.356518 	-9.5889226 	-0.10256488
-0.35915916 	0.25 	0.01 	58.380274 	-9.5971903 	-0.10257
-0.36036036 	0.25 	0.01 	58.40403 	-9.605458 	-0.10257512
-0.36156156 	0.25 	0.01 	58.427786 	-9.6137258 	-0.10258024
-0.36276276 	0.25 	0.01 	58.451543 	-9.6219935 	-0.10258536
-0.36396396 	0.25 	0.01 	58.475299 	-9.6302612 	-0.10259047
-0.36516517 	0.25 	0.01 	58.500558 	-9.6383012 	-0.10256581
-0.36636637 	0.25 	0.01 	58.530478 	-9.6456351 	-0.10244879
-0.36756757 	0.25 	0.01 	58.560398 	-9.6529689 	-0.10233178
-0.36876877 	0.25 	0.01 	58.590318 	-9.6603028 	-0.10221476
-0.36996997 	0.25 	0.01 	58.620238 	-9.6676367 	-0.10209774
-0.37117117 	0.25 	0.01 	58.650158 	-9.6749705 	-0.10198072
-0.37237237 	0.25 	0.01 	58.680078 	-9.6823044 	-0.1018637
-0.37357357 	0.25 	0.01 	58.709998 	-9.6896383 	-0.10174669
-0.37477477 	0.25 	0.01 	58.739918 	-9.6969721 	-0.10162967
-0.37597598 	0.25 	0.01 	58.769839 	-9.704306 	-0.10151265
-0.37717718 	0.25 	0.01 	58.799759 	-9.7116398 	-0.10139563
-0.37837838 	0.25 	0.01 	58.829679 	-9.7189737 	-0.10127862
-0.37957958 	0.25 	0.01 	58.859599 	-9.7263076 	-0.1011616
-0.38078078 	0.25 	0.01 	58.889519 	-9.7336414 	-0.10104458
-0.38198198 	0.25 	0.01 	58.919439 	-9.7409753 	-0.10092756
-0.38318318 	0.25 	0.01 	58.949306 	-9.7482826 	-0.10081332
-0.38438438 	0.25 	0.01 	58.977014 	-9.7544978 	-0.10081332
-0.38558559 	0.25 	0.01 	59.002879 	-9.762058 	-0.10081332
-0.38678679 	0.25 	0.01 	59.028018 	-9.7701486 	-0.10081332
-0.38798799 	0.25 	0.01 	59.053156 	-9.7782393 	-0.10081332
-0.38918919 	0.25 	0.01 	59.078295 	-9.7863299 	-0.10081332
-0.39039039 	0.25 	0.01 	59.103434 	-9.7944205 	-0.10081332
-0.39159159 	0.25 	0.01 	59.128572 	-9.8025111 	-0.10081332
-0.39279279 	0.25 	0.01 	59.153711 	-9.8106017 	-0.10081332
-0.39399399 	0.25 	0.01 	59.17885 	-9.8186923 	-0.10081332
-0.3951952 	0.25 	0.01 	59.203988 	-9.826783 	-0.10081332
-0.3963964 	0.25 	0.01 	59.229127 	-9.8348736 	-0.10081332
-0.3975976 	0.25 	0.01 	59.254266 	-9.8429642 	-0.10081332
-0.3987988 	0.25 	0.01 	59.279404 	-9.8510548 	-0.10081332
-0.4 	0.25 	0.01 	59.304543 	-9.8591454 	-0.10081332
-0.4012012 	0.25 	0.01 	59.329681 	-9.867236 	-0.10081332
-0.4024024 	0.25 	0.01 	59.35482 	-9.8753266 	-0.10081332
-0.4036036 	0.25 	0.01 	59.379959 	-9.8834173 	-0.10081332
-0.4048048 	0.25 	0.01 	59.405097 	-9.8915079 	-0.10081332
-0.40600601 	0.25 	0.01 	59.430236 	-9.8995985 	-0.10081332
-0.40720721 	0.25 	0.01 	59.455375 	-9.9076891 	-0.10081332
-0.40840841 	0.25 	0.01 	59.478885 	-9.9149574 	-0.10081703
-0.40960961 	0.25 	0.01 	59.50179 	-9.9219206 	-0.1008221
-0.41081081 	0.25 	0.01 	59.524696 	-9.9288838 	-0.10082718
-0.41201201 	0.25 	0.01 	59.547601 	-9.935847 	-0.10083226
-0.41321321 	0.25 	0.01 	59.570507 	-9.9428102 	-0.10083733
-0.41441441 	0.25 	0.01 	59.593413 	-9.9497734 	-0.10084241
-0.41561562 	0.25 	0.01 	59.616318 	-9.9567366 	-0.10084748
-0.41681682 	0.25 	0.01 	59.639224 	-9.9636998 	-0.10085256
-0.41801802 	0.25 	0.01 	59.66213 	-9.970663 	-0.10085764
-0.41921922 	0.25 	0.01 	59.685035 	-9.9776261 	-0.10086271
-0.42042042 	0.25 	0.01 	59.707941 	-9.9845893 	-0.10086779
-0.42162162 	0.25 	0.01 	59.730846 	-9.9915525 	-0.10087287
-0.42282282 	0.25 	0.01 	59.753752 	-9.9985157 	-0.10087794
-0.42402402 	0.25 	0.01 	59.776658 	-10.005479 	-0.10088302
-0.42522523 	0.25 	0.01 	59.799563 	-10.012442 	-0.10088809
-0.42642643 	0.25 	0.01 	59.827945 	-10.020801 	-0.10083681
-0.42762763 	0.25 	0.01 	59.86164 	-10.030514 	-0.10073082
-0.42882883 	0.25 	0.01 	59.895334 	-10.040226 	-0.10062484
-0.43003003 	0.25 	0.01 	59.929029 	-10.049939 	-0.10051885
-0.43123123 	0.25 	0.01 	59.962724 	-10.059652 	-0.10041287
-0.43243243 	0.25 	0.01 	59.996419 	-10.069365 	-0.10030689
-0.43363363 	0.25 	0.01 	60.030114 	-10.079078 	-0.1002009
-0.43483483 	0.25 	0.01 	60.063809 	-10.088791 	-0.10009492
-0.43603604 	0.25 	0.01 	60.097504 	-10.098504 	-0.099988937
-0.43723724 	0.25 	0.01 	60.131198 	-10.108216 	-0.099882953
-0.43843844 	0.25 	0.01 	60.164893 	-10.117929 	-0.099776969
-0.43963964 	0.25 	0.01 	60.198588 	-10.127642 	-0.099670986
-0.44084084 	0.25 	0.01 	60.232283 	-10.137355 	-0.099565002
-0.44204204 	0.25 	0.01 	60.265978 	-10.147068 	-0.099459019
-0.44324324 	0.25 	0.01 	60.299673 	-10.156781 	-0.099353035
-0.44444444 	0.25 	0.01 	60.331173 	-10.165462 	-0.09927691
-0.44564565 	0.25 	0.01 	60.357079 	-10.171516 	-0.09927691
-0.44684685 	0.25 	0.01 	60.382985 	-10.177569 	-0.09927691
-0.44804805 	0.25 	0.01 	60.408891 	-10.183622 	-0.09927691
-0.44924925 	0.25 	0.01 	60.434797 	-10.189675 	-0.09927691
-0.45045045 	0.25 	0.01 	60.460703 	-10.195728 	-0.09927691
-0.45165165 	0.25 	0.01 	60.486609 	-10.201782 	-0.09927691
-0.45285285 	0.25 	0.01 	60.512515 	-10.207835 	-0.09927691
-0.45405405 	0.25 	0.01 	60.538421 	-10.213888 	-0.09927691
-0.45525526 	0.25 	0.01 	60.564327 	-10.219941 	-0.09927691
-0.45645646 	0.25 	0.01 	60.590233 	-10.225994 	-0.09927691
-0.45765766 	0.25 	0.01 	60.616139 	-10.232047 	-0.09927691
-0.45885886 	0.25 	0.01 	60.642045 	-10.238101 	-0.09927691
-0.46006006 	0.25 	0.01 	60.667951 	-10.244154 	-0.09927691
-0.46126126 	0.25 	0.01 	60.693857 	-10.250207 	-0.09927691
-0.46246246 	0.25 	0.01 	60.719763 	-10.25626 	-0.09927691
-0.46366366 	0.25 	0.01 	60.745668 	-10.262313 	-0.09927691
-0.46486486 	0.25 	0.01 	60.771574 	-10.268366 	-0.09927691
-0.46606607 	0.25 	0.01 	60.79748 	-10.27442 	-0.09927691
-0.46726727 	0.25 	0.01 	60.823386 	-10.280473 	-0.09927691
-0.46846847 	0.25 	0.01 	60.852604 	-10.287434 	-0.09927691
-0.46966967 	0.25 	0.01 	60.874561 	-10.290595 	-0.099245227
-0.47087087 	0.25 	0.01 	60.89636 	-10.293675 	-0.0992129
-0.47207207 	0.25 	0.01 	60.918159 	-10.296756 	-0.099180573
-0.47327327 	0.25 	0.01 	60.939958 	-10.299836 	-0.099148246
-0.47447447 	0.25 	0.01 	60.961757 	-10.302917 	-0.099115918
-0.47567568 	0.25 	0.01 	60.983556 	-10.305998 	-0.099083591
-0.47687688 	0.25 	0.01 	61.005354 	-10.309078 	-0.099051264
-0.47807808 	0.25 	0.01 	61.027153 	-10.312159 	-0.099018937
-0.47927928 	0.25 	0.01 	61.048952 	-10.315239 	-0.09898661
-0.48048048 	0.25 	0.01 	61.070751 	-10.31832 	-0.098954282
-0.48168168 	0.25 	0.01 	61.09255 	-10.3214 	-0.098921955
-0.48288288 	0.25 	0.01 	61.114349 	-10.324481 	-0.098889628
-0.48408408 	0.25 	0.01 	61.136148 	-10.327562 	-0.098857301
-0.48528529 	0.25 	0.01 	61.157947 	-10.330642 	-0.098824974
-0.48648649 	0.25 	0.01 	61.179746 	-10.333723 	-0.098792646
-0.48768769 	0.25 	0.01 	61.212171 	-10.339991 	-0.098695812
-0.48888889 	0.25 	0.01 	61.248073 	-10.347301 	-0.098577876
-0.49009009 	0.25 	0.01 	61.283975 	-10.354612 	-0.09845994
-0.49129129 	0.25 	0.01 	61.319877 	-10.361922 	-0.098342004
-0.49249249 	0.25 	0.01 	61.355779 	-10.369233 	-0.098224068
-0.49369369 	0.25 	0.01 	61.391681 	-10.376543 	-0.098106132
-0.49489489 	0.25 	0.01 	61.427583 	-10.383854 	-0.097988196
-0.4960961 	0.25 	0.01 	61.463485 	-10.391164 	-0.09787026
-0.4972973 	0.25 	0.01 	61.499387 	-10.398475 	-0.097752324
-0.4984985 	0.25 	0.01 	61.535289 	-10.405785 	-0.097634388
-0.4996997 	0.25 	0.01 	61.571191 	-10.413096 	-0.097516453
-0.5009009 	0.25 	0.01 	61.607093 	-10.420406 	-0.097398517
-0.5021021 	0.25 	0.01 	61.642995 	-10.427717 	-0.097280581
-0.5033033 	0.25 	0.01 	61.678897 	-10.435027 	-0.097162645
-0.5045045 	0.25 	0.01 	61.714799 	-10.442338 	-0.097044709
-0.50570571 	0.25 	0.01 	61.748539 	-10.448475 	-0.096988882
-0.50690691 	0.25 	0.01 	61.781527 	-10.455196 	-0.096988882
-0.50810811 	0.25 	0.01 	61.804339 	-10.462132 	-0.096988882
-0.50930931 	0.25 	0.01 	61.827151 	-10.469068 	-0.096988882
-0.51051051 	0.25 	0.01 	61.849963 	-10.476003 	-0.096988882
-0.51171171 	0.25 	0.01 	61.872775 	-10.482939 	-0.096988882
-0.51291291 	0.25 	0.01 	61.895587 	-10.489875 	-0.096988882
-0.51411411 	0.25 	0.01 	61.918399 	-10.49681 	-0.096988882
-0.51531532 	0.25 	0.01 	61.941211 	-10.503746 	-0.096988882
-0.51651652 	0.25 	0.01 	61.964023 	-10.510682 	-0.096988882
-0.51771772 	0.25 	0.01 	61.986835 	-10.517617 	-0.096988882
-0.51891892 	0.25 	0.01 	62.009647 	-10.524553 	-0.096988882
-0.52012012 	0.25 	0.01 	62.032459 	-10.531489 	-0.096988882
-0.52132132 	0.25 	0.01 	62.055271 	-10.538425 	-0.096988882
-0.52252252 	0.25 	0.01 	62.078083 	-10.54536 	-0.096988882
-0.52372372 	0.25 	0.01 	62.100895 	-10.552296 	-0.096988882
-0.52492492 	0.25 	0.01 	62.123707 	-10.559232 	-0.096988882
-0.52612613 	0.25 	0.01 	62.146519 	-10.566167 	-0.096988882
-0.52732733 	0.25 	0.01 	62.169331 	-10.573103 	-0.096988882
-0.52852853 	0.25 	0.01 	62.192143 	-10.580039 	-0.096988882
-0.52972973 	0.25 	0.01 	62.216904 	-10.586496 	-0.096984029
-0.53093093 	0.25 	0.01 	62.248321 	-10.59132 	-0.09696261
-0.53213213 	0.25 	0.01 	62.279737 	-10.596144 	-0.096941192
-0.53333333 	0.25 	0.01 	62.311154 	-10.600968 	-0.096919773
-0.53453453 	0.25 	0.01 	62.342571 	-10.605792 	-0.096898355
-0.53573574 	0.25 	0.01 	62.373987 	-10.610616 	-0.096876936
-0.53693694 	0.25 	0.01 	62.405404 	-10.61544 	-0.096855518
-0.53813814 	0.25 	0.01 	62.436821 	-10.620264 	-0.096834099
-0.53933934 	0.25 	0.01 	62.468237 	-10.625088 	-0.096812681
-0.54054054 	0.25 	0.01 	62.499654 	-10.629912 	-0.096791262
-0.54174174 	0.25 	0.01 	62.531071 	-10.634736 	-0.096769844
-0.54294294 	0.25 	0.01 	62.562487 	-10.63956 	-0.096748425
-0.54414414 	0.25 	0.01 	62.593904 	-10.644384 	-0.096727007
-0.54534535 	0.25 	0.01 	62.625321 	-10.649208 	-0.096705588
-0.54654655 	0.25 	0.01 	62.656737 	-10.654032 	-0.09668417
-0.54774775 	0.25 	0.01 	62.68814 	-10.658854 	-0.096662441
-0.54894895 	0.25 	0.01 	62.714411 	-10.662808 	-0.096523098
-0.55015015 	0.25 	0.01 	62.740682 	-10.666763 	-0.096383754
-0.55135135 	0.25 	0.01 	62.766953 	-10.670717 	-0.096244411
-0.55255255 	0.25 	0.01 	62.793224 	-10.674672 	-0.096105067
-0.55375375 	0.25 	0.01 	62.819495 	-10.678626 	-0.095965723
-0.55495495 	0.25 	0.01 	62.845765 	-10.682581 	-0.09582638
-0.55615616 	0.25 	0.01 	62.872036 	-10.686535 	-0.095687036
-0.55735736 	0.25 	0.01 	62.896541 	-10.691426 	-0.095602042
-0.55855856 	0.25 	0.01 	62.918283 	-10.69778 	-0.095602042
-0.55975976 	0.25 	0.01 	62.940026 	-10.704135 	-0.095602042
-0.56096096 	0.25 	0.01 	62.961768 	-10.710489 	-0.095602042
-0.56216216 	0.25 	0.01 	62.983511 	-10.716844 	-0.095602042
-0.56336336 	0.25 	0.01 	63.005253 	-10.723198 	-0.095602042
-0.56456456 	0.25 	0.01 	63.026996 	-10.729553 	-0.095602042
-0.56576577 	0.25 	0.01 	63.048738 	-10.735907 	-0.095602042
-0.56696697 	0.25 	0.01 	63.070777 	-10.740402 	-0.095602042
-0.56816817 	0.25 	0.01 	63.093262 	-10.742114 	-0.095602042
-0.56936937 	0.25 	0.01 	63.11464 	-10.744571 	-0.09557752
-0.57057057 	0.25 	0.01 	63.132502 	-10.749398 	-0.095475054
-0.57177177 	0.25 	0.01 	63.150365 	-10.754226 	-0.095372589
-0.57297297 	0.25 	0.01 	63.168227 	-10.759054 	-0.095270124
-0.57417417 	0.25 	0.01 	63.18609 	-10.763882 	-0.095167659
-0.57537538 	0.25 	0.01 	63.203952 	-10.76871 	-0.095065194
-0.57657658 	0.25 	0.01 	63.221814 	-10.773538 	-0.094962728
-0.57777778 	0.25 	0.01 	63.239677 	-10.778366 	-0.094860263
-0.57897898 	0.25 	0.01 	63.266962 	-10.784558 	-0.094731555
-0.58018018 	0.25 	0.01 	63.299894 	-10.791565 	-0.094587121
-0.58138138 	0.25 	0.01 	63.332826 	-10.798573 	-0.094442688
-0.58258258 	0.25 	0.01 	63.365758 	-10.805581 	-0.094298255
-0.58378378 	0.25 	0.01 	63.39869 	-10.812589 	-0.094153821
-0.58498498 	0.25 	0.01 	63.431622 	-10.819597 	-0.094009388
-0.58618619 	0.25 	0.01 	63.464554 	-10.826605 	-0.093864955
-0.58738739 	0.25 	0.01 	63.497345 	-10.833556 	-0.093722073
-0.58858859 	0.25 	0.01 	63.517196 	-10.835242 	-0.093722073
-0.58978979 	0.25 	0.01 	63.537046 	-10.836929 	-0.093722073
-0.59099099 	0.25 	0.01 	63.561675 	-10.838633 	-0.093722073
-0.59219219 	0.25 	0.01 	63.588022 	-10.840344 	-0.093722073
-0.59339339 	0.25 	0.01 	63.614369 	-10.842054 	-0.093722073
-0.59459459 	0.25 	0.01 	63.640716 	-10.843765 	-0.093722073
-0.5957958 	0.25 	0.01 	63.667063 	-10.845476 	-0.093722073
-0.596997 	0.25 	0.01 	63.693411 	-10.847186 	-0.093722073
-0.5981982 	0.25 	0.01 	63.719758 	-10.848897 	-0.093722073
-0.5993994 	0.25 	0.01 	63.746105 	-10.850608 	-0.093722073
-0.6006006 	0.25 	0.01 	63.761214 	-10.847742 	-0.093622238
-0.6018018 	0.25 	0.01 	63.774472 	-10.844122 	-0.093505955
-0.603003 	0.25 	0.01 	63.787729 	-10.840502 	-0.093389672
-0.6042042 	0.25 	0.01 	63.800987 	-10.836883 	-0.093273388
-0.60540541 	0.25 	0.01 	63.814244 	-10.833263 	-0.093157105
-0.60660661 	0.25 	0.01 	63.827502 	-10.829643 	-0.093040822
-0.60780781 	0.25 	0.01 	63.84076 	-10.826023 	-0.092924539
-0.60900901 	0.25 	0.01 	63.857914 	-10.822622 	-0.092805049
-0.61021021 	0.25 	0.01 	63.887107 	-10.819896 	-0.092675655
-0.61141141 	0.25 	0.01 	63.916301 	-10.81717 	-0.092546261
-0.61261261 	0.25 	0.01 	63.945494 	-10.814444 	-0.092416867
-0.61381381 	0.25 	0.01 	63.974687 	-10.811717 	-0.092287473
-0.61501502 	0.25 	0.01 	64.00388 	-10.808991 	-0.092158078
-0.61621622 	0.25 	0.01 	64.033074 	-10.806265 	-0.092028684
-0.61741742 	0.25 	0.01 	64.062267 	-10.803539 	-0.09189929
-0.61861862 	0.25 	0.01 	64.08924 	-10.800704 	-0.091851219
-0.61981982 	0.25 	0.01 	64.114901 	-10.797805 	-0.091851219
-0.62102102 	0.25 	0.01 	64.140563 	-10.794906 	-0.091851219
-0.62222222 	0.25 	0.01 	64.166224 	-10.792007 	-0.091851219
-0.62342342 	0.25 	0.01 	64.191885 	-10.789108 	-0.091851219
-0.62462462 	0.25 	0.01 	64.217546 	-10.786209 	-0.091851219
-0.62582583 	0.25 	0.01 	64.243207 	-10.78331 	-0.091851219
-0.62702703 	0.25 	0.01 	64.268869 	-10.780411 	-0.091851219
-0.62822823 	0.25 	0.01 	64.288525 	-10.779907 	-0.091851219
-0.62942943 	0.25 	0.01 	64.307769 	-10.779567 	-0.091851219
-0.63063063 	0.25 	0.01 	64.32533 	-10.779146 	-0.091780613
-0.63183183 	0.25 	0.01 	64.34103 	-10.778635 	-0.091631882
-0.63303303 	0.25 	0.01 	64.35673 	-10.778124 	-0.09148315
-0.63423423 	0.25 	0.01 	64.37243 	-10.777614 	-0.091334418
-0.63543544 	0.25 	0.01 	64.388131 	-10.777103 	-0.091185686
-0.63663664 	0.25 	0.01 	64.403831 	-10.776592 	-0.091036954
-0.63783784 	0.25 	0.01 	64.419531 	-10.776082 	-0.090888223
-0.63903904 	0.25 	0.01 	64.435231 	-10.775571 	-0.090739491
-0.64024024 	0.25 	0.01 	64.462253 	-10.776936 	-0.090606761
-0.64144144 	0.25 	0.01 	64.491121 	-10.778607 	-0.09047664
-0.64264264 	0.25 	0.01 	64.519989 	-10.780277 	-0.090346518
-0.64384384 	0.25 	0.01 	64.548857 	-10.781948 	-0.090216396
-0.64504505 	0.25 	0.01 	64.577725 	-10.783618 	-0.090086275
-0.64624625 	0.25 	0.01 	64.606593 	-10.785289 	-0.089956153
-0.64744745 	0.25 	0.01 	64.635461 	-10.786959 	-0.089826032
-0.64864865 	0.25 	0.01 	64.662081 	-10.788068 	-0.089727747
-0.64984985 	0.25 	0.01 	64.68176 	-10.787441 	-0.089727747
-0.65105105 	0.25 	0.01 	64.701438 	-10.786813 	-0.089727747
-0.65225225 	0.25 	0.01 	64.724887 	-10.786121 	-0.089727747
-0.65345345 	0.25 	0.01 	64.750249 	-10.785395 	-0.089727747
-0.65465465 	0.25 	0.01 	64.77561 	-10.784669 	-0.089727747
-0.65585586 	0.25 	0.01 	64.800972 	-10.783943 	-0.089727747
-0.65705706 	0.25 	0.01 	64.826333 	-10.783217 	-0.089727747
-0.65825826 	0.25 	0.01 	64.851694 	-10.782491 	-0.089727747
-0.65945946 	0.25 	0.01 	64.877056 	-10.781765 	-0.089727747
-0.66066066 	0.25 	0.01 	64.901579 	-10.780829 	-0.089718096
-0.66186186 	0.25 	0.01 	64.917771 	-10.777806 	-0.08961258
-0.66306306 	0.25 	0.01 	64.933964 	-10.774783 	-0.089507064
-0.66426426 	0.25 	0.01 	64.950157 	-10.771759 	-0.089401547
-0.66546547 	0.25 	0.01 	64.96635 	-10.768736 	-0.089296031
-0.66666667 	0.25 	0.01 	64.982543 	-10.765713 	-0.089190515
-0.66786787 	0.25 	0.01 	64.998735 	-10.762689 	-0.089084999
-0.66906907 	0.25 	0.01 	65.014928 	-10.759666 	-0.088979483
-0.67027027 	0.25 	0.01 	65.037554 	-10.758369 	-0.088818307
-0.67147147 	0.25 	0.01 	65.067241 	-10.758968 	-0.088596049
-0.67267267 	0.25 	0.01 	65.096927 	-10.759566 	-0.088373792
-0.67387387 	0.25 	0.01 	65.126614 	-10.760165 	-0.088151535
-0.67507508 	0.25 	0.01 	65.1563 	-10.760764 	-0.087929277
-0.67627628 	0.25 	0.01 	65.185986 	-10.761362 	-0.08770702
-0.67747748 	0.25 	0.01 	65.215673 	-10.761961 	-0.087484762
-0.67867868 	0.25 	0.01 	65.245359 	-10.762559 	-0.087262505
-0.67987988 	0.25 	0.01 	65.271017 	-10.760985 	-0.087232041
-0.68108108 	0.25 	0.01 	65.296035 	-10.759065 	-0.087232041
-0.68228228 	0.25 	0.01 	65.321053 	-10.757146 	-0.087232041
-0.68348348 	0.25 	0.01 	65.346072 	-10.755226 	-0.087232041
-0.68468468 	0.25 	0.01 	65.37109 	-10.753307 	-0.087232041
-0.68588589 	0.25 	0.01 	65.396108 	-10.751387 	-0.087232041
-0.68708709 	0.25 	0.01 	65.421126 	-10.749467 	-0.087232041
-0.68828829 	0.25 	0.01 	65.443876 	-10.747222 	-0.087232041
-0.68948949 	0.25 	0.01 	65.463782 	-10.744567 	-0.087232041
-0.69069069 	0.25 	0.01 	65.483687 	-10.741912 	-0.087232041
-0.69189189 	0.25 	0.01 	65.500257 	-10.737465 	-0.087082266
-0.69309309 	0.25 	0.01 	65.515458 	-10.732283 	-0.086870984
-0.69429429 	0.25 	0.01 	65.530658 	-10.7271 	-0.086659702
-0.6954955 	0.25 	0.01 	65.545858 	-10.721918 	-0.08644842
-0.6966967 	0.25 	0.01 	65.561058 	-10.716735 	-0.086237138
-0.6978979 	0.25 	0.01 	65.576258 	-10.711553 	-0.086025856
-0.6990991 	0.25 	0.01 	65.591459 	-10.70637 	-0.085814574
-0.7003003 	0.25 	0.01 	65.607964 	-10.701847 	-0.085606177
-0.7015015 	0.25 	0.01 	65.637357 	-10.703833 	-0.085426265
-0.7027027 	0.25 	0.01 	65.666749 	-10.70582 	-0.085246352
-0.7039039 	0.25 	0.01 	65.696142 	-10.707806 	-0.085066439
-0.70510511 	0.25 	0.01 	65.725534 	-10.709792 	-0.084886527
-0.70630631 	0.25 	0.01 	65.754926 	-10.711778 	-0.084706614
-0.70750751 	0.25 	0.01 	65.784319 	-10.713764 	-0.084526702
-0.70870871 	0.25 	0.01 	65.813711 	-10.715751 	-0.084346789
-0.70990991 	0.25 	0.01 	65.837176 	-10.715324 	-0.084251834
-0.71111111 	0.25 	0.01 	65.854016 	-10.712201 	-0.084251834
-0.71231231 	0.25 	0.01 	65.870856 	-10.709077 	-0.084251834
-0.71351351 	0.25 	0.01 	65.892604 	-10.705559 	-0.084251834
-0.71471471 	0.25 	0.01 	65.917143 	-10.701817 	-0.084251834
-0.71591592 	0.25 	0.01 	65.941682 	-10.698075 	-0.084251834
-0.71711712 	0.25 	0.01 	65.966221 	-10.694333 	-0.084251834
-0.71831832 	0.25 	0.01 	65.99076 	-10.690591 	-0.084251834
-0.71951952 	0.25 	0.01 	66.015299 	-10.686849 	-0.084251834
-0.72072072 	0.25 	0.01 	66.039838 	-10.683106 	-0.084251834
-0.72192192 	0.25 	0.01 	66.060445 	-10.677762 	-0.084179901
-0.72312312 	0.25 	0.01 	66.072415 	-10.6689 	-0.083949965
-0.72432432 	0.25 	0.01 	66.084386 	-10.660037 	-0.08372003
-0.72552553 	0.25 	0.01 	66.096357 	-10.651174 	-0.083490094
-0.72672673 	0.25 	0.01 	66.108327 	-10.642312 	-0.083260158
-0.72792793 	0.25 	0.01 	66.120298 	-10.633449 	-0.083030223
-0.72912913 	0.25 	0.01 	66.132269 	-10.624586 	-0.082800287
-0.73033033 	0.25 	0.01 	66.144239 	-10.615724 	-0.082570351
-0.73153153 	0.25 	0.01 	66.170653 	-10.609418 	-0.082362606
-0.73273273 	0.25 	0.01 	66.203446 	-10.604241 	-0.082164663
-0.73393393 	0.25 	0.01 	66.236239 	-10.599064 	-0.08196672
-0.73513514 	0.25 	0.01 	66.269033 	-10.593888 	-0.081768776
-0.73633634 	0.25 	0.01 	66.301826 	-10.588711 	-0.081570833
-0.73753754 	0.25 	0.01 	66.33462 	-10.583534 	-0.08137289
-0.73873874 	0.25 	0.01 	66.367413 	-10.578358 	-0.081174947
-0.73993994 	0.25 	0.01 	66.399801 	-10.573007 	-0.080992328
-0.74114114 	0.25 	0.01 	66.427362 	-10.565582 	-0.080992328
-0.74234234 	0.25 	0.01 	66.454923 	-10.558157 	-0.080992328
-0.74354354 	0.25 	0.01 	66.482484 	-10.550731 	-0.080992328
-0.74474474 	0.25 	0.01 	66.510046 	-10.543306 	-0.080992328
-0.74594595 	0.25 	0.01 	66.537607 	-10.535881 	-0.080992328
-0.74714715 	0.25 	0.01 	66.565168 	-10.528456 	-0.080992328
-0.74834835 	0.25 	0.01 	66.592729 	-10.521031 	-0.080992328
-0.74954955 	0.25 	0.01 	66.623354 	-10.509255 	-0.080992328
-0.75075075 	0.25 	0.01 	66.654297 	-10.497031 	-0.080992328
-0.75195195 	0.25 	0.01 	66.68524 	-10.484806 	-0.080992328
-0.75315315 	0.25 	0.01 	66.712358 	-10.470491 	-0.080781898
-0.75435435 	0.25 	0.01 	66.73915 	-10.455997 	-0.080553548
-0.75555556 	0.25 	0.01 	66.765943 	-10.441504 	-0.080325198
-0.75675676 	0.25 	0.01 	66.792735 	-10.427011 	-0.080096849
-0.75795796 	0.25 	0.01 	66.817628 	-10.413127 	-0.079886841
-0.75915916 	0.25 	0.01 	66.841997 	-10.399411 	-0.079681903
-0.76036036 	0.25 	0.01 	66.866366 	-10.385696 	-0.079476965
-0.76156156 	0.25 	0.01 	66.893637 	-10.374162 	-0.079257168
-0.76276276 	0.25 	0.01 	66.927579 	-10.367641 	-0.079003227
-0.76396396 	0.25 	0.01 	66.957153 	-10.362003 	-0.078813674
-0.76516517 	0.25 	0.01 	66.973788 	-10.358981 	-0.078814838
-0.76636637 	0.25 	0.01 	66.990424 	-10.35596 	-0.078816002
-0.76756757 	0.25 	0.01 	67.00706 	-10.352938 	-0.078817166
-0.76876877 	0.25 	0.01 	67.023696 	-10.349916 	-0.07881833
-0.76996997 	0.25 	0.01 	67.040332 	-10.346894 	-0.078819493
-0.77117117 	0.25 	0.01 	67.056968 	-10.343873 	-0.078820657
-0.77237237 	0.25 	0.01 	67.074716 	-10.340228 	-0.078649516
-0.77357357 	0.25 	0.01 	67.094035 	-10.335702 	-0.078234899
-0.77477477 	0.25 	0.01 	67.106834 	-10.333343 	-0.077931284
-0.77597598 	0.25 	0.01 	67.115683 	-10.332299 	-0.077694934
-0.77717718 	0.25 	0.01 	67.137978 	-10.338612 	-0.07746873
-0.77837838 	0.25 	0.01 	67.169096 	-10.349753 	-0.077249184
-0.77957958 	0.25 	0.01 	67.193271 	-10.347242 	-0.07688237
-0.78078078 	0.25 	0.01 	67.212733 	-10.33547 	-0.076415647
-0.78198198 	0.25 	0.01 	67.232205 	-10.323705 	-0.076318525
-0.78318318 	0.25 	0.01 	67.251679 	-10.311941 	-0.076318284
-0.78438438 	0.25 	0.01 	67.271153 	-10.300178 	-0.076318043
-0.78558559 	0.25 	0.01 	67.290627 	-10.288415 	-0.076317802
-0.78678679 	0.25 	0.01 	67.310102 	-10.276652 	-0.076317561
-0.78798799 	0.25 	0.01 	67.329576 	-10.264889 	-0.07631732
-0.78918919 	0.25 	0.01 	67.34905 	-10.253125 	-0.076317078
-0.79039039 	0.25 	0.01 	67.36422 	-10.218268 	-0.076110109
-0.79159159 	0.25 	0.01 	67.378862 	-10.180578 	-0.075877786
-0.79279279 	0.25 	0.01 	67.412779 	-10.153789 	-0.075610034
-0.79399399 	0.25 	0.01 	67.448819 	-10.128201 	-0.075338379
-0.7951952 	0.25 	0.01 	67.469193 	-10.110318 	-0.074879843
-0.7963964 	0.25 	0.01 	67.488095 	-10.093157 	-0.074445972
-0.7975976 	0.25 	0.01 	67.506993 	-10.075987 	-0.074446095
-0.7987988 	0.25 	0.01 	67.52589 	-10.058818 	-0.074446218
-0.8 	0.25 	0.01 	67.544788 	-10.041648 	-0.074446342
-0.8012012 	0.25 	0.01 	67.563685 	-10.024478 	-0.074446465
-0.8024024 	0.25 	0.01 	67.582583 	-10.007308 	-0.074446588
-0.8036036 	0.25 	0.01 	67.60148 	-9.9901387 	-0.074446711
-0.8048048 	0.25 	0.01 	67.618572 	-9.9748201 	-0.074396408
-0.80600601 	0.25 	0.01 	67.62807 	-9.9672861 	-0.074134034
-0.80720721 	0.25 	0.01 	67.64402 	-9.9595258 	-0.073878946
-0.80840841 	0.25 	0.01 	67.686502 	-9.9508353 	-0.073653816
-0.80960961 	0.25 	0.01 	67.723784 	-9.9413513 	-0.073377458
-0.81081081 	0.25 	0.01 	67.739636 	-9.9285966 	-0.072889941
-0.81201201 	0.25 	0.01 	67.755486 	-9.9158419 	-0.072589205
-0.81321321 	0.25 	0.01 	67.771333 	-9.9030873 	-0.072589367
-0.81441441 	0.25 	0.01 	67.787181 	-9.8903326 	-0.07258953
-0.81561562 	0.25 	0.01 	67.803028 	-9.8775779 	-0.072589692
-0.81681682 	0.25 	0.01 	67.818876 	-9.8648232 	-0.072589854
-0.81801802 	0.25 	0.01 	67.834723 	-9.8520685 	-0.072590017
-0.81921922 	0.25 	0.01 	67.85057 	-9.8393138 	-0.072590179
-0.82042042 	0.25 	0.01 	67.859412 	-9.824398 	-0.072447591
-0.82162162 	0.25 	0.01 	67.861311 	-9.8073404 	-0.072163528
-0.82282282 	0.25 	0.01 	67.881246 	-9.7895867 	-0.071913143
-0.82402402 	0.25 	0.01 	67.920074 	-9.771104 	-0.071698036
-0.82522523 	0.25 	0.01 	67.946215 	-9.7539046 	-0.071584271
-0.82642643 	0.25 	0.01 	67.958139 	-9.7381432 	-0.071584064
-0.82762763 	0.25 	0.01 	67.970062 	-9.7223819 	-0.071583858
-0.82882883 	0.25 	0.01 	67.981986 	-9.7066205 	-0.071583652
-0.83003003 	0.25 	0.01 	67.99391 	-9.6908592 	-0.071583445
-0.83123123 	0.25 	0.01 	68.005834 	-9.6750979 	-0.071583239
-0.83243243 	0.25 	0.01 	68.017757 	-9.6593365 	-0.071583033
-0.83363363 	0.25 	0.01 	68.029679 	-9.6435751 	-0.071280118
-0.83483483 	0.25 	0.01 	68.041598 	-9.6278136 	-0.070768109
-0.83603604 	0.25 	0.01 	68.042788 	-9.6142468 	-0.070419941
-0.83723724 	0.25 	0.01 	68.041289 	-9.60123 	-0.070112834
-0.83843844 	0.25 	0.01 	68.069565 	-9.5846832 	-0.069880987
-0.83963964 	0.25 	0.01 	68.106287 	-9.5671351 	-0.06967049
-0.84084084 	0.25 	0.01 	68.122287 	-9.5491301 	-0.069209031
-0.84204204 	0.25 	0.01 	68.1317 	-9.5309797 	-0.068667811
-0.84324324 	0.25 	0.01 	68.14111 	-9.5128322 	-0.068649613
-0.84444444 	0.25 	0.01 	68.150519 	-9.4946849 	-0.068649647
-0.84564565 	0.25 	0.01 	68.159929 	-9.4765375 	-0.068649682
-0.84684685 	0.25 	0.01 	68.169339 	-9.4583901 	-0.068649716
-0.84804805 	0.25 	0.01 	68.178748 	-9.4402427 	-0.06864975
-0.84924925 	0.25 	0.01 	68.188158 	-9.4220953 	-0.068649785
-0.85045045 	0.25 	0.01 	68.19633 	-9.4039206 	-0.068637361
-0.85165165 	0.25 	0.01 	68.192421 	-9.3854794 	-0.06850332
-0.85285285 	0.25 	0.01 	68.191021 	-9.3667694 	-0.068350285
-0.85405405 	0.25 	0.01 	68.222222 	-9.3445669 	-0.067950379
-0.85525526 	0.25 	0.01 	68.252125 	-9.3224661 	-0.067540751
-0.85645646 	0.25 	0.01 	68.25933 	-9.3021458 	-0.066961083
-0.85765766 	0.25 	0.01 	68.266536 	-9.2818272 	-0.066531316
-0.85885886 	0.25 	0.01 	68.273742 	-9.2615131 	-0.066531061
-0.86006006 	0.25 	0.01 	68.280948 	-9.241199 	-0.066530807
-0.86126126 	0.25 	0.01 	68.288154 	-9.2208849 	-0.066530552
-0.86246246 	0.25 	0.01 	68.29536 	-9.2005708 	-0.066530297
-0.86366366 	0.25 	0.01 	68.302566 	-9.1802566 	-0.066530042
-0.86486486 	0.25 	0.01 	68.309772 	-9.1599425 	-0.066529787
-0.86606607 	0.25 	0.01 	68.313163 	-9.1408065 	-0.066463607
-0.86726727 	0.25 	0.01 	68.31 	-9.1236951 	-0.066284122
-0.86846847 	0.25 	0.01 	68.316685 	-9.1077231 	-0.066025473
-0.86966967 	0.25 	0.01 	68.340604 	-9.0937448 	-0.065628304
-0.87087087 	0.25 	0.01 	68.360907 	-9.0768401 	-0.065162319
-0.87207207 	0.25 	0.01 	68.375193 	-9.0550668 	-0.064581839
-0.87327327 	0.25 	0.01 	68.384559 	-9.0325185 	-0.064320376
-0.87447447 	0.25 	0.01 	68.389911 	-9.0093381 	-0.064319155
-0.87567568 	0.25 	0.01 	68.395264 	-8.9861576 	-0.064317934
-0.87687688 	0.25 	0.01 	68.400616 	-8.9629771 	-0.064316713
-0.87807808 	0.25 	0.01 	68.405968 	-8.9397966 	-0.064315491
-0.87927928 	0.25 	0.01 	68.411321 	-8.9166162 	-0.06431427
-0.88048048 	0.25 	0.01 	68.416673 	-8.8934357 	-0.064313049
-0.88168168 	0.25 	0.01 	68.418383 	-8.8659832 	-0.064101364
-0.88288288 	0.25 	0.01 	68.417484 	-8.8354719 	-0.06373899
-0.88408408 	0.25 	0.01 	68.427376 	-8.8110502 	-0.063453738
-0.88528529 	0.25 	0.01 	68.443006 	-8.7898666 	-0.063209496
-0.88648649 	0.25 	0.01 	68.468319 	-8.7689131 	-0.063152007
-0.88768769 	0.25 	0.01 	68.496779 	-8.7480343 	-0.063155187
-0.88888889 	0.25 	0.01 	68.525238 	-8.7271555 	-0.063158368
-0.89009009 	0.25 	0.01 	68.541692 	-8.7058956 	-0.062977651
-0.89129129 	0.25 	0.01 	68.5232 	-8.6823839 	-0.062505472
-0.89249249 	0.25 	0.01 	68.498748 	-8.6560345 	-0.062507005
-0.89369369 	0.25 	0.01 	68.474297 	-8.629685 	-0.062508537
-0.89489489 	0.25 	0.01 	68.449845 	-8.6033356 	-0.062510069
-0.8960961 	0.25 	0.01 	68.473495 	-8.5746686 	-0.061999162
-0.8972973 	0.25 	0.01 	68.484846 	-8.5450919 	-0.061544497
-0.8984985 	0.25 	0.01 	68.486341 	-8.5154547 	-0.061168193
-0.8996997 	0.25 	0.01 	68.496969 	-8.4919357 	-0.060880756
-0.9009009 	0.25 	0.01 	68.513463 	-8.467204 	-0.060655012
-0.9021021 	0.25 	0.01 	68.551685 	-8.4362341 	-0.060659332
-0.9033033 	0.25 	0.01 	68.589906 	-8.4052641 	-0.060663652
-0.9045045 	0.25 	0.01 	68.628127 	-8.3742941 	-0.060667972
-0.90570571 	0.25 	0.01 	68.624791 	-8.3447833 	-0.060251954
-0.90690691 	0.25 	0.01 	68.60632 	-8.3126671 	-0.059989731
-0.90810811 	0.25 	0.01 	68.593176 	-8.2782255 	-0.059990582
-0.90930931 	0.25 	0.01 	68.580033 	-8.2437839 	-0.059991433
-0.91051051 	0.25 	0.01 	68.566889 	-8.2093423 	-0.059992285
-0.91171171 	0.25 	0.01 	68.613859 	-8.1727899 	-0.059307874
-0.91291291 	0.25 	0.01 	68.632381 	-8.1341607 	-0.058896598
-0.91411411 	0.25 	0.01 	68.644081 	-8.0955671 	-0.058535845
-0.91531532 	0.25 	0.01 	68.645077 	-8.0578356 	-0.05822953
-0.91651652 	0.25 	0.01 	68.67264 	-8.0208357 	-0.058105748
-0.91771772 	0.25 	0.01 	68.718038 	-7.984327 	-0.058104504
-0.91891892 	0.25 	0.01 	68.763436 	-7.9478183 	-0.05810326
-0.92012012 	0.25 	0.01 	68.808834 	-7.9113096 	-0.058102017
-0.92132132 	0.25 	0.01 	68.798085 	-7.8779163 	-0.057462316
-0.92252252 	0.25 	0.01 	68.790145 	-7.8404697 	-0.057382051
-0.92372372 	0.25 	0.01 	68.7829 	-7.8024491 	-0.057382137
-0.92492492 	0.25 	0.01 	68.775654 	-7.7644285 	-0.057382223
-0.92612613 	0.25 	0.01 	68.777797 	-7.7267774 	-0.057228573
-0.92732733 	0.25 	0.01 	68.805896 	-7.6890608 	-0.056682171
-0.92852853 	0.25 	0.01 	68.82387 	-7.6455226 	-0.056462533
-0.92972973 	0.25 	0.01 	68.800738 	-7.5916324 	-0.056095359
-0.93093093 	0.25 	0.01 	68.739536 	-7.5281552 	-0.055591546
-0.93213213 	0.25 	0.01 	68.758579 	-7.4860334 	-0.055323033
-0.93333333 	0.25 	0.01 	68.791683 	-7.4474562 	-0.055319703
-0.93453453 	0.25 	0.01 	68.824787 	-7.4088789 	-0.055316372
-0.93573574 	0.25 	0.01 	68.900307 	-7.3956861 	-0.05512423
-0.93693694 	0.25 	0.01 	68.972837 	-7.3833437 	-0.054839497
-0.93813814 	0.25 	0.01 	68.958495 	-7.3324832 	-0.054400845
-0.93933934 	0.25 	0.01 	68.989529 	-7.2921794 	-0.053973098
-0.94054054 	0.25 	0.01 	69.048788 	-7.2584375 	-0.053968506
-0.94174174 	0.25 	0.01 	69.108046 	-7.2246956 	-0.053963913
-0.94294294 	0.25 	0.01 	69.178763 	-7.1931828 	-0.053858698
-0.94414414 	0.25 	0.01 	69.275517 	-7.1667342 	-0.053524876
-0.94534535 	0.25 	0.01 	69.287169 	-7.1128474 	-0.053170561
-0.94654655 	0.25 	0.01 	69.306186 	-7.0619678 	-0.052681551
-0.94774775 	0.25 	0.01 	69.378403 	-7.029481 	-0.052606854
-0.94894895 	0.25 	0.01 	69.450623 	-6.9969969 	-0.05260583
-0.95015015 	0.25 	0.01 	69.522843 	-6.9645127 	-0.052604805
-0.95135135 	0.25 	0.01 	69.637617 	-6.954552 	-0.052309755
-0.95255255 	0.25 	0.01 	69.705747 	-6.944792 	-0.051940107
-0.95375375 	0.25 	0.01 	69.713098 	-6.9319438 	-0.051509231
-0.95495495 	0.25 	0.01 	69.802775 	-6.8978273 	-0.051159058
-0.95615616 	0.25 	0.01 	69.892583 	-6.8636688 	-0.051153345
-0.95735736 	0.25 	0.01 	69.982392 	-6.8295103 	-0.051147632
-0.95855856 	0.25 	0.01 	70.092688 	-6.7844039 	-0.050996726
-0.95975976 	0.25 	0.01 	70.21647 	-6.7290754 	-0.050667534
-0.96096096 	0.25 	0.01 	70.241906 	-6.6971849 	-0.050236746
-0.96216216 	0.25 	0.01 	70.326536 	-6.6539724 	-0.049681012
-0.96336336 	0.25 	0.01 	70.426903 	-6.6079047 	-0.049674655
-0.96456456 	0.25 	0.01 	70.52727 	-6.5618371 	-0.049668298
-0.96576577 	0.25 	0.01 	70.627966 	-6.5156297 	-0.049659367
-0.96696697 	0.25 	0.01 	70.768825 	-6.4523915 	-0.049336615
-0.96816817 	0.25 	0.01 	70.840751 	-6.4149318 	-0.048903707
-0.96936937 	0.25 	0.01 	70.910961 	-6.3812806 	-0.048314758
-0.97057057 	0.25 	0.01 	71.013601 	-6.3398722 	-0.048189946
-0.97177177 	0.25 	0.01 	71.116449 	-6.2983968 	-0.048208046
-0.97297297 	0.25 	0.01 	71.219297 	-6.2569213 	-0.048226147
-0.97417417 	0.25 	0.01 	71.35482 	-6.1991168 	-0.047945016
-0.97537538 	0.25 	0.01 	71.469216 	-6.1396118 	-0.047559983
-0.97657658 	0.25 	0.01 	71.535381 	-6.0823581 	-0.047086533
-0.97777778 	0.25 	0.01 	71.638558 	-6.0417178 	-0.046709602
-0.97897898 	0.25 	0.01 	71.749662 	-6.0043879 	-0.046704155
-0.98018018 	0.25 	0.01 	71.860766 	-5.967058 	-0.046698708
-0.98138138 	0.25 	0.01 	71.982016 	-5.9331125 	-0.046567758
-0.98258258 	0.25 	0.01 	72.115755 	-5.9033328 	-0.046282327
-0.98378378 	0.25 	0.01 	72.216075 	-5.8325479 	-0.04575093
-0.98498498 	0.25 	0.01 	72.331055 	-5.7845518 	-0.045098966
-0.98618619 	0.25 	0.01 	72.453969 	-5.7453836 	-0.045067263
-0.98738739 	0.25 	0.01 	72.576884 	-5.7062154 	-0.04503556
-0.98858859 	0.25 	0.01 	72.699798 	-5.6670472 	-0.045003857
-0.98978979 	0.25 	0.01 	72.824446 	-5.6372089 	-0.044850893
-0.99099099 	0.25 	0.01 	72.949605 	-5.5707371 	-0.044404095
-0.99219219 	0.25 	0.01 	73.072113 	-5.5289089 	-0.043605209
-0.99339339 	0.25 	0.01 	73.195952 	-5.4905084 	-0.043394706
-0.99459459 	0.25 	0.01 	73.320233 	-5.4527797 	-0.043374745
-0.9957958 	0.25 	0.01 	73.444513 	-5.4150511 	-0.043354784
-0.996997 	0.25 	0.01 	73.568794 	-5.3773224 	-0.043334823
-0.9981982 	0.25 	0.01 	73.691444 	-5.3263081 	-0.043105595
-0.9993994 	0.25 	0.01 	73.787815 	-5.2571284 	-0.042542166
-1.0006006 	0.25 	0.01 	73.882427 	-5.1896642 	-0.041978049
-1.0018018 	0.25 	0.01 	73.989905 	-5.1105113 	-0.041994735
-1.003003 	0.25 	0.01 	74.097493 	-5.0312579 	-0.042016416
-1.0042042 	0.25 	0.01 	74.20508 	-4.9520044 	-0.042038098
-1.0054054 	0.25 	0.01 	74.263041 	-4.952277 	-0.041980712
-1.0066066 	0.25 	0.01 	74.316323 	-4.9600479 	-0.041915871
-1.0078078 	0.25 	0.01 	74.525058 	-4.9109306 	-0.041253562
-1.009009 	0.25 	0.01 	74.729425 	-4.8564297 	-0.04067659
-1.0102102 	0.25 	0.01 	74.902668 	-4.7925809 	-0.040698766
-1.0114114 	0.25 	0.01 	75.061066 	-4.7288425 	-0.040801107
-1.0126126 	0.25 	0.01 	75.168007 	-4.6533309 	-0.040332867
-1.0138138 	0.25 	0.01 	75.274478 	-4.5889854 	-0.039963498
-1.015015 	0.25 	0.01 	75.442844 	-4.5606268 	-0.039463271
-1.0162162 	0.25 	0.01 	75.585795 	-4.4971189 	-0.039500254
-1.0174174 	0.25 	0.01 	75.725938 	-4.4297279 	-0.039596586
-1.0186186 	0.25 	0.01 	75.86608 	-4.3623369 	-0.039692918
-1.0198198 	0.25 	0.01 	76.00734 	-4.2955253 	-0.038942868
-1.021021 	0.25 	0.01 	76.128286 	-4.2200238 	-0.038416398
-1.0222222 	0.25 	0.01 	76.273359 	-4.1597234 	-0.038388673
-1.0234234 	0.25 	0.01 	76.418379 	-4.0879231 	-0.038481651
-1.0246246 	0.25 	0.01 	76.571259 	-4.0177893 	-0.03840725
-1.0258258 	0.25 	0.01 	76.726168 	-3.9480858 	-0.038289639
-1.027027 	0.25 	0.01 	76.880708 	-3.8787664 	-0.037547928
-1.0282282 	0.25 	0.01 	76.528075 	-3.8006734 	-0.036930404
-1.0294294 	0.25 	0.01 	76.925386 	-3.7310298 	-0.036480701
-1.0306306 	0.25 	0.01 	77.392127 	-3.6620551 	-0.03614064
-1.0318318 	0.25 	0.01 	77.554691 	-3.5887681 	-0.036029346
-1.033033 	0.25 	0.01 	77.607787 	-3.5139292 	-0.036000382
-1.0342342 	0.25 	0.01 	77.424389 	-3.4345175 	-0.035830096
-1.0354354 	0.25 	0.01 	76.905689 	-3.3501324 	-0.035408042
-1.0366366 	0.25 	0.01 	76.989865 	-3.2741137 	-0.034958572
-1.0378378 	0.25 	0.01 	77.648338 	-3.2060647 	-0.034482987
-1.039039 	0.25 	0.01 	77.840364 	-3.1334914 	-0.034367561
-1.0402402 	0.25 	0.01 	77.927289 	-3.0564805 	-0.034367561
-1.0414414 	0.25 	0.01 	77.781861 	-2.9738197 	-0.034173262
-1.0426426 	0.25 	0.01 	77.288086 	-2.8849873 	-0.033708646
-1.0438438 	0.25 	0.01 	77.422535 	-2.8168553 	-0.03326642
-1.045045 	0.25 	0.01 	77.874936 	-2.7592001 	-0.032835526
-1.0462462 	0.25 	0.01 	78.292198 	-2.6970828 	-0.032446698
-1.0474474 	0.25 	0.01 	78.356421 	-2.5945744 	-0.032610849
-1.0486486 	0.25 	0.01 	78.406063 	-2.4898548 	-0.032804536
-1.0498498 	0.25 	0.01 	78.455704 	-2.3851352 	-0.032998224
-1.0510511 	0.25 	0.01 	78.485078 	-2.2909652 	-0.032622583
-1.0522523 	0.25 	0.01 	78.274193 	-2.1667875 	-0.032445608
-1.0534535 	0.25 	0.01 	78.098408 	-2.0282914 	-0.032304048
-1.0546547 	0.25 	0.01 	78.582516 	-1.8963773 	-0.0316427
-1.0558559 	0.25 	0.01 	78.674167 	-1.7854497 	-0.031766126
-1.0570571 	0.25 	0.01 	78.765819 	-1.6745222 	-0.031889553
-1.0582583 	0.25 	0.01 	78.872005 	-1.5546363 	-0.031497745
-1.0594595 	0.25 	0.01 	78.92657 	-1.4266133 	-0.030522763
-1.0606607 	0.25 	0.01 	79.08728 	-1.3059628 	-0.030411731
-1.0618619 	0.25 	0.01 	79.212398 	-1.187405 	-0.030482018
-1.0630631 	0.25 	0.01 	79.337517 	-1.0688471 	-0.030552304
-1.0642643 	0.25 	0.01 	79.455918 	-0.95152859 	-0.030590358
-1.0654655 	0.25 	0.01 	79.5659 	-0.83660604 	-0.029966018
-1.0666667 	0.25 	0.01 	79.578525 	-0.7133207 	-0.029010666
-1.0678679 	0.25 	0.01 	79.855947 	-0.59460743 	-0.02885385
-1.0690691 	0.25 	0.01 	80.016451 	-0.46064011 	-0.028851579
-1.0702703 	0.25 	0.01 	80.176956 	-0.32667279 	-0.028849307
-1.0714715 	0.25 	0.01 	80.33746 	-0.19270546 	-0.028847035
-1.0726727 	0.25 	0.01 	80.496941 	-0.059366506 	-0.028411727
-1.0738739 	0.25 	0.01 	80.561089 	0.081392232 	-0.027627797
-1.0750751 	0.25 	0.01 	80.862325 	0.2221115 	-0.026989536
-1.0762763 	0.25 	0.01 	81.071553 	0.38314295 	-0.026947388
-1.0774775 	0.25 	0.01 	81.259051 	0.54597174 	-0.026948225
-1.0786787 	0.25 	0.01 	81.446549 	0.70880054 	-0.026949061
-1.0798799 	0.25 	0.01 	81.633747 	0.87136734 	-0.026827036
-1.0810811 	0.25 	0.01 	81.81884 	1.0320963 	-0.025843162
-1.0822823 	0.25 	0.01 	81.774228 	1.2225636 	-0.025592514
-1.0834835 	0.25 	0.01 	82.283228 	1.3948771 	-0.025078829
-1.0846847 	0.25 	0.01 	82.504849 	1.5815886 	-0.025095699
-1.0858859 	0.25 	0.01 	82.72647 	1.7683001 	-0.025112568
-1.0870871 	0.25 	0.01 	82.948007 	1.9549248 	-0.025101447
-1.0882883 	0.25 	0.01 	83.166646 	2.1386032 	-0.024143464
-1.0894895 	0.25 	0.01 	83.37639 	2.3241469 	-0.023337619
-1.0906907 	0.25 	0.01 	83.589979 	2.5237526 	-0.023268478
-1.0918919 	0.25 	0.01 	83.803569 	2.7233584 	-0.023199336
-1.0930931 	0.25 	0.01 	84.017158 	2.9229642 	-0.023130194
-1.0942943 	0.25 	0.01 	84.246574 	3.1414245 	-0.022464751
-1.0954955 	0.25 	0.01 	84.275907 	3.3426145 	-0.021678373
-1.0966967 	0.25 	0.01 	84.566359 	3.5674218 	-0.021246344
-1.0978979 	0.25 	0.01 	84.810791 	3.7766002 	-0.021029349
-1.0990991 	0.25 	0.01 	85.026397 	3.9777134 	-0.020911022
-1.1003003 	0.25 	0.01 	85.242003 	4.1788267 	-0.020792695
-1.1015015 	0.25 	0.01 	85.457609 	4.37994 	-0.020674368
-1.1027027 	0.25 	0.01 	85.673214 	4.5810532 	-0.020556041
-1.1039039 	0.25 	0.01 	85.689476 	4.7176709 	-0.020153451
-1.1051051 	0.25 	0.01 	85.698233 	4.8519631 	-0.019743975
-1.1063063 	0.25 	0.01 	85.859701 	4.9833522 	-0.01918027
-1.1075075 	0.25 	0.01 	86.256637 	5.1102651 	-0.018378757
-1.1087087 	0.25 	0.01 	86.485311 	5.2890622 	-0.018082048
-1.1099099 	0.25 	0.01 	86.632723 	5.5063182 	-0.018082048
-1.1111111 	0.25 	0.01 	86.738461 	5.7644672 	-0.017971965
-1.1123123 	0.25 	0.01 	86.668984 	6.0992125 	-0.017574807
-1.1135135 	0.25 	0.01 	86.774269 	6.3716795 	-0.01709413
-1.1147147 	0.25 	0.01 	87.045741 	6.5846526 	-0.016526532
-1.1159159 	0.25 	0.01 	87.137514 	6.8399356 	-0.016553354
-1.1171171 	0.25 	0.01 	87.185117 	7.1057523 	-0.016731418
-1.1183183 	0.25 	0.01 	87.232398 	7.3711 	-0.016808795
-1.1195195 	0.25 	0.01 	87.276806 	7.6322675 	-0.01598869
-1.1207207 	0.25 	0.01 	87.320129 	7.9032568 	-0.015346881
-1.1219219 	0.25 	0.01 	87.376773 	8.1968253 	-0.015202877
-1.1231231 	0.25 	0.01 	87.433417 	8.4903938 	-0.015058874
-1.1243243 	0.25 	0.01 	87.49006 	8.7839622 	-0.01491487
-1.1255255 	0.25 	0.01 	87.546704 	9.0775307 	-0.014770867
-1.1267267 	0.25 	0.01 	87.607915 	9.4177225 	-0.013883187
-1.1279279 	0.25 	0.01 	87.677798 	9.8235615 	-0.013345609
-1.1291291 	0.25 	0.01 	87.669 	10.061662 	-0.0127669
-1.1303303 	0.25 	0.01 	87.664527 	10.344821 	-0.012328543
-1.1315315 	0.25 	0.01 	87.682636 	10.760186 	-0.012328543
-1.1327327 	0.25 	0.01 	87.700745 	11.17555 	-0.012328543
-1.1339339 	0.25 	0.01 	87.808143 	11.80614 	-0.011664924
-1.1351351 	0.25 	0.01 	87.881272 	12.347988 	-0.01105676
-1.1363363 	0.25 	0.01 	87.849287 	12.617752 	-0.010622613
-1.1375375 	0.25 	0.01 	87.826918 	12.909974 	-0.010281222
-1.1387387 	0.25 	0.01 	87.839938 	13.284849 	-0.010281222
-1.1399399 	0.25 	0.01 	87.852958 	13.659724 	-0.010281222
-1.1411411 	0.25 	0.01 	87.869485 	14.044363 	-0.010197381
-1.1423423 	0.25 	0.01 	87.9147 	14.523477 	-0.0096439182
-1.1435435 	0.25 	0.01 	87.959916 	15.002591 	-0.0090904558
-1.1447447 	0.25 	0.01 	87.906374 	15.551657 	-0.0085830524
-1.1459459 	0.25 	0.01 	87.854833 	16.086474 	-0.0078094777
-1.1471471 	0.25 	0.01 	87.811674 	16.608622 	-0.0077691895
-1.1483483 	0.25 	0.01 	87.76811 	17.131483 	-0.0077822303
-1.1495495 	0.25 	0.01 	87.724547 	17.654345 	-0.0077952712
-1.1507508 	0.25 	0.01 	87.757765 	18.08276 	-0.0072246105
-1.151952 	0.25 	0.01 	87.750703 	18.561991 	-0.0066690253
-1.1531532 	0.25 	0.01 	87.687514 	19.111849 	-0.0061762993
-1.1543544 	0.25 	0.01 	87.6014 	19.663683 	-0.0056016717
-1.1555556 	0.25 	0.01 	87.510601 	20.216934 	-0.0055713269
-1.1567568 	0.25 	0.01 	87.419802 	20.770185 	-0.0055409821
-1.157958 	0.25 	0.01 	87.335548 	21.309534 	-0.0053568462
-1.1591592 	0.25 	0.01 	87.270852 	21.807347 	-0.004713185
-1.1603604 	0.25 	0.01 	87.124383 	22.404109 	-0.0041419927
-1.1615616 	0.25 	0.01 	86.940861 	22.992324 	-0.0031959874
-1.1627628 	0.25 	0.01 	86.744325 	23.557272 	-0.0031812818
-1.163964 	0.25 	0.01 	86.548003 	24.121808 	-0.0032044251
-1.1651652 	0.25 	0.01 	86.35168 	24.686343 	-0.0032275684
-1.1663664 	0.25 	0.01 	86.125721 	25.188956 	-0.0026765217
-1.1675676 	0.25 	0.01 	85.878109 	25.68988 	-0.0020557505
-1.1687688 	0.25 	0.01 	85.606513 	26.203307 	-0.0014731775
-1.16997 	0.25 	0.01 	85.289102 	26.75509 	-0.00093177067
-1.1711712 	0.25 	0.01 	84.963816 	27.313285 	-0.00096621073
-1.1723724 	0.25 	0.01 	84.638531 	27.87148 	-0.0010006508
-1.1735736 	0.25 	0.01 	84.269822 	28.415274 	-0.00067027004
-1.1747748 	0.25 	0.01 	83.875109 	28.950443 	-0.00012140574
-1.175976 	0.25 	0.01 	83.453268 	29.514133 	0.00050812883
-1.1771772 	0.25 	0.01 	83.028255 	30.081158 	0.001147098
-1.1783784 	0.25 	0.01 	82.526938 	30.619354 	0.0012087392
-1.1795796 	0.25 	0.01 	82.017485 	31.154502 	0.0012087392
-1.1807808 	0.25 	0.01 	81.490153 	31.677499 	0.0013582367
-1.181982 	0.25 	0.01 	80.907824 	32.16312 	0.0019675922
-1.1831832 	0.25 	0.01 	80.322232 	32.638702 	0.0025415425
-1.1843844 	0.25 	0.01 	79.727585 	33.086416 	0.0030172216
-1.1855856 	0.25 	0.01 	79.086065 	33.499968 	0.0033324205
-1.1867868 	0.25 	0.01 	78.352479 	33.846421 	0.0033324205
-1.187988 	0.25 	0.01 	77.663562 	34.192289 	0.0033324205
-1.1891892 	0.25 	0.01 	76.916767 	34.482847 	0.0035526499
-1.1903904 	0.25 	0.01 	76.106198 	34.757431 	0.0038388996
-1.1915916 	0.25 	0.01 	75.267584 	34.942928 	0.0042084068
-1.1927928 	0.25 	0.01 	74.409011 	35.114744 	0.0046939258
-1.193994 	0.25 	0.01 	73.546867 	35.276552 	0.0052072898
-1.1951952 	0.25 	0.01 	72.761851 	35.322436 	0.0052219371
-1.1963964 	0.25 	0.01 	71.976835 	35.36832 	0.0052365845
-1.1975976 	0.25 	0.01 	71.191819 	35.414203 	0.0052512319
-1.1987988 	0.25 	0.01 	70.406803 	35.460087 	0.0052658792
-1.2 	0.25 	0.01 	69.621787 	35.505971 	0.0052805266
