-1.2 	-0.05 	0.182 	44.169378 	-1.523791 	1.0454299
-1.1987988 	-0.05 	0.182 	44.164356 	-1.5497222 	1.0480271
-1.1975976 	-0.05 	0.182 	44.159335 	-1.5756535 	1.0506244
-1.1963964 	-0.05 	0.182 	44.154314 	-1.6015847 	1.0532216
-1.1951952 	-0.05 	0.182 	44.149293 	-1.6275159 	1.0558188
-1.193994 	-0.05 	0.182 	44.144272 	-1.6534472 	1.058416
-1.1927928 	-0.05 	0.182 	44.139251 	-1.6793784 	1.0610133
-1.1915916 	-0.05 	0.182 	44.13423 	-1.7053097 	1.0636105
-1.1903904 	-0.05 	0.182 	44.129209 	-1.7312409 	1.0662077
-1.1891892 	-0.05 	0.182 	44.124187 	-1.7571721 	1.0688049
-1.187988 	-0.05 	0.182 	44.119166 	-1.7831034 	1.0714021
-1.1867868 	-0.05 	0.182 	44.114145 	-1.8090346 	1.0739994
-1.1855856 	-0.05 	0.182 	44.109124 	-1.8349659 	1.0765966
-1.1843844 	-0.05 	0.182 	44.104103 	-1.8608971 	1.0791938
-1.1831832 	-0.05 	0.182 	44.099082 	-1.8868284 	1.081791
-1.181982 	-0.05 	0.182 	44.094097 	-1.9127509 	1.0844893
-1.1807808 	-0.05 	0.182 	44.089276 	-1.938634 	1.0876433
-1.1795796 	-0.05 	0.182 	44.084454 	-1.9645171 	1.0907973
-1.1783784 	-0.05 	0.182 	44.079633 	-1.9904002 	1.0939514
-1.1771772 	-0.05 	0.182 	44.074812 	-2.0162833 	1.0971054
-1.175976 	-0.05 	0.182 	44.069991 	-2.0421664 	1.1002594
-1.1747748 	-0.05 	0.182 	44.065169 	-2.0680495 	1.1034134
-1.1735736 	-0.05 	0.182 	44.060348 	-2.0939326 	1.1065674
-1.1723724 	-0.05 	0.182 	44.055527 	-2.1198157 	1.1097215
-1.1711712 	-0.05 	0.182 	44.050705 	-2.1456988 	1.1128755
-1.16997 	-0.05 	0.182 	44.045884 	-2.1715819 	1.1160295
-1.1687688 	-0.05 	0.182 	44.041063 	-2.197465 	1.1191835
-1.1675676 	-0.05 	0.182 	44.036242 	-2.2233481 	1.1223376
-1.1663664 	-0.05 	0.182 	44.03142 	-2.2492312 	1.1254916
-1.1651652 	-0.05 	0.182 	44.026599 	-2.2751143 	1.1286456
-1.163964 	-0.05 	0.182 	44.021778 	-2.3009975 	1.1317996
-1.1627628 	-0.05 	0.182 	44.016956 	-2.3268806 	1.1349537
-1.1615616 	-0.05 	0.182 	44.012135 	-2.3527637 	1.1381077
-1.1603604 	-0.05 	0.182 	44.007314 	-2.3786468 	1.1412617
-1.1591592 	-0.05 	0.182 	44.002493 	-2.4045299 	1.1444157
-1.157958 	-0.05 	0.182 	44.013912 	-2.4293145 	1.1473732
-1.1567568 	-0.05 	0.182 	44.0262 	-2.4540403 	1.1503202
-1.1555556 	-0.05 	0.182 	44.038488 	-2.4787662 	1.1532672
-1.1543544 	-0.05 	0.182 	44.050777 	-2.503492 	1.1562141
-1.1531532 	-0.05 	0.182 	44.063065 	-2.5282179 	1.1591611
-1.151952 	-0.05 	0.182 	44.075353 	-2.5529438 	1.1621081
-1.1507508 	-0.05 	0.182 	44.087641 	-2.5776696 	1.1650551
-1.1495495 	-0.05 	0.182 	44.09993 	-2.6023955 	1.168002
-1.1483483 	-0.05 	0.182 	44.112218 	-2.6271213 	1.170949
-1.1471471 	-0.05 	0.182 	44.124506 	-2.6518472 	1.173896
-1.1459459 	-0.05 	0.182 	44.136794 	-2.676573 	1.176843
-1.1447447 	-0.05 	0.182 	44.149082 	-2.7012989 	1.1797899
-1.1435435 	-0.05 	0.182 	44.161371 	-2.7260247 	1.1827369
-1.1423423 	-0.05 	0.182 	44.173659 	-2.7507506 	1.1856839
-1.1411411 	-0.05 	0.182 	44.185947 	-2.7754764 	1.1886309
-1.1399399 	-0.05 	0.182 	44.198235 	-2.8002023 	1.1915778
-1.1387387 	-0.05 	0.182 	44.210524 	-2.8249281 	1.1945248
-1.1375375 	-0.05 	0.182 	44.222812 	-2.849654 	1.1974718
-1.1363363 	-0.05 	0.182 	44.2351 	-2.8743798 	1.2004188
-1.1351351 	-0.05 	0.182 	44.247388 	-2.8991057 	1.2033658
-1.1339339 	-0.05 	0.182 	44.259676 	-2.9238315 	1.2063127
-1.1327327 	-0.05 	0.182 	44.271965 	-2.9485574 	1.2092597
-1.1315315 	-0.05 	0.182 	44.284253 	-2.9732832 	1.2122067
-1.1303303 	-0.05 	0.182 	44.29663 	-2.9979474 	1.2154439
-1.1291291 	-0.05 	0.182 	44.309103 	-3.0225456 	1.2189919
-1.1279279 	-0.05 	0.182 	44.321576 	-3.0471437 	1.2225399
-1.1267267 	-0.05 	0.182 	44.33405 	-3.0717419 	1.2260879
-1.1255255 	-0.05 	0.182 	44.346523 	-3.09634 	1.2296359
-1.1243243 	-0.05 	0.182 	44.358996 	-3.1209382 	1.2331839
-1.1231231 	-0.05 	0.182 	44.371469 	-3.1455363 	1.2367319
-1.1219219 	-0.05 	0.182 	44.383942 	-3.1701345 	1.2402799
-1.1207207 	-0.05 	0.182 	44.396415 	-3.1947326 	1.2438279
-1.1195195 	-0.05 	0.182 	44.408888 	-3.2193308 	1.2473759
-1.1183183 	-0.05 	0.182 	44.421361 	-3.2439289 	1.2509239
-1.1171171 	-0.05 	0.182 	44.433834 	-3.2685271 	1.2544719
-1.1159159 	-0.05 	0.182 	44.446307 	-3.2931252 	1.2580199
-1.1147147 	-0.05 	0.182 	44.45878 	-3.3177234 	1.2615679
-1.1135135 	-0.05 	0.182 	44.471253 	-3.3423215 	1.265116
-1.1123123 	-0.05 	0.182 	44.483726 	-3.3669197 	1.268664
-1.1111111 	-0.05 	0.182 	44.496199 	-3.3915178 	1.272212
-1.1099099 	-0.05 	0.182 	44.508672 	-3.416116 	1.27576
-1.1087087 	-0.05 	0.182 	44.521145 	-3.4407141 	1.279308
-1.1075075 	-0.05 	0.182 	44.533618 	-3.4653123 	1.282856
-1.1063063 	-0.05 	0.182 	44.546202 	-3.4964463 	1.286517
-1.1051051 	-0.05 	0.182 	44.55879 	-3.5277408 	1.2901807
-1.1039039 	-0.05 	0.182 	44.571377 	-3.5590352 	1.2938445
-1.1027027 	-0.05 	0.182 	44.583964 	-3.5903297 	1.2975082
-1.1015015 	-0.05 	0.182 	44.596551 	-3.6216241 	1.301172
-1.1003003 	-0.05 	0.182 	44.609138 	-3.6529186 	1.3048358
-1.0990991 	-0.05 	0.182 	44.621725 	-3.6842131 	1.3084995
-1.0978979 	-0.05 	0.182 	44.634272 	-3.7129715 	1.3120719
-1.0966967 	-0.05 	0.182 	44.646529 	-3.7233916 	1.3149831
-1.0954955 	-0.05 	0.182 	44.658785 	-3.7338118 	1.3178944
-1.0942943 	-0.05 	0.182 	44.671042 	-3.744232 	1.3208057
-1.0930931 	-0.05 	0.182 	44.683298 	-3.7546521 	1.323717
-1.0918919 	-0.05 	0.182 	44.695555 	-3.7650723 	1.3266283
-1.0906907 	-0.05 	0.182 	44.707811 	-3.7754925 	1.3295396
-1.0894895 	-0.05 	0.182 	44.720068 	-3.7859126 	1.3324509
-1.0882883 	-0.05 	0.182 	44.737395 	-3.799024 	1.3357693
-1.0870871 	-0.05 	0.182 	44.76201 	-3.8160033 	1.3396731
-1.0858859 	-0.05 	0.182 	44.786625 	-3.8329825 	1.3435768
-1.0846847 	-0.05 	0.182 	44.81124 	-3.8499618 	1.3474805
-1.0834835 	-0.05 	0.182 	44.835855 	-3.8669411 	1.3513842
-1.0822823 	-0.05 	0.182 	44.86047 	-3.8839204 	1.355288
-1.0810811 	-0.05 	0.182 	44.885085 	-3.9008997 	1.3591917
-1.0798799 	-0.05 	0.182 	44.9097 	-3.917879 	1.3630954
-1.0786787 	-0.05 	0.182 	44.934315 	-3.9348582 	1.3669991
-1.0774775 	-0.05 	0.182 	44.95893 	-3.9518375 	1.3709028
-1.0762763 	-0.05 	0.182 	44.983545 	-3.9688168 	1.3748066
-1.0750751 	-0.05 	0.182 	45.00816 	-3.9857961 	1.3787103
-1.0738739 	-0.05 	0.182 	45.032775 	-4.0027754 	1.382614
-1.0726727 	-0.05 	0.182 	45.05739 	-4.0197547 	1.3865177
-1.0714715 	-0.05 	0.182 	45.082005 	-4.036734 	1.3904214
-1.0702703 	-0.05 	0.182 	45.10662 	-4.0537132 	1.3943252
-1.0690691 	-0.05 	0.182 	45.131173 	-4.0707156 	1.3977398
-1.0678679 	-0.05 	0.182 	45.155706 	-4.0877254 	1.4009986
-1.0666667 	-0.05 	0.182 	45.180239 	-4.1047351 	1.4042574
-1.0654655 	-0.05 	0.182 	45.204772 	-4.1217449 	1.4075162
-1.0642643 	-0.05 	0.182 	45.229306 	-4.1387547 	1.410775
-1.0630631 	-0.05 	0.182 	45.253839 	-4.1557644 	1.4140338
-1.0618619 	-0.05 	0.182 	45.278372 	-4.1727742 	1.4172926
-1.0606607 	-0.05 	0.182 	45.302905 	-4.1897839 	1.4205514
-1.0594595 	-0.05 	0.182 	45.327438 	-4.2067937 	1.4238102
-1.0582583 	-0.05 	0.182 	45.351972 	-4.2238035 	1.427069
-1.0570571 	-0.05 	0.182 	45.376505 	-4.2408132 	1.4303278
-1.0558559 	-0.05 	0.182 	45.401038 	-4.257823 	1.4335866
-1.0546547 	-0.05 	0.182 	45.425571 	-4.2748327 	1.4368454
-1.0534535 	-0.05 	0.182 	45.450105 	-4.2918425 	1.4401042
-1.0522523 	-0.05 	0.182 	45.474638 	-4.3088522 	1.443363
-1.0510511 	-0.05 	0.182 	45.499171 	-4.325862 	1.4466218
-1.0498498 	-0.05 	0.182 	45.523704 	-4.3428718 	1.4498806
-1.0486486 	-0.05 	0.182 	45.548238 	-4.3598815 	1.4531394
-1.0474474 	-0.05 	0.182 	45.572771 	-4.3768913 	1.4563982
-1.0462462 	-0.05 	0.182 	45.597304 	-4.393901 	1.459657
-1.045045 	-0.05 	0.182 	45.624861 	-4.4112644 	1.4632196
-1.0438438 	-0.05 	0.182 	45.653595 	-4.4287654 	1.4669004
-1.0426426 	-0.05 	0.182 	45.682329 	-4.4462665 	1.4705813
-1.0414414 	-0.05 	0.182 	45.711063 	-4.4637675 	1.4742622
-1.0402402 	-0.05 	0.182 	45.739797 	-4.4812686 	1.477943
-1.039039 	-0.05 	0.182 	45.768531 	-4.4987696 	1.4816239
-1.0378378 	-0.05 	0.182 	45.797265 	-4.5162707 	1.4853047
-1.0366366 	-0.05 	0.182 	45.824803 	-4.5297226 	1.4889757
-1.0354354 	-0.05 	0.182 	45.849922 	-4.5349887 	1.4926268
-1.0342342 	-0.05 	0.182 	45.875042 	-4.5402548 	1.4962779
-1.033033 	-0.05 	0.182 	45.900161 	-4.545521 	1.4999289
-1.0318318 	-0.05 	0.182 	45.925281 	-4.5507871 	1.50358
-1.0306306 	-0.05 	0.182 	45.9504 	-4.5560533 	1.507231
-1.0294294 	-0.05 	0.182 	45.97552 	-4.5613194 	1.5108821
-1.0282282 	-0.05 	0.182 	46.000833 	-4.5667016 	1.5145412
-1.027027 	-0.05 	0.182 	46.031521 	-4.5752986 	1.5184238
-1.0258258 	-0.05 	0.182 	46.062208 	-4.5838957 	1.5223063
-1.0246246 	-0.05 	0.182 	46.092895 	-4.5924927 	1.5261888
-1.0234234 	-0.05 	0.182 	46.123582 	-4.6010897 	1.5300714
-1.0222222 	-0.05 	0.182 	46.154269 	-4.6096867 	1.5339539
-1.021021 	-0.05 	0.182 	46.184956 	-4.6182837 	1.5378364
-1.0198198 	-0.05 	0.182 	46.215644 	-4.6268807 	1.541719
-1.0186186 	-0.05 	0.182 	46.246331 	-4.6354778 	1.5456015
-1.0174174 	-0.05 	0.182 	46.277018 	-4.6440748 	1.549484
-1.0162162 	-0.05 	0.182 	46.307705 	-4.6526718 	1.5533666
-1.015015 	-0.05 	0.182 	46.338392 	-4.6612688 	1.5572491
-1.0138138 	-0.05 	0.182 	46.369079 	-4.6698658 	1.5611316
-1.0126126 	-0.05 	0.182 	46.399767 	-4.6784628 	1.5650142
-1.0114114 	-0.05 	0.182 	46.430454 	-4.6870599 	1.5688967
-1.0102102 	-0.05 	0.182 	46.461141 	-4.6956569 	1.5727792
-1.009009 	-0.05 	0.182 	46.491828 	-4.7042539 	1.5766617
-1.0078078 	-0.05 	0.182 	46.522554 	-4.7128636 	1.5799311
-1.0066066 	-0.05 	0.182 	46.553281 	-4.721474 	1.5831679
-1.0054054 	-0.05 	0.182 	46.584009 	-4.7300844 	1.5864046
-1.0042042 	-0.05 	0.182 	46.614737 	-4.7386947 	1.5896414
-1.003003 	-0.05 	0.182 	46.645465 	-4.7473051 	1.5928782
-1.0018018 	-0.05 	0.182 	46.676193 	-4.7559155 	1.596115
-1.0006006 	-0.05 	0.182 	46.70692 	-4.7645259 	1.5993517
-0.9993994 	-0.05 	0.182 	46.737648 	-4.7731363 	1.6025885
-0.9981982 	-0.05 	0.182 	46.768376 	-4.7817466 	1.6058253
-0.996997 	-0.05 	0.182 	46.799104 	-4.790357 	1.6090621
-0.9957958 	-0.05 	0.182 	46.829831 	-4.7989674 	1.6122988
-0.99459459 	-0.05 	0.182 	46.860559 	-4.8075778 	1.6155356
-0.99339339 	-0.05 	0.182 	46.891287 	-4.8161882 	1.6187724
-0.99219219 	-0.05 	0.182 	46.922015 	-4.8247985 	1.6220092
-0.99099099 	-0.05 	0.182 	46.952743 	-4.8334089 	1.6252459
-0.98978979 	-0.05 	0.182 	46.98347 	-4.8420193 	1.6284827
-0.98858859 	-0.05 	0.182 	47.014198 	-4.8506297 	1.6317195
-0.98738739 	-0.05 	0.182 	47.044926 	-4.8592401 	1.6349562
-0.98618619 	-0.05 	0.182 	47.075654 	-4.8678505 	1.638193
-0.98498498 	-0.05 	0.182 	47.106381 	-4.8764608 	1.6414298
-0.98378378 	-0.05 	0.182 	47.138275 	-4.88497 	1.6448265
-0.98258258 	-0.05 	0.182 	47.170885 	-4.8934169 	1.6483216
-0.98138138 	-0.05 	0.182 	47.203495 	-4.9018638 	1.6518167
-0.98018018 	-0.05 	0.182 	47.236105 	-4.9103107 	1.6553118
-0.97897898 	-0.05 	0.182 	47.268716 	-4.9187576 	1.6588069
-0.97777778 	-0.05 	0.182 	47.301326 	-4.9272045 	1.662302
-0.97657658 	-0.05 	0.182 	47.333936 	-4.9356514 	1.6657971
-0.97537538 	-0.05 	0.182 	47.363304 	-4.9426475 	1.6692374
-0.97417417 	-0.05 	0.182 	47.389406 	-4.9481818 	1.6726223
-0.97297297 	-0.05 	0.182 	47.415507 	-4.9537161 	1.6760073
-0.97177177 	-0.05 	0.182 	47.441609 	-4.9592503 	1.6793923
-0.97057057 	-0.05 	0.182 	47.46771 	-4.9647846 	1.6827773
-0.96936937 	-0.05 	0.182 	47.493812 	-4.9703189 	1.6861623
-0.96816817 	-0.05 	0.182 	47.519913 	-4.9758531 	1.6895473
-0.96696697 	-0.05 	0.182 	47.547442 	-4.9807187 	1.6927878
-0.96576577 	-0.05 	0.182 	47.576567 	-4.9848363 	1.6958668
-0.96456456 	-0.05 	0.182 	47.605692 	-4.9889538 	1.6989458
-0.96336336 	-0.05 	0.182 	47.634817 	-4.9930713 	1.7020247
-0.96216216 	-0.05 	0.182 	47.663942 	-4.9971889 	1.7051037
-0.96096096 	-0.05 	0.182 	47.693067 	-5.0013064 	1.7081827
-0.95975976 	-0.05 	0.182 	47.722192 	-5.0054239 	1.7112616
-0.95855856 	-0.05 	0.182 	47.751317 	-5.0095415 	1.7143406
-0.95735736 	-0.05 	0.182 	47.780442 	-5.013659 	1.7174195
-0.95615616 	-0.05 	0.182 	47.809567 	-5.0177765 	1.7204985
-0.95495495 	-0.05 	0.182 	47.838691 	-5.0218941 	1.7235775
-0.95375375 	-0.05 	0.182 	47.867816 	-5.0260116 	1.7266564
-0.95255255 	-0.05 	0.182 	47.896941 	-5.0301292 	1.7297354
-0.95135135 	-0.05 	0.182 	47.926066 	-5.0342467 	1.7328143
-0.95015015 	-0.05 	0.182 	47.955191 	-5.0383642 	1.7358933
-0.94894895 	-0.05 	0.182 	47.984316 	-5.0424818 	1.7389723
-0.94774775 	-0.05 	0.182 	48.013441 	-5.0465993 	1.7420512
-0.94654655 	-0.05 	0.182 	48.042566 	-5.0507168 	1.7451302
-0.94534535 	-0.05 	0.182 	48.071691 	-5.0548344 	1.7482092
-0.94414414 	-0.05 	0.182 	48.100816 	-5.0589519 	1.7512881
-0.94294294 	-0.05 	0.182 	48.129937 	-5.0630644 	1.7544103
-0.94174174 	-0.05 	0.182 	48.159002 	-5.0671088 	1.7581202
-0.94054054 	-0.05 	0.182 	48.188067 	-5.0711532 	1.7618302
-0.93933934 	-0.05 	0.182 	48.217132 	-5.0751976 	1.7655401
-0.93813814 	-0.05 	0.182 	48.246196 	-5.079242 	1.76925
-0.93693694 	-0.05 	0.182 	48.275261 	-5.0832864 	1.77296
-0.93573574 	-0.05 	0.182 	48.304326 	-5.0873308 	1.7766699
-0.93453453 	-0.05 	0.182 	48.333391 	-5.0913752 	1.7803798
-0.93333333 	-0.05 	0.182 	48.362456 	-5.0954196 	1.7840898
-0.93213213 	-0.05 	0.182 	48.391521 	-5.0994639 	1.7877997
-0.93093093 	-0.05 	0.182 	48.420586 	-5.1035083 	1.7915097
-0.92972973 	-0.05 	0.182 	48.449651 	-5.1075527 	1.7952196
-0.92852853 	-0.05 	0.182 	48.478716 	-5.1115971 	1.7989295
-0.92732733 	-0.05 	0.182 	48.50778 	-5.1156415 	1.8026395
-0.92612613 	-0.05 	0.182 	48.536845 	-5.1196859 	1.8063494
-0.92492492 	-0.05 	0.182 	48.56591 	-5.1237303 	1.8100593
-0.92372372 	-0.05 	0.182 	48.594975 	-5.1277747 	1.8137693
-0.92252252 	-0.05 	0.182 	48.624239 	-5.1313222 	1.8173366
-0.92132132 	-0.05 	0.182 	48.653771 	-5.1341971 	1.8207109
-0.92012012 	-0.05 	0.182 	48.683303 	-5.1370721 	1.8240853
-0.91891892 	-0.05 	0.182 	48.712835 	-5.139947 	1.8274596
-0.91771772 	-0.05 	0.182 	48.742367 	-5.1428219 	1.8308339
-0.91651652 	-0.05 	0.182 	48.7719 	-5.1456969 	1.8342083
-0.91531532 	-0.05 	0.182 	48.801432 	-5.1485718 	1.8375826
-0.91411411 	-0.05 	0.182 	48.826797 	-5.151317 	1.8408821
-0.91291291 	-0.05 	0.182 	48.850404 	-5.1540073 	1.84415
-0.91171171 	-0.05 	0.182 	48.87401 	-5.1566977 	1.8474179
-0.91051051 	-0.05 	0.182 	48.897616 	-5.159388 	1.8506858
-0.90930931 	-0.05 	0.182 	48.921222 	-5.1620784 	1.8539538
-0.90810811 	-0.05 	0.182 	48.944828 	-5.1647687 	1.8572217
-0.90690691 	-0.05 	0.182 	48.9685 	-5.1672956 	1.8605073
-0.90570571 	-0.05 	0.182 	48.993459 	-5.1666601 	1.8641352
-0.9045045 	-0.05 	0.182 	49.018418 	-5.1660246 	1.8677632
-0.9033033 	-0.05 	0.182 	49.043377 	-5.1653891 	1.8713911
-0.9021021 	-0.05 	0.182 	49.068336 	-5.1647536 	1.875019
-0.9009009 	-0.05 	0.182 	49.093295 	-5.1641181 	1.878647
-0.8996997 	-0.05 	0.182 	49.118254 	-5.1634826 	1.8822749
-0.8984985 	-0.05 	0.182 	49.143212 	-5.1628471 	1.8859029
-0.8972973 	-0.05 	0.182 	49.168171 	-5.1622116 	1.8895308
-0.8960961 	-0.05 	0.182 	49.19313 	-5.1615761 	1.8931588
-0.89489489 	-0.05 	0.182 	49.218089 	-5.1609406 	1.8967867
-0.89369369 	-0.05 	0.182 	49.243048 	-5.1603051 	1.9004146
-0.89249249 	-0.05 	0.182 	49.268007 	-5.1596696 	1.9040426
-0.89129129 	-0.05 	0.182 	49.292965 	-5.1590341 	1.9076705
-0.89009009 	-0.05 	0.182 	49.317924 	-5.1583986 	1.9112985
-0.88888889 	-0.05 	0.182 	49.342883 	-5.1577631 	1.9149264
-0.88768769 	-0.05 	0.182 	49.367842 	-5.1571276 	1.9185544
-0.88648649 	-0.05 	0.182 	49.392817 	-5.1565163 	1.9219717
-0.88528529 	-0.05 	0.182 	49.417821 	-5.1559511 	1.9249856
-0.88408408 	-0.05 	0.182 	49.442826 	-5.1553859 	1.9279995
-0.88288288 	-0.05 	0.182 	49.467831 	-5.1548208 	1.9310134
-0.88168168 	-0.05 	0.182 	49.492836 	-5.1542556 	1.9340273
-0.88048048 	-0.05 	0.182 	49.51784 	-5.1536904 	1.9370412
-0.87927928 	-0.05 	0.182 	49.542845 	-5.1531253 	1.9400551
-0.87807808 	-0.05 	0.182 	49.56785 	-5.1525601 	1.943069
-0.87687688 	-0.05 	0.182 	49.592855 	-5.1519949 	1.9460829
-0.87567568 	-0.05 	0.182 	49.617859 	-5.1514298 	1.9490968
-0.87447447 	-0.05 	0.182 	49.642864 	-5.1508646 	1.9521107
-0.87327327 	-0.05 	0.182 	49.667869 	-5.1502994 	1.9551246
-0.87207207 	-0.05 	0.182 	49.692874 	-5.1497343 	1.9581385
-0.87087087 	-0.05 	0.182 	49.717879 	-5.1491691 	1.9611524
-0.86966967 	-0.05 	0.182 	49.742883 	-5.1486039 	1.9641663
-0.86846847 	-0.05 	0.182 	49.767888 	-5.1480388 	1.9671802
-0.86726727 	-0.05 	0.182 	49.792893 	-5.1474736 	1.9701941
-0.86606607 	-0.05 	0.182 	49.817898 	-5.1469084 	1.973208
-0.86486486 	-0.05 	0.182 	49.842902 	-5.1463433 	1.9762219
-0.86366366 	-0.05 	0.182 	49.867907 	-5.1457781 	1.9792358
-0.86246246 	-0.05 	0.182 	49.892912 	-5.145213 	1.9822497
-0.86126126 	-0.05 	0.182 	49.917872 	-5.1434399 	1.9854354
-0.86006006 	-0.05 	0.182 	49.942787 	-5.1404311 	1.9887969
-0.85885886 	-0.05 	0.182 	49.967701 	-5.1374222 	1.9921583
-0.85765766 	-0.05 	0.182 	49.992616 	-5.1344133 	1.9955198
-0.85645646 	-0.05 	0.182 	50.01753 	-5.1314044 	1.9988813
-0.85525526 	-0.05 	0.182 	50.042445 	-5.1283956 	2.0022427
-0.85405405 	-0.05 	0.182 	50.067359 	-5.1253867 	2.0056042
-0.85285285 	-0.05 	0.182 	50.089469 	-5.1245347 	2.0088443
-0.85165165 	-0.05 	0.182 	50.111326 	-5.1238778 	2.0120734
-0.85045045 	-0.05 	0.182 	50.133182 	-5.1232208 	2.0153025
-0.84924925 	-0.05 	0.182 	50.155038 	-5.1225639 	2.0185316
-0.84804805 	-0.05 	0.182 	50.176895 	-5.1219069 	2.0217607
-0.84684685 	-0.05 	0.182 	50.198751 	-5.1212499 	2.0249899
-0.84564565 	-0.05 	0.182 	50.22006 	-5.119357 	2.0283237
-0.84444444 	-0.05 	0.182 	50.240558 	-5.1156299 	2.031813
-0.84324324 	-0.05 	0.182 	50.261055 	-5.1119028 	2.0353023
-0.84204204 	-0.05 	0.182 	50.281552 	-5.1081758 	2.0387916
-0.84084084 	-0.05 	0.182 	50.302049 	-5.1044487 	2.042281
-0.83963964 	-0.05 	0.182 	50.322546 	-5.1007216 	2.0457703
-0.83843844 	-0.05 	0.182 	50.343043 	-5.0969945 	2.0492596
-0.83723724 	-0.05 	0.182 	50.36354 	-5.0932675 	2.0527489
-0.83603604 	-0.05 	0.182 	50.384038 	-5.0895404 	2.0562382
-0.83483483 	-0.05 	0.182 	50.404535 	-5.0858133 	2.0597275
-0.83363363 	-0.05 	0.182 	50.425032 	-5.0820862 	2.0632168
-0.83243243 	-0.05 	0.182 	50.445529 	-5.0783591 	2.0667061
-0.83123123 	-0.05 	0.182 	50.466026 	-5.0746321 	2.0701954
-0.83003003 	-0.05 	0.182 	50.486523 	-5.070905 	2.0736847
-0.82882883 	-0.05 	0.182 	50.50702 	-5.0671779 	2.077174
-0.82762763 	-0.05 	0.182 	50.527517 	-5.0634508 	2.0806633
-0.82642643 	-0.05 	0.182 	50.548015 	-5.0597238 	2.0841526
-0.82522523 	-0.05 	0.182 	50.568548 	-5.0560197 	2.0873136
-0.82402402 	-0.05 	0.182 	50.589109 	-5.0523335 	2.0902178
-0.82282282 	-0.05 	0.182 	50.60967 	-5.0486474 	2.0931219
-0.82162162 	-0.05 	0.182 	50.630231 	-5.0449613 	2.0960261
-0.82042042 	-0.05 	0.182 	50.650792 	-5.0412751 	2.0989302
-0.81921922 	-0.05 	0.182 	50.671354 	-5.037589 	2.1018344
-0.81801802 	-0.05 	0.182 	50.691915 	-5.0339028 	2.1047385
-0.81681682 	-0.05 	0.182 	50.712476 	-5.0302167 	2.1076427
-0.81561562 	-0.05 	0.182 	50.733037 	-5.0265306 	2.1105469
-0.81441441 	-0.05 	0.182 	50.753598 	-5.0228444 	2.113451
-0.81321321 	-0.05 	0.182 	50.774159 	-5.0191583 	2.1163552
-0.81201201 	-0.05 	0.182 	50.794721 	-5.0154722 	2.1192593
-0.81081081 	-0.05 	0.182 	50.815282 	-5.011786 	2.1221635
-0.80960961 	-0.05 	0.182 	50.835843 	-5.0080999 	2.1250676
-0.80840841 	-0.05 	0.182 	50.856404 	-5.0044137 	2.1279718
-0.80720721 	-0.05 	0.182 	50.876965 	-5.0007276 	2.1308759
-0.80600601 	-0.05 	0.182 	50.897527 	-4.9970415 	2.1337801
-0.8048048 	-0.05 	0.182 	50.918088 	-4.9933553 	2.1366842
-0.8036036 	-0.05 	0.182 	50.938649 	-4.9896692 	2.1395884
-0.8024024 	-0.05 	0.182 	50.95921 	-4.9859831 	2.1424925
-0.8012012 	-0.05 	0.182 	50.979771 	-4.9822969 	2.1453967
-0.8 	-0.05 	0.182 	50.999824 	-4.978098 	2.1483872
-0.7987988 	-0.05 	0.182 	51.019016 	-4.9730312 	2.151524
-0.7975976 	-0.05 	0.182 	51.038208 	-4.9679644 	2.1546608
-0.7963964 	-0.05 	0.182 	51.0574 	-4.9628976 	2.1577976
-0.7951952 	-0.05 	0.182 	51.076592 	-4.9578308 	2.1609344
-0.79399399 	-0.05 	0.182 	51.095784 	-4.952764 	2.1640712
-0.79279279 	-0.05 	0.182 	51.114937 	-4.9482139 	2.1671917
-0.79159159 	-0.05 	0.182 	51.133857 	-4.9467484 	2.1702151
-0.79039039 	-0.05 	0.182 	51.152778 	-4.9452829 	2.1732384
-0.78918919 	-0.05 	0.182 	51.171698 	-4.9438174 	2.1762618
-0.78798799 	-0.05 	0.182 	51.190618 	-4.9423519 	2.1792852
-0.78678679 	-0.05 	0.182 	51.209538 	-4.9408864 	2.1823085
-0.78558559 	-0.05 	0.182 	51.228459 	-4.939421 	2.1853319
-0.78438438 	-0.05 	0.182 	51.245396 	-4.9350405 	2.1886593
-0.78318318 	-0.05 	0.182 	51.262281 	-4.9305822 	2.1919948
-0.78198198 	-0.05 	0.182 	51.279166 	-4.9261239 	2.1953303
-0.78078078 	-0.05 	0.182 	51.29605 	-4.9216656 	2.1986658
-0.77957958 	-0.05 	0.182 	51.312935 	-4.9172073 	2.2020014
-0.77837838 	-0.05 	0.182 	51.32982 	-4.912749 	2.2053369
-0.77717718 	-0.05 	0.182 	51.346704 	-4.9082907 	2.2086724
-0.77597598 	-0.05 	0.182 	51.363589 	-4.9038324 	2.2120079
-0.77477477 	-0.05 	0.182 	51.380474 	-4.8993741 	2.2153434
-0.77357357 	-0.05 	0.182 	51.397358 	-4.8949158 	2.2186789
-0.77237237 	-0.05 	0.182 	51.414243 	-4.8904576 	2.2220144
-0.77117117 	-0.05 	0.182 	51.431128 	-4.8859993 	2.22535
-0.76996997 	-0.05 	0.182 	51.448013 	-4.881541 	2.2286855
-0.76876877 	-0.05 	0.182 	51.464897 	-4.8770827 	2.232021
-0.76756757 	-0.05 	0.182 	51.481782 	-4.8726244 	2.2353565
-0.76636637 	-0.05 	0.182 	51.498667 	-4.8681661 	2.238692
-0.76516517 	-0.05 	0.182 	51.515551 	-4.8637078 	2.2420275
-0.76396396 	-0.05 	0.182 	51.532505 	-4.859262 	2.2449313
-0.76276276 	-0.05 	0.182 	51.549478 	-4.8548196 	2.2477144
-0.76156156 	-0.05 	0.182 	51.566451 	-4.8503773 	2.2504974
-0.76036036 	-0.05 	0.182 	51.583423 	-4.8459349 	2.2532805
-0.75915916 	-0.05 	0.182 	51.600396 	-4.8414926 	2.2560635
-0.75795796 	-0.05 	0.182 	51.617369 	-4.8370502 	2.2588466
-0.75675676 	-0.05 	0.182 	51.634342 	-4.8326079 	2.2616297
-0.75555556 	-0.05 	0.182 	51.651315 	-4.8281655 	2.2644127
-0.75435435 	-0.05 	0.182 	51.668288 	-4.8237232 	2.2671958
-0.75315315 	-0.05 	0.182 	51.68526 	-4.8192808 	2.2699788
-0.75195195 	-0.05 	0.182 	51.702233 	-4.8148385 	2.2727619
-0.75075075 	-0.05 	0.182 	51.719206 	-4.8103961 	2.275545
-0.74954955 	-0.05 	0.182 	51.736179 	-4.8059537 	2.278328
-0.74834835 	-0.05 	0.182 	51.753152 	-4.8015114 	2.2811111
-0.74714715 	-0.05 	0.182 	51.770125 	-4.797069 	2.2838941
-0.74594595 	-0.05 	0.182 	51.787097 	-4.7926267 	2.2866772
-0.74474474 	-0.05 	0.182 	51.80407 	-4.7881843 	2.2894603
-0.74354354 	-0.05 	0.182 	51.821043 	-4.783742 	2.2922433
-0.74234234 	-0.05 	0.182 	51.838016 	-4.7792996 	2.2950264
-0.74114114 	-0.05 	0.182 	51.854989 	-4.7748573 	2.2978095
-0.73993994 	-0.05 	0.182 	51.871962 	-4.7704149 	2.3005925
-0.73873874 	-0.05 	0.182 	51.890056 	-4.7654353 	2.3038203
-0.73753754 	-0.05 	0.182 	51.909653 	-4.7597361 	2.3076434
-0.73633634 	-0.05 	0.182 	51.929249 	-4.754037 	2.3114666
-0.73513514 	-0.05 	0.182 	51.948846 	-4.7483378 	2.3152898
-0.73393393 	-0.05 	0.182 	51.968442 	-4.7426387 	2.319113
-0.73273273 	-0.05 	0.182 	51.988039 	-4.7369396 	2.3229361
-0.73153153 	-0.05 	0.182 	52.006682 	-4.7311377 	2.3264884
-0.73033033 	-0.05 	0.182 	52.023584 	-4.7251481 	2.3295453
-0.72912913 	-0.05 	0.182 	52.040486 	-4.7191586 	2.3326023
-0.72792793 	-0.05 	0.182 	52.057388 	-4.713169 	2.3356593
-0.72672673 	-0.05 	0.182 	52.07429 	-4.7071794 	2.3387162
-0.72552553 	-0.05 	0.182 	52.091192 	-4.7011898 	2.3417732
-0.72432432 	-0.05 	0.182 	52.107701 	-4.6953484 	2.345061
-0.72312312 	-0.05 	0.182 	52.123422 	-4.6898042 	2.3488119
-0.72192192 	-0.05 	0.182 	52.139144 	-4.68426 	2.3525627
-0.72072072 	-0.05 	0.182 	52.154865 	-4.6787158 	2.3563136
-0.71951952 	-0.05 	0.182 	52.170586 	-4.6731716 	2.3600644
-0.71831832 	-0.05 	0.182 	52.186307 	-4.6676273 	2.3638153
-0.71711712 	-0.05 	0.182 	52.202106 	-4.6620867 	2.3671486
-0.71591592 	-0.05 	0.182 	52.21794 	-4.6565477 	2.3702819
-0.71471471 	-0.05 	0.182 	52.233775 	-4.6510087 	2.3734152
-0.71351351 	-0.05 	0.182 	52.24961 	-4.6454697 	2.3765485
-0.71231231 	-0.05 	0.182 	52.265445 	-4.6399308 	2.3796818
-0.71111111 	-0.05 	0.182 	52.28128 	-4.6343918 	2.3828151
-0.70990991 	-0.05 	0.182 	52.297115 	-4.6288528 	2.3859484
-0.70870871 	-0.05 	0.182 	52.31295 	-4.6233138 	2.3890816
-0.70750751 	-0.05 	0.182 	52.324865 	-4.6181024 	2.3921677
-0.70630631 	-0.05 	0.182 	52.336373 	-4.612925 	2.3952488
-0.70510511 	-0.05 	0.182 	52.347881 	-4.6077476 	2.3983299
-0.7039039 	-0.05 	0.182 	52.35939 	-4.6025701 	2.401411
-0.7027027 	-0.05 	0.182 	52.370898 	-4.5973927 	2.4044922
-0.7015015 	-0.05 	0.182 	52.382406 	-4.5922152 	2.4075733
-0.7003003 	-0.05 	0.182 	52.394354 	-4.587144 	2.4105105
-0.6990991 	-0.05 	0.182 	52.406316 	-4.5820764 	2.4134428
-0.6978979 	-0.05 	0.182 	52.418278 	-4.5770088 	2.4163752
-0.6966967 	-0.05 	0.182 	52.43024 	-4.5719412 	2.4193075
-0.6954955 	-0.05 	0.182 	52.442202 	-4.5668735 	2.4222399
-0.69429429 	-0.05 	0.182 	52.454005 	-4.5618107 	2.4252021
-0.69309309 	-0.05 	0.182 	52.464514 	-4.5567871 	2.4284081
-0.69189189 	-0.05 	0.182 	52.475022 	-4.5517634 	2.4316141
-0.69069069 	-0.05 	0.182 	52.485531 	-4.5467397 	2.4348201
-0.68948949 	-0.05 	0.182 	52.496039 	-4.5417161 	2.4380261
-0.68828829 	-0.05 	0.182 	52.506548 	-4.5366924 	2.4412321
-0.68708709 	-0.05 	0.182 	52.517086 	-4.5316768 	2.4442838
-0.68588589 	-0.05 	0.182 	52.527698 	-4.526681 	2.446957
-0.68468468 	-0.05 	0.182 	52.538311 	-4.5216852 	2.4496301
-0.68348348 	-0.05 	0.182 	52.548923 	-4.5166894 	2.4523033
-0.68228228 	-0.05 	0.182 	52.559535 	-4.5116935 	2.4549765
-0.68108108 	-0.05 	0.182 	52.570147 	-4.5066977 	2.4576496
-0.67987988 	-0.05 	0.182 	52.580759 	-4.5017019 	2.4603228
-0.67867868 	-0.05 	0.182 	52.591371 	-4.496706 	2.462996
-0.67747748 	-0.05 	0.182 	52.601707 	-4.4914963 	2.4657675
-0.67627628 	-0.05 	0.182 	52.611498 	-4.4858659 	2.4687323
-0.67507508 	-0.05 	0.182 	52.62129 	-4.4802355 	2.4716972
-0.67387387 	-0.05 	0.182 	52.631082 	-4.4746051 	2.4746621
-0.67267267 	-0.05 	0.182 	52.640873 	-4.4689747 	2.4776269
-0.67147147 	-0.05 	0.182 	52.650665 	-4.4633443 	2.4805918
-0.67027027 	-0.05 	0.182 	52.660404 	-4.4592752 	2.4834214
-0.66906907 	-0.05 	0.182 	52.670104 	-4.4563287 	2.4861537
-0.66786787 	-0.05 	0.182 	52.679805 	-4.4533821 	2.488886
-0.66666667 	-0.05 	0.182 	52.689506 	-4.4504355 	2.4916183
-0.66546547 	-0.05 	0.182 	52.699206 	-4.4474889 	2.4943506
-0.66426426 	-0.05 	0.182 	52.708907 	-4.4445424 	2.4970829
-0.66306306 	-0.05 	0.182 	52.717814 	-4.4397598 	2.5000978
-0.66186186 	-0.05 	0.182 	52.726605 	-4.4347114 	2.5031535
-0.66066066 	-0.05 	0.182 	52.735396 	-4.4296631 	2.5062093
-0.65945946 	-0.05 	0.182 	52.744188 	-4.4246147 	2.509265
-0.65825826 	-0.05 	0.182 	52.752979 	-4.4195664 	2.5123208
-0.65705706 	-0.05 	0.182 	52.761771 	-4.4145181 	2.5153765
-0.65585586 	-0.05 	0.182 	52.770652 	-4.4095032 	2.5179705
-0.65465465 	-0.05 	0.182 	52.779543 	-4.404492 	2.5205148
-0.65345345 	-0.05 	0.182 	52.788435 	-4.3994807 	2.523059
-0.65225225 	-0.05 	0.182 	52.797326 	-4.3944695 	2.5256033
-0.65105105 	-0.05 	0.182 	52.806217 	-4.3894582 	2.5281475
-0.64984985 	-0.05 	0.182 	52.815108 	-4.384447 	2.5306917
-0.64864865 	-0.05 	0.182 	52.823999 	-4.3794358 	2.533236
-0.64744745 	-0.05 	0.182 	52.832891 	-4.3744245 	2.5357802
-0.64624625 	-0.05 	0.182 	52.841362 	-4.3679301 	2.5386121
-0.64504505 	-0.05 	0.182 	52.849779 	-4.3612431 	2.5414814
-0.64384384 	-0.05 	0.182 	52.858195 	-4.354556 	2.5443507
-0.64264264 	-0.05 	0.182 	52.866612 	-4.347869 	2.54722
-0.64144144 	-0.05 	0.182 	52.875029 	-4.3411819 	2.5500893
-0.64024024 	-0.05 	0.182 	52.883376 	-4.3352149 	2.552907
-0.63903904 	-0.05 	0.182 	52.891429 	-4.3322963 	2.5555068
-0.63783784 	-0.05 	0.182 	52.899481 	-4.3293778 	2.5581065
-0.63663664 	-0.05 	0.182 	52.907534 	-4.3264593 	2.5607062
-0.63543544 	-0.05 	0.182 	52.915586 	-4.3235407 	2.5633059
-0.63423423 	-0.05 	0.182 	52.923639 	-4.3206222 	2.5659056
-0.63303303 	-0.05 	0.182 	52.931413 	-4.3164355 	2.5684248
-0.63183183 	-0.05 	0.182 	52.938927 	-4.311062 	2.5708687
-0.63063063 	-0.05 	0.182 	52.94644 	-4.3056885 	2.5733125
-0.62942943 	-0.05 	0.182 	52.953954 	-4.300315 	2.5757564
-0.62822823 	-0.05 	0.182 	52.961467 	-4.2949416 	2.5782002
-0.62702703 	-0.05 	0.182 	52.968981 	-4.2895681 	2.580644
-0.62582583 	-0.05 	0.182 	52.976495 	-4.2841946 	2.5830879
-0.62462462 	-0.05 	0.182 	52.984008 	-4.2788211 	2.5855317
-0.62342342 	-0.05 	0.182 	52.991477 	-4.2734282 	2.5882137
-0.62222222 	-0.05 	0.182 	52.998898 	-4.2680143 	2.5911517
-0.62102102 	-0.05 	0.182 	53.006319 	-4.2626004 	2.5940897
-0.61981982 	-0.05 	0.182 	53.01374 	-4.2571865 	2.5970276
-0.61861862 	-0.05 	0.182 	53.021161 	-4.2517726 	2.5999656
-0.61741742 	-0.05 	0.182 	53.028582 	-4.2463588 	2.6029036
-0.61621622 	-0.05 	0.182 	53.035897 	-4.2402027 	2.6057647
-0.61501502 	-0.05 	0.182 	53.043078 	-4.2331124 	2.6085291
-0.61381381 	-0.05 	0.182 	53.050259 	-4.2260221 	2.6112936
-0.61261261 	-0.05 	0.182 	53.057441 	-4.2189317 	2.614058
-0.61141141 	-0.05 	0.182 	53.064622 	-4.2118414 	2.6168224
-0.61021021 	-0.05 	0.182 	53.071804 	-4.2047511 	2.6195868
-0.60900901 	-0.05 	0.182 	53.078584 	-4.2002298 	2.6221216
-0.60780781 	-0.05 	0.182 	53.085267 	-4.1963372 	2.6246002
-0.60660661 	-0.05 	0.182 	53.091949 	-4.1924446 	2.6270788
-0.60540541 	-0.05 	0.182 	53.098631 	-4.188552 	2.6295574
-0.6042042 	-0.05 	0.182 	53.105314 	-4.1846595 	2.632036
-0.603003 	-0.05 	0.182 	53.111885 	-4.1804547 	2.6345891
-0.6018018 	-0.05 	0.182 	53.118022 	-4.1750321 	2.6374325
-0.6006006 	-0.05 	0.182 	53.12416 	-4.1696095 	2.6402759
-0.5993994 	-0.05 	0.182 	53.130297 	-4.1641869 	2.6431193
-0.5981982 	-0.05 	0.182 	53.136435 	-4.1587643 	2.6459627
-0.596997 	-0.05 	0.182 	53.142572 	-4.1533417 	2.6488061
-0.5957958 	-0.05 	0.182 	53.14872 	-4.1479246 	2.6515891
-0.59459459 	-0.05 	0.182 	53.154942 	-4.142545 	2.6539533
-0.59339339 	-0.05 	0.182 	53.161165 	-4.1371654 	2.6563175
-0.59219219 	-0.05 	0.182 	53.167387 	-4.1317858 	2.6586817
-0.59099099 	-0.05 	0.182 	53.173609 	-4.1264062 	2.661046
-0.58978979 	-0.05 	0.182 	53.179831 	-4.1210266 	2.6634102
-0.58858859 	-0.05 	0.182 	53.186054 	-4.115647 	2.6657744
-0.58738739 	-0.05 	0.182 	53.192276 	-4.1102675 	2.6681386
-0.58618619 	-0.05 	0.182 	53.198498 	-4.1048879 	2.6705028
-0.58498498 	-0.05 	0.182 	53.204396 	-4.0987932 	2.6731922
-0.58378378 	-0.05 	0.182 	53.210278 	-4.0926631 	2.6758977
-0.58258258 	-0.05 	0.182 	53.216159 	-4.086533 	2.6786031
-0.58138138 	-0.05 	0.182 	53.222041 	-4.0804029 	2.6813086
-0.58018018 	-0.05 	0.182 	53.227923 	-4.0742729 	2.684014
-0.57897898 	-0.05 	0.182 	53.233494 	-4.0690742 	2.6865826
-0.57777778 	-0.05 	0.182 	53.238633 	-4.0651707 	2.688961
-0.57657658 	-0.05 	0.182 	53.243773 	-4.0612671 	2.6913393
-0.57537538 	-0.05 	0.182 	53.248912 	-4.0573636 	2.6937177
-0.57417417 	-0.05 	0.182 	53.254051 	-4.0534601 	2.696096
-0.57297297 	-0.05 	0.182 	53.259191 	-4.0495565 	2.6984744
-0.57177177 	-0.05 	0.182 	53.264002 	-4.0442784 	2.701223
-0.57057057 	-0.05 	0.182 	53.268795 	-4.0389241 	2.7039922
-0.56936937 	-0.05 	0.182 	53.273588 	-4.0335698 	2.7067614
-0.56816817 	-0.05 	0.182 	53.278381 	-4.0282155 	2.7095305
-0.56696697 	-0.05 	0.182 	53.283174 	-4.0228612 	2.7122997
-0.56576577 	-0.05 	0.182 	53.287967 	-4.0175069 	2.7150688
-0.56456456 	-0.05 	0.182 	53.292822 	-4.0121697 	2.7174928
-0.56336336 	-0.05 	0.182 	53.297699 	-4.0068383 	2.7197967
-0.56216216 	-0.05 	0.182 	53.302576 	-4.001507 	2.7221006
-0.56096096 	-0.05 	0.182 	53.307453 	-3.9961757 	2.7244044
-0.55975976 	-0.05 	0.182 	53.31233 	-3.9908443 	2.7267083
-0.55855856 	-0.05 	0.182 	53.317207 	-3.985513 	2.7290121
-0.55735736 	-0.05 	0.182 	53.322084 	-3.9801816 	2.731316
-0.55615616 	-0.05 	0.182 	53.326961 	-3.9748503 	2.7336198
-0.55495495 	-0.05 	0.182 	53.331697 	-3.9690344 	2.7360788
-0.55375375 	-0.05 	0.182 	53.33623 	-3.9625147 	2.738763
-0.55255255 	-0.05 	0.182 	53.340763 	-3.955995 	2.7414473
-0.55135135 	-0.05 	0.182 	53.345296 	-3.9494754 	2.7441316
-0.55015015 	-0.05 	0.182 	53.349829 	-3.9429557 	2.7468158
-0.54894895 	-0.05 	0.182 	53.354326 	-3.9364978 	2.7494855
-0.54774775 	-0.05 	0.182 	53.357831 	-3.9317129 	2.7517592
-0.54654655 	-0.05 	0.182 	53.361336 	-3.926928 	2.7540329
-0.54534535 	-0.05 	0.182 	53.364841 	-3.9221431 	2.7563066
-0.54414414 	-0.05 	0.182 	53.368346 	-3.9173582 	2.7585803
-0.54294294 	-0.05 	0.182 	53.371851 	-3.9125733 	2.7608541
-0.54174174 	-0.05 	0.182 	53.375494 	-3.9073466 	2.7634168
-0.54054054 	-0.05 	0.182 	53.379196 	-3.9019281 	2.7661051
-0.53933934 	-0.05 	0.182 	53.382898 	-3.8965096 	2.7687933
-0.53813814 	-0.05 	0.182 	53.3866 	-3.8910911 	2.7714816
-0.53693694 	-0.05 	0.182 	53.390303 	-3.8856726 	2.7741698
-0.53573574 	-0.05 	0.182 	53.394005 	-3.880254 	2.7768581
-0.53453453 	-0.05 	0.182 	53.39774 	-3.8748411 	2.7793847
-0.53333333 	-0.05 	0.182 	53.401535 	-3.8694381 	2.7816205
-0.53213213 	-0.05 	0.182 	53.405331 	-3.8640352 	2.7838564
-0.53093093 	-0.05 	0.182 	53.409126 	-3.8586322 	2.7860922
-0.52972973 	-0.05 	0.182 	53.412921 	-3.8532293 	2.7883281
-0.52852853 	-0.05 	0.182 	53.416716 	-3.8478263 	2.7905639
-0.52732733 	-0.05 	0.182 	53.420511 	-3.8424234 	2.7927998
-0.52612613 	-0.05 	0.182 	53.424306 	-3.8370204 	2.7950356
-0.52492492 	-0.05 	0.182 	53.428101 	-3.8316174 	2.7972714
-0.52372372 	-0.05 	0.182 	53.431915 	-3.8261337 	2.7998748
-0.52252252 	-0.05 	0.182 	53.435728 	-3.8206492 	2.8024822
-0.52132132 	-0.05 	0.182 	53.439542 	-3.8151646 	2.8050895
-0.52012012 	-0.05 	0.182 	53.443356 	-3.8096801 	2.8076968
-0.51891892 	-0.05 	0.182 	53.447169 	-3.8041955 	2.8103041
-0.51771772 	-0.05 	0.182 	53.450225 	-3.7989485 	2.8126375
-0.51651652 	-0.05 	0.182 	53.452866 	-3.7938311 	2.8148213
-0.51531532 	-0.05 	0.182 	53.455508 	-3.7887137 	2.8170051
-0.51411411 	-0.05 	0.182 	53.45815 	-3.7835964 	2.819189
-0.51291291 	-0.05 	0.182 	53.460791 	-3.778479 	2.8213728
-0.51171171 	-0.05 	0.182 	53.463456 	-3.7733493 	2.8236861
-0.51051051 	-0.05 	0.182 	53.466173 	-3.7681926 	2.8262843
-0.50930931 	-0.05 	0.182 	53.46889 	-3.7630359 	2.8288825
-0.50810811 	-0.05 	0.182 	53.471607 	-3.7578791 	2.8314807
-0.50690691 	-0.05 	0.182 	53.474324 	-3.7527224 	2.834079
-0.50570571 	-0.05 	0.182 	53.477041 	-3.7475657 	2.8366772
-0.5045045 	-0.05 	0.182 	53.479758 	-3.742409 	2.8392754
-0.5033033 	-0.05 	0.182 	53.482569 	-3.7372701 	2.8414476
-0.5021021 	-0.05 	0.182 	53.485383 	-3.7321317 	2.8436065
-0.5009009 	-0.05 	0.182 	53.488196 	-3.7269933 	2.8457653
-0.4996997 	-0.05 	0.182 	53.49101 	-3.721855 	2.8479242
-0.4984985 	-0.05 	0.182 	53.493824 	-3.7167166 	2.8500831
-0.4972973 	-0.05 	0.182 	53.496638 	-3.7115783 	2.8522419
-0.4960961 	-0.05 	0.182 	53.499452 	-3.7064399 	2.8544008
-0.49489489 	-0.05 	0.182 	53.502265 	-3.7013015 	2.8565596
-0.49369369 	-0.05 	0.182 	53.504978 	-3.6962622 	2.8589249
-0.49249249 	-0.05 	0.182 	53.507614 	-3.6912973 	2.8614455
-0.49129129 	-0.05 	0.182 	53.510251 	-3.6863325 	2.8639661
-0.49009009 	-0.05 	0.182 	53.512887 	-3.6813676 	2.8664868
-0.48888889 	-0.05 	0.182 	53.515523 	-3.6764027 	2.8690074
-0.48768769 	-0.05 	0.182 	53.517837 	-3.6712944 	2.871421
-0.48648649 	-0.05 	0.182 	53.519238 	-3.6657805 	2.8735323
-0.48528529 	-0.05 	0.182 	53.52064 	-3.6602666 	2.8756435
-0.48408408 	-0.05 	0.182 	53.522042 	-3.6547527 	2.8777548
-0.48288288 	-0.05 	0.182 	53.523443 	-3.6492388 	2.879866
-0.48168168 	-0.05 	0.182 	53.524845 	-3.6437249 	2.8819773
-0.48048048 	-0.05 	0.182 	53.52642 	-3.6386726 	2.8844748
-0.47927928 	-0.05 	0.182 	53.527999 	-3.6336291 	2.8869797
-0.47807808 	-0.05 	0.182 	53.529578 	-3.6285857 	2.8894846
-0.47687688 	-0.05 	0.182 	53.531157 	-3.6235422 	2.8919895
-0.47567568 	-0.05 	0.182 	53.532736 	-3.6184987 	2.8944944
-0.47447447 	-0.05 	0.182 	53.534315 	-3.6134553 	2.8969993
-0.47327327 	-0.05 	0.182 	53.53595 	-3.6084233 	2.8992561
-0.47207207 	-0.05 	0.182 	53.537626 	-3.6033996 	2.9013364
-0.47087087 	-0.05 	0.182 	53.539301 	-3.5983758 	2.9034167
-0.46966967 	-0.05 	0.182 	53.540976 	-3.5933521 	2.9054969
-0.46846847 	-0.05 	0.182 	53.542652 	-3.5883283 	2.9075772
-0.46726727 	-0.05 	0.182 	53.544327 	-3.5833045 	2.9096575
-0.46606607 	-0.05 	0.182 	53.546003 	-3.5782808 	2.9117378
-0.46486486 	-0.05 	0.182 	53.547678 	-3.573257 	2.9138181
-0.46366366 	-0.05 	0.182 	53.549342 	-3.5682773 	2.9159347
-0.46246246 	-0.05 	0.182 	53.550906 	-3.5636808 	2.9183682
-0.46126126 	-0.05 	0.182 	53.55247 	-3.5590843 	2.9208017
-0.46006006 	-0.05 	0.182 	53.554034 	-3.5544878 	2.9232351
-0.45885886 	-0.05 	0.182 	53.555598 	-3.5498914 	2.9256686
-0.45765766 	-0.05 	0.182 	53.557162 	-3.5452949 	2.9281021
-0.45645646 	-0.05 	0.182 	53.557645 	-3.5399887 	2.930186
-0.45525526 	-0.05 	0.182 	53.557977 	-3.5345833 	2.932221
-0.45405405 	-0.05 	0.182 	53.558309 	-3.5291778 	2.934256
-0.45285285 	-0.05 	0.182 	53.558641 	-3.5237724 	2.936291
-0.45165165 	-0.05 	0.182 	53.558973 	-3.518367 	2.938326
-0.45045045 	-0.05 	0.182 	53.559464 	-3.5132769 	2.940623
-0.44924925 	-0.05 	0.182 	53.560023 	-3.5083215 	2.943032
-0.44804805 	-0.05 	0.182 	53.560582 	-3.5033662 	2.945441
-0.44684685 	-0.05 	0.182 	53.561142 	-3.4984109 	2.9478499
-0.44564565 	-0.05 	0.182 	53.561701 	-3.4934555 	2.9502589
-0.44444444 	-0.05 	0.182 	53.56226 	-3.4885002 	2.9526679
-0.44324324 	-0.05 	0.182 	53.562839 	-3.4835488 	2.9549946
-0.44204204 	-0.05 	0.182 	53.563496 	-3.4786132 	2.956995
-0.44084084 	-0.05 	0.182 	53.564152 	-3.4736776 	2.9589954
-0.43963964 	-0.05 	0.182 	53.564808 	-3.468742 	2.9609959
-0.43843844 	-0.05 	0.182 	53.565465 	-3.4638063 	2.9629963
-0.43723724 	-0.05 	0.182 	53.566121 	-3.4588707 	2.9649968
-0.43603604 	-0.05 	0.182 	53.566778 	-3.4539351 	2.9669972
-0.43483483 	-0.05 	0.182 	53.567434 	-3.4489995 	2.9689977
-0.43363363 	-0.05 	0.182 	53.56809 	-3.4440639 	2.9709981
-0.43243243 	-0.05 	0.182 	53.568751 	-3.4393933 	2.9731988
-0.43123123 	-0.05 	0.182 	53.569413 	-3.4349065 	2.9755383
-0.43003003 	-0.05 	0.182 	53.570076 	-3.4304196 	2.9778779
-0.42882883 	-0.05 	0.182 	53.570739 	-3.4259328 	2.9802174
-0.42762763 	-0.05 	0.182 	53.571402 	-3.421446 	2.982557
-0.42642643 	-0.05 	0.182 	53.5715 	-3.4166029 	2.9847067
-0.42522523 	-0.05 	0.182 	53.571024 	-3.4113978 	2.9866637
-0.42402402 	-0.05 	0.182 	53.570548 	-3.4061927 	2.9886206
-0.42282282 	-0.05 	0.182 	53.570072 	-3.4009877 	2.9905776
-0.42162162 	-0.05 	0.182 	53.569597 	-3.3957826 	2.9925346
-0.42042042 	-0.05 	0.182 	53.56913 	-3.3907399 	2.9946432
-0.41921922 	-0.05 	0.182 	53.568675 	-3.3859159 	2.9969559
-0.41801802 	-0.05 	0.182 	53.568221 	-3.3810919 	2.9992686
-0.41681682 	-0.05 	0.182 	53.567766 	-3.376268 	3.0015814
-0.41561562 	-0.05 	0.182 	53.567311 	-3.371444 	3.0038941
-0.41441441 	-0.05 	0.182 	53.566857 	-3.36662 	3.0062069
-0.41321321 	-0.05 	0.182 	53.566402 	-3.361796 	3.0085196
-0.41201201 	-0.05 	0.182 	53.566029 	-3.3569829 	3.0105115
-0.41081081 	-0.05 	0.182 	53.565673 	-3.3521722 	3.0124325
-0.40960961 	-0.05 	0.182 	53.565318 	-3.3473614 	3.0143535
-0.40840841 	-0.05 	0.182 	53.564963 	-3.3425507 	3.0162745
-0.40720721 	-0.05 	0.182 	53.564607 	-3.3377399 	3.0181956
-0.40600601 	-0.05 	0.182 	53.564252 	-3.3329292 	3.0201166
-0.4048048 	-0.05 	0.182 	53.563897 	-3.3281184 	3.0220376
-0.4036036 	-0.05 	0.182 	53.563541 	-3.3233077 	3.0239586
-0.4024024 	-0.05 	0.182 	53.563164 	-3.3185885 	3.0259406
-0.4012012 	-0.05 	0.182 	53.562694 	-3.3142635 	3.0281843
-0.4 	-0.05 	0.182 	53.562224 	-3.3099385 	3.030428
-0.3987988 	-0.05 	0.182 	53.561754 	-3.3056134 	3.0326718
-0.3975976 	-0.05 	0.182 	53.561284 	-3.3012884 	3.0349155
-0.3963964 	-0.05 	0.182 	53.560711 	-3.2969203 	3.0371212
-0.3951952 	-0.05 	0.182 	53.559312 	-3.2922052 	3.0390207
-0.39399399 	-0.05 	0.182 	53.557912 	-3.2874901 	3.0409202
-0.39279279 	-0.05 	0.182 	53.556513 	-3.282775 	3.0428197
-0.39159159 	-0.05 	0.182 	53.555114 	-3.2780599 	3.0447192
-0.39039039 	-0.05 	0.182 	53.553707 	-3.2733454 	3.0466299
-0.38918919 	-0.05 	0.182 	53.552099 	-3.2686457 	3.0488449
-0.38798799 	-0.05 	0.182 	53.550492 	-3.263946 	3.0510599
-0.38678679 	-0.05 	0.182 	53.548884 	-3.2592463 	3.0532749
-0.38558559 	-0.05 	0.182 	53.547277 	-3.2545467 	3.0554899
-0.38438438 	-0.05 	0.182 	53.545669 	-3.249847 	3.0577049
-0.38318318 	-0.05 	0.182 	53.544061 	-3.2451473 	3.0599199
-0.38198198 	-0.05 	0.182 	53.542499 	-3.2404503 	3.0619729
-0.38078078 	-0.05 	0.182 	53.540997 	-3.2357566 	3.0638144
-0.37957958 	-0.05 	0.182 	53.539494 	-3.231063 	3.0656558
-0.37837838 	-0.05 	0.182 	53.537992 	-3.2263694 	3.0674972
-0.37717718 	-0.05 	0.182 	53.536489 	-3.2216757 	3.0693386
-0.37597598 	-0.05 	0.182 	53.534987 	-3.2169821 	3.07118
-0.37477477 	-0.05 	0.182 	53.533484 	-3.2122884 	3.0730215
-0.37357357 	-0.05 	0.182 	53.531981 	-3.2075948 	3.0748629
-0.37237237 	-0.05 	0.182 	53.530479 	-3.2029011 	3.0767043
-0.37117117 	-0.05 	0.182 	53.528706 	-3.1983642 	3.0787715
-0.36996997 	-0.05 	0.182 	53.526856 	-3.1938718 	3.0809029
-0.36876877 	-0.05 	0.182 	53.525006 	-3.1893794 	3.0830344
-0.36756757 	-0.05 	0.182 	53.523156 	-3.1848871 	3.0851658
-0.36636637 	-0.05 	0.182 	53.521306 	-3.1803947 	3.0872973
-0.36516517 	-0.05 	0.182 	53.518986 	-3.1758418 	3.0892095
-0.36396396 	-0.05 	0.182 	53.516489 	-3.1712661 	3.0910386
-0.36276276 	-0.05 	0.182 	53.513991 	-3.1666903 	3.0928677
-0.36156156 	-0.05 	0.182 	53.511493 	-3.1621145 	3.0946968
-0.36036036 	-0.05 	0.182 	53.508995 	-3.1575387 	3.0965259
-0.35915916 	-0.05 	0.182 	53.50649 	-3.1526997 	3.098546
-0.35795796 	-0.05 	0.182 	53.503981 	-3.1477462 	3.1006491
-0.35675676 	-0.05 	0.182 	53.501473 	-3.1427926 	3.1027523
-0.35555556 	-0.05 	0.182 	53.498964 	-3.1378391 	3.1048554
-0.35435435 	-0.05 	0.182 	53.496456 	-3.1328856 	3.1069585
-0.35315315 	-0.05 	0.182 	53.493947 	-3.1279321 	3.1090617
-0.35195195 	-0.05 	0.182 	53.491444 	-3.1229777 	3.1111473
-0.35075075 	-0.05 	0.182 	53.489058 	-3.1180079 	3.112897
-0.34954955 	-0.05 	0.182 	53.486672 	-3.113038 	3.1146467
-0.34834835 	-0.05 	0.182 	53.484286 	-3.1080681 	3.1163964
-0.34714715 	-0.05 	0.182 	53.4819 	-3.1030983 	3.1181462
-0.34594595 	-0.05 	0.182 	53.479514 	-3.0981284 	3.1198959
-0.34474474 	-0.05 	0.182 	53.477128 	-3.0931585 	3.1216456
-0.34354354 	-0.05 	0.182 	53.474741 	-3.0881886 	3.1233953
-0.34234234 	-0.05 	0.182 	53.472355 	-3.0832188 	3.125145
-0.34114114 	-0.05 	0.182 	53.469942 	-3.0782695 	3.1269852
-0.33993994 	-0.05 	0.182 	53.46747 	-3.0733645 	3.1290195
-0.33873874 	-0.05 	0.182 	53.464999 	-3.0684594 	3.1310539
-0.33753754 	-0.05 	0.182 	53.462527 	-3.0635544 	3.1330882
-0.33633634 	-0.05 	0.182 	53.460056 	-3.0586493 	3.1351225
-0.33513514 	-0.05 	0.182 	53.457518 	-3.0535813 	3.1370557
-0.33393393 	-0.05 	0.182 	53.454852 	-3.0482015 	3.1387957
-0.33273273 	-0.05 	0.182 	53.452187 	-3.0428216 	3.1405356
-0.33153153 	-0.05 	0.182 	53.449521 	-3.0374418 	3.1422756
-0.33033033 	-0.05 	0.182 	53.446856 	-3.032062 	3.1440155
-0.32912913 	-0.05 	0.182 	53.443908 	-3.027008 	3.1458469
-0.32792793 	-0.05 	0.182 	53.440559 	-3.0224179 	3.1478086
-0.32672673 	-0.05 	0.182 	53.437211 	-3.0178277 	3.1497702
-0.32552553 	-0.05 	0.182 	53.433862 	-3.0132376 	3.1517318
-0.32432432 	-0.05 	0.182 	53.430513 	-3.0086475 	3.1536934
-0.32312312 	-0.05 	0.182 	53.427164 	-3.0040574 	3.1556551
-0.32192192 	-0.05 	0.182 	53.423816 	-2.9994672 	3.1576167
-0.32072072 	-0.05 	0.182 	53.420563 	-2.9948708 	3.1593574
-0.31951952 	-0.05 	0.182 	53.417358 	-2.9902711 	3.1609881
-0.31831832 	-0.05 	0.182 	53.414153 	-2.9856715 	3.1626188
-0.31711712 	-0.05 	0.182 	53.410948 	-2.9810719 	3.1642496
-0.31591592 	-0.05 	0.182 	53.407743 	-2.9764723 	3.1658803
-0.31471471 	-0.05 	0.182 	53.404538 	-2.9718726 	3.167511
-0.31351351 	-0.05 	0.182 	53.401333 	-2.967273 	3.1691417
-0.31231231 	-0.05 	0.182 	53.398128 	-2.9626734 	3.1707724
-0.31111111 	-0.05 	0.182 	53.394923 	-2.9580738 	3.1724031
-0.30990991 	-0.05 	0.182 	53.391358 	-2.9541486 	3.1742101
-0.30870871 	-0.05 	0.182 	53.387709 	-2.9503809 	3.1760584
-0.30750751 	-0.05 	0.182 	53.384059 	-2.9466131 	3.1779066
-0.30630631 	-0.05 	0.182 	53.38041 	-2.9428454 	3.1797548
-0.30510511 	-0.05 	0.182 	53.376761 	-2.9390777 	3.1816031
-0.3039039 	-0.05 	0.182 	53.373238 	-2.9351913 	3.1832305
-0.3027027 	-0.05 	0.182 	53.36972 	-2.9313003 	3.1848492
-0.3015015 	-0.05 	0.182 	53.366201 	-2.9274092 	3.1864679
-0.3003003 	-0.05 	0.182 	53.362683 	-2.9235181 	3.1880865
-0.2990991 	-0.05 	0.182 	53.359019 	-2.9195887 	3.1897315
-0.2978979 	-0.05 	0.182 	53.354434 	-2.9154174 	3.1915416
-0.2966967 	-0.05 	0.182 	53.349849 	-2.9112461 	3.1933518
-0.2954955 	-0.05 	0.182 	53.345265 	-2.9070748 	3.195162
-0.29429429 	-0.05 	0.182 	53.34068 	-2.9029035 	3.1969721
-0.29309309 	-0.05 	0.182 	53.336095 	-2.8987322 	3.1987823
-0.29189189 	-0.05 	0.182 	53.33151 	-2.8945609 	3.2005924
-0.29069069 	-0.05 	0.182 	53.326971 	-2.8903865 	3.2023145
-0.28948949 	-0.05 	0.182 	53.322546 	-2.8862041 	3.2038158
-0.28828829 	-0.05 	0.182 	53.31812 	-2.8820218 	3.2053171
-0.28708709 	-0.05 	0.182 	53.313695 	-2.8778394 	3.2068184
-0.28588589 	-0.05 	0.182 	53.30927 	-2.873657 	3.2083197
-0.28468468 	-0.05 	0.182 	53.304844 	-2.8694747 	3.2098209
-0.28348348 	-0.05 	0.182 	53.300419 	-2.8652923 	3.2113222
-0.28228228 	-0.05 	0.182 	53.295994 	-2.86111 	3.2128235
-0.28108108 	-0.05 	0.182 	53.291568 	-2.8569276 	3.2143248
-0.27987988 	-0.05 	0.182 	53.286825 	-2.8526453 	3.2159119
-0.27867868 	-0.05 	0.182 	53.28161 	-2.8482149 	3.2176262
-0.27747748 	-0.05 	0.182 	53.276395 	-2.8437845 	3.2193405
-0.27627628 	-0.05 	0.182 	53.27118 	-2.8393541 	3.2210548
-0.27507508 	-0.05 	0.182 	53.265965 	-2.8349237 	3.2227691
-0.27387387 	-0.05 	0.182 	53.260976 	-2.8310223 	3.2243644
-0.27267267 	-0.05 	0.182 	53.256155 	-2.8275101 	3.2258722
-0.27147147 	-0.05 	0.182 	53.251334 	-2.8239978 	3.2273799
-0.27027027 	-0.05 	0.182 	53.246513 	-2.8204855 	3.2288877
-0.26906907 	-0.05 	0.182 	53.241692 	-2.8169733 	3.2303954
-0.26786787 	-0.05 	0.182 	53.236083 	-2.8130435 	3.2320078
-0.26666667 	-0.05 	0.182 	53.23022 	-2.8089785 	3.2336541
-0.26546547 	-0.05 	0.182 	53.224357 	-2.8049135 	3.2353004
-0.26426426 	-0.05 	0.182 	53.218494 	-2.8008486 	3.2369467
-0.26306306 	-0.05 	0.182 	53.212631 	-2.7967836 	3.238593
-0.26186186 	-0.05 	0.182 	53.206768 	-2.7927187 	3.2402392
-0.26066066 	-0.05 	0.182 	53.200905 	-2.7886537 	3.2418855
-0.25945946 	-0.05 	0.182 	53.195193 	-2.7845835 	3.243273
-0.25825826 	-0.05 	0.182 	53.189498 	-2.7805128 	3.2446317
-0.25705706 	-0.05 	0.182 	53.183803 	-2.7764421 	3.2459905
-0.25585586 	-0.05 	0.182 	53.178108 	-2.7723714 	3.2473492
-0.25465465 	-0.05 	0.182 	53.172413 	-2.7683006 	3.248708
-0.25345345 	-0.05 	0.182 	53.166718 	-2.7642299 	3.2500667
-0.25225225 	-0.05 	0.182 	53.161023 	-2.7601592 	3.2514255
-0.25105105 	-0.05 	0.182 	53.155328 	-2.7560885 	3.2527843
-0.24984985 	-0.05 	0.182 	53.149633 	-2.7520178 	3.254143
-0.24864865 	-0.05 	0.182 	53.14307 	-2.7478723 	3.2556732
-0.24744745 	-0.05 	0.182 	53.136499 	-2.743726 	3.257205
-0.24624625 	-0.05 	0.182 	53.129928 	-2.7395798 	3.2587368
-0.24504505 	-0.05 	0.182 	53.123358 	-2.7354336 	3.2602686
-0.24384384 	-0.05 	0.182 	53.116941 	-2.731469 	3.2617596
-0.24264264 	-0.05 	0.182 	53.111168 	-2.7282618 	3.2630806
-0.24144144 	-0.05 	0.182 	53.105395 	-2.7250545 	3.2644016
-0.24024024 	-0.05 	0.182 	53.099621 	-2.7218473 	3.2657226
-0.23903904 	-0.05 	0.182 	53.093848 	-2.71864 	3.2670436
-0.23783784 	-0.05 	0.182 	53.087448 	-2.7149928 	3.2684326
-0.23663664 	-0.05 	0.182 	53.080188 	-2.7107413 	3.269915
-0.23543544 	-0.05 	0.182 	53.072927 	-2.7064899 	3.2713974
-0.23423423 	-0.05 	0.182 	53.065666 	-2.7022384 	3.2728798
-0.23303303 	-0.05 	0.182 	53.058406 	-2.6979869 	3.2743622
-0.23183183 	-0.05 	0.182 	53.051145 	-2.6937354 	3.2758446
-0.23063063 	-0.05 	0.182 	53.043884 	-2.689484 	3.277327
-0.22942943 	-0.05 	0.182 	53.036722 	-2.6852259 	3.2786713
-0.22822823 	-0.05 	0.182 	53.029652 	-2.6809617 	3.2798867
-0.22702703 	-0.05 	0.182 	53.022581 	-2.6766975 	3.2811021
-0.22582583 	-0.05 	0.182 	53.015511 	-2.6724333 	3.2823174
-0.22462462 	-0.05 	0.182 	53.00844 	-2.6681691 	3.2835328
-0.22342342 	-0.05 	0.182 	53.00137 	-2.6639049 	3.2847482
-0.22222222 	-0.05 	0.182 	52.994299 	-2.6596407 	3.2859635
-0.22102102 	-0.05 	0.182 	52.987229 	-2.6553765 	3.2871789
-0.21981982 	-0.05 	0.182 	52.980158 	-2.6511123 	3.2883943
-0.21861862 	-0.05 	0.182 	52.972458 	-2.6465145 	3.2897087
-0.21741742 	-0.05 	0.182 	52.964184 	-2.641613 	3.2911132
-0.21621622 	-0.05 	0.182 	52.95591 	-2.6367115 	3.2925177
-0.21501502 	-0.05 	0.182 	52.947636 	-2.63181 	3.2939223
-0.21381381 	-0.05 	0.182 	52.939362 	-2.6269085 	3.2953268
-0.21261261 	-0.05 	0.182 	52.932145 	-2.6224397 	3.2965973
-0.21141141 	-0.05 	0.182 	52.925177 	-2.6180723 	3.2978363
-0.21021021 	-0.05 	0.182 	52.918208 	-2.613705 	3.2990753
-0.20900901 	-0.05 	0.182 	52.911239 	-2.6093376 	3.3003143
-0.20780781 	-0.05 	0.182 	52.904005 	-2.6049351 	3.301558
-0.20660661 	-0.05 	0.182 	52.895115 	-2.6003127 	3.3028305
-0.20540541 	-0.05 	0.182 	52.886224 	-2.5956903 	3.3041031
-0.2042042 	-0.05 	0.182 	52.877334 	-2.5910679 	3.3053756
-0.203003 	-0.05 	0.182 	52.868443 	-2.5864454 	3.3066481
-0.2018018 	-0.05 	0.182 	52.859553 	-2.581823 	3.3079207
-0.2006006 	-0.05 	0.182 	52.850662 	-2.5772006 	3.3091932
-0.1993994 	-0.05 	0.182 	52.841804 	-2.5725759 	3.3104349
-0.1981982 	-0.05 	0.182 	52.833154 	-2.5679365 	3.3114755
-0.196997 	-0.05 	0.182 	52.824505 	-2.5632971 	3.3125161
-0.1957958 	-0.05 	0.182 	52.815856 	-2.5586577 	3.3135567
-0.19459459 	-0.05 	0.182 	52.807207 	-2.5540183 	3.3145973
-0.19339339 	-0.05 	0.182 	52.798558 	-2.5493789 	3.3156379
-0.19219219 	-0.05 	0.182 	52.789908 	-2.5447395 	3.3166785
-0.19099099 	-0.05 	0.182 	52.781259 	-2.5401001 	3.3177191
-0.18978979 	-0.05 	0.182 	52.77261 	-2.5354607 	3.3187597
-0.18858859 	-0.05 	0.182 	52.763933 	-2.5308313 	3.3198015
-0.18738739 	-0.05 	0.182 	52.75384 	-2.5267174 	3.3209067
-0.18618619 	-0.05 	0.182 	52.743747 	-2.5226034 	3.3220119
-0.18498498 	-0.05 	0.182 	52.733653 	-2.5184895 	3.323117
-0.18378378 	-0.05 	0.182 	52.72356 	-2.5143756 	3.3242222
-0.18258258 	-0.05 	0.182 	52.714247 	-2.5106749 	3.32527
-0.18138138 	-0.05 	0.182 	52.705982 	-2.5075303 	3.3262407
-0.18018018 	-0.05 	0.182 	52.697718 	-2.5043857 	3.3272113
-0.17897898 	-0.05 	0.182 	52.689454 	-2.501241 	3.3281819
-0.17777778 	-0.05 	0.182 	52.68119 	-2.4980964 	3.3291526
-0.17657658 	-0.05 	0.182 	52.671159 	-2.493831 	3.3301611
-0.17537538 	-0.05 	0.182 	52.660832 	-2.4893774 	3.3311761
-0.17417417 	-0.05 	0.182 	52.650504 	-2.4849238 	3.332191
-0.17297297 	-0.05 	0.182 	52.640176 	-2.4804702 	3.3332059
-0.17177177 	-0.05 	0.182 	52.629848 	-2.4760166 	3.3342209
-0.17057057 	-0.05 	0.182 	52.619521 	-2.471563 	3.3352358
-0.16936937 	-0.05 	0.182 	52.609193 	-2.4671094 	3.3362507
-0.16816817 	-0.05 	0.182 	52.599057 	-2.4626638 	3.3371316
-0.16696697 	-0.05 	0.182 	52.588985 	-2.4582208 	3.3379678
-0.16576577 	-0.05 	0.182 	52.578913 	-2.4537778 	3.3388039
-0.16456456 	-0.05 	0.182 	52.568841 	-2.4493348 	3.33964
-0.16336336 	-0.05 	0.182 	52.55877 	-2.4448918 	3.3404762
-0.16216216 	-0.05 	0.182 	52.548698 	-2.4404488 	3.3413123
-0.16096096 	-0.05 	0.182 	52.538626 	-2.4360058 	3.3421485
-0.15975976 	-0.05 	0.182 	52.528554 	-2.4315628 	3.3429846
-0.15855856 	-0.05 	0.182 	52.518482 	-2.4271198 	3.3438207
-0.15735736 	-0.05 	0.182 	52.507492 	-2.4223257 	3.344694
-0.15615616 	-0.05 	0.182 	52.495922 	-2.4173101 	3.3455906
-0.15495495 	-0.05 	0.182 	52.484353 	-2.4122945 	3.3464873
-0.15375375 	-0.05 	0.182 	52.472783 	-2.4072789 	3.347384
-0.15255255 	-0.05 	0.182 	52.461298 	-2.4023694 	3.348274
-0.15135135 	-0.05 	0.182 	52.451765 	-2.3999102 	3.3490109
-0.15015015 	-0.05 	0.182 	52.442232 	-2.3974511 	3.3497478
-0.14894895 	-0.05 	0.182 	52.4327 	-2.3949919 	3.3504848
-0.14774775 	-0.05 	0.182 	52.423167 	-2.3925327 	3.3512217
-0.14654655 	-0.05 	0.182 	52.412544 	-2.3896019 	3.3519804
-0.14534535 	-0.05 	0.182 	52.400731 	-2.3861559 	3.3527628
-0.14414414 	-0.05 	0.182 	52.388918 	-2.38271 	3.3535453
-0.14294294 	-0.05 	0.182 	52.377105 	-2.3792641 	3.3543278
-0.14174174 	-0.05 	0.182 	52.365292 	-2.3758181 	3.3551103
-0.14054054 	-0.05 	0.182 	52.353479 	-2.3723722 	3.3558927
-0.13933934 	-0.05 	0.182 	52.341666 	-2.3689263 	3.3566752
-0.13813814 	-0.05 	0.182 	52.329945 	-2.3654662 	3.3574062
-0.13693694 	-0.05 	0.182 	52.318384 	-2.3619813 	3.3580472
-0.13573574 	-0.05 	0.182 	52.306824 	-2.3584965 	3.3586882
-0.13453453 	-0.05 	0.182 	52.295263 	-2.3550116 	3.3593292
-0.13333333 	-0.05 	0.182 	52.283703 	-2.3515268 	3.3599702
-0.13213213 	-0.05 	0.182 	52.272142 	-2.3480419 	3.3606112
-0.13093093 	-0.05 	0.182 	52.260581 	-2.3445571 	3.3612522
-0.12972973 	-0.05 	0.182 	52.249021 	-2.3410722 	3.3618932
-0.12852853 	-0.05 	0.182 	52.23746 	-2.3375873 	3.3625342
-0.12732733 	-0.05 	0.182 	52.225581 	-2.3340037 	3.3631862
-0.12612613 	-0.05 	0.182 	52.212299 	-2.3299868 	3.3638866
-0.12492492 	-0.05 	0.182 	52.199017 	-2.3259698 	3.3645869
-0.12372372 	-0.05 	0.182 	52.185736 	-2.3219528 	3.3652872
-0.12252252 	-0.05 	0.182 	52.172454 	-2.3179358 	3.3659876
-0.12132132 	-0.05 	0.182 	52.160586 	-2.3161186 	3.3665684
-0.12012012 	-0.05 	0.182 	52.14946 	-2.3154578 	3.3670863
-0.11891892 	-0.05 	0.182 	52.138334 	-2.314797 	3.3676043
-0.11771772 	-0.05 	0.182 	52.127208 	-2.3141362 	3.3681222
-0.11651652 	-0.05 	0.182 	52.115649 	-2.3132103 	3.3686422
-0.11531532 	-0.05 	0.182 	52.101736 	-2.31084 	3.3691734
-0.11411411 	-0.05 	0.182 	52.087822 	-2.3084698 	3.3697046
-0.11291291 	-0.05 	0.182 	52.073908 	-2.3060996 	3.3702358
-0.11171171 	-0.05 	0.182 	52.059995 	-2.3037293 	3.370767
-0.11051051 	-0.05 	0.182 	52.046081 	-2.3013591 	3.3712982
-0.10930931 	-0.05 	0.182 	52.032167 	-2.2989889 	3.3718295
-0.10810811 	-0.05 	0.182 	52.018254 	-2.2966186 	3.3723607
-0.10690691 	-0.05 	0.182 	52.004622 	-2.2941337 	3.3727859
-0.10570571 	-0.05 	0.182 	51.990997 	-2.291646 	3.3732087
-0.1045045 	-0.05 	0.182 	51.977372 	-2.2891583 	3.3736315
-0.1033033 	-0.05 	0.182 	51.963748 	-2.2866706 	3.3740543
-0.1021021 	-0.05 	0.182 	51.950123 	-2.2841829 	3.374477
-0.1009009 	-0.05 	0.182 	51.936498 	-2.2816952 	3.3748998
-0.0996997 	-0.05 	0.182 	51.922873 	-2.2792075 	3.3753226
-0.098498498 	-0.05 	0.182 	51.909248 	-2.2767198 	3.3757454
-0.097297297 	-0.05 	0.182 	51.895623 	-2.2742321 	3.3761681
-0.096096096 	-0.05 	0.182 	51.880643 	-2.2708753 	3.3766268
-0.094894895 	-0.05 	0.182 	51.865051 	-2.2671265 	3.3771015
-0.093693694 	-0.05 	0.182 	51.849459 	-2.2633776 	3.3775763
-0.092492492 	-0.05 	0.182 	51.833867 	-2.2596288 	3.3780511
-0.091291291 	-0.05 	0.182 	51.81886 	-2.2569159 	3.3784697
-0.09009009 	-0.05 	0.182 	51.805457 	-2.2570477 	3.3787342
-0.088888889 	-0.05 	0.182 	51.792055 	-2.2571794 	3.3789987
-0.087687688 	-0.05 	0.182 	51.778652 	-2.2573112 	3.3792631
-0.086486486 	-0.05 	0.182 	51.76525 	-2.257443 	3.3795276
-0.085285285 	-0.05 	0.182 	51.750507 	-2.2570408 	3.3797341
-0.084084084 	-0.05 	0.182 	51.735608 	-2.2565766 	3.379934
-0.082882883 	-0.05 	0.182 	51.72071 	-2.2561123 	3.3801338
-0.081681682 	-0.05 	0.182 	51.705811 	-2.255648 	3.3803336
-0.08048048 	-0.05 	0.182 	51.690912 	-2.2551838 	3.3805334
-0.079279279 	-0.05 	0.182 	51.676014 	-2.2547195 	3.3807333
-0.078078078 	-0.05 	0.182 	51.661115 	-2.2542553 	3.3809331
-0.076876877 	-0.05 	0.182 	51.646436 	-2.2536735 	3.3810995
-0.075675676 	-0.05 	0.182 	51.63191 	-2.2530094 	3.3812426
-0.074474474 	-0.05 	0.182 	51.617384 	-2.2523454 	3.3813856
-0.073273273 	-0.05 	0.182 	51.602858 	-2.2516814 	3.3815287
-0.072072072 	-0.05 	0.182 	51.588332 	-2.2510173 	3.3816717
-0.070870871 	-0.05 	0.182 	51.573807 	-2.2503533 	3.3818148
-0.06966967 	-0.05 	0.182 	51.559281 	-2.2496893 	3.3819578
-0.068468468 	-0.05 	0.182 	51.544755 	-2.2490252 	3.3821009
-0.067267267 	-0.05 	0.182 	51.530229 	-2.2483612 	3.3822439
-0.066066066 	-0.05 	0.182 	51.515638 	-2.2476933 	3.382388
-0.064864865 	-0.05 	0.182 	51.500619 	-2.2470003 	3.3825385
-0.063663664 	-0.05 	0.182 	51.4856 	-2.2463073 	3.3826891
-0.062462462 	-0.05 	0.182 	51.470581 	-2.2456143 	3.3828397
-0.061261261 	-0.05 	0.182 	51.455562 	-2.2449214 	3.3829902
-0.06006006 	-0.05 	0.182 	51.442786 	-2.2480386 	3.3829508
-0.058858859 	-0.05 	0.182 	51.43032 	-2.2516816 	3.3828853
-0.057657658 	-0.05 	0.182 	51.417854 	-2.2553245 	3.3828197
-0.056456456 	-0.05 	0.182 	51.405387 	-2.2589675 	3.3827541
-0.055255255 	-0.05 	0.182 	51.390061 	-2.2626198 	3.3827427
-0.054054054 	-0.05 	0.182 	51.372401 	-2.2662797 	3.3827755
-0.052852853 	-0.05 	0.182 	51.354741 	-2.2699397 	3.3828082
-0.051651652 	-0.05 	0.182 	51.337081 	-2.2735996 	3.382841
-0.05045045 	-0.05 	0.182 	51.319421 	-2.2772595 	3.3828738
-0.049249249 	-0.05 	0.182 	51.301761 	-2.2809195 	3.3829066
-0.048048048 	-0.05 	0.182 	51.284101 	-2.2845794 	3.3829394
-0.046846847 	-0.05 	0.182 	51.266494 	-2.288205 	3.3829671
-0.045645646 	-0.05 	0.182 	51.249159 	-2.2916536 	3.382969
-0.044444444 	-0.05 	0.182 	51.231824 	-2.2951023 	3.3829709
-0.043243243 	-0.05 	0.182 	51.214489 	-2.298551 	3.3829727
-0.042042042 	-0.05 	0.182 	51.197154 	-2.3019997 	3.3829746
-0.040840841 	-0.05 	0.182 	51.179819 	-2.3054484 	3.3829765
-0.03963964 	-0.05 	0.182 	51.162485 	-2.3088971 	3.3829783
-0.038438438 	-0.05 	0.182 	51.14515 	-2.3123458 	3.3829802
-0.037237237 	-0.05 	0.182 	51.127815 	-2.3157945 	3.3829821
-0.036036036 	-0.05 	0.182 	51.110177 	-2.319302 	3.3829911
-0.034834835 	-0.05 	0.182 	51.088818 	-2.3235332 	3.3830884
-0.033633634 	-0.05 	0.182 	51.067459 	-2.3277643 	3.3831857
-0.032432432 	-0.05 	0.182 	51.0461 	-2.3319955 	3.383283
-0.031231231 	-0.05 	0.182 	51.024742 	-2.3362266 	3.3833803
-0.03003003 	-0.05 	0.182 	51.004166 	-2.3420128 	3.3832697
-0.028828829 	-0.05 	0.182 	50.98471 	-2.3500226 	3.3828619
-0.027627628 	-0.05 	0.182 	50.965254 	-2.3580323 	3.382454
-0.026426426 	-0.05 	0.182 	50.945798 	-2.3660421 	3.3820462
-0.025225225 	-0.05 	0.182 	50.926342 	-2.3740518 	3.3816384
-0.024024024 	-0.05 	0.182 	50.906886 	-2.3820616 	3.3812306
-0.022822823 	-0.05 	0.182 	50.88743 	-2.3900713 	3.3808228
-0.021621622 	-0.05 	0.182 	50.867974 	-2.3980811 	3.380415
-0.02042042 	-0.05 	0.182 	50.844113 	-2.4060051 	3.3802412
-0.019219219 	-0.05 	0.182 	50.820013 	-2.4139245 	3.3800801
-0.018018018 	-0.05 	0.182 	50.795913 	-2.4218439 	3.3799191
-0.016816817 	-0.05 	0.182 	50.771794 	-2.4297903 	3.37976
-0.015615616 	-0.05 	0.182 	50.747481 	-2.4380123 	3.3796216
-0.014414414 	-0.05 	0.182 	50.728552 	-2.4479541 	3.3790868
-0.013213213 	-0.05 	0.182 	50.713136 	-2.4584586 	3.3783604
-0.012012012 	-0.05 	0.182 	50.697322 	-2.4685018 	3.3777737
-0.010810811 	-0.05 	0.182 	50.679918 	-2.4779768 	3.3775347
-0.0096096096 	-0.05 	0.182 	50.662514 	-2.4874518 	3.3772956
-0.0084084084 	-0.05 	0.182 	50.64511 	-2.4969268 	3.3770565
-0.0072072072 	-0.05 	0.182 	50.627706 	-2.5064018 	3.3768175
-0.006006006 	-0.05 	0.182 	50.610302 	-2.5158768 	3.3765784
-0.0048048048 	-0.05 	0.182 	50.592897 	-2.5253518 	3.3763393
-0.0036036036 	-0.05 	0.182 	50.575493 	-2.5348268 	3.3761003
-0.0024024024 	-0.05 	0.182 	50.558089 	-2.5443018 	3.3758612
-0.0012012012 	-0.05 	0.182 	50.540686 	-2.5537765 	3.3756222
-7.9671284e-15 	-0.05 	0.182 	50.523326 	-2.5632371 	3.375387
