-1.2 	-0.05 	0.273 	44.439028 	-1.6211671 	1.5908456
-1.1987988 	-0.05 	0.273 	44.43471 	-1.6469304 	1.5951299
-1.1975976 	-0.05 	0.273 	44.430391 	-1.6726936 	1.5994141
-1.1963964 	-0.05 	0.273 	44.426073 	-1.6984569 	1.6036984
-1.1951952 	-0.05 	0.273 	44.421754 	-1.7242202 	1.6079827
-1.193994 	-0.05 	0.273 	44.417436 	-1.7499835 	1.6122669
-1.1927928 	-0.05 	0.273 	44.413117 	-1.7757468 	1.6165512
-1.1915916 	-0.05 	0.273 	44.408799 	-1.8015101 	1.6208354
-1.1903904 	-0.05 	0.273 	44.40448 	-1.8272734 	1.6251197
-1.1891892 	-0.05 	0.273 	44.400162 	-1.8530367 	1.6294039
-1.187988 	-0.05 	0.273 	44.395843 	-1.8787999 	1.6336882
-1.1867868 	-0.05 	0.273 	44.391524 	-1.9045632 	1.6379725
-1.1855856 	-0.05 	0.273 	44.387206 	-1.9303265 	1.6422567
-1.1843844 	-0.05 	0.273 	44.382887 	-1.9560898 	1.646541
-1.1831832 	-0.05 	0.273 	44.378569 	-1.9818531 	1.6508252
-1.181982 	-0.05 	0.273 	44.37425 	-2.0076164 	1.6551095
-1.1807808 	-0.05 	0.273 	44.369932 	-2.0333797 	1.6593937
-1.1795796 	-0.05 	0.273 	44.365613 	-2.059143 	1.663678
-1.1783784 	-0.05 	0.273 	44.361295 	-2.0849062 	1.6679623
-1.1771772 	-0.05 	0.273 	44.356976 	-2.1106695 	1.6722465
-1.175976 	-0.05 	0.273 	44.352658 	-2.1364328 	1.6765308
-1.1747748 	-0.05 	0.273 	44.348339 	-2.1621961 	1.680815
-1.1735736 	-0.05 	0.273 	44.344021 	-2.1879594 	1.6850993
-1.1723724 	-0.05 	0.273 	44.339702 	-2.2137227 	1.6893835
-1.1711712 	-0.05 	0.273 	44.335384 	-2.239486 	1.6936678
-1.16997 	-0.05 	0.273 	44.331065 	-2.2652492 	1.697952
-1.1687688 	-0.05 	0.273 	44.326746 	-2.2910125 	1.7022363
-1.1675676 	-0.05 	0.273 	44.322428 	-2.3167758 	1.7065206
-1.1663664 	-0.05 	0.273 	44.318109 	-2.3425391 	1.7108048
-1.1651652 	-0.05 	0.273 	44.313953 	-2.368265 	1.7154063
-1.163964 	-0.05 	0.273 	44.309938 	-2.3939584 	1.7202842
-1.1627628 	-0.05 	0.273 	44.305923 	-2.4196517 	1.7251621
-1.1615616 	-0.05 	0.273 	44.301908 	-2.4453451 	1.73004
-1.1603604 	-0.05 	0.273 	44.297893 	-2.4710384 	1.7349179
-1.1591592 	-0.05 	0.273 	44.293878 	-2.4967318 	1.7397958
-1.157958 	-0.05 	0.273 	44.305931 	-2.5210833 	1.7445805
-1.1567568 	-0.05 	0.273 	44.318844 	-2.5453629 	1.7493603
-1.1555556 	-0.05 	0.273 	44.331757 	-2.5696426 	1.7541401
-1.1543544 	-0.05 	0.273 	44.344669 	-2.5939223 	1.7589199
-1.1531532 	-0.05 	0.273 	44.357582 	-2.618202 	1.7636998
-1.151952 	-0.05 	0.273 	44.370495 	-2.6424816 	1.7684796
-1.1507508 	-0.05 	0.273 	44.383408 	-2.6667613 	1.7732594
-1.1495495 	-0.05 	0.273 	44.396321 	-2.691041 	1.7780392
-1.1483483 	-0.05 	0.273 	44.409234 	-2.7153206 	1.782819
-1.1471471 	-0.05 	0.273 	44.422147 	-2.7396003 	1.7875988
-1.1459459 	-0.05 	0.273 	44.43506 	-2.76388 	1.7923786
-1.1447447 	-0.05 	0.273 	44.447972 	-2.7881597 	1.7971584
-1.1435435 	-0.05 	0.273 	44.460885 	-2.8124393 	1.8019382
-1.1423423 	-0.05 	0.273 	44.473798 	-2.836719 	1.806718
-1.1411411 	-0.05 	0.273 	44.486711 	-2.8609987 	1.8114978
-1.1399399 	-0.05 	0.273 	44.499624 	-2.8852784 	1.8162776
-1.1387387 	-0.05 	0.273 	44.512537 	-2.909558 	1.8210574
-1.1375375 	-0.05 	0.273 	44.52545 	-2.9338377 	1.8258372
-1.1363363 	-0.05 	0.273 	44.538363 	-2.9581174 	1.830617
-1.1351351 	-0.05 	0.273 	44.551275 	-2.982397 	1.8353968
-1.1339339 	-0.05 	0.273 	44.564188 	-3.0066767 	1.8401766
-1.1327327 	-0.05 	0.273 	44.577101 	-3.0309564 	1.8449564
-1.1315315 	-0.05 	0.273 	44.590014 	-3.0552361 	1.8497362
-1.1303303 	-0.05 	0.273 	44.602927 	-3.0795157 	1.854516
-1.1291291 	-0.05 	0.273 	44.61584 	-3.1037954 	1.8592958
-1.1279279 	-0.05 	0.273 	44.628753 	-3.1280751 	1.8640756
-1.1267267 	-0.05 	0.273 	44.641666 	-3.1523548 	1.8688554
-1.1255255 	-0.05 	0.273 	44.654578 	-3.1766344 	1.8736352
-1.1243243 	-0.05 	0.273 	44.667491 	-3.2009141 	1.878415
-1.1231231 	-0.05 	0.273 	44.680404 	-3.2251938 	1.8831948
-1.1219219 	-0.05 	0.273 	44.693317 	-3.2494734 	1.8879746
-1.1207207 	-0.05 	0.273 	44.70623 	-3.2737531 	1.8927544
-1.1195195 	-0.05 	0.273 	44.719143 	-3.2980328 	1.8975342
-1.1183183 	-0.05 	0.273 	44.732056 	-3.3223125 	1.902314
-1.1171171 	-0.05 	0.273 	44.744969 	-3.3465921 	1.9070938
-1.1159159 	-0.05 	0.273 	44.757882 	-3.3708718 	1.9118736
-1.1147147 	-0.05 	0.273 	44.770794 	-3.3951515 	1.9166534
-1.1135135 	-0.05 	0.273 	44.783889 	-3.419295 	1.9218887
-1.1123123 	-0.05 	0.273 	44.797052 	-3.4433867 	1.9272974
-1.1111111 	-0.05 	0.273 	44.810216 	-3.4674784 	1.9327062
-1.1099099 	-0.05 	0.273 	44.823379 	-3.4915701 	1.9381149
-1.1087087 	-0.05 	0.273 	44.836543 	-3.5156617 	1.9435237
-1.1075075 	-0.05 	0.273 	44.849706 	-3.5397534 	1.9489324
-1.1063063 	-0.05 	0.273 	44.863097 	-3.5704262 	1.9547116
-1.1051051 	-0.05 	0.273 	44.876494 	-3.6012605 	1.9604998
-1.1039039 	-0.05 	0.273 	44.88989 	-3.6320948 	1.966288
-1.1027027 	-0.05 	0.273 	44.903287 	-3.6629292 	1.9720762
-1.1015015 	-0.05 	0.273 	44.916684 	-3.6937635 	1.9778645
-1.1003003 	-0.05 	0.273 	44.93008 	-3.7245978 	1.9836527
-1.0990991 	-0.05 	0.273 	44.943477 	-3.7554321 	1.9894409
-1.0978979 	-0.05 	0.273 	44.956793 	-3.7837534 	1.9950724
-1.0966967 	-0.05 	0.273 	44.969534 	-3.7939026 	1.9995707
-1.0954955 	-0.05 	0.273 	44.982274 	-3.8040518 	2.004069
-1.0942943 	-0.05 	0.273 	44.995014 	-3.814201 	2.0085673
-1.0930931 	-0.05 	0.273 	45.007755 	-3.8243502 	2.0130656
-1.0918919 	-0.05 	0.273 	45.020495 	-3.8344995 	2.0175639
-1.0906907 	-0.05 	0.273 	45.033235 	-3.8446487 	2.0220622
-1.0894895 	-0.05 	0.273 	45.045976 	-3.8547979 	2.0265606
-1.0882883 	-0.05 	0.273 	45.063705 	-3.8676802 	2.0316263
-1.0870871 	-0.05 	0.273 	45.088606 	-3.8844908 	2.0375075
-1.0858859 	-0.05 	0.273 	45.113458 	-3.9013356 	2.0430726
-1.0846847 	-0.05 	0.273 	45.138256 	-3.9182189 	2.0482845
-1.0834835 	-0.05 	0.273 	45.163054 	-3.9351021 	2.0534964
-1.0822823 	-0.05 	0.273 	45.187852 	-3.9519854 	2.0587084
-1.0810811 	-0.05 	0.273 	45.21265 	-3.9688686 	2.0639203
-1.0798799 	-0.05 	0.273 	45.237448 	-3.9857519 	2.0691322
-1.0786787 	-0.05 	0.273 	45.262246 	-4.0026351 	2.0743442
-1.0774775 	-0.05 	0.273 	45.287044 	-4.0195184 	2.0795561
-1.0762763 	-0.05 	0.273 	45.311842 	-4.0364016 	2.084768
-1.0750751 	-0.05 	0.273 	45.33664 	-4.0532849 	2.0899799
-1.0738739 	-0.05 	0.273 	45.361438 	-4.0701681 	2.0951919
-1.0726727 	-0.05 	0.273 	45.386236 	-4.0870514 	2.1004038
-1.0714715 	-0.05 	0.273 	45.411034 	-4.1039346 	2.1056157
-1.0702703 	-0.05 	0.273 	45.435832 	-4.1208179 	2.1108277
-1.0690691 	-0.05 	0.273 	45.46063 	-4.1377011 	2.1160396
-1.0678679 	-0.05 	0.273 	45.485428 	-4.1545844 	2.1212515
-1.0666667 	-0.05 	0.273 	45.510226 	-4.1714676 	2.1264635
-1.0654655 	-0.05 	0.273 	45.535024 	-4.1883509 	2.1316754
-1.0642643 	-0.05 	0.273 	45.559822 	-4.2052341 	2.1368873
-1.0630631 	-0.05 	0.273 	45.58462 	-4.2221173 	2.1420993
-1.0618619 	-0.05 	0.273 	45.609418 	-4.2390006 	2.1473112
-1.0606607 	-0.05 	0.273 	45.634216 	-4.2558838 	2.1525231
-1.0594595 	-0.05 	0.273 	45.659014 	-4.2727671 	2.157735
-1.0582583 	-0.05 	0.273 	45.683812 	-4.2896503 	2.162947
-1.0570571 	-0.05 	0.273 	45.70861 	-4.3065336 	2.1681589
-1.0558559 	-0.05 	0.273 	45.733408 	-4.3234168 	2.1733708
-1.0546547 	-0.05 	0.273 	45.758206 	-4.3403001 	2.1785828
-1.0534535 	-0.05 	0.273 	45.783004 	-4.3571833 	2.1837947
-1.0522523 	-0.05 	0.273 	45.807802 	-4.3740666 	2.1890066
-1.0510511 	-0.05 	0.273 	45.8326 	-4.3909498 	2.1942186
-1.0498498 	-0.05 	0.273 	45.857398 	-4.4078331 	2.1994305
-1.0486486 	-0.05 	0.273 	45.882196 	-4.4247163 	2.2046424
-1.0474474 	-0.05 	0.273 	45.906994 	-4.4415996 	2.2098543
-1.0462462 	-0.05 	0.273 	45.931792 	-4.4584828 	2.2150663
-1.045045 	-0.05 	0.273 	45.95945 	-4.4757384 	2.2205919
-1.0438438 	-0.05 	0.273 	45.988222 	-4.4931391 	2.2262397
-1.0426426 	-0.05 	0.273 	46.016994 	-4.5105397 	2.2318876
-1.0414414 	-0.05 	0.273 	46.045766 	-4.5279404 	2.2375354
-1.0402402 	-0.05 	0.273 	46.074538 	-4.545341 	2.2431832
-1.039039 	-0.05 	0.273 	46.10331 	-4.5627417 	2.248831
-1.0378378 	-0.05 	0.273 	46.132082 	-4.5801423 	2.2544788
-1.0366366 	-0.05 	0.273 	46.159639 	-4.5936225 	2.2601098
-1.0354354 	-0.05 	0.273 	46.184737 	-4.5991769 	2.2657065
-1.0342342 	-0.05 	0.273 	46.209835 	-4.6047314 	2.2713032
-1.033033 	-0.05 	0.273 	46.234933 	-4.6102858 	2.2768999
-1.0318318 	-0.05 	0.273 	46.260031 	-4.6158403 	2.2824966
-1.0306306 	-0.05 	0.273 	46.285129 	-4.6213947 	2.2880934
-1.0294294 	-0.05 	0.273 	46.310228 	-4.6269491 	2.2936901
-1.0282282 	-0.05 	0.273 	46.335515 	-4.6326058 	2.2992954
-1.027027 	-0.05 	0.273 	46.366032 	-4.6410925 	2.3051399
-1.0258258 	-0.05 	0.273 	46.396549 	-4.6495792 	2.3109843
-1.0246246 	-0.05 	0.273 	46.42711 	-4.6580993 	2.3163818
-1.0234234 	-0.05 	0.273 	46.457692 	-4.6666355 	2.3215642
-1.0222222 	-0.05 	0.273 	46.488274 	-4.6751717 	2.3267465
-1.021021 	-0.05 	0.273 	46.518856 	-4.6837079 	2.3319289
-1.0198198 	-0.05 	0.273 	46.549438 	-4.6922442 	2.3371112
-1.0186186 	-0.05 	0.273 	46.58002 	-4.7007804 	2.3422936
-1.0174174 	-0.05 	0.273 	46.610602 	-4.7093166 	2.3474759
-1.0162162 	-0.05 	0.273 	46.641183 	-4.7178528 	2.3526583
-1.015015 	-0.05 	0.273 	46.671765 	-4.726389 	2.3578407
-1.0138138 	-0.05 	0.273 	46.702347 	-4.7349252 	2.363023
-1.0126126 	-0.05 	0.273 	46.732929 	-4.7434614 	2.3682054
-1.0114114 	-0.05 	0.273 	46.763511 	-4.7519976 	2.3733877
-1.0102102 	-0.05 	0.273 	46.794093 	-4.7605338 	2.3785701
-1.009009 	-0.05 	0.273 	46.824675 	-4.76907 	2.3837525
-1.0078078 	-0.05 	0.273 	46.855257 	-4.7776062 	2.3889348
-1.0066066 	-0.05 	0.273 	46.885839 	-4.7861425 	2.3941172
-1.0054054 	-0.05 	0.273 	46.91642 	-4.7946787 	2.3992995
-1.0042042 	-0.05 	0.273 	46.947002 	-4.8032149 	2.4044819
-1.003003 	-0.05 	0.273 	46.977584 	-4.8117511 	2.4096643
-1.0018018 	-0.05 	0.273 	47.008166 	-4.8202873 	2.4148466
-1.0006006 	-0.05 	0.273 	47.038748 	-4.8288235 	2.420029
-0.9993994 	-0.05 	0.273 	47.06933 	-4.8373597 	2.4252113
-0.9981982 	-0.05 	0.273 	47.099912 	-4.8458959 	2.4303937
-0.996997 	-0.05 	0.273 	47.130494 	-4.8544321 	2.4355761
-0.9957958 	-0.05 	0.273 	47.161076 	-4.8629683 	2.4407584
-0.99459459 	-0.05 	0.273 	47.191657 	-4.8715046 	2.4459408
-0.99339339 	-0.05 	0.273 	47.222239 	-4.8800408 	2.4511231
-0.99219219 	-0.05 	0.273 	47.252821 	-4.888577 	2.4563055
-0.99099099 	-0.05 	0.273 	47.283403 	-4.8971132 	2.4614878
-0.98978979 	-0.05 	0.273 	47.313985 	-4.9056494 	2.4666702
-0.98858859 	-0.05 	0.273 	47.344567 	-4.9141856 	2.4718526
-0.98738739 	-0.05 	0.273 	47.375149 	-4.9227218 	2.4770349
-0.98618619 	-0.05 	0.273 	47.405731 	-4.931258 	2.4822173
-0.98498498 	-0.05 	0.273 	47.436312 	-4.9397942 	2.4873996
-0.98378378 	-0.05 	0.273 	47.467981 	-4.9479658 	2.4927467
-0.98258258 	-0.05 	0.273 	47.500318 	-4.9559131 	2.498195
-0.98138138 	-0.05 	0.273 	47.532654 	-4.9638604 	2.5036433
-0.98018018 	-0.05 	0.273 	47.564991 	-4.9718077 	2.5090916
-0.97897898 	-0.05 	0.273 	47.597328 	-4.979755 	2.5145399
-0.97777778 	-0.05 	0.273 	47.629665 	-4.9877023 	2.5199882
-0.97657658 	-0.05 	0.273 	47.662001 	-4.9956496 	2.5254365
-0.97537538 	-0.05 	0.273 	47.691062 	-5.0024771 	2.5307892
-0.97417417 	-0.05 	0.273 	47.716822 	-5.0081762 	2.5360457
-0.97297297 	-0.05 	0.273 	47.742581 	-5.0138752 	2.5413022
-0.97177177 	-0.05 	0.273 	47.768341 	-5.0195743 	2.5465587
-0.97057057 	-0.05 	0.273 	47.794101 	-5.0252734 	2.5518152
-0.96936937 	-0.05 	0.273 	47.81986 	-5.0309725 	2.5570716
-0.96816817 	-0.05 	0.273 	47.84562 	-5.0366715 	2.5623281
-0.96696697 	-0.05 	0.273 	47.872867 	-5.0415101 	2.5674557
-0.96576577 	-0.05 	0.273 	47.901777 	-5.0453862 	2.5724392
-0.96456456 	-0.05 	0.273 	47.930688 	-5.0492623 	2.5774226
-0.96336336 	-0.05 	0.273 	47.959598 	-5.0531383 	2.5824061
-0.96216216 	-0.05 	0.273 	47.988508 	-5.0570144 	2.5873895
-0.96096096 	-0.05 	0.273 	48.017418 	-5.0608904 	2.5923729
-0.95975976 	-0.05 	0.273 	48.046329 	-5.0647665 	2.5973564
-0.95855856 	-0.05 	0.273 	48.075239 	-5.0686426 	2.6023398
-0.95735736 	-0.05 	0.273 	48.104149 	-5.0725186 	2.6073233
-0.95615616 	-0.05 	0.273 	48.133059 	-5.0763947 	2.6123067
-0.95495495 	-0.05 	0.273 	48.16197 	-5.0802707 	2.6172902
-0.95375375 	-0.05 	0.273 	48.19088 	-5.0841468 	2.6222736
-0.95255255 	-0.05 	0.273 	48.21979 	-5.0880228 	2.627257
-0.95135135 	-0.05 	0.273 	48.2487 	-5.0918989 	2.6322405
-0.95015015 	-0.05 	0.273 	48.277611 	-5.095775 	2.6372239
-0.94894895 	-0.05 	0.273 	48.306521 	-5.099651 	2.6422074
-0.94774775 	-0.05 	0.273 	48.335431 	-5.1035271 	2.6471908
-0.94654655 	-0.05 	0.273 	48.364342 	-5.1074031 	2.6521743
-0.94534535 	-0.05 	0.273 	48.393252 	-5.1112792 	2.6571577
-0.94414414 	-0.05 	0.273 	48.422162 	-5.1151552 	2.6621411
-0.94294294 	-0.05 	0.273 	48.451072 	-5.1190313 	2.6671246
-0.94174174 	-0.05 	0.273 	48.479983 	-5.1229074 	2.672108
-0.94054054 	-0.05 	0.273 	48.508893 	-5.1267834 	2.6770915
-0.93933934 	-0.05 	0.273 	48.537803 	-5.1306595 	2.6820749
-0.93813814 	-0.05 	0.273 	48.566713 	-5.1345355 	2.6870584
-0.93693694 	-0.05 	0.273 	48.595624 	-5.1384116 	2.6920418
-0.93573574 	-0.05 	0.273 	48.624534 	-5.1422877 	2.6970252
-0.93453453 	-0.05 	0.273 	48.653444 	-5.1461637 	2.7020087
-0.93333333 	-0.05 	0.273 	48.682355 	-5.1500398 	2.7069921
-0.93213213 	-0.05 	0.273 	48.711265 	-5.1539158 	2.7119756
-0.93093093 	-0.05 	0.273 	48.740175 	-5.1577919 	2.716959
-0.92972973 	-0.05 	0.273 	48.769085 	-5.1616679 	2.7219425
-0.92852853 	-0.05 	0.273 	48.797996 	-5.165544 	2.7269259
-0.92732733 	-0.05 	0.273 	48.826906 	-5.1694201 	2.7319093
-0.92612613 	-0.05 	0.273 	48.855782 	-5.1732602 	2.73712
-0.92492492 	-0.05 	0.273 	48.884596 	-5.1770347 	2.7427461
-0.92372372 	-0.05 	0.273 	48.91341 	-5.1808091 	2.7483722
-0.92252252 	-0.05 	0.273 	48.942462 	-5.1839787 	2.7538632
-0.92132132 	-0.05 	0.273 	48.971839 	-5.1863297 	2.7591714
-0.92012012 	-0.05 	0.273 	49.001215 	-5.1886807 	2.7644796
-0.91891892 	-0.05 	0.273 	49.030591 	-5.1910317 	2.7697878
-0.91771772 	-0.05 	0.273 	49.059968 	-5.1933827 	2.7750959
-0.91651652 	-0.05 	0.273 	49.089344 	-5.1957337 	2.7804041
-0.91531532 	-0.05 	0.273 	49.11872 	-5.1980847 	2.7857123
-0.91411411 	-0.05 	0.273 	49.14391 	-5.2006587 	2.7908886
-0.91291291 	-0.05 	0.273 	49.167331 	-5.2033269 	2.7960092
-0.91171171 	-0.05 	0.273 	49.190752 	-5.2059951 	2.8011299
-0.91051051 	-0.05 	0.273 	49.214173 	-5.2086633 	2.8062505
-0.90930931 	-0.05 	0.273 	49.237595 	-5.2113315 	2.8113711
-0.90810811 	-0.05 	0.273 	49.261016 	-5.2139997 	2.8164917
-0.90690691 	-0.05 	0.273 	49.284502 	-5.2164937 	2.8216307
-0.90570571 	-0.05 	0.273 	49.309247 	-5.215618 	2.8271234
-0.9045045 	-0.05 	0.273 	49.333992 	-5.2147422 	2.8326161
-0.9033033 	-0.05 	0.273 	49.358741 	-5.2138713 	2.8380745
-0.9021021 	-0.05 	0.273 	49.383571 	-5.2130839 	2.8429447
-0.9009009 	-0.05 	0.273 	49.408401 	-5.2122964 	2.847815
-0.8996997 	-0.05 	0.273 	49.43323 	-5.211509 	2.8526852
-0.8984985 	-0.05 	0.273 	49.45806 	-5.2107215 	2.8575554
-0.8972973 	-0.05 	0.273 	49.48289 	-5.2099341 	2.8624257
-0.8960961 	-0.05 	0.273 	49.507719 	-5.2091466 	2.8672959
-0.89489489 	-0.05 	0.273 	49.532549 	-5.2083592 	2.8721661
-0.89369369 	-0.05 	0.273 	49.557379 	-5.2075717 	2.8770363
-0.89249249 	-0.05 	0.273 	49.582208 	-5.2067843 	2.8819066
-0.89129129 	-0.05 	0.273 	49.607038 	-5.2059968 	2.8867768
-0.89009009 	-0.05 	0.273 	49.631868 	-5.2052094 	2.891647
-0.88888889 	-0.05 	0.273 	49.656698 	-5.2044219 	2.8965172
-0.88768769 	-0.05 	0.273 	49.681527 	-5.2036345 	2.9013875
-0.88648649 	-0.05 	0.273 	49.706357 	-5.2028471 	2.9062577
-0.88528529 	-0.05 	0.273 	49.731187 	-5.2020596 	2.9111279
-0.88408408 	-0.05 	0.273 	49.756016 	-5.2012722 	2.9159981
-0.88288288 	-0.05 	0.273 	49.780846 	-5.2004847 	2.9208684
-0.88168168 	-0.05 	0.273 	49.805676 	-5.1996973 	2.9257386
-0.88048048 	-0.05 	0.273 	49.830505 	-5.1989098 	2.9306088
-0.87927928 	-0.05 	0.273 	49.855335 	-5.1981224 	2.9354791
-0.87807808 	-0.05 	0.273 	49.880165 	-5.1973349 	2.9403493
-0.87687688 	-0.05 	0.273 	49.904995 	-5.1965475 	2.9452195
-0.87567568 	-0.05 	0.273 	49.929824 	-5.19576 	2.9500897
-0.87447447 	-0.05 	0.273 	49.954654 	-5.1949726 	2.95496
-0.87327327 	-0.05 	0.273 	49.979484 	-5.1941851 	2.9598302
-0.87207207 	-0.05 	0.273 	50.004313 	-5.1933977 	2.9647004
-0.87087087 	-0.05 	0.273 	50.029143 	-5.1926102 	2.9695706
-0.86966967 	-0.05 	0.273 	50.053973 	-5.1918228 	2.9744409
-0.86846847 	-0.05 	0.273 	50.078802 	-5.1910353 	2.9793111
-0.86726727 	-0.05 	0.273 	50.103632 	-5.1902479 	2.9841813
-0.86606607 	-0.05 	0.273 	50.128462 	-5.1894604 	2.9890515
-0.86486486 	-0.05 	0.273 	50.153292 	-5.188673 	2.9939218
-0.86366366 	-0.05 	0.273 	50.178121 	-5.1878855 	2.998792
-0.86246246 	-0.05 	0.273 	50.202951 	-5.1870981 	3.0036622
-0.86126126 	-0.05 	0.273 	50.227725 	-5.1850248 	3.0086997
-0.86006006 	-0.05 	0.273 	50.252443 	-5.1816358 	3.0139082
-0.85885886 	-0.05 	0.273 	50.27716 	-5.1782468 	3.0191168
-0.85765766 	-0.05 	0.273 	50.301878 	-5.1748578 	3.0243253
-0.85645646 	-0.05 	0.273 	50.326596 	-5.1714689 	3.0295339
-0.85525526 	-0.05 	0.273 	50.351313 	-5.1680799 	3.0347424
-0.85405405 	-0.05 	0.273 	50.376031 	-5.1646909 	3.039951
-0.85285285 	-0.05 	0.273 	50.397973 	-5.1637679 	3.0450032
-0.85165165 	-0.05 	0.273 	50.419664 	-5.1630679 	3.0500412
-0.85045045 	-0.05 	0.273 	50.441355 	-5.1623678 	3.0550793
-0.84924925 	-0.05 	0.273 	50.463046 	-5.1616678 	3.0601174
-0.84804805 	-0.05 	0.273 	50.484737 	-5.1609677 	3.0651554
-0.84684685 	-0.05 	0.273 	50.506428 	-5.1602677 	3.0701935
-0.84564565 	-0.05 	0.273 	50.527527 	-5.1582844 	3.0753179
-0.84444444 	-0.05 	0.273 	50.547747 	-5.154397 	3.0805705
-0.84324324 	-0.05 	0.273 	50.567967 	-5.1505095 	3.0858231
-0.84204204 	-0.05 	0.273 	50.588216 	-5.1466378 	3.0909168
-0.84084084 	-0.05 	0.273 	50.608544 	-5.1428084 	3.0955815
-0.83963964 	-0.05 	0.273 	50.628871 	-5.1389791 	3.1002462
-0.83843844 	-0.05 	0.273 	50.649198 	-5.1351497 	3.1049109
-0.83723724 	-0.05 	0.273 	50.669525 	-5.1313204 	3.1095757
-0.83603604 	-0.05 	0.273 	50.689852 	-5.127491 	3.1142404
-0.83483483 	-0.05 	0.273 	50.710179 	-5.1236617 	3.1189051
-0.83363363 	-0.05 	0.273 	50.730506 	-5.1198323 	3.1235698
-0.83243243 	-0.05 	0.273 	50.750834 	-5.116003 	3.1282345
-0.83123123 	-0.05 	0.273 	50.771161 	-5.1121736 	3.1328992
-0.83003003 	-0.05 	0.273 	50.791488 	-5.1083443 	3.1375639
-0.82882883 	-0.05 	0.273 	50.811815 	-5.1045149 	3.1422286
-0.82762763 	-0.05 	0.273 	50.832142 	-5.1006856 	3.1468933
-0.82642643 	-0.05 	0.273 	50.852469 	-5.0968562 	3.151558
-0.82522523 	-0.05 	0.273 	50.872797 	-5.0930269 	3.1562227
-0.82402402 	-0.05 	0.273 	50.893124 	-5.0891975 	3.1608874
-0.82282282 	-0.05 	0.273 	50.913451 	-5.0853682 	3.1655521
-0.82162162 	-0.05 	0.273 	50.933778 	-5.0815388 	3.1702168
-0.82042042 	-0.05 	0.273 	50.954105 	-5.0777095 	3.1748815
-0.81921922 	-0.05 	0.273 	50.974432 	-5.0738801 	3.1795462
-0.81801802 	-0.05 	0.273 	50.994759 	-5.0700508 	3.184211
-0.81681682 	-0.05 	0.273 	51.015087 	-5.0662214 	3.1888757
-0.81561562 	-0.05 	0.273 	51.035414 	-5.0623921 	3.1935404
-0.81441441 	-0.05 	0.273 	51.055741 	-5.0585627 	3.1982051
-0.81321321 	-0.05 	0.273 	51.076068 	-5.0547334 	3.2028698
-0.81201201 	-0.05 	0.273 	51.096395 	-5.050904 	3.2075345
-0.81081081 	-0.05 	0.273 	51.116722 	-5.0470747 	3.2121992
-0.80960961 	-0.05 	0.273 	51.137049 	-5.0432453 	3.2168639
-0.80840841 	-0.05 	0.273 	51.157377 	-5.039416 	3.2215286
-0.80720721 	-0.05 	0.273 	51.177704 	-5.0355866 	3.2261933
-0.80600601 	-0.05 	0.273 	51.198031 	-5.0317573 	3.230858
-0.8048048 	-0.05 	0.273 	51.218358 	-5.0279279 	3.2355227
-0.8036036 	-0.05 	0.273 	51.238685 	-5.0240986 	3.2401874
-0.8024024 	-0.05 	0.273 	51.259012 	-5.0202693 	3.2448521
-0.8012012 	-0.05 	0.273 	51.27934 	-5.0164399 	3.2495168
-0.8 	-0.05 	0.273 	51.299121 	-5.0120574 	3.2542542
-0.7987988 	-0.05 	0.273 	51.31798 	-5.0067388 	3.2591147
-0.7975976 	-0.05 	0.273 	51.33684 	-5.0014201 	3.2639752
-0.7963964 	-0.05 	0.273 	51.355699 	-4.9961015 	3.2688357
-0.7951952 	-0.05 	0.273 	51.374558 	-4.9907828 	3.2736961
-0.79399399 	-0.05 	0.273 	51.393417 	-4.9854641 	3.2785566
-0.79279279 	-0.05 	0.273 	51.412239 	-4.9806934 	3.2833906
-0.79159159 	-0.05 	0.273 	51.430844 	-4.9791935 	3.2880668
-0.79039039 	-0.05 	0.273 	51.449449 	-4.9776937 	3.292743
-0.78918919 	-0.05 	0.273 	51.468053 	-4.9761938 	3.2974193
-0.78798799 	-0.05 	0.273 	51.486658 	-4.9746939 	3.3020955
-0.78678679 	-0.05 	0.273 	51.505263 	-4.9731941 	3.3067717
-0.78558559 	-0.05 	0.273 	51.523867 	-4.9716942 	3.3114479
-0.78438438 	-0.05 	0.273 	51.540453 	-4.9672402 	3.3164159
-0.78318318 	-0.05 	0.273 	51.556986 	-4.9627073 	3.3213918
-0.78198198 	-0.05 	0.273 	51.573518 	-4.9581745 	3.3263676
-0.78078078 	-0.05 	0.273 	51.590116 	-4.9536561 	3.331074
-0.77957958 	-0.05 	0.273 	51.606779 	-4.9491526 	3.3355053
-0.77837838 	-0.05 	0.273 	51.623443 	-4.944649 	3.3399366
-0.77717718 	-0.05 	0.273 	51.640106 	-4.9401455 	3.3443679
-0.77597598 	-0.05 	0.273 	51.65677 	-4.935642 	3.3487992
-0.77477477 	-0.05 	0.273 	51.673434 	-4.9311384 	3.3532305
-0.77357357 	-0.05 	0.273 	51.690097 	-4.9266349 	3.3576618
-0.77237237 	-0.05 	0.273 	51.706761 	-4.9221313 	3.3620931
-0.77117117 	-0.05 	0.273 	51.723425 	-4.9176278 	3.3665244
-0.76996997 	-0.05 	0.273 	51.740088 	-4.9131243 	3.3709557
-0.76876877 	-0.05 	0.273 	51.756752 	-4.9086207 	3.375387
-0.76756757 	-0.05 	0.273 	51.773416 	-4.9041172 	3.3798183
-0.76636637 	-0.05 	0.273 	51.790079 	-4.8996136 	3.3842496
-0.76516517 	-0.05 	0.273 	51.806743 	-4.8951101 	3.3886809
-0.76396396 	-0.05 	0.273 	51.823406 	-4.8906066 	3.3931122
-0.76276276 	-0.05 	0.273 	51.84007 	-4.886103 	3.3975435
-0.76156156 	-0.05 	0.273 	51.856734 	-4.8815995 	3.4019748
-0.76036036 	-0.05 	0.273 	51.873397 	-4.8770959 	3.4064061
-0.75915916 	-0.05 	0.273 	51.890061 	-4.8725924 	3.4108374
-0.75795796 	-0.05 	0.273 	51.906725 	-4.8680889 	3.4152687
-0.75675676 	-0.05 	0.273 	51.923388 	-4.8635853 	3.4197
-0.75555556 	-0.05 	0.273 	51.940052 	-4.8590818 	3.4241313
-0.75435435 	-0.05 	0.273 	51.956716 	-4.8545782 	3.4285626
-0.75315315 	-0.05 	0.273 	51.973379 	-4.8500747 	3.4329939
-0.75195195 	-0.05 	0.273 	51.990043 	-4.8455712 	3.4374252
-0.75075075 	-0.05 	0.273 	52.006706 	-4.8410676 	3.4418565
-0.74954955 	-0.05 	0.273 	52.02337 	-4.8365641 	3.4462878
-0.74834835 	-0.05 	0.273 	52.040034 	-4.8320606 	3.4507191
-0.74714715 	-0.05 	0.273 	52.056697 	-4.827557 	3.4551504
-0.74594595 	-0.05 	0.273 	52.073361 	-4.8230535 	3.4595817
-0.74474474 	-0.05 	0.273 	52.090025 	-4.8185499 	3.464013
-0.74354354 	-0.05 	0.273 	52.106688 	-4.8140464 	3.4684443
-0.74234234 	-0.05 	0.273 	52.123352 	-4.8095429 	3.4728756
-0.74114114 	-0.05 	0.273 	52.140016 	-4.8050393 	3.4773069
-0.73993994 	-0.05 	0.273 	52.156679 	-4.8005358 	3.4817382
-0.73873874 	-0.05 	0.273 	52.174409 	-4.7954715 	3.4867532
-0.73753754 	-0.05 	0.273 	52.193566 	-4.7896563 	3.4925499
-0.73633634 	-0.05 	0.273 	52.212724 	-4.7838412 	3.4983465
-0.73513514 	-0.05 	0.273 	52.231881 	-4.778026 	3.5041432
-0.73393393 	-0.05 	0.273 	52.251061 	-4.7722162 	3.5098868
-0.73273273 	-0.05 	0.273 	52.270245 	-4.7664075 	3.5156198
-0.73153153 	-0.05 	0.273 	52.288496 	-4.760506 	3.5209883
-0.73033033 	-0.05 	0.273 	52.30504 	-4.754435 	3.5256905
-0.72912913 	-0.05 	0.273 	52.321583 	-4.748364 	3.5303927
-0.72792793 	-0.05 	0.273 	52.338127 	-4.7422929 	3.5350949
-0.72672673 	-0.05 	0.273 	52.354671 	-4.7362219 	3.5397972
-0.72552553 	-0.05 	0.273 	52.368975 	-4.7303763 	3.5441255
-0.72432432 	-0.05 	0.273 	52.382343 	-4.7247562 	3.5484479
-0.72312312 	-0.05 	0.273 	52.397812 	-4.719188 	3.5534225
-0.72192192 	-0.05 	0.273 	52.41328 	-4.7136198 	3.5583971
-0.72072072 	-0.05 	0.273 	52.428748 	-4.7080516 	3.5633717
-0.71951952 	-0.05 	0.273 	52.444217 	-4.7024834 	3.5683463
-0.71831832 	-0.05 	0.273 	52.459685 	-4.6969152 	3.5733209
-0.71711712 	-0.05 	0.273 	52.475153 	-4.691347 	3.5782955
-0.71591592 	-0.05 	0.273 	52.490622 	-4.6857788 	3.58327
-0.71471471 	-0.05 	0.273 	52.50609 	-4.6802106 	3.5882446
-0.71351351 	-0.05 	0.273 	52.521558 	-4.6746424 	3.5932192
-0.71231231 	-0.05 	0.273 	52.537027 	-4.6690742 	3.5981938
-0.71111111 	-0.05 	0.273 	52.552495 	-4.663506 	3.6031684
-0.70990991 	-0.05 	0.273 	52.567963 	-4.6579378 	3.608143
-0.70870871 	-0.05 	0.273 	52.583432 	-4.6523696 	3.6131175
-0.70750751 	-0.05 	0.273 	52.5989 	-4.6468013 	3.6180921
-0.70630631 	-0.05 	0.273 	52.610943 	-4.6415652 	3.6228862
-0.70510511 	-0.05 	0.273 	52.622079 	-4.6364171 	3.6276325
-0.7039039 	-0.05 	0.273 	52.633215 	-4.6312689 	3.6323788
-0.7027027 	-0.05 	0.273 	52.644352 	-4.6261207 	3.6371251
-0.7015015 	-0.05 	0.273 	52.655488 	-4.6209725 	3.6418714
-0.7003003 	-0.05 	0.273 	52.667046 	-4.6158568 	3.6463942
-0.6990991 	-0.05 	0.273 	52.678618 	-4.6107421 	3.6509094
-0.6978979 	-0.05 	0.273 	52.690191 	-4.6056275 	3.6554246
-0.6966967 	-0.05 	0.273 	52.701763 	-4.6005129 	3.6599399
-0.6954955 	-0.05 	0.273 	52.713148 	-4.5954008 	3.6644201
-0.69429429 	-0.05 	0.273 	52.723418 	-4.5903039 	3.668692
-0.69309309 	-0.05 	0.273 	52.733687 	-4.585207 	3.672964
-0.69189189 	-0.05 	0.273 	52.743957 	-4.5801102 	3.677236
-0.69069069 	-0.05 	0.273 	52.754226 	-4.5750133 	3.6815079
-0.68948949 	-0.05 	0.273 	52.764496 	-4.5699164 	3.6857799
-0.68828829 	-0.05 	0.273 	52.774766 	-4.5648195 	3.6900518
-0.68708709 	-0.05 	0.273 	52.785035 	-4.5597226 	3.6943238
-0.68588589 	-0.05 	0.273 	52.795305 	-4.5546258 	3.6985958
-0.68468468 	-0.05 	0.273 	52.805575 	-4.5495289 	3.7028677
-0.68348348 	-0.05 	0.273 	52.815844 	-4.544432 	3.7071397
-0.68228228 	-0.05 	0.273 	52.826114 	-4.5393351 	3.7114116
-0.68108108 	-0.05 	0.273 	52.836383 	-4.5342383 	3.7156836
-0.67987988 	-0.05 	0.273 	52.846653 	-4.5291414 	3.7199556
-0.67867868 	-0.05 	0.273 	52.856923 	-4.5240445 	3.7242275
-0.67747748 	-0.05 	0.273 	52.867398 	-4.5187358 	3.7285029
-0.67627628 	-0.05 	0.273 	52.87768 	-4.5130042 	3.7329052
-0.67507508 	-0.05 	0.273 	52.887085 	-4.5072626 	3.7374842
-0.67387387 	-0.05 	0.273 	52.89649 	-4.501521 	3.7420633
-0.67267267 	-0.05 	0.273 	52.905894 	-4.4957794 	3.7466423
-0.67147147 	-0.05 	0.273 	52.915299 	-4.4900378 	3.7512213
-0.67027027 	-0.05 	0.273 	52.924657 	-4.4857628 	3.7556117
-0.66906907 	-0.05 	0.273 	52.933981 	-4.4825423 	3.7598665
-0.66786787 	-0.05 	0.273 	52.943305 	-4.4793218 	3.7641213
-0.66666667 	-0.05 	0.273 	52.952629 	-4.4761013 	3.7683761
-0.66546547 	-0.05 	0.273 	52.961953 	-4.4728808 	3.7726308
-0.66426426 	-0.05 	0.273 	52.971013 	-4.4685277 	3.7767572
-0.66306306 	-0.05 	0.273 	52.97962 	-4.4634413 	3.7808411
-0.66186186 	-0.05 	0.273 	52.988173 	-4.4583009 	3.7849247
-0.66066066 	-0.05 	0.273 	52.996726 	-4.4531605 	3.7890084
-0.65945946 	-0.05 	0.273 	53.005279 	-4.4480202 	3.793092
-0.65825826 	-0.05 	0.273 	53.013831 	-4.4428798 	3.7971756
-0.65705706 	-0.05 	0.273 	53.022384 	-4.4377394 	3.8012593
-0.65585586 	-0.05 	0.273 	53.030937 	-4.432599 	3.8053429
-0.65465465 	-0.05 	0.273 	53.03949 	-4.4274586 	3.8094265
-0.65345345 	-0.05 	0.273 	53.048043 	-4.4223182 	3.8135102
-0.65225225 	-0.05 	0.273 	53.056596 	-4.4171779 	3.8175938
-0.65105105 	-0.05 	0.273 	53.065149 	-4.4120375 	3.8216775
-0.64984985 	-0.05 	0.273 	53.073702 	-4.4068971 	3.8257611
-0.64864865 	-0.05 	0.273 	53.082255 	-4.4017567 	3.8298447
-0.64744745 	-0.05 	0.273 	53.090808 	-4.3966163 	3.8339284
-0.64624625 	-0.05 	0.273 	53.099353 	-4.3914515 	3.8380174
-0.64504505 	-0.05 	0.273 	53.107414 	-4.3847668 	3.842444
-0.64384384 	-0.05 	0.273 	53.115474 	-4.3780821 	3.8468706
-0.64264264 	-0.05 	0.273 	53.123535 	-4.3713974 	3.8512972
-0.64144144 	-0.05 	0.273 	53.131595 	-4.3647127 	3.8557238
-0.64024024 	-0.05 	0.273 	53.139587 	-4.3587099 	3.8600822
-0.63903904 	-0.05 	0.273 	53.14729 	-4.3555942 	3.8641516
-0.63783784 	-0.05 	0.273 	53.154993 	-4.3524784 	3.868221
-0.63663664 	-0.05 	0.273 	53.162697 	-4.3493626 	3.8722904
-0.63543544 	-0.05 	0.273 	53.1704 	-4.3462469 	3.8763598
-0.63423423 	-0.05 	0.273 	53.177917 	-4.3422527 	3.880379
-0.63303303 	-0.05 	0.273 	53.185114 	-4.3367477 	3.884312
-0.63183183 	-0.05 	0.273 	53.192311 	-4.3312427 	3.888245
-0.63063063 	-0.05 	0.273 	53.199509 	-4.3257377 	3.8921779
-0.62942943 	-0.05 	0.273 	53.206706 	-4.3202327 	3.8961109
-0.62822823 	-0.05 	0.273 	53.213903 	-4.3147277 	3.9000439
-0.62702703 	-0.05 	0.273 	53.221101 	-4.3092227 	3.9039768
-0.62582583 	-0.05 	0.273 	53.228298 	-4.3037177 	3.9079098
-0.62462462 	-0.05 	0.273 	53.235495 	-4.2982127 	3.9118428
-0.62342342 	-0.05 	0.273 	53.242693 	-4.2927077 	3.9157757
-0.62222222 	-0.05 	0.273 	53.24989 	-4.2872027 	3.9197087
-0.62102102 	-0.05 	0.273 	53.257088 	-4.2816977 	3.9236417
-0.61981982 	-0.05 	0.273 	53.264285 	-4.2761926 	3.9275746
-0.61861862 	-0.05 	0.273 	53.271482 	-4.2706876 	3.9315076
-0.61741742 	-0.05 	0.273 	53.27868 	-4.2651826 	3.9354406
-0.61621622 	-0.05 	0.273 	53.285996 	-4.2600276 	3.9393718
-0.61501502 	-0.05 	0.273 	53.293081 	-4.253778 	3.943521
-0.61381381 	-0.05 	0.273 	53.299939 	-4.2466158 	3.9478009
-0.61261261 	-0.05 	0.273 	53.306797 	-4.2394535 	3.9520807
-0.61141141 	-0.05 	0.273 	53.313654 	-4.2322913 	3.9563606
-0.61021021 	-0.05 	0.273 	53.320512 	-4.2251291 	3.9606405
-0.60900901 	-0.05 	0.273 	53.326961 	-4.2203109 	3.9646119
-0.60780781 	-0.05 	0.273 	53.33331 	-4.2160664 	3.9685078
-0.60660661 	-0.05 	0.273 	53.339659 	-4.2118219 	3.9724037
-0.60540541 	-0.05 	0.273 	53.346008 	-4.2075774 	3.9762995
-0.6042042 	-0.05 	0.273 	53.352356 	-4.2033329 	3.9801954
-0.603003 	-0.05 	0.273 	53.358451 	-4.1984169 	3.9839859
-0.6018018 	-0.05 	0.273 	53.364379 	-4.1928992 	3.9877932
-0.6006006 	-0.05 	0.273 	53.370307 	-4.1873814 	3.9916004
-0.5993994 	-0.05 	0.273 	53.376235 	-4.1818637 	3.9954077
-0.5981982 	-0.05 	0.273 	53.382164 	-4.176346 	3.9992149
-0.596997 	-0.05 	0.273 	53.388092 	-4.1708282 	4.0030222
-0.5957958 	-0.05 	0.273 	53.39402 	-4.1653105 	4.0068294
-0.59459459 	-0.05 	0.273 	53.399948 	-4.1597927 	4.0106367
-0.59339339 	-0.05 	0.273 	53.405876 	-4.154275 	4.0144439
-0.59219219 	-0.05 	0.273 	53.411804 	-4.1487572 	4.0182511
-0.59099099 	-0.05 	0.273 	53.417732 	-4.1432395 	4.0220584
-0.58978979 	-0.05 	0.273 	53.42366 	-4.1377217 	4.0258656
-0.58858859 	-0.05 	0.273 	53.429589 	-4.132204 	4.0296729
-0.58738739 	-0.05 	0.273 	53.435517 	-4.1266862 	4.0334801
-0.58618619 	-0.05 	0.273 	53.441445 	-4.1211685 	4.0372874
-0.58498498 	-0.05 	0.273 	53.44729 	-4.1155105 	4.0411843
-0.58378378 	-0.05 	0.273 	53.452876 	-4.1094113 	4.0453632
-0.58258258 	-0.05 	0.273 	53.458462 	-4.1033122 	4.0495421
-0.58138138 	-0.05 	0.273 	53.464048 	-4.0972131 	4.0537211
-0.58018018 	-0.05 	0.273 	53.469634 	-4.0911139 	4.0579
-0.57897898 	-0.05 	0.273 	53.474911 	-4.0858174 	4.0618983
-0.57777778 	-0.05 	0.273 	53.479758 	-4.0816368 	4.0656456
-0.57657658 	-0.05 	0.273 	53.484605 	-4.0774562 	4.0693929
-0.57537538 	-0.05 	0.273 	53.489451 	-4.0732756 	4.0731402
-0.57417417 	-0.05 	0.273 	53.494298 	-4.069095 	4.0768875
-0.57297297 	-0.05 	0.273 	53.49899 	-4.0641867 	4.0806101
-0.57177177 	-0.05 	0.273 	53.503576 	-4.0587835 	4.0843158
-0.57057057 	-0.05 	0.273 	53.508162 	-4.0533804 	4.0880215
-0.56936937 	-0.05 	0.273 	53.512748 	-4.0479773 	4.0917272
-0.56816817 	-0.05 	0.273 	53.517334 	-4.0425741 	4.0954329
-0.56696697 	-0.05 	0.273 	53.52192 	-4.037171 	4.0991386
-0.56576577 	-0.05 	0.273 	53.526507 	-4.0317678 	4.1028443
-0.56456456 	-0.05 	0.273 	53.531093 	-4.0263647 	4.10655
-0.56336336 	-0.05 	0.273 	53.535679 	-4.0209616 	4.1102557
-0.56216216 	-0.05 	0.273 	53.540265 	-4.0155584 	4.1139614
-0.56096096 	-0.05 	0.273 	53.544851 	-4.0101553 	4.1176671
-0.55975976 	-0.05 	0.273 	53.549437 	-4.0047521 	4.1213728
-0.55855856 	-0.05 	0.273 	53.554023 	-3.999349 	4.1250785
-0.55735736 	-0.05 	0.273 	53.558609 	-3.9939459 	4.1287842
-0.55615616 	-0.05 	0.273 	53.563195 	-3.9885427 	4.1324899
-0.55495495 	-0.05 	0.273 	53.567792 	-3.9832156 	4.1361868
-0.55375375 	-0.05 	0.273 	53.572055 	-3.9769012 	4.1402456
-0.55255255 	-0.05 	0.273 	53.576259 	-3.9704047 	4.1443665
-0.55135135 	-0.05 	0.273 	53.580462 	-3.9639082 	4.1484874
-0.55015015 	-0.05 	0.273 	53.584666 	-3.9574118 	4.1526084
-0.54894895 	-0.05 	0.273 	53.588834 	-3.9509721 	4.1567109
-0.54774775 	-0.05 	0.273 	53.592033 	-3.9460693 	4.1603129
-0.54654655 	-0.05 	0.273 	53.595232 	-3.9411666 	4.1639149
-0.54534535 	-0.05 	0.273 	53.598431 	-3.9362638 	4.167517
-0.54414414 	-0.05 	0.273 	53.601629 	-3.9313611 	4.171119
-0.54294294 	-0.05 	0.273 	53.604851 	-3.9264542 	4.1747104
-0.54174174 	-0.05 	0.273 	53.608274 	-3.9211563 	4.1782985
-0.54054054 	-0.05 	0.273 	53.611748 	-3.9156953 	4.1819026
-0.53933934 	-0.05 	0.273 	53.615223 	-3.9102343 	4.1855066
-0.53813814 	-0.05 	0.273 	53.618698 	-3.9047733 	4.1891107
-0.53693694 	-0.05 	0.273 	53.622173 	-3.8993123 	4.1927147
-0.53573574 	-0.05 	0.273 	53.625648 	-3.8938513 	4.1963188
-0.53453453 	-0.05 	0.273 	53.629122 	-3.8883903 	4.1999228
-0.53333333 	-0.05 	0.273 	53.632597 	-3.8829293 	4.2035269
-0.53213213 	-0.05 	0.273 	53.636072 	-3.8774683 	4.2071309
-0.53093093 	-0.05 	0.273 	53.639547 	-3.8720073 	4.210735
-0.52972973 	-0.05 	0.273 	53.643021 	-3.8665463 	4.2143391
-0.52852853 	-0.05 	0.273 	53.646496 	-3.8610853 	4.2179431
-0.52732733 	-0.05 	0.273 	53.649971 	-3.8556243 	4.2215472
-0.52612613 	-0.05 	0.273 	53.653446 	-3.8501633 	4.2251512
-0.52492492 	-0.05 	0.273 	53.656921 	-3.8447023 	4.2287553
-0.52372372 	-0.05 	0.273 	53.660384 	-3.8392186 	4.2325509
-0.52252252 	-0.05 	0.273 	53.663836 	-3.8337095 	4.2365615
-0.52132132 	-0.05 	0.273 	53.667287 	-3.8282004 	4.2405722
-0.52012012 	-0.05 	0.273 	53.670739 	-3.8226912 	4.2445828
-0.51891892 	-0.05 	0.273 	53.674191 	-3.8171821 	4.2485935
-0.51771772 	-0.05 	0.273 	53.676896 	-3.8118677 	4.2522603
-0.51651652 	-0.05 	0.273 	53.679195 	-3.8066595 	4.2557395
-0.51531532 	-0.05 	0.273 	53.681494 	-3.8014512 	4.2592187
-0.51411411 	-0.05 	0.273 	53.683793 	-3.796243 	4.2626979
-0.51291291 	-0.05 	0.273 	53.686092 	-3.7910348 	4.2661771
-0.51171171 	-0.05 	0.273 	53.688538 	-3.7858313 	4.2696642
-0.51051051 	-0.05 	0.273 	53.691017 	-3.7806288 	4.2731529
-0.50930931 	-0.05 	0.273 	53.693496 	-3.7754263 	4.2766416
-0.50810811 	-0.05 	0.273 	53.695974 	-3.7702239 	4.2801303
-0.50690691 	-0.05 	0.273 	53.698453 	-3.7650214 	4.283619
-0.50570571 	-0.05 	0.273 	53.700932 	-3.7598189 	4.2871077
-0.5045045 	-0.05 	0.273 	53.70341 	-3.7546164 	4.2905964
-0.5033033 	-0.05 	0.273 	53.705889 	-3.7494139 	4.2940851
-0.5021021 	-0.05 	0.273 	53.708367 	-3.7442114 	4.2975738
-0.5009009 	-0.05 	0.273 	53.710846 	-3.739009 	4.3010625
-0.4996997 	-0.05 	0.273 	53.713325 	-3.7338065 	4.3045512
-0.4984985 	-0.05 	0.273 	53.715803 	-3.728604 	4.3080399
-0.4972973 	-0.05 	0.273 	53.718282 	-3.7234015 	4.3115286
-0.4960961 	-0.05 	0.273 	53.720761 	-3.718199 	4.3150173
-0.49489489 	-0.05 	0.273 	53.723239 	-3.7129965 	4.318506
-0.49369369 	-0.05 	0.273 	53.725577 	-3.707899 	4.3219994
-0.49249249 	-0.05 	0.273 	53.727859 	-3.7028935 	4.3258878
-0.49129129 	-0.05 	0.273 	53.73014 	-3.697888 	4.3297763
-0.49009009 	-0.05 	0.273 	53.732421 	-3.6928825 	4.3336648
-0.48888889 	-0.05 	0.273 	53.734702 	-3.687877 	4.3375532
-0.48768769 	-0.05 	0.273 	53.736664 	-3.6827204 	4.3413058
-0.48648649 	-0.05 	0.273 	53.73772 	-3.6771365 	4.3446742
-0.48528529 	-0.05 	0.273 	53.738776 	-3.6715525 	4.3480425
-0.48408408 	-0.05 	0.273 	53.739832 	-3.6659686 	4.3514109
-0.48288288 	-0.05 	0.273 	53.740888 	-3.6603846 	4.3547793
-0.48168168 	-0.05 	0.273 	53.741945 	-3.655001 	4.358124
-0.48048048 	-0.05 	0.273 	53.743278 	-3.6499092 	4.3614894
-0.47927928 	-0.05 	0.273 	53.744616 	-3.6448182 	4.3648557
-0.47807808 	-0.05 	0.273 	53.745953 	-3.6397271 	4.368222
-0.47687688 	-0.05 	0.273 	53.747291 	-3.634636 	4.3715883
-0.47567568 	-0.05 	0.273 	53.748628 	-3.629545 	4.3749547
-0.47447447 	-0.05 	0.273 	53.749966 	-3.6244539 	4.378321
-0.47327327 	-0.05 	0.273 	53.751304 	-3.6193628 	4.3816873
-0.47207207 	-0.05 	0.273 	53.752641 	-3.6142718 	4.3850536
-0.47087087 	-0.05 	0.273 	53.753979 	-3.6091807 	4.38842
-0.46966967 	-0.05 	0.273 	53.755317 	-3.6040896 	4.3917863
-0.46846847 	-0.05 	0.273 	53.756654 	-3.5989986 	4.3951526
-0.46726727 	-0.05 	0.273 	53.757992 	-3.5939075 	4.3985189
-0.46606607 	-0.05 	0.273 	53.75933 	-3.5888164 	4.4018852
-0.46486486 	-0.05 	0.273 	53.760667 	-3.5837254 	4.4052516
-0.46366366 	-0.05 	0.273 	53.762005 	-3.5786343 	4.4086179
-0.46246246 	-0.05 	0.273 	53.763245 	-3.5738479 	4.4122532
-0.46126126 	-0.05 	0.273 	53.764442 	-3.5691922 	4.4160037
-0.46006006 	-0.05 	0.273 	53.76564 	-3.5645364 	4.4197543
-0.45885886 	-0.05 	0.273 	53.766837 	-3.5598806 	4.4235048
-0.45765766 	-0.05 	0.273 	53.768035 	-3.5552249 	4.4272554
-0.45645646 	-0.05 	0.273 	53.768162 	-3.5498642 	4.4305747
-0.45525526 	-0.05 	0.273 	53.768139 	-3.5444049 	4.4338337
-0.45405405 	-0.05 	0.273 	53.768116 	-3.5389456 	4.4370927
-0.45285285 	-0.05 	0.273 	53.768094 	-3.5334863 	4.4403517
-0.45165165 	-0.05 	0.273 	53.768089 	-3.528052 	4.4436096
-0.45045045 	-0.05 	0.273 	53.7684 	-3.5230521 	4.4468489
-0.44924925 	-0.05 	0.273 	53.768711 	-3.5180521 	4.4500882
-0.44804805 	-0.05 	0.273 	53.769023 	-3.5130522 	4.4533276
-0.44684685 	-0.05 	0.273 	53.769334 	-3.5080523 	4.4565669
-0.44564565 	-0.05 	0.273 	53.769645 	-3.5030524 	4.4598062
-0.44444444 	-0.05 	0.273 	53.769956 	-3.4980524 	4.4630456
-0.44324324 	-0.05 	0.273 	53.770267 	-3.4930525 	4.4662849
-0.44204204 	-0.05 	0.273 	53.770578 	-3.4880526 	4.4695242
-0.44084084 	-0.05 	0.273 	53.770889 	-3.4830527 	4.4727635
-0.43963964 	-0.05 	0.273 	53.771201 	-3.4780527 	4.4760029
-0.43843844 	-0.05 	0.273 	53.771512 	-3.4730528 	4.4792422
-0.43723724 	-0.05 	0.273 	53.771823 	-3.4680529 	4.4824815
-0.43603604 	-0.05 	0.273 	53.772134 	-3.463053 	4.4857209
-0.43483483 	-0.05 	0.273 	53.772445 	-3.4580531 	4.4889602
-0.43363363 	-0.05 	0.273 	53.772756 	-3.4530531 	4.4921995
-0.43243243 	-0.05 	0.273 	53.773006 	-3.4482004 	4.4955434
-0.43123123 	-0.05 	0.273 	53.773298 	-3.4436529 	4.4991465
-0.43003003 	-0.05 	0.273 	53.773591 	-3.4391055 	4.5027497
-0.42882883 	-0.05 	0.273 	53.773883 	-3.434558 	4.5063528
-0.42762763 	-0.05 	0.273 	53.774175 	-3.4300105 	4.509956
-0.42642643 	-0.05 	0.273 	53.773911 	-3.4251193 	4.5133324
-0.42522523 	-0.05 	0.273 	53.773082 	-3.4198789 	4.5164787
-0.42402402 	-0.05 	0.273 	53.772253 	-3.4146386 	4.519625
-0.42282282 	-0.05 	0.273 	53.771424 	-3.4093982 	4.5227713
-0.42162162 	-0.05 	0.273 	53.770595 	-3.4041578 	4.5259176
-0.42042042 	-0.05 	0.273 	53.769815 	-3.3992123 	4.5290333
-0.41921922 	-0.05 	0.273 	53.769103 	-3.3943596 	4.5321456
-0.41801802 	-0.05 	0.273 	53.76839 	-3.389507 	4.5352579
-0.41681682 	-0.05 	0.273 	53.767678 	-3.3846543 	4.5383702
-0.41561562 	-0.05 	0.273 	53.766966 	-3.3798017 	4.5414826
-0.41441441 	-0.05 	0.273 	53.766254 	-3.374949 	4.5445949
-0.41321321 	-0.05 	0.273 	53.765542 	-3.3700964 	4.5477072
-0.41201201 	-0.05 	0.273 	53.76483 	-3.3652437 	4.5508195
-0.41081081 	-0.05 	0.273 	53.764118 	-3.3603911 	4.5539318
-0.40960961 	-0.05 	0.273 	53.763406 	-3.3555385 	4.5570442
-0.40840841 	-0.05 	0.273 	53.762694 	-3.3506858 	4.5601565
-0.40720721 	-0.05 	0.273 	53.761982 	-3.3458332 	4.5632688
-0.40600601 	-0.05 	0.273 	53.76127 	-3.3409805 	4.5663811
-0.4048048 	-0.05 	0.273 	53.760558 	-3.3361279 	4.5694935
-0.4036036 	-0.05 	0.273 	53.759846 	-3.3312752 	4.5726058
-0.4024024 	-0.05 	0.273 	53.759134 	-3.3264226 	4.5757181
-0.4012012 	-0.05 	0.273 	53.758275 	-3.3220254 	4.5791345
-0.4 	-0.05 	0.273 	53.757406 	-3.3176603 	4.5825724
-0.3987988 	-0.05 	0.273 	53.756537 	-3.3132952 	4.5860102
-0.3975976 	-0.05 	0.273 	53.755668 	-3.3089301 	4.5894481
-0.3963964 	-0.05 	0.273 	53.754698 	-3.3045254 	4.5928435
-0.3951952 	-0.05 	0.273 	53.75292 	-3.2998017 	4.5958969
-0.39399399 	-0.05 	0.273 	53.751141 	-3.295078 	4.5989502
-0.39279279 	-0.05 	0.273 	53.749363 	-3.2903543 	4.6020036
-0.39159159 	-0.05 	0.273 	53.747584 	-3.2856306 	4.605057
-0.39039039 	-0.05 	0.273 	53.745777 	-3.2809082 	4.6080886
-0.38918919 	-0.05 	0.273 	53.743897 	-3.2761889 	4.6110664
-0.38798799 	-0.05 	0.273 	53.742017 	-3.2714696 	4.6140443
-0.38678679 	-0.05 	0.273 	53.740137 	-3.2667503 	4.6170221
-0.38558559 	-0.05 	0.273 	53.738257 	-3.2620309 	4.6199999
-0.38438438 	-0.05 	0.273 	53.736377 	-3.2573116 	4.6229778
-0.38318318 	-0.05 	0.273 	53.734497 	-3.2525923 	4.6259556
-0.38198198 	-0.05 	0.273 	53.732617 	-3.247873 	4.6289334
-0.38078078 	-0.05 	0.273 	53.730737 	-3.2431537 	4.6319113
-0.37957958 	-0.05 	0.273 	53.728857 	-3.2384344 	4.6348891
-0.37837838 	-0.05 	0.273 	53.726978 	-3.2337151 	4.6378669
-0.37717718 	-0.05 	0.273 	53.725098 	-3.2289958 	4.6408448
-0.37597598 	-0.05 	0.273 	53.723218 	-3.2242765 	4.6438226
-0.37477477 	-0.05 	0.273 	53.721338 	-3.2195572 	4.6468004
-0.37357357 	-0.05 	0.273 	53.719458 	-3.2148379 	4.6497783
-0.37237237 	-0.05 	0.273 	53.717578 	-3.2101186 	4.6527561
-0.37117117 	-0.05 	0.273 	53.715466 	-3.2055175 	4.6558798
-0.36996997 	-0.05 	0.273 	53.713214 	-3.2009436 	4.6591369
-0.36876877 	-0.05 	0.273 	53.710961 	-3.1963698 	4.6623939
-0.36756757 	-0.05 	0.273 	53.708709 	-3.191796 	4.6656509
-0.36636637 	-0.05 	0.273 	53.706456 	-3.1872221 	4.668908
-0.36516517 	-0.05 	0.273 	53.703736 	-3.182671 	4.671936
-0.36396396 	-0.05 	0.273 	53.700838 	-3.1781286 	4.6748771
-0.36276276 	-0.05 	0.273 	53.69794 	-3.1735861 	4.6778182
-0.36156156 	-0.05 	0.273 	53.695042 	-3.1690436 	4.6807593
-0.36036036 	-0.05 	0.273 	53.692144 	-3.1645011 	4.6837005
-0.35915916 	-0.05 	0.273 	53.68931 	-3.1596953 	4.6865404
-0.35795796 	-0.05 	0.273 	53.686491 	-3.1547688 	4.6893699
-0.35675676 	-0.05 	0.273 	53.683673 	-3.1498422 	4.6921995
-0.35555556 	-0.05 	0.273 	53.680854 	-3.1449157 	4.6950291
-0.35435435 	-0.05 	0.273 	53.678036 	-3.1399891 	4.6978586
-0.35315315 	-0.05 	0.273 	53.675217 	-3.1350626 	4.7006882
-0.35195195 	-0.05 	0.273 	53.672398 	-3.1301361 	4.7035178
-0.35075075 	-0.05 	0.273 	53.66958 	-3.1252095 	4.7063474
-0.34954955 	-0.05 	0.273 	53.666761 	-3.120283 	4.7091769
-0.34834835 	-0.05 	0.273 	53.663943 	-3.1153565 	4.7120065
-0.34714715 	-0.05 	0.273 	53.661124 	-3.1104299 	4.7148361
-0.34594595 	-0.05 	0.273 	53.658306 	-3.1055034 	4.7176657
-0.34474474 	-0.05 	0.273 	53.655487 	-3.1005769 	4.7204952
-0.34354354 	-0.05 	0.273 	53.652668 	-3.0956503 	4.7233248
-0.34234234 	-0.05 	0.273 	53.64985 	-3.0907238 	4.7261544
-0.34114114 	-0.05 	0.273 	53.647004 	-3.0858093 	4.729031
-0.33993994 	-0.05 	0.273 	53.644024 	-3.0809551 	4.7321444
-0.33873874 	-0.05 	0.273 	53.641044 	-3.076101 	4.7352579
-0.33753754 	-0.05 	0.273 	53.638063 	-3.0712469 	4.7383713
-0.33633634 	-0.05 	0.273 	53.635083 	-3.0663928 	4.7414847
-0.33513514 	-0.05 	0.273 	53.632035 	-3.0614502 	4.7444935
-0.33393393 	-0.05 	0.273 	53.628859 	-3.0563384 	4.747302
-0.33273273 	-0.05 	0.273 	53.625683 	-3.0512267 	4.7501105
-0.33153153 	-0.05 	0.273 	53.622507 	-3.046115 	4.752919
-0.33033033 	-0.05 	0.273 	53.619332 	-3.0410032 	4.7557275
-0.32912913 	-0.05 	0.273 	53.615882 	-3.0361668 	4.7584512
-0.32792793 	-0.05 	0.273 	53.612179 	-3.031584 	4.7610967
-0.32672673 	-0.05 	0.273 	53.608477 	-3.0270013 	4.7637423
-0.32552553 	-0.05 	0.273 	53.604774 	-3.0224185 	4.7663878
-0.32432432 	-0.05 	0.273 	53.601072 	-3.0178357 	4.7690334
-0.32312312 	-0.05 	0.273 	53.597369 	-3.013253 	4.7716789
-0.32192192 	-0.05 	0.273 	53.593667 	-3.0086702 	4.7743244
-0.32072072 	-0.05 	0.273 	53.589964 	-3.0040874 	4.77697
-0.31951952 	-0.05 	0.273 	53.586262 	-2.9995046 	4.7796155
-0.31831832 	-0.05 	0.273 	53.582559 	-2.9949219 	4.782261
-0.31711712 	-0.05 	0.273 	53.578857 	-2.9903391 	4.7849066
-0.31591592 	-0.05 	0.273 	53.575154 	-2.9857563 	4.7875521
-0.31471471 	-0.05 	0.273 	53.571452 	-2.9811736 	4.7901977
-0.31351351 	-0.05 	0.273 	53.567749 	-2.9765908 	4.7928432
-0.31231231 	-0.05 	0.273 	53.564047 	-2.972008 	4.7954887
-0.31111111 	-0.05 	0.273 	53.560344 	-2.9674253 	4.7981343
-0.30990991 	-0.05 	0.273 	53.556263 	-2.963283 	4.8009288
-0.30870871 	-0.05 	0.273 	53.55207 	-2.9592599 	4.8037639
-0.30750751 	-0.05 	0.273 	53.547877 	-2.9552367 	4.8065989
-0.30630631 	-0.05 	0.273 	53.543684 	-2.9512135 	4.8094339
-0.30510511 	-0.05 	0.273 	53.539491 	-2.9471904 	4.812269
-0.3039039 	-0.05 	0.273 	53.535405 	-2.943358 	4.8149067
-0.3027027 	-0.05 	0.273 	53.531324 	-2.9395331 	4.8175366
-0.3015015 	-0.05 	0.273 	53.527242 	-2.9357082 	4.8201666
-0.3003003 	-0.05 	0.273 	53.52316 	-2.9318833 	4.8227965
-0.2990991 	-0.05 	0.273 	53.518955 	-2.9280128 	4.8254013
-0.2978979 	-0.05 	0.273 	53.51398 	-2.9238598 	4.8278499
-0.2966967 	-0.05 	0.273 	53.509006 	-2.9197067 	4.8302985
-0.2954955 	-0.05 	0.273 	53.504031 	-2.9155537 	4.8327472
-0.29429429 	-0.05 	0.273 	53.499057 	-2.9114007 	4.8351958
-0.29309309 	-0.05 	0.273 	53.494083 	-2.9072476 	4.8376445
-0.29189189 	-0.05 	0.273 	53.489108 	-2.9030946 	4.8400931
-0.29069069 	-0.05 	0.273 	53.484134 	-2.8989415 	4.8425418
-0.28948949 	-0.05 	0.273 	53.47916 	-2.8947885 	4.8449904
-0.28828829 	-0.05 	0.273 	53.474185 	-2.8906355 	4.847439
-0.28708709 	-0.05 	0.273 	53.469211 	-2.8864824 	4.8498877
-0.28588589 	-0.05 	0.273 	53.464236 	-2.8823294 	4.8523363
-0.28468468 	-0.05 	0.273 	53.459262 	-2.8781763 	4.854785
-0.28348348 	-0.05 	0.273 	53.454288 	-2.8740233 	4.8572336
-0.28228228 	-0.05 	0.273 	53.449313 	-2.8698703 	4.8596823
-0.28108108 	-0.05 	0.273 	53.444339 	-2.8657172 	4.8621309
-0.27987988 	-0.05 	0.273 	53.439029 	-2.8614512 	4.8646539
-0.27867868 	-0.05 	0.273 	53.433217 	-2.8570155 	4.8672883
-0.27747748 	-0.05 	0.273 	53.427404 	-2.8525799 	4.8699227
-0.27627628 	-0.05 	0.273 	53.421592 	-2.8481443 	4.8725572
-0.27507508 	-0.05 	0.273 	53.41578 	-2.8437087 	4.8751916
-0.27387387 	-0.05 	0.273 	53.41018 	-2.8400207 	4.8777263
-0.27267267 	-0.05 	0.273 	53.404737 	-2.8368828 	4.8801876
-0.27147147 	-0.05 	0.273 	53.399294 	-2.833745 	4.882649
-0.27027027 	-0.05 	0.273 	53.393851 	-2.8306071 	4.8851103
-0.26906907 	-0.05 	0.273 	53.388408 	-2.8274693 	4.8875717
-0.26786787 	-0.05 	0.273 	53.38233 	-2.8236512 	4.8898627
-0.26666667 	-0.05 	0.273 	53.376048 	-2.819613 	4.8920979
-0.26546547 	-0.05 	0.273 	53.369765 	-2.8155748 	4.894333
-0.26426426 	-0.05 	0.273 	53.363482 	-2.8115365 	4.8965682
-0.26306306 	-0.05 	0.273 	53.357199 	-2.8074983 	4.8988033
-0.26186186 	-0.05 	0.273 	53.350916 	-2.8034601 	4.9010384
-0.26066066 	-0.05 	0.273 	53.344633 	-2.7994219 	4.9032736
-0.25945946 	-0.05 	0.273 	53.33835 	-2.7953836 	4.9055087
-0.25825826 	-0.05 	0.273 	53.332068 	-2.7913454 	4.9077439
-0.25705706 	-0.05 	0.273 	53.325785 	-2.7873072 	4.909979
-0.25585586 	-0.05 	0.273 	53.319502 	-2.7832689 	4.9122142
-0.25465465 	-0.05 	0.273 	53.313219 	-2.7792307 	4.9144493
-0.25345345 	-0.05 	0.273 	53.306936 	-2.7751925 	4.9166845
-0.25225225 	-0.05 	0.273 	53.300653 	-2.7711543 	4.9189196
-0.25105105 	-0.05 	0.273 	53.29437 	-2.767116 	4.9211548
-0.24984985 	-0.05 	0.273 	53.288088 	-2.7630778 	4.9233899
-0.24864865 	-0.05 	0.273 	53.28088 	-2.7586946 	4.925767
-0.24744745 	-0.05 	0.273 	53.273664 	-2.754308 	4.9281454
-0.24624625 	-0.05 	0.273 	53.266447 	-2.7499214 	4.9305238
-0.24504505 	-0.05 	0.273 	53.259231 	-2.7455349 	4.9329022
-0.24384384 	-0.05 	0.273 	53.252172 	-2.7413801 	4.9352434
-0.24264264 	-0.05 	0.273 	53.245768 	-2.7381914 	4.9374298
-0.24144144 	-0.05 	0.273 	53.239365 	-2.7350026 	4.9396161
-0.24024024 	-0.05 	0.273 	53.232962 	-2.7318139 	4.9418025
-0.23903904 	-0.05 	0.273 	53.226559 	-2.7286252 	4.9439889
-0.23783784 	-0.05 	0.273 	53.219577 	-2.7249985 	4.9461103
-0.23663664 	-0.05 	0.273 	53.211834 	-2.7207737 	4.9481094
-0.23543544 	-0.05 	0.273 	53.204091 	-2.716549 	4.9501085
-0.23423423 	-0.05 	0.273 	53.196347 	-2.7123243 	4.9521076
-0.23303303 	-0.05 	0.273 	53.188604 	-2.7080995 	4.9541067
-0.23183183 	-0.05 	0.273 	53.180861 	-2.7038748 	4.9561058
-0.23063063 	-0.05 	0.273 	53.173118 	-2.6996501 	4.9581049
-0.22942943 	-0.05 	0.273 	53.165375 	-2.6954253 	4.960104
-0.22822823 	-0.05 	0.273 	53.157632 	-2.6912006 	4.9621032
-0.22702703 	-0.05 	0.273 	53.149889 	-2.6869759 	4.9641023
-0.22582583 	-0.05 	0.273 	53.142146 	-2.6827512 	4.9661014
-0.22462462 	-0.05 	0.273 	53.134402 	-2.6785264 	4.9681005
-0.22342342 	-0.05 	0.273 	53.126659 	-2.6743017 	4.9700996
-0.22222222 	-0.05 	0.273 	53.118916 	-2.670077 	4.9720987
-0.22102102 	-0.05 	0.273 	53.111173 	-2.6658522 	4.9740978
-0.21981982 	-0.05 	0.273 	53.10343 	-2.6616275 	4.9760969
-0.21861862 	-0.05 	0.273 	53.094993 	-2.657132 	4.9781608
-0.21741742 	-0.05 	0.273 	53.085923 	-2.65239 	4.9802835
-0.21621622 	-0.05 	0.273 	53.076854 	-2.647648 	4.9824063
-0.21501502 	-0.05 	0.273 	53.067785 	-2.642906 	4.984529
-0.21381381 	-0.05 	0.273 	53.058716 	-2.638164 	4.9866517
-0.21261261 	-0.05 	0.273 	53.050712 	-2.633984 	4.988634
-0.21141141 	-0.05 	0.273 	53.042959 	-2.6299359 	4.9905833
-0.21021021 	-0.05 	0.273 	53.035205 	-2.6258878 	4.9925325
-0.20900901 	-0.05 	0.273 	53.027452 	-2.6218397 	4.9944818
-0.20780781 	-0.05 	0.273 	53.019418 	-2.6177153 	4.9964391
-0.20660661 	-0.05 	0.273 	53.00994 	-2.6131106 	4.998189
-0.20540541 	-0.05 	0.273 	53.000466 	-2.6085058 	4.9999353
-0.2042042 	-0.05 	0.273 	52.990992 	-2.603901 	5.0016816
-0.203003 	-0.05 	0.273 	52.981518 	-2.5992962 	5.003428
-0.2018018 	-0.05 	0.273 	52.972043 	-2.5946914 	5.0051743
-0.2006006 	-0.05 	0.273 	52.962569 	-2.5900866 	5.0069206
-0.1993994 	-0.05 	0.273 	52.953095 	-2.5854818 	5.008667
-0.1981982 	-0.05 	0.273 	52.943621 	-2.580877 	5.0104133
-0.196997 	-0.05 	0.273 	52.934147 	-2.5762722 	5.0121596
-0.1957958 	-0.05 	0.273 	52.924673 	-2.5716674 	5.0139059
-0.19459459 	-0.05 	0.273 	52.915199 	-2.5670626 	5.0156523
-0.19339339 	-0.05 	0.273 	52.905725 	-2.5624578 	5.0173986
-0.19219219 	-0.05 	0.273 	52.89625 	-2.557853 	5.0191449
-0.19099099 	-0.05 	0.273 	52.886776 	-2.5532482 	5.0208913
-0.18978979 	-0.05 	0.273 	52.877302 	-2.5486434 	5.0226376
-0.18858859 	-0.05 	0.273 	52.867798 	-2.5440436 	5.0243857
-0.18738739 	-0.05 	0.273 	52.85675 	-2.539703 	5.0262236
-0.18618619 	-0.05 	0.273 	52.845701 	-2.5353624 	5.0280616
-0.18498498 	-0.05 	0.273 	52.834653 	-2.5310217 	5.0298996
-0.18378378 	-0.05 	0.273 	52.823604 	-2.5266811 	5.0317376
-0.18258258 	-0.05 	0.273 	52.813328 	-2.5228073 	5.0335053
-0.18138138 	-0.05 	0.273 	52.804093 	-2.5195618 	5.0351785
-0.18018018 	-0.05 	0.273 	52.794857 	-2.5163162 	5.0368518
-0.17897898 	-0.05 	0.273 	52.785621 	-2.5130706 	5.038525
-0.17777778 	-0.05 	0.273 	52.776386 	-2.509825 	5.0401983
-0.17657658 	-0.05 	0.273 	52.7656 	-2.505554 	5.0417475
-0.17537538 	-0.05 	0.273 	52.754657 	-2.5010969 	5.0432021
-0.17417417 	-0.05 	0.273 	52.743714 	-2.4966397 	5.0446567
-0.17297297 	-0.05 	0.273 	52.732771 	-2.4921826 	5.0461113
-0.17177177 	-0.05 	0.273 	52.721828 	-2.4877255 	5.047566
-0.17057057 	-0.05 	0.273 	52.710885 	-2.4832684 	5.0490206
-0.16936937 	-0.05 	0.273 	52.699942 	-2.4788113 	5.0504752
-0.16816817 	-0.05 	0.273 	52.688999 	-2.4743542 	5.0519298
-0.16696697 	-0.05 	0.273 	52.678056 	-2.469897 	5.0533845
-0.16576577 	-0.05 	0.273 	52.667113 	-2.4654399 	5.0548391
-0.16456456 	-0.05 	0.273 	52.65617 	-2.4609828 	5.0562937
-0.16336336 	-0.05 	0.273 	52.645227 	-2.4565257 	5.0577483
-0.16216216 	-0.05 	0.273 	52.634283 	-2.4520686 	5.059203
-0.16096096 	-0.05 	0.273 	52.62334 	-2.4476114 	5.0606576
-0.15975976 	-0.05 	0.273 	52.612397 	-2.4431543 	5.0621122
-0.15855856 	-0.05 	0.273 	52.601454 	-2.4386972 	5.0635668
-0.15735736 	-0.05 	0.273 	52.589612 	-2.4339047 	5.0650544
-0.15615616 	-0.05 	0.273 	52.577203 	-2.4289006 	5.0665627
-0.15495495 	-0.05 	0.273 	52.564793 	-2.4238964 	5.0680709
-0.15375375 	-0.05 	0.273 	52.552384 	-2.4188922 	5.0695792
-0.15255255 	-0.05 	0.273 	52.540054 	-2.4139965 	5.0710813
-0.15135135 	-0.05 	0.273 	52.529579 	-2.4116048 	5.0724407
-0.15015015 	-0.05 	0.273 	52.519103 	-2.409213 	5.0738001
-0.14894895 	-0.05 	0.273 	52.508627 	-2.4068213 	5.0751594
-0.14774775 	-0.05 	0.273 	52.498151 	-2.4044295 	5.0765188
-0.14654655 	-0.05 	0.273 	52.486631 	-2.4016052 	5.0778288
-0.14534535 	-0.05 	0.273 	52.474182 	-2.3982695 	5.0789707
-0.14414414 	-0.05 	0.273 	52.461733 	-2.3949337 	5.0801125
-0.14294294 	-0.05 	0.273 	52.449284 	-2.3915979 	5.0812544
-0.14174174 	-0.05 	0.273 	52.436835 	-2.3882621 	5.0823963
-0.14054054 	-0.05 	0.273 	52.424387 	-2.3849263 	5.0835381
-0.13933934 	-0.05 	0.273 	52.411938 	-2.3815905 	5.08468
-0.13813814 	-0.05 	0.273 	52.399489 	-2.3782547 	5.0858218
-0.13693694 	-0.05 	0.273 	52.38704 	-2.3749189 	5.0869637
-0.13573574 	-0.05 	0.273 	52.374591 	-2.3715832 	5.0881056
-0.13453453 	-0.05 	0.273 	52.362143 	-2.3682474 	5.0892474
-0.13333333 	-0.05 	0.273 	52.349694 	-2.3649116 	5.0903893
-0.13213213 	-0.05 	0.273 	52.337245 	-2.3615758 	5.0915311
-0.13093093 	-0.05 	0.273 	52.324796 	-2.35824 	5.092673
-0.12972973 	-0.05 	0.273 	52.312347 	-2.3549042 	5.0938149
-0.12852853 	-0.05 	0.273 	52.299898 	-2.3515684 	5.0949567
-0.12732733 	-0.05 	0.273 	52.287123 	-2.3481512 	5.0961049
-0.12612613 	-0.05 	0.273 	52.272917 	-2.3443768 	5.0972811
-0.12492492 	-0.05 	0.273 	52.25871 	-2.3406024 	5.0984573
-0.12372372 	-0.05 	0.273 	52.244504 	-2.336828 	5.0996335
-0.12252252 	-0.05 	0.273 	52.230298 	-2.3330535 	5.1008097
-0.12132132 	-0.05 	0.273 	52.217404 	-2.3314374 	5.1018634
-0.12012012 	-0.05 	0.273 	52.205202 	-2.3309557 	5.1028526
-0.11891892 	-0.05 	0.273 	52.192999 	-2.330474 	5.1038419
-0.11771772 	-0.05 	0.273 	52.180796 	-2.3299924 	5.1048312
-0.11651652 	-0.05 	0.273 	52.168148 	-2.3292818 	5.1058179
-0.11531532 	-0.05 	0.273 	52.153438 	-2.3272232 	5.1066488
-0.11411411 	-0.05 	0.273 	52.138801 	-2.3251442 	5.107451
-0.11291291 	-0.05 	0.273 	52.124164 	-2.3230652 	5.1082532
-0.11171171 	-0.05 	0.273 	52.109527 	-2.3209862 	5.1090555
-0.11051051 	-0.05 	0.273 	52.09489 	-2.3189071 	5.1098577
-0.10930931 	-0.05 	0.273 	52.080253 	-2.3168281 	5.1106599
-0.10810811 	-0.05 	0.273 	52.065616 	-2.3147491 	5.1114622
-0.10690691 	-0.05 	0.273 	52.050978 	-2.3126701 	5.1122644
-0.10570571 	-0.05 	0.273 	52.036341 	-2.3105911 	5.1130666
-0.1045045 	-0.05 	0.273 	52.021704 	-2.308512 	5.1138689
-0.1033033 	-0.05 	0.273 	52.007067 	-2.306433 	5.1146711
-0.1021021 	-0.05 	0.273 	51.99243 	-2.304354 	5.1154733
-0.1009009 	-0.05 	0.273 	51.977793 	-2.302275 	5.1162755
-0.0996997 	-0.05 	0.273 	51.963156 	-2.300196 	5.1170778
-0.098498498 	-0.05 	0.273 	51.948519 	-2.2981169 	5.11788
-0.097297297 	-0.05 	0.273 	51.933882 	-2.2960379 	5.1186822
-0.096096096 	-0.05 	0.273 	51.91787 	-2.2932396 	5.1195072
-0.094894895 	-0.05 	0.273 	51.901238 	-2.2901168 	5.1203424
-0.093693694 	-0.05 	0.273 	51.884605 	-2.2869939 	5.1211776
-0.092492492 	-0.05 	0.273 	51.867973 	-2.2838711 	5.1220128
-0.091291291 	-0.05 	0.273 	51.851869 	-2.2817395 	5.1227784
-0.09009009 	-0.05 	0.273 	51.837215 	-2.2823297 	5.1233526
-0.088888889 	-0.05 	0.273 	51.822561 	-2.2829199 	5.1239269
-0.087687688 	-0.05 	0.273 	51.807907 	-2.2835101 	5.1245011
-0.086486486 	-0.05 	0.273 	51.793253 	-2.2841003 	5.1250753
-0.085285285 	-0.05 	0.273 	51.777327 	-2.2843115 	5.1255188
-0.084084084 	-0.05 	0.273 	51.761526 	-2.2843319 	5.125889
-0.082882883 	-0.05 	0.273 	51.745726 	-2.2843522 	5.1262593
-0.081681682 	-0.05 	0.273 	51.729925 	-2.2843726 	5.1266295
-0.08048048 	-0.05 	0.273 	51.714125 	-2.2843929 	5.1269998
-0.079279279 	-0.05 	0.273 	51.698324 	-2.2844133 	5.12737
-0.078078078 	-0.05 	0.273 	51.682524 	-2.2844336 	5.1277403
-0.076876877 	-0.05 	0.273 	51.666723 	-2.284454 	5.1281105
-0.075675676 	-0.05 	0.273 	51.650923 	-2.2844743 	5.1284808
-0.074474474 	-0.05 	0.273 	51.635122 	-2.2844947 	5.128851
-0.073273273 	-0.05 	0.273 	51.619322 	-2.284515 	5.1292212
-0.072072072 	-0.05 	0.273 	51.603521 	-2.2845354 	5.1295915
-0.070870871 	-0.05 	0.273 	51.587721 	-2.2845557 	5.1299617
-0.06966967 	-0.05 	0.273 	51.57192 	-2.284576 	5.130332
-0.068468468 	-0.05 	0.273 	51.55612 	-2.2845964 	5.1307022
-0.067267267 	-0.05 	0.273 	51.540319 	-2.2846167 	5.1310725
-0.066066066 	-0.05 	0.273 	51.524443 	-2.2846643 	5.1314451
-0.064864865 	-0.05 	0.273 	51.508067 	-2.2848906 	5.1318335
-0.063663664 	-0.05 	0.273 	51.491691 	-2.2851168 	5.1322219
-0.062462462 	-0.05 	0.273 	51.475315 	-2.2853431 	5.1326102
-0.061261261 	-0.05 	0.273 	51.45894 	-2.2855693 	5.1329986
-0.06006006 	-0.05 	0.273 	51.444721 	-2.2891059 	5.1331549
-0.058858859 	-0.05 	0.273 	51.430799 	-2.2930993 	5.1332792
-0.057657658 	-0.05 	0.273 	51.416877 	-2.2970926 	5.1334035
-0.056456456 	-0.05 	0.273 	51.402955 	-2.301086 	5.1335278
-0.055255255 	-0.05 	0.273 	51.386273 	-2.3053371 	5.1336984
-0.054054054 	-0.05 	0.273 	51.367803 	-2.3094783 	5.1338397
-0.052852853 	-0.05 	0.273 	51.349333 	-2.3136195 	5.1339809
-0.051651652 	-0.05 	0.273 	51.330863 	-2.3177607 	5.1341222
-0.05045045 	-0.05 	0.273 	51.312393 	-2.3219018 	5.1342635
-0.049249249 	-0.05 	0.273 	51.293923 	-2.326043 	5.1344047
-0.048048048 	-0.05 	0.273 	51.275453 	-2.3301842 	5.134546
-0.046846847 	-0.05 	0.273 	51.256983 	-2.3343254 	5.1346873
-0.045645646 	-0.05 	0.273 	51.238512 	-2.3384665 	5.1348285
-0.044444444 	-0.05 	0.273 	51.220042 	-2.3426077 	5.1349698
-0.043243243 	-0.05 	0.273 	51.201572 	-2.3467489 	5.135111
-0.042042042 	-0.05 	0.273 	51.183102 	-2.3508901 	5.1352523
-0.040840841 	-0.05 	0.273 	51.164632 	-2.3550312 	5.1353936
-0.03963964 	-0.05 	0.273 	51.146162 	-2.3591724 	5.1355348
-0.038438438 	-0.05 	0.273 	51.127692 	-2.3633136 	5.1356761
-0.037237237 	-0.05 	0.273 	51.109222 	-2.3674548 	5.1358174
-0.036036036 	-0.05 	0.273 	51.090467 	-2.3717075 	5.135965
-0.034834835 	-0.05 	0.273 	51.068205 	-2.3773319 	5.1361907
-0.033633634 	-0.05 	0.273 	51.045944 	-2.3829562 	5.1364165
-0.032432432 	-0.05 	0.273 	51.023683 	-2.3885805 	5.1366423
-0.031231231 	-0.05 	0.273 	51.001422 	-2.3942048 	5.136868
-0.03003003 	-0.05 	0.273 	50.979847 	-2.4014061 	5.136859
-0.028828829 	-0.05 	0.273 	50.959221 	-2.4108555 	5.136509
-0.027627628 	-0.05 	0.273 	50.938596 	-2.4203048 	5.136159
-0.026426426 	-0.05 	0.273 	50.91797 	-2.4297541 	5.1358089
-0.025225225 	-0.05 	0.273 	50.897345 	-2.4392034 	5.1354589
-0.024024024 	-0.05 	0.273 	50.878785 	-2.4488442 	5.1351168
-0.022822823 	-0.05 	0.273 	50.861795 	-2.4586304 	5.1347808
-0.021621622 	-0.05 	0.273 	50.844806 	-2.4684167 	5.1344448
-0.02042042 	-0.05 	0.273 	50.821174 	-2.47778 	5.13439
-0.019219219 	-0.05 	0.273 	50.797333 	-2.4871299 	5.134344
-0.018018018 	-0.05 	0.273 	50.773492 	-2.4964799 	5.1342981
-0.016816817 	-0.05 	0.273 	50.749651 	-2.5058298 	5.1342521
-0.015615616 	-0.05 	0.273 	50.72581 	-2.5151797 	5.1342061
-0.014414414 	-0.05 	0.273 	50.701969 	-2.5245297 	5.1341602
-0.013213213 	-0.05 	0.273 	50.678128 	-2.5338796 	5.1341142
-0.012012012 	-0.05 	0.273 	50.654287 	-2.5432295 	5.1340682
-0.010810811 	-0.05 	0.273 	50.637009 	-2.5551765 	5.1334229
-0.0096096096 	-0.05 	0.273 	50.620369 	-2.5673761 	5.1327193
-0.0084084084 	-0.05 	0.273 	50.603729 	-2.5795756 	5.1320157
-0.0072072072 	-0.05 	0.273 	50.587088 	-2.5917752 	5.1313121
-0.006006006 	-0.05 	0.273 	50.570448 	-2.6039747 	5.1306085
-0.0048048048 	-0.05 	0.273 	50.552741 	-2.6156257 	5.1302337
-0.0036036036 	-0.05 	0.273 	50.534758 	-2.6271348 	5.1299439
-0.0024024024 	-0.05 	0.273 	50.516774 	-2.6386438 	5.1296542
-0.0012012012 	-0.05 	0.273 	50.498791 	-2.6501528 	5.1293644
-7.9667108e-15 	-0.05 	0.273 	50.480808 	-2.6616619 	5.1290747
