-1.2 	0.25 	0.364 	68.012706 	33.862382 	0.25501957
-1.2 	0.2496997 	0.364 	68.017972 	34.009597 	0.25795721
-1.2 	0.2493994 	0.364 	68.023237 	34.156813 	0.26089484
-1.2 	0.2490991 	0.364 	68.01168 	34.277004 	0.26367451
-1.2 	0.2487988 	0.364 	67.949077 	34.315193 	0.26597484
-1.2 	0.2484985 	0.364 	67.943406 	34.50345 	0.26899829
-1.2 	0.2481982 	0.364 	67.925001 	34.744724 	0.27197733
-1.2 	0.2478979 	0.364 	67.88839 	35.017913 	0.2748334
-1.2 	0.2475976 	0.364 	67.851779 	35.291103 	0.27768948
-1.2 	0.2472973 	0.364 	67.815168 	35.564292 	0.28054555
-1.2 	0.246997 	0.364 	67.778557 	35.837482 	0.28340163
-1.2 	0.2466967 	0.364 	67.741946 	36.110671 	0.28625771
-1.2 	0.2463964 	0.364 	67.705335 	36.38386 	0.28911378
-1.2 	0.2460961 	0.364 	67.668724 	36.65705 	0.29196986
-1.2 	0.2457958 	0.364 	67.632114 	36.930239 	0.29482593
-1.2 	0.2454955 	0.364 	67.595503 	37.203429 	0.29768201
-1.2 	0.2451952 	0.364 	67.558892 	37.476618 	0.30053808
-1.2 	0.24489489 	0.364 	67.512995 	37.732692 	0.3034729
-1.2 	0.24459459 	0.364 	67.422815 	37.907138 	0.30678321
-1.2 	0.24429429 	0.364 	67.332634 	38.081584 	0.31009353
-1.2 	0.24399399 	0.364 	67.245794 	38.293972 	0.31314789
-1.2 	0.24369369 	0.364 	67.170443 	38.636865 	0.31532185
-1.2 	0.24339339 	0.364 	67.004906 	39.297577 	0.32050312
-1.2 	0.24309309 	0.364 	66.951734 	39.603991 	0.32326899
-1.2 	0.24279279 	0.364 	66.898561 	39.910405 	0.32603485
-1.2 	0.24249249 	0.364 	66.845388 	40.216819 	0.32880072
-1.2 	0.24219219 	0.364 	66.792215 	40.523234 	0.33156659
-1.2 	0.24189189 	0.364 	66.739042 	40.829648 	0.33433245
-1.2 	0.24159159 	0.364 	66.685869 	41.136062 	0.33709832
-1.2 	0.24129129 	0.364 	66.682357 	41.374125 	0.33959955
-1.2 	0.24099099 	0.364 	66.612526 	41.549743 	0.3420858
-1.2 	0.24069069 	0.364 	66.404588 	41.734913 	0.34566452
-1.2 	0.24039039 	0.364 	66.364423 	42.015827 	0.3477803
-1.2 	0.24009009 	0.364 	66.324259 	42.296741 	0.34989607
-1.2 	0.23978979 	0.364 	66.284094 	42.577655 	0.35201184
-1.2 	0.23948949 	0.364 	66.243929 	42.858569 	0.35412761
-1.2 	0.23918919 	0.364 	66.203765 	43.139483 	0.35624338
-1.2 	0.23888889 	0.364 	66.1636 	43.420397 	0.35835916
-1.2 	0.23858859 	0.364 	66.075648 	43.48383 	0.3595227
-1.2 	0.23828829 	0.364 	65.957028 	44.006971 	0.36425599
-1.2 	0.23798799 	0.364 	65.902179 	44.329455 	0.36597741
-1.2 	0.23768769 	0.364 	65.84733 	44.65194 	0.36769884
-1.2 	0.23738739 	0.364 	65.792481 	44.974424 	0.36942026
-1.2 	0.23708709 	0.364 	65.737632 	45.296908 	0.37114168
-1.2 	0.23678679 	0.364 	65.682784 	45.619392 	0.37286311
-1.2 	0.23648649 	0.364 	65.627935 	45.941876 	0.37458453
-1.2 	0.23618619 	0.364 	65.573086 	46.26436 	0.37630596
-1.2 	0.23588589 	0.364 	65.600177 	46.436012 	0.37587592
-1.2 	0.23558559 	0.364 	65.356602 	46.79277 	0.37823574
-1.2 	0.23528529 	0.364 	65.256698 	47.069765 	0.37977094
-1.2 	0.23498498 	0.364 	65.171957 	47.361469 	0.38130794
-1.2 	0.23468468 	0.364 	65.087216 	47.653172 	0.38284494
-1.2 	0.23438438 	0.364 	65.002475 	47.944875 	0.38438195
-1.2 	0.23408408 	0.364 	64.917734 	48.236578 	0.38591895
-1.2 	0.23378378 	0.364 	64.832993 	48.528282 	0.38745595
-1.2 	0.23348348 	0.364 	64.748252 	48.819985 	0.38899295
-1.2 	0.23318318 	0.364 	64.676721 	48.983897 	0.38941859
-1.2 	0.23288288 	0.364 	64.447063 	49.416373 	0.38849319
-1.2 	0.23258258 	0.364 	64.219603 	49.808826 	0.39134007
-1.2 	0.23228228 	0.364 	64.001371 	50.173747 	0.39449762
-1.2 	0.23198198 	0.364 	63.783139 	50.538667 	0.39765517
-1.2 	0.23168168 	0.364 	63.564906 	50.903588 	0.40081273
-1.2 	0.23138138 	0.364 	63.346674 	51.268508 	0.40397028
-1.2 	0.23108108 	0.364 	63.128442 	51.633428 	0.40712783
-1.2 	0.23078078 	0.364 	62.910209 	51.998349 	0.41028539
-1.2 	0.23048048 	0.364 	62.73104 	52.185004 	0.4142618
-1.2 	0.23018018 	0.364 	62.234542 	52.738804 	0.41938688
-1.2 	0.22987988 	0.364 	61.962016 	52.991423 	0.42354528
-1.2 	0.22957958 	0.364 	61.742292 	53.200407 	0.42754688
-1.2 	0.22927928 	0.364 	61.522568 	53.409391 	0.43154848
-1.2 	0.22897898 	0.364 	61.302844 	53.618375 	0.43555008
-1.2 	0.22867868 	0.364 	61.08312 	53.82736 	0.43955168
-1.2 	0.22837838 	0.364 	60.863396 	54.036344 	0.44355328
-1.2 	0.22807808 	0.364 	60.643673 	54.245328 	0.44755488
-1.2 	0.22777778 	0.364 	60.423949 	54.454312 	0.45155648
-1.2 	0.22747748 	0.364 	60.204225 	54.663296 	0.45555808
-1.2 	0.22717718 	0.364 	60.200266 	54.538864 	0.45888275
-1.2 	0.22687688 	0.364 	59.660752 	54.897479 	0.46271522
-1.2 	0.22657658 	0.364 	59.026826 	55.431957 	0.46886314
-1.2 	0.22627628 	0.364 	58.392901 	55.966436 	0.47501106
-1.2 	0.22597598 	0.364 	57.758976 	56.500915 	0.48115897
-1.2 	0.22567568 	0.364 	57.12505 	57.035394 	0.48730689
-1.2 	0.22537538 	0.364 	56.491125 	57.569873 	0.49345481
-1.2 	0.22507508 	0.364 	55.859955 	58.108192 	0.49972237
-1.2 	0.22477477 	0.364 	55.343581 	58.503509 	0.50567579
-1.2 	0.22447447 	0.364 	54.655153 	58.941874 	0.51035663
-1.2 	0.22417417 	0.364 	54.360945 	59.55091 	0.51364037
-1.2 	0.22387387 	0.364 	54.309689 	60.416524 	0.51470034
-1.2 	0.22357357 	0.364 	54.094035 	61.24598 	0.51621764
-1.2 	0.22327327 	0.364 	53.87838 	62.075436 	0.51773495
-1.2 	0.22297297 	0.364 	53.45877 	62.926908 	0.51986978
-1.2 	0.22267267 	0.364 	52.939856 	63.789099 	0.52230528
-1.2 	0.22237237 	0.364 	52.420943 	64.65129 	0.52474079
-1.2 	0.22207207 	0.364 	51.88105 	65.508782 	0.52723513
-1.2 	0.22177177 	0.364 	51.103306 	66.276996 	0.53026986
-1.2 	0.22147147 	0.364 	50.09862 	66.955292 	0.53444489
-1.2 	0.22117117 	0.364 	49.488567 	67.331105 	0.54070435
-1.2 	0.22087087 	0.364 	48.878513 	67.706918 	0.54696381
-1.2 	0.22057057 	0.364 	48.268459 	68.082732 	0.55322327
-1.2 	0.22027027 	0.364 	47.557735 	68.506443 	0.55964742
-1.2 	0.21996997 	0.364 	46.550971 	69.071007 	0.56655585
-1.2 	0.21966967 	0.364 	45.544206 	69.635571 	0.57346429
-1.2 	0.21936937 	0.364 	44.622952 	70.112376 	0.58094141
-1.2 	0.21906907 	0.364 	44.401799 	70.475163 	0.58882031
-1.2 	0.21876877 	0.364 	40.911421 	71.697402 	0.59366841
-1.2 	0.21846847 	0.364 	39.894955 	72.243551 	0.59807005
-1.2 	0.21816817 	0.364 	38.696899 	72.780652 	0.6021619
-1.2 	0.21786787 	0.364 	37.17364 	73.331413 	0.60586802
-1.2 	0.21756757 	0.364 	35.65038 	73.882174 	0.60957415
-1.2 	0.21726727 	0.364 	34.122637 	74.403538 	0.61339136
-1.2 	0.21696697 	0.364 	32.564323 	74.724479 	0.61796595
-1.2 	0.21666667 	0.364 	30.365989 	75.07805 	0.6214529
-1.2 	0.21636637 	0.364 	27.030469 	74.307192 	0.61235983
-1.2 	0.21606607 	0.364 	21.795433 	64.425038 	0.54090132
-1.2 	0.21576577 	0.364 	16.560397 	54.542884 	0.46944281
-1.2 	0.21546547 	0.364 	12.295115 	44.857948 	0.39212298
-1.2 	0.21516517 	0.364 	9.6047622 	35.493305 	0.30528409
-1.2 	0.21486486 	0.364 	6.9144095 	26.128661 	0.21844519
-1.2 	0.21456456 	0.364 	4.2240569 	16.764018 	0.13160629
-1.2 	0.21426426 	0.364 	0.26600563 	1.1037121 	0.0081773951
