0 	0.25 	0.364 	53.472296 	-6.7705448 	-3.8481213
-0.0012012012 	0.25 	0.364 	53.477534 	-6.7821551 	-3.8491771
-0.0024024024 	0.25 	0.364 	53.482773 	-6.7937654 	-3.8502329
-0.0036036036 	0.25 	0.364 	53.488012 	-6.8053757 	-3.8512887
-0.0048048048 	0.25 	0.364 	53.495224 	-6.8163138 	-3.8523826
-0.006006006 	0.25 	0.364 	53.503121 	-6.8270188 	-3.8534898
-0.0072072072 	0.25 	0.364 	53.511018 	-6.8377238 	-3.854597
-0.0084084084 	0.25 	0.364 	53.518914 	-6.8484288 	-3.8557042
-0.0096096096 	0.25 	0.364 	53.526811 	-6.8591338 	-3.8568114
-0.010810811 	0.25 	0.364 	53.534708 	-6.8698388 	-3.8579186
-0.012012012 	0.25 	0.364 	53.542604 	-6.8805438 	-3.8590258
-0.013213213 	0.25 	0.364 	53.550501 	-6.8912488 	-3.860133
-0.014414414 	0.25 	0.364 	53.558398 	-6.9019538 	-3.8612402
-0.015615616 	0.25 	0.364 	53.566294 	-6.9126588 	-3.8623474
-0.016816817 	0.25 	0.364 	53.574191 	-6.9233638 	-3.8634546
-0.018018018 	0.25 	0.364 	53.582088 	-6.9340688 	-3.8645618
-0.019219219 	0.25 	0.364 	53.589984 	-6.9447738 	-3.865669
-0.02042042 	0.25 	0.364 	53.597881 	-6.9554788 	-3.8667762
-0.021621622 	0.25 	0.364 	53.606977 	-6.9675431 	-3.868202
-0.022822823 	0.25 	0.364 	53.616584 	-6.9801876 	-3.8697638
-0.024024024 	0.25 	0.364 	53.626191 	-6.9928321 	-3.8713256
-0.025225225 	0.25 	0.364 	53.635799 	-7.0054766 	-3.8728874
-0.026426426 	0.25 	0.364 	53.645406 	-7.0181211 	-3.8744492
-0.027627628 	0.25 	0.364 	53.655013 	-7.0307656 	-3.876011
-0.028828829 	0.25 	0.364 	53.66462 	-7.0434101 	-3.8775728
-0.03003003 	0.25 	0.364 	53.674228 	-7.0560546 	-3.8791346
-0.031231231 	0.25 	0.364 	53.683835 	-7.0686991 	-3.8806964
-0.032432432 	0.25 	0.364 	53.693442 	-7.0813436 	-3.8822582
-0.033633634 	0.25 	0.364 	53.70305 	-7.0939881 	-3.88382
-0.034834835 	0.25 	0.364 	53.712657 	-7.1066326 	-3.8853818
-0.036036036 	0.25 	0.364 	53.722264 	-7.119277 	-3.8869436
-0.037237237 	0.25 	0.364 	53.731871 	-7.1319215 	-3.8885054
-0.038438438 	0.25 	0.364 	53.741479 	-7.144566 	-3.8900672
-0.03963964 	0.25 	0.364 	53.751086 	-7.1572105 	-3.891629
-0.040840841 	0.25 	0.364 	53.760693 	-7.169855 	-3.8931909
-0.042042042 	0.25 	0.364 	53.7703 	-7.1824995 	-3.8947527
-0.043243243 	0.25 	0.364 	53.779908 	-7.195144 	-3.8963145
-0.044444444 	0.25 	0.364 	53.789515 	-7.2077885 	-3.8978763
-0.045645646 	0.25 	0.364 	53.799122 	-7.220433 	-3.8994381
-0.046846847 	0.25 	0.364 	53.80873 	-7.2330775 	-3.9009999
-0.048048048 	0.25 	0.364 	53.818337 	-7.245722 	-3.9025617
-0.049249249 	0.25 	0.364 	53.827944 	-7.2583665 	-3.9041235
-0.05045045 	0.25 	0.364 	53.837551 	-7.271011 	-3.9056853
-0.051651652 	0.25 	0.364 	53.847159 	-7.2836555 	-3.9072471
-0.052852853 	0.25 	0.364 	53.856766 	-7.2963 	-3.9088089
-0.054054054 	0.25 	0.364 	53.866373 	-7.3089445 	-3.9103707
-0.055255255 	0.25 	0.364 	53.876063 	-7.3215598 	-3.9119338
-0.056456456 	0.25 	0.364 	53.888254 	-7.3332854 	-3.9135383
-0.057657658 	0.25 	0.364 	53.900445 	-7.345011 	-3.9151427
-0.058858859 	0.25 	0.364 	53.912636 	-7.3567366 	-3.9167472
-0.06006006 	0.25 	0.364 	53.924827 	-7.3684622 	-3.9183516
-0.061261261 	0.25 	0.364 	53.935794 	-7.3829674 	-3.919627
-0.062462462 	0.25 	0.364 	53.946714 	-7.3975764 	-3.92089
-0.063663664 	0.25 	0.364 	53.957634 	-7.4121854 	-3.9221531
-0.064864865 	0.25 	0.364 	53.968555 	-7.4267944 	-3.9234162
-0.066066066 	0.25 	0.364 	53.981147 	-7.4390958 	-3.9247646
-0.067267267 	0.25 	0.364 	53.993919 	-7.4511508 	-3.9261222
-0.068468468 	0.25 	0.364 	54.00669 	-7.4632058 	-3.9274797
-0.06966967 	0.25 	0.364 	54.019461 	-7.4752608 	-3.9288373
-0.070870871 	0.25 	0.364 	54.032233 	-7.4873158 	-3.9301949
-0.072072072 	0.25 	0.364 	54.045004 	-7.4993708 	-3.9315524
-0.073273273 	0.25 	0.364 	54.057775 	-7.5114258 	-3.93291
-0.074474474 	0.25 	0.364 	54.070547 	-7.5234809 	-3.9342675
-0.075675676 	0.25 	0.364 	54.083318 	-7.5355359 	-3.9356251
-0.076876877 	0.25 	0.364 	54.096089 	-7.5475909 	-3.9369827
-0.078078078 	0.25 	0.364 	54.10886 	-7.5596459 	-3.9383402
-0.079279279 	0.25 	0.364 	54.121632 	-7.5717009 	-3.9396978
-0.08048048 	0.25 	0.364 	54.134403 	-7.5837559 	-3.9410554
-0.081681682 	0.25 	0.364 	54.147174 	-7.5958109 	-3.9424129
-0.082882883 	0.25 	0.364 	54.159946 	-7.6078659 	-3.9437705
-0.084084084 	0.25 	0.364 	54.172717 	-7.6199209 	-3.945128
-0.085285285 	0.25 	0.364 	54.185488 	-7.631976 	-3.9464856
-0.086486486 	0.25 	0.364 	54.198259 	-7.644031 	-3.9478432
-0.087687688 	0.25 	0.364 	54.211031 	-7.656086 	-3.9492007
-0.088888889 	0.25 	0.364 	54.223802 	-7.668141 	-3.9505583
-0.09009009 	0.25 	0.364 	54.236573 	-7.680196 	-3.9519158
-0.091291291 	0.25 	0.364 	54.249345 	-7.692251 	-3.9532734
-0.092492492 	0.25 	0.364 	54.262116 	-7.704306 	-3.954631
-0.093693694 	0.25 	0.364 	54.274887 	-7.716361 	-3.9559885
-0.094894895 	0.25 	0.364 	54.287659 	-7.728416 	-3.9573461
-0.096096096 	0.25 	0.364 	54.30043 	-7.740471 	-3.9587036
-0.097297297 	0.25 	0.364 	54.313201 	-7.7525261 	-3.9600612
-0.098498498 	0.25 	0.364 	54.325972 	-7.7645811 	-3.9614188
-0.0996997 	0.25 	0.364 	54.338744 	-7.7766361 	-3.9627763
-0.1009009 	0.25 	0.364 	54.351048 	-7.7875938 	-3.964054
-0.1021021 	0.25 	0.364 	54.363324 	-7.7984876 	-3.9653269
-0.1033033 	0.25 	0.364 	54.375601 	-7.8093814 	-3.9665999
-0.1045045 	0.25 	0.364 	54.387878 	-7.8202752 	-3.9678729
-0.10570571 	0.25 	0.364 	54.400155 	-7.831169 	-3.9691458
-0.10690691 	0.25 	0.364 	54.412431 	-7.8420628 	-3.9704188
-0.10810811 	0.25 	0.364 	54.424708 	-7.8529566 	-3.9716918
-0.10930931 	0.25 	0.364 	54.436985 	-7.8638504 	-3.9729648
-0.11051051 	0.25 	0.364 	54.449261 	-7.8747441 	-3.9742377
-0.11171171 	0.25 	0.364 	54.461538 	-7.8856379 	-3.9755107
-0.11291291 	0.25 	0.364 	54.473815 	-7.8965317 	-3.9767837
-0.11411411 	0.25 	0.364 	54.486092 	-7.9074255 	-3.9780566
-0.11531532 	0.25 	0.364 	54.498368 	-7.9183193 	-3.9793296
-0.11651652 	0.25 	0.364 	54.511221 	-7.928616 	-3.9805714
-0.11771772 	0.25 	0.364 	54.525641 	-7.9372849 	-3.9817281
-0.11891892 	0.25 	0.364 	54.540062 	-7.9459539 	-3.9828848
-0.12012012 	0.25 	0.364 	54.554483 	-7.9546229 	-3.9840415
-0.12132132 	0.25 	0.364 	54.568524 	-7.9636203 	-3.9851881
-0.12252252 	0.25 	0.364 	54.581115 	-7.9738695 	-3.9862959
-0.12372372 	0.25 	0.364 	54.593707 	-7.9841186 	-3.9874038
-0.12492492 	0.25 	0.364 	54.606298 	-7.9943677 	-3.9885116
-0.12612613 	0.25 	0.364 	54.619288 	-8.0046644 	-3.9895979
-0.12732733 	0.25 	0.364 	54.634527 	-8.0152299 	-3.9905622
-0.12852853 	0.25 	0.364 	54.649767 	-8.0257954 	-3.9915266
-0.12972973 	0.25 	0.364 	54.665007 	-8.0363609 	-3.9924909
-0.13093093 	0.25 	0.364 	54.680247 	-8.0469264 	-3.9934553
-0.13213213 	0.25 	0.364 	54.695487 	-8.057492 	-3.9944196
-0.13333333 	0.25 	0.364 	54.710726 	-8.0680575 	-3.995384
-0.13453453 	0.25 	0.364 	54.725966 	-8.078623 	-3.9963483
-0.13573574 	0.25 	0.364 	54.741206 	-8.0891885 	-3.9973127
-0.13693694 	0.25 	0.364 	54.756446 	-8.099754 	-3.998277
-0.13813814 	0.25 	0.364 	54.771686 	-8.1103195 	-3.9992414
-0.13933934 	0.25 	0.364 	54.786925 	-8.120885 	-4.0002057
-0.14054054 	0.25 	0.364 	54.802165 	-8.1314506 	-4.0011701
-0.14174174 	0.25 	0.364 	54.817405 	-8.1420161 	-4.0021344
-0.14294294 	0.25 	0.364 	54.833147 	-8.1526555 	-4.0031249
-0.14414414 	0.25 	0.364 	54.849179 	-8.1633377 	-4.0041305
-0.14534535 	0.25 	0.364 	54.865212 	-8.17402 	-4.0051361
-0.14654655 	0.25 	0.364 	54.881244 	-8.1847022 	-4.0061417
-0.14774775 	0.25 	0.364 	54.897277 	-8.1953844 	-4.0071474
-0.14894895 	0.25 	0.364 	54.913309 	-8.2060666 	-4.008153
-0.15015015 	0.25 	0.364 	54.929342 	-8.2167488 	-4.0091586
-0.15135135 	0.25 	0.364 	54.945374 	-8.227431 	-4.0101642
-0.15255255 	0.25 	0.364 	54.961407 	-8.2381132 	-4.0111698
-0.15375375 	0.25 	0.364 	54.977439 	-8.2487954 	-4.0121754
-0.15495495 	0.25 	0.364 	54.993471 	-8.2594776 	-4.013181
-0.15615616 	0.25 	0.364 	55.009504 	-8.2701598 	-4.0141867
-0.15735736 	0.25 	0.364 	55.025536 	-8.280842 	-4.0151923
-0.15855856 	0.25 	0.364 	55.041569 	-8.2915243 	-4.0161979
-0.15975976 	0.25 	0.364 	55.057601 	-8.3022065 	-4.0172035
-0.16096096 	0.25 	0.364 	55.073634 	-8.3128887 	-4.0182091
-0.16216216 	0.25 	0.364 	55.089666 	-8.3235709 	-4.0192147
-0.16336336 	0.25 	0.364 	55.105699 	-8.3342531 	-4.0202203
-0.16456456 	0.25 	0.364 	55.121731 	-8.3449353 	-4.0212259
-0.16576577 	0.25 	0.364 	55.137764 	-8.3556175 	-4.0222316
-0.16696697 	0.25 	0.364 	55.153796 	-8.3662997 	-4.0232372
-0.16816817 	0.25 	0.364 	55.169828 	-8.3769819 	-4.0242428
-0.16936937 	0.25 	0.364 	55.185861 	-8.3876641 	-4.0252484
-0.17057057 	0.25 	0.364 	55.201893 	-8.3983463 	-4.026254
-0.17177177 	0.25 	0.364 	55.217926 	-8.4090285 	-4.0272596
-0.17297297 	0.25 	0.364 	55.233958 	-8.4197108 	-4.0282652
-0.17417417 	0.25 	0.364 	55.249991 	-8.430393 	-4.0292709
-0.17537538 	0.25 	0.364 	55.266023 	-8.4410752 	-4.0302765
-0.17657658 	0.25 	0.364 	55.282056 	-8.4517574 	-4.0312821
-0.17777778 	0.25 	0.364 	55.299521 	-8.4626537 	-4.0321973
-0.17897898 	0.25 	0.364 	55.31821 	-8.4737327 	-4.0330355
-0.18018018 	0.25 	0.364 	55.336898 	-8.4848117 	-4.0338737
-0.18138138 	0.25 	0.364 	55.355587 	-8.4958907 	-4.0347119
-0.18258258 	0.25 	0.364 	55.373654 	-8.5071639 	-4.0354592
-0.18378378 	0.25 	0.364 	55.391052 	-8.5186466 	-4.0361083
-0.18498498 	0.25 	0.364 	55.408449 	-8.5301294 	-4.0367575
-0.18618619 	0.25 	0.364 	55.425847 	-8.5416121 	-4.0374066
-0.18738739 	0.25 	0.364 	55.443765 	-8.5524761 	-4.0380188
-0.18858859 	0.25 	0.364 	55.462397 	-8.5624905 	-4.0385801
-0.18978979 	0.25 	0.364 	55.48103 	-8.5725049 	-4.0391415
-0.19099099 	0.25 	0.364 	55.499663 	-8.5825192 	-4.0397028
-0.19219219 	0.25 	0.364 	55.518296 	-8.5925336 	-4.0402641
-0.19339339 	0.25 	0.364 	55.536928 	-8.602548 	-4.0408255
-0.19459459 	0.25 	0.364 	55.555561 	-8.6125623 	-4.0413868
-0.1957958 	0.25 	0.364 	55.574194 	-8.6225767 	-4.0419482
-0.196997 	0.25 	0.364 	55.592827 	-8.632591 	-4.0425095
-0.1981982 	0.25 	0.364 	55.61146 	-8.6426054 	-4.0430708
-0.1993994 	0.25 	0.364 	55.630092 	-8.6526198 	-4.0436322
-0.2006006 	0.25 	0.364 	55.648725 	-8.6626341 	-4.0441935
-0.2018018 	0.25 	0.364 	55.667358 	-8.6726485 	-4.0447548
-0.203003 	0.25 	0.364 	55.685991 	-8.6826629 	-4.0453162
-0.2042042 	0.25 	0.364 	55.704624 	-8.6926772 	-4.0458775
-0.20540541 	0.25 	0.364 	55.723256 	-8.7026916 	-4.0464389
-0.20660661 	0.25 	0.364 	55.741889 	-8.712706 	-4.0470002
-0.20780781 	0.25 	0.364 	55.760522 	-8.7227203 	-4.0475615
-0.20900901 	0.25 	0.364 	55.779155 	-8.7327347 	-4.0481229
-0.21021021 	0.25 	0.364 	55.797787 	-8.7427491 	-4.0486842
-0.21141141 	0.25 	0.364 	55.81642 	-8.7527634 	-4.0492456
-0.21261261 	0.25 	0.364 	55.835053 	-8.7627778 	-4.0498069
-0.21381381 	0.25 	0.364 	55.853686 	-8.7727921 	-4.0503682
-0.21501502 	0.25 	0.364 	55.872319 	-8.7828065 	-4.0509296
-0.21621622 	0.25 	0.364 	55.890951 	-8.7928209 	-4.0514909
-0.21741742 	0.25 	0.364 	55.909584 	-8.8028352 	-4.0520522
-0.21861862 	0.25 	0.364 	55.928217 	-8.8128496 	-4.0526136
-0.21981982 	0.25 	0.364 	55.94685 	-8.822864 	-4.0531749
-0.22102102 	0.25 	0.364 	55.965483 	-8.8328783 	-4.0537363
-0.22222222 	0.25 	0.364 	55.984115 	-8.8428927 	-4.0542976
-0.22342342 	0.25 	0.364 	56.002017 	-8.8521438 	-4.0548293
-0.22462462 	0.25 	0.364 	56.019902 	-8.8613783 	-4.0553604
-0.22582583 	0.25 	0.364 	56.037788 	-8.8706128 	-4.0558915
-0.22702703 	0.25 	0.364 	56.055674 	-8.8798473 	-4.0564225
-0.22822823 	0.25 	0.364 	56.073559 	-8.8890819 	-4.0569536
-0.22942943 	0.25 	0.364 	56.091445 	-8.8983164 	-4.0574847
-0.23063063 	0.25 	0.364 	56.109331 	-8.9075509 	-4.0580157
-0.23183183 	0.25 	0.364 	56.127216 	-8.9167855 	-4.0585468
-0.23303303 	0.25 	0.364 	56.145102 	-8.92602 	-4.0590779
-0.23423423 	0.25 	0.364 	56.162987 	-8.9352545 	-4.059609
-0.23543544 	0.25 	0.364 	56.180873 	-8.9444891 	-4.06014
-0.23663664 	0.25 	0.364 	56.198759 	-8.9537236 	-4.0606711
-0.23783784 	0.25 	0.364 	56.216644 	-8.9629581 	-4.0612022
-0.23903904 	0.25 	0.364 	56.235797 	-8.9712955 	-4.0615917
-0.24024024 	0.25 	0.364 	56.25528 	-8.9793989 	-4.0619444
-0.24144144 	0.25 	0.364 	56.274762 	-8.9875023 	-4.0622971
-0.24264264 	0.25 	0.364 	56.294245 	-8.9956057 	-4.0626497
-0.24384384 	0.25 	0.364 	56.313152 	-9.0036381 	-4.0628869
-0.24504505 	0.25 	0.364 	56.331848 	-9.0116448 	-4.0630821
-0.24624625 	0.25 	0.364 	56.350544 	-9.0196514 	-4.0632772
-0.24744745 	0.25 	0.364 	56.36924 	-9.027658 	-4.0634723
-0.24864865 	0.25 	0.364 	56.388769 	-9.0364589 	-4.0635131
-0.24984985 	0.25 	0.364 	56.408701 	-9.0456437 	-4.0634791
-0.25105105 	0.25 	0.364 	56.428632 	-9.0548285 	-4.0634452
-0.25225225 	0.25 	0.364 	56.448564 	-9.0640132 	-4.0634113
-0.25345345 	0.25 	0.364 	56.468496 	-9.073198 	-4.0633774
-0.25465465 	0.25 	0.364 	56.488427 	-9.0823827 	-4.0633435
-0.25585586 	0.25 	0.364 	56.508359 	-9.0915675 	-4.0633096
-0.25705706 	0.25 	0.364 	56.528291 	-9.1007522 	-4.0632757
-0.25825826 	0.25 	0.364 	56.548222 	-9.109937 	-4.0632418
-0.25945946 	0.25 	0.364 	56.568154 	-9.1191217 	-4.0632079
-0.26066066 	0.25 	0.364 	56.588085 	-9.1283065 	-4.0631739
-0.26186186 	0.25 	0.364 	56.608017 	-9.1374912 	-4.06314
-0.26306306 	0.25 	0.364 	56.627949 	-9.146676 	-4.0631061
-0.26426426 	0.25 	0.364 	56.648317 	-9.1559367 	-4.0631178
-0.26546547 	0.25 	0.364 	56.66892 	-9.1652381 	-4.0631539
-0.26666667 	0.25 	0.364 	56.689522 	-9.1745394 	-4.0631899
-0.26786787 	0.25 	0.364 	56.710125 	-9.1838407 	-4.063226
-0.26906907 	0.25 	0.364 	56.730727 	-9.1931421 	-4.063262
-0.27027027 	0.25 	0.364 	56.751329 	-9.2024434 	-4.0632981
-0.27147147 	0.25 	0.364 	56.771932 	-9.2117447 	-4.0633341
-0.27267267 	0.25 	0.364 	56.792534 	-9.2210461 	-4.0633702
-0.27387387 	0.25 	0.364 	56.813137 	-9.2303474 	-4.0634062
-0.27507508 	0.25 	0.364 	56.833739 	-9.2396487 	-4.0634423
-0.27627628 	0.25 	0.364 	56.854341 	-9.24895 	-4.0634783
-0.27747748 	0.25 	0.364 	56.874944 	-9.2582514 	-4.0635144
-0.27867868 	0.25 	0.364 	56.895546 	-9.2675527 	-4.0635504
-0.27987988 	0.25 	0.364 	56.916149 	-9.276854 	-4.0635865
-0.28108108 	0.25 	0.364 	56.936751 	-9.2861554 	-4.0636225
-0.28228228 	0.25 	0.364 	56.957354 	-9.2954567 	-4.0636586
-0.28348348 	0.25 	0.364 	56.977956 	-9.304758 	-4.0636946
-0.28468468 	0.25 	0.364 	56.998558 	-9.3140594 	-4.0637307
-0.28588589 	0.25 	0.364 	57.019161 	-9.3233607 	-4.0637667
-0.28708709 	0.25 	0.364 	57.039763 	-9.332662 	-4.0638028
-0.28828829 	0.25 	0.364 	57.060366 	-9.3419633 	-4.0638388
-0.28948949 	0.25 	0.364 	57.080968 	-9.3512647 	-4.0638749
-0.29069069 	0.25 	0.364 	57.10157 	-9.360566 	-4.0639109
-0.29189189 	0.25 	0.364 	57.122173 	-9.3698673 	-4.0639469
-0.29309309 	0.25 	0.364 	57.142775 	-9.3791687 	-4.063983
-0.29429429 	0.25 	0.364 	57.163378 	-9.38847 	-4.064019
-0.2954955 	0.25 	0.364 	57.18398 	-9.3977713 	-4.0640551
-0.2966967 	0.25 	0.364 	57.204582 	-9.4070726 	-4.0640911
-0.2978979 	0.25 	0.364 	57.225185 	-9.416374 	-4.0641272
-0.2990991 	0.25 	0.364 	57.245862 	-9.4257464 	-4.0641541
-0.3003003 	0.25 	0.364 	57.267814 	-9.4363349 	-4.0640247
-0.3015015 	0.25 	0.364 	57.289766 	-9.4469234 	-4.0638953
-0.3027027 	0.25 	0.364 	57.311717 	-9.4575119 	-4.0637659
-0.3039039 	0.25 	0.364 	57.333669 	-9.4681004 	-4.0636365
-0.30510511 	0.25 	0.364 	57.357227 	-9.4777628 	-4.0631228
-0.30630631 	0.25 	0.364 	57.380791 	-9.4874218 	-4.0626077
-0.30750751 	0.25 	0.364 	57.404355 	-9.4970807 	-4.0620925
-0.30870871 	0.25 	0.364 	57.427919 	-9.5067397 	-4.0615774
-0.30990991 	0.25 	0.364 	57.450674 	-9.5152037 	-4.0610597
-0.31111111 	0.25 	0.364 	57.473373 	-9.5235859 	-4.0605418
-0.31231231 	0.25 	0.364 	57.496073 	-9.5319681 	-4.0600239
-0.31351351 	0.25 	0.364 	57.518772 	-9.5403503 	-4.0595061
-0.31471471 	0.25 	0.364 	57.541472 	-9.5487325 	-4.0589882
-0.31591592 	0.25 	0.364 	57.564171 	-9.5571147 	-4.0584703
-0.31711712 	0.25 	0.364 	57.58687 	-9.5654969 	-4.0579525
-0.31831832 	0.25 	0.364 	57.60957 	-9.5738791 	-4.0574346
-0.31951952 	0.25 	0.364 	57.632269 	-9.5822613 	-4.0569167
-0.32072072 	0.25 	0.364 	57.654969 	-9.5906435 	-4.0563989
-0.32192192 	0.25 	0.364 	57.677668 	-9.5990257 	-4.055881
-0.32312312 	0.25 	0.364 	57.700368 	-9.6074079 	-4.0553631
-0.32432432 	0.25 	0.364 	57.723067 	-9.6157901 	-4.0548452
-0.32552553 	0.25 	0.364 	57.745766 	-9.6241723 	-4.0543274
-0.32672673 	0.25 	0.364 	57.768466 	-9.6325545 	-4.0538095
-0.32792793 	0.25 	0.364 	57.791165 	-9.6409367 	-4.0532916
-0.32912913 	0.25 	0.364 	57.813865 	-9.6493189 	-4.0527738
-0.33033033 	0.25 	0.364 	57.836564 	-9.6577011 	-4.0522559
-0.33153153 	0.25 	0.364 	57.859264 	-9.6660833 	-4.051738
-0.33273273 	0.25 	0.364 	57.881963 	-9.6744655 	-4.0512201
-0.33393393 	0.25 	0.364 	57.904662 	-9.6828477 	-4.0507023
-0.33513514 	0.25 	0.364 	57.927362 	-9.6912299 	-4.0501844
-0.33633634 	0.25 	0.364 	57.950061 	-9.6996121 	-4.0496665
-0.33753754 	0.25 	0.364 	57.972761 	-9.7079943 	-4.0491487
-0.33873874 	0.25 	0.364 	57.99546 	-9.7163765 	-4.0486308
-0.33993994 	0.25 	0.364 	58.01816 	-9.7247587 	-4.0481129
-0.34114114 	0.25 	0.364 	58.040859 	-9.7331409 	-4.0475951
-0.34234234 	0.25 	0.364 	58.063558 	-9.7415231 	-4.0470772
-0.34354354 	0.25 	0.364 	58.086258 	-9.7499053 	-4.0465593
-0.34474474 	0.25 	0.364 	58.108957 	-9.7582875 	-4.0460414
-0.34594595 	0.25 	0.364 	58.131858 	-9.766428 	-4.0452999
-0.34714715 	0.25 	0.364 	58.154766 	-9.7745601 	-4.0445505
-0.34834835 	0.25 	0.364 	58.177673 	-9.7826922 	-4.0438012
-0.34954955 	0.25 	0.364 	58.200581 	-9.7908243 	-4.0430518
-0.35075075 	0.25 	0.364 	58.223489 	-9.7989563 	-4.0423024
-0.35195195 	0.25 	0.364 	58.246396 	-9.8070884 	-4.0415531
-0.35315315 	0.25 	0.364 	58.269304 	-9.8152205 	-4.0408037
-0.35435435 	0.25 	0.364 	58.292212 	-9.8233526 	-4.0400543
-0.35555556 	0.25 	0.364 	58.315119 	-9.8314846 	-4.039305
-0.35675676 	0.25 	0.364 	58.338027 	-9.8396167 	-4.0385556
-0.35795796 	0.25 	0.364 	58.360935 	-9.8477488 	-4.0378062
-0.35915916 	0.25 	0.364 	58.383842 	-9.8558808 	-4.0370569
-0.36036036 	0.25 	0.364 	58.406575 	-9.8637012 	-4.0363254
-0.36156156 	0.25 	0.364 	58.428908 	-9.8708077 	-4.0356349
-0.36276276 	0.25 	0.364 	58.451241 	-9.8779142 	-4.0349444
-0.36396396 	0.25 	0.364 	58.473574 	-9.8850207 	-4.0342539
-0.36516517 	0.25 	0.364 	58.49721 	-9.8919091 	-4.0334349
-0.36636637 	0.25 	0.364 	58.524889 	-9.8981214 	-4.0322171
-0.36756757 	0.25 	0.364 	58.552568 	-9.9043336 	-4.0309993
-0.36876877 	0.25 	0.364 	58.580246 	-9.9105458 	-4.0297815
-0.36996997 	0.25 	0.364 	58.607569 	-9.9165699 	-4.0285498
-0.37117117 	0.25 	0.364 	58.633325 	-9.9217658 	-4.0272569
-0.37237237 	0.25 	0.364 	58.65908 	-9.9269616 	-4.0259639
-0.37357357 	0.25 	0.364 	58.684836 	-9.9321575 	-4.024671
-0.37477477 	0.25 	0.364 	58.710592 	-9.9373533 	-4.023378
-0.37597598 	0.25 	0.364 	58.736347 	-9.9425492 	-4.022085
-0.37717718 	0.25 	0.364 	58.762103 	-9.947745 	-4.0207921
-0.37837838 	0.25 	0.364 	58.787858 	-9.9529409 	-4.0194991
-0.37957958 	0.25 	0.364 	58.813614 	-9.9581367 	-4.0182062
-0.38078078 	0.25 	0.364 	58.83937 	-9.9633326 	-4.0169132
-0.38198198 	0.25 	0.364 	58.865125 	-9.9685284 	-4.0156202
-0.38318318 	0.25 	0.364 	58.890881 	-9.9737243 	-4.0143273
-0.38438438 	0.25 	0.364 	58.916636 	-9.9789202 	-4.0130343
-0.38558559 	0.25 	0.364 	58.940878 	-9.9854031 	-4.0119631
-0.38678679 	0.25 	0.364 	58.964515 	-9.9924008 	-4.0109805
-0.38798799 	0.25 	0.364 	58.988152 	-9.9993985 	-4.0099979
-0.38918919 	0.25 	0.364 	59.011788 	-10.006396 	-4.0090153
-0.39039039 	0.25 	0.364 	59.035425 	-10.013394 	-4.0080327
-0.39159159 	0.25 	0.364 	59.059062 	-10.020392 	-4.0070501
-0.39279279 	0.25 	0.364 	59.082699 	-10.027389 	-4.0060675
-0.39399399 	0.25 	0.364 	59.106335 	-10.034387 	-4.0050849
-0.3951952 	0.25 	0.364 	59.129972 	-10.041385 	-4.0041023
-0.3963964 	0.25 	0.364 	59.153609 	-10.048382 	-4.0031197
-0.3975976 	0.25 	0.364 	59.177245 	-10.05538 	-4.0021371
-0.3987988 	0.25 	0.364 	59.200882 	-10.062378 	-4.0011545
-0.4 	0.25 	0.364 	59.224519 	-10.069375 	-4.0001719
-0.4012012 	0.25 	0.364 	59.248156 	-10.076373 	-3.9991893
-0.4024024 	0.25 	0.364 	59.271792 	-10.083371 	-3.9982067
-0.4036036 	0.25 	0.364 	59.295429 	-10.090368 	-3.9972241
-0.4048048 	0.25 	0.364 	59.319066 	-10.097366 	-3.9962415
-0.40600601 	0.25 	0.364 	59.342702 	-10.104364 	-3.9952589
-0.40720721 	0.25 	0.364 	59.366339 	-10.111361 	-3.9942763
-0.40840841 	0.25 	0.364 	59.389976 	-10.118359 	-3.9932937
-0.40960961 	0.25 	0.364 	59.413613 	-10.125357 	-3.9923111
-0.41081081 	0.25 	0.364 	59.437249 	-10.132355 	-3.9913285
-0.41201201 	0.25 	0.364 	59.460886 	-10.139352 	-3.9903459
-0.41321321 	0.25 	0.364 	59.484523 	-10.14635 	-3.9893633
-0.41441441 	0.25 	0.364 	59.508159 	-10.153348 	-3.9883807
-0.41561562 	0.25 	0.364 	59.531796 	-10.160345 	-3.9873981
-0.41681682 	0.25 	0.364 	59.555433 	-10.167343 	-3.9864155
-0.41801802 	0.25 	0.364 	59.57907 	-10.174341 	-3.9854329
-0.41921922 	0.25 	0.364 	59.602706 	-10.181338 	-3.9844503
-0.42042042 	0.25 	0.364 	59.626343 	-10.188336 	-3.9834677
-0.42162162 	0.25 	0.364 	59.649045 	-10.194869 	-3.9825034
-0.42282282 	0.25 	0.364 	59.671033 	-10.201046 	-3.9815531
-0.42402402 	0.25 	0.364 	59.693021 	-10.207224 	-3.9806028
-0.42522523 	0.25 	0.364 	59.715009 	-10.213401 	-3.9796525
-0.42642643 	0.25 	0.364 	59.741843 	-10.220984 	-3.9783533
-0.42762763 	0.25 	0.364 	59.773381 	-10.22993 	-3.9767156
-0.42882883 	0.25 	0.364 	59.804918 	-10.238876 	-3.9750779
-0.43003003 	0.25 	0.364 	59.836456 	-10.247822 	-3.9734402
-0.43123123 	0.25 	0.364 	59.864808 	-10.255014 	-3.9719272
-0.43243243 	0.25 	0.364 	59.889223 	-10.260036 	-3.9705684
-0.43363363 	0.25 	0.364 	59.913638 	-10.265058 	-3.9692095
-0.43483483 	0.25 	0.364 	59.938053 	-10.27008 	-3.9678507
-0.43603604 	0.25 	0.364 	59.962469 	-10.275103 	-3.9664919
-0.43723724 	0.25 	0.364 	59.986884 	-10.280125 	-3.9651331
-0.43843844 	0.25 	0.364 	60.011299 	-10.285147 	-3.9637743
-0.43963964 	0.25 	0.364 	60.035714 	-10.290169 	-3.9624155
-0.44084084 	0.25 	0.364 	60.060129 	-10.295192 	-3.9610566
-0.44204204 	0.25 	0.364 	60.084544 	-10.300214 	-3.9596978
-0.44324324 	0.25 	0.364 	60.108959 	-10.305236 	-3.958339
-0.44444444 	0.25 	0.364 	60.133375 	-10.310259 	-3.9569802
-0.44564565 	0.25 	0.364 	60.15779 	-10.315281 	-3.9556214
-0.44684685 	0.25 	0.364 	60.182205 	-10.320303 	-3.9542626
-0.44804805 	0.25 	0.364 	60.20662 	-10.325325 	-3.9529037
-0.44924925 	0.25 	0.364 	60.231035 	-10.330348 	-3.9515449
-0.45045045 	0.25 	0.364 	60.25545 	-10.33537 	-3.9501861
-0.45165165 	0.25 	0.364 	60.279865 	-10.340392 	-3.9488273
-0.45285285 	0.25 	0.364 	60.30428 	-10.345414 	-3.9474685
-0.45405405 	0.25 	0.364 	60.328696 	-10.350437 	-3.9461097
-0.45525526 	0.25 	0.364 	60.353111 	-10.355459 	-3.9447508
-0.45645646 	0.25 	0.364 	60.377526 	-10.360481 	-3.943392
-0.45765766 	0.25 	0.364 	60.401941 	-10.365504 	-3.9420332
-0.45885886 	0.25 	0.364 	60.426356 	-10.370526 	-3.9406744
-0.46006006 	0.25 	0.364 	60.450771 	-10.375548 	-3.9393156
-0.46126126 	0.25 	0.364 	60.475186 	-10.38057 	-3.9379568
-0.46246246 	0.25 	0.364 	60.499602 	-10.385593 	-3.9365979
-0.46366366 	0.25 	0.364 	60.524017 	-10.390615 	-3.9352391
-0.46486486 	0.25 	0.364 	60.548432 	-10.395637 	-3.9338803
-0.46606607 	0.25 	0.364 	60.572847 	-10.40066 	-3.9325215
-0.46726727 	0.25 	0.364 	60.597262 	-10.405682 	-3.9311627
-0.46846847 	0.25 	0.364 	60.624621 	-10.411791 	-3.929428
-0.46966967 	0.25 	0.364 	60.652438 	-10.418069 	-3.9276349
-0.47087087 	0.25 	0.364 	60.680255 	-10.424347 	-3.9258418
-0.47207207 	0.25 	0.364 	60.708073 	-10.430625 	-3.9240487
-0.47327327 	0.25 	0.364 	60.73589 	-10.436903 	-3.9222556
-0.47447447 	0.25 	0.364 	60.763707 	-10.44318 	-3.9204625
-0.47567568 	0.25 	0.364 	60.791524 	-10.449458 	-3.9186694
-0.47687688 	0.25 	0.364 	60.819342 	-10.455736 	-3.9168762
-0.47807808 	0.25 	0.364 	60.847159 	-10.462014 	-3.9150831
-0.47927928 	0.25 	0.364 	60.874976 	-10.468292 	-3.91329
-0.48048048 	0.25 	0.364 	60.902793 	-10.47457 	-3.9114969
-0.48168168 	0.25 	0.364 	60.93061 	-10.480848 	-3.9097038
-0.48288288 	0.25 	0.364 	60.953095 	-10.48408 	-3.9083297
-0.48408408 	0.25 	0.364 	60.974361 	-10.486615 	-3.9070514
-0.48528529 	0.25 	0.364 	60.995626 	-10.48915 	-3.9057731
-0.48648649 	0.25 	0.364 	61.016892 	-10.491685 	-3.9044948
-0.48768769 	0.25 	0.364 	61.047339 	-10.497339 	-3.9024583
-0.48888889 	0.25 	0.364 	61.080788 	-10.504012 	-3.9001739
-0.49009009 	0.25 	0.364 	61.114238 	-10.510686 	-3.8978894
-0.49129129 	0.25 	0.364 	61.147688 	-10.517359 	-3.895605
-0.49249249 	0.25 	0.364 	61.178303 	-10.522178 	-3.8933597
-0.49369369 	0.25 	0.364 	61.207662 	-10.526174 	-3.8911319
-0.49489489 	0.25 	0.364 	61.237021 	-10.530171 	-3.888904
-0.4960961 	0.25 	0.364 	61.26638 	-10.534168 	-3.8866762
-0.4972973 	0.25 	0.364 	61.295739 	-10.538164 	-3.8844483
-0.4984985 	0.25 	0.364 	61.325098 	-10.542161 	-3.8822205
-0.4996997 	0.25 	0.364 	61.354457 	-10.546158 	-3.8799927
-0.5009009 	0.25 	0.364 	61.383816 	-10.550154 	-3.8777648
-0.5021021 	0.25 	0.364 	61.413175 	-10.554151 	-3.875537
-0.5033033 	0.25 	0.364 	61.442534 	-10.558148 	-3.8733091
-0.5045045 	0.25 	0.364 	61.471893 	-10.562145 	-3.8710813
-0.50570571 	0.25 	0.364 	61.501252 	-10.566141 	-3.8688534
-0.50690691 	0.25 	0.364 	61.533529 	-10.572158 	-3.8665381
-0.50810811 	0.25 	0.364 	61.566353 	-10.578553 	-3.8642064
-0.50930931 	0.25 	0.364 	61.599177 	-10.584948 	-3.8618747
-0.51051051 	0.25 	0.364 	61.632001 	-10.591343 	-3.8595429
-0.51171171 	0.25 	0.364 	61.664825 	-10.597738 	-3.8572112
-0.51291291 	0.25 	0.364 	61.697649 	-10.604133 	-3.8548795
-0.51411411 	0.25 	0.364 	61.730473 	-10.610528 	-3.8525478
-0.51531532 	0.25 	0.364 	61.763298 	-10.616923 	-3.8502161
-0.51651652 	0.25 	0.364 	61.796122 	-10.623318 	-3.8478844
-0.51771772 	0.25 	0.364 	61.828946 	-10.629713 	-3.8455526
-0.51891892 	0.25 	0.364 	61.86177 	-10.636108 	-3.8432209
-0.52012012 	0.25 	0.364 	61.893034 	-10.642418 	-3.8409421
-0.52132132 	0.25 	0.364 	61.915074 	-10.648224 	-3.8389761
-0.52252252 	0.25 	0.364 	61.937114 	-10.654031 	-3.8370101
-0.52372372 	0.25 	0.364 	61.959153 	-10.659837 	-3.8350442
-0.52492492 	0.25 	0.364 	61.981193 	-10.665643 	-3.8330782
-0.52612613 	0.25 	0.364 	62.003232 	-10.671449 	-3.8311122
-0.52732733 	0.25 	0.364 	62.025272 	-10.677256 	-3.8291463
-0.52852853 	0.25 	0.364 	62.047312 	-10.683062 	-3.8271803
-0.52972973 	0.25 	0.364 	62.069351 	-10.688868 	-3.8252143
-0.53093093 	0.25 	0.364 	62.091391 	-10.694675 	-3.8232484
-0.53213213 	0.25 	0.364 	62.11343 	-10.700481 	-3.8212824
-0.53333333 	0.25 	0.364 	62.13547 	-10.706287 	-3.8193164
-0.53453453 	0.25 	0.364 	62.15751 	-10.712093 	-3.8173504
-0.53573574 	0.25 	0.364 	62.179549 	-10.7179 	-3.8153845
-0.53693694 	0.25 	0.364 	62.201589 	-10.723706 	-3.8134185
-0.53813814 	0.25 	0.364 	62.223628 	-10.729512 	-3.8114525
-0.53933934 	0.25 	0.364 	62.245668 	-10.735318 	-3.8094866
-0.54054054 	0.25 	0.364 	62.267707 	-10.741125 	-3.8075206
-0.54174174 	0.25 	0.364 	62.289747 	-10.746931 	-3.8055546
-0.54294294 	0.25 	0.364 	62.312206 	-10.752613 	-3.8035849
-0.54414414 	0.25 	0.364 	62.340975 	-10.756423 	-3.8015596
-0.54534535 	0.25 	0.364 	62.369743 	-10.760234 	-3.7995343
-0.54654655 	0.25 	0.364 	62.398511 	-10.764045 	-3.797509
-0.54774775 	0.25 	0.364 	62.427274 	-10.767853 	-3.7954831
-0.54894895 	0.25 	0.364 	62.453894 	-10.770894 	-3.7932439
-0.55015015 	0.25 	0.364 	62.480514 	-10.773935 	-3.7910047
-0.55135135 	0.25 	0.364 	62.50301 	-10.779405 	-3.7886641
-0.55255255 	0.25 	0.364 	62.525391 	-10.784944 	-3.7863206
-0.55375375 	0.25 	0.364 	62.547772 	-10.790483 	-3.7839771
-0.55495495 	0.25 	0.364 	62.570152 	-10.796022 	-3.7816336
-0.55615616 	0.25 	0.364 	62.592533 	-10.801561 	-3.7792901
-0.55735736 	0.25 	0.364 	62.614913 	-10.8071 	-3.7769466
-0.55855856 	0.25 	0.364 	62.637294 	-10.81264 	-3.7746031
-0.55975976 	0.25 	0.364 	62.659675 	-10.818179 	-3.7722596
-0.56096096 	0.25 	0.364 	62.682055 	-10.823718 	-3.7699161
-0.56216216 	0.25 	0.364 	62.704436 	-10.829257 	-3.7675726
-0.56336336 	0.25 	0.364 	62.726816 	-10.834796 	-3.7652291
-0.56456456 	0.25 	0.364 	62.749197 	-10.840335 	-3.7628856
-0.56576577 	0.25 	0.364 	62.771578 	-10.845874 	-3.7605421
-0.56696697 	0.25 	0.364 	62.793605 	-10.849884 	-3.7580513
-0.56816817 	0.25 	0.364 	62.815101 	-10.851589 	-3.7553386
-0.56936937 	0.25 	0.364 	62.836596 	-10.853294 	-3.7526259
-0.57057057 	0.25 	0.364 	62.858092 	-10.854999 	-3.7499132
-0.57177177 	0.25 	0.364 	62.879587 	-10.856704 	-3.7472005
-0.57297297 	0.25 	0.364 	62.901083 	-10.858409 	-3.7444878
-0.57417417 	0.25 	0.364 	62.922578 	-10.860114 	-3.7417751
-0.57537538 	0.25 	0.364 	62.944074 	-10.861819 	-3.7390624
-0.57657658 	0.25 	0.364 	62.962514 	-10.865199 	-3.7364071
-0.57777778 	0.25 	0.364 	62.979349 	-10.869458 	-3.7337819
-0.57897898 	0.25 	0.364 	63.005439 	-10.874996 	-3.7306631
-0.58018018 	0.25 	0.364 	63.037074 	-10.8813 	-3.7272486
-0.58138138 	0.25 	0.364 	63.06112 	-10.884462 	-3.7240566
-0.58258258 	0.25 	0.364 	63.079995 	-10.885485 	-3.7210161
-0.58378378 	0.25 	0.364 	63.09887 	-10.886507 	-3.7179755
-0.58498498 	0.25 	0.364 	63.117745 	-10.887529 	-3.714935
-0.58618619 	0.25 	0.364 	63.13662 	-10.888552 	-3.7118945
-0.58738739 	0.25 	0.364 	63.155495 	-10.889574 	-3.708854
-0.58858859 	0.25 	0.364 	63.17437 	-10.890597 	-3.7058135
-0.58978979 	0.25 	0.364 	63.193245 	-10.891619 	-3.702773
-0.59099099 	0.25 	0.364 	63.216653 	-10.892561 	-3.6995695
-0.59219219 	0.25 	0.364 	63.241687 	-10.893475 	-3.6963075
-0.59339339 	0.25 	0.364 	63.26672 	-10.894388 	-3.6930456
-0.59459459 	0.25 	0.364 	63.291754 	-10.895302 	-3.6897836
-0.5957958 	0.25 	0.364 	63.316788 	-10.896215 	-3.6865217
-0.596997 	0.25 	0.364 	63.341821 	-10.897129 	-3.6832597
-0.5981982 	0.25 	0.364 	63.366855 	-10.898042 	-3.6799977
-0.5993994 	0.25 	0.364 	63.391889 	-10.898956 	-3.6767358
-0.6006006 	0.25 	0.364 	63.416923 	-10.89987 	-3.6734738
-0.6018018 	0.25 	0.364 	63.441956 	-10.900783 	-3.6702118
-0.603003 	0.25 	0.364 	63.46699 	-10.901697 	-3.6669499
-0.6042042 	0.25 	0.364 	63.492024 	-10.90261 	-3.6636879
-0.60540541 	0.25 	0.364 	63.517057 	-10.903524 	-3.660426
-0.60660661 	0.25 	0.364 	63.538632 	-10.903014 	-3.6573596
-0.60780781 	0.25 	0.364 	63.551087 	-10.89875 	-3.6548089
-0.60900901 	0.25 	0.364 	63.56737 	-10.894794 	-3.6520409
-0.61021021 	0.25 	0.364 	63.595479 	-10.891791 	-3.6486017
-0.61141141 	0.25 	0.364 	63.622795 	-10.888731 	-3.645142
-0.61261261 	0.25 	0.364 	63.647189 	-10.885457 	-3.6416067
-0.61381381 	0.25 	0.364 	63.671583 	-10.882184 	-3.6380715
-0.61501502 	0.25 	0.364 	63.695977 	-10.87891 	-3.6345363
-0.61621622 	0.25 	0.364 	63.720371 	-10.875636 	-3.631001
-0.61741742 	0.25 	0.364 	63.744765 	-10.872363 	-3.6274658
-0.61861862 	0.25 	0.364 	63.769159 	-10.869089 	-3.6239305
-0.61981982 	0.25 	0.364 	63.793554 	-10.865816 	-3.6203953
-0.62102102 	0.25 	0.364 	63.817948 	-10.862542 	-3.61686
-0.62222222 	0.25 	0.364 	63.842342 	-10.859269 	-3.6133248
-0.62342342 	0.25 	0.364 	63.866736 	-10.855995 	-3.6097896
-0.62462462 	0.25 	0.364 	63.89113 	-10.852721 	-3.6062543
-0.62582583 	0.25 	0.364 	63.915524 	-10.849448 	-3.6027191
-0.62702703 	0.25 	0.364 	63.939918 	-10.846174 	-3.5991838
-0.62822823 	0.25 	0.364 	63.958588 	-10.845061 	-3.5958195
-0.62942943 	0.25 	0.364 	63.976877 	-10.84409 	-3.5924666
-0.63063063 	0.25 	0.364 	63.995167 	-10.84312 	-3.5891137
-0.63183183 	0.25 	0.364 	64.013456 	-10.84215 	-3.5857608
-0.63303303 	0.25 	0.364 	64.031745 	-10.84118 	-3.5824078
-0.63423423 	0.25 	0.364 	64.050035 	-10.840209 	-3.5790549
-0.63543544 	0.25 	0.364 	64.068324 	-10.839239 	-3.575702
-0.63663664 	0.25 	0.364 	64.086614 	-10.838269 	-3.5723491
-0.63783784 	0.25 	0.364 	64.101754 	-10.837142 	-3.5692418
-0.63903904 	0.25 	0.364 	64.116508 	-10.835996 	-3.5661647
-0.64024024 	0.25 	0.364 	64.142607 	-10.8367 	-3.5625519
-0.64144144 	0.25 	0.364 	64.170556 	-10.837706 	-3.5588519
-0.64264264 	0.25 	0.364 	64.190793 	-10.836925 	-3.5550375
-0.64384384 	0.25 	0.364 	64.209442 	-10.835776 	-3.5511996
-0.64504505 	0.25 	0.364 	64.22809 	-10.834626 	-3.5473616
-0.64624625 	0.25 	0.364 	64.246739 	-10.833477 	-3.5435236
-0.64744745 	0.25 	0.364 	64.265387 	-10.832328 	-3.5396857
-0.64864865 	0.25 	0.364 	64.284035 	-10.831179 	-3.5358477
-0.64984985 	0.25 	0.364 	64.302684 	-10.83003 	-3.5320098
-0.65105105 	0.25 	0.364 	64.321332 	-10.828881 	-3.5281718
-0.65225225 	0.25 	0.364 	64.343624 	-10.827576 	-3.5242825
-0.65345345 	0.25 	0.364 	64.36776 	-10.826192 	-3.5203671
-0.65465465 	0.25 	0.364 	64.391895 	-10.824807 	-3.5164518
-0.65585586 	0.25 	0.364 	64.416031 	-10.823423 	-3.5125364
-0.65705706 	0.25 	0.364 	64.440166 	-10.822039 	-3.5086211
-0.65825826 	0.25 	0.364 	64.464302 	-10.820655 	-3.5047058
-0.65945946 	0.25 	0.364 	64.488437 	-10.819271 	-3.5007904
-0.66066066 	0.25 	0.364 	64.512573 	-10.817887 	-3.4968751
-0.66186186 	0.25 	0.364 	64.536708 	-10.816503 	-3.4929597
-0.66306306 	0.25 	0.364 	64.560844 	-10.815119 	-3.4890444
-0.66426426 	0.25 	0.364 	64.584979 	-10.813735 	-3.485129
-0.66546547 	0.25 	0.364 	64.609115 	-10.812351 	-3.4812137
-0.66666667 	0.25 	0.364 	64.63325 	-10.810966 	-3.4772984
-0.66786787 	0.25 	0.364 	64.653156 	-10.80858 	-3.4735817
-0.66906907 	0.25 	0.364 	64.668956 	-10.80522 	-3.4700579
-0.67027027 	0.25 	0.364 	64.690613 	-10.803304 	-3.4661593
-0.67147147 	0.25 	0.364 	64.718697 	-10.802973 	-3.4618494
-0.67267267 	0.25 	0.364 	64.744885 	-10.801666 	-3.4574899
-0.67387387 	0.25 	0.364 	64.768723 	-10.79915 	-3.4530689
-0.67507508 	0.25 	0.364 	64.792561 	-10.796635 	-3.448648
-0.67627628 	0.25 	0.364 	64.816399 	-10.794119 	-3.444227
-0.67747748 	0.25 	0.364 	64.840236 	-10.791603 	-3.439806
-0.67867868 	0.25 	0.364 	64.864074 	-10.789087 	-3.4353851
-0.67987988 	0.25 	0.364 	64.887912 	-10.786572 	-3.4309641
-0.68108108 	0.25 	0.364 	64.911749 	-10.784056 	-3.4265432
-0.68228228 	0.25 	0.364 	64.935587 	-10.78154 	-3.4221222
-0.68348348 	0.25 	0.364 	64.959425 	-10.779024 	-3.4177013
-0.68468468 	0.25 	0.364 	64.983263 	-10.776508 	-3.4132803
-0.68588589 	0.25 	0.364 	65.0071 	-10.773993 	-3.4088593
-0.68708709 	0.25 	0.364 	65.030938 	-10.771477 	-3.4044384
-0.68828829 	0.25 	0.364 	65.053378 	-10.768667 	-3.4001644
-0.68948949 	0.25 	0.364 	65.07403 	-10.765481 	-3.3960786
-0.69069069 	0.25 	0.364 	65.094683 	-10.762294 	-3.3919927
-0.69189189 	0.25 	0.364 	65.115335 	-10.759108 	-3.3879068
-0.69309309 	0.25 	0.364 	65.135987 	-10.755922 	-3.3838209
-0.69429429 	0.25 	0.364 	65.156639 	-10.752736 	-3.379735
-0.6954955 	0.25 	0.364 	65.177292 	-10.749549 	-3.3756491
-0.6966967 	0.25 	0.364 	65.197944 	-10.746363 	-3.3715632
-0.6978979 	0.25 	0.364 	65.218007 	-10.742901 	-3.3675036
-0.6990991 	0.25 	0.364 	65.233877 	-10.737479 	-3.3636313
-0.7003003 	0.25 	0.364 	65.250753 	-10.732726 	-3.3596588
-0.7015015 	0.25 	0.364 	65.277564 	-10.734587 	-3.3546968
-0.7027027 	0.25 	0.364 	65.303967 	-10.736056 	-3.3497382
-0.7039039 	0.25 	0.364 	65.323985 	-10.731393 	-3.3448339
-0.70510511 	0.25 	0.364 	65.344003 	-10.72673 	-3.3399295
-0.70630631 	0.25 	0.364 	65.364022 	-10.722068 	-3.3350252
-0.70750751 	0.25 	0.364 	65.38404 	-10.717405 	-3.3301209
-0.70870871 	0.25 	0.364 	65.404058 	-10.712742 	-3.3252165
-0.70990991 	0.25 	0.364 	65.424077 	-10.708079 	-3.3203122
-0.71111111 	0.25 	0.364 	65.444095 	-10.703417 	-3.3154078
-0.71231231 	0.25 	0.364 	65.464113 	-10.698754 	-3.3105035
-0.71351351 	0.25 	0.364 	65.486313 	-10.694347 	-3.305617
-0.71471471 	0.25 	0.364 	65.509761 	-10.690086 	-3.3007408
-0.71591592 	0.25 	0.364 	65.533209 	-10.685825 	-3.2958645
-0.71711712 	0.25 	0.364 	65.556657 	-10.681564 	-3.2909882
-0.71831832 	0.25 	0.364 	65.580105 	-10.677303 	-3.286112
-0.71951952 	0.25 	0.364 	65.603553 	-10.673042 	-3.2812357
-0.72072072 	0.25 	0.364 	65.627001 	-10.668781 	-3.2763594
-0.72192192 	0.25 	0.364 	65.650449 	-10.66452 	-3.2714832
-0.72312312 	0.25 	0.364 	65.673897 	-10.660259 	-3.2666069
-0.72432432 	0.25 	0.364 	65.697345 	-10.655998 	-3.2617307
-0.72552553 	0.25 	0.364 	65.720794 	-10.651737 	-3.2568544
-0.72672673 	0.25 	0.364 	65.744242 	-10.647476 	-3.2519781
-0.72792793 	0.25 	0.364 	65.76769 	-10.643215 	-3.2471019
-0.72912913 	0.25 	0.364 	65.786359 	-10.634317 	-3.2426415
-0.73033033 	0.25 	0.364 	65.80322 	-10.623664 	-3.2383384
-0.73153153 	0.25 	0.364 	65.826435 	-10.617261 	-3.2334084
-0.73273273 	0.25 	0.364 	65.852456 	-10.612736 	-3.2282013
-0.73393393 	0.25 	0.364 	65.879285 	-10.606028 	-3.2231129
-0.73513514 	0.25 	0.364 	65.906524 	-10.598209 	-3.2180848
-0.73633634 	0.25 	0.364 	65.933763 	-10.59039 	-3.2130568
-0.73753754 	0.25 	0.364 	65.961003 	-10.582571 	-3.2080287
-0.73873874 	0.25 	0.364 	65.988242 	-10.574752 	-3.2030007
-0.73993994 	0.25 	0.364 	66.015482 	-10.566934 	-3.1979727
-0.74114114 	0.25 	0.364 	66.042721 	-10.559115 	-3.1929446
-0.74234234 	0.25 	0.364 	66.06996 	-10.551296 	-3.1879166
-0.74354354 	0.25 	0.364 	66.0972 	-10.543477 	-3.1828885
-0.74474474 	0.25 	0.364 	66.124439 	-10.535658 	-3.1778605
-0.74594595 	0.25 	0.364 	66.151679 	-10.527839 	-3.1728325
-0.74714715 	0.25 	0.364 	66.178918 	-10.52002 	-3.1678044
-0.74834835 	0.25 	0.364 	66.206157 	-10.512201 	-3.1627764
-0.74954955 	0.25 	0.364 	66.227176 	-10.501941 	-3.1572988
-0.75075075 	0.25 	0.364 	66.247552 	-10.491428 	-3.1517746
-0.75195195 	0.25 	0.364 	66.267927 	-10.480914 	-3.1462504
-0.75315315 	0.25 	0.364 	66.288303 	-10.470401 	-3.1407263
-0.75435435 	0.25 	0.364 	66.308678 	-10.459888 	-3.1352021
-0.75555556 	0.25 	0.364 	66.329053 	-10.449375 	-3.1296779
-0.75675676 	0.25 	0.364 	66.349429 	-10.438862 	-3.1241538
-0.75795796 	0.25 	0.364 	66.369804 	-10.428349 	-3.1186296
-0.75915916 	0.25 	0.364 	66.390788 	-10.416769 	-3.1133726
-0.76036036 	0.25 	0.364 	66.412982 	-10.40307 	-3.1086464
-0.76156156 	0.25 	0.364 	66.439107 	-10.391158 	-3.1037594
-0.76276276 	0.25 	0.364 	66.469574 	-10.383967 	-3.098591
-0.76396396 	0.25 	0.364 	66.488419 	-10.378302 	-3.0936412
-0.76516517 	0.25 	0.364 	66.507263 	-10.372638 	-3.0886914
-0.76636637 	0.25 	0.364 	66.526107 	-10.366973 	-3.0837415
-0.76756757 	0.25 	0.364 	66.544951 	-10.361309 	-3.0787917
-0.76876877 	0.25 	0.364 	66.563796 	-10.355644 	-3.0738419
-0.76996997 	0.25 	0.364 	66.58264 	-10.34998 	-3.068892
-0.77117117 	0.25 	0.364 	66.601484 	-10.344315 	-3.0639422
-0.77237237 	0.25 	0.364 	66.620328 	-10.33865 	-3.0589923
-0.77357357 	0.25 	0.364 	66.639173 	-10.332986 	-3.0540425
-0.77477477 	0.25 	0.364 	66.661897 	-10.327408 	-3.0486005
-0.77597598 	0.25 	0.364 	66.676945 	-10.323322 	-3.0433714
-0.77717718 	0.25 	0.364 	66.69879 	-10.326936 	-3.0380791
-0.77837838 	0.25 	0.364 	66.726039 	-10.321244 	-3.0326122
-0.77957958 	0.25 	0.364 	66.747501 	-10.307809 	-3.0270394
-0.78078078 	0.25 	0.364 	66.766525 	-10.295684 	-3.0213603
-0.78198198 	0.25 	0.364 	66.785548 	-10.283559 	-3.0156813
-0.78318318 	0.25 	0.364 	66.804572 	-10.271434 	-3.0100022
-0.78438438 	0.25 	0.364 	66.823595 	-10.259309 	-3.0043231
-0.78558559 	0.25 	0.364 	66.842618 	-10.247184 	-2.9986441
-0.78678679 	0.25 	0.364 	66.861642 	-10.23506 	-2.992965
-0.78798799 	0.25 	0.364 	66.880665 	-10.222935 	-2.9872859
-0.78918919 	0.25 	0.364 	66.899689 	-10.21081 	-2.9816069
-0.79039039 	0.25 	0.364 	66.918712 	-10.198685 	-2.9759278
-0.79159159 	0.25 	0.364 	66.932996 	-10.165119 	-2.9709048
-0.79279279 	0.25 	0.364 	66.966231 	-10.139121 	-2.9644549
-0.79399399 	0.25 	0.364 	66.986589 	-10.121136 	-2.9586164
-0.7951952 	0.25 	0.364 	67.004978 	-10.104064 	-2.9528795
-0.7963964 	0.25 	0.364 	67.023367 	-10.086993 	-2.9471427
-0.7975976 	0.25 	0.364 	67.041756 	-10.069921 	-2.9414058
-0.7987988 	0.25 	0.364 	67.060145 	-10.05285 	-2.935669
-0.8 	0.25 	0.364 	67.078534 	-10.035778 	-2.9299321
-0.8012012 	0.25 	0.364 	67.096923 	-10.018706 	-2.9241953
-0.8024024 	0.25 	0.364 	67.115312 	-10.001635 	-2.9184584
-0.8036036 	0.25 	0.364 	67.133701 	-9.984563 	-2.9127216
-0.8048048 	0.25 	0.364 	67.15352 	-9.9676582 	-2.9068632
-0.80600601 	0.25 	0.364 	67.17573 	-9.9531212 	-2.9008037
-0.80720721 	0.25 	0.364 	67.191013 	-9.9446188 	-2.8956291
-0.80840841 	0.25 	0.364 	67.230177 	-9.9346241 	-2.8894373
-0.80960961 	0.25 	0.364 	67.255488 	-9.9213333 	-2.8834614
-0.81081081 	0.25 	0.364 	67.27091 	-9.9081338 	-2.877674
-0.81201201 	0.25 	0.364 	67.286332 	-9.8949344 	-2.8718866
-0.81321321 	0.25 	0.364 	67.301754 	-9.8817349 	-2.8660993
-0.81441441 	0.25 	0.364 	67.317176 	-9.8685354 	-2.8603119
-0.81561562 	0.25 	0.364 	67.332597 	-9.8553359 	-2.8545245
-0.81681682 	0.25 	0.364 	67.348019 	-9.8421364 	-2.8487371
-0.81801802 	0.25 	0.364 	67.363441 	-9.8289369 	-2.8429497
-0.81921922 	0.25 	0.364 	67.378863 	-9.8157374 	-2.8371624
-0.82042042 	0.25 	0.364 	67.394285 	-9.8025379 	-2.831375
-0.82162162 	0.25 	0.364 	67.402725 	-9.7872502 	-2.8259723
-0.82282282 	0.25 	0.364 	67.422443 	-9.7688889 	-2.8204458
-0.82402402 	0.25 	0.364 	67.448319 	-9.7511391 	-2.8143397
-0.82522523 	0.25 	0.364 	67.45981 	-9.7352771 	-2.8081726
-0.82642643 	0.25 	0.364 	67.471301 	-9.7194151 	-2.8020055
-0.82762763 	0.25 	0.364 	67.482792 	-9.7035531 	-2.7958385
-0.82882883 	0.25 	0.364 	67.494283 	-9.6876912 	-2.7896714
-0.83003003 	0.25 	0.364 	67.505774 	-9.6718292 	-2.7835043
-0.83123123 	0.25 	0.364 	67.517265 	-9.6559672 	-2.7773373
-0.83243243 	0.25 	0.364 	67.528756 	-9.6401052 	-2.7711702
-0.83363363 	0.25 	0.364 	67.540247 	-9.6242432 	-2.7650031
-0.83483483 	0.25 	0.364 	67.551738 	-9.6083813 	-2.758836
-0.83603604 	0.25 	0.364 	67.573797 	-9.5924855 	-2.7525816
-0.83723724 	0.25 	0.364 	67.577022 	-9.5794359 	-2.7467339
-0.83843844 	0.25 	0.364 	67.605519 	-9.5632219 	-2.7404595
-0.83963964 	0.25 	0.364 	67.63176 	-9.5452947 	-2.7338999
-0.84084084 	0.25 	0.364 	67.644051 	-9.5270174 	-2.7272712
-0.84204204 	0.25 	0.364 	67.653017 	-9.5086895 	-2.7206337
-0.84324324 	0.25 	0.364 	67.661983 	-9.4903615 	-2.7139963
-0.84444444 	0.25 	0.364 	67.670948 	-9.4720335 	-2.7073589
-0.84564565 	0.25 	0.364 	67.679914 	-9.4537055 	-2.7007215
-0.84684685 	0.25 	0.364 	67.68888 	-9.4353776 	-2.6940841
-0.84804805 	0.25 	0.364 	67.697845 	-9.4170496 	-2.6874467
-0.84924925 	0.25 	0.364 	67.706811 	-9.3987216 	-2.6808092
-0.85045045 	0.25 	0.364 	67.715777 	-9.3803937 	-2.6741718
-0.85165165 	0.25 	0.364 	67.723607 	-9.3620226 	-2.6676061
-0.85285285 	0.25 	0.364 	67.722112 	-9.3429465 	-2.6617336
-0.85405405 	0.25 	0.364 	67.751469 	-9.3206194 	-2.655158
-0.85525526 	0.25 	0.364 	67.758192 	-9.2998447 	-2.6481472
-0.85645646 	0.25 	0.364 	67.764914 	-9.27907 	-2.6411363
-0.85765766 	0.25 	0.364 	67.771637 	-9.2582953 	-2.6341254
-0.85885886 	0.25 	0.364 	67.778359 	-9.2375206 	-2.6271145
-0.86006006 	0.25 	0.364 	67.785082 	-9.2167459 	-2.6201036
-0.86126126 	0.25 	0.364 	67.791804 	-9.1959711 	-2.6130928
-0.86246246 	0.25 	0.364 	67.798526 	-9.1751964 	-2.6060819
-0.86366366 	0.25 	0.364 	67.805249 	-9.1544217 	-2.599071
-0.86486486 	0.25 	0.364 	67.811971 	-9.133647 	-2.5920601
-0.86606607 	0.25 	0.364 	67.823768 	-9.1134145 	-2.5851293
-0.86726727 	0.25 	0.364 	67.835149 	-9.0947328 	-2.5784363
-0.86846847 	0.25 	0.364 	67.841629 	-9.078358 	-2.5718244
-0.86966967 	0.25 	0.364 	67.86325 	-9.0616633 	-2.5649392
-0.87087087 	0.25 	0.364 	67.879165 	-9.0400027 	-2.5578892
-0.87207207 	0.25 	0.364 	67.892716 	-9.0181626 	-2.5509653
-0.87327327 	0.25 	0.364 	67.906268 	-8.9963224 	-2.5440414
-0.87447447 	0.25 	0.364 	67.91982 	-8.9744823 	-2.5371175
-0.87567568 	0.25 	0.364 	67.933372 	-8.9526421 	-2.5301936
-0.87687688 	0.25 	0.364 	67.946923 	-8.930802 	-2.5232697
-0.87807808 	0.25 	0.364 	67.960475 	-8.9089618 	-2.5163457
-0.87927928 	0.25 	0.364 	67.974027 	-8.8871217 	-2.5094218
-0.88048048 	0.25 	0.364 	67.987579 	-8.8652815 	-2.5024979
-0.88168168 	0.25 	0.364 	68.00113 	-8.8434414 	-2.495574
-0.88288288 	0.25 	0.364 	68.009457 	-8.8165722 	-2.4887293
-0.88408408 	0.25 	0.364 	68.016755 	-8.7917133 	-2.4817254
-0.88528529 	0.25 	0.364 	68.009747 	-8.7689369 	-2.4740473
-0.88648649 	0.25 	0.364 	67.994121 	-8.745987 	-2.4660453
-0.88768769 	0.25 	0.364 	67.978495 	-8.7230372 	-2.4580433
-0.88888889 	0.25 	0.364 	67.962869 	-8.7000873 	-2.4500413
-0.89009009 	0.25 	0.364 	67.947243 	-8.6771375 	-2.4420394
-0.89129129 	0.25 	0.364 	67.969592 	-8.6485146 	-2.433873
-0.89249249 	0.25 	0.364 	68.006125 	-8.6177724 	-2.4256452
-0.89369369 	0.25 	0.364 	68.042659 	-8.5870303 	-2.4174174
-0.89489489 	0.25 	0.364 	68.079193 	-8.5562882 	-2.4091897
-0.8960961 	0.25 	0.364 	68.115726 	-8.5255461 	-2.4009619
-0.8972973 	0.25 	0.364 	68.136131 	-8.4971325 	-2.3932705
-0.8984985 	0.25 	0.364 	68.15336 	-8.465463 	-2.3856234
-0.8996997 	0.25 	0.364 	68.148777 	-8.4414341 	-2.3783384
-0.9009009 	0.25 	0.364 	68.152732 	-8.4121963 	-2.3705241
-0.9021021 	0.25 	0.364 	68.125349 	-8.3829011 	-2.3628978
-0.9033033 	0.25 	0.364 	68.097966 	-8.353606 	-2.3552715
-0.9045045 	0.25 	0.364 	68.070584 	-8.3243108 	-2.3476452
-0.90570571 	0.25 	0.364 	68.043201 	-8.2950156 	-2.3400189
-0.90690691 	0.25 	0.364 	68.034312 	-8.2639395 	-2.3322005
-0.90810811 	0.25 	0.364 	68.080118 	-8.2275962 	-2.3238142
-0.90930931 	0.25 	0.364 	68.125924 	-8.1912529 	-2.3154279
-0.91051051 	0.25 	0.364 	68.17173 	-8.1549096 	-2.3070415
-0.91171171 	0.25 	0.364 	68.217536 	-8.1185663 	-2.2986552
-0.91291291 	0.25 	0.364 	68.258941 	-8.081555 	-2.2904162
-0.91411411 	0.25 	0.364 	68.277336 	-8.0431536 	-2.2826731
-0.91531532 	0.25 	0.364 	68.263 	-8.0072855 	-2.2750956
-0.91651652 	0.25 	0.364 	68.248265 	-7.9742891 	-2.2673219
-0.91771772 	0.25 	0.364 	68.233529 	-7.9412927 	-2.2595482
-0.91891892 	0.25 	0.364 	68.218794 	-7.9082963 	-2.2517745
-0.92012012 	0.25 	0.364 	68.204059 	-7.8752999 	-2.2440009
-0.92132132 	0.25 	0.364 	68.197762 	-7.841636 	-2.2363313
-0.92252252 	0.25 	0.364 	68.225449 	-7.8052836 	-2.2290813
-0.92372372 	0.25 	0.364 	68.253137 	-7.7689311 	-2.2218313
-0.92492492 	0.25 	0.364 	68.280825 	-7.7325787 	-2.2145813
-0.92612613 	0.25 	0.364 	68.308512 	-7.6962262 	-2.2073312
-0.92732733 	0.25 	0.364 	68.329188 	-7.6591587 	-2.1998936
-0.92852853 	0.25 	0.364 	68.326719 	-7.6196133 	-2.19203
-0.92972973 	0.25 	0.364 	68.300535 	-7.5664737 	-2.1843375
-0.93093093 	0.25 	0.364 	68.310585 	-7.5337555 	-2.176527
-0.93213213 	0.25 	0.364 	68.32499 	-7.492726 	-2.1677526
-0.93333333 	0.25 	0.364 	68.339936 	-7.450664 	-2.1588584
-0.93453453 	0.25 	0.364 	68.354882 	-7.4086019 	-2.1499642
-0.93573574 	0.25 	0.364 	68.369828 	-7.3665399 	-2.14107
-0.93693694 	0.25 	0.364 	68.415022 	-7.3407857 	-2.1328476
-0.93813814 	0.25 	0.364 	68.445447 	-7.3012586 	-2.1246184
-0.93933934 	0.25 	0.364 	68.499521 	-7.267211 	-2.1161267
-0.94054054 	0.25 	0.364 	68.553594 	-7.2331635 	-2.1076351
-0.94174174 	0.25 	0.364 	68.607668 	-7.1991159 	-2.0991434
-0.94294294 	0.25 	0.364 	68.652014 	-7.1623966 	-2.0907583
-0.94414414 	0.25 	0.364 	68.695889 	-7.1245408 	-2.0826116
-0.94534535 	0.25 	0.364 	68.719032 	-7.0791645 	-2.0747689
-0.94654655 	0.25 	0.364 	68.765623 	-7.0444554 	-2.0662882
-0.94774775 	0.25 	0.364 	68.833511 	-7.0114537 	-2.0575228
-0.94894895 	0.25 	0.364 	68.901398 	-6.978452 	-2.0487575
-0.95015015 	0.25 	0.364 	68.969285 	-6.9454503 	-2.0399921
-0.95135135 	0.25 	0.364 	69.037172 	-6.9124486 	-2.0312268
-0.95255255 	0.25 	0.364 	69.099103 	-6.8995565 	-2.0227725
-0.95375375 	0.25 	0.364 	69.178146 	-6.8666014 	-2.0138644
-0.95495495 	0.25 	0.364 	69.261912 	-6.8324451 	-2.0049114
-0.95615616 	0.25 	0.364 	69.345678 	-6.7982888 	-1.9959583
-0.95735736 	0.25 	0.364 	69.429444 	-6.7641325 	-1.9870053
-0.95855856 	0.25 	0.364 	69.496502 	-6.7288525 	-1.978234
-0.95975976 	0.25 	0.364 	69.583147 	-6.6823798 	-1.9697434
-0.96096096 	0.25 	0.364 	69.628938 	-6.6407985 	-1.961043
-0.96216216 	0.25 	0.364 	69.719439 	-6.5941772 	-1.9518618
-0.96336336 	0.25 	0.364 	69.818852 	-6.5482145 	-1.9425916
-0.96456456 	0.25 	0.364 	69.918264 	-6.5022517 	-1.9333213
-0.96576577 	0.25 	0.364 	70.017676 	-6.456289 	-1.9240511
-0.96696697 	0.25 	0.364 	70.127421 	-6.4061245 	-1.9148993
-0.96816817 	0.25 	0.364 	70.207061 	-6.365831 	-1.9058743
-0.96936937 	0.25 	0.364 	70.30953 	-6.3239223 	-1.8967801
-0.97057057 	0.25 	0.364 	70.411999 	-6.2820135 	-1.8876859
-0.97177177 	0.25 	0.364 	70.514468 	-6.2401048 	-1.8785917
-0.97297297 	0.25 	0.364 	70.616937 	-6.198196 	-1.8694976
-0.97417417 	0.25 	0.364 	70.696054 	-6.1527367 	-1.860283
-0.97537538 	0.25 	0.364 	70.79841 	-6.0953058 	-1.851278
-0.97657658 	0.25 	0.364 	70.881001 	-6.0452651 	-1.8417336
-0.97777778 	0.25 	0.364 	70.983093 	-6.0049904 	-1.8326313
-0.97897898 	0.25 	0.364 	71.087959 	-5.9662571 	-1.8235949
-0.98018018 	0.25 	0.364 	71.192825 	-5.9275239 	-1.8145584
-0.98138138 	0.25 	0.364 	71.297691 	-5.8887906 	-1.805522
-0.98258258 	0.25 	0.364 	71.417448 	-5.8544453 	-1.7972677
-0.98378378 	0.25 	0.364 	71.520197 	-5.798142 	-1.7871177
-0.98498498 	0.25 	0.364 	71.634344 	-5.7559785 	-1.7777528
-0.98618619 	0.25 	0.364 	71.74849 	-5.7138149 	-1.7683879
-0.98738739 	0.25 	0.364 	71.862637 	-5.6716514 	-1.759023
-0.98858859 	0.25 	0.364 	71.976784 	-5.6294878 	-1.7496581
-0.98978979 	0.25 	0.364 	72.089277 	-5.5894263 	-1.7405894
-0.99099099 	0.25 	0.364 	72.208523 	-5.5288958 	-1.7308823
-0.99219219 	0.25 	0.364 	72.328843 	-5.4852226 	-1.721657
-0.99339339 	0.25 	0.364 	72.449462 	-5.4419279 	-1.7124582
-0.99459459 	0.25 	0.364 	72.569623 	-5.4012259 	-1.7033581
-0.9957958 	0.25 	0.364 	72.689717 	-5.3609078 	-1.6942727
-0.996997 	0.25 	0.364 	72.809811 	-5.3205897 	-1.6851872
-0.9981982 	0.25 	0.364 	72.928831 	-5.2689908 	-1.6761887
-0.9993994 	0.25 	0.364 	73.029136 	-5.2095417 	-1.6676442
-1.0006006 	0.25 	0.364 	73.121455 	-5.1664787 	-1.6602375
-1.0018018 	0.25 	0.364 	73.213775 	-5.1234158 	-1.6528309
-1.003003 	0.25 	0.364 	73.306094 	-5.0803529 	-1.6454243
-1.0042042 	0.25 	0.364 	73.398414 	-5.03729 	-1.6380176
-1.0054054 	0.25 	0.364 	73.510586 	-4.9799402 	-1.6279425
-1.0066066 	0.25 	0.364 	73.61032 	-4.950045 	-1.6202008
-1.0078078 	0.25 	0.364 	73.754641 	-4.8993554 	-1.6094433
-1.009009 	0.25 	0.364 	73.868641 	-4.844019 	-1.5996948
-1.0102102 	0.25 	0.364 	74.047125 	-4.7722088 	-1.5871831
-1.0114114 	0.25 	0.364 	74.248236 	-4.6946183 	-1.5737019
-1.0126126 	0.25 	0.364 	74.449347 	-4.6170278 	-1.5602206
-1.0138138 	0.25 	0.364 	74.594629 	-4.5525315 	-1.5497919
-1.015015 	0.25 	0.364 	74.736744 	-4.5000847 	-1.5395681
-1.0162162 	0.25 	0.364 	74.880564 	-4.4402372 	-1.5293759
-1.0174174 	0.25 	0.364 	75.024384 	-4.3803896 	-1.5191837
-1.0186186 	0.25 	0.364 	75.168204 	-4.320542 	-1.5089916
-1.0198198 	0.25 	0.364 	75.312023 	-4.2606945 	-1.4987994
-1.021021 	0.25 	0.364 	75.442525 	-4.1902028 	-1.4893501
-1.0222222 	0.25 	0.364 	75.583503 	-4.13072 	-1.4795035
-1.0234234 	0.25 	0.364 	75.730099 	-4.061252 	-1.4694491
-1.0246246 	0.25 	0.364 	75.887728 	-3.9939297 	-1.459118
-1.0258258 	0.25 	0.364 	76.045774 	-3.9271037 	-1.4487577
-1.027027 	0.25 	0.364 	76.04269 	-3.8564543 	-1.4411999
-1.0282282 	0.25 	0.364 	75.893788 	-3.7820858 	-1.4356903
-1.0294294 	0.25 	0.364 	76.107528 	-3.7125461 	-1.4250845
-1.0306306 	0.25 	0.364 	76.134872 	-3.6396564 	-1.416972
-1.0318318 	0.25 	0.364 	76.162217 	-3.5667666 	-1.4088595
-1.033033 	0.25 	0.364 	76.189561 	-3.4938769 	-1.4007471
-1.0342342 	0.25 	0.364 	76.257762 	-3.4196981 	-1.3917494
-1.0354354 	0.25 	0.364 	76.33693 	-3.344706 	-1.3824621
-1.0366366 	0.25 	0.364 	76.404669 	-3.2694978 	-1.3738895
-1.0378378 	0.25 	0.364 	76.475848 	-3.1920918 	-1.3643788
-1.039039 	0.25 	0.364 	76.547026 	-3.1146858 	-1.3548681
-1.0402402 	0.25 	0.364 	76.66265 	-3.0296986 	-1.34373
-1.0414414 	0.25 	0.364 	76.796448 	-2.9416113 	-1.3319263
-1.0426426 	0.25 	0.364 	76.855965 	-2.8518283 	-1.3213007
-1.0438438 	0.25 	0.364 	76.99136 	-2.7848935 	-1.3114122
-1.045045 	0.25 	0.364 	77.01499 	-2.6853232 	-1.3039384
-1.0462462 	0.25 	0.364 	77.035476 	-2.5859534 	-1.2965051
-1.0474474 	0.25 	0.364 	77.155733 	-2.5106242 	-1.2874474
-1.0486486 	0.25 	0.364 	77.27599 	-2.4352949 	-1.2783896
-1.0498498 	0.25 	0.364 	77.396247 	-2.3599657 	-1.2693318
-1.0510511 	0.25 	0.364 	77.516504 	-2.2846365 	-1.2602741
-1.0522523 	0.25 	0.364 	77.636761 	-2.2093073 	-1.2512163
-1.0534535 	0.25 	0.364 	77.557938 	-2.0893485 	-1.2456481
-1.0546547 	0.25 	0.364 	77.909626 	-1.9451575 	-1.2293568
-1.0558559 	0.25 	0.364 	78.094145 	-1.8113659 	-1.2162763
-1.0570571 	0.25 	0.364 	78.278664 	-1.6775743 	-1.2031957
-1.0582583 	0.25 	0.364 	78.422475 	-1.5452166 	-1.1907782
-1.0594595 	0.25 	0.364 	78.485037 	-1.415721 	-1.1796844
-1.0606607 	0.25 	0.364 	78.639871 	-1.2979094 	-1.1693202
-1.0618619 	0.25 	0.364 	78.761549 	-1.1810913 	-1.158823
-1.0630631 	0.25 	0.364 	78.883227 	-1.0642731 	-1.1483257
-1.0642643 	0.25 	0.364 	78.998778 	-0.94877509 	-1.1378638
-1.0654655 	0.25 	0.364 	79.10843 	-0.8345481 	-1.1274358
-1.0666667 	0.25 	0.364 	79.121304 	-0.71156712 	-1.118283
-1.0678679 	0.25 	0.364 	79.392619 	-0.59273908 	-1.1060497
-1.0690691 	0.25 	0.364 	79.545018 	-0.46018169 	-1.0948723
-1.0702703 	0.25 	0.364 	79.697418 	-0.32762429 	-1.083695
-1.0714715 	0.25 	0.364 	79.849817 	-0.1950669 	-1.0725176
-1.0726727 	0.25 	0.364 	80.002217 	-0.062509506 	-1.0613403
-1.0738739 	0.25 	0.364 	80.063123 	0.077926791 	-1.0516167
-1.0750751 	0.25 	0.364 	80.307808 	0.22341111 	-1.0395458
-1.0762763 	0.25 	0.364 	80.488016 	0.38288756 	-1.0278551
-1.0774775 	0.25 	0.364 	80.668224 	0.542364 	-1.0161644
-1.0786787 	0.25 	0.364 	80.848433 	0.70184045 	-1.0044737
-1.0798799 	0.25 	0.364 	81.028641 	0.8613169 	-0.99278299
-1.0810811 	0.25 	0.364 	81.208849 	1.0207933 	-0.98109229
-1.0822823 	0.25 	0.364 	81.186953 	1.2067174 	-0.97280054
-1.0834835 	0.25 	0.364 	81.662174 	1.376064 	-0.95687519
-1.0846847 	0.25 	0.364 	81.859559 	1.5565779 	-0.94504102
-1.0858859 	0.25 	0.364 	82.056944 	1.7370917 	-0.93320686
-1.0870871 	0.25 	0.364 	82.254328 	1.9176056 	-0.92137269
-1.0882883 	0.25 	0.364 	82.45169 	2.0981195 	-0.90953727
-1.0894895 	0.25 	0.364 	82.646646 	2.2867089 	-0.89749686
-1.0906907 	0.25 	0.364 	82.863976 	2.5152459 	-0.8836448
-1.0918919 	0.25 	0.364 	83.080863 	2.743772 	-0.86951783
-1.0930931 	0.25 	0.364 	83.297749 	2.9722981 	-0.85539087
-1.0942943 	0.25 	0.364 	83.498695 	3.2006735 	-0.841307
-1.0954955 	0.25 	0.364 	83.559955 	3.4281323 	-0.82784848
-1.0966967 	0.25 	0.364 	83.761351 	3.6124803 	-0.81786928
-1.0978979 	0.25 	0.364 	83.892903 	3.7762003 	-0.80773365
-1.0990991 	0.25 	0.364 	84.023359 	3.9390707 	-0.79726711
-1.1003003 	0.25 	0.364 	84.153816 	4.101941 	-0.78680057
-1.1015015 	0.25 	0.364 	84.284272 	4.2648113 	-0.77633404
-1.1027027 	0.25 	0.364 	84.414729 	4.4276817 	-0.7658675
-1.1039039 	0.25 	0.364 	84.545185 	4.590552 	-0.75540096
-1.1051051 	0.25 	0.364 	84.666811 	4.7515018 	-0.7450592
-1.1063063 	0.25 	0.364 	84.809016 	4.88541 	-0.73315878
-1.1075075 	0.25 	0.364 	84.935502 	5.1002076 	-0.71949282
-1.1087087 	0.25 	0.364 	85.04497 	5.3223748 	-0.70606459
-1.1099099 	0.25 	0.364 	85.177011 	5.5556052 	-0.6923495
-1.1111111 	0.25 	0.364 	85.342284 	5.8051227 	-0.67821208
-1.1123123 	0.25 	0.364 	85.507557 	6.0546401 	-0.66407467
-1.1135135 	0.25 	0.364 	85.589797 	6.3210027 	-0.65278235
-1.1147147 	0.25 	0.364 	85.665535 	6.5617826 	-0.64043822
-1.1159159 	0.25 	0.364 	85.741272 	6.8025626 	-0.6280941
-1.1171171 	0.25 	0.364 	85.81701 	7.0433425 	-0.61574997
-1.1183183 	0.25 	0.364 	85.892748 	7.2841224 	-0.60340585
-1.1195195 	0.25 	0.364 	85.946449 	7.5331261 	-0.59133539
-1.1207207 	0.25 	0.364 	85.974136 	7.800344 	-0.57963413
-1.1219219 	0.25 	0.364 	86.014578 	8.087184 	-0.56704757
-1.1231231 	0.25 	0.364 	86.054665 	8.3814488 	-0.55418576
-1.1243243 	0.25 	0.364 	86.095541 	8.6952263 	-0.54155838
-1.1255255 	0.25 	0.364 	86.136417 	9.0090039 	-0.52893099
-1.1267267 	0.25 	0.364 	86.186848 	9.3177558 	-0.51645378
-1.1279279 	0.25 	0.364 	86.244754 	9.6639839 	-0.50471201
-1.1291291 	0.25 	0.364 	86.267388 	9.9742746 	-0.49187766
-1.1303303 	0.25 	0.364 	86.306986 	10.367367 	-0.47831849
-1.1315315 	0.25 	0.364 	86.333335 	10.818249 	-0.46284945
-1.1327327 	0.25 	0.364 	86.359684 	11.26913 	-0.44738041
-1.1339339 	0.25 	0.364 	86.386033 	11.720012 	-0.43191137
-1.1351351 	0.25 	0.364 	86.428036 	12.191724 	-0.41868352
-1.1363363 	0.25 	0.364 	86.408654 	12.513915 	-0.40754611
-1.1375375 	0.25 	0.364 	86.395533 	12.852649 	-0.39627705
-1.1387387 	0.25 	0.364 	86.382413 	13.191382 	-0.38500799
-1.1399399 	0.25 	0.364 	86.369292 	13.530116 	-0.37373893
-1.1411411 	0.25 	0.364 	86.356172 	13.86885 	-0.36246987
-1.1423423 	0.25 	0.364 	86.363757 	14.26092 	-0.35023671
-1.1435435 	0.25 	0.364 	86.392231 	14.706609 	-0.33786827
-1.1447447 	0.25 	0.364 	86.35235 	15.2131 	-0.32518036
-1.1459459 	0.25 	0.364 	86.328352 	15.687765 	-0.3118327
-1.1471471 	0.25 	0.364 	86.285429 	16.173323 	-0.29867948
-1.1483483 	0.25 	0.364 	86.242505 	16.658882 	-0.28552626
-1.1495495 	0.25 	0.364 	86.199582 	17.14444 	-0.27237304
-1.1507508 	0.25 	0.364 	86.156658 	17.629999 	-0.25921982
-1.151952 	0.25 	0.364 	86.141059 	18.093084 	-0.24655826
-1.1531532 	0.25 	0.364 	86.054746 	18.618366 	-0.23304874
-1.1543544 	0.25 	0.364 	85.966878 	19.143617 	-0.21943061
-1.1555556 	0.25 	0.364 	85.87901 	19.668868 	-0.20581248
-1.1567568 	0.25 	0.364 	85.791142 	20.194118 	-0.19219436
-1.157958 	0.25 	0.364 	85.711555 	20.707623 	-0.17848204
-1.1591592 	0.25 	0.364 	85.650438 	21.184082 	-0.16437978
-1.1603604 	0.25 	0.364 	85.489758 	21.726388 	-0.15048105
-1.1615616 	0.25 	0.364 	85.291655 	22.259889 	-0.13604389
-1.1627628 	0.25 	0.364 	85.084383 	22.813056 	-0.12166532
-1.163964 	0.25 	0.364 	84.877111 	23.366224 	-0.10728675
-1.1651652 	0.25 	0.364 	84.669839 	23.919391 	-0.092908173
-1.1663664 	0.25 	0.364 	84.462566 	24.472558 	-0.0785296
-1.1675676 	0.25 	0.364 	84.214871 	24.964047 	-0.064626172
-1.1687688 	0.25 	0.364 	83.890958 	25.498684 	-0.050239281
-1.16997 	0.25 	0.364 	83.560335 	26.037651 	-0.035727207
-1.1711712 	0.25 	0.364 	83.229712 	26.576618 	-0.021215133
-1.1723724 	0.25 	0.364 	82.899089 	27.115584 	-0.0067030583
-1.1735736 	0.25 	0.364 	82.56325 	27.60881 	0.0075460574
-1.1747748 	0.25 	0.364 	82.199935 	28.093562 	0.021488944
-1.175976 	0.25 	0.364 	81.754213 	28.611268 	0.035077488
-1.1771772 	0.25 	0.364 	81.261554 	29.102028 	0.048185826
-1.1783784 	0.25 	0.364 	80.763962 	29.601672 	0.061988205
-1.1795796 	0.25 	0.364 	80.265976 	30.102023 	0.07584578
-1.1807808 	0.25 	0.364 	79.767991 	30.602374 	0.089703355
-1.181982 	0.25 	0.364 	79.270006 	31.102725 	0.10356093
-1.1831832 	0.25 	0.364 	78.710319 	31.561496 	0.11606696
-1.1843844 	0.25 	0.364 	77.878591 	31.939364 	0.12980736
-1.1855856 	0.25 	0.364 	76.965811 	32.300316 	0.14391659
-1.1867868 	0.25 	0.364 	76.053032 	32.661269 	0.15802582
-1.187988 	0.25 	0.364 	75.199484 	33.020061 	0.17134554
-1.1891892 	0.25 	0.364 	74.550594 	33.371387 	0.18193727
-1.1903904 	0.25 	0.364 	73.785403 	33.700938 	0.19248791
-1.1915916 	0.25 	0.364 	72.999983 	33.859755 	0.20115248
-1.1927928 	0.25 	0.364 	72.042739 	33.873624 	0.2106189
-1.193994 	0.25 	0.364 	71.371067 	33.87175 	0.21801901
-1.1951952 	0.25 	0.364 	70.699395 	33.869876 	0.22541912
-1.1963964 	0.25 	0.364 	70.027723 	33.868003 	0.23281923
-1.1975976 	0.25 	0.364 	69.356051 	33.866129 	0.24021935
-1.1987988 	0.25 	0.364 	68.684379 	33.864256 	0.24761946
-1.2 	0.25 	0.364 	68.012706 	33.862382 	0.25501957
