0 	-0.05 	0.364 	50.437359 	-2.7945185 	6.963521
2.1175824e-21 	-0.0496997 	0.364 	50.428296 	-2.7962454 	6.9633543
-1.4823077e-21 	-0.049399399 	0.364 	50.419233 	-2.7979722 	6.9631876
0 	-0.049099099 	0.364 	50.410171 	-2.7996991 	6.9630209
-3.59989e-21 	-0.048798799 	0.364 	50.401108 	-2.801426 	6.9628543
4.8704394e-21 	-0.048498498 	0.364 	50.392045 	-2.8031528 	6.9626876
-1.0587912e-21 	-0.048198198 	0.364 	50.382983 	-2.8048797 	6.9625209
-1.4823077e-21 	-0.047897898 	0.364 	50.37392 	-2.8066065 	6.9623542
-1.4823077e-21 	-0.047597598 	0.364 	50.364857 	-2.8083334 	6.9621875
1.9058241e-21 	-0.047297297 	0.364 	50.355795 	-2.8100603 	6.9620208
-1.4823077e-21 	-0.046996997 	0.364 	50.346732 	-2.8117871 	6.9618541
-2.5410988e-21 	-0.046696697 	0.364 	50.337669 	-2.813514 	6.9616874
8.4703295e-22 	-0.046396396 	0.364 	50.328607 	-2.8152409 	6.9615208
-2.1175824e-21 	-0.046096096 	0.364 	50.319544 	-2.8169677 	6.9613541
-3.3881318e-21 	-0.045795796 	0.364 	50.310481 	-2.8186946 	6.9611874
2.1175824e-22 	-0.045495495 	0.364 	50.301419 	-2.8204215 	6.9610207
-3.8116483e-21 	-0.045195195 	0.364 	50.292356 	-2.8221483 	6.960854
2.8587362e-21 	-0.044894895 	0.364 	50.283458 	-2.8238387 	6.9607101
-2.9646153e-21 	-0.044594595 	0.364 	50.274575 	-2.8255259 	6.9605683
1.323489e-21 	-0.044294294 	0.364 	50.264356 	-2.826592 	6.960419
-2.9646153e-21 	-0.043993994 	0.364 	50.249526 	-2.8251826 	6.9601731
-1.2705494e-21 	-0.043693694 	0.364 	50.234445 	-2.8238971 	6.9598962
1.6940659e-21 	-0.043393393 	0.364 	50.219323 	-2.8226324 	6.959614
8.4703295e-22 	-0.043093093 	0.364 	50.2042 	-2.8213677 	6.9593318
-1.6940659e-21 	-0.042792793 	0.364 	50.189078 	-2.820103 	6.9590496
1.6940659e-21 	-0.042492492 	0.364 	50.173955 	-2.8188384 	6.9587675
3.3881318e-21 	-0.042192192 	0.364 	50.158833 	-2.8175737 	6.9584853
-3.3881318e-21 	-0.041891892 	0.364 	50.14371 	-2.816309 	6.9582031
3.3881318e-21 	-0.041591592 	0.364 	50.128588 	-2.8150443 	6.9579209
-3.3881318e-21 	-0.041291291 	0.364 	50.113465 	-2.8137796 	6.9576388
3.3881318e-21 	-0.040990991 	0.364 	50.098343 	-2.812515 	6.9573566
0 	-0.040690691 	0.364 	50.08322 	-2.8112503 	6.9570744
6.7762636e-21 	-0.04039039 	0.364 	50.068098 	-2.8099856 	6.9567923
3.3881318e-21 	-0.04009009 	0.364 	50.052975 	-2.8087209 	6.9565101
-6.7762636e-21 	-0.03978979 	0.364 	50.037853 	-2.8074562 	6.9562279
0 	-0.039489489 	0.364 	50.02273 	-2.8061916 	6.9559457
4.2351647e-22 	-0.039189189 	0.364 	50.00831 	-2.8047224 	6.9555309
1.6940659e-21 	-0.038888889 	0.364 	49.994865 	-2.8029776 	6.9547924
1.2705494e-21 	-0.038588589 	0.364 	49.98142 	-2.8012329 	6.954054
-4.2351647e-21 	-0.038288288 	0.364 	49.967975 	-2.7994882 	6.9533156
-8.4703295e-22 	-0.037987988 	0.364 	49.95453 	-2.7977435 	6.9525771
6.3527471e-21 	-0.037687688 	0.364 	49.941085 	-2.7959988 	6.9518387
-3.8116483e-21 	-0.037387387 	0.364 	49.92764 	-2.794254 	6.9511002
-2.5410988e-21 	-0.037087087 	0.364 	49.914194 	-2.7925093 	6.9503618
3.8116483e-21 	-0.036786787 	0.364 	49.900749 	-2.7907646 	6.9496234
-3.8116483e-21 	-0.036486486 	0.364 	49.887304 	-2.7890199 	6.9488849
4.6586812e-21 	-0.036186186 	0.364 	49.873859 	-2.7872752 	6.9481465
-1.6940659e-21 	-0.035885886 	0.364 	49.860414 	-2.7855304 	6.947408
7.1997801e-21 	-0.035585586 	0.364 	49.846969 	-2.7837857 	6.9466696
-8.8938459e-21 	-0.035285285 	0.364 	49.833524 	-2.782041 	6.9459312
6.7762636e-21 	-0.034984985 	0.364 	49.820079 	-2.7802963 	6.9451927
-6.7762636e-21 	-0.034684685 	0.364 	49.806634 	-2.7785516 	6.9444543
4.8704394e-21 	-0.034384384 	0.364 	49.793447 	-2.7767378 	6.943743
-3.7057691e-21 	-0.034084084 	0.364 	49.779798 	-2.7750884 	6.943073
3.3881318e-21 	-0.033783784 	0.364 	49.76476 	-2.7735461 	6.9424838
-1.6940659e-21 	-0.033483483 	0.364 	49.749317 	-2.7719903 	6.9418692
3.3881318e-21 	-0.033183183 	0.364 	49.733868 	-2.7704343 	6.9412542
8.4703295e-21 	-0.032882883 	0.364 	49.718419 	-2.7688783 	6.9406392
0 	-0.032582583 	0.364 	49.70297 	-2.7673223 	6.9400242
-6.7762636e-21 	-0.032282282 	0.364 	49.687521 	-2.7657664 	6.9394092
-3.3881318e-21 	-0.031981982 	0.364 	49.672072 	-2.7642104 	6.9387942
3.3881318e-21 	-0.031681682 	0.364 	49.656623 	-2.7626544 	6.9381793
0 	-0.031381381 	0.364 	49.641174 	-2.7610984 	6.9375643
3.3881318e-21 	-0.031081081 	0.364 	49.625725 	-2.7595424 	6.9369493
-6.7762636e-21 	-0.030780781 	0.364 	49.610276 	-2.7579864 	6.9363343
0 	-0.03048048 	0.364 	49.594827 	-2.7564304 	6.9357193
0 	-0.03018018 	0.364 	49.579378 	-2.7548745 	6.9351043
6.7762636e-21 	-0.02987988 	0.364 	49.563929 	-2.7533185 	6.9344893
0 	-0.02957958 	0.364 	49.54848 	-2.7517625 	6.9338743
0 	-0.029279279 	0.364 	49.533031 	-2.7502065 	6.9332593
-1.2493736e-20 	-0.028978979 	0.364 	49.517361 	-2.7484297 	6.9327799
1.0323214e-21 	-0.028678679 	0.364 	49.500715 	-2.7464176 	6.9324809
-2.5410988e-21 	-0.028378378 	0.364 	49.48369 	-2.7443978 	6.9321559
1.6940659e-21 	-0.028078078 	0.364 	49.466665 	-2.7423781 	6.9318309
0 	-0.027777778 	0.364 	49.44964 	-2.7403584 	6.9315059
-3.3881318e-21 	-0.027477477 	0.364 	49.432615 	-2.7383386 	6.9311809
0 	-0.027177177 	0.364 	49.41559 	-2.7363189 	6.930856
-6.7762636e-21 	-0.026876877 	0.364 	49.398565 	-2.7342992 	6.930531
0 	-0.026576577 	0.364 	49.38154 	-2.7322795 	6.930206
6.7762636e-21 	-0.026276276 	0.364 	49.364516 	-2.7302597 	6.929881
0 	-0.025975976 	0.364 	49.347491 	-2.72824 	6.929556
0 	-0.025675676 	0.364 	49.330466 	-2.7262203 	6.9292311
-6.7762636e-21 	-0.025375375 	0.364 	49.313441 	-2.7242006 	6.9289061
0 	-0.025075075 	0.364 	49.296416 	-2.7221808 	6.9285811
-1.3552527e-20 	-0.024774775 	0.364 	49.279391 	-2.7201611 	6.9282561
-6.7762636e-21 	-0.024474474 	0.364 	49.262366 	-2.7181414 	6.9279311
0 	-0.024174174 	0.364 	49.245341 	-2.7161216 	6.9276062
3.8116483e-20 	-0.023873874 	0.364 	49.223451 	-2.7135386 	6.9274112
-8.4703295e-21 	-0.023573574 	0.364 	49.19354 	-2.7103796 	6.9271992
-1.3552527e-20 	-0.023273273 	0.364 	49.163629 	-2.7072207 	6.9269871
2.0328791e-20 	-0.022972973 	0.364 	49.133718 	-2.7040617 	6.9267751
-1.2705494e-20 	-0.022672673 	0.364 	49.103807 	-2.7009027 	6.926563
2.5410988e-21 	-0.022372372 	0.364 	49.073896 	-2.6977438 	6.926351
1.6940659e-20 	-0.022072072 	0.364 	49.043985 	-2.6945848 	6.9261389
-2.5410988e-21 	-0.021771772 	0.364 	49.014074 	-2.6914258 	6.9259268
-7.6232965e-21 	-0.021471471 	0.364 	48.984163 	-2.6882669 	6.9257148
4.2351647e-21 	-0.021171171 	0.364 	48.954252 	-2.6851079 	6.9255027
-1.5246593e-20 	-0.020870871 	0.364 	48.924341 	-2.6819489 	6.9252907
-6.7762636e-21 	-0.020570571 	0.364 	48.89443 	-2.6787899 	6.9250786
4.2351647e-21 	-0.02027027 	0.364 	48.864519 	-2.675631 	6.9248666
-9.3173624e-21 	-0.01996997 	0.364 	48.834608 	-2.672472 	6.9246545
-4.2351647e-21 	-0.01966967 	0.364 	48.804697 	-2.669313 	6.9244424
5.9292306e-21 	-0.019369369 	0.364 	48.774786 	-2.6661541 	6.9242304
5.0821977e-21 	-0.019069069 	0.364 	48.745226 	-2.6627963 	6.9240801
1.439956e-20 	-0.018768769 	0.364 	48.708786 	-2.6521145 	6.9249421
1.6940659e-20 	-0.018468468 	0.364 	48.666341 	-2.6386096 	6.9255472
1.0164395e-20 	-0.018168168 	0.364 	48.623898 	-2.6251302 	6.9261482
-6.7762636e-21 	-0.017867868 	0.364 	48.581456 	-2.6116508 	6.9267492
-2.0328791e-20 	-0.017567568 	0.364 	48.539013 	-2.5981714 	6.9273503
1.3552527e-20 	-0.017267267 	0.364 	48.49657 	-2.5846921 	6.9279513
1.3552527e-20 	-0.016966967 	0.364 	48.454127 	-2.5712127 	6.9285523
0 	-0.016666667 	0.364 	48.411684 	-2.5577333 	6.9291533
5.0821977e-20 	-0.016366366 	0.364 	48.36339 	-2.5438422 	6.9291658
-1.439956e-20 	-0.016066066 	0.364 	48.264618 	-2.5329398 	6.9267502
-3.9810549e-20 	-0.015765766 	0.364 	48.165845 	-2.5220374 	6.9243346
2.879912e-20 	-0.015465465 	0.364 	48.067072 	-2.511135 	6.9219189
2.5410988e-21 	-0.015165165 	0.364 	47.968299 	-2.5002327 	6.9195033
-5.9292306e-21 	-0.014864865 	0.364 	47.869527 	-2.4893303 	6.9170877
-3.3881318e-21 	-0.014564565 	0.364 	47.770754 	-2.4784279 	6.9146721
1.0164395e-20 	-0.014264264 	0.364 	47.671981 	-2.4675255 	6.9122564
-5.0821977e-21 	-0.013963964 	0.364 	47.573841 	-2.4564019 	6.9099374
-1.0164395e-20 	-0.013663664 	0.364 	47.423876 	-2.4425482 	6.9052044
1.3552527e-20 	-0.013363363 	0.364 	47.250778 	-2.4278144 	6.8997405
2.2022857e-20 	-0.013063063 	0.364 	47.07768 	-2.4130807 	6.8942765
-8.4703295e-21 	-0.012762763 	0.364 	46.904582 	-2.3983469 	6.8888125
3.3881318e-21 	-0.012462462 	0.364 	46.731484 	-2.3836131 	6.8833485
-1.5246593e-20 	-0.012162162 	0.364 	46.558386 	-2.3688793 	6.8778846
1.6940659e-21 	-0.011861862 	0.364 	46.385288 	-2.3541455 	6.8724206
-2.7105054e-20 	-0.011561562 	0.364 	46.212437 	-2.3395436 	6.8670212
1.6940659e-21 	-0.011261261 	0.364 	45.997739 	-2.3287175 	6.8588107
3.3881318e-21 	-0.010960961 	0.364 	45.684028 	-2.2986874 	6.8447627
-5.0821977e-21 	-0.010660661 	0.364 	45.370316 	-2.2686573 	6.8307147
-1.6940659e-20 	-0.01036036 	0.364 	45.056605 	-2.2386272 	6.8166668
1.0164395e-20 	-0.01006006 	0.364 	44.742893 	-2.208597 	6.8026188
2.0328791e-20 	-0.0097597598 	0.364 	44.429182 	-2.1785669 	6.7885709
2.5410988e-20 	-0.0094594595 	0.364 	44.115471 	-2.1485368 	6.7745229
-6.7762636e-21 	-0.0091591592 	0.364 	43.801759 	-2.1185067 	6.7604749
-1.439956e-20 	-0.0088588589 	0.364 	43.422894 	-2.0685405 	6.7462205
-3.3881318e-21 	-0.0085585586 	0.364 	42.948064 	-1.9955257 	6.7254601
-1.2705494e-20 	-0.0082582583 	0.364 	42.473906 	-1.9230073 	6.7046755
1.6940659e-21 	-0.007957958 	0.364 	41.999747 	-1.8504889 	6.6838909
-2.7105054e-20 	-0.0076576577 	0.364 	41.561646 	-1.7932334 	6.6635322
0 	-0.0073573574 	0.364 	40.989715 	-1.7377748 	6.6333058
-2.7105054e-20 	-0.0070570571 	0.364 	40.433411 	-1.6990929 	6.6024557
2.7105054e-20 	-0.0067567568 	0.364 	39.877108 	-1.6604109 	6.5716056
-6.6545026e-20 	-0.0064564565 	0.364 	39.386503 	-1.6508996 	6.5435592
-1.0164395e-20 	-0.0061561562 	0.364 	38.897138 	-1.6087614 	6.5173883
-5.759824e-20 	-0.0058558559 	0.364 	38.433646 	-1.5801938 	6.4900045
-4.7433845e-20 	-0.0055555556 	0.364 	37.970155 	-1.5516261 	6.4626207
-5.4210109e-20 	-0.0052552553 	0.364 	37.483861 	-1.5342325 	6.4311863
5.4210109e-20 	-0.004954955 	0.364 	36.705734 	-1.5212141 	6.3601083
2.7105054e-20 	-0.0046546547 	0.364 	35.936774 	-1.5253308 	6.2845175
3.0493186e-20 	-0.0043543544 	0.364 	35.167814 	-1.5294475 	6.2089267
2.0328791e-20 	-0.0040540541 	0.364 	34.457624 	-1.527072 	6.1334381
-2.7105054e-20 	-0.0037537538 	0.364 	32.799491 	-1.5776553 	5.8961559
5.4210109e-20 	-0.0034534535 	0.364 	31.080206 	-1.6332664 	5.6486277
1.0164395e-20 	-0.0031531532 	0.364 	29.384977 	-1.69522 	5.4061696
-1.6263033e-19 	-0.0028528529 	0.364 	26.312357 	-1.5523127 	4.8559792
5.4210109e-20 	-0.0025525526 	0.364 	20.976363 	-1.2415849 	3.8671658
-2.7105054e-20 	-0.0022522523 	0.364 	14.890992 	-0.88872585 	2.7576406
-2.7105054e-20 	-0.001951952 	0.364 	8.7263043 	-0.53140752 	1.6353389
6.2680438e-20 	-0.0016516517 	0.364 	3.3129443 	-0.27912986 	0.63482191
-5.5904175e-20 	-0.0013513514 	0.364 	-0.59199158 	0.060513441 	-0.084342152
1.4611318e-20 	-0.0010510511 	0.364 	-0.46040959 	0.047063117 	-0.06559542
4.6586812e-21 	-0.00075075075 	0.364 	-0.32882761 	0.033612793 	-0.046848687
7.8350548e-21 	-0.00045045045 	0.364 	-0.19724562 	0.020162468 	-0.028101954
-1.1011428e-20 	-0.00015015015 	0.364 	-0.065663637 	0.0067121438 	-0.0093552217
