-1.2 	0.25 	0.455 	67.41845 	33.378883 	0.33468844
-1.2 	0.2496997 	0.455 	67.357906 	33.412646 	0.33863156
-1.2 	0.2493994 	0.455 	67.297362 	33.446408 	0.34257467
-1.2 	0.2490991 	0.455 	67.236819 	33.480171 	0.34651779
-1.2 	0.2487988 	0.455 	67.176275 	33.513933 	0.35046091
-1.2 	0.2484985 	0.455 	67.165081 	33.695966 	0.35378187
-1.2 	0.2481982 	0.455 	67.159948 	33.896213 	0.35702639
-1.2 	0.2478979 	0.455 	67.154816 	34.096459 	0.36027092
-1.2 	0.2475976 	0.455 	67.149683 	34.296706 	0.36351544
-1.2 	0.2472973 	0.455 	67.144551 	34.496952 	0.36675997
-1.2 	0.246997 	0.455 	67.139418 	34.697199 	0.37000449
-1.2 	0.2466967 	0.455 	67.134286 	34.897446 	0.37324902
-1.2 	0.2463964 	0.455 	67.064328 	35.103753 	0.37704395
-1.2 	0.2460961 	0.455 	66.972308 	35.276034 	0.3809967
-1.2 	0.2457958 	0.455 	66.880289 	35.448315 	0.38494945
-1.2 	0.2454955 	0.455 	66.796287 	35.731606 	0.38878571
-1.2 	0.2451952 	0.455 	66.716728 	36.076414 	0.39255741
-1.2 	0.24489489 	0.455 	66.637168 	36.421221 	0.39632912
-1.2 	0.24459459 	0.455 	66.560373 	36.765421 	0.40023817
-1.2 	0.24429429 	0.455 	66.483613 	37.109613 	0.40414895
-1.2 	0.24399399 	0.455 	66.406853 	37.453806 	0.40805974
-1.2 	0.24369369 	0.455 	66.330093 	37.797998 	0.41197052
-1.2 	0.24339339 	0.455 	66.113815 	38.572177 	0.41685345
-1.2 	0.24309309 	0.455 	65.982733 	39.097897 	0.42094479
-1.2 	0.24279279 	0.455 	65.926938 	39.402072 	0.42436451
-1.2 	0.24249249 	0.455 	65.871143 	39.706248 	0.42778422
-1.2 	0.24219219 	0.455 	65.815347 	40.010423 	0.43120394
-1.2 	0.24189189 	0.455 	65.760037 	40.315705 	0.43445549
-1.2 	0.24159159 	0.455 	65.704752 	40.621043 	0.43769859
-1.2 	0.24129129 	0.455 	65.811222 	40.540342 	0.43971679
-1.2 	0.24099099 	0.455 	65.737075 	40.724237 	0.44229512
-1.2 	0.24069069 	0.455 	65.557326 	41.111909 	0.44552623
-1.2 	0.24039039 	0.455 	65.514023 	41.380655 	0.44895777
-1.2 	0.24009009 	0.455 	65.470721 	41.649401 	0.45238931
-1.2 	0.23978979 	0.455 	65.427419 	41.918147 	0.45582085
-1.2 	0.23948949 	0.455 	65.384264 	42.189435 	0.45903233
-1.2 	0.23918919 	0.455 	65.341261 	42.463364 	0.4620153
-1.2 	0.23888889 	0.455 	65.287682 	42.675748 	0.46550407
-1.2 	0.23858859 	0.455 	65.189456 	42.640877 	0.47106393
-1.2 	0.23828829 	0.455 	65.027386 	43.24429 	0.47452064
-1.2 	0.23798799 	0.455 	64.955997 	43.606385 	0.47760888
-1.2 	0.23768769 	0.455 	64.905571 	43.912693 	0.48061195
-1.2 	0.23738739 	0.455 	64.854629 	44.217633 	0.4838434
-1.2 	0.23708709 	0.455 	64.802515 	44.51947 	0.48759283
-1.2 	0.23678679 	0.455 	64.750401 	44.821306 	0.49134226
-1.2 	0.23648649 	0.455 	64.698287 	45.123142 	0.4950917
-1.2 	0.23618619 	0.455 	64.646174 	45.424979 	0.49884113
-1.2 	0.23588589 	0.455 	64.706242 	45.528216 	0.50154292
-1.2 	0.23558559 	0.455 	64.46306 	45.894594 	0.50737155
-1.2 	0.23528529 	0.455 	64.365916 	46.182086 	0.51193
-1.2 	0.23498498 	0.455 	64.287035 	46.45773 	0.51632189
-1.2 	0.23468468 	0.455 	64.208154 	46.733374 	0.52071379
-1.2 	0.23438438 	0.455 	64.129274 	47.009018 	0.52510568
-1.2 	0.23408408 	0.455 	64.050984 	47.285416 	0.52915868
-1.2 	0.23378378 	0.455 	63.973648 	47.563032 	0.53266524
-1.2 	0.23348348 	0.455 	63.896313 	47.840648 	0.53617179
-1.2 	0.23318318 	0.455 	63.83895 	47.974621 	0.53940198
-1.2 	0.23288288 	0.455 	63.638995 	48.378346 	0.54453662
-1.2 	0.23258258 	0.455 	63.411447 	48.781602 	0.549833
-1.2 	0.23228228 	0.455 	63.196324 	49.138803 	0.55492337
-1.2 	0.23198198 	0.455 	62.981202 	49.496005 	0.56001373
-1.2 	0.23168168 	0.455 	62.76608 	49.853206 	0.5651041
-1.2 	0.23138138 	0.455 	62.550958 	50.210981 	0.56994347
-1.2 	0.23108108 	0.455 	62.335838 	50.569697 	0.57437118
-1.2 	0.23078078 	0.455 	62.120718 	50.928413 	0.57879888
-1.2 	0.23048048 	0.455 	61.938837 	51.071412 	0.58229716
-1.2 	0.23018018 	0.455 	61.444708 	51.606161 	0.58765283
-1.2 	0.22987988 	0.455 	61.034154 	52.065349 	0.59312586
-1.2 	0.22957958 	0.455 	60.749991 	52.36497 	0.59819227
-1.2 	0.22927928 	0.455 	60.465829 	52.66459 	0.60325868
-1.2 	0.22897898 	0.455 	60.181667 	52.964211 	0.6083251
-1.2 	0.22867868 	0.455 	59.897504 	53.263832 	0.61339151
-1.2 	0.22837838 	0.455 	59.613342 	53.56356 	0.61844932
-1.2 	0.22807808 	0.455 	59.32918 	53.864332 	0.6234238
-1.2 	0.22777778 	0.455 	59.162343 	53.973991 	0.62728058
-1.2 	0.22747748 	0.455 	59.262726 	53.64837 	0.62859169
-1.2 	0.22717718 	0.455 	59.363109 	53.322749 	0.62990279
-1.2 	0.22687688 	0.455 	58.815814 	53.666915 	0.63594756
-1.2 	0.22657658 	0.455 	58.146113 	54.140106 	0.64292019
-1.2 	0.22627628 	0.455 	57.523035 	54.6742 	0.65103817
-1.2 	0.22597598 	0.455 	56.902194 	55.202906 	0.65986418
-1.2 	0.22567568 	0.455 	56.282325 	55.72927 	0.66899783
-1.2 	0.22537538 	0.455 	55.662456 	56.255634 	0.67813147
-1.2 	0.22507508 	0.455 	55.042587 	56.781999 	0.68726511
-1.2 	0.22477477 	0.455 	54.529653 	57.155723 	0.69509693
-1.2 	0.22447447 	0.455 	53.842259 	57.582297 	0.70074605
-1.2 	0.22417417 	0.455 	53.542194 	58.181538 	0.70437799
-1.2 	0.22387387 	0.455 	53.854382 	59.124293 	0.7038972
-1.2 	0.22357357 	0.455 	54.168173 	60.064623 	0.70366457
-1.2 	0.22327327 	0.455 	54.482862 	61.003593 	0.70357099
-1.2 	0.22297297 	0.455 	53.870363 	61.799477 	0.70655637
-1.2 	0.22267267 	0.455 	52.930878 	62.545469 	0.71075187
-1.2 	0.22237237 	0.455 	51.991394 	63.29146 	0.71494737
-1.2 	0.22207207 	0.455 	51.051909 	64.037451 	0.71914288
-1.2 	0.22177177 	0.455 	50.280267 	64.786936 	0.72257155
-1.2 	0.22147147 	0.455 	49.263927 	65.468619 	0.72699915
-1.2 	0.22117117 	0.455 	48.29951 	66.211837 	0.730987
-1.2 	0.22087087 	0.455 	47.409075 	66.873082 	0.73554263
-1.2 	0.22057057 	0.455 	46.515259 	67.533384 	0.73994233
-1.2 	0.22027027 	0.455 	45.737354 	67.981137 	0.74677194
-1.2 	0.21996997 	0.455 	45.053213 	68.158274 	0.75699716
-1.2 	0.21966967 	0.455 	44.405339 	68.295918 	0.76748743
-1.2 	0.21936937 	0.455 	43.757464 	68.433562 	0.77797769
-1.2 	0.21906907 	0.455 	43.572861 	68.744403 	0.78674207
-1.2 	0.21876877 	0.455 	40.11839 	69.959126 	0.79252736
-1.2 	0.21846847 	0.455 	39.114753 	70.48965 	0.79707656
-1.2 	0.21816817 	0.455 	38.184127 	71.000452 	0.80159856
-1.2 	0.21786787 	0.455 	37.253502 	71.511253 	0.80612055
-1.2 	0.21756757 	0.455 	36.317381 	72.023941 	0.81081736
-1.2 	0.21726727 	0.455 	35.103489 	72.514613 	0.81541978
-1.2 	0.21696697 	0.455 	32.444095 	72.882983 	0.81894241
-1.2 	0.21666667 	0.455 	29.7847 	73.251353 	0.82246503
-1.2 	0.21636637 	0.455 	26.887232 	74.162639 	0.82451262
-1.2 	0.21606607 	0.455 	23.924568 	75.226148 	0.82636067
-1.2 	0.21576577 	0.455 	20.961905 	76.289657 	0.82820871
-1.2 	0.21546547 	0.455 	17.70206 	70.849442 	0.75870542
-1.2 	0.21516517 	0.455 	14.041843 	56.794443 	0.59975229
-1.2 	0.21486486 	0.455 	9.9423016 	40.611221 	0.42326258
-1.2 	0.21456456 	0.455 	5.1027469 	20.84314 	0.21723358
-1.2 	0.21426426 	0.455 	0.26319218 	1.0750585 	0.011204589
