0 	0.25 	0.546 	53.884223 	-7.5088399 	-6.6727624
-0.0012012012 	0.25 	0.546 	53.889062 	-7.5181595 	-6.6745717
-0.0024024024 	0.25 	0.546 	53.893901 	-7.5274792 	-6.6763809
-0.0036036036 	0.25 	0.546 	53.898741 	-7.5367988 	-6.6781902
-0.0048048048 	0.25 	0.546 	53.90358 	-7.5461185 	-6.6799995
-0.006006006 	0.25 	0.546 	53.90917 	-7.5553638 	-6.6816372
-0.0072072072 	0.25 	0.546 	53.916366 	-7.5644502 	-6.6829085
-0.0084084084 	0.25 	0.546 	53.923562 	-7.5735367 	-6.6841797
-0.0096096096 	0.25 	0.546 	53.930758 	-7.5826231 	-6.6854509
-0.010810811 	0.25 	0.546 	53.937954 	-7.5917095 	-6.6867221
-0.012012012 	0.25 	0.546 	53.945151 	-7.6007959 	-6.6879933
-0.013213213 	0.25 	0.546 	53.952347 	-7.6098824 	-6.6892646
-0.014414414 	0.25 	0.546 	53.959543 	-7.6189688 	-6.6905358
-0.015615616 	0.25 	0.546 	53.966739 	-7.6280552 	-6.691807
-0.016816817 	0.25 	0.546 	53.973935 	-7.6371416 	-6.6930782
-0.018018018 	0.25 	0.546 	53.981131 	-7.6462281 	-6.6943494
-0.019219219 	0.25 	0.546 	53.988327 	-7.6553145 	-6.6956206
-0.02042042 	0.25 	0.546 	53.995524 	-7.6644009 	-6.6968919
-0.021621622 	0.25 	0.546 	54.003846 	-7.6744587 	-6.6986409
-0.022822823 	0.25 	0.546 	54.012649 	-7.684931 	-6.7005939
-0.024024024 	0.25 	0.546 	54.021451 	-7.6954032 	-6.7025469
-0.025225225 	0.25 	0.546 	54.030254 	-7.7058755 	-6.7044998
-0.026426426 	0.25 	0.546 	54.039057 	-7.7163477 	-6.7064528
-0.027627628 	0.25 	0.546 	54.047859 	-7.72682 	-6.7084058
-0.028828829 	0.25 	0.546 	54.056662 	-7.7372922 	-6.7103587
-0.03003003 	0.25 	0.546 	54.065465 	-7.7477644 	-6.7123117
-0.031231231 	0.25 	0.546 	54.074268 	-7.7582367 	-6.7142647
-0.032432432 	0.25 	0.546 	54.08307 	-7.7687089 	-6.7162176
-0.033633634 	0.25 	0.546 	54.091873 	-7.7791812 	-6.7181706
-0.034834835 	0.25 	0.546 	54.100676 	-7.7896534 	-6.7201236
-0.036036036 	0.25 	0.546 	54.109479 	-7.8001257 	-6.7220765
-0.037237237 	0.25 	0.546 	54.118281 	-7.8105979 	-6.7240295
-0.038438438 	0.25 	0.546 	54.127084 	-7.8210702 	-6.7259824
-0.03963964 	0.25 	0.546 	54.135887 	-7.8315424 	-6.7279354
-0.040840841 	0.25 	0.546 	54.144689 	-7.8420147 	-6.7298884
-0.042042042 	0.25 	0.546 	54.153492 	-7.8524869 	-6.7318413
-0.043243243 	0.25 	0.546 	54.162295 	-7.8629592 	-6.7337943
-0.044444444 	0.25 	0.546 	54.171098 	-7.8734314 	-6.7357473
-0.045645646 	0.25 	0.546 	54.1799 	-7.8839037 	-6.7377002
-0.046846847 	0.25 	0.546 	54.188703 	-7.8943759 	-6.7396532
-0.048048048 	0.25 	0.546 	54.197506 	-7.9048481 	-6.7416062
-0.049249249 	0.25 	0.546 	54.206308 	-7.9153204 	-6.7435591
-0.05045045 	0.25 	0.546 	54.215111 	-7.9257926 	-6.7455121
-0.051651652 	0.25 	0.546 	54.223914 	-7.9362649 	-6.747465
-0.052852853 	0.25 	0.546 	54.232717 	-7.9467371 	-6.749418
-0.054054054 	0.25 	0.546 	54.242517 	-7.9570091 	-6.7511205
-0.055255255 	0.25 	0.546 	54.253505 	-7.9670428 	-6.7525251
-0.056456456 	0.25 	0.546 	54.264492 	-7.9770765 	-6.7539297
-0.057657658 	0.25 	0.546 	54.275479 	-7.9871102 	-6.7553342
-0.058858859 	0.25 	0.546 	54.286467 	-7.9971439 	-6.7567388
-0.06006006 	0.25 	0.546 	54.297454 	-8.0071776 	-6.7581434
-0.061261261 	0.25 	0.546 	54.307994 	-8.0194503 	-6.7599804
-0.062462462 	0.25 	0.546 	54.318516 	-8.0318066 	-6.7618336
-0.063663664 	0.25 	0.546 	54.329039 	-8.0441629 	-6.7636868
-0.064864865 	0.25 	0.546 	54.339562 	-8.0565193 	-6.76554
-0.066066066 	0.25 	0.546 	54.350084 	-8.0688756 	-6.7673932
-0.067267267 	0.25 	0.546 	54.361244 	-8.0802046 	-6.7691196
-0.068468468 	0.25 	0.546 	54.373092 	-8.0904258 	-6.7707093
-0.06966967 	0.25 	0.546 	54.384939 	-8.1006469 	-6.772299
-0.070870871 	0.25 	0.546 	54.396786 	-8.110868 	-6.7738887
-0.072072072 	0.25 	0.546 	54.408633 	-8.1210891 	-6.7754785
-0.073273273 	0.25 	0.546 	54.420481 	-8.1313103 	-6.7770682
-0.074474474 	0.25 	0.546 	54.432328 	-8.1415314 	-6.7786579
-0.075675676 	0.25 	0.546 	54.444175 	-8.1517525 	-6.7802476
-0.076876877 	0.25 	0.546 	54.456022 	-8.1619736 	-6.7818374
-0.078078078 	0.25 	0.546 	54.46787 	-8.1721948 	-6.7834271
-0.079279279 	0.25 	0.546 	54.479717 	-8.1824159 	-6.7850168
-0.08048048 	0.25 	0.546 	54.491564 	-8.192637 	-6.7866065
-0.081681682 	0.25 	0.546 	54.503412 	-8.2028581 	-6.7881962
-0.082882883 	0.25 	0.546 	54.515259 	-8.2130793 	-6.789786
-0.084084084 	0.25 	0.546 	54.527106 	-8.2233004 	-6.7913757
-0.085285285 	0.25 	0.546 	54.538953 	-8.2335215 	-6.7929654
-0.086486486 	0.25 	0.546 	54.550801 	-8.2437426 	-6.7945551
-0.087687688 	0.25 	0.546 	54.562648 	-8.2539638 	-6.7961449
-0.088888889 	0.25 	0.546 	54.574495 	-8.2641849 	-6.7977346
-0.09009009 	0.25 	0.546 	54.586342 	-8.274406 	-6.7993243
-0.091291291 	0.25 	0.546 	54.59819 	-8.2846271 	-6.800914
-0.092492492 	0.25 	0.546 	54.610037 	-8.2948482 	-6.8025037
-0.093693694 	0.25 	0.546 	54.621884 	-8.3050694 	-6.8040935
-0.094894895 	0.25 	0.546 	54.633731 	-8.3152905 	-6.8056832
-0.096096096 	0.25 	0.546 	54.645579 	-8.3255116 	-6.8072729
-0.097297297 	0.25 	0.546 	54.657426 	-8.3357327 	-6.8088626
-0.098498498 	0.25 	0.546 	54.669273 	-8.3459539 	-6.8104524
-0.0996997 	0.25 	0.546 	54.681121 	-8.356175 	-6.8120421
-0.1009009 	0.25 	0.546 	54.692594 	-8.3654807 	-6.8133942
-0.1021021 	0.25 	0.546 	54.704045 	-8.3747331 	-6.8147326
-0.1033033 	0.25 	0.546 	54.715496 	-8.3839855 	-6.816071
-0.1045045 	0.25 	0.546 	54.726948 	-8.393238 	-6.8174093
-0.10570571 	0.25 	0.546 	54.738399 	-8.4024904 	-6.8187477
-0.10690691 	0.25 	0.546 	54.74985 	-8.4117428 	-6.8200861
-0.10810811 	0.25 	0.546 	54.761301 	-8.4209953 	-6.8214244
-0.10930931 	0.25 	0.546 	54.772753 	-8.4302477 	-6.8227628
-0.11051051 	0.25 	0.546 	54.784204 	-8.4395002 	-6.8241011
-0.11171171 	0.25 	0.546 	54.795655 	-8.4487526 	-6.8254395
-0.11291291 	0.25 	0.546 	54.807107 	-8.458005 	-6.8267779
-0.11411411 	0.25 	0.546 	54.818558 	-8.4672575 	-6.8281162
-0.11531532 	0.25 	0.546 	54.831171 	-8.475607 	-6.82937
-0.11651652 	0.25 	0.546 	54.844303 	-8.4835524 	-6.8305859
-0.11771772 	0.25 	0.546 	54.857435 	-8.4914978 	-6.8318019
-0.11891892 	0.25 	0.546 	54.870567 	-8.4994432 	-6.8330178
-0.12012012 	0.25 	0.546 	54.883699 	-8.5073887 	-6.8342337
-0.12132132 	0.25 	0.546 	54.896578 	-8.5154486 	-6.8355687
-0.12252252 	0.25 	0.546 	54.908491 	-8.523945 	-6.8373571
-0.12372372 	0.25 	0.546 	54.920404 	-8.5324414 	-6.8391456
-0.12492492 	0.25 	0.546 	54.932316 	-8.5409377 	-6.840934
-0.12612613 	0.25 	0.546 	54.944229 	-8.5494341 	-6.8427224
-0.12732733 	0.25 	0.546 	54.956142 	-8.5579305 	-6.8445109
-0.12852853 	0.25 	0.546 	54.969587 	-8.5666579 	-6.8456472
-0.12972973 	0.25 	0.546 	54.983603 	-8.5754715 	-6.8465408
-0.13093093 	0.25 	0.546 	54.997618 	-8.584285 	-6.8474343
-0.13213213 	0.25 	0.546 	55.011634 	-8.5930985 	-6.8483279
-0.13333333 	0.25 	0.546 	55.02565 	-8.6019121 	-6.8492214
-0.13453453 	0.25 	0.546 	55.039666 	-8.6107256 	-6.850115
-0.13573574 	0.25 	0.546 	55.053682 	-8.6195391 	-6.8510085
-0.13693694 	0.25 	0.546 	55.067698 	-8.6283526 	-6.851902
-0.13813814 	0.25 	0.546 	55.081713 	-8.6371662 	-6.8527956
-0.13933934 	0.25 	0.546 	55.095729 	-8.6459797 	-6.8536891
-0.14054054 	0.25 	0.546 	55.109745 	-8.6547932 	-6.8545827
-0.14174174 	0.25 	0.546 	55.123761 	-8.6636068 	-6.8554762
-0.14294294 	0.25 	0.546 	55.138153 	-8.672417 	-6.8564432
-0.14414414 	0.25 	0.546 	55.152762 	-8.6812254 	-6.8574527
-0.14534535 	0.25 	0.546 	55.167371 	-8.6900338 	-6.8584621
-0.14654655 	0.25 	0.546 	55.18198 	-8.6988422 	-6.8594715
-0.14774775 	0.25 	0.546 	55.196589 	-8.7076506 	-6.8604809
-0.14894895 	0.25 	0.546 	55.211198 	-8.716459 	-6.8614903
-0.15015015 	0.25 	0.546 	55.225806 	-8.7252674 	-6.8624997
-0.15135135 	0.25 	0.546 	55.240415 	-8.7340758 	-6.8635091
-0.15255255 	0.25 	0.546 	55.255024 	-8.7428841 	-6.8645185
-0.15375375 	0.25 	0.546 	55.269633 	-8.7516925 	-6.8655279
-0.15495495 	0.25 	0.546 	55.284242 	-8.7605009 	-6.8665373
-0.15615616 	0.25 	0.546 	55.298851 	-8.7693093 	-6.8675467
-0.15735736 	0.25 	0.546 	55.31346 	-8.7781177 	-6.8685561
-0.15855856 	0.25 	0.546 	55.328069 	-8.7869261 	-6.8695655
-0.15975976 	0.25 	0.546 	55.342678 	-8.7957345 	-6.8705749
-0.16096096 	0.25 	0.546 	55.357287 	-8.8045429 	-6.8715843
-0.16216216 	0.25 	0.546 	55.371895 	-8.8133513 	-6.8725937
-0.16336336 	0.25 	0.546 	55.386504 	-8.8221596 	-6.8736031
-0.16456456 	0.25 	0.546 	55.401113 	-8.830968 	-6.8746125
-0.16576577 	0.25 	0.546 	55.415722 	-8.8397764 	-6.8756219
-0.16696697 	0.25 	0.546 	55.430331 	-8.8485848 	-6.8766313
-0.16816817 	0.25 	0.546 	55.44494 	-8.8573932 	-6.8776407
-0.16936937 	0.25 	0.546 	55.459549 	-8.8662016 	-6.8786501
-0.17057057 	0.25 	0.546 	55.474158 	-8.87501 	-6.8796595
-0.17177177 	0.25 	0.546 	55.488767 	-8.8838184 	-6.8806689
-0.17297297 	0.25 	0.546 	55.503376 	-8.8926268 	-6.8816783
-0.17417417 	0.25 	0.546 	55.517985 	-8.9014351 	-6.8826877
-0.17537538 	0.25 	0.546 	55.532593 	-8.9102435 	-6.8836971
-0.17657658 	0.25 	0.546 	55.549238 	-8.9191859 	-6.8838942
-0.17777778 	0.25 	0.546 	55.565965 	-8.9281336 	-6.8840586
-0.17897898 	0.25 	0.546 	55.582692 	-8.9370814 	-6.8842231
-0.18018018 	0.25 	0.546 	55.599418 	-8.9460291 	-6.8843876
-0.18138138 	0.25 	0.546 	55.616145 	-8.9549769 	-6.8845521
-0.18258258 	0.25 	0.546 	55.632539 	-8.9640832 	-6.8850893
-0.18378378 	0.25 	0.546 	55.648574 	-8.9733607 	-6.8860286
-0.18498498 	0.25 	0.546 	55.664609 	-8.9826382 	-6.8869679
-0.18618619 	0.25 	0.546 	55.680644 	-8.9919157 	-6.8879072
-0.18738739 	0.25 	0.546 	55.696679 	-9.0011931 	-6.8888465
-0.18858859 	0.25 	0.546 	55.712714 	-9.0104706 	-6.8897857
-0.18978979 	0.25 	0.546 	55.729541 	-9.0184779 	-6.8899646
-0.19099099 	0.25 	0.546 	55.746368 	-9.0264842 	-6.8901428
-0.19219219 	0.25 	0.546 	55.763196 	-9.0344905 	-6.8903211
-0.19339339 	0.25 	0.546 	55.780023 	-9.0424968 	-6.8904993
-0.19459459 	0.25 	0.546 	55.79685 	-9.050503 	-6.8906775
-0.1957958 	0.25 	0.546 	55.813678 	-9.0585093 	-6.8908557
-0.196997 	0.25 	0.546 	55.830505 	-9.0665156 	-6.891034
-0.1981982 	0.25 	0.546 	55.847332 	-9.0745219 	-6.8912122
-0.1993994 	0.25 	0.546 	55.86416 	-9.0825282 	-6.8913904
-0.2006006 	0.25 	0.546 	55.880987 	-9.0905344 	-6.8915686
-0.2018018 	0.25 	0.546 	55.897814 	-9.0985407 	-6.8917469
-0.203003 	0.25 	0.546 	55.914642 	-9.106547 	-6.8919251
-0.2042042 	0.25 	0.546 	55.931469 	-9.1145533 	-6.8921033
-0.20540541 	0.25 	0.546 	55.948296 	-9.1225595 	-6.8922815
-0.20660661 	0.25 	0.546 	55.965124 	-9.1305658 	-6.8924598
-0.20780781 	0.25 	0.546 	55.981951 	-9.1385721 	-6.892638
-0.20900901 	0.25 	0.546 	55.998778 	-9.1465784 	-6.8928162
-0.21021021 	0.25 	0.546 	56.015606 	-9.1545846 	-6.8929944
-0.21141141 	0.25 	0.546 	56.032433 	-9.1625909 	-6.8931727
-0.21261261 	0.25 	0.546 	56.049261 	-9.1705972 	-6.8933509
-0.21381381 	0.25 	0.546 	56.066088 	-9.1786035 	-6.8935291
-0.21501502 	0.25 	0.546 	56.082915 	-9.1866098 	-6.8937073
-0.21621622 	0.25 	0.546 	56.099743 	-9.194616 	-6.8938856
-0.21741742 	0.25 	0.546 	56.11657 	-9.2026223 	-6.8940638
-0.21861862 	0.25 	0.546 	56.133397 	-9.2106286 	-6.894242
-0.21981982 	0.25 	0.546 	56.150225 	-9.2186349 	-6.8944202
-0.22102102 	0.25 	0.546 	56.167052 	-9.2266411 	-6.8945985
-0.22222222 	0.25 	0.546 	56.183879 	-9.2346474 	-6.8947767
-0.22342342 	0.25 	0.546 	56.200202 	-9.2421168 	-6.8948948
-0.22462462 	0.25 	0.546 	56.216513 	-9.2495746 	-6.8950116
-0.22582583 	0.25 	0.546 	56.232825 	-9.2570324 	-6.8951283
-0.22702703 	0.25 	0.546 	56.249137 	-9.2644902 	-6.8952451
-0.22822823 	0.25 	0.546 	56.265448 	-9.271948 	-6.8953619
-0.22942943 	0.25 	0.546 	56.28176 	-9.2794059 	-6.8954787
-0.23063063 	0.25 	0.546 	56.298072 	-9.2868637 	-6.8955955
-0.23183183 	0.25 	0.546 	56.314383 	-9.2943215 	-6.8957123
-0.23303303 	0.25 	0.546 	56.330695 	-9.3017793 	-6.8958291
-0.23423423 	0.25 	0.546 	56.347007 	-9.3092371 	-6.8959458
-0.23543544 	0.25 	0.546 	56.363318 	-9.316695 	-6.8960626
-0.23663664 	0.25 	0.546 	56.379898 	-9.3240436 	-6.896059
-0.23783784 	0.25 	0.546 	56.397454 	-9.3309944 	-6.8956169
-0.23903904 	0.25 	0.546 	56.415009 	-9.3379452 	-6.8951747
-0.24024024 	0.25 	0.546 	56.432565 	-9.344896 	-6.8947325
-0.24144144 	0.25 	0.546 	56.45012 	-9.3518468 	-6.8942904
-0.24264264 	0.25 	0.546 	56.467676 	-9.3587976 	-6.8938482
-0.24384384 	0.25 	0.546 	56.484899 	-9.365187 	-6.8938564
-0.24504505 	0.25 	0.546 	56.502001 	-9.3713719 	-6.8940285
-0.24624625 	0.25 	0.546 	56.519103 	-9.3775569 	-6.8942006
-0.24744745 	0.25 	0.546 	56.536206 	-9.3837419 	-6.8943727
-0.24864865 	0.25 	0.546 	56.553308 	-9.3899269 	-6.8945448
-0.24984985 	0.25 	0.546 	56.570642 	-9.3963986 	-6.8944779
-0.25105105 	0.25 	0.546 	56.588663 	-9.4037202 	-6.8937026
-0.25225225 	0.25 	0.546 	56.606685 	-9.4110418 	-6.8929273
-0.25345345 	0.25 	0.546 	56.624706 	-9.4183634 	-6.892152
-0.25465465 	0.25 	0.546 	56.642727 	-9.425685 	-6.8913767
-0.25585586 	0.25 	0.546 	56.660749 	-9.4330066 	-6.8906014
-0.25705706 	0.25 	0.546 	56.67877 	-9.4403282 	-6.8898261
-0.25825826 	0.25 	0.546 	56.696792 	-9.4476498 	-6.8890508
-0.25945946 	0.25 	0.546 	56.714813 	-9.4549714 	-6.8882755
-0.26066066 	0.25 	0.546 	56.732835 	-9.462293 	-6.8875002
-0.26186186 	0.25 	0.546 	56.750856 	-9.4696146 	-6.8867249
-0.26306306 	0.25 	0.546 	56.768877 	-9.4769362 	-6.8859496
-0.26426426 	0.25 	0.546 	56.787216 	-9.4842941 	-6.8852569
-0.26546547 	0.25 	0.546 	56.805723 	-9.4916714 	-6.8846084
-0.26666667 	0.25 	0.546 	56.82423 	-9.4990487 	-6.8839599
-0.26786787 	0.25 	0.546 	56.842737 	-9.506426 	-6.8833114
-0.26906907 	0.25 	0.546 	56.861245 	-9.5138033 	-6.8826629
-0.27027027 	0.25 	0.546 	56.879752 	-9.5211806 	-6.8820144
-0.27147147 	0.25 	0.546 	56.898259 	-9.5285579 	-6.8813659
-0.27267267 	0.25 	0.546 	56.916766 	-9.5359352 	-6.8807173
-0.27387387 	0.25 	0.546 	56.935274 	-9.5433125 	-6.8800688
-0.27507508 	0.25 	0.546 	56.953781 	-9.5506898 	-6.8794203
-0.27627628 	0.25 	0.546 	56.972288 	-9.5580671 	-6.8787718
-0.27747748 	0.25 	0.546 	56.990796 	-9.5654444 	-6.8781233
-0.27867868 	0.25 	0.546 	57.009303 	-9.5728218 	-6.8774748
-0.27987988 	0.25 	0.546 	57.02781 	-9.5801991 	-6.8768263
-0.28108108 	0.25 	0.546 	57.046317 	-9.5875764 	-6.8761778
-0.28228228 	0.25 	0.546 	57.064825 	-9.5949537 	-6.8755292
-0.28348348 	0.25 	0.546 	57.083332 	-9.602331 	-6.8748807
-0.28468468 	0.25 	0.546 	57.101839 	-9.6097083 	-6.8742322
-0.28588589 	0.25 	0.546 	57.120346 	-9.6170856 	-6.8735837
-0.28708709 	0.25 	0.546 	57.138854 	-9.6244629 	-6.8729352
-0.28828829 	0.25 	0.546 	57.157361 	-9.6318402 	-6.8722867
-0.28948949 	0.25 	0.546 	57.175868 	-9.6392175 	-6.8716382
-0.29069069 	0.25 	0.546 	57.194375 	-9.6465948 	-6.8709897
-0.29189189 	0.25 	0.546 	57.212883 	-9.6539721 	-6.8703411
-0.29309309 	0.25 	0.546 	57.23139 	-9.6613494 	-6.8696926
-0.29429429 	0.25 	0.546 	57.249897 	-9.6687267 	-6.8690441
-0.2954955 	0.25 	0.546 	57.268405 	-9.676104 	-6.8683956
-0.2966967 	0.25 	0.546 	57.286912 	-9.6834813 	-6.8677471
-0.2978979 	0.25 	0.546 	57.30598 	-9.691345 	-6.8667363
-0.2990991 	0.25 	0.546 	57.325662 	-9.6997418 	-6.8653286
-0.3003003 	0.25 	0.546 	57.345344 	-9.7081385 	-6.8639209
-0.3015015 	0.25 	0.546 	57.365027 	-9.7165352 	-6.8625132
-0.3027027 	0.25 	0.546 	57.384709 	-9.7249319 	-6.8611055
-0.3039039 	0.25 	0.546 	57.404391 	-9.7333286 	-6.8596978
-0.30510511 	0.25 	0.546 	57.425395 	-9.7409646 	-6.8587028
-0.30630631 	0.25 	0.546 	57.446404 	-9.7485977 	-6.8577094
-0.30750751 	0.25 	0.546 	57.467412 	-9.7562309 	-6.856716
-0.30870871 	0.25 	0.546 	57.488421 	-9.763864 	-6.8557226
-0.30990991 	0.25 	0.546 	57.509429 	-9.7714971 	-6.8547292
-0.31111111 	0.25 	0.546 	57.530103 	-9.7785677 	-6.8534852
-0.31231231 	0.25 	0.546 	57.550461 	-9.7851056 	-6.8520038
-0.31351351 	0.25 	0.546 	57.570818 	-9.7916434 	-6.8505224
-0.31471471 	0.25 	0.546 	57.591175 	-9.7981812 	-6.8490409
-0.31591592 	0.25 	0.546 	57.611532 	-9.8047191 	-6.8475595
-0.31711712 	0.25 	0.546 	57.63189 	-9.8112569 	-6.8460781
-0.31831832 	0.25 	0.546 	57.652247 	-9.8177947 	-6.8445967
-0.31951952 	0.25 	0.546 	57.672604 	-9.8243326 	-6.8431152
-0.32072072 	0.25 	0.546 	57.692961 	-9.8308704 	-6.8416338
-0.32192192 	0.25 	0.546 	57.713319 	-9.8374083 	-6.8401524
-0.32312312 	0.25 	0.546 	57.733676 	-9.8439461 	-6.8386709
-0.32432432 	0.25 	0.546 	57.754033 	-9.8504839 	-6.8371895
-0.32552553 	0.25 	0.546 	57.77439 	-9.8570218 	-6.8357081
-0.32672673 	0.25 	0.546 	57.794748 	-9.8635596 	-6.8342267
-0.32792793 	0.25 	0.546 	57.815105 	-9.8700974 	-6.8327452
-0.32912913 	0.25 	0.546 	57.835462 	-9.8766353 	-6.8312638
-0.33033033 	0.25 	0.546 	57.855819 	-9.8831731 	-6.8297824
-0.33153153 	0.25 	0.546 	57.876177 	-9.8897109 	-6.828301
-0.33273273 	0.25 	0.546 	57.896534 	-9.8962488 	-6.8268195
-0.33393393 	0.25 	0.546 	57.916891 	-9.9027866 	-6.8253381
-0.33513514 	0.25 	0.546 	57.937248 	-9.9093244 	-6.8238567
-0.33633634 	0.25 	0.546 	57.957606 	-9.9158623 	-6.8223753
-0.33753754 	0.25 	0.546 	57.977963 	-9.9224001 	-6.8208938
-0.33873874 	0.25 	0.546 	57.99832 	-9.9289379 	-6.8194124
-0.33993994 	0.25 	0.546 	58.018677 	-9.9354758 	-6.817931
-0.34114114 	0.25 	0.546 	58.039035 	-9.9420136 	-6.8164496
-0.34234234 	0.25 	0.546 	58.059392 	-9.9485514 	-6.8149681
-0.34354354 	0.25 	0.546 	58.079749 	-9.9550893 	-6.8134867
-0.34474474 	0.25 	0.546 	58.100106 	-9.9616271 	-6.8120053
-0.34594595 	0.25 	0.546 	58.120661 	-9.9681024 	-6.8101687
-0.34714715 	0.25 	0.546 	58.141222 	-9.9745756 	-6.8083197
-0.34834835 	0.25 	0.546 	58.161784 	-9.9810487 	-6.8064707
-0.34954955 	0.25 	0.546 	58.182346 	-9.9875219 	-6.8046216
-0.35075075 	0.25 	0.546 	58.202907 	-9.993995 	-6.8027726
-0.35195195 	0.25 	0.546 	58.223469 	-10.000468 	-6.8009235
-0.35315315 	0.25 	0.546 	58.24403 	-10.006941 	-6.7990745
-0.35435435 	0.25 	0.546 	58.264592 	-10.013414 	-6.7972255
-0.35555556 	0.25 	0.546 	58.285153 	-10.019888 	-6.7953764
-0.35675676 	0.25 	0.546 	58.305715 	-10.026361 	-6.7935274
-0.35795796 	0.25 	0.546 	58.326276 	-10.032834 	-6.7916784
-0.35915916 	0.25 	0.546 	58.346661 	-10.038761 	-6.7896599
-0.36036036 	0.25 	0.546 	58.366979 	-10.044482 	-6.7875776
-0.36156156 	0.25 	0.546 	58.387297 	-10.050203 	-6.7854953
-0.36276276 	0.25 	0.546 	58.407615 	-10.055924 	-6.783413
-0.36396396 	0.25 	0.546 	58.427933 	-10.061645 	-6.7813307
-0.36516517 	0.25 	0.546 	58.449316 	-10.067084 	-6.779282
-0.36636637 	0.25 	0.546 	58.474 	-10.071649 	-6.7773376
-0.36756757 	0.25 	0.546 	58.498685 	-10.076213 	-6.7753932
-0.36876877 	0.25 	0.546 	58.523369 	-10.080778 	-6.7734488
-0.36996997 	0.25 	0.546 	58.548054 	-10.085343 	-6.7715043
-0.37117117 	0.25 	0.546 	58.572738 	-10.089907 	-6.7695599
-0.37237237 	0.25 	0.546 	58.596229 	-10.094147 	-6.7670678
-0.37357357 	0.25 	0.546 	58.61935 	-10.098286 	-6.7644057
-0.37477477 	0.25 	0.546 	58.64247 	-10.102425 	-6.7617437
-0.37597598 	0.25 	0.546 	58.665591 	-10.106563 	-6.7590817
-0.37717718 	0.25 	0.546 	58.688711 	-10.110702 	-6.7564197
-0.37837838 	0.25 	0.546 	58.711832 	-10.114841 	-6.7537577
-0.37957958 	0.25 	0.546 	58.734952 	-10.11898 	-6.7510956
-0.38078078 	0.25 	0.546 	58.758073 	-10.123119 	-6.7484336
-0.38198198 	0.25 	0.546 	58.781193 	-10.127258 	-6.7457716
-0.38318318 	0.25 	0.546 	58.804314 	-10.131397 	-6.7431096
-0.38438438 	0.25 	0.546 	58.827435 	-10.135536 	-6.7404475
-0.38558559 	0.25 	0.546 	58.849289 	-10.140802 	-6.7381363
-0.38678679 	0.25 	0.546 	58.870639 	-10.146517 	-6.735965
-0.38798799 	0.25 	0.546 	58.891989 	-10.152232 	-6.7337937
-0.38918919 	0.25 	0.546 	58.913338 	-10.157948 	-6.7316225
-0.39039039 	0.25 	0.546 	58.934688 	-10.163663 	-6.7294512
-0.39159159 	0.25 	0.546 	58.956037 	-10.169379 	-6.72728
-0.39279279 	0.25 	0.546 	58.977387 	-10.175094 	-6.7251087
-0.39399399 	0.25 	0.546 	58.998736 	-10.18081 	-6.7229374
-0.3951952 	0.25 	0.546 	59.020086 	-10.186525 	-6.7207662
-0.3963964 	0.25 	0.546 	59.041436 	-10.192241 	-6.7185949
-0.3975976 	0.25 	0.546 	59.062785 	-10.197956 	-6.7164237
-0.3987988 	0.25 	0.546 	59.084135 	-10.203671 	-6.7142524
-0.4 	0.25 	0.546 	59.105484 	-10.209387 	-6.7120811
-0.4012012 	0.25 	0.546 	59.126834 	-10.215102 	-6.7099099
-0.4024024 	0.25 	0.546 	59.148183 	-10.220818 	-6.7077386
-0.4036036 	0.25 	0.546 	59.169533 	-10.226533 	-6.7055674
-0.4048048 	0.25 	0.546 	59.190883 	-10.232249 	-6.7033961
-0.40600601 	0.25 	0.546 	59.212232 	-10.237964 	-6.7012248
-0.40720721 	0.25 	0.546 	59.233582 	-10.24368 	-6.6990536
-0.40840841 	0.25 	0.546 	59.254931 	-10.249395 	-6.6968823
-0.40960961 	0.25 	0.546 	59.276281 	-10.25511 	-6.6947111
-0.41081081 	0.25 	0.546 	59.29763 	-10.260826 	-6.6925398
-0.41201201 	0.25 	0.546 	59.31898 	-10.266541 	-6.6903685
-0.41321321 	0.25 	0.546 	59.340329 	-10.272257 	-6.6881973
-0.41441441 	0.25 	0.546 	59.361679 	-10.277972 	-6.686026
-0.41561562 	0.25 	0.546 	59.383029 	-10.283688 	-6.6838548
-0.41681682 	0.25 	0.546 	59.404378 	-10.289403 	-6.6816835
-0.41801802 	0.25 	0.546 	59.425728 	-10.295119 	-6.6795122
-0.41921922 	0.25 	0.546 	59.447077 	-10.300834 	-6.677341
-0.42042042 	0.25 	0.546 	59.46726 	-10.306346 	-6.6747268
-0.42162162 	0.25 	0.546 	59.487429 	-10.311855 	-6.6721076
-0.42282282 	0.25 	0.546 	59.507599 	-10.317365 	-6.6694883
-0.42402402 	0.25 	0.546 	59.527768 	-10.322874 	-6.6668691
-0.42522523 	0.25 	0.546 	59.547937 	-10.328384 	-6.6642499
-0.42642643 	0.25 	0.546 	59.572175 	-10.335002 	-6.6615862
-0.42762763 	0.25 	0.546 	59.60036 	-10.342695 	-6.6588794
-0.42882883 	0.25 	0.546 	59.628545 	-10.350388 	-6.6561727
-0.43003003 	0.25 	0.546 	59.65673 	-10.358081 	-6.6534659
-0.43123123 	0.25 	0.546 	59.684915 	-10.365774 	-6.6507591
-0.43243243 	0.25 	0.546 	59.712956 	-10.37338 	-6.6480486
-0.43363363 	0.25 	0.546 	59.735379 	-10.377583 	-6.6451895
-0.43483483 	0.25 	0.546 	59.757801 	-10.381787 	-6.6423305
-0.43603604 	0.25 	0.546 	59.780223 	-10.38599 	-6.6394714
-0.43723724 	0.25 	0.546 	59.802645 	-10.390194 	-6.6366123
-0.43843844 	0.25 	0.546 	59.825068 	-10.394397 	-6.6337533
-0.43963964 	0.25 	0.546 	59.84749 	-10.398601 	-6.6308942
-0.44084084 	0.25 	0.546 	59.869912 	-10.402804 	-6.6280352
-0.44204204 	0.25 	0.546 	59.892335 	-10.407008 	-6.6251761
-0.44324324 	0.25 	0.546 	59.914757 	-10.411211 	-6.6223171
-0.44444444 	0.25 	0.546 	59.937179 	-10.415414 	-6.619458
-0.44564565 	0.25 	0.546 	59.959602 	-10.419618 	-6.616599
-0.44684685 	0.25 	0.546 	59.982024 	-10.423821 	-6.6137399
-0.44804805 	0.25 	0.546 	60.004446 	-10.428025 	-6.6108809
-0.44924925 	0.25 	0.546 	60.026868 	-10.432228 	-6.6080218
-0.45045045 	0.25 	0.546 	60.049291 	-10.436432 	-6.6051628
-0.45165165 	0.25 	0.546 	60.071713 	-10.440635 	-6.6023037
-0.45285285 	0.25 	0.546 	60.094135 	-10.444839 	-6.5994447
-0.45405405 	0.25 	0.546 	60.116558 	-10.449042 	-6.5965856
-0.45525526 	0.25 	0.546 	60.13898 	-10.453245 	-6.5937266
-0.45645646 	0.25 	0.546 	60.161402 	-10.457449 	-6.5908675
-0.45765766 	0.25 	0.546 	60.183825 	-10.461652 	-6.5880085
-0.45885886 	0.25 	0.546 	60.206247 	-10.465856 	-6.5851494
-0.46006006 	0.25 	0.546 	60.228669 	-10.470059 	-6.5822903
-0.46126126 	0.25 	0.546 	60.251091 	-10.474263 	-6.5794313
-0.46246246 	0.25 	0.546 	60.273514 	-10.478466 	-6.5765722
-0.46366366 	0.25 	0.546 	60.295936 	-10.48267 	-6.5737132
-0.46486486 	0.25 	0.546 	60.318358 	-10.486873 	-6.5708541
-0.46606607 	0.25 	0.546 	60.340781 	-10.491076 	-6.5679951
-0.46726727 	0.25 	0.546 	60.363203 	-10.49528 	-6.565136
-0.46846847 	0.25 	0.546 	60.387923 	-10.500431 	-6.5617554
-0.46966967 	0.25 	0.546 	60.413001 	-10.505729 	-6.5582936
-0.47087087 	0.25 	0.546 	60.438079 	-10.511027 	-6.5548318
-0.47207207 	0.25 	0.546 	60.463157 	-10.516325 	-6.5513701
-0.47327327 	0.25 	0.546 	60.488235 	-10.521623 	-6.5479083
-0.47447447 	0.25 	0.546 	60.513312 	-10.526921 	-6.5444466
-0.47567568 	0.25 	0.546 	60.53839 	-10.532219 	-6.5409848
-0.47687688 	0.25 	0.546 	60.563468 	-10.537517 	-6.537523
-0.47807808 	0.25 	0.546 	60.588546 	-10.542815 	-6.5340613
-0.47927928 	0.25 	0.546 	60.613624 	-10.548113 	-6.5305995
-0.48048048 	0.25 	0.546 	60.637471 	-10.552687 	-6.5271941
-0.48168168 	0.25 	0.546 	60.657342 	-10.554923 	-6.5239707
-0.48288288 	0.25 	0.546 	60.677213 	-10.557158 	-6.5207473
-0.48408408 	0.25 	0.546 	60.697084 	-10.559394 	-6.517524
-0.48528529 	0.25 	0.546 	60.716955 	-10.561629 	-6.5143006
-0.48648649 	0.25 	0.546 	60.736826 	-10.563864 	-6.5110772
-0.48768769 	0.25 	0.546 	60.764354 	-10.568523 	-6.5075486
-0.48888889 	0.25 	0.546 	60.794386 	-10.573975 	-6.50392
-0.49009009 	0.25 	0.546 	60.824419 	-10.579426 	-6.5002915
-0.49129129 	0.25 	0.546 	60.854452 	-10.584877 	-6.496663
-0.49249249 	0.25 	0.546 	60.884484 	-10.590329 	-6.4930345
-0.49369369 	0.25 	0.546 	60.91372 	-10.595241 	-6.4892738
-0.49489489 	0.25 	0.546 	60.940809 	-10.5987 	-6.4851564
-0.4960961 	0.25 	0.546 	60.967898 	-10.602158 	-6.4810391
-0.4972973 	0.25 	0.546 	60.994986 	-10.605616 	-6.4769217
-0.4984985 	0.25 	0.546 	61.022075 	-10.609074 	-6.4728044
-0.4996997 	0.25 	0.546 	61.049163 	-10.612533 	-6.468687
-0.5009009 	0.25 	0.546 	61.076252 	-10.615991 	-6.4645697
-0.5021021 	0.25 	0.546 	61.10334 	-10.619449 	-6.4604523
-0.5033033 	0.25 	0.546 	61.130429 	-10.622908 	-6.456335
-0.5045045 	0.25 	0.546 	61.157517 	-10.626366 	-6.4522176
-0.50570571 	0.25 	0.546 	61.184606 	-10.629824 	-6.4481002
-0.50690691 	0.25 	0.546 	61.21473 	-10.634547 	-6.4437835
-0.50810811 	0.25 	0.546 	61.245426 	-10.639509 	-6.4394291
-0.50930931 	0.25 	0.546 	61.276123 	-10.644471 	-6.4350747
-0.51051051 	0.25 	0.546 	61.30682 	-10.649434 	-6.4307204
-0.51171171 	0.25 	0.546 	61.337516 	-10.654396 	-6.426366
-0.51291291 	0.25 	0.546 	61.368213 	-10.659358 	-6.4220116
-0.51411411 	0.25 	0.546 	61.398909 	-10.66432 	-6.4176572
-0.51531532 	0.25 	0.546 	61.429606 	-10.669282 	-6.4133028
-0.51651652 	0.25 	0.546 	61.460302 	-10.674244 	-6.4089485
-0.51771772 	0.25 	0.546 	61.490999 	-10.679206 	-6.4045941
-0.51891892 	0.25 	0.546 	61.516092 	-10.683982 	-6.4005963
-0.52012012 	0.25 	0.546 	61.536541 	-10.688604 	-6.3968942
-0.52132132 	0.25 	0.546 	61.556989 	-10.693226 	-6.3931921
-0.52252252 	0.25 	0.546 	61.577438 	-10.697848 	-6.38949
-0.52372372 	0.25 	0.546 	61.597886 	-10.70247 	-6.3857879
-0.52492492 	0.25 	0.546 	61.618334 	-10.707092 	-6.3820858
-0.52612613 	0.25 	0.546 	61.638783 	-10.711714 	-6.3783836
-0.52732733 	0.25 	0.546 	61.659231 	-10.716336 	-6.3746815
-0.52852853 	0.25 	0.546 	61.67968 	-10.720959 	-6.3709794
-0.52972973 	0.25 	0.546 	61.700128 	-10.725581 	-6.3672773
-0.53093093 	0.25 	0.546 	61.720576 	-10.730203 	-6.3635752
-0.53213213 	0.25 	0.546 	61.741025 	-10.734825 	-6.3598731
-0.53333333 	0.25 	0.546 	61.761473 	-10.739447 	-6.356171
-0.53453453 	0.25 	0.546 	61.781921 	-10.744069 	-6.3524689
-0.53573574 	0.25 	0.546 	61.80237 	-10.748691 	-6.3487667
-0.53693694 	0.25 	0.546 	61.822818 	-10.753313 	-6.3450646
-0.53813814 	0.25 	0.546 	61.843267 	-10.757935 	-6.3413625
-0.53933934 	0.25 	0.546 	61.863715 	-10.762557 	-6.3376604
-0.54054054 	0.25 	0.546 	61.884163 	-10.767179 	-6.3339583
-0.54174174 	0.25 	0.546 	61.908182 	-10.771006 	-6.329858
-0.54294294 	0.25 	0.546 	61.935998 	-10.773987 	-6.3253341
-0.54414414 	0.25 	0.546 	61.963814 	-10.776968 	-6.3208103
-0.54534535 	0.25 	0.546 	61.99163 	-10.779949 	-6.3162864
-0.54654655 	0.25 	0.546 	62.019446 	-10.78293 	-6.3117626
-0.54774775 	0.25 	0.546 	62.047253 	-10.785908 	-6.307242
-0.54894895 	0.25 	0.546 	62.071691 	-10.787525 	-6.3039529
-0.55015015 	0.25 	0.546 	62.09613 	-10.789143 	-6.3006639
-0.55135135 	0.25 	0.546 	62.119453 	-10.791531 	-6.2971708
-0.55255255 	0.25 	0.546 	62.139628 	-10.796095 	-6.2931011
-0.55375375 	0.25 	0.546 	62.159802 	-10.80066 	-6.2890314
-0.55495495 	0.25 	0.546 	62.179977 	-10.805224 	-6.2849618
-0.55615616 	0.25 	0.546 	62.200151 	-10.809788 	-6.2808921
-0.55735736 	0.25 	0.546 	62.220326 	-10.814353 	-6.2768225
-0.55855856 	0.25 	0.546 	62.240501 	-10.818917 	-6.2727528
-0.55975976 	0.25 	0.546 	62.260675 	-10.823481 	-6.2686831
-0.56096096 	0.25 	0.546 	62.28085 	-10.828046 	-6.2646135
-0.56216216 	0.25 	0.546 	62.301024 	-10.83261 	-6.2605438
-0.56336336 	0.25 	0.546 	62.321199 	-10.837174 	-6.2564742
-0.56456456 	0.25 	0.546 	62.341373 	-10.841739 	-6.2524045
-0.56576577 	0.25 	0.546 	62.361548 	-10.846303 	-6.2483348
-0.56696697 	0.25 	0.546 	62.381636 	-10.849382 	-6.2439769
-0.56816817 	0.25 	0.546 	62.401596 	-10.850222 	-6.2391849
-0.56936937 	0.25 	0.546 	62.421555 	-10.851063 	-6.2343928
-0.57057057 	0.25 	0.546 	62.441514 	-10.851904 	-6.2296007
-0.57177177 	0.25 	0.546 	62.461473 	-10.852745 	-6.2248086
-0.57297297 	0.25 	0.546 	62.481433 	-10.853585 	-6.2200166
-0.57417417 	0.25 	0.546 	62.501392 	-10.854426 	-6.2152245
-0.57537538 	0.25 	0.546 	62.519755 	-10.856299 	-6.2102016
-0.57657658 	0.25 	0.546 	62.535364 	-10.859952 	-6.2047806
-0.57777778 	0.25 	0.546 	62.550974 	-10.863605 	-6.1993597
-0.57897898 	0.25 	0.546 	62.574851 	-10.868332 	-6.1939782
-0.58018018 	0.25 	0.546 	62.603681 	-10.873702 	-6.1886205
-0.58138138 	0.25 	0.546 	62.632512 	-10.879072 	-6.1832627
-0.58258258 	0.25 	0.546 	62.651291 	-10.880192 	-6.1779249
-0.58378378 	0.25 	0.546 	62.668745 	-10.880752 	-6.1725897
-0.58498498 	0.25 	0.546 	62.686199 	-10.881311 	-6.1672546
-0.58618619 	0.25 	0.546 	62.703652 	-10.881871 	-6.1619194
-0.58738739 	0.25 	0.546 	62.721106 	-10.88243 	-6.1565842
-0.58858859 	0.25 	0.546 	62.738559 	-10.88299 	-6.151249
-0.58978979 	0.25 	0.546 	62.756013 	-10.88355 	-6.1459138
-0.59099099 	0.25 	0.546 	62.777564 	-10.883933 	-6.1404368
-0.59219219 	0.25 	0.546 	62.800586 	-10.884254 	-6.134909
-0.59339339 	0.25 	0.546 	62.823607 	-10.884575 	-6.1293811
-0.59459459 	0.25 	0.546 	62.846629 	-10.884896 	-6.1238532
-0.5957958 	0.25 	0.546 	62.86965 	-10.885217 	-6.1183253
-0.596997 	0.25 	0.546 	62.892672 	-10.885537 	-6.1127974
-0.5981982 	0.25 	0.546 	62.915694 	-10.885858 	-6.1072695
-0.5993994 	0.25 	0.546 	62.938715 	-10.886179 	-6.1017416
-0.6006006 	0.25 	0.546 	62.961737 	-10.8865 	-6.0962138
-0.6018018 	0.25 	0.546 	62.984758 	-10.88682 	-6.0906859
-0.603003 	0.25 	0.546 	63.00778 	-10.887141 	-6.085158
-0.6042042 	0.25 	0.546 	63.030802 	-10.887462 	-6.0796301
-0.60540541 	0.25 	0.546 	63.053823 	-10.887783 	-6.0741022
-0.60660661 	0.25 	0.546 	63.065856 	-10.883403 	-6.0689495
-0.60780781 	0.25 	0.546 	63.077736 	-10.878957 	-6.0638021
-0.60900901 	0.25 	0.546 	63.093004 	-10.874819 	-6.0585772
-0.61021021 	0.25 	0.546 	63.118735 	-10.871631 	-6.0531133
-0.61141141 	0.25 	0.546 	63.144467 	-10.868443 	-6.0476494
-0.61261261 	0.25 	0.546 	63.16861 	-10.865133 	-6.0418984
-0.61381381 	0.25 	0.546 	63.191178 	-10.861702 	-6.0358626
-0.61501502 	0.25 	0.546 	63.213746 	-10.858272 	-6.0298269
-0.61621622 	0.25 	0.546 	63.236314 	-10.854841 	-6.0237911
-0.61741742 	0.25 	0.546 	63.258881 	-10.85141 	-6.0177553
-0.61861862 	0.25 	0.546 	63.281449 	-10.847979 	-6.0117196
-0.61981982 	0.25 	0.546 	63.304017 	-10.844549 	-6.0056838
-0.62102102 	0.25 	0.546 	63.326585 	-10.841118 	-5.9996481
-0.62222222 	0.25 	0.546 	63.349153 	-10.837687 	-5.9936123
-0.62342342 	0.25 	0.546 	63.371721 	-10.834256 	-5.9875765
-0.62462462 	0.25 	0.546 	63.394288 	-10.830825 	-5.9815408
-0.62582583 	0.25 	0.546 	63.416856 	-10.827395 	-5.975505
-0.62702703 	0.25 	0.546 	63.439424 	-10.823964 	-5.9694692
-0.62822823 	0.25 	0.546 	63.456776 	-10.822484 	-5.9636317
-0.62942943 	0.25 	0.546 	63.47378 	-10.821134 	-5.9578073
-0.63063063 	0.25 	0.546 	63.490783 	-10.819785 	-5.9519829
-0.63183183 	0.25 	0.546 	63.507787 	-10.818435 	-5.9461586
-0.63303303 	0.25 	0.546 	63.524791 	-10.817086 	-5.9403342
-0.63423423 	0.25 	0.546 	63.541795 	-10.815736 	-5.9345099
-0.63543544 	0.25 	0.546 	63.558799 	-10.814386 	-5.9286855
-0.63663664 	0.25 	0.546 	63.574016 	-10.812905 	-5.922751
-0.63783784 	0.25 	0.546 	63.588051 	-10.811336 	-5.9167436
-0.63903904 	0.25 	0.546 	63.602086 	-10.809768 	-5.9107363
-0.64024024 	0.25 	0.546 	63.626287 	-10.809917 	-5.9046784
-0.64144144 	0.25 	0.546 	63.652145 	-10.810346 	-5.8986124
-0.64264264 	0.25 	0.546 	63.677001 	-10.810545 	-5.8924884
-0.64384384 	0.25 	0.546 	63.69434 	-10.809018 	-5.8859303
-0.64504505 	0.25 	0.546 	63.711679 	-10.807492 	-5.8793723
-0.64624625 	0.25 	0.546 	63.729017 	-10.805966 	-5.8728142
-0.64744745 	0.25 	0.546 	63.746356 	-10.80444 	-5.8662561
-0.64864865 	0.25 	0.546 	63.763695 	-10.802913 	-5.8596981
-0.64984985 	0.25 	0.546 	63.781034 	-10.801387 	-5.85314
-0.65105105 	0.25 	0.546 	63.798373 	-10.799861 	-5.8465819
-0.65225225 	0.25 	0.546 	63.819124 	-10.798118 	-5.8399136
-0.65345345 	0.25 	0.546 	63.841603 	-10.796265 	-5.8331895
-0.65465465 	0.25 	0.546 	63.864082 	-10.794413 	-5.8264654
-0.65585586 	0.25 	0.546 	63.88656 	-10.79256 	-5.8197413
-0.65705706 	0.25 	0.546 	63.909039 	-10.790707 	-5.8130172
-0.65825826 	0.25 	0.546 	63.931517 	-10.788855 	-5.8062931
-0.65945946 	0.25 	0.546 	63.953996 	-10.787002 	-5.799569
-0.66066066 	0.25 	0.546 	63.976475 	-10.78515 	-5.7928449
-0.66186186 	0.25 	0.546 	63.998953 	-10.783297 	-5.7861208
-0.66306306 	0.25 	0.546 	64.021432 	-10.781445 	-5.7793967
-0.66426426 	0.25 	0.546 	64.043911 	-10.779592 	-5.7726726
-0.66546547 	0.25 	0.546 	64.066389 	-10.77774 	-5.7659486
-0.66666667 	0.25 	0.546 	64.08722 	-10.775511 	-5.7592338
-0.66786787 	0.25 	0.546 	64.102165 	-10.771942 	-5.7525523
-0.66906907 	0.25 	0.546 	64.117111 	-10.768372 	-5.7458709
-0.67027027 	0.25 	0.546 	64.137379 	-10.765985 	-5.7389775
-0.67147147 	0.25 	0.546 	64.163489 	-10.764894 	-5.7318515
-0.67267267 	0.25 	0.546 	64.189599 	-10.763804 	-5.7247255
-0.67387387 	0.25 	0.546 	64.21292 	-10.761453 	-5.717319
-0.67507508 	0.25 	0.546 	64.235237 	-10.758648 	-5.7098114
-0.67627628 	0.25 	0.546 	64.257553 	-10.755843 	-5.7023038
-0.67747748 	0.25 	0.546 	64.279869 	-10.753038 	-5.6947962
-0.67867868 	0.25 	0.546 	64.302186 	-10.750232 	-5.6872887
-0.67987988 	0.25 	0.546 	64.324502 	-10.747427 	-5.6797811
-0.68108108 	0.25 	0.546 	64.346818 	-10.744622 	-5.6722735
-0.68228228 	0.25 	0.546 	64.369135 	-10.741817 	-5.6647659
-0.68348348 	0.25 	0.546 	64.391451 	-10.739012 	-5.6572583
-0.68468468 	0.25 	0.546 	64.413767 	-10.736206 	-5.6497507
-0.68588589 	0.25 	0.546 	64.436084 	-10.733401 	-5.6422432
-0.68708709 	0.25 	0.546 	64.4584 	-10.730596 	-5.6347356
-0.68828829 	0.25 	0.546 	64.479191 	-10.727561 	-5.6274949
-0.68948949 	0.25 	0.546 	64.498035 	-10.724234 	-5.6205948
-0.69069069 	0.25 	0.546 	64.516879 	-10.720906 	-5.6136946
-0.69189189 	0.25 	0.546 	64.535723 	-10.717579 	-5.6067945
-0.69309309 	0.25 	0.546 	64.554567 	-10.714251 	-5.5998943
-0.69429429 	0.25 	0.546 	64.573411 	-10.710923 	-5.5929942
-0.6954955 	0.25 	0.546 	64.592255 	-10.707596 	-5.586094
-0.6966967 	0.25 	0.546 	64.6111 	-10.704268 	-5.5791939
-0.6978979 	0.25 	0.546 	64.626388 	-10.699333 	-5.5722467
-0.6990991 	0.25 	0.546 	64.640973 	-10.69408 	-5.5652902
-0.7003003 	0.25 	0.546 	64.656548 	-10.689471 	-5.5582136
-0.7015015 	0.25 	0.546 	64.681892 	-10.691215 	-5.5499512
-0.7027027 	0.25 	0.546 	64.707237 	-10.692958 	-5.5416887
-0.7039039 	0.25 	0.546 	64.729903 	-10.692371 	-5.5335328
-0.70510511 	0.25 	0.546 	64.747557 	-10.687422 	-5.5255761
-0.70630631 	0.25 	0.546 	64.76521 	-10.682473 	-5.5176194
-0.70750751 	0.25 	0.546 	64.782863 	-10.677523 	-5.5096628
-0.70870871 	0.25 	0.546 	64.800517 	-10.672574 	-5.5017061
-0.70990991 	0.25 	0.546 	64.81817 	-10.667625 	-5.4937494
-0.71111111 	0.25 	0.546 	64.835824 	-10.662676 	-5.4857928
-0.71231231 	0.25 	0.546 	64.853477 	-10.657726 	-5.4778361
-0.71351351 	0.25 	0.546 	64.873842 	-10.653065 	-5.4697725
-0.71471471 	0.25 	0.546 	64.895758 	-10.648569 	-5.4616477
-0.71591592 	0.25 	0.546 	64.917673 	-10.644073 	-5.4535229
-0.71711712 	0.25 	0.546 	64.939589 	-10.639577 	-5.4453981
-0.71831832 	0.25 	0.546 	64.961504 	-10.63508 	-5.4372733
-0.71951952 	0.25 	0.546 	64.983419 	-10.630584 	-5.4291485
-0.72072072 	0.25 	0.546 	65.005335 	-10.626088 	-5.4210237
-0.72192192 	0.25 	0.546 	65.02725 	-10.621592 	-5.4128989
-0.72312312 	0.25 	0.546 	65.049166 	-10.617095 	-5.4047741
-0.72432432 	0.25 	0.546 	65.071081 	-10.612599 	-5.3966493
-0.72552553 	0.25 	0.546 	65.092996 	-10.608103 	-5.3885245
-0.72672673 	0.25 	0.546 	65.114912 	-10.603606 	-5.3803998
-0.72792793 	0.25 	0.546 	65.133667 	-10.596179 	-5.3726019
-0.72912913 	0.25 	0.546 	65.148354 	-10.584979 	-5.3652248
-0.73033033 	0.25 	0.546 	65.16304 	-10.573779 	-5.3578478
-0.73153153 	0.25 	0.546 	65.184889 	-10.566976 	-5.3497595
-0.73273273 	0.25 	0.546 	65.209902 	-10.562117 	-5.341357
-0.73393393 	0.25 	0.546 	65.234915 	-10.557257 	-5.3329545
-0.73513514 	0.25 	0.546 	65.259941 	-10.549466 	-5.3246897
-0.73633634 	0.25 	0.546 	65.284968 	-10.541524 	-5.3164319
-0.73753754 	0.25 	0.546 	65.309994 	-10.533582 	-5.3081742
-0.73873874 	0.25 	0.546 	65.335021 	-10.52564 	-5.2999164
-0.73993994 	0.25 	0.546 	65.360048 	-10.517697 	-5.2916586
-0.74114114 	0.25 	0.546 	65.385075 	-10.509755 	-5.2834009
-0.74234234 	0.25 	0.546 	65.410101 	-10.501813 	-5.2751431
-0.74354354 	0.25 	0.546 	65.435128 	-10.493871 	-5.2668854
-0.74474474 	0.25 	0.546 	65.460155 	-10.485929 	-5.2586276
-0.74594595 	0.25 	0.546 	65.485182 	-10.477987 	-5.2503698
-0.74714715 	0.25 	0.546 	65.510208 	-10.470045 	-5.2421121
-0.74834835 	0.25 	0.546 	65.535235 	-10.462103 	-5.2338543
-0.74954955 	0.25 	0.546 	65.556886 	-10.450795 	-5.224859
-0.75075075 	0.25 	0.546 	65.578187 	-10.439139 	-5.2157874
-0.75195195 	0.25 	0.546 	65.599489 	-10.427483 	-5.2067158
-0.75315315 	0.25 	0.546 	65.620791 	-10.415828 	-5.1976441
-0.75435435 	0.25 	0.546 	65.642092 	-10.404172 	-5.1885725
-0.75555556 	0.25 	0.546 	65.663394 	-10.392516 	-5.1795009
-0.75675676 	0.25 	0.546 	65.684695 	-10.38086 	-5.1704293
-0.75795796 	0.25 	0.546 	65.706008 	-10.369071 	-5.1613935
-0.75915916 	0.25 	0.546 	65.727557 	-10.354545 	-5.1530927
-0.76036036 	0.25 	0.546 	65.749106 	-10.34002 	-5.1447918
-0.76156156 	0.25 	0.546 	65.773874 	-10.327786 	-5.1367394
-0.76276276 	0.25 	0.546 	65.806036 	-10.320817 	-5.1292577
-0.76396396 	0.25 	0.546 	65.824326 	-10.314563 	-5.121376
-0.76516517 	0.25 	0.546 	65.8416 	-10.308362 	-5.1134649
-0.76636637 	0.25 	0.546 	65.858874 	-10.302161 	-5.1055538
-0.76756757 	0.25 	0.546 	65.876148 	-10.29596 	-5.0976428
-0.76876877 	0.25 	0.546 	65.893422 	-10.289759 	-5.0897317
-0.76996997 	0.25 	0.546 	65.910696 	-10.283557 	-5.0818206
-0.77117117 	0.25 	0.546 	65.92797 	-10.277356 	-5.0739096
-0.77237237 	0.25 	0.546 	65.945244 	-10.271155 	-5.0659985
-0.77357357 	0.25 	0.546 	65.962518 	-10.264954 	-5.0580875
-0.77477477 	0.25 	0.546 	65.984393 	-10.258578 	-5.0494097
-0.77597598 	0.25 	0.546 	65.994856 	-10.252815 	-5.0402565
-0.77717718 	0.25 	0.546 	66.015442 	-10.253422 	-5.0312655
-0.77837838 	0.25 	0.546 	66.041692 	-10.253427 	-5.0223284
-0.77957958 	0.25 	0.546 	66.061598 	-10.239537 	-5.0129352
-0.78078078 	0.25 	0.546 	66.079928 	-10.226975 	-5.0033524
-0.78198198 	0.25 	0.546 	66.098258 	-10.214412 	-4.9937695
-0.78318318 	0.25 	0.546 	66.116589 	-10.20185 	-4.9841867
-0.78438438 	0.25 	0.546 	66.134919 	-10.189288 	-4.9746038
-0.78558559 	0.25 	0.546 	66.15325 	-10.176726 	-4.965021
-0.78678679 	0.25 	0.546 	66.17158 	-10.164164 	-4.9554381
-0.78798799 	0.25 	0.546 	66.18991 	-10.151602 	-4.9458553
-0.78918919 	0.25 	0.546 	66.208241 	-10.13904 	-4.9362725
-0.79039039 	0.25 	0.546 	66.225192 	-10.12087 	-4.9267855
-0.79159159 	0.25 	0.546 	66.238463 	-10.087729 	-4.9175547
-0.79279279 	0.25 	0.546 	66.270423 	-10.062486 	-4.9071142
-0.79399399 	0.25 	0.546 	66.29586 	-10.042193 	-4.8970437
-0.7951952 	0.25 	0.546 	66.313622 	-10.025549 	-4.8874232
-0.7963964 	0.25 	0.546 	66.331384 	-10.008904 	-4.8778028
-0.7975976 	0.25 	0.546 	66.349146 	-9.9922603 	-4.8681823
-0.7987988 	0.25 	0.546 	66.366909 	-9.9756161 	-4.8585619
-0.8 	0.25 	0.546 	66.384671 	-9.958972 	-4.8489414
-0.8012012 	0.25 	0.546 	66.402433 	-9.9423278 	-4.839321
-0.8024024 	0.25 	0.546 	66.420196 	-9.9256837 	-4.8297005
-0.8036036 	0.25 	0.546 	66.437958 	-9.9090395 	-4.8200801
-0.8048048 	0.25 	0.546 	66.457174 	-9.8925257 	-4.8103244
-0.80600601 	0.25 	0.546 	66.473322 	-9.8809161 	-4.8008634
-0.80720721 	0.25 	0.546 	66.488455 	-9.8724734 	-4.7917636
-0.80840841 	0.25 	0.546 	66.528086 	-9.863403 	-4.7814538
-0.80960961 	0.25 	0.546 	66.554254 	-9.8513187 	-4.7713083
-0.81081081 	0.25 	0.546 	66.568813 	-9.8384001 	-4.7615134
-0.81201201 	0.25 	0.546 	66.583371 	-9.8254814 	-4.7517185
-0.81321321 	0.25 	0.546 	66.59793 	-9.8125627 	-4.7419236
-0.81441441 	0.25 	0.546 	66.612488 	-9.7996441 	-4.7321287
-0.81561562 	0.25 	0.546 	66.627047 	-9.7867254 	-4.7223338
-0.81681682 	0.25 	0.546 	66.641605 	-9.7738067 	-4.7125389
-0.81801802 	0.25 	0.546 	66.656164 	-9.7608881 	-4.702744
-0.81921922 	0.25 	0.546 	66.670723 	-9.7479694 	-4.692949
-0.82042042 	0.25 	0.546 	66.685281 	-9.7350507 	-4.6831541
-0.82162162 	0.25 	0.546 	66.688175 	-9.7190218 	-4.6739453
-0.82282282 	0.25 	0.546 	66.706244 	-9.7016928 	-4.6643013
-0.82402402 	0.25 	0.546 	66.739258 	-9.683763 	-4.6540918
-0.82522523 	0.25 	0.546 	66.74979 	-9.6676283 	-4.6438038
-0.82642643 	0.25 	0.546 	66.760322 	-9.6514936 	-4.6335158
-0.82762763 	0.25 	0.546 	66.770853 	-9.6353589 	-4.6232278
-0.82882883 	0.25 	0.546 	66.781385 	-9.6192242 	-4.6129398
-0.83003003 	0.25 	0.546 	66.791916 	-9.6030895 	-4.6026518
-0.83123123 	0.25 	0.546 	66.802448 	-9.5869548 	-4.5923638
-0.83243243 	0.25 	0.546 	66.812979 	-9.5708202 	-4.5820758
-0.83363363 	0.25 	0.546 	66.823511 	-9.5546855 	-4.5717878
-0.83483483 	0.25 	0.546 	66.834042 	-9.5385508 	-4.5614998
-0.83603604 	0.25 	0.546 	66.850632 	-9.5224627 	-4.5511887
-0.83723724 	0.25 	0.546 	66.84821 	-9.5080477 	-4.5412953
-0.83843844 	0.25 	0.546 	66.8751 	-9.490017 	-4.5309784
-0.83963964 	0.25 	0.546 	66.904866 	-9.4710768 	-4.5203984
-0.84084084 	0.25 	0.546 	66.916429 	-9.4523906 	-4.5095136
-0.84204204 	0.25 	0.546 	66.924747 	-9.4337309 	-4.4985984
-0.84324324 	0.25 	0.546 	66.933065 	-9.4150712 	-4.4876832
-0.84444444 	0.25 	0.546 	66.941383 	-9.3964115 	-4.476768
-0.84564565 	0.25 	0.546 	66.9497 	-9.3777518 	-4.4658529
-0.84684685 	0.25 	0.546 	66.958018 	-9.3590921 	-4.4549377
-0.84804805 	0.25 	0.546 	66.966336 	-9.3404324 	-4.4440225
-0.84924925 	0.25 	0.546 	66.974654 	-9.3217727 	-4.4331073
-0.85045045 	0.25 	0.546 	66.982972 	-9.303113 	-4.4221921
-0.85165165 	0.25 	0.546 	66.986115 	-9.2846619 	-4.4114984
-0.85285285 	0.25 	0.546 	66.985147 	-9.2661983 	-4.4010611
-0.85405405 	0.25 	0.546 	67.01502 	-9.2441772 	-4.3903505
-0.85525526 	0.25 	0.546 	67.028335 	-9.222809 	-4.3789839
-0.85645646 	0.25 	0.546 	67.0345 	-9.2017227 	-4.3673341
-0.85765766 	0.25 	0.546 	67.040666 	-9.1806364 	-4.3556842
-0.85885886 	0.25 	0.546 	67.046831 	-9.1595501 	-4.3440344
-0.86006006 	0.25 	0.546 	67.052996 	-9.1384638 	-4.3323845
-0.86126126 	0.25 	0.546 	67.059162 	-9.1173775 	-4.3207347
-0.86246246 	0.25 	0.546 	67.065327 	-9.0962912 	-4.3090848
-0.86366366 	0.25 	0.546 	67.071493 	-9.0752049 	-4.297435
-0.86486486 	0.25 	0.546 	67.077658 	-9.0541186 	-4.2857851
-0.86606607 	0.25 	0.546 	67.08887 	-9.0336848 	-4.2742359
-0.86726727 	0.25 	0.546 	67.091407 	-9.015061 	-4.262673
-0.86846847 	0.25 	0.546 	67.097716 	-8.9980694 	-4.2511258
-0.86966967 	0.25 	0.546 	67.121493 	-8.9835003 	-4.2397227
-0.87087087 	0.25 	0.546 	67.136372 	-8.9615114 	-4.2278771
-0.87207207 	0.25 	0.546 	67.148107 	-8.9392214 	-4.2163395
-0.87327327 	0.25 	0.546 	67.159843 	-8.9169315 	-4.2048018
-0.87447447 	0.25 	0.546 	67.171578 	-8.8946415 	-4.1932642
-0.87567568 	0.25 	0.546 	67.183313 	-8.8723516 	-4.1817265
-0.87687688 	0.25 	0.546 	67.195049 	-8.8500616 	-4.1701889
-0.87807808 	0.25 	0.546 	67.206784 	-8.8277717 	-4.1586512
-0.87927928 	0.25 	0.546 	67.218519 	-8.8054817 	-4.1471136
-0.88048048 	0.25 	0.546 	67.230255 	-8.7831918 	-4.1355759
-0.88168168 	0.25 	0.546 	67.24177 	-8.7607058 	-4.1240339
-0.88288288 	0.25 	0.546 	67.245085 	-8.7309185 	-4.1123263
-0.88408408 	0.25 	0.546 	67.252398 	-8.7059089 	-4.1002145
-0.88528529 	0.25 	0.546 	67.255524 	-8.6831428 	-4.0877201
-0.88648649 	0.25 	0.546 	67.242522 	-8.6596176 	-4.0747974
-0.88768769 	0.25 	0.546 	67.229521 	-8.6360925 	-4.0618747
-0.88888889 	0.25 	0.546 	67.21652 	-8.6125674 	-4.048952
-0.89009009 	0.25 	0.546 	67.203519 	-8.5890423 	-4.0360293
-0.89129129 	0.25 	0.546 	67.213352 	-8.5611307 	-4.022566
-0.89249249 	0.25 	0.546 	67.241921 	-8.5296198 	-4.0086591
-0.89369369 	0.25 	0.546 	67.270491 	-8.498109 	-3.9947522
-0.89489489 	0.25 	0.546 	67.29906 	-8.4665981 	-3.9808454
-0.8960961 	0.25 	0.546 	67.32763 	-8.4350872 	-3.9669385
-0.8972973 	0.25 	0.546 	67.345003 	-8.4047025 	-3.9538703
-0.8984985 	0.25 	0.546 	67.357822 	-8.3719324 	-3.9409185
-0.8996997 	0.25 	0.546 	67.355855 	-8.346329 	-3.9282485
-0.9009009 	0.25 	0.546 	67.354876 	-8.3185344 	-3.9153809
-0.9021021 	0.25 	0.546 	67.33178 	-8.2888395 	-3.902829
-0.9033033 	0.25 	0.546 	67.308684 	-8.2591446 	-3.890277
-0.9045045 	0.25 	0.546 	67.285588 	-8.2294497 	-3.8777251
-0.90570571 	0.25 	0.546 	67.262492 	-8.1997547 	-3.8651731
-0.90690691 	0.25 	0.546 	67.265647 	-8.1675531 	-3.851959
-0.90810811 	0.25 	0.546 	67.303562 	-8.1320322 	-3.8378681
-0.90930931 	0.25 	0.546 	67.341477 	-8.0965113 	-3.8237772
-0.91051051 	0.25 	0.546 	67.379392 	-8.0609904 	-3.8096863
-0.91171171 	0.25 	0.546 	67.417307 	-8.0254695 	-3.7955954
-0.91291291 	0.25 	0.546 	67.446179 	-7.9890281 	-3.7820664
-0.91411411 	0.25 	0.546 	67.46139 	-7.9523544 	-3.7689542
-0.91531532 	0.25 	0.546 	67.451354 	-7.9167856 	-3.7560402
-0.91651652 	0.25 	0.546 	67.439987 	-7.8847048 	-3.7432438
-0.91771772 	0.25 	0.546 	67.428411 	-7.8531712 	-3.7304657
-0.91891892 	0.25 	0.546 	67.416834 	-7.8216377 	-3.7176877
-0.92012012 	0.25 	0.546 	67.405258 	-7.7901041 	-3.7049097
-0.92132132 	0.25 	0.546 	67.394362 	-7.758474 	-3.6921405
-0.92252252 	0.25 	0.546 	67.417118 	-7.7220634 	-3.6798094
-0.92372372 	0.25 	0.546 	67.439874 	-7.6856528 	-3.6674782
-0.92492492 	0.25 	0.546 	67.46263 	-7.6492423 	-3.655147
-0.92612613 	0.25 	0.546 	67.485386 	-7.6128317 	-3.6428159
-0.92732733 	0.25 	0.546 	67.502504 	-7.5756666 	-3.6302133
-0.92852853 	0.25 	0.546 	67.505739 	-7.5361999 	-3.6174189
-0.92972973 	0.25 	0.546 	67.479249 	-7.484365 	-3.6047138
-0.93093093 	0.25 	0.546 	67.47649 	-7.4464027 	-3.5920065
-0.93213213 	0.25 	0.546 	67.489252 	-7.4052154 	-3.5775666
-0.93333333 	0.25 	0.546 	67.502624 	-7.3629992 	-3.5629115
-0.93453453 	0.25 	0.546 	67.515996 	-7.320783 	-3.5482565
-0.93573574 	0.25 	0.546 	67.529368 	-7.2785669 	-3.5336014
-0.93693694 	0.25 	0.546 	67.581911 	-7.2561402 	-3.5196423
-0.93813814 	0.25 	0.546 	67.597831 	-7.2142313 	-3.5057807
-0.93933934 	0.25 	0.546 	67.646765 	-7.1801566 	-3.4914434
-0.94054054 	0.25 	0.546 	67.6957 	-7.146082 	-3.4771062
-0.94174174 	0.25 	0.546 	67.744634 	-7.1120074 	-3.4627689
-0.94294294 	0.25 	0.546 	67.78457 	-7.0754527 	-3.448601
-0.94414414 	0.25 	0.546 	67.835125 	-7.0404517 	-3.4346839
-0.94534535 	0.25 	0.546 	67.848018 	-6.9937331 	-3.4214548
-0.94654655 	0.25 	0.546 	67.890158 	-6.9590562 	-3.4071198
-0.94774775 	0.25 	0.546 	67.952334 	-6.9258034 	-3.3922882
-0.94894895 	0.25 	0.546 	68.014511 	-6.8925505 	-3.3774567
-0.95015015 	0.25 	0.546 	68.076687 	-6.8592977 	-3.3626251
-0.95135135 	0.25 	0.546 	68.144637 	-6.8286037 	-3.3477704
-0.95255255 	0.25 	0.546 	68.202811 	-6.8136625 	-3.3330834
-0.95375375 	0.25 	0.546 	68.262425 	-6.783542 	-3.3180882
-0.95495495 	0.25 	0.546 	68.340131 	-6.7489181 	-3.302878
-0.95615616 	0.25 	0.546 	68.417837 	-6.7142942 	-3.2876677
-0.95735736 	0.25 	0.546 	68.495543 	-6.6796702 	-3.2724575
-0.95855856 	0.25 	0.546 	68.557388 	-6.6441996 	-3.2575581
-0.95975976 	0.25 	0.546 	68.651511 	-6.5951669 	-3.2429273
-0.96096096 	0.25 	0.546 	68.686182 	-6.5577701 	-3.2280819
-0.96216216 	0.25 	0.546 	68.77076 	-6.5121346 	-3.2124789
-0.96336336 	0.25 	0.546 	68.863796 	-6.4670555 	-3.1967274
-0.96456456 	0.25 	0.546 	68.956833 	-6.4219763 	-3.1809758
-0.96576577 	0.25 	0.546 	69.04987 	-6.3768971 	-3.1652243
-0.96696697 	0.25 	0.546 	69.160134 	-6.3246513 	-3.1496757
-0.96816817 	0.25 	0.546 	69.222757 	-6.2868696 	-3.1339627
-0.96936937 	0.25 	0.546 	69.320277 	-6.245015 	-3.1184151
-0.97057057 	0.25 	0.546 	69.417797 	-6.2031605 	-3.1028675
-0.97177177 	0.25 	0.546 	69.515317 	-6.161306 	-3.08732
-0.97297297 	0.25 	0.546 	69.612837 	-6.1194514 	-3.0717724
-0.97417417 	0.25 	0.546 	69.689508 	-6.0736339 	-3.056137
-0.97537538 	0.25 	0.546 	69.794325 	-6.0148353 	-3.040663
-0.97657658 	0.25 	0.546 	69.865514 	-5.9634515 	-3.0240471
-0.97777778 	0.25 	0.546 	69.962081 	-5.9228259 	-3.0084499
-0.97897898 	0.25 	0.546 	70.061504 	-5.8836435 	-2.9929539
-0.98018018 	0.25 	0.546 	70.160926 	-5.8444612 	-2.977458
-0.98138138 	0.25 	0.546 	70.260349 	-5.8052789 	-2.961962
-0.98258258 	0.25 	0.546 	70.380675 	-5.7719818 	-2.9481427
-0.98378378 	0.25 	0.546 	70.470929 	-5.7111711 	-2.929974
-0.98498498 	0.25 	0.546 	70.578521 	-5.6686237 	-2.9139582
-0.98618619 	0.25 	0.546 	70.686112 	-5.6260762 	-2.8979423
-0.98738739 	0.25 	0.546 	70.793704 	-5.5835288 	-2.8819265
-0.98858859 	0.25 	0.546 	70.901296 	-5.5409814 	-2.8659106
-0.98978979 	0.25 	0.546 	71.012592 	-5.5053835 	-2.8511059
-0.99099099 	0.25 	0.546 	71.124738 	-5.4402047 	-2.8337759
-0.99219219 	0.25 	0.546 	71.239748 	-5.3982051 	-2.8181663
-0.99339339 	0.25 	0.546 	71.354975 	-5.3574502 	-2.8026721
-0.99459459 	0.25 	0.546 	71.470203 	-5.3166952 	-2.787178
-0.9957958 	0.25 	0.546 	71.58543 	-5.2759402 	-2.7716839
-0.996997 	0.25 	0.546 	71.700657 	-5.2351853 	-2.7561897
-0.9981982 	0.25 	0.546 	71.814483 	-5.1836013 	-2.7405966
-0.9993994 	0.25 	0.546 	71.920285 	-5.1190318 	-2.7246081
-1.0006006 	0.25 	0.546 	72.02357 	-5.0725687 	-2.7107686
-1.0018018 	0.25 	0.546 	72.126148 	-5.0312225 	-2.6975344
-1.003003 	0.25 	0.546 	72.228725 	-4.9898763 	-2.6843001
-1.0042042 	0.25 	0.546 	72.331303 	-4.9485302 	-2.6710659
-1.0054054 	0.25 	0.546 	72.437 	-4.8915258 	-2.6538404
-1.0066066 	0.25 	0.546 	72.53765 	-4.8735725 	-2.6419144
-1.0078078 	0.25 	0.546 	72.675826 	-4.8217309 	-2.6225014
-1.009009 	0.25 	0.546 	72.783907 	-4.7666615 	-2.6057578
-1.0102102 	0.25 	0.546 	72.960593 	-4.6963 	-2.5842064
-1.0114114 	0.25 	0.546 	73.157074 	-4.6215266 	-2.5612678
-1.0126126 	0.25 	0.546 	73.353554 	-4.5467532 	-2.5383291
-1.0138138 	0.25 	0.546 	73.488293 	-4.4852087 	-2.5214779
-1.015015 	0.25 	0.546 	73.615495 	-4.4361437 	-2.5037696
-1.0162162 	0.25 	0.546 	73.754538 	-4.3772935 	-2.4862585
-1.0174174 	0.25 	0.546 	73.893581 	-4.3184434 	-2.4687474
-1.0186186 	0.25 	0.546 	74.032624 	-4.2595932 	-2.4512363
-1.0198198 	0.25 	0.546 	74.173993 	-4.1987966 	-2.4338668
-1.021021 	0.25 	0.546 	74.311198 	-4.1293054 	-2.4175556
-1.0222222 	0.25 	0.546 	74.445615 	-4.0703767 	-2.4006642
-1.0234234 	0.25 	0.546 	74.591587 	-4.0030655 	-2.3833854
-1.0246246 	0.25 	0.546 	74.750934 	-3.9382879 	-2.3656247
-1.0258258 	0.25 	0.546 	74.913734 	-3.8741644 	-2.3477394
-1.027027 	0.25 	0.546 	75.017004 	-3.8081777 	-2.3316569
-1.0282282 	0.25 	0.546 	74.799783 	-3.730973 	-2.3245877
-1.0294294 	0.25 	0.546 	75.098998 	-3.6663922 	-2.3035903
-1.0306306 	0.25 	0.546 	75.137403 	-3.5946133 	-2.2894452
-1.0318318 	0.25 	0.546 	75.175808 	-3.5228345 	-2.2753002
-1.033033 	0.25 	0.546 	75.214213 	-3.4510557 	-2.2611551
-1.0342342 	0.25 	0.546 	75.292016 	-3.3774761 	-2.2456088
-1.0354354 	0.25 	0.546 	75.289741 	-3.300251 	-2.2322834
-1.0366366 	0.25 	0.546 	75.386196 	-3.226659 	-2.2165698
-1.0378378 	0.25 	0.546 	75.524795 	-3.1523209 	-2.1986012
-1.039039 	0.25 	0.546 	75.602394 	-3.0759215 	-2.1822142
-1.0402402 	0.25 	0.546 	75.721863 	-2.9922154 	-2.1632282
-1.0414414 	0.25 	0.546 	75.858438 	-2.9055239 	-2.1431805
-1.0426426 	0.25 	0.546 	75.844911 	-2.8136579 	-2.1274707
-1.0438438 	0.25 	0.546 	75.978118 	-2.7492389 	-2.1101203
-1.045045 	0.25 	0.546 	76.096159 	-2.6636618 	-2.0944745
-1.0462462 	0.25 	0.546 	76.124085 	-2.564762 	-2.0814257
-1.0474474 	0.25 	0.546 	76.248039 	-2.4889497 	-2.0657962
-1.0486486 	0.25 	0.546 	76.371994 	-2.4131374 	-2.0501666
-1.0498498 	0.25 	0.546 	76.495949 	-2.337325 	-2.0345371
-1.0510511 	0.25 	0.546 	76.619903 	-2.2615127 	-2.0189075
-1.0522523 	0.25 	0.546 	76.730171 	-2.1835967 	-2.0037316
-1.0534535 	0.25 	0.546 	76.598318 	-2.0505845 	-1.9961008
-1.0546547 	0.25 	0.546 	77.000881 	-1.9110935 	-1.9665859
-1.0558559 	0.25 	0.546 	77.169489 	-1.7796055 	-1.9449233
-1.0570571 	0.25 	0.546 	77.296399 	-1.6489834 	-1.9245157
-1.0582583 	0.25 	0.546 	77.423309 	-1.5183614 	-1.9041081
-1.0594595 	0.25 	0.546 	77.493931 	-1.3889083 	-1.8853948
-1.0606607 	0.25 	0.546 	77.642937 	-1.273541 	-1.8677147
-1.0618619 	0.25 	0.546 	77.764412 	-1.1572397 	-1.8498831
-1.0630631 	0.25 	0.546 	77.885888 	-1.0409385 	-1.8320514
-1.0642643 	0.25 	0.546 	78.002428 	-0.9258637 	-1.8142832
-1.0654655 	0.25 	0.546 	78.114217 	-0.81196972 	-1.7965761
-1.0666667 	0.25 	0.546 	78.132367 	-0.69026307 	-1.7809701
-1.0678679 	0.25 	0.546 	78.394604 	-0.57009279 	-1.7602679
-1.0690691 	0.25 	0.546 	78.541468 	-0.43797546 	-1.7413333
-1.0702703 	0.25 	0.546 	78.688332 	-0.30585812 	-1.7223987
-1.0714715 	0.25 	0.546 	78.835196 	-0.17374078 	-1.7034641
-1.0726727 	0.25 	0.546 	78.98206 	-0.041623448 	-1.6845295
-1.0738739 	0.25 	0.546 	79.041351 	0.097266008 	-1.6678276
-1.0750751 	0.25 	0.546 	79.314321 	0.2408456 	-1.6462524
-1.0762763 	0.25 	0.546 	79.495212 	0.39829033 	-1.6263389
-1.0774775 	0.25 	0.546 	79.655658 	0.5570473 	-1.6067617
-1.0786787 	0.25 	0.546 	79.816103 	0.71580427 	-1.5871845
-1.0798799 	0.25 	0.546 	79.976548 	0.87456123 	-1.5676073
-1.0810811 	0.25 	0.546 	80.136993 	1.0333182 	-1.5480301
-1.0822823 	0.25 	0.546 	80.08325 	1.2169149 	-1.5340259
-1.0834835 	0.25 	0.546 	80.520103 	1.3861682 	-1.5078499
-1.0846847 	0.25 	0.546 	80.695276 	1.5623699 	-1.4877812
-1.0858859 	0.25 	0.546 	80.870449 	1.7385715 	-1.4677124
-1.0870871 	0.25 	0.546 	81.045621 	1.9147732 	-1.4476437
-1.0882883 	0.25 	0.546 	81.220781 	2.0909773 	-1.4275731
-1.0894895 	0.25 	0.546 	81.394037 	2.2751952 	-1.4070223
-1.0906907 	0.25 	0.546 	81.585031 	2.4981035 	-1.3838012
-1.0918919 	0.25 	0.546 	81.775152 	2.7206854 	-1.360095
-1.0930931 	0.25 	0.546 	81.965274 	2.9432673 	-1.3363888
-1.0942943 	0.25 	0.546 	82.155395 	3.1658492 	-1.3126825
-1.0954955 	0.25 	0.546 	82.202302 	3.3987495 	-1.2896704
-1.0966967 	0.25 	0.546 	82.391993 	3.5798617 	-1.2722866
-1.0978979 	0.25 	0.546 	82.504987 	3.7424381 	-1.2548458
-1.0990991 	0.25 	0.546 	82.615986 	3.9045223 	-1.2368541
-1.1003003 	0.25 	0.546 	82.726985 	4.0666064 	-1.2188624
-1.1015015 	0.25 	0.546 	82.837985 	4.2286906 	-1.2008707
-1.1027027 	0.25 	0.546 	82.948984 	4.3907748 	-1.182879
-1.1039039 	0.25 	0.546 	83.059984 	4.552859 	-1.1648873
-1.1051051 	0.25 	0.546 	83.143698 	4.7098288 	-1.1475579
-1.1063063 	0.25 	0.546 	83.261934 	4.8401238 	-1.1268449
-1.1075075 	0.25 	0.546 	83.389748 	5.0287979 	-1.1027583
-1.1087087 	0.25 	0.546 	83.475213 	5.2438487 	-1.0799493
-1.1099099 	0.25 	0.546 	83.580146 	5.469473 	-1.0566998
-1.1111111 	0.25 	0.546 	83.713676 	5.7106286 	-1.0328035
-1.1123123 	0.25 	0.546 	83.821648 	5.968016 	-1.0098871
-1.1135135 	0.25 	0.546 	83.878188 	6.227626 	-0.99025367
-1.1147147 	0.25 	0.546 	83.945405 	6.4497244 	-0.96903379
-1.1159159 	0.25 	0.546 	83.996302 	6.681841 	-0.94795062
-1.1171171 	0.25 	0.546 	84.047198 	6.9139577 	-0.92686746
-1.1183183 	0.25 	0.546 	84.098095 	7.1460744 	-0.9057843
-1.1195195 	0.25 	0.546 	84.115903 	7.3993504 	-0.88543671
-1.1207207 	0.25 	0.546 	84.130929 	7.6618016 	-0.86509996
-1.1219219 	0.25 	0.546 	84.159637 	7.9414271 	-0.84376945
-1.1231231 	0.25 	0.546 	84.187491 	8.2201544 	-0.82183486
-1.1243243 	0.25 	0.546 	84.216305 	8.5139524 	-0.8003873
-1.1255255 	0.25 	0.546 	84.245635 	8.8158461 	-0.77920135
-1.1267267 	0.25 	0.546 	84.284819 	9.1135766 	-0.75826327
-1.1279279 	0.25 	0.546 	84.334519 	9.4574046 	-0.73905354
-1.1291291 	0.25 	0.546 	84.337391 	9.7426848 	-0.71674194
-1.1303303 	0.25 	0.546 	84.367403 	10.118706 	-0.69432737
-1.1315315 	0.25 	0.546 	84.382216 	10.549896 	-0.66874642
-1.1327327 	0.25 	0.546 	84.397029 	10.981087 	-0.64316548
-1.1339339 	0.25 	0.546 	84.411842 	11.412277 	-0.61758454
-1.1351351 	0.25 	0.546 	84.454592 	11.87913 	-0.59633296
-1.1363363 	0.25 	0.546 	84.42427 	12.185356 	-0.57735895
-1.1375375 	0.25 	0.546 	84.403358 	12.515341 	-0.55846943
-1.1387387 	0.25 	0.546 	84.382446 	12.845326 	-0.5395799
-1.1399399 	0.25 	0.546 	84.361534 	13.175312 	-0.52069038
-1.1411411 	0.25 	0.546 	84.340622 	13.505297 	-0.50180085
-1.1423423 	0.25 	0.546 	84.341177 	13.887177 	-0.48140067
-1.1435435 	0.25 	0.546 	84.360401 	14.315394 	-0.46156702
-1.1447447 	0.25 	0.546 	84.296564 	14.810235 	-0.44054704
-1.1459459 	0.25 	0.546 	84.260329 	15.262238 	-0.41906916
-1.1471471 	0.25 	0.546 	84.205381 	15.726767 	-0.39779902
-1.1483483 	0.25 	0.546 	84.150434 	16.191295 	-0.37652889
-1.1495495 	0.25 	0.546 	84.095487 	16.655824 	-0.35525876
-1.1507508 	0.25 	0.546 	84.0504 	17.110061 	-0.33411615
-1.151952 	0.25 	0.546 	84.024667 	17.549415 	-0.31401154
-1.1531532 	0.25 	0.546 	83.931107 	18.043119 	-0.29278793
-1.1543544 	0.25 	0.546 	83.83229 	18.534412 	-0.27107681
-1.1555556 	0.25 	0.546 	83.733473 	19.025704 	-0.24936569
-1.1567568 	0.25 	0.546 	83.634656 	19.516997 	-0.22765457
-1.157958 	0.25 	0.546 	83.544069 	19.997603 	-0.20583117
-1.1591592 	0.25 	0.546 	83.467914 	20.440909 	-0.18332354
-1.1603604 	0.25 	0.546 	83.307195 	20.95932 	-0.16121157
-1.1615616 	0.25 	0.546 	83.106778 	21.460737 	-0.13834489
-1.1627628 	0.25 	0.546 	82.898076 	21.979505 	-0.11551996
-1.163964 	0.25 	0.546 	82.689375 	22.498273 	-0.092695037
-1.1651652 	0.25 	0.546 	82.480674 	23.017041 	-0.069870109
-1.1663664 	0.25 	0.546 	82.269007 	23.528814 	-0.047083094
-1.1675676 	0.25 	0.546 	82.02064 	23.996706 	-0.025184329
-1.1687688 	0.25 	0.546 	81.710081 	24.501404 	-0.0030975344
-1.16997 	0.25 	0.546 	81.381494 	25.014853 	0.019424534
-1.1711712 	0.25 	0.546 	81.052907 	25.528303 	0.041946602
-1.1723724 	0.25 	0.546 	80.724319 	26.041752 	0.064468671
-1.1735736 	0.25 	0.546 	80.390088 	26.509666 	0.086597476
-1.1747748 	0.25 	0.546 	80.016117 	26.971781 	0.10848354
-1.175976 	0.25 	0.546 	79.584525 	27.464928 	0.12908238
-1.1771772 	0.25 	0.546 	79.098139 	27.924964 	0.14935281
-1.1783784 	0.25 	0.546 	78.605298 	28.39363 	0.17048217
-1.1795796 	0.25 	0.546 	78.111919 	28.863013 	0.19168297
-1.1807808 	0.25 	0.546 	77.61854 	29.332396 	0.21288377
-1.181982 	0.25 	0.546 	77.125161 	29.801779 	0.23408457
-1.1831832 	0.25 	0.546 	76.562741 	30.223917 	0.25354777
-1.1843844 	0.25 	0.546 	75.821962 	30.575024 	0.27419666
-1.1855856 	0.25 	0.546 	74.958703 	30.891319 	0.29613882
-1.1867868 	0.25 	0.546 	74.095445 	31.207614 	0.31808098
-1.187988 	0.25 	0.546 	73.288249 	31.524257 	0.33886204
-1.1891892 	0.25 	0.546 	72.674845 	31.842106 	0.35562956
-1.1903904 	0.25 	0.546 	71.90373 	32.120615 	0.37325018
-1.1915916 	0.25 	0.546 	71.145356 	32.248387 	0.38785628
-1.1927928 	0.25 	0.546 	70.248694 	32.284567 	0.40371977
-1.193994 	0.25 	0.546 	69.597215 	32.261963 	0.41592259
-1.1951952 	0.25 	0.546 	68.945735 	32.23936 	0.42812542
-1.1963964 	0.25 	0.546 	68.294256 	32.216756 	0.44032824
-1.1975976 	0.25 	0.546 	67.642777 	32.194153 	0.45253106
-1.1987988 	0.25 	0.546 	66.991298 	32.171549 	0.46473388
-1.2 	0.25 	0.546 	66.339818 	32.148945 	0.47693671
