-1.2 	-0.05 	0.637 	46.815581 	-2.2171872 	4.0837939
-1.1987988 	-0.05 	0.637 	46.81735 	-2.2411464 	4.0962786
-1.1975976 	-0.05 	0.637 	46.819118 	-2.2651056 	4.1087633
-1.1963964 	-0.05 	0.637 	46.820887 	-2.2890647 	4.1212479
-1.1951952 	-0.05 	0.637 	46.822655 	-2.3130239 	4.1337326
-1.193994 	-0.05 	0.637 	46.824424 	-2.3369831 	4.1462173
-1.1927928 	-0.05 	0.637 	46.826192 	-2.3609422 	4.158702
-1.1915916 	-0.05 	0.637 	46.827961 	-2.3849014 	4.1711867
-1.1903904 	-0.05 	0.637 	46.829729 	-2.4088606 	4.1836713
-1.1891892 	-0.05 	0.637 	46.831498 	-2.4328197 	4.196156
-1.187988 	-0.05 	0.637 	46.833266 	-2.4567789 	4.2086407
-1.1867868 	-0.05 	0.637 	46.835035 	-2.4807381 	4.2211254
-1.1855856 	-0.05 	0.637 	46.836803 	-2.5046972 	4.2336101
-1.1843844 	-0.05 	0.637 	46.838572 	-2.5286564 	4.2460947
-1.1831832 	-0.05 	0.637 	46.84034 	-2.5526156 	4.2585794
-1.181982 	-0.05 	0.637 	46.842109 	-2.5765747 	4.2710641
-1.1807808 	-0.05 	0.637 	46.843877 	-2.6005339 	4.2835488
-1.1795796 	-0.05 	0.637 	46.845645 	-2.6244931 	4.2960335
-1.1783784 	-0.05 	0.637 	46.847414 	-2.6484522 	4.3085181
-1.1771772 	-0.05 	0.637 	46.849182 	-2.6724114 	4.3210028
-1.175976 	-0.05 	0.637 	46.850951 	-2.6963706 	4.3334875
-1.1747748 	-0.05 	0.637 	46.852719 	-2.7203297 	4.3459722
-1.1735736 	-0.05 	0.637 	46.854488 	-2.7442889 	4.3584568
-1.1723724 	-0.05 	0.637 	46.856256 	-2.7682481 	4.3709415
-1.1711712 	-0.05 	0.637 	46.858025 	-2.7922072 	4.3834262
-1.16997 	-0.05 	0.637 	46.859793 	-2.8161664 	4.3959109
-1.1687688 	-0.05 	0.637 	46.861562 	-2.8401255 	4.4083956
-1.1675676 	-0.05 	0.637 	46.86333 	-2.8640847 	4.4208802
-1.1663664 	-0.05 	0.637 	46.865099 	-2.8880439 	4.4333649
-1.1651652 	-0.05 	0.637 	46.866867 	-2.912003 	4.4458496
-1.163964 	-0.05 	0.637 	46.868636 	-2.9359622 	4.4583343
-1.1627628 	-0.05 	0.637 	46.870404 	-2.9599214 	4.470819
-1.1615616 	-0.05 	0.637 	46.872173 	-2.9838805 	4.4833036
-1.1603604 	-0.05 	0.637 	46.873941 	-3.0078397 	4.4957883
-1.1591592 	-0.05 	0.637 	46.87571 	-3.0317989 	4.508273
-1.157958 	-0.05 	0.637 	46.891418 	-3.0533059 	4.5216586
-1.1567568 	-0.05 	0.637 	46.907872 	-3.0746817 	4.5350924
-1.1555556 	-0.05 	0.637 	46.924325 	-3.0960576 	4.5485262
-1.1543544 	-0.05 	0.637 	46.940779 	-3.1174334 	4.56196
-1.1531532 	-0.05 	0.637 	46.957233 	-3.1388093 	4.5753938
-1.151952 	-0.05 	0.637 	46.973687 	-3.1601851 	4.5888276
-1.1507508 	-0.05 	0.637 	46.990141 	-3.1815609 	4.6022615
-1.1495495 	-0.05 	0.637 	47.006718 	-3.2027561 	4.6162273
-1.1483483 	-0.05 	0.637 	47.023297 	-3.2239473 	4.6302048
-1.1471471 	-0.05 	0.637 	47.039877 	-3.2451384 	4.6441823
-1.1459459 	-0.05 	0.637 	47.056456 	-3.2663296 	4.6581598
-1.1447447 	-0.05 	0.637 	47.073036 	-3.2875208 	4.6721373
-1.1435435 	-0.05 	0.637 	47.089615 	-3.3087119 	4.6861149
-1.1423423 	-0.05 	0.637 	47.106195 	-3.3299031 	4.7000924
-1.1411411 	-0.05 	0.637 	47.122774 	-3.3510943 	4.7140699
-1.1399399 	-0.05 	0.637 	47.139354 	-3.3722854 	4.7280474
-1.1387387 	-0.05 	0.637 	47.155933 	-3.3934766 	4.7420249
-1.1375375 	-0.05 	0.637 	47.172513 	-3.4146678 	4.7560024
-1.1363363 	-0.05 	0.637 	47.189092 	-3.435859 	4.76998
-1.1351351 	-0.05 	0.637 	47.205672 	-3.4570501 	4.7839575
-1.1339339 	-0.05 	0.637 	47.222252 	-3.4782413 	4.797935
-1.1327327 	-0.05 	0.637 	47.238831 	-3.4994325 	4.8119125
-1.1315315 	-0.05 	0.637 	47.255411 	-3.5206236 	4.82589
-1.1303303 	-0.05 	0.637 	47.27199 	-3.5418148 	4.8398675
-1.1291291 	-0.05 	0.637 	47.28857 	-3.563006 	4.8538451
-1.1279279 	-0.05 	0.637 	47.305149 	-3.5841971 	4.8678226
-1.1267267 	-0.05 	0.637 	47.321729 	-3.6053883 	4.8818001
-1.1255255 	-0.05 	0.637 	47.338308 	-3.6265795 	4.8957776
-1.1243243 	-0.05 	0.637 	47.354888 	-3.6477707 	4.9097551
-1.1231231 	-0.05 	0.637 	47.371467 	-3.6689618 	4.9237326
-1.1219219 	-0.05 	0.637 	47.388047 	-3.690153 	4.9377102
-1.1207207 	-0.05 	0.637 	47.404626 	-3.7113442 	4.9516877
-1.1195195 	-0.05 	0.637 	47.421206 	-3.7325353 	4.9656652
-1.1183183 	-0.05 	0.637 	47.437785 	-3.7537265 	4.9796427
-1.1171171 	-0.05 	0.637 	47.454365 	-3.7749177 	4.9936202
-1.1159159 	-0.05 	0.637 	47.470944 	-3.7961088 	5.0075977
-1.1147147 	-0.05 	0.637 	47.487524 	-3.8173 	5.0215753
-1.1135135 	-0.05 	0.637 	47.504103 	-3.8384912 	5.0355528
-1.1123123 	-0.05 	0.637 	47.520683 	-3.8596824 	5.0495303
-1.1111111 	-0.05 	0.637 	47.537262 	-3.8808735 	5.0635078
-1.1099099 	-0.05 	0.637 	47.553842 	-3.9020647 	5.0774853
-1.1087087 	-0.05 	0.637 	47.570421 	-3.9232559 	5.0914628
-1.1075075 	-0.05 	0.637 	47.587001 	-3.944447 	5.1054404
-1.1063063 	-0.05 	0.637 	47.604495 	-3.9706968 	5.1212057
-1.1051051 	-0.05 	0.637 	47.622011 	-3.9970707 	5.137015
-1.1039039 	-0.05 	0.637 	47.639527 	-4.0234446 	5.1528243
-1.1027027 	-0.05 	0.637 	47.657043 	-4.0498185 	5.1686335
-1.1015015 	-0.05 	0.637 	47.674559 	-4.0761925 	5.1844428
-1.1003003 	-0.05 	0.637 	47.692075 	-4.1025664 	5.2002521
-1.0990991 	-0.05 	0.637 	47.709591 	-4.1289403 	5.2160613
-1.0978979 	-0.05 	0.637 	47.726805 	-4.1529745 	5.2313759
-1.0966967 	-0.05 	0.637 	47.741834 	-4.1600901 	5.2431137
-1.0954955 	-0.05 	0.637 	47.756864 	-4.1672056 	5.2548514
-1.0942943 	-0.05 	0.637 	47.771894 	-4.1743212 	5.2665891
-1.0930931 	-0.05 	0.637 	47.786924 	-4.1814367 	5.2783268
-1.0918919 	-0.05 	0.637 	47.801953 	-4.1885522 	5.2900645
-1.0906907 	-0.05 	0.637 	47.816983 	-4.1956678 	5.3018022
-1.0894895 	-0.05 	0.637 	47.832013 	-4.2027833 	5.3135399
-1.0882883 	-0.05 	0.637 	47.851402 	-4.2128046 	5.3262134
-1.0870871 	-0.05 	0.637 	47.877058 	-4.2270023 	5.340232
-1.0858859 	-0.05 	0.637 	47.902713 	-4.2411999 	5.3542505
-1.0846847 	-0.05 	0.637 	47.928369 	-4.2553975 	5.368269
-1.0834835 	-0.05 	0.637 	47.954025 	-4.2695951 	5.3822875
-1.0822823 	-0.05 	0.637 	47.97968 	-4.2837928 	5.3963061
-1.0810811 	-0.05 	0.637 	48.005336 	-4.2979904 	5.4103246
-1.0798799 	-0.05 	0.637 	48.030992 	-4.312188 	5.4243431
-1.0786787 	-0.05 	0.637 	48.056647 	-4.3263857 	5.4383616
-1.0774775 	-0.05 	0.637 	48.082303 	-4.3405833 	5.4523802
-1.0762763 	-0.05 	0.637 	48.107959 	-4.3547809 	5.4663987
-1.0750751 	-0.05 	0.637 	48.133614 	-4.3689786 	5.4804172
-1.0738739 	-0.05 	0.637 	48.15927 	-4.3831762 	5.4944358
-1.0726727 	-0.05 	0.637 	48.184925 	-4.3973738 	5.5084543
-1.0714715 	-0.05 	0.637 	48.210581 	-4.4115714 	5.5224728
-1.0702703 	-0.05 	0.637 	48.236237 	-4.4257691 	5.5364913
-1.0690691 	-0.05 	0.637 	48.261892 	-4.4399667 	5.5505099
-1.0678679 	-0.05 	0.637 	48.287548 	-4.4541643 	5.5645284
-1.0666667 	-0.05 	0.637 	48.313204 	-4.468362 	5.5785469
-1.0654655 	-0.05 	0.637 	48.338859 	-4.4825596 	5.5925654
-1.0642643 	-0.05 	0.637 	48.364515 	-4.4967572 	5.606584
-1.0630631 	-0.05 	0.637 	48.390171 	-4.5109548 	5.6206025
-1.0618619 	-0.05 	0.637 	48.415826 	-4.5251525 	5.634621
-1.0606607 	-0.05 	0.637 	48.441482 	-4.5393501 	5.6486395
-1.0594595 	-0.05 	0.637 	48.467137 	-4.5535477 	5.6626581
-1.0582583 	-0.05 	0.637 	48.492793 	-4.5677454 	5.6766766
-1.0570571 	-0.05 	0.637 	48.518449 	-4.581943 	5.6906951
-1.0558559 	-0.05 	0.637 	48.544104 	-4.5961406 	5.7047137
-1.0546547 	-0.05 	0.637 	48.56976 	-4.6103383 	5.7187322
-1.0534535 	-0.05 	0.637 	48.595416 	-4.6245359 	5.7327507
-1.0522523 	-0.05 	0.637 	48.621071 	-4.6387335 	5.7467692
-1.0510511 	-0.05 	0.637 	48.646727 	-4.6529311 	5.7607878
-1.0498498 	-0.05 	0.637 	48.672397 	-4.6671915 	5.7746811
-1.0486486 	-0.05 	0.637 	48.698098 	-4.6815873 	5.7883037
-1.0474474 	-0.05 	0.637 	48.723799 	-4.6959831 	5.8019264
-1.0462462 	-0.05 	0.637 	48.749499 	-4.710379 	5.815549
-1.045045 	-0.05 	0.637 	48.776708 	-4.7254812 	5.8285556
-1.0438438 	-0.05 	0.637 	48.804504 	-4.7408585 	5.8413223
-1.0426426 	-0.05 	0.637 	48.8323 	-4.7562358 	5.854089
-1.0414414 	-0.05 	0.637 	48.860096 	-4.7716131 	5.8668557
-1.0402402 	-0.05 	0.637 	48.887891 	-4.7869904 	5.8796224
-1.039039 	-0.05 	0.637 	48.915687 	-4.8023677 	5.8923891
-1.0378378 	-0.05 	0.637 	48.943483 	-4.817745 	5.9051558
-1.0366366 	-0.05 	0.637 	48.969929 	-4.82999 	5.9182129
-1.0354354 	-0.05 	0.637 	48.993645 	-4.8359027 	5.9318571
-1.0342342 	-0.05 	0.637 	49.017361 	-4.8418154 	5.9455013
-1.033033 	-0.05 	0.637 	49.041077 	-4.8477281 	5.9591455
-1.0318318 	-0.05 	0.637 	49.064793 	-4.8536408 	5.9727897
-1.0306306 	-0.05 	0.637 	49.088509 	-4.8595535 	5.9864339
-1.0294294 	-0.05 	0.637 	49.112225 	-4.8654662 	6.0000781
-1.0282282 	-0.05 	0.637 	49.136101 	-4.8714196 	6.0137044
-1.027027 	-0.05 	0.637 	49.164417 	-4.8784995 	6.0268331
-1.0258258 	-0.05 	0.637 	49.192732 	-4.8855794 	6.0399617
-1.0246246 	-0.05 	0.637 	49.221047 	-4.8926594 	6.0530904
-1.0234234 	-0.05 	0.637 	49.249362 	-4.8997393 	6.066219
-1.0222222 	-0.05 	0.637 	49.277677 	-4.9068192 	6.0793477
-1.021021 	-0.05 	0.637 	49.305993 	-4.9138992 	6.0924764
-1.0198198 	-0.05 	0.637 	49.334308 	-4.9209791 	6.105605
-1.0186186 	-0.05 	0.637 	49.362623 	-4.928059 	6.1187337
-1.0174174 	-0.05 	0.637 	49.390938 	-4.935139 	6.1318623
-1.0162162 	-0.05 	0.637 	49.419253 	-4.9422189 	6.144991
-1.015015 	-0.05 	0.637 	49.447569 	-4.9492988 	6.1581197
-1.0138138 	-0.05 	0.637 	49.475884 	-4.9563787 	6.1712483
-1.0126126 	-0.05 	0.637 	49.504199 	-4.9634587 	6.184377
-1.0114114 	-0.05 	0.637 	49.532514 	-4.9705386 	6.1975057
-1.0102102 	-0.05 	0.637 	49.560829 	-4.9776185 	6.2106343
-1.009009 	-0.05 	0.637 	49.589144 	-4.9846985 	6.223763
-1.0078078 	-0.05 	0.637 	49.61746 	-4.9917784 	6.2368916
-1.0066066 	-0.05 	0.637 	49.645775 	-4.9988583 	6.2500203
-1.0054054 	-0.05 	0.637 	49.67409 	-5.0059383 	6.263149
-1.0042042 	-0.05 	0.637 	49.702405 	-5.0130182 	6.2762776
-1.003003 	-0.05 	0.637 	49.73072 	-5.0200981 	6.2894063
-1.0018018 	-0.05 	0.637 	49.759036 	-5.0271781 	6.3025349
-1.0006006 	-0.05 	0.637 	49.787351 	-5.034258 	6.3156636
-0.9993994 	-0.05 	0.637 	49.815666 	-5.0413379 	6.3287923
-0.9981982 	-0.05 	0.637 	49.843981 	-5.0484179 	6.3419209
-0.996997 	-0.05 	0.637 	49.872296 	-5.0554978 	6.3550496
-0.9957958 	-0.05 	0.637 	49.900612 	-5.0625777 	6.3681782
-0.99459459 	-0.05 	0.637 	49.928927 	-5.0696577 	6.3813069
-0.99339339 	-0.05 	0.637 	49.957242 	-5.0767376 	6.3944356
-0.99219219 	-0.05 	0.637 	49.985557 	-5.0838175 	6.4075642
-0.99099099 	-0.05 	0.637 	50.013872 	-5.0908974 	6.4206929
-0.98978979 	-0.05 	0.637 	50.042188 	-5.0979774 	6.4338216
-0.98858859 	-0.05 	0.637 	50.070586 	-5.1051145 	6.4467805
-0.98738739 	-0.05 	0.637 	50.099069 	-5.1123103 	6.4595656
-0.98618619 	-0.05 	0.637 	50.127551 	-5.119506 	6.4723507
-0.98498498 	-0.05 	0.637 	50.156034 	-5.1267018 	6.4851357
-0.98378378 	-0.05 	0.637 	50.185332 	-5.1325268 	6.4976014
-0.98258258 	-0.05 	0.637 	50.21513 	-5.1375088 	6.5098705
-0.98138138 	-0.05 	0.637 	50.244928 	-5.1424908 	6.5221397
-0.98018018 	-0.05 	0.637 	50.274726 	-5.1474728 	6.5344088
-0.97897898 	-0.05 	0.637 	50.304524 	-5.1524548 	6.546678
-0.97777778 	-0.05 	0.637 	50.334322 	-5.1574367 	6.5589471
-0.97657658 	-0.05 	0.637 	50.36412 	-5.1624187 	6.5712163
-0.97537538 	-0.05 	0.637 	50.390544 	-5.1679324 	6.5837453
-0.97417417 	-0.05 	0.637 	50.413569 	-5.1739817 	6.5965361
-0.97297297 	-0.05 	0.637 	50.436594 	-5.1800311 	6.6093269
-0.97177177 	-0.05 	0.637 	50.459619 	-5.1860804 	6.6221177
-0.97057057 	-0.05 	0.637 	50.482644 	-5.1921298 	6.6349085
-0.96936937 	-0.05 	0.637 	50.505669 	-5.1981792 	6.6476993
-0.96816817 	-0.05 	0.637 	50.528694 	-5.2042285 	6.6604901
-0.96696697 	-0.05 	0.637 	50.553448 	-5.2083726 	6.672917
-0.96576577 	-0.05 	0.637 	50.580136 	-5.2103855 	6.6849369
-0.96456456 	-0.05 	0.637 	50.606824 	-5.2123984 	6.6969568
-0.96336336 	-0.05 	0.637 	50.633512 	-5.2144112 	6.7089766
-0.96216216 	-0.05 	0.637 	50.660121 	-5.2163741 	6.7211851
-0.96096096 	-0.05 	0.637 	50.686653 	-5.2182891 	6.7335735
-0.95975976 	-0.05 	0.637 	50.713185 	-5.2202042 	6.745962
-0.95855856 	-0.05 	0.637 	50.739717 	-5.2221192 	6.7583504
-0.95735736 	-0.05 	0.637 	50.76625 	-5.2240343 	6.7707388
-0.95615616 	-0.05 	0.637 	50.792782 	-5.2259493 	6.7831273
-0.95495495 	-0.05 	0.637 	50.819314 	-5.2278644 	6.7955157
-0.95375375 	-0.05 	0.637 	50.845846 	-5.2297794 	6.8079041
-0.95255255 	-0.05 	0.637 	50.872379 	-5.2316945 	6.8202926
-0.95135135 	-0.05 	0.637 	50.898911 	-5.2336095 	6.832681
-0.95015015 	-0.05 	0.637 	50.925443 	-5.2355246 	6.8450694
-0.94894895 	-0.05 	0.637 	50.951975 	-5.2374396 	6.8574579
-0.94774775 	-0.05 	0.637 	50.978508 	-5.2393547 	6.8698463
-0.94654655 	-0.05 	0.637 	51.00504 	-5.2412697 	6.8822347
-0.94534535 	-0.05 	0.637 	51.031572 	-5.2431848 	6.8946232
-0.94414414 	-0.05 	0.637 	51.058104 	-5.2450999 	6.9070116
-0.94294294 	-0.05 	0.637 	51.084637 	-5.2470149 	6.9194
-0.94174174 	-0.05 	0.637 	51.111169 	-5.24893 	6.9317885
-0.94054054 	-0.05 	0.637 	51.137701 	-5.250845 	6.9441769
-0.93933934 	-0.05 	0.637 	51.164233 	-5.2527601 	6.9565653
-0.93813814 	-0.05 	0.637 	51.190766 	-5.2546751 	6.9689537
-0.93693694 	-0.05 	0.637 	51.217298 	-5.2565902 	6.9813422
-0.93573574 	-0.05 	0.637 	51.24383 	-5.2585052 	6.9937306
-0.93453453 	-0.05 	0.637 	51.270363 	-5.2604203 	7.006119
-0.93333333 	-0.05 	0.637 	51.296895 	-5.2623353 	7.0185075
-0.93213213 	-0.05 	0.637 	51.323427 	-5.2642504 	7.0308959
-0.93093093 	-0.05 	0.637 	51.349959 	-5.2661654 	7.0432843
-0.92972973 	-0.05 	0.637 	51.376492 	-5.2680805 	7.0556728
-0.92852853 	-0.05 	0.637 	51.403024 	-5.2699956 	7.0680612
-0.92732733 	-0.05 	0.637 	51.429556 	-5.2719106 	7.0804496
-0.92612613 	-0.05 	0.637 	51.456088 	-5.2738257 	7.0928381
-0.92492492 	-0.05 	0.637 	51.482621 	-5.2757407 	7.1052265
-0.92372372 	-0.05 	0.637 	51.509153 	-5.2776558 	7.1176149
-0.92252252 	-0.05 	0.637 	51.53611 	-5.2783 	7.129779
-0.92132132 	-0.05 	0.637 	51.563643 	-5.2772241 	7.1416394
-0.92012012 	-0.05 	0.637 	51.591175 	-5.2761483 	7.1534998
-0.91891892 	-0.05 	0.637 	51.618707 	-5.2750724 	7.1653602
-0.91771772 	-0.05 	0.637 	51.64624 	-5.2739966 	7.1772206
-0.91651652 	-0.05 	0.637 	51.673772 	-5.2729207 	7.189081
-0.91531532 	-0.05 	0.637 	51.701305 	-5.2718449 	7.2009414
-0.91411411 	-0.05 	0.637 	51.724826 	-5.2730217 	7.212656
-0.91291291 	-0.05 	0.637 	51.746653 	-5.2751497 	7.2243089
-0.91171171 	-0.05 	0.637 	51.768481 	-5.2772777 	7.2359618
-0.91051051 	-0.05 	0.637 	51.790308 	-5.2794056 	7.2476147
-0.90930931 	-0.05 	0.637 	51.812136 	-5.2815336 	7.2592676
-0.90810811 	-0.05 	0.637 	51.833963 	-5.2836616 	7.2709205
-0.90690691 	-0.05 	0.637 	51.855844 	-5.2855759 	7.2825833
-0.90570571 	-0.05 	0.637 	51.878741 	-5.2833548 	7.2944366
-0.9045045 	-0.05 	0.637 	51.901639 	-5.2811336 	7.3062899
-0.9033033 	-0.05 	0.637 	51.924536 	-5.2789125 	7.3181432
-0.9021021 	-0.05 	0.637 	51.947433 	-5.2766913 	7.3299965
-0.9009009 	-0.05 	0.637 	51.970331 	-5.2744702 	7.3418498
-0.8996997 	-0.05 	0.637 	51.993228 	-5.272249 	7.3537031
-0.8984985 	-0.05 	0.637 	52.016126 	-5.2700279 	7.3655564
-0.8972973 	-0.05 	0.637 	52.039023 	-5.2678067 	7.3774096
-0.8960961 	-0.05 	0.637 	52.061921 	-5.2655856 	7.3892629
-0.89489489 	-0.05 	0.637 	52.084818 	-5.2633644 	7.4011162
-0.89369369 	-0.05 	0.637 	52.107716 	-5.2611433 	7.4129695
-0.89249249 	-0.05 	0.637 	52.130613 	-5.2589221 	7.4248228
-0.89129129 	-0.05 	0.637 	52.153511 	-5.256701 	7.4366761
-0.89009009 	-0.05 	0.637 	52.176408 	-5.2544798 	7.4485294
-0.88888889 	-0.05 	0.637 	52.199306 	-5.2522587 	7.4603827
-0.88768769 	-0.05 	0.637 	52.222203 	-5.2500375 	7.472236
-0.88648649 	-0.05 	0.637 	52.245101 	-5.2478164 	7.4840893
-0.88528529 	-0.05 	0.637 	52.267998 	-5.2455952 	7.4959426
-0.88408408 	-0.05 	0.637 	52.290896 	-5.2433741 	7.5077959
-0.88288288 	-0.05 	0.637 	52.313793 	-5.2411529 	7.5196492
-0.88168168 	-0.05 	0.637 	52.336691 	-5.2389317 	7.5315025
-0.88048048 	-0.05 	0.637 	52.359588 	-5.2367106 	7.5433558
-0.87927928 	-0.05 	0.637 	52.382486 	-5.2344894 	7.5552091
-0.87807808 	-0.05 	0.637 	52.405383 	-5.2322683 	7.5670624
-0.87687688 	-0.05 	0.637 	52.428281 	-5.2300471 	7.5789157
-0.87567568 	-0.05 	0.637 	52.451178 	-5.227826 	7.590769
-0.87447447 	-0.05 	0.637 	52.474076 	-5.2256048 	7.6026223
-0.87327327 	-0.05 	0.637 	52.496973 	-5.2233837 	7.6144756
-0.87207207 	-0.05 	0.637 	52.519871 	-5.2211625 	7.6263289
-0.87087087 	-0.05 	0.637 	52.542768 	-5.2189414 	7.6381822
-0.86966967 	-0.05 	0.637 	52.565665 	-5.2167202 	7.6500354
-0.86846847 	-0.05 	0.637 	52.588563 	-5.2144991 	7.6618887
-0.86726727 	-0.05 	0.637 	52.61146 	-5.2122779 	7.673742
-0.86606607 	-0.05 	0.637 	52.634486 	-5.2101167 	7.6853118
-0.86486486 	-0.05 	0.637 	52.657525 	-5.2079618 	7.6968512
-0.86366366 	-0.05 	0.637 	52.680564 	-5.205807 	7.7083906
-0.86246246 	-0.05 	0.637 	52.703603 	-5.2036521 	7.71993
-0.86126126 	-0.05 	0.637 	52.726479 	-5.1998837 	7.731394
-0.86006006 	-0.05 	0.637 	52.749188 	-5.1944643 	7.7427809
-0.85885886 	-0.05 	0.637 	52.771897 	-5.1890448 	7.7541679
-0.85765766 	-0.05 	0.637 	52.794606 	-5.1836254 	7.7655548
-0.85645646 	-0.05 	0.637 	52.817315 	-5.178206 	7.7769417
-0.85525526 	-0.05 	0.637 	52.840024 	-5.1727865 	7.7883286
-0.85405405 	-0.05 	0.637 	52.862732 	-5.1673671 	7.7997155
-0.85285285 	-0.05 	0.637 	52.883023 	-5.1660837 	7.8114341
-0.85165165 	-0.05 	0.637 	52.903095 	-5.1651742 	7.8231827
-0.85045045 	-0.05 	0.637 	52.923167 	-5.1642646 	7.8349313
-0.84924925 	-0.05 	0.637 	52.943238 	-5.1633551 	7.8466799
-0.84804805 	-0.05 	0.637 	52.96331 	-5.1624456 	7.8584285
-0.84684685 	-0.05 	0.637 	52.983382 	-5.1615361 	7.8701771
-0.84564565 	-0.05 	0.637 	53.002742 	-5.1591625 	7.8817306
-0.84444444 	-0.05 	0.637 	53.021044 	-5.1546163 	7.8929947
-0.84324324 	-0.05 	0.637 	53.039347 	-5.1500702 	7.9042588
-0.84204204 	-0.05 	0.637 	53.05765 	-5.145524 	7.9155229
-0.84084084 	-0.05 	0.637 	53.075953 	-5.1409779 	7.926787
-0.83963964 	-0.05 	0.637 	53.094255 	-5.1364317 	7.9380511
-0.83843844 	-0.05 	0.637 	53.112558 	-5.1318856 	7.9493152
-0.83723724 	-0.05 	0.637 	53.130861 	-5.1273395 	7.9605793
-0.83603604 	-0.05 	0.637 	53.149163 	-5.1227933 	7.9718434
-0.83483483 	-0.05 	0.637 	53.167466 	-5.1182472 	7.9831075
-0.83363363 	-0.05 	0.637 	53.185769 	-5.113701 	7.9943716
-0.83243243 	-0.05 	0.637 	53.204072 	-5.1091549 	8.0056357
-0.83123123 	-0.05 	0.637 	53.222374 	-5.1046087 	8.0168998
-0.83003003 	-0.05 	0.637 	53.240677 	-5.1000626 	8.0281639
-0.82882883 	-0.05 	0.637 	53.25898 	-5.0955164 	8.039428
-0.82762763 	-0.05 	0.637 	53.277283 	-5.0909703 	8.0506921
-0.82642643 	-0.05 	0.637 	53.295585 	-5.0864241 	8.0619562
-0.82522523 	-0.05 	0.637 	53.313888 	-5.081878 	8.0732203
-0.82402402 	-0.05 	0.637 	53.332191 	-5.0773319 	8.0844844
-0.82282282 	-0.05 	0.637 	53.350493 	-5.0727857 	8.0957485
-0.82162162 	-0.05 	0.637 	53.368796 	-5.0682396 	8.1070126
-0.82042042 	-0.05 	0.637 	53.387099 	-5.0636934 	8.1182767
-0.81921922 	-0.05 	0.637 	53.405402 	-5.0591473 	8.1295408
-0.81801802 	-0.05 	0.637 	53.423704 	-5.0546011 	8.1408049
-0.81681682 	-0.05 	0.637 	53.442007 	-5.050055 	8.152069
-0.81561562 	-0.05 	0.637 	53.46031 	-5.0455088 	8.1633331
-0.81441441 	-0.05 	0.637 	53.478613 	-5.0409627 	8.1745971
-0.81321321 	-0.05 	0.637 	53.496915 	-5.0364165 	8.1858612
-0.81201201 	-0.05 	0.637 	53.515218 	-5.0318704 	8.1971253
-0.81081081 	-0.05 	0.637 	53.533521 	-5.0273242 	8.2083894
-0.80960961 	-0.05 	0.637 	53.551823 	-5.0227781 	8.2196535
-0.80840841 	-0.05 	0.637 	53.570126 	-5.018232 	8.2309176
-0.80720721 	-0.05 	0.637 	53.588429 	-5.0136858 	8.2421817
-0.80600601 	-0.05 	0.637 	53.606747 	-5.0091401 	8.2534099
-0.8048048 	-0.05 	0.637 	53.625175 	-5.0045977 	8.2643862
-0.8036036 	-0.05 	0.637 	53.643603 	-5.0000552 	8.2753625
-0.8024024 	-0.05 	0.637 	53.662031 	-4.9955128 	8.2863388
-0.8012012 	-0.05 	0.637 	53.680459 	-4.9909703 	8.2973151
-0.8 	-0.05 	0.637 	53.698203 	-4.9856276 	8.3081803
-0.7987988 	-0.05 	0.637 	53.714791 	-4.9789303 	8.3188572
-0.7975976 	-0.05 	0.637 	53.731378 	-4.972233 	8.3295342
-0.7963964 	-0.05 	0.637 	53.747965 	-4.9655357 	8.3402112
-0.7951952 	-0.05 	0.637 	53.764552 	-4.9588384 	8.3508881
-0.79399399 	-0.05 	0.637 	53.78114 	-4.9521412 	8.3615651
-0.79279279 	-0.05 	0.637 	53.797749 	-4.9461459 	8.3722481
-0.79159159 	-0.05 	0.637 	53.814487 	-4.944342 	8.382967
-0.79039039 	-0.05 	0.637 	53.831226 	-4.9425381 	8.3936858
-0.78918919 	-0.05 	0.637 	53.847965 	-4.9407342 	8.4044047
-0.78798799 	-0.05 	0.637 	53.864704 	-4.9389302 	8.4151236
-0.78678679 	-0.05 	0.637 	53.881443 	-4.9371263 	8.4258425
-0.78558559 	-0.05 	0.637 	53.898182 	-4.9353224 	8.4365614
-0.78438438 	-0.05 	0.637 	53.912877 	-4.9304759 	8.4472615
-0.78318318 	-0.05 	0.637 	53.927519 	-4.9255481 	8.4579612
-0.78198198 	-0.05 	0.637 	53.94216 	-4.9206204 	8.4686608
-0.78078078 	-0.05 	0.637 	53.956801 	-4.9156926 	8.4793604
-0.77957958 	-0.05 	0.637 	53.971443 	-4.9107649 	8.4900601
-0.77837838 	-0.05 	0.637 	53.986084 	-4.9058371 	8.5007597
-0.77717718 	-0.05 	0.637 	54.000725 	-4.9009094 	8.5114594
-0.77597598 	-0.05 	0.637 	54.015367 	-4.8959816 	8.522159
-0.77477477 	-0.05 	0.637 	54.030008 	-4.8910539 	8.5328586
-0.77357357 	-0.05 	0.637 	54.044649 	-4.8861261 	8.5435583
-0.77237237 	-0.05 	0.637 	54.05929 	-4.8811984 	8.5542579
-0.77117117 	-0.05 	0.637 	54.073932 	-4.8762706 	8.5649576
-0.76996997 	-0.05 	0.637 	54.088573 	-4.8713429 	8.5756572
-0.76876877 	-0.05 	0.637 	54.103214 	-4.8664151 	8.5863569
-0.76756757 	-0.05 	0.637 	54.117856 	-4.8614874 	8.5970565
-0.76636637 	-0.05 	0.637 	54.132497 	-4.8565596 	8.6077561
-0.76516517 	-0.05 	0.637 	54.147138 	-4.8516319 	8.6184558
-0.76396396 	-0.05 	0.637 	54.161779 	-4.8467041 	8.6291554
-0.76276276 	-0.05 	0.637 	54.176421 	-4.8417764 	8.6398551
-0.76156156 	-0.05 	0.637 	54.191062 	-4.8368486 	8.6505547
-0.76036036 	-0.05 	0.637 	54.205703 	-4.8319209 	8.6612544
-0.75915916 	-0.05 	0.637 	54.220345 	-4.8269931 	8.671954
-0.75795796 	-0.05 	0.637 	54.234986 	-4.8220654 	8.6826536
-0.75675676 	-0.05 	0.637 	54.249627 	-4.8171376 	8.6933533
-0.75555556 	-0.05 	0.637 	54.264269 	-4.8122099 	8.7040529
-0.75435435 	-0.05 	0.637 	54.27891 	-4.8072822 	8.7147526
-0.75315315 	-0.05 	0.637 	54.293551 	-4.8023544 	8.7254522
-0.75195195 	-0.05 	0.637 	54.308192 	-4.7974267 	8.7361518
-0.75075075 	-0.05 	0.637 	54.322834 	-4.7924989 	8.7468515
-0.74954955 	-0.05 	0.637 	54.337475 	-4.7875712 	8.7575511
-0.74834835 	-0.05 	0.637 	54.352116 	-4.7826434 	8.7682508
-0.74714715 	-0.05 	0.637 	54.366758 	-4.7777157 	8.7789504
-0.74594595 	-0.05 	0.637 	54.381399 	-4.7727879 	8.7896501
-0.74474474 	-0.05 	0.637 	54.396083 	-4.7678635 	8.8002618
-0.74354354 	-0.05 	0.637 	54.41085 	-4.7629454 	8.8107031
-0.74234234 	-0.05 	0.637 	54.425617 	-4.7580273 	8.8211444
-0.74114114 	-0.05 	0.637 	54.440384 	-4.7531092 	8.8315857
-0.73993994 	-0.05 	0.637 	54.455151 	-4.7481911 	8.8420271
-0.73873874 	-0.05 	0.637 	54.470484 	-4.7426505 	8.8532498
-0.73753754 	-0.05 	0.637 	54.486575 	-4.7362766 	8.8655188
-0.73633634 	-0.05 	0.637 	54.502667 	-4.7299027 	8.8777877
-0.73513514 	-0.05 	0.637 	54.518758 	-4.7235288 	8.8900567
-0.73393393 	-0.05 	0.637 	54.534849 	-4.7171549 	8.9023257
-0.73273273 	-0.05 	0.637 	54.55094 	-4.710781 	8.9145946
-0.73153153 	-0.05 	0.637 	54.565822 	-4.704424 	8.9258761
-0.73033033 	-0.05 	0.637 	54.578493 	-4.698098 	8.9353524
-0.72912913 	-0.05 	0.637 	54.591164 	-4.691772 	8.9448288
-0.72792793 	-0.05 	0.637 	54.603835 	-4.685446 	8.9543052
-0.72672673 	-0.05 	0.637 	54.616506 	-4.6791201 	8.9637816
-0.72552553 	-0.05 	0.637 	54.629177 	-4.6727941 	8.973258
-0.72432432 	-0.05 	0.637 	54.639733 	-4.6669956 	8.9827119
-0.72312312 	-0.05 	0.637 	54.651357 	-4.6615013 	8.9934278
-0.72192192 	-0.05 	0.637 	54.662981 	-4.6560069 	9.0041438
-0.72072072 	-0.05 	0.637 	54.674605 	-4.6505126 	9.0148597
-0.71951952 	-0.05 	0.637 	54.686229 	-4.6450182 	9.0255756
-0.71831832 	-0.05 	0.637 	54.697853 	-4.6395239 	9.0362916
-0.71711712 	-0.05 	0.637 	54.709477 	-4.6340295 	9.0470075
-0.71591592 	-0.05 	0.637 	54.721101 	-4.6285352 	9.0577235
-0.71471471 	-0.05 	0.637 	54.732725 	-4.6230408 	9.0684394
-0.71351351 	-0.05 	0.637 	54.744349 	-4.6175465 	9.0791553
-0.71231231 	-0.05 	0.637 	54.755973 	-4.6120521 	9.0898713
-0.71111111 	-0.05 	0.637 	54.767597 	-4.6065578 	9.1005872
-0.70990991 	-0.05 	0.637 	54.779221 	-4.6010634 	9.1113031
-0.70870871 	-0.05 	0.637 	54.790845 	-4.5955691 	9.1220191
-0.70750751 	-0.05 	0.637 	54.801071 	-4.5903504 	9.1323671
-0.70630631 	-0.05 	0.637 	54.809642 	-4.5854577 	9.1422801
-0.70510511 	-0.05 	0.637 	54.818214 	-4.580565 	9.152193
-0.7039039 	-0.05 	0.637 	54.826785 	-4.5756723 	9.1621059
-0.7027027 	-0.05 	0.637 	54.835357 	-4.5707796 	9.1720188
-0.7015015 	-0.05 	0.637 	54.843929 	-4.565887 	9.1819318
-0.7003003 	-0.05 	0.637 	54.853753 	-4.5597509 	9.1921231
-0.6990991 	-0.05 	0.637 	54.863621 	-4.5535728 	9.2023238
-0.6978979 	-0.05 	0.637 	54.873488 	-4.5473947 	9.2125245
-0.6966967 	-0.05 	0.637 	54.883355 	-4.5412167 	9.2227252
-0.6954955 	-0.05 	0.637 	54.893222 	-4.5350386 	9.2329259
-0.69429429 	-0.05 	0.637 	54.902248 	-4.529084 	9.2430715
-0.69309309 	-0.05 	0.637 	54.910348 	-4.523375 	9.2531566
-0.69189189 	-0.05 	0.637 	54.918449 	-4.5176659 	9.2632417
-0.69069069 	-0.05 	0.637 	54.926549 	-4.5119569 	9.2733268
-0.68948949 	-0.05 	0.637 	54.93465 	-4.5062479 	9.2834119
-0.68828829 	-0.05 	0.637 	54.94275 	-4.5005388 	9.293497
-0.68708709 	-0.05 	0.637 	54.950851 	-4.4948298 	9.303582
-0.68588589 	-0.05 	0.637 	54.958951 	-4.4891208 	9.3136671
-0.68468468 	-0.05 	0.637 	54.967052 	-4.4834118 	9.3237522
-0.68348348 	-0.05 	0.637 	54.975152 	-4.4777027 	9.3338373
-0.68228228 	-0.05 	0.637 	54.983253 	-4.4719937 	9.3439224
-0.68108108 	-0.05 	0.637 	54.991353 	-4.4662847 	9.3540075
-0.67987988 	-0.05 	0.637 	54.999454 	-4.4605757 	9.3640926
-0.67867868 	-0.05 	0.637 	55.007554 	-4.4548666 	9.3741777
-0.67747748 	-0.05 	0.637 	55.015754 	-4.4490692 	9.3842297
-0.67627628 	-0.05 	0.637 	55.02279 	-4.4433797 	9.3937981
-0.67507508 	-0.05 	0.637 	55.029826 	-4.4376903 	9.4033664
-0.67387387 	-0.05 	0.637 	55.036862 	-4.4320008 	9.4129348
-0.67267267 	-0.05 	0.637 	55.043898 	-4.4263113 	9.4225032
-0.67147147 	-0.05 	0.637 	55.050934 	-4.4206219 	9.4320716
-0.67027027 	-0.05 	0.637 	55.058551 	-4.4156565 	9.4420222
-0.66906907 	-0.05 	0.637 	55.066586 	-4.4112118 	9.4522477
-0.66786787 	-0.05 	0.637 	55.074621 	-4.4067671 	9.4624732
-0.66666667 	-0.05 	0.637 	55.082656 	-4.4023225 	9.4726987
-0.66546547 	-0.05 	0.637 	55.090691 	-4.3978778 	9.4829242
-0.66426426 	-0.05 	0.637 	55.098636 	-4.3933568 	9.4931217
-0.66306306 	-0.05 	0.637 	55.105281 	-4.3876589 	9.5030334
-0.66186186 	-0.05 	0.637 	55.111868 	-4.3819014 	9.5129441
-0.66066066 	-0.05 	0.637 	55.118454 	-4.376144 	9.5228549
-0.65945946 	-0.05 	0.637 	55.12504 	-4.3703865 	9.5327657
-0.65825826 	-0.05 	0.637 	55.131627 	-4.364629 	9.5426765
-0.65705706 	-0.05 	0.637 	55.138213 	-4.3588716 	9.5525872
-0.65585586 	-0.05 	0.637 	55.1448 	-4.3531141 	9.562498
-0.65465465 	-0.05 	0.637 	55.151386 	-4.3473567 	9.5724088
-0.65345345 	-0.05 	0.637 	55.157973 	-4.3415992 	9.5823196
-0.65225225 	-0.05 	0.637 	55.164559 	-4.3358417 	9.5922303
-0.65105105 	-0.05 	0.637 	55.171145 	-4.3300843 	9.6021411
-0.64984985 	-0.05 	0.637 	55.177732 	-4.3243268 	9.6120519
-0.64864865 	-0.05 	0.637 	55.184318 	-4.3185694 	9.6219627
-0.64744745 	-0.05 	0.637 	55.190905 	-4.3128119 	9.6318734
-0.64624625 	-0.05 	0.637 	55.196869 	-4.3064802 	9.6414006
-0.64504505 	-0.05 	0.637 	55.202545 	-4.2998825 	9.6507501
-0.64384384 	-0.05 	0.637 	55.208221 	-4.2932848 	9.6600996
-0.64264264 	-0.05 	0.637 	55.213898 	-4.2866871 	9.6694491
-0.64144144 	-0.05 	0.637 	55.219574 	-4.2800894 	9.6787986
-0.64024024 	-0.05 	0.637 	55.225408 	-4.2738997 	9.6882662
-0.63903904 	-0.05 	0.637 	55.231908 	-4.2694374 	9.698234
-0.63783784 	-0.05 	0.637 	55.238409 	-4.2649751 	9.7082017
-0.63663664 	-0.05 	0.637 	55.24491 	-4.2605128 	9.7181695
-0.63543544 	-0.05 	0.637 	55.251411 	-4.2560505 	9.7281372
-0.63423423 	-0.05 	0.637 	55.257912 	-4.2515881 	9.738105
-0.63303303 	-0.05 	0.637 	55.263559 	-4.2460142 	9.7478932
-0.63183183 	-0.05 	0.637 	55.268841 	-4.2399643 	9.7576046
-0.63063063 	-0.05 	0.637 	55.274122 	-4.2339144 	9.7673159
-0.62942943 	-0.05 	0.637 	55.279404 	-4.2278644 	9.7770272
-0.62822823 	-0.05 	0.637 	55.284686 	-4.2218145 	9.7867386
-0.62702703 	-0.05 	0.637 	55.289967 	-4.2157646 	9.7964499
-0.62582583 	-0.05 	0.637 	55.295249 	-4.2097147 	9.8061613
-0.62462462 	-0.05 	0.637 	55.300531 	-4.2036648 	9.8158726
-0.62342342 	-0.05 	0.637 	55.305813 	-4.1976148 	9.825584
-0.62222222 	-0.05 	0.637 	55.311094 	-4.1915649 	9.8352953
-0.62102102 	-0.05 	0.637 	55.316376 	-4.185515 	9.8450067
-0.61981982 	-0.05 	0.637 	55.321658 	-4.1794651 	9.854718
-0.61861862 	-0.05 	0.637 	55.326939 	-4.1734151 	9.8644294
-0.61741742 	-0.05 	0.637 	55.332221 	-4.1673652 	9.8741407
-0.61621622 	-0.05 	0.637 	55.337324 	-4.1611701 	9.8837495
-0.61501502 	-0.05 	0.637 	55.341832 	-4.154303 	9.8931138
-0.61381381 	-0.05 	0.637 	55.34634 	-4.1474359 	9.9024782
-0.61261261 	-0.05 	0.637 	55.350848 	-4.1405688 	9.9118426
-0.61141141 	-0.05 	0.637 	55.355356 	-4.1337017 	9.9212069
-0.61021021 	-0.05 	0.637 	55.359864 	-4.1268346 	9.9305713
-0.60900901 	-0.05 	0.637 	55.364966 	-4.1210069 	9.9401064
-0.60780781 	-0.05 	0.637 	55.370214 	-4.1154336 	9.9496833
-0.60660661 	-0.05 	0.637 	55.375461 	-4.1098603 	9.9592601
-0.60540541 	-0.05 	0.637 	55.380709 	-4.104287 	9.968837
-0.6042042 	-0.05 	0.637 	55.385956 	-4.0987136 	9.9784139
-0.603003 	-0.05 	0.637 	55.390845 	-4.0931061 	9.9879705
-0.6018018 	-0.05 	0.637 	55.394832 	-4.0872062 	9.9974896
-0.6006006 	-0.05 	0.637 	55.398818 	-4.0813063 	10.007009
-0.5993994 	-0.05 	0.637 	55.402805 	-4.0754064 	10.016528
-0.5981982 	-0.05 	0.637 	55.406792 	-4.0695065 	10.026047
-0.596997 	-0.05 	0.637 	55.410779 	-4.0636066 	10.035566
-0.5957958 	-0.05 	0.637 	55.414766 	-4.0577067 	10.045085
-0.59459459 	-0.05 	0.637 	55.418752 	-4.0518069 	10.054604
-0.59339339 	-0.05 	0.637 	55.422739 	-4.045907 	10.064123
-0.59219219 	-0.05 	0.637 	55.426726 	-4.0400071 	10.073642
-0.59099099 	-0.05 	0.637 	55.430713 	-4.0341072 	10.083161
-0.58978979 	-0.05 	0.637 	55.4347 	-4.0282073 	10.09268
-0.58858859 	-0.05 	0.637 	55.438686 	-4.0223074 	10.1022
-0.58738739 	-0.05 	0.637 	55.442673 	-4.0164075 	10.111719
-0.58618619 	-0.05 	0.637 	55.44666 	-4.0105076 	10.121238
-0.58498498 	-0.05 	0.637 	55.449869 	-4.0048622 	10.13045
-0.58378378 	-0.05 	0.637 	55.453 	-3.9992423 	10.139631
-0.58258258 	-0.05 	0.637 	55.456131 	-3.9936224 	10.148812
-0.58138138 	-0.05 	0.637 	55.459262 	-3.9880025 	10.157993
-0.58018018 	-0.05 	0.637 	55.462393 	-3.9823826 	10.167175
-0.57897898 	-0.05 	0.637 	55.465756 	-3.9768509 	10.176423
-0.57777778 	-0.05 	0.637 	55.469443 	-3.9714419 	10.185764
-0.57657658 	-0.05 	0.637 	55.473129 	-3.9660329 	10.195105
-0.57537538 	-0.05 	0.637 	55.476815 	-3.9606232 	10.204445
-0.57417417 	-0.05 	0.637 	55.480502 	-3.9552133 	10.213785
-0.57297297 	-0.05 	0.637 	55.484188 	-3.9498034 	10.223125
-0.57177177 	-0.05 	0.637 	55.486798 	-3.9442507 	10.232441
-0.57057057 	-0.05 	0.637 	55.489349 	-3.9386901 	10.241756
-0.56936937 	-0.05 	0.637 	55.4919 	-3.9331295 	10.25107
-0.56816817 	-0.05 	0.637 	55.494451 	-3.9275689 	10.260384
-0.56696697 	-0.05 	0.637 	55.497002 	-3.9220083 	10.269699
-0.56576577 	-0.05 	0.637 	55.499553 	-3.9164477 	10.279013
-0.56456456 	-0.05 	0.637 	55.502104 	-3.9108871 	10.288328
-0.56336336 	-0.05 	0.637 	55.504655 	-3.9053265 	10.297642
-0.56216216 	-0.05 	0.637 	55.507206 	-3.8997659 	10.306956
-0.56096096 	-0.05 	0.637 	55.509757 	-3.8942053 	10.316271
-0.55975976 	-0.05 	0.637 	55.512308 	-3.8886447 	10.325585
-0.55855856 	-0.05 	0.637 	55.514859 	-3.8830841 	10.3349
-0.55735736 	-0.05 	0.637 	55.51741 	-3.8775236 	10.344214
-0.55615616 	-0.05 	0.637 	55.519961 	-3.871963 	10.353528
-0.55495495 	-0.05 	0.637 	55.522175 	-3.8662225 	10.36263
-0.55375375 	-0.05 	0.637 	55.52387 	-3.8602268 	10.371496
-0.55255255 	-0.05 	0.637 	55.525565 	-3.8542311 	10.380362
-0.55135135 	-0.05 	0.637 	55.527261 	-3.8482354 	10.389228
-0.55015015 	-0.05 	0.637 	55.528956 	-3.8422397 	10.398094
-0.54894895 	-0.05 	0.637 	55.530659 	-3.8362731 	10.406972
-0.54774775 	-0.05 	0.637 	55.532575 	-3.8310965 	10.416172
-0.54654655 	-0.05 	0.637 	55.534491 	-3.8259198 	10.425372
-0.54534535 	-0.05 	0.637 	55.536407 	-3.8207432 	10.434572
-0.54414414 	-0.05 	0.637 	55.538323 	-3.8155665 	10.443772
-0.54294294 	-0.05 	0.637 	55.540239 	-3.8103899 	10.452972
-0.54174174 	-0.05 	0.637 	55.541727 	-3.8049877 	10.462109
-0.54054054 	-0.05 	0.637 	55.543031 	-3.7994876 	10.471219
-0.53933934 	-0.05 	0.637 	55.544334 	-3.7939875 	10.480329
-0.53813814 	-0.05 	0.637 	55.545637 	-3.7884874 	10.489438
-0.53693694 	-0.05 	0.637 	55.54694 	-3.7829873 	10.498548
-0.53573574 	-0.05 	0.637 	55.548243 	-3.7774873 	10.507658
-0.53453453 	-0.05 	0.637 	55.549546 	-3.7719872 	10.516768
-0.53333333 	-0.05 	0.637 	55.55085 	-3.7664871 	10.525877
-0.53213213 	-0.05 	0.637 	55.552153 	-3.760987 	10.534987
-0.53093093 	-0.05 	0.637 	55.553456 	-3.7554869 	10.544097
-0.52972973 	-0.05 	0.637 	55.554759 	-3.7499868 	10.553207
-0.52852853 	-0.05 	0.637 	55.556062 	-3.7444867 	10.562316
-0.52732733 	-0.05 	0.637 	55.557365 	-3.7389866 	10.571426
-0.52612613 	-0.05 	0.637 	55.558668 	-3.7334865 	10.580536
-0.52492492 	-0.05 	0.637 	55.559987 	-3.7279837 	10.589611
-0.52372372 	-0.05 	0.637 	55.560756 	-3.7225877 	10.598315
-0.52252252 	-0.05 	0.637 	55.561519 	-3.717193 	10.607017
-0.52132132 	-0.05 	0.637 	55.562282 	-3.7117983 	10.615719
-0.52012012 	-0.05 	0.637 	55.563044 	-3.7064036 	10.624421
-0.51891892 	-0.05 	0.637 	55.563807 	-3.7010089 	10.633123
-0.51771772 	-0.05 	0.637 	55.564564 	-3.6956392 	10.642013
-0.51651652 	-0.05 	0.637 	55.565318 	-3.690283 	10.651007
-0.51531532 	-0.05 	0.637 	55.566071 	-3.6849268 	10.66
-0.51411411 	-0.05 	0.637 	55.566825 	-3.6795706 	10.668993
-0.51291291 	-0.05 	0.637 	55.567579 	-3.6742144 	10.677986
-0.51171171 	-0.05 	0.637 	55.568156 	-3.6688639 	10.686952
-0.51051051 	-0.05 	0.637 	55.568344 	-3.6635259 	10.695857
-0.50930931 	-0.05 	0.637 	55.568532 	-3.6581878 	10.704763
-0.50810811 	-0.05 	0.637 	55.56872 	-3.6528498 	10.713669
-0.50690691 	-0.05 	0.637 	55.568908 	-3.6475117 	10.722575
-0.50570571 	-0.05 	0.637 	55.569095 	-3.6421737 	10.731481
-0.5045045 	-0.05 	0.637 	55.569283 	-3.6368356 	10.740387
-0.5033033 	-0.05 	0.637 	55.569471 	-3.6314976 	10.749292
-0.5021021 	-0.05 	0.637 	55.569659 	-3.6261595 	10.758198
-0.5009009 	-0.05 	0.637 	55.569847 	-3.6208215 	10.767104
-0.4996997 	-0.05 	0.637 	55.570035 	-3.6154834 	10.77601
-0.4984985 	-0.05 	0.637 	55.570223 	-3.6101454 	10.784916
-0.4972973 	-0.05 	0.637 	55.57041 	-3.6048073 	10.793821
-0.4960961 	-0.05 	0.637 	55.570598 	-3.5994693 	10.802727
-0.49489489 	-0.05 	0.637 	55.570786 	-3.5941312 	10.811633
-0.49369369 	-0.05 	0.637 	55.570659 	-3.5889687 	10.820343
-0.49249249 	-0.05 	0.637 	55.570258 	-3.5839428 	10.828982
-0.49129129 	-0.05 	0.637 	55.569857 	-3.5789168 	10.837621
-0.49009009 	-0.05 	0.637 	55.569455 	-3.5738909 	10.846261
-0.48888889 	-0.05 	0.637 	55.569054 	-3.5688649 	10.8549
-0.48768769 	-0.05 	0.637 	55.56862 	-3.5636453 	10.863536
-0.48648649 	-0.05 	0.637 	55.568092 	-3.5578784 	10.872159
-0.48528529 	-0.05 	0.637 	55.567564 	-3.5521114 	10.880783
-0.48408408 	-0.05 	0.637 	55.567036 	-3.5463444 	10.889407
-0.48288288 	-0.05 	0.637 	55.566508 	-3.5405774 	10.898031
-0.48168168 	-0.05 	0.637 	55.56598 	-3.5348104 	10.906654
-0.48048048 	-0.05 	0.637 	55.564991 	-3.5296183 	10.915342
-0.47927928 	-0.05 	0.637 	55.563993 	-3.5244372 	10.924032
-0.47807808 	-0.05 	0.637 	55.562995 	-3.5192561 	10.932721
-0.47687688 	-0.05 	0.637 	55.561997 	-3.514075 	10.94141
-0.47567568 	-0.05 	0.637 	55.560999 	-3.5088939 	10.9501
-0.47447447 	-0.05 	0.637 	55.560001 	-3.5037128 	10.958789
-0.47327327 	-0.05 	0.637 	55.559003 	-3.4985317 	10.967478
-0.47207207 	-0.05 	0.637 	55.558005 	-3.4933506 	10.976167
-0.47087087 	-0.05 	0.637 	55.557007 	-3.4881695 	10.984857
-0.46966967 	-0.05 	0.637 	55.556008 	-3.4829884 	10.993546
-0.46846847 	-0.05 	0.637 	55.55501 	-3.4778073 	11.002235
-0.46726727 	-0.05 	0.637 	55.554012 	-3.4726262 	11.010925
-0.46606607 	-0.05 	0.637 	55.553014 	-3.4674451 	11.019614
-0.46486486 	-0.05 	0.637 	55.552016 	-3.462264 	11.028303
-0.46366366 	-0.05 	0.637 	55.550998 	-3.4571422 	11.0369
-0.46246246 	-0.05 	0.637 	55.549502 	-3.4525652 	11.045322
-0.46126126 	-0.05 	0.637 	55.548007 	-3.4479883 	11.053744
-0.46006006 	-0.05 	0.637 	55.546512 	-3.4434114 	11.062165
-0.45885886 	-0.05 	0.637 	55.545016 	-3.4388344 	11.070587
-0.45765766 	-0.05 	0.637 	55.543521 	-3.4342575 	11.079009
-0.45645646 	-0.05 	0.637 	55.541831 	-3.4289766 	11.087462
-0.45525526 	-0.05 	0.637 	55.540113 	-3.4235973 	11.09592
-0.45405405 	-0.05 	0.637 	55.538395 	-3.418218 	11.104377
-0.45285285 	-0.05 	0.637 	55.536678 	-3.4128387 	11.112835
-0.45165165 	-0.05 	0.637 	55.53496 	-3.4074593 	11.121292
-0.45045045 	-0.05 	0.637 	55.53295 	-3.4023382 	11.129763
-0.44924925 	-0.05 	0.637 	55.530816 	-3.3973272 	11.138239
-0.44804805 	-0.05 	0.637 	55.528682 	-3.3923163 	11.146714
-0.44684685 	-0.05 	0.637 	55.526548 	-3.3873054 	11.15519
-0.44564565 	-0.05 	0.637 	55.524414 	-3.3822944 	11.163666
-0.44444444 	-0.05 	0.637 	55.522279 	-3.3772835 	11.172142
-0.44324324 	-0.05 	0.637 	55.520145 	-3.3722726 	11.180617
-0.44204204 	-0.05 	0.637 	55.518011 	-3.3672617 	11.189093
-0.44084084 	-0.05 	0.637 	55.515877 	-3.3622507 	11.197569
-0.43963964 	-0.05 	0.637 	55.513743 	-3.3572398 	11.206045
-0.43843844 	-0.05 	0.637 	55.511608 	-3.3522289 	11.214521
-0.43723724 	-0.05 	0.637 	55.509474 	-3.3472179 	11.222996
-0.43603604 	-0.05 	0.637 	55.50734 	-3.342207 	11.231472
-0.43483483 	-0.05 	0.637 	55.505206 	-3.3371961 	11.239948
-0.43363363 	-0.05 	0.637 	55.503071 	-3.3321852 	11.248424
-0.43243243 	-0.05 	0.637 	55.500737 	-3.3274378 	11.256626
-0.43123123 	-0.05 	0.637 	55.498187 	-3.3228835 	11.264805
-0.43003003 	-0.05 	0.637 	55.495636 	-3.3183292 	11.272983
-0.42882883 	-0.05 	0.637 	55.493086 	-3.313775 	11.281162
-0.42762763 	-0.05 	0.637 	55.490536 	-3.3092207 	11.289341
-0.42642643 	-0.05 	0.637 	55.487888 	-3.3043524 	11.29757
-0.42522523 	-0.05 	0.637 	55.485141 	-3.2991651 	11.305852
-0.42402402 	-0.05 	0.637 	55.482394 	-3.2939778 	11.314134
-0.42282282 	-0.05 	0.637 	55.479647 	-3.2887906 	11.322416
-0.42162162 	-0.05 	0.637 	55.4769 	-3.2836033 	11.330697
-0.42042042 	-0.05 	0.637 	55.473907 	-3.278535 	11.33897
-0.41921922 	-0.05 	0.637 	55.470583 	-3.273627 	11.34723
-0.41801802 	-0.05 	0.637 	55.46726 	-3.2687191 	11.355491
-0.41681682 	-0.05 	0.637 	55.463936 	-3.2638111 	11.363751
-0.41561562 	-0.05 	0.637 	55.460612 	-3.2589031 	11.372012
-0.41441441 	-0.05 	0.637 	55.457289 	-3.2539951 	11.380272
-0.41321321 	-0.05 	0.637 	55.453965 	-3.2490871 	11.388533
-0.41201201 	-0.05 	0.637 	55.450642 	-3.2441791 	11.396793
-0.41081081 	-0.05 	0.637 	55.447318 	-3.2392711 	11.405053
-0.40960961 	-0.05 	0.637 	55.443994 	-3.2343631 	11.413314
-0.40840841 	-0.05 	0.637 	55.440671 	-3.2294552 	11.421574
-0.40720721 	-0.05 	0.637 	55.437347 	-3.2245472 	11.429835
-0.40600601 	-0.05 	0.637 	55.434023 	-3.2196392 	11.438095
-0.4048048 	-0.05 	0.637 	55.4307 	-3.2147312 	11.446356
-0.4036036 	-0.05 	0.637 	55.427376 	-3.2098232 	11.454616
-0.4024024 	-0.05 	0.637 	55.424015 	-3.2049559 	11.462681
-0.4012012 	-0.05 	0.637 	55.420203 	-3.2003278 	11.470457
-0.4 	-0.05 	0.637 	55.416392 	-3.1956998 	11.478234
-0.3987988 	-0.05 	0.637 	55.41258 	-3.1910717 	11.48601
-0.3975976 	-0.05 	0.637 	55.408768 	-3.1864436 	11.493786
-0.3963964 	-0.05 	0.637 	55.404945 	-3.1818097 	11.501621
-0.3951952 	-0.05 	0.637 	55.401032 	-3.1771292 	11.50993
-0.39399399 	-0.05 	0.637 	55.39712 	-3.1724487 	11.518239
-0.39279279 	-0.05 	0.637 	55.393207 	-3.1677682 	11.526548
-0.39159159 	-0.05 	0.637 	55.389295 	-3.1630877 	11.534857
-0.39039039 	-0.05 	0.637 	55.38536 	-3.1584022 	11.543154
-0.38918919 	-0.05 	0.637 	55.380835 	-3.153583 	11.55113
-0.38798799 	-0.05 	0.637 	55.376309 	-3.1487637 	11.559106
-0.38678679 	-0.05 	0.637 	55.371783 	-3.1439444 	11.567082
-0.38558559 	-0.05 	0.637 	55.367257 	-3.1391252 	11.575058
-0.38438438 	-0.05 	0.637 	55.362731 	-3.1343059 	11.583034
-0.38318318 	-0.05 	0.637 	55.358205 	-3.1294866 	11.59101
-0.38198198 	-0.05 	0.637 	55.353679 	-3.1246674 	11.598986
-0.38078078 	-0.05 	0.637 	55.349153 	-3.1198481 	11.606962
-0.37957958 	-0.05 	0.637 	55.344627 	-3.1150289 	11.614938
-0.37837838 	-0.05 	0.637 	55.340101 	-3.1102096 	11.622914
-0.37717718 	-0.05 	0.637 	55.335575 	-3.1053903 	11.63089
-0.37597598 	-0.05 	0.637 	55.331049 	-3.1005711 	11.638866
-0.37477477 	-0.05 	0.637 	55.326523 	-3.0957518 	11.646842
-0.37357357 	-0.05 	0.637 	55.321997 	-3.0909325 	11.654818
-0.37237237 	-0.05 	0.637 	55.317503 	-3.0861127 	11.662742
-0.37117117 	-0.05 	0.637 	55.312666 	-3.0811551 	11.670162
-0.36996997 	-0.05 	0.637 	55.307697 	-3.0761587 	11.677494
-0.36876877 	-0.05 	0.637 	55.302729 	-3.0711623 	11.684827
-0.36756757 	-0.05 	0.637 	55.29776 	-3.0661659 	11.692159
-0.36636637 	-0.05 	0.637 	55.292792 	-3.0611695 	11.699491
-0.36516517 	-0.05 	0.637 	55.287855 	-3.0567139 	11.707322
-0.36396396 	-0.05 	0.637 	55.28293 	-3.0524633 	11.715341
-0.36276276 	-0.05 	0.637 	55.278005 	-3.0482127 	11.72336
-0.36156156 	-0.05 	0.637 	55.27308 	-3.0439622 	11.731379
-0.36036036 	-0.05 	0.637 	55.268155 	-3.0397116 	11.739398
-0.35915916 	-0.05 	0.637 	55.262703 	-3.0352044 	11.747185
-0.35795796 	-0.05 	0.637 	55.257021 	-3.0305858 	11.75487
-0.35675676 	-0.05 	0.637 	55.251339 	-3.0259671 	11.762556
-0.35555556 	-0.05 	0.637 	55.245658 	-3.0213484 	11.770241
-0.35435435 	-0.05 	0.637 	55.239976 	-3.0167298 	11.777926
-0.35315315 	-0.05 	0.637 	55.234295 	-3.0121111 	11.785612
-0.35195195 	-0.05 	0.637 	55.228613 	-3.0074925 	11.793297
-0.35075075 	-0.05 	0.637 	55.222931 	-3.0028738 	11.800983
-0.34954955 	-0.05 	0.637 	55.21725 	-2.9982551 	11.808668
-0.34834835 	-0.05 	0.637 	55.211568 	-2.9936365 	11.816353
-0.34714715 	-0.05 	0.637 	55.205887 	-2.9890178 	11.824039
-0.34594595 	-0.05 	0.637 	55.200205 	-2.9843991 	11.831724
-0.34474474 	-0.05 	0.637 	55.194523 	-2.9797805 	11.83941
-0.34354354 	-0.05 	0.637 	55.188842 	-2.9751618 	11.847095
-0.34234234 	-0.05 	0.637 	55.18316 	-2.9705432 	11.85478
-0.34114114 	-0.05 	0.637 	55.177372 	-2.9659658 	11.862209
-0.33993994 	-0.05 	0.637 	55.171121 	-2.9614722 	11.869469
-0.33873874 	-0.05 	0.637 	55.164869 	-2.9569786 	11.876729
-0.33753754 	-0.05 	0.637 	55.158618 	-2.952485 	11.883989
-0.33633634 	-0.05 	0.637 	55.152367 	-2.9479913 	11.891249
-0.33513514 	-0.05 	0.637 	55.146248 	-2.9437636 	11.898678
-0.33393393 	-0.05 	0.637 	55.140383 	-2.9400443 	11.906428
-0.33273273 	-0.05 	0.637 	55.134518 	-2.936325 	11.914178
-0.33153153 	-0.05 	0.637 	55.128652 	-2.9326058 	11.921928
-0.33033033 	-0.05 	0.637 	55.122787 	-2.9288865 	11.929678
-0.32912913 	-0.05 	0.637 	55.11648 	-2.9248723 	11.937279
-0.32792793 	-0.05 	0.637 	55.109544 	-2.9204385 	11.944667
-0.32672673 	-0.05 	0.637 	55.102608 	-2.9160046 	11.952055
-0.32552553 	-0.05 	0.637 	55.095672 	-2.9115707 	11.959443
-0.32432432 	-0.05 	0.637 	55.088736 	-2.9071368 	11.966831
-0.32312312 	-0.05 	0.637 	55.0818 	-2.9027029 	11.974219
-0.32192192 	-0.05 	0.637 	55.074865 	-2.8982691 	11.981608
-0.32072072 	-0.05 	0.637 	55.067929 	-2.8938352 	11.988996
-0.31951952 	-0.05 	0.637 	55.060993 	-2.8894013 	11.996384
-0.31831832 	-0.05 	0.637 	55.054057 	-2.8849674 	12.003772
-0.31711712 	-0.05 	0.637 	55.047121 	-2.8805336 	12.01116
-0.31591592 	-0.05 	0.637 	55.040185 	-2.8760997 	12.018549
-0.31471471 	-0.05 	0.637 	55.033249 	-2.8716658 	12.025937
-0.31351351 	-0.05 	0.637 	55.026313 	-2.8672319 	12.033325
-0.31231231 	-0.05 	0.637 	55.019377 	-2.862798 	12.040713
-0.31111111 	-0.05 	0.637 	55.012507 	-2.8583629 	12.047995
-0.30990991 	-0.05 	0.637 	55.005065 	-2.8532293 	12.054717
-0.30870871 	-0.05 	0.637 	54.997472 	-2.8479329 	12.061337
-0.30750751 	-0.05 	0.637 	54.989878 	-2.8426366 	12.067958
-0.30630631 	-0.05 	0.637 	54.982285 	-2.8373403 	12.074579
-0.30510511 	-0.05 	0.637 	54.974691 	-2.832044 	12.0812
-0.3039039 	-0.05 	0.637 	54.967687 	-2.8283563 	12.088794
-0.3027027 	-0.05 	0.637 	54.960706 	-2.824732 	12.096427
-0.3015015 	-0.05 	0.637 	54.953726 	-2.8211078 	12.10406
-0.3003003 	-0.05 	0.637 	54.946745 	-2.8174836 	12.111693
-0.2990991 	-0.05 	0.637 	54.939563 	-2.8138104 	12.11925
-0.2978979 	-0.05 	0.637 	54.931119 	-2.8098289 	12.126328
-0.2966967 	-0.05 	0.637 	54.922675 	-2.8058475 	12.133406
-0.2954955 	-0.05 	0.637 	54.914231 	-2.801866 	12.140484
-0.29429429 	-0.05 	0.637 	54.905787 	-2.7978846 	12.147562
-0.29309309 	-0.05 	0.637 	54.897342 	-2.7939031 	12.154641
-0.29189189 	-0.05 	0.637 	54.888898 	-2.7899217 	12.161719
-0.29069069 	-0.05 	0.637 	54.880454 	-2.7859402 	12.168797
-0.28948949 	-0.05 	0.637 	54.87201 	-2.7819587 	12.175875
-0.28828829 	-0.05 	0.637 	54.863566 	-2.7779773 	12.182953
-0.28708709 	-0.05 	0.637 	54.855121 	-2.7739958 	12.190031
-0.28588589 	-0.05 	0.637 	54.846677 	-2.7700144 	12.197109
-0.28468468 	-0.05 	0.637 	54.838233 	-2.7660329 	12.204187
-0.28348348 	-0.05 	0.637 	54.829789 	-2.7620515 	12.211265
-0.28228228 	-0.05 	0.637 	54.821344 	-2.75807 	12.218343
-0.28108108 	-0.05 	0.637 	54.81291 	-2.7540884 	12.225405
-0.27987988 	-0.05 	0.637 	54.804149 	-2.7499899 	12.232034
-0.27867868 	-0.05 	0.637 	54.794693 	-2.7457218 	12.238348
-0.27747748 	-0.05 	0.637 	54.785237 	-2.7414538 	12.244662
-0.27627628 	-0.05 	0.637 	54.775782 	-2.7371857 	12.250976
-0.27507508 	-0.05 	0.637 	54.766326 	-2.7329177 	12.25729
-0.27387387 	-0.05 	0.637 	54.757324 	-2.7303265 	12.26428
-0.27267267 	-0.05 	0.637 	54.748656 	-2.7289692 	12.271767
-0.27147147 	-0.05 	0.637 	54.739989 	-2.7276118 	12.279253
-0.27027027 	-0.05 	0.637 	54.731321 	-2.7262545 	12.28674
-0.26906907 	-0.05 	0.637 	54.722654 	-2.7248972 	12.294227
-0.26786787 	-0.05 	0.637 	54.712857 	-2.7215843 	12.301169
-0.26666667 	-0.05 	0.637 	54.702694 	-2.7176385 	12.307934
-0.26546547 	-0.05 	0.637 	54.692531 	-2.7136927 	12.314699
-0.26426426 	-0.05 	0.637 	54.682368 	-2.7097469 	12.321464
-0.26306306 	-0.05 	0.637 	54.672206 	-2.7058011 	12.328229
-0.26186186 	-0.05 	0.637 	54.662043 	-2.7018554 	12.334994
-0.26066066 	-0.05 	0.637 	54.65188 	-2.6979096 	12.341759
-0.25945946 	-0.05 	0.637 	54.641718 	-2.6939638 	12.348524
-0.25825826 	-0.05 	0.637 	54.631555 	-2.690018 	12.355289
-0.25705706 	-0.05 	0.637 	54.621392 	-2.6860723 	12.362054
-0.25585586 	-0.05 	0.637 	54.611229 	-2.6821265 	12.368819
-0.25465465 	-0.05 	0.637 	54.601067 	-2.6781807 	12.375584
-0.25345345 	-0.05 	0.637 	54.590904 	-2.6742349 	12.382349
-0.25225225 	-0.05 	0.637 	54.580741 	-2.6702892 	12.389115
-0.25105105 	-0.05 	0.637 	54.570578 	-2.6663434 	12.39588
-0.24984985 	-0.05 	0.637 	54.560527 	-2.6624026 	12.402483
-0.24864865 	-0.05 	0.637 	54.549142 	-2.6568271 	12.408549
-0.24744745 	-0.05 	0.637 	54.537744 	-2.6512358 	12.414611
-0.24624625 	-0.05 	0.637 	54.526345 	-2.6456444 	12.420673
-0.24504505 	-0.05 	0.637 	54.514947 	-2.640053 	12.426734
-0.24384384 	-0.05 	0.637 	54.503801 	-2.6348351 	12.432969
-0.24264264 	-0.05 	0.637 	54.493706 	-2.6311743 	12.439926
-0.24144144 	-0.05 	0.637 	54.483612 	-2.6275134 	12.446882
-0.24024024 	-0.05 	0.637 	54.473518 	-2.6238526 	12.453838
-0.23903904 	-0.05 	0.637 	54.463424 	-2.6201917 	12.460794
-0.23783784 	-0.05 	0.637 	54.452622 	-2.6161176 	12.467539
-0.23663664 	-0.05 	0.637 	54.440848 	-2.6114758 	12.473993
-0.23543544 	-0.05 	0.637 	54.429074 	-2.606834 	12.480447
-0.23423423 	-0.05 	0.637 	54.417301 	-2.6021922 	12.486901
-0.23303303 	-0.05 	0.637 	54.405527 	-2.5975504 	12.493355
-0.23183183 	-0.05 	0.637 	54.393753 	-2.5929086 	12.499808
-0.23063063 	-0.05 	0.637 	54.38198 	-2.5882668 	12.506262
-0.22942943 	-0.05 	0.637 	54.370206 	-2.583625 	12.512716
-0.22822823 	-0.05 	0.637 	54.358432 	-2.5789832 	12.51917
-0.22702703 	-0.05 	0.637 	54.346659 	-2.5743414 	12.525624
-0.22582583 	-0.05 	0.637 	54.334885 	-2.5696996 	12.532078
-0.22462462 	-0.05 	0.637 	54.323111 	-2.5650578 	12.538532
-0.22342342 	-0.05 	0.637 	54.311338 	-2.560416 	12.544986
-0.22222222 	-0.05 	0.637 	54.299564 	-2.5557742 	12.55144
-0.22102102 	-0.05 	0.637 	54.28779 	-2.5511324 	12.557894
-0.21981982 	-0.05 	0.637 	54.276064 	-2.5464906 	12.564275
-0.21861862 	-0.05 	0.637 	54.263737 	-2.5417389 	12.57026
-0.21741742 	-0.05 	0.637 	54.250759 	-2.5368869 	12.57604
-0.21621622 	-0.05 	0.637 	54.237781 	-2.5320349 	12.58182
-0.21501502 	-0.05 	0.637 	54.224804 	-2.5271829 	12.5876
-0.21381381 	-0.05 	0.637 	54.211826 	-2.522331 	12.59338
-0.21261261 	-0.05 	0.637 	54.200376 	-2.5182124 	12.600012
-0.21141141 	-0.05 	0.637 	54.189283 	-2.514266 	12.606844
-0.21021021 	-0.05 	0.637 	54.178191 	-2.5103196 	12.613676
-0.20900901 	-0.05 	0.637 	54.167099 	-2.5063731 	12.620508
-0.20780781 	-0.05 	0.637 	54.155658 	-2.5023683 	12.62725
-0.20660661 	-0.05 	0.637 	54.142039 	-2.4979983 	12.633426
-0.20540541 	-0.05 	0.637 	54.128421 	-2.4936284 	12.639601
-0.2042042 	-0.05 	0.637 	54.114803 	-2.4892584 	12.645777
-0.203003 	-0.05 	0.637 	54.101184 	-2.4848884 	12.651953
-0.2018018 	-0.05 	0.637 	54.087566 	-2.4805185 	12.658128
-0.2006006 	-0.05 	0.637 	54.073947 	-2.4761485 	12.664304
-0.1993994 	-0.05 	0.637 	54.060329 	-2.4717785 	12.67048
-0.1981982 	-0.05 	0.637 	54.04671 	-2.4674086 	12.676656
-0.196997 	-0.05 	0.637 	54.033092 	-2.4630386 	12.682831
-0.1957958 	-0.05 	0.637 	54.019474 	-2.4586686 	12.689007
-0.19459459 	-0.05 	0.637 	54.005855 	-2.4542987 	12.695183
-0.19339339 	-0.05 	0.637 	53.992237 	-2.4499287 	12.701358
-0.19219219 	-0.05 	0.637 	53.978618 	-2.4455587 	12.707534
-0.19099099 	-0.05 	0.637 	53.965 	-2.4411888 	12.71371
-0.18978979 	-0.05 	0.637 	53.951381 	-2.4368188 	12.719886
-0.18858859 	-0.05 	0.637 	53.937859 	-2.4324346 	12.72582
-0.18738739 	-0.05 	0.637 	53.922481 	-2.4284282 	12.731191
-0.18618619 	-0.05 	0.637 	53.907102 	-2.4244218 	12.736562
-0.18498498 	-0.05 	0.637 	53.891724 	-2.4204154 	12.741934
-0.18378378 	-0.05 	0.637 	53.876346 	-2.416409 	12.747305
-0.18258258 	-0.05 	0.637 	53.861938 	-2.4129827 	12.753181
-0.18138138 	-0.05 	0.637 	53.848834 	-2.4103368 	12.759737
-0.18018018 	-0.05 	0.637 	53.835731 	-2.4076909 	12.766293
-0.17897898 	-0.05 	0.637 	53.822627 	-2.405045 	12.772849
-0.17777778 	-0.05 	0.637 	53.809524 	-2.4023991 	12.779405
-0.17657658 	-0.05 	0.637 	53.794166 	-2.3990161 	12.7854
-0.17537538 	-0.05 	0.637 	53.77843 	-2.3955093 	12.791301
-0.17417417 	-0.05 	0.637 	53.762693 	-2.3920024 	12.797203
-0.17297297 	-0.05 	0.637 	53.746957 	-2.3884956 	12.803104
-0.17177177 	-0.05 	0.637 	53.731221 	-2.3849887 	12.809005
-0.17057057 	-0.05 	0.637 	53.715484 	-2.3814819 	12.814906
-0.16936937 	-0.05 	0.637 	53.699748 	-2.3779751 	12.820808
-0.16816817 	-0.05 	0.637 	53.684012 	-2.3744682 	12.826709
-0.16696697 	-0.05 	0.637 	53.668275 	-2.3709614 	12.83261
-0.16576577 	-0.05 	0.637 	53.652539 	-2.3674545 	12.838511
-0.16456456 	-0.05 	0.637 	53.636803 	-2.3639477 	12.844412
-0.16336336 	-0.05 	0.637 	53.621066 	-2.3604408 	12.850314
-0.16216216 	-0.05 	0.637 	53.60533 	-2.356934 	12.856215
-0.16096096 	-0.05 	0.637 	53.589594 	-2.3534272 	12.862116
-0.15975976 	-0.05 	0.637 	53.573857 	-2.3499203 	12.868017
-0.15855856 	-0.05 	0.637 	53.558198 	-2.3463929 	12.873771
-0.15735736 	-0.05 	0.637 	53.541419 	-2.342476 	12.878945
-0.15615616 	-0.05 	0.637 	53.52389 	-2.3383247 	12.883834
-0.15495495 	-0.05 	0.637 	53.506361 	-2.3341734 	12.888723
-0.15375375 	-0.05 	0.637 	53.488832 	-2.3300221 	12.893612
-0.15255255 	-0.05 	0.637 	53.471394 	-2.3259944 	12.898571
-0.15135135 	-0.05 	0.637 	53.456065 	-2.3248204 	12.905127
-0.15015015 	-0.05 	0.637 	53.440736 	-2.3236463 	12.911684
-0.14894895 	-0.05 	0.637 	53.425407 	-2.3224723 	12.918241
-0.14774775 	-0.05 	0.637 	53.410078 	-2.3212983 	12.924798
-0.14654655 	-0.05 	0.637 	53.393382 	-2.3197134 	12.930908
-0.14534535 	-0.05 	0.637 	53.375196 	-2.31768 	12.93653
-0.14414414 	-0.05 	0.637 	53.357009 	-2.3156465 	12.942151
-0.14294294 	-0.05 	0.637 	53.338822 	-2.313613 	12.947773
-0.14174174 	-0.05 	0.637 	53.320635 	-2.3115796 	12.953395
-0.14054054 	-0.05 	0.637 	53.302448 	-2.3095461 	12.959016
-0.13933934 	-0.05 	0.637 	53.284261 	-2.3075127 	12.964638
-0.13813814 	-0.05 	0.637 	53.266074 	-2.3054792 	12.97026
-0.13693694 	-0.05 	0.637 	53.247888 	-2.3034458 	12.975882
-0.13573574 	-0.05 	0.637 	53.229701 	-2.3014123 	12.981503
-0.13453453 	-0.05 	0.637 	53.211514 	-2.2993789 	12.987125
-0.13333333 	-0.05 	0.637 	53.193327 	-2.2973454 	12.992747
-0.13213213 	-0.05 	0.637 	53.17514 	-2.295312 	12.998368
-0.13093093 	-0.05 	0.637 	53.156953 	-2.2932785 	13.00399
-0.12972973 	-0.05 	0.637 	53.138766 	-2.2912451 	13.009612
-0.12852853 	-0.05 	0.637 	53.120605 	-2.2892046 	13.015186
-0.12732733 	-0.05 	0.637 	53.102208 	-2.2870771 	13.020366
-0.12612613 	-0.05 	0.637 	53.082129 	-2.2847483 	13.025044
-0.12492492 	-0.05 	0.637 	53.06205 	-2.2824195 	13.029722
-0.12372372 	-0.05 	0.637 	53.041971 	-2.2800906 	13.034401
-0.12252252 	-0.05 	0.637 	53.021892 	-2.2777618 	13.039079
-0.12132132 	-0.05 	0.637 	53.003086 	-2.2773735 	13.044629
-0.12012012 	-0.05 	0.637 	52.98495 	-2.2780053 	13.050638
-0.11891892 	-0.05 	0.637 	52.966814 	-2.278637 	13.056647
-0.11771772 	-0.05 	0.637 	52.948677 	-2.2792688 	13.062656
-0.11651652 	-0.05 	0.637 	52.930031 	-2.2798436 	13.068551
-0.11531532 	-0.05 	0.637 	52.908608 	-2.280108 	13.073825
-0.11411411 	-0.05 	0.637 	52.887184 	-2.2803725 	13.079099
-0.11291291 	-0.05 	0.637 	52.865761 	-2.2806369 	13.084374
-0.11171171 	-0.05 	0.637 	52.844337 	-2.2809013 	13.089648
-0.11051051 	-0.05 	0.637 	52.822914 	-2.2811658 	13.094922
-0.10930931 	-0.05 	0.637 	52.80149 	-2.2814302 	13.100197
-0.10810811 	-0.05 	0.637 	52.780067 	-2.2816946 	13.105471
-0.10690691 	-0.05 	0.637 	52.758643 	-2.2819591 	13.110745
-0.10570571 	-0.05 	0.637 	52.73722 	-2.2822235 	13.11602
-0.1045045 	-0.05 	0.637 	52.715796 	-2.2824879 	13.121294
-0.1033033 	-0.05 	0.637 	52.694373 	-2.2827524 	13.126568
-0.1021021 	-0.05 	0.637 	52.67295 	-2.2830168 	13.131843
-0.1009009 	-0.05 	0.637 	52.651526 	-2.2832812 	13.137117
-0.0996997 	-0.05 	0.637 	52.630103 	-2.2835457 	13.142391
-0.098498498 	-0.05 	0.637 	52.608679 	-2.2838101 	13.147666
-0.097297297 	-0.05 	0.637 	52.587418 	-2.2840312 	13.152639
-0.096096096 	-0.05 	0.637 	52.564744 	-2.2842266 	13.157104
-0.094894895 	-0.05 	0.637 	52.541409 	-2.2844167 	13.161383
-0.093693694 	-0.05 	0.637 	52.518074 	-2.2846067 	13.165662
-0.092492492 	-0.05 	0.637 	52.494739 	-2.2847967 	13.169941
-0.091291291 	-0.05 	0.637 	52.471789 	-2.285698 	13.17458
-0.09009009 	-0.05 	0.637 	52.449896 	-2.2885523 	13.18021
-0.088888889 	-0.05 	0.637 	52.428003 	-2.2914066 	13.185839
-0.087687688 	-0.05 	0.637 	52.40611 	-2.294261 	13.191469
-0.086486486 	-0.05 	0.637 	52.384217 	-2.2971153 	13.197098
-0.085285285 	-0.05 	0.637 	52.359966 	-2.3015291 	13.202033
-0.084084084 	-0.05 	0.637 	52.33544 	-2.3061242 	13.206887
-0.082882883 	-0.05 	0.637 	52.310914 	-2.3107194 	13.211742
-0.081681682 	-0.05 	0.637 	52.286388 	-2.3153145 	13.216596
-0.08048048 	-0.05 	0.637 	52.261862 	-2.3199096 	13.22145
-0.079279279 	-0.05 	0.637 	52.237336 	-2.3245048 	13.226304
-0.078078078 	-0.05 	0.637 	52.21281 	-2.3290999 	13.231159
-0.076876877 	-0.05 	0.637 	52.188284 	-2.3336951 	13.236013
-0.075675676 	-0.05 	0.637 	52.163758 	-2.3382902 	13.240867
-0.074474474 	-0.05 	0.637 	52.139232 	-2.3428854 	13.245721
-0.073273273 	-0.05 	0.637 	52.114706 	-2.3474805 	13.250576
-0.072072072 	-0.05 	0.637 	52.09018 	-2.3520757 	13.25543
-0.070870871 	-0.05 	0.637 	52.065654 	-2.3566708 	13.260284
-0.06966967 	-0.05 	0.637 	52.041128 	-2.3612659 	13.265138
-0.068468468 	-0.05 	0.637 	52.016602 	-2.3658611 	13.269993
-0.067267267 	-0.05 	0.637 	51.992189 	-2.3704074 	13.274658
-0.066066066 	-0.05 	0.637 	51.967881 	-2.3750917 	13.278928
-0.064864865 	-0.05 	0.637 	51.943017 	-2.3812249 	13.282697
-0.063663664 	-0.05 	0.637 	51.918154 	-2.3873581 	13.286465
-0.062462462 	-0.05 	0.637 	51.89329 	-2.3934913 	13.290234
-0.061261261 	-0.05 	0.637 	51.868426 	-2.3996245 	13.294003
-0.06006006 	-0.05 	0.637 	51.845105 	-2.4063768 	13.298935
-0.058858859 	-0.05 	0.637 	51.821997 	-2.4132144 	13.304028
-0.057657658 	-0.05 	0.637 	51.798889 	-2.4200521 	13.309121
-0.056456456 	-0.05 	0.637 	51.77578 	-2.4268898 	13.314213
-0.055255255 	-0.05 	0.637 	51.749897 	-2.4355919 	13.318948
-0.054054054 	-0.05 	0.637 	51.721748 	-2.4458155 	13.32339
-0.052852853 	-0.05 	0.637 	51.693599 	-2.456039 	13.327833
-0.051651652 	-0.05 	0.637 	51.665451 	-2.4662625 	13.332275
-0.05045045 	-0.05 	0.637 	51.637302 	-2.4764861 	13.336718
-0.049249249 	-0.05 	0.637 	51.609153 	-2.4867096 	13.34116
-0.048048048 	-0.05 	0.637 	51.581005 	-2.4969331 	13.345602
-0.046846847 	-0.05 	0.637 	51.552856 	-2.5071567 	13.350045
-0.045645646 	-0.05 	0.637 	51.524708 	-2.5173802 	13.354487
-0.044444444 	-0.05 	0.637 	51.496559 	-2.5276037 	13.35893
-0.043243243 	-0.05 	0.637 	51.46841 	-2.5378273 	13.363372
-0.042042042 	-0.05 	0.637 	51.440262 	-2.5480508 	13.367814
-0.040840841 	-0.05 	0.637 	51.412113 	-2.5582743 	13.372257
-0.03963964 	-0.05 	0.637 	51.383964 	-2.5684979 	13.376699
-0.038438438 	-0.05 	0.637 	51.355816 	-2.5787214 	13.381142
-0.037237237 	-0.05 	0.637 	51.327667 	-2.5889449 	13.385584
-0.036036036 	-0.05 	0.637 	51.299751 	-2.5992836 	13.389407
-0.034834835 	-0.05 	0.637 	51.269601 	-2.6145332 	13.392558
-0.033633634 	-0.05 	0.637 	51.239451 	-2.6297828 	13.395709
-0.032432432 	-0.05 	0.637 	51.209301 	-2.6450323 	13.39886
-0.031231231 	-0.05 	0.637 	51.179151 	-2.6602819 	13.402011
-0.03003003 	-0.05 	0.637 	51.150049 	-2.677487 	13.405669
-0.028828829 	-0.05 	0.637 	51.122444 	-2.6974884 	13.41005
-0.027627628 	-0.05 	0.637 	51.094839 	-2.7174897 	13.414432
-0.026426426 	-0.05 	0.637 	51.067234 	-2.737491 	13.418813
-0.025225225 	-0.05 	0.637 	51.039629 	-2.7574924 	13.423195
-0.024024024 	-0.05 	0.637 	51.012025 	-2.7774937 	13.427577
-0.022822823 	-0.05 	0.637 	50.988649 	-2.8000597 	13.431428
-0.021621622 	-0.05 	0.637 	50.965754 	-2.8229175 	13.43522
-0.02042042 	-0.05 	0.637 	50.936989 	-2.8435573 	13.439294
-0.019219219 	-0.05 	0.637 	50.908005 	-2.8641147 	13.443379
-0.018018018 	-0.05 	0.637 	50.879021 	-2.884672 	13.447464
-0.016816817 	-0.05 	0.637 	50.850038 	-2.9052294 	13.451549
-0.015615616 	-0.05 	0.637 	50.821054 	-2.9257867 	13.455634
-0.014414414 	-0.05 	0.637 	50.79207 	-2.9463441 	13.45972
-0.013213213 	-0.05 	0.637 	50.763087 	-2.9669014 	13.463805
-0.012012012 	-0.05 	0.637 	50.735017 	-2.9907051 	13.467518
-0.010810811 	-0.05 	0.637 	50.708922 	-3.0215261 	13.470427
-0.0096096096 	-0.05 	0.637 	50.682828 	-3.0523471 	13.473336
-0.0084084084 	-0.05 	0.637 	50.656733 	-3.0831682 	13.476246
-0.0072072072 	-0.05 	0.637 	50.630639 	-3.1139892 	13.479155
-0.006006006 	-0.05 	0.637 	50.605945 	-3.1429927 	13.481848
-0.0048048048 	-0.05 	0.637 	50.582896 	-3.1698614 	13.484288
-0.0036036036 	-0.05 	0.637 	50.559848 	-3.1967301 	13.486727
-0.0024024024 	-0.05 	0.637 	50.536799 	-3.2235988 	13.489167
-0.0012012012 	-0.05 	0.637 	50.51375 	-3.2504675 	13.491607
-7.9671296e-15 	-0.05 	0.637 	50.490701 	-3.2773362 	13.494046
