0 	0.25 	0.728 	54.157975 	-7.304795 	-12.338081
-0.0012012012 	0.25 	0.728 	54.159463 	-7.3124736 	-12.334998
-0.0024024024 	0.25 	0.728 	54.160952 	-7.3201522 	-12.331915
-0.0036036036 	0.25 	0.728 	54.162441 	-7.3278307 	-12.328832
-0.0048048048 	0.25 	0.728 	54.163929 	-7.3355093 	-12.325749
-0.006006006 	0.25 	0.728 	54.165418 	-7.3431879 	-12.322666
-0.0072072072 	0.25 	0.728 	54.166906 	-7.3508665 	-12.319583
-0.0084084084 	0.25 	0.728 	54.168395 	-7.3585451 	-12.3165
-0.0096096096 	0.25 	0.728 	54.169884 	-7.3662236 	-12.313417
-0.010810811 	0.25 	0.728 	54.171372 	-7.3739022 	-12.310334
-0.012012012 	0.25 	0.728 	54.172861 	-7.3815808 	-12.307251
-0.013213213 	0.25 	0.728 	54.174349 	-7.3892594 	-12.304168
-0.014414414 	0.25 	0.728 	54.175838 	-7.396938 	-12.301085
-0.015615616 	0.25 	0.728 	54.177327 	-7.4046166 	-12.298002
-0.016816817 	0.25 	0.728 	54.178815 	-7.4122951 	-12.294919
-0.018018018 	0.25 	0.728 	54.180304 	-7.4199737 	-12.291836
-0.019219219 	0.25 	0.728 	54.181792 	-7.4276523 	-12.288753
-0.02042042 	0.25 	0.728 	54.183281 	-7.4353309 	-12.28567
-0.021621622 	0.25 	0.728 	54.187721 	-7.4431506 	-12.284355
-0.022822823 	0.25 	0.728 	54.19342 	-7.4507464 	-12.284247
-0.024024024 	0.25 	0.728 	54.199125 	-7.4580126 	-12.284666
-0.025225225 	0.25 	0.728 	54.20483 	-7.4652788 	-12.285086
-0.026426426 	0.25 	0.728 	54.210534 	-7.472545 	-12.285506
-0.027627628 	0.25 	0.728 	54.216239 	-7.4798112 	-12.285925
-0.028828829 	0.25 	0.728 	54.221944 	-7.4870774 	-12.286345
-0.03003003 	0.25 	0.728 	54.227648 	-7.4943436 	-12.286764
-0.031231231 	0.25 	0.728 	54.233353 	-7.5016098 	-12.287184
-0.032432432 	0.25 	0.728 	54.239058 	-7.508876 	-12.287604
-0.033633634 	0.25 	0.728 	54.244762 	-7.5161422 	-12.288023
-0.034834835 	0.25 	0.728 	54.250467 	-7.5234084 	-12.288443
-0.036036036 	0.25 	0.728 	54.256172 	-7.5306746 	-12.288863
-0.037237237 	0.25 	0.728 	54.261876 	-7.5379408 	-12.289282
-0.038438438 	0.25 	0.728 	54.267581 	-7.545207 	-12.289702
-0.03963964 	0.25 	0.728 	54.27644 	-7.5521614 	-12.291637
-0.040840841 	0.25 	0.728 	54.285428 	-7.5591029 	-12.293634
-0.042042042 	0.25 	0.728 	54.294417 	-7.5660445 	-12.295631
-0.043243243 	0.25 	0.728 	54.303405 	-7.572986 	-12.297628
-0.044444444 	0.25 	0.728 	54.312394 	-7.5799275 	-12.299625
-0.045645646 	0.25 	0.728 	54.321382 	-7.5868691 	-12.301622
-0.046846847 	0.25 	0.728 	54.330371 	-7.5938106 	-12.30362
-0.048048048 	0.25 	0.728 	54.33936 	-7.6007521 	-12.305617
-0.049249249 	0.25 	0.728 	54.348348 	-7.6076937 	-12.307614
-0.05045045 	0.25 	0.728 	54.357337 	-7.6146352 	-12.309611
-0.051651652 	0.25 	0.728 	54.366325 	-7.6215767 	-12.311608
-0.052852853 	0.25 	0.728 	54.375314 	-7.6285183 	-12.313605
-0.054054054 	0.25 	0.728 	54.384302 	-7.6354598 	-12.315603
-0.055255255 	0.25 	0.728 	54.393291 	-7.6424013 	-12.3176
-0.056456456 	0.25 	0.728 	54.402279 	-7.6493429 	-12.319597
-0.057657658 	0.25 	0.728 	54.411268 	-7.6562844 	-12.321594
-0.058858859 	0.25 	0.728 	54.420256 	-7.6632259 	-12.323591
-0.06006006 	0.25 	0.728 	54.429245 	-7.6701675 	-12.325588
-0.061261261 	0.25 	0.728 	54.436566 	-7.6792832 	-12.323915
-0.062462462 	0.25 	0.728 	54.443824 	-7.6884801 	-12.322105
-0.063663664 	0.25 	0.728 	54.451083 	-7.6976769 	-12.320294
-0.064864865 	0.25 	0.728 	54.458342 	-7.7068738 	-12.318484
-0.066066066 	0.25 	0.728 	54.4656 	-7.7160707 	-12.316673
-0.067267267 	0.25 	0.728 	54.472859 	-7.7252676 	-12.314863
-0.068468468 	0.25 	0.728 	54.480118 	-7.7344645 	-12.313052
-0.06966967 	0.25 	0.728 	54.487376 	-7.7436614 	-12.311242
-0.070870871 	0.25 	0.728 	54.494635 	-7.7528583 	-12.309431
-0.072072072 	0.25 	0.728 	54.501893 	-7.7620552 	-12.307621
-0.073273273 	0.25 	0.728 	54.509152 	-7.7712521 	-12.30581
-0.074474474 	0.25 	0.728 	54.516411 	-7.780449 	-12.304
-0.075675676 	0.25 	0.728 	54.523669 	-7.7896459 	-12.302189
-0.076876877 	0.25 	0.728 	54.530928 	-7.7988428 	-12.300379
-0.078078078 	0.25 	0.728 	54.538186 	-7.8080397 	-12.298568
-0.079279279 	0.25 	0.728 	54.545445 	-7.8172366 	-12.296758
-0.08048048 	0.25 	0.728 	54.552704 	-7.8264335 	-12.294947
-0.081681682 	0.25 	0.728 	54.560264 	-7.8355263 	-12.293333
-0.082882883 	0.25 	0.728 	54.569161 	-7.8441588 	-12.292587
-0.084084084 	0.25 	0.728 	54.578057 	-7.8527913 	-12.291841
-0.085285285 	0.25 	0.728 	54.586954 	-7.8614239 	-12.291095
-0.086486486 	0.25 	0.728 	54.595851 	-7.8700564 	-12.290349
-0.087687688 	0.25 	0.728 	54.604747 	-7.8786889 	-12.289603
-0.088888889 	0.25 	0.728 	54.613644 	-7.8873214 	-12.288857
-0.09009009 	0.25 	0.728 	54.62254 	-7.8959539 	-12.28811
-0.091291291 	0.25 	0.728 	54.631437 	-7.9045864 	-12.287364
-0.092492492 	0.25 	0.728 	54.640334 	-7.9132189 	-12.286618
-0.093693694 	0.25 	0.728 	54.64923 	-7.9218514 	-12.285872
-0.094894895 	0.25 	0.728 	54.658127 	-7.930484 	-12.285126
-0.096096096 	0.25 	0.728 	54.667023 	-7.9391165 	-12.28438
-0.097297297 	0.25 	0.728 	54.67592 	-7.947749 	-12.283634
-0.098498498 	0.25 	0.728 	54.684775 	-7.9564298 	-12.282854
-0.0996997 	0.25 	0.728 	54.693594 	-7.9651532 	-12.282045
-0.1009009 	0.25 	0.728 	54.70452 	-7.9727115 	-12.28411
-0.1021021 	0.25 	0.728 	54.715567 	-7.9802032 	-12.286339
-0.1033033 	0.25 	0.728 	54.726614 	-7.987695 	-12.288568
-0.1045045 	0.25 	0.728 	54.737661 	-7.9951867 	-12.290797
-0.10570571 	0.25 	0.728 	54.748707 	-8.0026785 	-12.293026
-0.10690691 	0.25 	0.728 	54.759754 	-8.0101703 	-12.295255
-0.10810811 	0.25 	0.728 	54.770801 	-8.017662 	-12.297484
-0.10930931 	0.25 	0.728 	54.781848 	-8.0251538 	-12.299713
-0.11051051 	0.25 	0.728 	54.792895 	-8.0326455 	-12.301942
-0.11171171 	0.25 	0.728 	54.803942 	-8.0401373 	-12.304171
-0.11291291 	0.25 	0.728 	54.814988 	-8.047629 	-12.3064
-0.11411411 	0.25 	0.728 	54.826035 	-8.0551208 	-12.308629
-0.11531532 	0.25 	0.728 	54.837082 	-8.0626126 	-12.310858
-0.11651652 	0.25 	0.728 	54.848129 	-8.0701043 	-12.313087
-0.11771772 	0.25 	0.728 	54.859176 	-8.0775961 	-12.315316
-0.11891892 	0.25 	0.728 	54.870223 	-8.0850878 	-12.317545
-0.12012012 	0.25 	0.728 	54.881269 	-8.0925796 	-12.319774
-0.12132132 	0.25 	0.728 	54.891897 	-8.1002272 	-12.320652
-0.12252252 	0.25 	0.728 	54.900928 	-8.1084684 	-12.316383
-0.12372372 	0.25 	0.728 	54.909958 	-8.1167096 	-12.312113
-0.12492492 	0.25 	0.728 	54.918989 	-8.1249508 	-12.307844
-0.12612613 	0.25 	0.728 	54.928019 	-8.133192 	-12.303574
-0.12732733 	0.25 	0.728 	54.93705 	-8.1414332 	-12.299305
-0.12852853 	0.25 	0.728 	54.946081 	-8.1496744 	-12.295036
-0.12972973 	0.25 	0.728 	54.955111 	-8.1579156 	-12.290766
-0.13093093 	0.25 	0.728 	54.964142 	-8.1661568 	-12.286497
-0.13213213 	0.25 	0.728 	54.973172 	-8.174398 	-12.282227
-0.13333333 	0.25 	0.728 	54.982203 	-8.1826393 	-12.277958
-0.13453453 	0.25 	0.728 	54.991233 	-8.1908805 	-12.273688
-0.13573574 	0.25 	0.728 	55.000264 	-8.1991217 	-12.269419
-0.13693694 	0.25 	0.728 	55.009295 	-8.2073629 	-12.265149
-0.13813814 	0.25 	0.728 	55.018325 	-8.2156041 	-12.26088
-0.13933934 	0.25 	0.728 	55.027356 	-8.2238453 	-12.25661
-0.14054054 	0.25 	0.728 	55.036386 	-8.2320865 	-12.252341
-0.14174174 	0.25 	0.728 	55.045417 	-8.2403277 	-12.248071
-0.14294294 	0.25 	0.728 	55.05581 	-8.2488452 	-12.245116
-0.14414414 	0.25 	0.728 	55.066974 	-8.2575188 	-12.242905
-0.14534535 	0.25 	0.728 	55.078287 	-8.2660474 	-12.24077
-0.14654655 	0.25 	0.728 	55.089618 	-8.2745594 	-12.238644
-0.14774775 	0.25 	0.728 	55.100949 	-8.2830714 	-12.236518
-0.14894895 	0.25 	0.728 	55.11228 	-8.2915834 	-12.234393
-0.15015015 	0.25 	0.728 	55.123611 	-8.3000954 	-12.232267
-0.15135135 	0.25 	0.728 	55.134941 	-8.3086074 	-12.230141
-0.15255255 	0.25 	0.728 	55.146272 	-8.3171194 	-12.228015
-0.15375375 	0.25 	0.728 	55.157603 	-8.3256314 	-12.225889
-0.15495495 	0.25 	0.728 	55.168934 	-8.3341434 	-12.223763
-0.15615616 	0.25 	0.728 	55.180264 	-8.3426554 	-12.221637
-0.15735736 	0.25 	0.728 	55.191595 	-8.3511674 	-12.219512
-0.15855856 	0.25 	0.728 	55.202926 	-8.3596794 	-12.217386
-0.15975976 	0.25 	0.728 	55.214257 	-8.3681914 	-12.21526
-0.16096096 	0.25 	0.728 	55.225588 	-8.3767034 	-12.213134
-0.16216216 	0.25 	0.728 	55.238878 	-8.38521 	-12.212565
-0.16336336 	0.25 	0.728 	55.252267 	-8.3937163 	-12.212074
-0.16456456 	0.25 	0.728 	55.265657 	-8.4022227 	-12.211583
-0.16576577 	0.25 	0.728 	55.279046 	-8.410729 	-12.211092
-0.16696697 	0.25 	0.728 	55.292436 	-8.4192353 	-12.210602
-0.16816817 	0.25 	0.728 	55.305825 	-8.4277416 	-12.210111
-0.16936937 	0.25 	0.728 	55.319214 	-8.436248 	-12.20962
-0.17057057 	0.25 	0.728 	55.332604 	-8.4447543 	-12.20913
-0.17177177 	0.25 	0.728 	55.345993 	-8.4532606 	-12.208639
-0.17297297 	0.25 	0.728 	55.359383 	-8.4617669 	-12.208148
-0.17417417 	0.25 	0.728 	55.372772 	-8.4702733 	-12.207657
-0.17537538 	0.25 	0.728 	55.386162 	-8.4787796 	-12.207167
-0.17657658 	0.25 	0.728 	55.399551 	-8.4872859 	-12.206676
-0.17777778 	0.25 	0.728 	55.41294 	-8.4957922 	-12.206185
-0.17897898 	0.25 	0.728 	55.42633 	-8.5042986 	-12.205695
-0.18018018 	0.25 	0.728 	55.439719 	-8.5128049 	-12.205204
-0.18138138 	0.25 	0.728 	55.453109 	-8.5213112 	-12.204713
-0.18258258 	0.25 	0.728 	55.466073 	-8.5300037 	-12.202447
-0.18378378 	0.25 	0.728 	55.47858 	-8.5388969 	-12.198267
-0.18498498 	0.25 	0.728 	55.491086 	-8.5477901 	-12.194087
-0.18618619 	0.25 	0.728 	55.503593 	-8.5566834 	-12.189906
-0.18738739 	0.25 	0.728 	55.516099 	-8.5655766 	-12.185726
-0.18858859 	0.25 	0.728 	55.528605 	-8.5744698 	-12.181545
-0.18978979 	0.25 	0.728 	55.541112 	-8.5833631 	-12.177365
-0.19099099 	0.25 	0.728 	55.553618 	-8.5922563 	-12.173185
-0.19219219 	0.25 	0.728 	55.566125 	-8.6011495 	-12.169004
-0.19339339 	0.25 	0.728 	55.578631 	-8.6100428 	-12.164824
-0.19459459 	0.25 	0.728 	55.591137 	-8.618936 	-12.160644
-0.1957958 	0.25 	0.728 	55.603644 	-8.6278292 	-12.156463
-0.196997 	0.25 	0.728 	55.61615 	-8.6367225 	-12.152283
-0.1981982 	0.25 	0.728 	55.628657 	-8.6456157 	-12.148102
-0.1993994 	0.25 	0.728 	55.641163 	-8.6545089 	-12.143922
-0.2006006 	0.25 	0.728 	55.65367 	-8.6634022 	-12.139742
-0.2018018 	0.25 	0.728 	55.666176 	-8.6722954 	-12.135561
-0.203003 	0.25 	0.728 	55.678844 	-8.6810371 	-12.131477
-0.2042042 	0.25 	0.728 	55.692276 	-8.6890655 	-12.127847
-0.20540541 	0.25 	0.728 	55.705707 	-8.697094 	-12.124217
-0.20660661 	0.25 	0.728 	55.719139 	-8.7051225 	-12.120587
-0.20780781 	0.25 	0.728 	55.73257 	-8.713151 	-12.116958
-0.20900901 	0.25 	0.728 	55.746002 	-8.7211794 	-12.113328
-0.21021021 	0.25 	0.728 	55.759433 	-8.7292079 	-12.109698
-0.21141141 	0.25 	0.728 	55.772865 	-8.7372364 	-12.106068
-0.21261261 	0.25 	0.728 	55.786296 	-8.7452648 	-12.102438
-0.21381381 	0.25 	0.728 	55.799728 	-8.7532933 	-12.098808
-0.21501502 	0.25 	0.728 	55.813159 	-8.7613218 	-12.095178
-0.21621622 	0.25 	0.728 	55.826591 	-8.7693502 	-12.091548
-0.21741742 	0.25 	0.728 	55.840022 	-8.7773787 	-12.087918
-0.21861862 	0.25 	0.728 	55.853454 	-8.7854072 	-12.084288
-0.21981982 	0.25 	0.728 	55.866871 	-8.7934496 	-12.080652
-0.22102102 	0.25 	0.728 	55.880036 	-8.801738 	-12.07691
-0.22222222 	0.25 	0.728 	55.8932 	-8.8100265 	-12.073168
-0.22342342 	0.25 	0.728 	55.908076 	-8.8172495 	-12.072266
-0.22462462 	0.25 	0.728 	55.922985 	-8.8244515 	-12.071419
-0.22582583 	0.25 	0.728 	55.937894 	-8.8316536 	-12.070572
-0.22702703 	0.25 	0.728 	55.952803 	-8.8388557 	-12.069726
-0.22822823 	0.25 	0.728 	55.967712 	-8.8460577 	-12.068879
-0.22942943 	0.25 	0.728 	55.982621 	-8.8532598 	-12.068032
-0.23063063 	0.25 	0.728 	55.99753 	-8.8604618 	-12.067186
-0.23183183 	0.25 	0.728 	56.012439 	-8.8676639 	-12.066339
-0.23303303 	0.25 	0.728 	56.027348 	-8.8748659 	-12.065492
-0.23423423 	0.25 	0.728 	56.042257 	-8.882068 	-12.064646
-0.23543544 	0.25 	0.728 	56.057166 	-8.8892701 	-12.063799
-0.23663664 	0.25 	0.728 	56.072075 	-8.8964721 	-12.062952
-0.23783784 	0.25 	0.728 	56.086984 	-8.9036742 	-12.062106
-0.23903904 	0.25 	0.728 	56.101893 	-8.9108762 	-12.061259
-0.24024024 	0.25 	0.728 	56.116802 	-8.9180783 	-12.060412
-0.24144144 	0.25 	0.728 	56.131711 	-8.9252803 	-12.059566
-0.24264264 	0.25 	0.728 	56.14662 	-8.9324824 	-12.058719
-0.24384384 	0.25 	0.728 	56.16092 	-8.9397366 	-12.05326
-0.24504505 	0.25 	0.728 	56.174999 	-8.9470098 	-12.046121
-0.24624625 	0.25 	0.728 	56.189077 	-8.954283 	-12.038983
-0.24744745 	0.25 	0.728 	56.203155 	-8.9615561 	-12.031845
-0.24864865 	0.25 	0.728 	56.217234 	-8.9688293 	-12.024707
-0.24984985 	0.25 	0.728 	56.231312 	-8.9761025 	-12.017568
-0.25105105 	0.25 	0.728 	56.24539 	-8.9833757 	-12.01043
-0.25225225 	0.25 	0.728 	56.259469 	-8.9906489 	-12.003292
-0.25345345 	0.25 	0.728 	56.273547 	-8.9979221 	-11.996154
-0.25465465 	0.25 	0.728 	56.287625 	-9.0051952 	-11.989015
-0.25585586 	0.25 	0.728 	56.301704 	-9.0124684 	-11.981877
-0.25705706 	0.25 	0.728 	56.315782 	-9.0197416 	-11.974739
-0.25825826 	0.25 	0.728 	56.32986 	-9.0270148 	-11.967601
-0.25945946 	0.25 	0.728 	56.343939 	-9.034288 	-11.960462
-0.26066066 	0.25 	0.728 	56.358017 	-9.0415612 	-11.953324
-0.26186186 	0.25 	0.728 	56.372095 	-9.0488343 	-11.946186
-0.26306306 	0.25 	0.728 	56.386174 	-9.0561075 	-11.939047
-0.26426426 	0.25 	0.728 	56.400748 	-9.0641764 	-11.933037
-0.26546547 	0.25 	0.728 	56.415586 	-9.0726693 	-11.927629
-0.26666667 	0.25 	0.728 	56.430544 	-9.0809899 	-11.922331
-0.26786787 	0.25 	0.728 	56.445671 	-9.08907 	-11.917187
-0.26906907 	0.25 	0.728 	56.460799 	-9.0971501 	-11.912044
-0.27027027 	0.25 	0.728 	56.475926 	-9.1052302 	-11.9069
-0.27147147 	0.25 	0.728 	56.491053 	-9.1133104 	-11.901757
-0.27267267 	0.25 	0.728 	56.50618 	-9.1213905 	-11.896613
-0.27387387 	0.25 	0.728 	56.521307 	-9.1294706 	-11.89147
-0.27507508 	0.25 	0.728 	56.536435 	-9.1375507 	-11.886326
-0.27627628 	0.25 	0.728 	56.551562 	-9.1456308 	-11.881183
-0.27747748 	0.25 	0.728 	56.566689 	-9.1537109 	-11.876039
-0.27867868 	0.25 	0.728 	56.581816 	-9.1617911 	-11.870895
-0.27987988 	0.25 	0.728 	56.596943 	-9.1698712 	-11.865752
-0.28108108 	0.25 	0.728 	56.61207 	-9.1779513 	-11.860608
-0.28228228 	0.25 	0.728 	56.627198 	-9.1860314 	-11.855465
-0.28348348 	0.25 	0.728 	56.642325 	-9.1941115 	-11.850321
-0.28468468 	0.25 	0.728 	56.658541 	-9.2030112 	-11.846757
-0.28588589 	0.25 	0.728 	56.674782 	-9.2119289 	-11.843226
-0.28708709 	0.25 	0.728 	56.691023 	-9.2208465 	-11.839696
-0.28828829 	0.25 	0.728 	56.707264 	-9.2297642 	-11.836166
-0.28948949 	0.25 	0.728 	56.723505 	-9.2386819 	-11.832636
-0.29069069 	0.25 	0.728 	56.739745 	-9.2475995 	-11.829105
-0.29189189 	0.25 	0.728 	56.755986 	-9.2565172 	-11.825575
-0.29309309 	0.25 	0.728 	56.772227 	-9.2654349 	-11.822045
-0.29429429 	0.25 	0.728 	56.788468 	-9.2743525 	-11.818515
-0.2954955 	0.25 	0.728 	56.804708 	-9.2832702 	-11.814985
-0.2966967 	0.25 	0.728 	56.820949 	-9.2921879 	-11.811454
-0.2978979 	0.25 	0.728 	56.83719 	-9.3011055 	-11.807924
-0.2990991 	0.25 	0.728 	56.853431 	-9.3100232 	-11.804394
-0.3003003 	0.25 	0.728 	56.869671 	-9.3189409 	-11.800864
-0.3015015 	0.25 	0.728 	56.885912 	-9.3278585 	-11.797334
-0.3027027 	0.25 	0.728 	56.902153 	-9.3367762 	-11.793803
-0.3039039 	0.25 	0.728 	56.918394 	-9.3456939 	-11.790273
-0.30510511 	0.25 	0.728 	56.935349 	-9.355528 	-11.781958
-0.30630631 	0.25 	0.728 	56.952307 	-9.3653657 	-11.773625
-0.30750751 	0.25 	0.728 	56.969265 	-9.3752033 	-11.765292
-0.30870871 	0.25 	0.728 	56.986223 	-9.385041 	-11.756959
-0.30990991 	0.25 	0.728 	57.003181 	-9.3948786 	-11.748627
-0.31111111 	0.25 	0.728 	57.020139 	-9.4047163 	-11.740294
-0.31231231 	0.25 	0.728 	57.037097 	-9.414554 	-11.731961
-0.31351351 	0.25 	0.728 	57.054055 	-9.4243916 	-11.723628
-0.31471471 	0.25 	0.728 	57.071013 	-9.4342293 	-11.715295
-0.31591592 	0.25 	0.728 	57.087971 	-9.4440669 	-11.706962
-0.31711712 	0.25 	0.728 	57.104929 	-9.4539046 	-11.698629
-0.31831832 	0.25 	0.728 	57.121887 	-9.4637422 	-11.690296
-0.31951952 	0.25 	0.728 	57.138845 	-9.4735799 	-11.681963
-0.32072072 	0.25 	0.728 	57.155803 	-9.4834175 	-11.67363
-0.32192192 	0.25 	0.728 	57.172761 	-9.4932552 	-11.665297
-0.32312312 	0.25 	0.728 	57.189719 	-9.5030928 	-11.656964
-0.32432432 	0.25 	0.728 	57.206571 	-9.5124306 	-11.649043
-0.32552553 	0.25 	0.728 	57.222978 	-9.5196528 	-11.642864
-0.32672673 	0.25 	0.728 	57.239384 	-9.526875 	-11.636685
-0.32792793 	0.25 	0.728 	57.25579 	-9.5340973 	-11.630507
-0.32912913 	0.25 	0.728 	57.272197 	-9.5413195 	-11.624328
-0.33033033 	0.25 	0.728 	57.288603 	-9.5485417 	-11.618149
-0.33153153 	0.25 	0.728 	57.30501 	-9.5557639 	-11.61197
-0.33273273 	0.25 	0.728 	57.321416 	-9.5629861 	-11.605791
-0.33393393 	0.25 	0.728 	57.337822 	-9.5702084 	-11.599613
-0.33513514 	0.25 	0.728 	57.354229 	-9.5774306 	-11.593434
-0.33633634 	0.25 	0.728 	57.370635 	-9.5846528 	-11.587255
-0.33753754 	0.25 	0.728 	57.387042 	-9.591875 	-11.581076
-0.33873874 	0.25 	0.728 	57.403448 	-9.5990973 	-11.574898
-0.33993994 	0.25 	0.728 	57.419854 	-9.6063195 	-11.568719
-0.34114114 	0.25 	0.728 	57.436261 	-9.6135417 	-11.56254
-0.34234234 	0.25 	0.728 	57.452548 	-9.6212006 	-11.556141
-0.34354354 	0.25 	0.728 	57.468744 	-9.6291957 	-11.549572
-0.34474474 	0.25 	0.728 	57.48494 	-9.6371908 	-11.543002
-0.34594595 	0.25 	0.728 	57.501509 	-9.6425946 	-11.539051
-0.34714715 	0.25 	0.728 	57.518092 	-9.6479042 	-11.535194
-0.34834835 	0.25 	0.728 	57.534675 	-9.6532139 	-11.531337
-0.34954955 	0.25 	0.728 	57.551257 	-9.6585236 	-11.527481
-0.35075075 	0.25 	0.728 	57.56784 	-9.6638333 	-11.523624
-0.35195195 	0.25 	0.728 	57.584423 	-9.669143 	-11.519767
-0.35315315 	0.25 	0.728 	57.601006 	-9.6744527 	-11.515911
-0.35435435 	0.25 	0.728 	57.617588 	-9.6797624 	-11.512054
-0.35555556 	0.25 	0.728 	57.634171 	-9.685072 	-11.508197
-0.35675676 	0.25 	0.728 	57.650754 	-9.6903817 	-11.504341
-0.35795796 	0.25 	0.728 	57.667337 	-9.6956914 	-11.500484
-0.35915916 	0.25 	0.728 	57.683919 	-9.7010011 	-11.496627
-0.36036036 	0.25 	0.728 	57.700502 	-9.7063108 	-11.492771
-0.36156156 	0.25 	0.728 	57.717085 	-9.7116205 	-11.488914
-0.36276276 	0.25 	0.728 	57.733667 	-9.7169301 	-11.485057
-0.36396396 	0.25 	0.728 	57.75025 	-9.7222398 	-11.481201
-0.36516517 	0.25 	0.728 	57.76713 	-9.7276788 	-11.4761
-0.36636637 	0.25 	0.728 	57.78493 	-9.7335185 	-11.46714
-0.36756757 	0.25 	0.728 	57.80273 	-9.7393582 	-11.45818
-0.36876877 	0.25 	0.728 	57.820529 	-9.7451979 	-11.44922
-0.36996997 	0.25 	0.728 	57.838329 	-9.7510376 	-11.44026
-0.37117117 	0.25 	0.728 	57.856129 	-9.7568773 	-11.431301
-0.37237237 	0.25 	0.728 	57.873929 	-9.762717 	-11.422341
-0.37357357 	0.25 	0.728 	57.891729 	-9.7685567 	-11.413381
-0.37477477 	0.25 	0.728 	57.909529 	-9.7743964 	-11.404421
-0.37597598 	0.25 	0.728 	57.927329 	-9.7802361 	-11.395461
-0.37717718 	0.25 	0.728 	57.945129 	-9.7860758 	-11.386501
-0.37837838 	0.25 	0.728 	57.962929 	-9.7919155 	-11.377541
-0.37957958 	0.25 	0.728 	57.980728 	-9.7977552 	-11.368582
-0.38078078 	0.25 	0.728 	57.998528 	-9.8035949 	-11.359622
-0.38198198 	0.25 	0.728 	58.016328 	-9.8094346 	-11.350662
-0.38318318 	0.25 	0.728 	58.034128 	-9.8152743 	-11.341702
-0.38438438 	0.25 	0.728 	58.051928 	-9.821114 	-11.332742
-0.38558559 	0.25 	0.728 	58.069563 	-9.8270139 	-11.325093
-0.38678679 	0.25 	0.728 	58.087132 	-9.8329376 	-11.317961
-0.38798799 	0.25 	0.728 	58.104702 	-9.8388613 	-11.310828
-0.38918919 	0.25 	0.728 	58.122272 	-9.8447849 	-11.303695
-0.39039039 	0.25 	0.728 	58.139841 	-9.8507086 	-11.296563
-0.39159159 	0.25 	0.728 	58.157411 	-9.8566323 	-11.28943
-0.39279279 	0.25 	0.728 	58.174981 	-9.8625559 	-11.282297
-0.39399399 	0.25 	0.728 	58.19255 	-9.8684796 	-11.275165
-0.3951952 	0.25 	0.728 	58.21012 	-9.8744033 	-11.268032
-0.3963964 	0.25 	0.728 	58.22769 	-9.8803269 	-11.260899
-0.3975976 	0.25 	0.728 	58.24526 	-9.8862506 	-11.253767
-0.3987988 	0.25 	0.728 	58.262829 	-9.8921742 	-11.246634
-0.4 	0.25 	0.728 	58.280399 	-9.8980979 	-11.239501
-0.4012012 	0.25 	0.728 	58.297969 	-9.9040216 	-11.232369
-0.4024024 	0.25 	0.728 	58.315538 	-9.9099452 	-11.225236
-0.4036036 	0.25 	0.728 	58.332889 	-9.9166207 	-11.217738
-0.4048048 	0.25 	0.728 	58.350194 	-9.9234566 	-11.210163
-0.40600601 	0.25 	0.728 	58.367498 	-9.9302924 	-11.202587
-0.40720721 	0.25 	0.728 	58.385608 	-9.936037 	-11.196768
-0.40840841 	0.25 	0.728 	58.40379 	-9.9416834 	-11.191107
-0.40960961 	0.25 	0.728 	58.421973 	-9.9473297 	-11.185446
-0.41081081 	0.25 	0.728 	58.440155 	-9.952976 	-11.179785
-0.41201201 	0.25 	0.728 	58.458338 	-9.9586224 	-11.174124
-0.41321321 	0.25 	0.728 	58.47652 	-9.9642687 	-11.168464
-0.41441441 	0.25 	0.728 	58.494702 	-9.969915 	-11.162803
-0.41561562 	0.25 	0.728 	58.512885 	-9.9755614 	-11.157142
-0.41681682 	0.25 	0.728 	58.531067 	-9.9812077 	-11.151481
-0.41801802 	0.25 	0.728 	58.54925 	-9.986854 	-11.14582
-0.41921922 	0.25 	0.728 	58.567432 	-9.9925004 	-11.140159
-0.42042042 	0.25 	0.728 	58.585615 	-9.9981467 	-11.134498
-0.42162162 	0.25 	0.728 	58.603797 	-10.003793 	-11.128837
-0.42282282 	0.25 	0.728 	58.62198 	-10.009439 	-11.123177
-0.42402402 	0.25 	0.728 	58.640162 	-10.015086 	-11.117516
-0.42522523 	0.25 	0.728 	58.658345 	-10.020732 	-11.111855
-0.42642643 	0.25 	0.728 	58.676837 	-10.027211 	-11.103997
-0.42762763 	0.25 	0.728 	58.695632 	-10.034499 	-11.094008
-0.42882883 	0.25 	0.728 	58.714426 	-10.041786 	-11.084018
-0.43003003 	0.25 	0.728 	58.73322 	-10.049073 	-11.074029
-0.43123123 	0.25 	0.728 	58.752014 	-10.056361 	-11.06404
-0.43243243 	0.25 	0.728 	58.770808 	-10.063648 	-11.05405
-0.43363363 	0.25 	0.728 	58.789602 	-10.070935 	-11.044061
-0.43483483 	0.25 	0.728 	58.808397 	-10.078223 	-11.034072
-0.43603604 	0.25 	0.728 	58.827191 	-10.08551 	-11.024082
-0.43723724 	0.25 	0.728 	58.845985 	-10.092797 	-11.014093
-0.43843844 	0.25 	0.728 	58.864779 	-10.100085 	-11.004103
-0.43963964 	0.25 	0.728 	58.883573 	-10.107372 	-10.994114
-0.44084084 	0.25 	0.728 	58.902367 	-10.11466 	-10.984125
-0.44204204 	0.25 	0.728 	58.921162 	-10.121947 	-10.974135
-0.44324324 	0.25 	0.728 	58.939956 	-10.129234 	-10.964146
-0.44444444 	0.25 	0.728 	58.95875 	-10.136522 	-10.954157
-0.44564565 	0.25 	0.728 	58.977728 	-10.142903 	-10.944719
-0.44684685 	0.25 	0.728 	58.997155 	-10.147073 	-10.936628
-0.44804805 	0.25 	0.728 	59.016583 	-10.151243 	-10.928537
-0.44924925 	0.25 	0.728 	59.03601 	-10.155413 	-10.920446
-0.45045045 	0.25 	0.728 	59.055438 	-10.159583 	-10.912355
-0.45165165 	0.25 	0.728 	59.074865 	-10.163753 	-10.904265
-0.45285285 	0.25 	0.728 	59.094292 	-10.167923 	-10.896174
-0.45405405 	0.25 	0.728 	59.11372 	-10.172092 	-10.888083
-0.45525526 	0.25 	0.728 	59.133147 	-10.176262 	-10.879992
-0.45645646 	0.25 	0.728 	59.152574 	-10.180432 	-10.871901
-0.45765766 	0.25 	0.728 	59.172002 	-10.184602 	-10.86381
-0.45885886 	0.25 	0.728 	59.191429 	-10.188772 	-10.85572
-0.46006006 	0.25 	0.728 	59.210857 	-10.192942 	-10.847629
-0.46126126 	0.25 	0.728 	59.230284 	-10.197112 	-10.839538
-0.46246246 	0.25 	0.728 	59.249711 	-10.201282 	-10.831447
-0.46366366 	0.25 	0.728 	59.269099 	-10.205507 	-10.823253
-0.46486486 	0.25 	0.728 	59.287999 	-10.210407 	-10.813807
-0.46606607 	0.25 	0.728 	59.3069 	-10.215306 	-10.804361
-0.46726727 	0.25 	0.728 	59.325801 	-10.220205 	-10.794914
-0.46846847 	0.25 	0.728 	59.345351 	-10.224049 	-10.787757
-0.46966967 	0.25 	0.728 	59.365001 	-10.227729 	-10.780952
-0.47087087 	0.25 	0.728 	59.38465 	-10.23141 	-10.774147
-0.47207207 	0.25 	0.728 	59.4043 	-10.235091 	-10.767342
-0.47327327 	0.25 	0.728 	59.42395 	-10.238772 	-10.760537
-0.47447447 	0.25 	0.728 	59.4436 	-10.242452 	-10.753732
-0.47567568 	0.25 	0.728 	59.46325 	-10.246133 	-10.746927
-0.47687688 	0.25 	0.728 	59.482899 	-10.249814 	-10.740123
-0.47807808 	0.25 	0.728 	59.502549 	-10.253494 	-10.733318
-0.47927928 	0.25 	0.728 	59.522199 	-10.257175 	-10.726513
-0.48048048 	0.25 	0.728 	59.541849 	-10.260856 	-10.719708
-0.48168168 	0.25 	0.728 	59.561499 	-10.264537 	-10.712903
-0.48288288 	0.25 	0.728 	59.581148 	-10.268217 	-10.706098
-0.48408408 	0.25 	0.728 	59.600798 	-10.271898 	-10.699293
-0.48528529 	0.25 	0.728 	59.620448 	-10.275579 	-10.692488
-0.48648649 	0.25 	0.728 	59.640098 	-10.27926 	-10.685683
-0.48768769 	0.25 	0.728 	59.660499 	-10.283177 	-10.67651
-0.48888889 	0.25 	0.728 	59.681147 	-10.287172 	-10.666563
-0.49009009 	0.25 	0.728 	59.701794 	-10.291167 	-10.656616
-0.49129129 	0.25 	0.728 	59.722441 	-10.295162 	-10.646669
-0.49249249 	0.25 	0.728 	59.743089 	-10.299158 	-10.636722
-0.49369369 	0.25 	0.728 	59.763736 	-10.303153 	-10.626775
-0.49489489 	0.25 	0.728 	59.784383 	-10.307148 	-10.616828
-0.4960961 	0.25 	0.728 	59.805031 	-10.311143 	-10.606881
-0.4972973 	0.25 	0.728 	59.825678 	-10.315138 	-10.596934
-0.4984985 	0.25 	0.728 	59.846326 	-10.319133 	-10.586987
-0.4996997 	0.25 	0.728 	59.866973 	-10.323128 	-10.57704
-0.5009009 	0.25 	0.728 	59.88762 	-10.327123 	-10.567093
-0.5021021 	0.25 	0.728 	59.908268 	-10.331118 	-10.557146
-0.5033033 	0.25 	0.728 	59.928915 	-10.335113 	-10.547199
-0.5045045 	0.25 	0.728 	59.949562 	-10.339108 	-10.537252
-0.50570571 	0.25 	0.728 	59.97021 	-10.343104 	-10.527305
-0.50690691 	0.25 	0.728 	59.990822 	-10.346574 	-10.517135
-0.50810811 	0.25 	0.728 	60.011554 	-10.349759 	-10.507157
-0.50930931 	0.25 	0.728 	60.033087 	-10.351804 	-10.498659
-0.51051051 	0.25 	0.728 	60.054619 	-10.353849 	-10.49016
-0.51171171 	0.25 	0.728 	60.076152 	-10.355894 	-10.481662
-0.51291291 	0.25 	0.728 	60.097685 	-10.357939 	-10.473164
-0.51411411 	0.25 	0.728 	60.119217 	-10.359984 	-10.464665
-0.51531532 	0.25 	0.728 	60.14075 	-10.362028 	-10.456167
-0.51651652 	0.25 	0.728 	60.162283 	-10.364073 	-10.447669
-0.51771772 	0.25 	0.728 	60.18306 	-10.367215 	-10.439319
-0.51891892 	0.25 	0.728 	60.20258 	-10.372185 	-10.431216
-0.52012012 	0.25 	0.728 	60.2221 	-10.377154 	-10.423114
-0.52132132 	0.25 	0.728 	60.24162 	-10.382123 	-10.415011
-0.52252252 	0.25 	0.728 	60.26114 	-10.387093 	-10.406908
-0.52372372 	0.25 	0.728 	60.28066 	-10.392062 	-10.398806
-0.52492492 	0.25 	0.728 	60.30018 	-10.397031 	-10.390703
-0.52612613 	0.25 	0.728 	60.3197 	-10.402001 	-10.3826
-0.52732733 	0.25 	0.728 	60.339164 	-10.406425 	-10.373767
-0.52852853 	0.25 	0.728 	60.358587 	-10.410431 	-10.364374
-0.52972973 	0.25 	0.728 	60.384096 	-10.413086 	-10.354394
-0.53093093 	0.25 	0.728 	60.411153 	-10.415397 	-10.344264
-0.53213213 	0.25 	0.728 	60.438209 	-10.417709 	-10.334134
-0.53333333 	0.25 	0.728 	60.465265 	-10.420021 	-10.324004
-0.53453453 	0.25 	0.728 	60.492321 	-10.422333 	-10.313874
-0.53573574 	0.25 	0.728 	60.519377 	-10.424644 	-10.303744
-0.53693694 	0.25 	0.728 	60.546433 	-10.426956 	-10.293615
-0.53813814 	0.25 	0.728 	60.573489 	-10.429268 	-10.283485
-0.53933934 	0.25 	0.728 	60.600545 	-10.43158 	-10.273355
-0.54054054 	0.25 	0.728 	60.627601 	-10.433891 	-10.263225
-0.54174174 	0.25 	0.728 	60.654657 	-10.436203 	-10.253095
-0.54294294 	0.25 	0.728 	60.681713 	-10.438515 	-10.242965
-0.54414414 	0.25 	0.728 	60.708769 	-10.440827 	-10.232835
-0.54534535 	0.25 	0.728 	60.735825 	-10.443138 	-10.222706
-0.54654655 	0.25 	0.728 	60.762881 	-10.44545 	-10.212576
-0.54774775 	0.25 	0.728 	60.789912 	-10.447757 	-10.202449
-0.54894895 	0.25 	0.728 	60.807363 	-10.44803 	-10.193442
-0.55015015 	0.25 	0.728 	60.824815 	-10.448303 	-10.184436
-0.55135135 	0.25 	0.728 	60.842266 	-10.448576 	-10.17543
-0.55255255 	0.25 	0.728 	60.859718 	-10.448849 	-10.166424
-0.55375375 	0.25 	0.728 	60.877169 	-10.449122 	-10.157417
-0.55495495 	0.25 	0.728 	60.894621 	-10.449395 	-10.148411
-0.55615616 	0.25 	0.728 	60.912072 	-10.449669 	-10.139405
-0.55735736 	0.25 	0.728 	60.929524 	-10.449942 	-10.130398
-0.55855856 	0.25 	0.728 	60.946975 	-10.450215 	-10.121392
-0.55975976 	0.25 	0.728 	60.964928 	-10.451843 	-10.112915
-0.56096096 	0.25 	0.728 	60.983847 	-10.456077 	-10.105455
-0.56216216 	0.25 	0.728 	61.002766 	-10.46031 	-10.097994
-0.56336336 	0.25 	0.728 	61.021684 	-10.464544 	-10.090534
-0.56456456 	0.25 	0.728 	61.040603 	-10.468778 	-10.083074
-0.56576577 	0.25 	0.728 	61.059521 	-10.473012 	-10.075614
-0.56696697 	0.25 	0.728 	61.079961 	-10.47665 	-10.067677
-0.56816817 	0.25 	0.728 	61.102914 	-10.480365 	-10.059236
-0.56936937 	0.25 	0.728 	61.125867 	-10.48408 	-10.050795
-0.57057057 	0.25 	0.728 	61.148819 	-10.487795 	-10.042354
-0.57177177 	0.25 	0.728 	61.171772 	-10.49151 	-10.033913
-0.57297297 	0.25 	0.728 	61.194724 	-10.495225 	-10.025473
-0.57417417 	0.25 	0.728 	61.217677 	-10.49894 	-10.017032
-0.57537538 	0.25 	0.728 	61.24063 	-10.502655 	-10.008591
-0.57657658 	0.25 	0.728 	61.263582 	-10.50637 	-10.00015
-0.57777778 	0.25 	0.728 	61.286535 	-10.510086 	-9.9917091
-0.57897898 	0.25 	0.728 	61.310553 	-10.514761 	-9.9815408
-0.58018018 	0.25 	0.728 	61.33521 	-10.520011 	-9.9703374
-0.58138138 	0.25 	0.728 	61.359866 	-10.525261 	-9.959134
-0.58258258 	0.25 	0.728 	61.384523 	-10.530511 	-9.9479306
-0.58378378 	0.25 	0.728 	61.409179 	-10.535761 	-9.9367272
-0.58498498 	0.25 	0.728 	61.433836 	-10.541012 	-9.9255237
-0.58618619 	0.25 	0.728 	61.458492 	-10.546262 	-9.9143203
-0.58738739 	0.25 	0.728 	61.483149 	-10.551512 	-9.9031169
-0.58858859 	0.25 	0.728 	61.507805 	-10.556762 	-9.8919135
-0.58978979 	0.25 	0.728 	61.532462 	-10.562013 	-9.8807101
-0.59099099 	0.25 	0.728 	61.55582 	-10.562802 	-9.8715695
-0.59219219 	0.25 	0.728 	61.579527 	-10.563442 	-9.8624882
-0.59339339 	0.25 	0.728 	61.603235 	-10.564083 	-9.8534069
-0.59459459 	0.25 	0.728 	61.626942 	-10.564724 	-9.8443256
-0.5957958 	0.25 	0.728 	61.650649 	-10.565365 	-9.8352444
-0.596997 	0.25 	0.728 	61.674356 	-10.566005 	-9.8261631
-0.5981982 	0.25 	0.728 	61.695479 	-10.562814 	-9.8184747
-0.5993994 	0.25 	0.728 	61.716337 	-10.559228 	-9.8109293
-0.6006006 	0.25 	0.728 	61.737194 	-10.555643 	-9.8033839
-0.6018018 	0.25 	0.728 	61.758052 	-10.552058 	-9.7958385
-0.603003 	0.25 	0.728 	61.77891 	-10.548473 	-9.7882931
-0.6042042 	0.25 	0.728 	61.799767 	-10.544887 	-9.7807478
-0.60540541 	0.25 	0.728 	61.820625 	-10.541302 	-9.7732024
-0.60660661 	0.25 	0.728 	61.841483 	-10.537717 	-9.765657
-0.60780781 	0.25 	0.728 	61.862341 	-10.534132 	-9.7581116
-0.60900901 	0.25 	0.728 	61.884341 	-10.530853 	-9.7499941
-0.61021021 	0.25 	0.728 	61.909872 	-10.528519 	-9.7401091
-0.61141141 	0.25 	0.728 	61.935404 	-10.526186 	-9.7302241
-0.61261261 	0.25 	0.728 	61.960935 	-10.523852 	-9.7203392
-0.61381381 	0.25 	0.728 	61.986466 	-10.521519 	-9.7104542
-0.61501502 	0.25 	0.728 	62.011998 	-10.519186 	-9.7005692
-0.61621622 	0.25 	0.728 	62.037529 	-10.516852 	-9.6906842
-0.61741742 	0.25 	0.728 	62.06306 	-10.514519 	-9.6807993
-0.61861862 	0.25 	0.728 	62.088591 	-10.512185 	-9.6709143
-0.61981982 	0.25 	0.728 	62.114123 	-10.509852 	-9.6610293
-0.62102102 	0.25 	0.728 	62.139352 	-10.507142 	-9.6514082
-0.62222222 	0.25 	0.728 	62.164361 	-10.504158 	-9.6419784
-0.62342342 	0.25 	0.728 	62.189371 	-10.501174 	-9.6325486
-0.62462462 	0.25 	0.728 	62.21438 	-10.498191 	-9.6231188
-0.62582583 	0.25 	0.728 	62.23939 	-10.495207 	-9.613689
-0.62702703 	0.25 	0.728 	62.2644 	-10.492223 	-9.6042593
-0.62822823 	0.25 	0.728 	62.286309 	-10.490413 	-9.5949117
-0.62942943 	0.25 	0.728 	62.307868 	-10.488507 	-9.5854906
-0.63063063 	0.25 	0.728 	62.329426 	-10.4866 	-9.5760695
-0.63183183 	0.25 	0.728 	62.350985 	-10.484694 	-9.5666484
-0.63303303 	0.25 	0.728 	62.372544 	-10.482787 	-9.5572273
-0.63423423 	0.25 	0.728 	62.394102 	-10.480881 	-9.5478062
-0.63543544 	0.25 	0.728 	62.415661 	-10.478974 	-9.5383851
-0.63663664 	0.25 	0.728 	62.43722 	-10.477067 	-9.5289641
-0.63783784 	0.25 	0.728 	62.458778 	-10.475161 	-9.519543
-0.63903904 	0.25 	0.728 	62.480337 	-10.473254 	-9.5101219
-0.64024024 	0.25 	0.728 	62.508306 	-10.47361 	-9.4999543
-0.64144144 	0.25 	0.728 	62.53732 	-10.474335 	-9.4896652
-0.64264264 	0.25 	0.728 	62.566334 	-10.47506 	-9.479376
-0.64384384 	0.25 	0.728 	62.595348 	-10.475785 	-9.4690868
-0.64504505 	0.25 	0.728 	62.624361 	-10.47651 	-9.4587976
-0.64624625 	0.25 	0.728 	62.653375 	-10.477235 	-9.4485084
-0.64744745 	0.25 	0.728 	62.682389 	-10.47796 	-9.4382192
-0.64864865 	0.25 	0.728 	62.711403 	-10.478684 	-9.4279301
-0.64984985 	0.25 	0.728 	62.740417 	-10.479409 	-9.4176409
-0.65105105 	0.25 	0.728 	62.767885 	-10.47967 	-9.4074072
-0.65225225 	0.25 	0.728 	62.792128 	-10.478108 	-9.3973823
-0.65345345 	0.25 	0.728 	62.817951 	-10.476588 	-9.3873481
-0.65465465 	0.25 	0.728 	62.843775 	-10.475068 	-9.3773138
-0.65585586 	0.25 	0.728 	62.869598 	-10.473548 	-9.3672795
-0.65705706 	0.25 	0.728 	62.895421 	-10.472027 	-9.3572453
-0.65825826 	0.25 	0.728 	62.920684 	-10.470198 	-9.3471216
-0.65945946 	0.25 	0.728 	62.942505 	-10.466471 	-9.3364483
-0.66066066 	0.25 	0.728 	62.964325 	-10.462744 	-9.3257751
-0.66186186 	0.25 	0.728 	62.986146 	-10.459017 	-9.3151019
-0.66306306 	0.25 	0.728 	63.007966 	-10.45529 	-9.3044287
-0.66426426 	0.25 	0.728 	63.029786 	-10.451563 	-9.2937555
-0.66546547 	0.25 	0.728 	63.051607 	-10.447835 	-9.2830823
-0.66666667 	0.25 	0.728 	63.073427 	-10.444108 	-9.2724091
-0.66786787 	0.25 	0.728 	63.095248 	-10.440381 	-9.2617358
-0.66906907 	0.25 	0.728 	63.117068 	-10.436654 	-9.2510626
-0.67027027 	0.25 	0.728 	63.141842 	-10.434124 	-9.240863
-0.67147147 	0.25 	0.728 	63.169856 	-10.432907 	-9.2311832
-0.67267267 	0.25 	0.728 	63.19787 	-10.431691 	-9.2215034
-0.67387387 	0.25 	0.728 	63.225884 	-10.430474 	-9.2118236
-0.67507508 	0.25 	0.728 	63.253898 	-10.429258 	-9.2021438
-0.67627628 	0.25 	0.728 	63.281912 	-10.428041 	-9.192464
-0.67747748 	0.25 	0.728 	63.309926 	-10.426825 	-9.1827842
-0.67867868 	0.25 	0.728 	63.33794 	-10.425608 	-9.1731043
-0.67987988 	0.25 	0.728 	63.365954 	-10.424391 	-9.1634245
-0.68108108 	0.25 	0.728 	63.393969 	-10.423175 	-9.1537447
-0.68228228 	0.25 	0.728 	63.419864 	-10.421002 	-9.1430895
-0.68348348 	0.25 	0.728 	63.445278 	-10.418612 	-9.1322122
-0.68468468 	0.25 	0.728 	63.470691 	-10.416221 	-9.121335
-0.68588589 	0.25 	0.728 	63.496105 	-10.413831 	-9.1104578
-0.68708709 	0.25 	0.728 	63.521519 	-10.41144 	-9.0995806
-0.68828829 	0.25 	0.728 	63.544856 	-10.408974 	-9.0887918
-0.68948949 	0.25 	0.728 	63.562228 	-10.405196 	-9.0774072
-0.69069069 	0.25 	0.728 	63.578521 	-10.401029 	-9.065797
-0.69189189 	0.25 	0.728 	63.594813 	-10.396862 	-9.0541869
-0.69309309 	0.25 	0.728 	63.611106 	-10.392695 	-9.0425768
-0.69429429 	0.25 	0.728 	63.627398 	-10.388528 	-9.0309667
-0.6954955 	0.25 	0.728 	63.643691 	-10.38436 	-9.0193566
-0.6966967 	0.25 	0.728 	63.659983 	-10.380193 	-9.0077465
-0.6978979 	0.25 	0.728 	63.676276 	-10.376026 	-8.9961364
-0.6990991 	0.25 	0.728 	63.692568 	-10.371859 	-8.9845263
-0.7003003 	0.25 	0.728 	63.710096 	-10.368096 	-8.9730114
-0.7015015 	0.25 	0.728 	63.739819 	-10.368319 	-8.9624369
-0.7027027 	0.25 	0.728 	63.769541 	-10.368542 	-8.9518624
-0.7039039 	0.25 	0.728 	63.799263 	-10.368766 	-8.9412879
-0.70510511 	0.25 	0.728 	63.828985 	-10.368989 	-8.9307134
-0.70630631 	0.25 	0.728 	63.858707 	-10.369212 	-8.9201389
-0.70750751 	0.25 	0.728 	63.888429 	-10.369436 	-8.9095644
-0.70870871 	0.25 	0.728 	63.918151 	-10.369659 	-8.8989898
-0.70990991 	0.25 	0.728 	63.947873 	-10.369882 	-8.8884153
-0.71111111 	0.25 	0.728 	63.977596 	-10.370106 	-8.8778408
-0.71231231 	0.25 	0.728 	64.001383 	-10.368691 	-8.8670197
-0.71351351 	0.25 	0.728 	64.02245 	-10.364883 	-8.8555354
-0.71471471 	0.25 	0.728 	64.04658 	-10.360989 	-8.8438663
-0.71591592 	0.25 	0.728 	64.07071 	-10.357095 	-8.8321971
-0.71711712 	0.25 	0.728 	64.094839 	-10.353201 	-8.820528
-0.71831832 	0.25 	0.728 	64.118969 	-10.349307 	-8.8088588
-0.71951952 	0.25 	0.728 	64.138576 	-10.34373 	-8.7969992
-0.72072072 	0.25 	0.728 	64.150231 	-10.335195 	-8.7848047
-0.72192192 	0.25 	0.728 	64.161886 	-10.32666 	-8.7726102
-0.72312312 	0.25 	0.728 	64.173541 	-10.318125 	-8.7604157
-0.72432432 	0.25 	0.728 	64.185196 	-10.30959 	-8.7482212
-0.72552553 	0.25 	0.728 	64.196851 	-10.301055 	-8.7360267
-0.72672673 	0.25 	0.728 	64.208506 	-10.29252 	-8.7238322
-0.72792793 	0.25 	0.728 	64.220161 	-10.283985 	-8.7116377
-0.72912913 	0.25 	0.728 	64.231816 	-10.27545 	-8.6994432
-0.73033033 	0.25 	0.728 	64.243471 	-10.266915 	-8.6872487
-0.73153153 	0.25 	0.728 	64.268375 	-10.259804 	-8.6763537
-0.73273273 	0.25 	0.728 	64.299132 	-10.253322 	-8.6660327
-0.73393393 	0.25 	0.728 	64.329889 	-10.246841 	-8.6557118
-0.73513514 	0.25 	0.728 	64.360645 	-10.240359 	-8.6453908
-0.73633634 	0.25 	0.728 	64.391402 	-10.233878 	-8.6350699
-0.73753754 	0.25 	0.728 	64.422159 	-10.227396 	-8.6247489
-0.73873874 	0.25 	0.728 	64.452915 	-10.220915 	-8.614428
-0.73993994 	0.25 	0.728 	64.483672 	-10.214433 	-8.604107
-0.74114114 	0.25 	0.728 	64.514429 	-10.207952 	-8.5937861
-0.74234234 	0.25 	0.728 	64.545029 	-10.201488 	-8.5834203
-0.74354354 	0.25 	0.728 	64.570284 	-10.195603 	-8.5715254
-0.74474474 	0.25 	0.728 	64.595539 	-10.189719 	-8.5596305
-0.74594595 	0.25 	0.728 	64.620794 	-10.183835 	-8.5477356
-0.74714715 	0.25 	0.728 	64.646048 	-10.177951 	-8.5358407
-0.74834835 	0.25 	0.728 	64.671303 	-10.172067 	-8.5239458
-0.74954955 	0.25 	0.728 	64.69727 	-10.163312 	-8.511704
-0.75075075 	0.25 	0.728 	64.719502 	-10.153919 	-8.4978906
-0.75195195 	0.25 	0.728 	64.741621 	-10.144515 	-8.4840315
-0.75315315 	0.25 	0.728 	64.76374 	-10.135112 	-8.4701723
-0.75435435 	0.25 	0.728 	64.785859 	-10.125708 	-8.4563132
-0.75555556 	0.25 	0.728 	64.808173 	-10.115791 	-8.441932
-0.75675676 	0.25 	0.728 	64.830531 	-10.105761 	-8.4274352
-0.75795796 	0.25 	0.728 	64.852888 	-10.09573 	-8.4129384
-0.75915916 	0.25 	0.728 	64.875246 	-10.085699 	-8.3984415
-0.76036036 	0.25 	0.728 	64.897604 	-10.075669 	-8.3839447
-0.76156156 	0.25 	0.728 	64.923951 	-10.067544 	-8.3725377
-0.76276276 	0.25 	0.728 	64.959468 	-10.063798 	-8.368231
-0.76396396 	0.25 	0.728 	64.989506 	-10.060116 	-8.3620351
-0.76516517 	0.25 	0.728 	65.003321 	-10.056625 	-8.3502433
-0.76636637 	0.25 	0.728 	65.017135 	-10.053135 	-8.3384515
-0.76756757 	0.25 	0.728 	65.030949 	-10.049644 	-8.3266597
-0.76876877 	0.25 	0.728 	65.044763 	-10.046153 	-8.3148679
-0.76996997 	0.25 	0.728 	65.058577 	-10.042662 	-8.3030762
-0.77117117 	0.25 	0.728 	65.072001 	-10.038659 	-8.2913587
-0.77237237 	0.25 	0.728 	65.084925 	-10.034004 	-8.2797361
-0.77357357 	0.25 	0.728 	65.097849 	-10.029348 	-8.2681136
-0.77477477 	0.25 	0.728 	65.106442 	-10.023601 	-8.2504388
-0.77597598 	0.25 	0.728 	65.112409 	-10.017192 	-8.2290966
-0.77717718 	0.25 	0.728 	65.130885 	-10.017688 	-8.2142415
-0.77837838 	0.25 	0.728 	65.157571 	-10.022716 	-8.2036435
-0.77957958 	0.25 	0.728 	65.1766 	-10.017966 	-8.1905384
-0.78078078 	0.25 	0.728 	65.190435 	-10.006581 	-8.1757325
-0.78198198 	0.25 	0.728 	65.20427 	-9.9951959 	-8.1609265
-0.78318318 	0.25 	0.728 	65.219013 	-9.9848231 	-8.145808
-0.78438438 	0.25 	0.728 	65.234031 	-9.9747577 	-8.1305947
-0.78558559 	0.25 	0.728 	65.24905 	-9.9646922 	-8.1153813
-0.78678679 	0.25 	0.728 	65.264068 	-9.9546268 	-8.1001679
-0.78798799 	0.25 	0.728 	65.279087 	-9.9445613 	-8.0849545
-0.78918919 	0.25 	0.728 	65.294105 	-9.9344958 	-8.0697411
-0.79039039 	0.25 	0.728 	65.30161 	-9.9093314 	-8.0525452
-0.79159159 	0.25 	0.728 	65.308193 	-9.8823151 	-8.0351061
-0.79279279 	0.25 	0.728 	65.337882 	-9.8626111 	-8.0235921
-0.79399399 	0.25 	0.728 	65.370117 	-9.8437128 	-8.0127311
-0.7951952 	0.25 	0.728 	65.385125 	-9.8300176 	-7.9979082
-0.7963964 	0.25 	0.728 	65.398514 	-9.8168111 	-7.9827131
-0.7975976 	0.25 	0.728 	65.412003 	-9.8036273 	-7.9675077
-0.7987988 	0.25 	0.728 	65.42696 	-9.7907786 	-7.9521486
-0.8 	0.25 	0.728 	65.441917 	-9.77793 	-7.9367895
-0.8012012 	0.25 	0.728 	65.456875 	-9.7650813 	-7.9214303
-0.8024024 	0.25 	0.728 	65.471832 	-9.7522326 	-7.9060712
-0.8036036 	0.25 	0.728 	65.486789 	-9.7393839 	-7.8907121
-0.8048048 	0.25 	0.728 	65.500065 	-9.727785 	-7.8746768
-0.80600601 	0.25 	0.728 	65.506268 	-9.7214418 	-7.8557974
-0.80720721 	0.25 	0.728 	65.517587 	-9.7153622 	-7.8381418
-0.80840841 	0.25 	0.728 	65.549934 	-9.7103666 	-7.8255169
-0.80960961 	0.25 	0.728 	65.578169 	-9.7043931 	-7.8121162
-0.81081081 	0.25 	0.728 	65.589451 	-9.6943886 	-7.7955171
-0.81201201 	0.25 	0.728 	65.600732 	-9.6843842 	-7.7789181
-0.81321321 	0.25 	0.728 	65.6126 	-9.67427 	-7.7623227
-0.81441441 	0.25 	0.728 	65.625521 	-9.6639584 	-7.7457337
-0.81561562 	0.25 	0.728 	65.638442 	-9.6536468 	-7.7291447
-0.81681682 	0.25 	0.728 	65.651363 	-9.6433352 	-7.7125558
-0.81801802 	0.25 	0.728 	65.664284 	-9.6330236 	-7.6959668
-0.81921922 	0.25 	0.728 	65.677205 	-9.622712 	-7.6793778
-0.82042042 	0.25 	0.728 	65.684371 	-9.6098232 	-7.6613313
-0.82162162 	0.25 	0.728 	65.685834 	-9.5943803 	-7.6418403
-0.82282282 	0.25 	0.728 	65.701033 	-9.5801693 	-7.6251812
-0.82402402 	0.25 	0.728 	65.730618 	-9.5672486 	-7.6114885
-0.82522523 	0.25 	0.728 	65.751061 	-9.5539385 	-7.5958457
-0.82642643 	0.25 	0.728 	65.761259 	-9.5401917 	-7.5780177
-0.82762763 	0.25 	0.728 	65.771458 	-9.526445 	-7.5601896
-0.82882883 	0.25 	0.728 	65.781656 	-9.5126983 	-7.5423615
-0.83003003 	0.25 	0.728 	65.791854 	-9.4989516 	-7.5245335
-0.83123123 	0.25 	0.728 	65.802052 	-9.4852049 	-7.5067054
-0.83243243 	0.25 	0.728 	65.811542 	-9.4720501 	-7.4887223
-0.83363363 	0.25 	0.728 	65.820592 	-9.4592624 	-7.4706431
-0.83483483 	0.25 	0.728 	65.829643 	-9.4464748 	-7.4525639
-0.83603604 	0.25 	0.728 	65.830984 	-9.4327399 	-7.4323573
-0.83723724 	0.25 	0.728 	65.830392 	-9.4187676 	-7.4116175
-0.83843844 	0.25 	0.728 	65.85378 	-9.4062641 	-7.394613
-0.83963964 	0.25 	0.728 	65.883969 	-9.3941773 	-7.378668
-0.84084084 	0.25 	0.728 	65.897391 	-9.3797066 	-7.3598594
-0.84204204 	0.25 	0.728 	65.905485 	-9.3644783 	-7.3401406
-0.84324324 	0.25 	0.728 	65.913578 	-9.34925 	-7.3204219
-0.84444444 	0.25 	0.728 	65.921972 	-9.3325734 	-7.3011118
-0.84564565 	0.25 	0.728 	65.930385 	-9.3158055 	-7.2818274
-0.84684685 	0.25 	0.728 	65.938798 	-9.2990376 	-7.2625431
-0.84804805 	0.25 	0.728 	65.947211 	-9.2822698 	-7.2432587
-0.84924925 	0.25 	0.728 	65.955624 	-9.2655019 	-7.2239744
-0.85045045 	0.25 	0.728 	65.962488 	-9.2483263 	-7.2042898
-0.85165165 	0.25 	0.728 	65.954225 	-9.2271706 	-7.1806979
-0.85285285 	0.25 	0.728 	65.949002 	-9.2064996 	-7.1576094
-0.85405405 	0.25 	0.728 	65.983276 	-9.1921272 	-7.1410637
-0.85525526 	0.25 	0.728 	66.016038 	-9.1775859 	-7.1242621
-0.85645646 	0.25 	0.728 	66.022341 	-9.1600911 	-7.1029841
-0.85765766 	0.25 	0.728 	66.028644 	-9.1425964 	-7.0817061
-0.85885886 	0.25 	0.728 	66.034798 	-9.1246345 	-7.0605781
-0.86006006 	0.25 	0.728 	66.040462 	-9.1051356 	-7.0399437
-0.86126126 	0.25 	0.728 	66.046127 	-9.0856367 	-7.0193094
-0.86246246 	0.25 	0.728 	66.051792 	-9.0661378 	-6.998675
-0.86366366 	0.25 	0.728 	66.057457 	-9.0466389 	-6.9780406
-0.86486486 	0.25 	0.728 	66.063122 	-9.0271401 	-6.9574062
-0.86606607 	0.25 	0.728 	66.063177 	-9.0071581 	-6.9354083
-0.86726727 	0.25 	0.728 	66.053593 	-8.9863457 	-6.9110669
-0.86846847 	0.25 	0.728 	66.058109 	-8.9701062 	-6.8885293
-0.86966967 	0.25 	0.728 	66.087297 	-8.961868 	-6.869148
-0.87087087 	0.25 	0.728 	66.108038 	-8.9494404 	-6.8485081
-0.87207207 	0.25 	0.728 	66.114726 	-8.9300427 	-6.8257741
-0.87327327 	0.25 	0.728 	66.121414 	-8.9106451 	-6.8030401
-0.87447447 	0.25 	0.728 	66.127684 	-8.889961 	-6.780963
-0.87567568 	0.25 	0.728 	66.133578 	-8.8681123 	-6.7594804
-0.87687688 	0.25 	0.728 	66.139472 	-8.8462636 	-6.7379978
-0.87807808 	0.25 	0.728 	66.145365 	-8.8244149 	-6.7165152
-0.87927928 	0.25 	0.728 	66.151259 	-8.8025662 	-6.6950326
-0.88048048 	0.25 	0.728 	66.157152 	-8.7807175 	-6.67355
-0.88168168 	0.25 	0.728 	66.156625 	-8.7530395 	-6.6517633
-0.88288288 	0.25 	0.728 	66.151501 	-8.7211878 	-6.6297589
-0.88408408 	0.25 	0.728 	66.160429 	-8.6993957 	-6.6068006
-0.88528529 	0.25 	0.728 	66.176828 	-8.6829528 	-6.5833352
-0.88648649 	0.25 	0.728 	66.185301 	-8.6610306 	-6.5604146
-0.88768769 	0.25 	0.728 	66.1912 	-8.6373285 	-6.5376709
-0.88888889 	0.25 	0.728 	66.197098 	-8.6136264 	-6.5149273
-0.89009009 	0.25 	0.728 	66.204938 	-8.5923496 	-6.4915692
-0.89129129 	0.25 	0.728 	66.208028 	-8.5683516 	-6.4683949
-0.89249249 	0.25 	0.728 	66.19885 	-8.5364739 	-6.446045
-0.89369369 	0.25 	0.728 	66.189672 	-8.5045963 	-6.4236951
-0.89489489 	0.25 	0.728 	66.180446 	-8.4733967 	-6.4010195
-0.8960961 	0.25 	0.728 	66.171091 	-8.4439849 	-6.3774854
-0.8972973 	0.25 	0.728 	66.164639 	-8.4093419 	-6.3548676
-0.8984985 	0.25 	0.728 	66.159222 	-8.3728346 	-6.3325763
-0.8996997 	0.25 	0.728 	66.170954 	-8.3495429 	-6.3087296
-0.9009009 	0.25 	0.728 	66.18192 	-8.3249744 	-6.2852663
-0.9021021 	0.25 	0.728 	66.186042 	-8.2923586 	-6.263693
-0.9033033 	0.25 	0.728 	66.190165 	-8.2597428 	-6.2421197
-0.9045045 	0.25 	0.728 	66.194798 	-8.227354 	-6.2204736
-0.90570571 	0.25 	0.728 	66.202225 	-8.1962078 	-6.198429
-0.90690691 	0.25 	0.728 	66.202252 	-8.1627834 	-6.1767044
-0.90810811 	0.25 	0.728 	66.197235 	-8.127806 	-6.1551979
-0.90930931 	0.25 	0.728 	66.192217 	-8.0928285 	-6.1336915
-0.91051051 	0.25 	0.728 	66.186188 	-8.0584029 	-6.1117963
-0.91171171 	0.25 	0.728 	66.179129 	-8.0245396 	-6.0895051
-0.91291291 	0.25 	0.728 	66.175979 	-7.9851113 	-6.0677178
-0.91411411 	0.25 	0.728 	66.174868 	-7.9467649 	-6.0454229
-0.91531532 	0.25 	0.728 	66.178783 	-7.9139002 	-6.0213327
-0.91651652 	0.25 	0.728 	66.18531 	-7.8791373 	-5.9987176
-0.91771772 	0.25 	0.728 	66.193591 	-7.8431001 	-5.9770928
-0.91891892 	0.25 	0.728 	66.201872 	-7.807063 	-5.955468
-0.92012012 	0.25 	0.728 	66.210768 	-7.7711589 	-5.9336163
-0.92132132 	0.25 	0.728 	66.220342 	-7.7354015 	-5.9115146
-0.92252252 	0.25 	0.728 	66.213889 	-7.6977291 	-5.890934
-0.92372372 	0.25 	0.728 	66.205234 	-7.6597936 	-5.8705623
-0.92492492 	0.25 	0.728 	66.196579 	-7.6218581 	-5.8501907
-0.92612613 	0.25 	0.728 	66.186139 	-7.5838562 	-5.8288175
-0.92732733 	0.25 	0.728 	66.175874 	-7.5446189 	-5.8063555
-0.92852853 	0.25 	0.728 	66.169224 	-7.4993197 	-5.7799969
-0.92972973 	0.25 	0.728 	66.147781 	-7.4530518 	-5.7594635
-0.93093093 	0.25 	0.728 	66.112637 	-7.4058867 	-5.744325
-0.93213213 	0.25 	0.728 	66.116492 	-7.3648867 	-5.7227848
-0.93333333 	0.25 	0.728 	66.126564 	-7.3244259 	-5.700898
-0.93453453 	0.25 	0.728 	66.136635 	-7.2839651 	-5.6790113
-0.93573574 	0.25 	0.728 	66.171406 	-7.256347 	-5.6542248
-0.93693694 	0.25 	0.728 	66.205381 	-7.2293577 	-5.629402
-0.93813814 	0.25 	0.728 	66.193586 	-7.183895 	-5.6092901
-0.93933934 	0.25 	0.728 	66.206243 	-7.1439342 	-5.58789
-0.94054054 	0.25 	0.728 	66.238261 	-7.1077205 	-5.5658933
-0.94174174 	0.25 	0.728 	66.27169 	-7.0716175 	-5.5439661
-0.94294294 	0.25 	0.728 	66.312402 	-7.0365123 	-5.5212632
-0.94414414 	0.25 	0.728 	66.369657 	-7.0036739 	-5.4967978
-0.94534535 	0.25 	0.728 	66.364568 	-6.9554833 	-5.4765941
-0.94654655 	0.25 	0.728 	66.364777 	-6.908974 	-5.4562674
-0.94774775 	0.25 	0.728 	66.406257 	-6.8728925 	-5.4338941
-0.94894895 	0.25 	0.728 	66.45171 	-6.8370523 	-5.4117405
-0.95015015 	0.25 	0.728 	66.497163 	-6.801212 	-5.389587
-0.95135135 	0.25 	0.728 	66.562416 	-6.7764691 	-5.3651113
-0.95255255 	0.25 	0.728 	66.599454 	-6.7546782 	-5.3420623
-0.95375375 	0.25 	0.728 	66.600573 	-6.7347039 	-5.3210091
-0.95495495 	0.25 	0.728 	66.655751 	-6.6970603 	-5.2977672
-0.95615616 	0.25 	0.728 	66.7173 	-6.6596641 	-5.275043
-0.95735736 	0.25 	0.728 	66.778849 	-6.6222679 	-5.2523187
-0.95855856 	0.25 	0.728 	66.857343 	-6.5767241 	-5.2283696
-0.95975976 	0.25 	0.728 	66.946206 	-6.5239812 	-5.2033821
-0.96096096 	0.25 	0.728 	66.946165 	-6.4926228 	-5.1820322
-0.96216216 	0.25 	0.728 	66.999026 	-6.4516875 	-5.1587802
-0.96336336 	0.25 	0.728 	67.072638 	-6.4071859 	-5.1352542
-0.96456456 	0.25 	0.728 	67.148242 	-6.3624147 	-5.1118831
-0.96576577 	0.25 	0.728 	67.224156 	-6.3175163 	-5.0884986
-0.96696697 	0.25 	0.728 	67.337832 	-6.2571076 	-5.0634764
-0.96816817 	0.25 	0.728 	67.379884 	-6.2193568 	-5.0397576
-0.96936937 	0.25 	0.728 	67.421829 	-6.1845522 	-5.0160986
-0.97057057 	0.25 	0.728 	67.50052 	-6.1424959 	-4.9920629
-0.97177177 	0.25 	0.728 	67.58323 	-6.1001037 	-4.9684548
-0.97297297 	0.25 	0.728 	67.665941 	-6.0577114 	-4.9448468
-0.97417417 	0.25 	0.728 	67.767138 	-5.9999087 	-4.9200522
-0.97537538 	0.25 	0.728 	67.850234 	-5.9403039 	-4.8938362
-0.97657658 	0.25 	0.728 	67.895082 	-5.8824718 	-4.8654703
-0.97777778 	0.25 	0.728 	67.974261 	-5.838109 	-4.8401168
-0.97897898 	0.25 	0.728 	68.063109 	-5.7966062 	-4.8160669
-0.98018018 	0.25 	0.728 	68.152181 	-5.7551304 	-4.7920667
-0.98138138 	0.25 	0.728 	68.249327 	-5.7169048 	-4.7691214
-0.98258258 	0.25 	0.728 	68.356408 	-5.68268 	-4.7474745
-0.98378378 	0.25 	0.728 	68.427383 	-5.6142321 	-4.7177927
-0.98498498 	0.25 	0.728 	68.515982 	-5.5638792 	-4.6914445
-0.98618619 	0.25 	0.728 	68.613259 	-5.521331 	-4.6669026
-0.98738739 	0.25 	0.728 	68.711458 	-5.4789847 	-4.6426472
-0.98858859 	0.25 	0.728 	68.809658 	-5.4366385 	-4.6183918
-0.98978979 	0.25 	0.728 	68.916428 	-5.4024544 	-4.5958021
-0.99099099 	0.25 	0.728 	69.008753 	-5.3371132 	-4.5673651
-0.99219219 	0.25 	0.728 	69.113953 	-5.2940072 	-4.5428951
-0.99339339 	0.25 	0.728 	69.220024 	-5.2520526 	-4.5188421
-0.99459459 	0.25 	0.728 	69.326666 	-5.2100496 	-4.4954099
-0.9957958 	0.25 	0.728 	69.433309 	-5.1680465 	-4.4719777
-0.996997 	0.25 	0.728 	69.539951 	-5.1260435 	-4.4485455
-0.9981982 	0.25 	0.728 	69.643555 	-5.0730486 	-4.4229912
-0.9993994 	0.25 	0.728 	69.760826 	-5.0053157 	-4.3974114
-1.0006006 	0.25 	0.728 	69.878922 	-4.9391355 	-4.3722285
-1.0018018 	0.25 	0.728 	69.993927 	-4.8735287 	-4.3464013
-1.003003 	0.25 	0.728 	70.103551 	-4.8089196 	-4.3194529
-1.0042042 	0.25 	0.728 	70.213175 	-4.7443105 	-4.2925044
-1.0054054 	0.25 	0.728 	70.335361 	-4.7378846 	-4.2783401
-1.0066066 	0.25 	0.728 	70.458731 	-4.7369447 	-4.2653811
-1.0078078 	0.25 	0.728 	70.563097 	-4.682183 	-4.2288465
-1.009009 	0.25 	0.728 	70.66955 	-4.6221886 	-4.1905444
-1.0102102 	0.25 	0.728 	70.844123 	-4.5567004 	-4.1591779
-1.0114114 	0.25 	0.728 	71.017286 	-4.4919764 	-4.1285096
-1.0126126 	0.25 	0.728 	71.175658 	-4.431791 	-4.1062205
-1.0138138 	0.25 	0.728 	71.312305 	-4.374411 	-4.0819876
-1.015015 	0.25 	0.728 	71.385892 	-4.3234966 	-4.0445219
-1.0162162 	0.25 	0.728 	71.519174 	-4.2635188 	-4.0160603
-1.0174174 	0.25 	0.728 	71.65905 	-4.2025397 	-3.9885934
-1.0186186 	0.25 	0.728 	71.798117 	-4.1411714 	-3.9608567
-1.0198198 	0.25 	0.728 	71.936251 	-4.0793542 	-3.9328086
-1.021021 	0.25 	0.728 	72.076688 	-4.0153658 	-3.9061493
-1.0222222 	0.25 	0.728 	72.200323 	-3.9546311 	-3.8783302
-1.0234234 	0.25 	0.728 	72.341388 	-3.8890208 	-3.8507965
-1.0246246 	0.25 	0.728 	72.500959 	-3.8257169 	-3.8237724
-1.0258258 	0.25 	0.728 	72.665304 	-3.7627925 	-3.7966997
-1.027027 	0.25 	0.728 	72.829638 	-3.6991326 	-3.7690129
-1.0282282 	0.25 	0.728 	72.587855 	-3.6212449 	-3.7517228
-1.0294294 	0.25 	0.728 	72.937203 	-3.5587813 	-3.7166777
-1.0306306 	0.25 	0.728 	73.341717 	-3.4978179 	-3.6804976
-1.0318318 	0.25 	0.728 	73.506098 	-3.4299887 	-3.6522757
-1.033033 	0.25 	0.728 	73.67048 	-3.3621596 	-3.6240538
-1.0342342 	0.25 	0.728 	73.477028 	-3.2800905 	-3.6047258
-1.0354354 	0.25 	0.728 	73.10637 	-3.1914042 	-3.5900953
-1.0366366 	0.25 	0.728 	73.203496 	-3.1186445 	-3.5604589
-1.0378378 	0.25 	0.728 	73.746231 	-3.0610566 	-3.5165279
-1.039039 	0.25 	0.728 	74.153888 	-2.9983541 	-3.4772994
-1.0402402 	0.25 	0.728 	74.261157 	-2.9195437 	-3.444616
-1.0414414 	0.25 	0.728 	73.960895 	-2.8224884 	-3.4236409
-1.0426426 	0.25 	0.728 	73.608418 	-2.7233453 	-3.4043732
-1.0438438 	0.25 	0.728 	73.746434 	-2.6567377 	-3.3700921
-1.045045 	0.25 	0.728 	74.131399 	-2.6063665 	-3.3279308
-1.0462462 	0.25 	0.728 	74.499852 	-2.5537392 	-3.2865525
-1.0474474 	0.25 	0.728 	74.558586 	-2.4587955 	-3.2598621
-1.0486486 	0.25 	0.728 	74.617319 	-2.3638518 	-3.2331717
-1.0498498 	0.25 	0.728 	74.675644 	-2.2675117 	-3.2058962
-1.0510511 	0.25 	0.728 	74.733268 	-2.1687817 	-3.1776195
-1.0522523 	0.25 	0.728 	74.614755 	-2.0441157 	-3.1612097
-1.0534535 	0.25 	0.728 	74.51589 	-1.9111737 	-3.1437613
-1.0546547 	0.25 	0.728 	74.889757 	-1.7914233 	-3.0947037
-1.0558559 	0.25 	0.728 	74.997279 	-1.6737971 	-3.0608896
-1.0570571 	0.25 	0.728 	75.104801 	-1.5561709 	-3.0270755
-1.0582583 	0.25 	0.728 	75.206207 	-1.4398343 	-2.9939132
-1.0594595 	0.25 	0.728 	75.259113 	-1.3235677 	-2.9622645
-1.0606607 	0.25 	0.728 	75.399284 	-1.2109652 	-2.9278127
-1.0618619 	0.25 	0.728 	75.51556 	-1.0961889 	-2.8942355
-1.0630631 	0.25 	0.728 	75.631836 	-0.98141251 	-2.8606582
-1.0642643 	0.25 	0.728 	75.744305 	-0.86668634 	-2.8262758
-1.0654655 	0.25 	0.728 	75.852383 	-0.74942902 	-2.790703
-1.0666667 	0.25 	0.728 	75.873876 	-0.62632848 	-2.7604229
-1.0678679 	0.25 	0.728 	76.11442 	-0.50524547 	-2.7172281
-1.0690691 	0.25 	0.728 	76.250394 	-0.37484522 	-2.6802793
-1.0702703 	0.25 	0.728 	76.386369 	-0.24444496 	-2.6433304
-1.0714715 	0.25 	0.728 	76.522344 	-0.11404471 	-2.6063815
-1.0726727 	0.25 	0.728 	76.656774 	0.018558017 	-2.5677335
-1.0738739 	0.25 	0.728 	76.713146 	0.15571494 	-2.5345679
-1.0750751 	0.25 	0.728 	76.959373 	0.29852596 	-2.4865417
-1.0762763 	0.25 	0.728 	77.122231 	0.45335097 	-2.4465425
-1.0774775 	0.25 	0.728 	77.267039 	0.60907102 	-2.4078989
-1.0786787 	0.25 	0.728 	77.411846 	0.76479108 	-2.3692554
-1.0798799 	0.25 	0.728 	77.556925 	0.92027403 	-2.3285119
-1.0810811 	0.25 	0.728 	77.70216 	1.0756206 	-2.2865606
-1.0822823 	0.25 	0.728 	77.653877 	1.2507532 	-2.2594998
-1.0834835 	0.25 	0.728 	78.038722 	1.4200991 	-2.2058165
-1.0846847 	0.25 	0.728 	78.190787 	1.589907 	-2.170153
-1.0858859 	0.25 	0.728 	78.342851 	1.7597149 	-2.1344896
-1.0870871 	0.25 	0.728 	78.4962 	1.9302174 	-2.0979832
-1.0882883 	0.25 	0.728 	78.650753 	2.1013786 	-2.0606588
-1.0894895 	0.25 	0.728 	78.799107 	2.2752083 	-2.0210706
-1.0906907 	0.25 	0.728 	78.950124 	2.470494 	-1.980759
-1.0918919 	0.25 	0.728 	79.10114 	2.6657797 	-1.9404474
-1.0930931 	0.25 	0.728 	79.252156 	2.8610654 	-1.9001357
-1.0942943 	0.25 	0.728 	79.402148 	3.052263 	-1.8591875
-1.0954955 	0.25 	0.728 	79.429771 	3.2569853 	-1.8195965
-1.0966967 	0.25 	0.728 	79.598349 	3.4404449 	-1.7838761
-1.0978979 	0.25 	0.728 	79.735918 	3.6171691 	-1.7475758
-1.0990991 	0.25 	0.728 	79.854994 	3.7914017 	-1.7109723
-1.1003003 	0.25 	0.728 	79.97407 	3.9656344 	-1.6743689
-1.1015015 	0.25 	0.728 	80.093146 	4.1398671 	-1.6377654
-1.1027027 	0.25 	0.728 	80.215441 	4.3177651 	-1.5990576
-1.1039039 	0.25 	0.728 	80.248382 	4.485379 	-1.5637592
-1.1051051 	0.25 	0.728 	80.277833 	4.6525259 	-1.5286331
-1.1063063 	0.25 	0.728 	80.362079 	4.7720627 	-1.4904292
-1.1075075 	0.25 	0.728 	80.530816 	4.8181886 	-1.4474793
-1.1087087 	0.25 	0.728 	80.682229 	4.8873946 	-1.4049938
-1.1099099 	0.25 	0.728 	80.752456 	5.0906228 	-1.3648635
-1.1111111 	0.25 	0.728 	80.757148 	5.4148035 	-1.3259358
-1.1123123 	0.25 	0.728 	80.734078 	5.7748078 	-1.287485
-1.1135135 	0.25 	0.728 	80.763387 	6.0177399 	-1.2489778
-1.1147147 	0.25 	0.728 	80.843695 	6.149046 	-1.2105147
-1.1159159 	0.25 	0.728 	80.862012 	6.3770083 	-1.1729
-1.1171171 	0.25 	0.728 	80.86501 	6.6288537 	-1.135495
-1.1183183 	0.25 	0.728 	80.868266 	6.8808721 	-1.0980807
-1.1195195 	0.25 	0.728 	80.871686 	7.1330013 	-1.0606606
-1.1207207 	0.25 	0.728 	80.873041 	7.3902533 	-1.0221739
-1.1219219 	0.25 	0.728 	80.882692 	7.6490617 	-0.97598451
-1.1231231 	0.25 	0.728 	80.892343 	7.90787 	-0.92979512
-1.1243243 	0.25 	0.728 	80.901994 	8.1666784 	-0.88360573
-1.1255255 	0.25 	0.728 	80.911432 	8.4256097 	-0.83733359
-1.1267267 	0.25 	0.728 	80.942713 	8.7230465 	-0.80186408
-1.1279279 	0.25 	0.728 	81.000118 	9.0723145 	-0.77989842
-1.1291291 	0.25 	0.728 	80.939052 	9.2837219 	-0.70585474
-1.1303303 	0.25 	0.728 	80.887604 	9.5371963 	-0.63738947
-1.1315315 	0.25 	0.728 	80.858067 	9.8864983 	-0.58163165
-1.1327327 	0.25 	0.728 	80.874054 	10.294119 	-0.54387465
-1.1339339 	0.25 	0.728 	80.955668 	10.786616 	-0.53188234
-1.1351351 	0.25 	0.728 	81.003 	11.225562 	-0.50599665
-1.1363363 	0.25 	0.728 	80.945852 	11.501299 	-0.43776828
-1.1375375 	0.25 	0.728 	80.888704 	11.777035 	-0.36953991
-1.1387387 	0.25 	0.728 	80.85842 	12.09508 	-0.32571777
-1.1399399 	0.25 	0.728 	80.842762 	12.436156 	-0.29518222
-1.1411411 	0.25 	0.728 	80.826764 	12.77929 	-0.26681263
-1.1423423 	0.25 	0.728 	80.849371 	13.190431 	-0.25646703
-1.1435435 	0.25 	0.728 	80.871979 	13.601571 	-0.24612143
-1.1447447 	0.25 	0.728 	80.780652 	14.056631 	-0.17222474
-1.1459459 	0.25 	0.728 	80.693052 	14.505947 	-0.10970452
-1.1471471 	0.25 	0.728 	80.626811 	14.941529 	-0.06933086
-1.1483483 	0.25 	0.728 	80.561597 	15.376178 	-0.02851509
-1.1495495 	0.25 	0.728 	80.496382 	15.810827 	0.01230068
-1.1507508 	0.25 	0.728 	80.508655 	16.189072 	0.010305411
-1.151952 	0.25 	0.728 	80.482728 	16.594425 	0.04026143
-1.1531532 	0.25 	0.728 	80.403219 	17.037905 	0.11337378
-1.1543544 	0.25 	0.728 	80.300003 	17.488546 	0.15170282
-1.1555556 	0.25 	0.728 	80.195318 	17.940655 	0.18766056
-1.1567568 	0.25 	0.728 	80.090617 	18.392799 	0.22358874
-1.157958 	0.25 	0.728 	79.989106 	18.836747 	0.25110608
-1.1591592 	0.25 	0.728 	79.897129 	19.256207 	0.25349203
-1.1603604 	0.25 	0.728 	79.745716 	19.738036 	0.31890441
-1.1615616 	0.25 	0.728 	79.564012 	20.213654 	0.37007389
-1.1627628 	0.25 	0.728 	79.364605 	20.683426 	0.40795716
-1.163964 	0.25 	0.728 	79.163595 	21.154809 	0.44461523
-1.1651652 	0.25 	0.728 	78.962586 	21.626192 	0.4812733
-1.1663664 	0.25 	0.728 	78.736585 	22.050386 	0.48808652
-1.1675676 	0.25 	0.728 	78.492515 	22.478959 	0.51140424
-1.1687688 	0.25 	0.728 	78.228492 	22.925205 	0.56564526
-1.16997 	0.25 	0.728 	77.921483 	23.390589 	0.60463941
-1.1711712 	0.25 	0.728 	77.605056 	23.858817 	0.63783578
-1.1723724 	0.25 	0.728 	77.288509 	24.326989 	0.67079004
-1.1735736 	0.25 	0.728 	76.929941 	24.767635 	0.69304134
-1.1747748 	0.25 	0.728 	76.546208 	25.191797 	0.70888284
-1.175976 	0.25 	0.728 	76.132394 	25.648913 	0.74675656
-1.1771772 	0.25 	0.728 	75.715063 	26.109883 	0.78720701
-1.1783784 	0.25 	0.728 	75.247611 	26.543109 	0.82078158
-1.1795796 	0.25 	0.728 	74.774801 	26.973975 	0.85183903
-1.1807808 	0.25 	0.728 	74.276175 	27.385395 	0.87758395
-1.181982 	0.25 	0.728 	73.744838 	27.772171 	0.89659678
-1.1831832 	0.25 	0.728 	73.208464 	28.147837 	0.91996216
-1.1843844 	0.25 	0.728 	72.658113 	28.492661 	0.95540866
-1.1855856 	0.25 	0.728 	72.107761 	28.837485 	0.99085516
-1.1867868 	0.25 	0.728 	71.429026 	29.105842 	1.0180485
-1.187988 	0.25 	0.728 	70.752183 	29.350884 	1.0414123
-1.1891892 	0.25 	0.728 	70.124336 	29.53092 	1.0537331
-1.1903904 	0.25 	0.728 	69.496515 	29.710953 	1.0660519
-1.1915916 	0.25 	0.728 	68.763315 	29.815463 	1.0864147
-1.1927928 	0.25 	0.728 	68.009963 	29.905501 	1.1083159
-1.193994 	0.25 	0.728 	67.2665 	29.983586 	1.1297171
-1.1951952 	0.25 	0.728 	66.612498 	29.953528 	1.1465943
-1.1963964 	0.25 	0.728 	65.958495 	29.92347 	1.1634714
-1.1975976 	0.25 	0.728 	65.304492 	29.893412 	1.1803486
-1.1987988 	0.25 	0.728 	64.650489 	29.863354 	1.1972258
-1.2 	0.25 	0.728 	63.996486 	29.833296 	1.214103
