-1.2 	-0.05 	0.819 	49.082828 	-1.5854412 	5.4506463
-1.1987988 	-0.05 	0.819 	49.087778 	-1.6061296 	5.4707257
-1.1975976 	-0.05 	0.819 	49.092729 	-1.6268179 	5.4908052
-1.1963964 	-0.05 	0.819 	49.097679 	-1.6475062 	5.5108847
-1.1951952 	-0.05 	0.819 	49.10263 	-1.6681945 	5.5309642
-1.193994 	-0.05 	0.819 	49.107581 	-1.6888828 	5.5510436
-1.1927928 	-0.05 	0.819 	49.112531 	-1.7095711 	5.5711231
-1.1915916 	-0.05 	0.819 	49.117482 	-1.7302595 	5.5912026
-1.1903904 	-0.05 	0.819 	49.122433 	-1.7509478 	5.6112821
-1.1891892 	-0.05 	0.819 	49.127383 	-1.7716361 	5.6313615
-1.187988 	-0.05 	0.819 	49.132334 	-1.7923244 	5.651441
-1.1867868 	-0.05 	0.819 	49.137285 	-1.8130127 	5.6715205
-1.1855856 	-0.05 	0.819 	49.142235 	-1.833701 	5.6916
-1.1843844 	-0.05 	0.819 	49.147186 	-1.8543893 	5.7116794
-1.1831832 	-0.05 	0.819 	49.152137 	-1.8750777 	5.7317589
-1.181982 	-0.05 	0.819 	49.157087 	-1.895766 	5.7518384
-1.1807808 	-0.05 	0.819 	49.162038 	-1.9164543 	5.7719179
-1.1795796 	-0.05 	0.819 	49.166989 	-1.9371426 	5.7919973
-1.1783784 	-0.05 	0.819 	49.171939 	-1.9578309 	5.8120768
-1.1771772 	-0.05 	0.819 	49.17689 	-1.9785192 	5.8321563
-1.175976 	-0.05 	0.819 	49.18184 	-1.9992076 	5.8522358
-1.1747748 	-0.05 	0.819 	49.186791 	-2.0198959 	5.8723152
-1.1735736 	-0.05 	0.819 	49.191742 	-2.0405842 	5.8923947
-1.1723724 	-0.05 	0.819 	49.196692 	-2.0612725 	5.9124742
-1.1711712 	-0.05 	0.819 	49.201643 	-2.0819608 	5.9325537
-1.16997 	-0.05 	0.819 	49.206594 	-2.1026491 	5.9526331
-1.1687688 	-0.05 	0.819 	49.212471 	-2.1232637 	5.9729549
-1.1675676 	-0.05 	0.819 	49.222996 	-2.1435082 	5.9944927
-1.1663664 	-0.05 	0.819 	49.233521 	-2.1637526 	6.0160305
-1.1651652 	-0.05 	0.819 	49.244047 	-2.1839971 	6.0375683
-1.163964 	-0.05 	0.819 	49.254572 	-2.2042415 	6.0591061
-1.1627628 	-0.05 	0.819 	49.265098 	-2.224486 	6.0806439
-1.1615616 	-0.05 	0.819 	49.275623 	-2.2447305 	6.1021817
-1.1603604 	-0.05 	0.819 	49.286148 	-2.2649749 	6.1237195
-1.1591592 	-0.05 	0.819 	49.296674 	-2.2852194 	6.1452573
-1.157958 	-0.05 	0.819 	49.30891 	-2.3000331 	6.165178
-1.1567568 	-0.05 	0.819 	49.321164 	-2.3147927 	6.1850826
-1.1555556 	-0.05 	0.819 	49.333418 	-2.3295523 	6.2049872
-1.1543544 	-0.05 	0.819 	49.345672 	-2.3443119 	6.2248919
-1.1531532 	-0.05 	0.819 	49.357925 	-2.3590715 	6.2447965
-1.151952 	-0.05 	0.819 	49.370179 	-2.3738312 	6.2647011
-1.1507508 	-0.05 	0.819 	49.382433 	-2.3885908 	6.2846057
-1.1495495 	-0.05 	0.819 	49.394686 	-2.4033504 	6.3045103
-1.1483483 	-0.05 	0.819 	49.412754 	-2.4198915 	6.3262645
-1.1471471 	-0.05 	0.819 	49.431238 	-2.4365599 	6.3481509
-1.1459459 	-0.05 	0.819 	49.449721 	-2.4532283 	6.3700372
-1.1447447 	-0.05 	0.819 	49.468204 	-2.4698967 	6.3919236
-1.1435435 	-0.05 	0.819 	49.486687 	-2.486565 	6.4138099
-1.1423423 	-0.05 	0.819 	49.505171 	-2.5032334 	6.4356963
-1.1411411 	-0.05 	0.819 	49.523654 	-2.5199018 	6.4575826
-1.1399399 	-0.05 	0.819 	49.542137 	-2.5365702 	6.479469
-1.1387387 	-0.05 	0.819 	49.560621 	-2.5532386 	6.5013553
-1.1375375 	-0.05 	0.819 	49.579104 	-2.569907 	6.5232416
-1.1363363 	-0.05 	0.819 	49.597587 	-2.5865754 	6.545128
-1.1351351 	-0.05 	0.819 	49.616071 	-2.6032438 	6.5670143
-1.1339339 	-0.05 	0.819 	49.634554 	-2.6199121 	6.5889007
-1.1327327 	-0.05 	0.819 	49.653037 	-2.6365805 	6.610787
-1.1315315 	-0.05 	0.819 	49.67152 	-2.6532489 	6.6326734
-1.1303303 	-0.05 	0.819 	49.690004 	-2.6699173 	6.6545597
-1.1291291 	-0.05 	0.819 	49.708487 	-2.6865857 	6.6764461
-1.1279279 	-0.05 	0.819 	49.72697 	-2.7032541 	6.6983324
-1.1267267 	-0.05 	0.819 	49.745454 	-2.7199225 	6.7202187
-1.1255255 	-0.05 	0.819 	49.763937 	-2.7365908 	6.7421051
-1.1243243 	-0.05 	0.819 	49.78242 	-2.7532592 	6.7639914
-1.1231231 	-0.05 	0.819 	49.800903 	-2.7699276 	6.7858778
-1.1219219 	-0.05 	0.819 	49.819387 	-2.786596 	6.8077641
-1.1207207 	-0.05 	0.819 	49.83787 	-2.8032644 	6.8296505
-1.1195195 	-0.05 	0.819 	49.856353 	-2.8199328 	6.8515368
-1.1183183 	-0.05 	0.819 	49.874837 	-2.8366012 	6.8734232
-1.1171171 	-0.05 	0.819 	49.89332 	-2.8532695 	6.8953095
-1.1159159 	-0.05 	0.819 	49.911688 	-2.8691283 	6.9175618
-1.1147147 	-0.05 	0.819 	49.929992 	-2.88454 	6.9400162
-1.1135135 	-0.05 	0.819 	49.948297 	-2.8999517 	6.9624705
-1.1123123 	-0.05 	0.819 	49.966601 	-2.9153635 	6.9849249
-1.1111111 	-0.05 	0.819 	49.984905 	-2.9307752 	7.0073792
-1.1099099 	-0.05 	0.819 	50.00321 	-2.9461869 	7.0298335
-1.1087087 	-0.05 	0.819 	50.021514 	-2.9615987 	7.0522879
-1.1075075 	-0.05 	0.819 	50.039819 	-2.9770104 	7.0747422
-1.1063063 	-0.05 	0.819 	50.061721 	-2.9934618 	7.0972997
-1.1051051 	-0.05 	0.819 	50.083904 	-3.0099942 	7.1198651
-1.1039039 	-0.05 	0.819 	50.106087 	-3.0265266 	7.1424306
-1.1027027 	-0.05 	0.819 	50.12827 	-3.0430589 	7.164996
-1.1015015 	-0.05 	0.819 	50.150453 	-3.0595913 	7.1875615
-1.1003003 	-0.05 	0.819 	50.172636 	-3.0761237 	7.2101269
-1.0990991 	-0.05 	0.819 	50.194818 	-3.0926561 	7.2326924
-1.0978979 	-0.05 	0.819 	50.217222 	-3.1081581 	7.2550152
-1.0966967 	-0.05 	0.819 	50.241247 	-3.1161128 	7.2755613
-1.0954955 	-0.05 	0.819 	50.265271 	-3.1240674 	7.2961073
-1.0942943 	-0.05 	0.819 	50.289295 	-3.1320221 	7.3166534
-1.0930931 	-0.05 	0.819 	50.313319 	-3.1399767 	7.3371995
-1.0918919 	-0.05 	0.819 	50.337343 	-3.1479314 	7.3577455
-1.0906907 	-0.05 	0.819 	50.361367 	-3.155886 	7.3782916
-1.0894895 	-0.05 	0.819 	50.385392 	-3.1638407 	7.3988376
-1.0882883 	-0.05 	0.819 	50.409633 	-3.1722865 	7.4197095
-1.0870871 	-0.05 	0.819 	50.434144 	-3.1813462 	7.4409884
-1.0858859 	-0.05 	0.819 	50.458656 	-3.190406 	7.4622674
-1.0846847 	-0.05 	0.819 	50.483168 	-3.1994657 	7.4835464
-1.0834835 	-0.05 	0.819 	50.50768 	-3.2085255 	7.5048253
-1.0822823 	-0.05 	0.819 	50.532191 	-3.2175852 	7.5261043
-1.0810811 	-0.05 	0.819 	50.556703 	-3.2266449 	7.5473833
-1.0798799 	-0.05 	0.819 	50.581215 	-3.2357047 	7.5686623
-1.0786787 	-0.05 	0.819 	50.606139 	-3.2450876 	7.5894732
-1.0774775 	-0.05 	0.819 	50.63131 	-3.2546634 	7.6100049
-1.0762763 	-0.05 	0.819 	50.65648 	-3.2642392 	7.6305365
-1.0750751 	-0.05 	0.819 	50.681651 	-3.2738149 	7.6510682
-1.0738739 	-0.05 	0.819 	50.706821 	-3.2833907 	7.6715999
-1.0726727 	-0.05 	0.819 	50.731992 	-3.2929665 	7.6921315
-1.0714715 	-0.05 	0.819 	50.757162 	-3.3025423 	7.7126632
-1.0702703 	-0.05 	0.819 	50.782333 	-3.312118 	7.7331949
-1.0690691 	-0.05 	0.819 	50.807503 	-3.3216938 	7.7537265
-1.0678679 	-0.05 	0.819 	50.832674 	-3.3312696 	7.7742582
-1.0666667 	-0.05 	0.819 	50.857844 	-3.3408454 	7.7947899
-1.0654655 	-0.05 	0.819 	50.883015 	-3.3504211 	7.8153215
-1.0642643 	-0.05 	0.819 	50.908185 	-3.3599969 	7.8358532
-1.0630631 	-0.05 	0.819 	50.933356 	-3.3695727 	7.8563849
-1.0618619 	-0.05 	0.819 	50.958526 	-3.3791485 	7.8769165
-1.0606607 	-0.05 	0.819 	50.983697 	-3.3887242 	7.8974482
-1.0594595 	-0.05 	0.819 	51.008867 	-3.3983 	7.9179798
-1.0582583 	-0.05 	0.819 	51.034038 	-3.4078758 	7.9385115
-1.0570571 	-0.05 	0.819 	51.059208 	-3.4174516 	7.9590432
-1.0558559 	-0.05 	0.819 	51.084379 	-3.4270273 	7.9795748
-1.0546547 	-0.05 	0.819 	51.109549 	-3.4366031 	8.0001065
-1.0534535 	-0.05 	0.819 	51.13472 	-3.4461789 	8.0206382
-1.0522523 	-0.05 	0.819 	51.15989 	-3.4557547 	8.0411698
-1.0510511 	-0.05 	0.819 	51.185061 	-3.4653304 	8.0617015
-1.0498498 	-0.05 	0.819 	51.210231 	-3.4749062 	8.0822332
-1.0486486 	-0.05 	0.819 	51.235402 	-3.484482 	8.1027648
-1.0474474 	-0.05 	0.819 	51.260572 	-3.4940578 	8.1232965
-1.0462462 	-0.05 	0.819 	51.285743 	-3.5036335 	8.1438282
-1.045045 	-0.05 	0.819 	51.310873 	-3.5120091 	8.1647409
-1.0438438 	-0.05 	0.819 	51.335986 	-3.5198663 	8.1858183
-1.0426426 	-0.05 	0.819 	51.3611 	-3.5277234 	8.2068958
-1.0414414 	-0.05 	0.819 	51.386213 	-3.5355805 	8.2279732
-1.0402402 	-0.05 	0.819 	51.411326 	-3.5434376 	8.2490506
-1.039039 	-0.05 	0.819 	51.436439 	-3.5512947 	8.270128
-1.0378378 	-0.05 	0.819 	51.461553 	-3.5591518 	8.2912054
-1.0366366 	-0.05 	0.819 	51.48657 	-3.5647745 	8.3109014
-1.0354354 	-0.05 	0.819 	51.5114 	-3.5660123 	8.3278865
-1.0342342 	-0.05 	0.819 	51.536231 	-3.5672501 	8.3448715
-1.033033 	-0.05 	0.819 	51.561061 	-3.5684878 	8.3618565
-1.0318318 	-0.05 	0.819 	51.585891 	-3.5697256 	8.3788416
-1.0306306 	-0.05 	0.819 	51.610721 	-3.5709634 	8.3958266
-1.0294294 	-0.05 	0.819 	51.635551 	-3.5722011 	8.4128116
-1.0282282 	-0.05 	0.819 	51.660423 	-3.5735725 	8.429907
-1.027027 	-0.05 	0.819 	51.685867 	-3.5768014 	8.4485378
-1.0258258 	-0.05 	0.819 	51.711311 	-3.5800304 	8.4671686
-1.0246246 	-0.05 	0.819 	51.736755 	-3.5832593 	8.4857994
-1.0234234 	-0.05 	0.819 	51.762199 	-3.5864883 	8.5044302
-1.0222222 	-0.05 	0.819 	51.787643 	-3.5897173 	8.523061
-1.021021 	-0.05 	0.819 	51.813088 	-3.5929462 	8.5416918
-1.0198198 	-0.05 	0.819 	51.838532 	-3.5961752 	8.5603226
-1.0186186 	-0.05 	0.819 	51.863976 	-3.5994042 	8.5789534
-1.0174174 	-0.05 	0.819 	51.88942 	-3.6026331 	8.5975841
-1.0162162 	-0.05 	0.819 	51.914864 	-3.6058621 	8.6162149
-1.015015 	-0.05 	0.819 	51.940308 	-3.6090911 	8.6348457
-1.0138138 	-0.05 	0.819 	51.965753 	-3.61232 	8.6534765
-1.0126126 	-0.05 	0.819 	51.991197 	-3.615549 	8.6721073
-1.0114114 	-0.05 	0.819 	52.016641 	-3.6187779 	8.6907381
-1.0102102 	-0.05 	0.819 	52.042085 	-3.6220069 	8.7093689
-1.009009 	-0.05 	0.819 	52.067529 	-3.6252359 	8.7279997
-1.0078078 	-0.05 	0.819 	52.092973 	-3.6284648 	8.7466304
-1.0066066 	-0.05 	0.819 	52.118418 	-3.6316938 	8.7652612
-1.0054054 	-0.05 	0.819 	52.143862 	-3.6349228 	8.783892
-1.0042042 	-0.05 	0.819 	52.169306 	-3.6381517 	8.8025228
-1.003003 	-0.05 	0.819 	52.19475 	-3.6413807 	8.8211536
-1.0018018 	-0.05 	0.819 	52.220194 	-3.6446097 	8.8397844
-1.0006006 	-0.05 	0.819 	52.245638 	-3.6478386 	8.8584152
-0.9993994 	-0.05 	0.819 	52.271082 	-3.6510676 	8.877046
-0.9981982 	-0.05 	0.819 	52.296527 	-3.6542965 	8.8956768
-0.996997 	-0.05 	0.819 	52.321971 	-3.6575255 	8.9143075
-0.9957958 	-0.05 	0.819 	52.347415 	-3.6607545 	8.9329383
-0.99459459 	-0.05 	0.819 	52.372853 	-3.6639777 	8.9515784
-0.99339339 	-0.05 	0.819 	52.397783 	-3.6667243 	8.9709921
-0.99219219 	-0.05 	0.819 	52.422714 	-3.6694709 	8.9904059
-0.99099099 	-0.05 	0.819 	52.447644 	-3.6722176 	9.0098196
-0.98978979 	-0.05 	0.819 	52.472574 	-3.6749642 	9.0292334
-0.98858859 	-0.05 	0.819 	52.497504 	-3.6777108 	9.0486471
-0.98738739 	-0.05 	0.819 	52.522434 	-3.6804574 	9.0680608
-0.98618619 	-0.05 	0.819 	52.547365 	-3.683204 	9.0874746
-0.98498498 	-0.05 	0.819 	52.572295 	-3.6859506 	9.1068883
-0.98378378 	-0.05 	0.819 	52.596459 	-3.6884875 	9.1261207
-0.98258258 	-0.05 	0.819 	52.62008 	-3.6908758 	9.1452245
-0.98138138 	-0.05 	0.819 	52.643701 	-3.6932642 	9.1643284
-0.98018018 	-0.05 	0.819 	52.667321 	-3.6956526 	9.1834322
-0.97897898 	-0.05 	0.819 	52.690942 	-3.6980409 	9.2025361
-0.97777778 	-0.05 	0.819 	52.714563 	-3.7004293 	9.22164
-0.97657658 	-0.05 	0.819 	52.738184 	-3.7028176 	9.2407438
-0.97537538 	-0.05 	0.819 	52.76183 	-3.7052778 	9.2588213
-0.97417417 	-0.05 	0.819 	52.785499 	-3.70781 	9.2758675
-0.97297297 	-0.05 	0.819 	52.809169 	-3.7103422 	9.2929136
-0.97177177 	-0.05 	0.819 	52.832839 	-3.7128745 	9.3099598
-0.97057057 	-0.05 	0.819 	52.856509 	-3.7154067 	9.327006
-0.96936937 	-0.05 	0.819 	52.880179 	-3.7179389 	9.3440522
-0.96816817 	-0.05 	0.819 	52.903849 	-3.7204712 	9.3610984
-0.96696697 	-0.05 	0.819 	52.927305 	-3.7209671 	9.3788844
-0.96576577 	-0.05 	0.819 	52.950557 	-3.7195132 	9.3973789
-0.96456456 	-0.05 	0.819 	52.97381 	-3.7180594 	9.4158734
-0.96336336 	-0.05 	0.819 	52.997062 	-3.7166056 	9.4343678
-0.96216216 	-0.05 	0.819 	53.020314 	-3.7151518 	9.4528623
-0.96096096 	-0.05 	0.819 	53.043566 	-3.7136979 	9.4713568
-0.95975976 	-0.05 	0.819 	53.066818 	-3.7122441 	9.4898512
-0.95855856 	-0.05 	0.819 	53.09007 	-3.7107903 	9.5083457
-0.95735736 	-0.05 	0.819 	53.113323 	-3.7093373 	9.5268392
-0.95615616 	-0.05 	0.819 	53.136836 	-3.7084847 	9.5445774
-0.95495495 	-0.05 	0.819 	53.16035 	-3.7076322 	9.5623156
-0.95375375 	-0.05 	0.819 	53.183863 	-3.7067797 	9.5800539
-0.95255255 	-0.05 	0.819 	53.207377 	-3.7059271 	9.5977921
-0.95135135 	-0.05 	0.819 	53.23089 	-3.7050746 	9.6155303
-0.95015015 	-0.05 	0.819 	53.254404 	-3.704222 	9.6332685
-0.94894895 	-0.05 	0.819 	53.277917 	-3.7033695 	9.6510067
-0.94774775 	-0.05 	0.819 	53.301431 	-3.702517 	9.668745
-0.94654655 	-0.05 	0.819 	53.324944 	-3.7016644 	9.6864832
-0.94534535 	-0.05 	0.819 	53.348458 	-3.7008119 	9.7042214
-0.94414414 	-0.05 	0.819 	53.371971 	-3.6999594 	9.7219596
-0.94294294 	-0.05 	0.819 	53.395485 	-3.6991068 	9.7396979
-0.94174174 	-0.05 	0.819 	53.418998 	-3.6982543 	9.7574361
-0.94054054 	-0.05 	0.819 	53.442512 	-3.6974018 	9.7751743
-0.93933934 	-0.05 	0.819 	53.466025 	-3.6965492 	9.7929125
-0.93813814 	-0.05 	0.819 	53.489538 	-3.6956967 	9.8106507
-0.93693694 	-0.05 	0.819 	53.513052 	-3.6948441 	9.828389
-0.93573574 	-0.05 	0.819 	53.536565 	-3.6939916 	9.8461272
-0.93453453 	-0.05 	0.819 	53.560079 	-3.6931391 	9.8638654
-0.93333333 	-0.05 	0.819 	53.583592 	-3.6922865 	9.8816036
-0.93213213 	-0.05 	0.819 	53.607106 	-3.691434 	9.8993418
-0.93093093 	-0.05 	0.819 	53.630619 	-3.6905815 	9.9170801
-0.92972973 	-0.05 	0.819 	53.654133 	-3.6897289 	9.9348183
-0.92852853 	-0.05 	0.819 	53.677646 	-3.6888764 	9.9525565
-0.92732733 	-0.05 	0.819 	53.70116 	-3.6880239 	9.9702947
-0.92612613 	-0.05 	0.819 	53.724673 	-3.6871713 	9.988033
-0.92492492 	-0.05 	0.819 	53.748187 	-3.6863188 	10.005771
-0.92372372 	-0.05 	0.819 	53.7717 	-3.6854662 	10.023509
-0.92252252 	-0.05 	0.819 	53.794786 	-3.6835146 	10.042053
-0.92132132 	-0.05 	0.819 	53.81718 	-3.6797854 	10.061901
-0.92012012 	-0.05 	0.819 	53.839574 	-3.6760562 	10.081748
-0.91891892 	-0.05 	0.819 	53.861968 	-3.672327 	10.101595
-0.91771772 	-0.05 	0.819 	53.884363 	-3.6685978 	10.121442
-0.91651652 	-0.05 	0.819 	53.906757 	-3.6648686 	10.14129
-0.91531532 	-0.05 	0.819 	53.929151 	-3.6611394 	10.161137
-0.91411411 	-0.05 	0.819 	53.949683 	-3.6600389 	10.177792
-0.91291291 	-0.05 	0.819 	53.969438 	-3.6600354 	10.193116
-0.91171171 	-0.05 	0.819 	53.989193 	-3.6600319 	10.208439
-0.91051051 	-0.05 	0.819 	54.008948 	-3.6600285 	10.223763
-0.90930931 	-0.05 	0.819 	54.028704 	-3.660025 	10.239086
-0.90810811 	-0.05 	0.819 	54.048459 	-3.6600215 	10.254409
-0.90690691 	-0.05 	0.819 	54.068357 	-3.6596775 	10.269986
-0.90570571 	-0.05 	0.819 	54.089526 	-3.6563005 	10.287818
-0.9045045 	-0.05 	0.819 	54.110695 	-3.6529235 	10.30565
-0.9033033 	-0.05 	0.819 	54.131865 	-3.6495465 	10.323482
-0.9021021 	-0.05 	0.819 	54.153034 	-3.6461695 	10.341315
-0.9009009 	-0.05 	0.819 	54.174203 	-3.6427925 	10.359147
-0.8996997 	-0.05 	0.819 	54.195373 	-3.6394155 	10.376979
-0.8984985 	-0.05 	0.819 	54.216542 	-3.6360385 	10.394811
-0.8972973 	-0.05 	0.819 	54.237711 	-3.6326615 	10.412643
-0.8960961 	-0.05 	0.819 	54.259738 	-3.6298919 	10.431117
-0.89489489 	-0.05 	0.819 	54.285023 	-3.6294315 	10.452033
-0.89369369 	-0.05 	0.819 	54.310308 	-3.628971 	10.472948
-0.89249249 	-0.05 	0.819 	54.335593 	-3.6285106 	10.493864
-0.89129129 	-0.05 	0.819 	54.360879 	-3.6280501 	10.514779
-0.89009009 	-0.05 	0.819 	54.386164 	-3.6275897 	10.535695
-0.88888889 	-0.05 	0.819 	54.411449 	-3.6271292 	10.55661
-0.88768769 	-0.05 	0.819 	54.436734 	-3.6266688 	10.577526
-0.88648649 	-0.05 	0.819 	54.462019 	-3.6262083 	10.598442
-0.88528529 	-0.05 	0.819 	54.486245 	-3.6251233 	10.618263
-0.88408408 	-0.05 	0.819 	54.50768 	-3.6223924 	10.635203
-0.88288288 	-0.05 	0.819 	54.529115 	-3.6196616 	10.652143
-0.88168168 	-0.05 	0.819 	54.55055 	-3.6169307 	10.669082
-0.88048048 	-0.05 	0.819 	54.571985 	-3.6141999 	10.686022
-0.87927928 	-0.05 	0.819 	54.593419 	-3.6114691 	10.702962
-0.87807808 	-0.05 	0.819 	54.614854 	-3.6087382 	10.719901
-0.87687688 	-0.05 	0.819 	54.636289 	-3.6060074 	10.736841
-0.87567568 	-0.05 	0.819 	54.657724 	-3.6032766 	10.753781
-0.87447447 	-0.05 	0.819 	54.679159 	-3.6005457 	10.77072
-0.87327327 	-0.05 	0.819 	54.700594 	-3.5978149 	10.78766
-0.87207207 	-0.05 	0.819 	54.722029 	-3.5950841 	10.8046
-0.87087087 	-0.05 	0.819 	54.743464 	-3.5923532 	10.821539
-0.86966967 	-0.05 	0.819 	54.764899 	-3.5896224 	10.838479
-0.86846847 	-0.05 	0.819 	54.786334 	-3.5868916 	10.855419
-0.86726727 	-0.05 	0.819 	54.807768 	-3.5841607 	10.872358
-0.86606607 	-0.05 	0.819 	54.829203 	-3.5814299 	10.889298
-0.86486486 	-0.05 	0.819 	54.850638 	-3.5786991 	10.906238
-0.86366366 	-0.05 	0.819 	54.872073 	-3.5759682 	10.923177
-0.86246246 	-0.05 	0.819 	54.893508 	-3.5732374 	10.940117
-0.86126126 	-0.05 	0.819 	54.879681 	-3.5486602 	10.92118
-0.86006006 	-0.05 	0.819 	54.899812 	-3.5425822 	10.938085
-0.85885886 	-0.05 	0.819 	54.919944 	-3.5365042 	10.954991
-0.85765766 	-0.05 	0.819 	54.940076 	-3.5304262 	10.971896
-0.85645646 	-0.05 	0.819 	54.960207 	-3.5243483 	10.988802
-0.85525526 	-0.05 	0.819 	54.980339 	-3.5182703 	11.005707
-0.85405405 	-0.05 	0.819 	55.000471 	-3.5121923 	11.022612
-0.85285285 	-0.05 	0.819 	55.016079 	-3.5059663 	11.038985
-0.85165165 	-0.05 	0.819 	55.031264 	-3.4997265 	11.055309
-0.85045045 	-0.05 	0.819 	55.046449 	-3.4934866 	11.071632
-0.84924925 	-0.05 	0.819 	55.061635 	-3.4872468 	11.087955
-0.84804805 	-0.05 	0.819 	55.07682 	-3.481007 	11.104278
-0.84684685 	-0.05 	0.819 	55.092005 	-3.4747671 	11.120601
-0.84564565 	-0.05 	0.819 	55.1424 	-3.4885795 	11.171757
-0.84444444 	-0.05 	0.819 	55.158119 	-3.4812191 	11.185392
-0.84324324 	-0.05 	0.819 	55.173837 	-3.4738587 	11.199026
-0.84204204 	-0.05 	0.819 	55.189555 	-3.4664982 	11.212661
-0.84084084 	-0.05 	0.819 	55.205274 	-3.4591378 	11.226296
-0.83963964 	-0.05 	0.819 	55.220992 	-3.4517774 	11.239931
-0.83843844 	-0.05 	0.819 	55.236711 	-3.444417 	11.253566
-0.83723724 	-0.05 	0.819 	55.252429 	-3.4370565 	11.2672
-0.83603604 	-0.05 	0.819 	55.268147 	-3.4296961 	11.280835
-0.83483483 	-0.05 	0.819 	55.285155 	-3.4226447 	11.295344
-0.83363363 	-0.05 	0.819 	55.30393 	-3.416017 	11.311052
-0.83243243 	-0.05 	0.819 	55.322705 	-3.4093893 	11.32676
-0.83123123 	-0.05 	0.819 	55.341481 	-3.4027617 	11.342468
-0.83003003 	-0.05 	0.819 	55.360256 	-3.396134 	11.358176
-0.82882883 	-0.05 	0.819 	55.379031 	-3.3895063 	11.373883
-0.82762763 	-0.05 	0.819 	55.397806 	-3.3828787 	11.389591
-0.82642643 	-0.05 	0.819 	55.416582 	-3.376251 	11.405299
-0.82522523 	-0.05 	0.819 	55.435357 	-3.3696233 	11.421007
-0.82402402 	-0.05 	0.819 	55.454132 	-3.3629956 	11.436715
-0.82282282 	-0.05 	0.819 	55.470991 	-3.357313 	11.45246
-0.82162162 	-0.05 	0.819 	55.486112 	-3.3524873 	11.46824
-0.82042042 	-0.05 	0.819 	55.501233 	-3.3476616 	11.484019
-0.81921922 	-0.05 	0.819 	55.516354 	-3.3428359 	11.499799
-0.81801802 	-0.05 	0.819 	55.531475 	-3.3380102 	11.515578
-0.81681682 	-0.05 	0.819 	55.546596 	-3.3331844 	11.531358
-0.81561562 	-0.05 	0.819 	55.561717 	-3.3283587 	11.547137
-0.81441441 	-0.05 	0.819 	55.576838 	-3.323533 	11.562917
-0.81321321 	-0.05 	0.819 	55.591959 	-3.3187073 	11.578696
-0.81201201 	-0.05 	0.819 	55.60708 	-3.3138816 	11.594476
-0.81081081 	-0.05 	0.819 	55.622594 	-3.309271 	11.611182
-0.80960961 	-0.05 	0.819 	55.638338 	-3.3047865 	11.62843
-0.80840841 	-0.05 	0.819 	55.654083 	-3.300302 	11.645679
-0.80720721 	-0.05 	0.819 	55.669827 	-3.2958175 	11.662928
-0.80600601 	-0.05 	0.819 	55.685571 	-3.291333 	11.680177
-0.8048048 	-0.05 	0.819 	55.701316 	-3.2868486 	11.697426
-0.8036036 	-0.05 	0.819 	55.71706 	-3.2823641 	11.714674
-0.8024024 	-0.05 	0.819 	55.732805 	-3.2778796 	11.731923
-0.8012012 	-0.05 	0.819 	55.748549 	-3.2733951 	11.749172
-0.8 	-0.05 	0.819 	55.764955 	-3.2694001 	11.767225
-0.7987988 	-0.05 	0.819 	55.783042 	-3.2666498 	11.787324
-0.7975976 	-0.05 	0.819 	55.80113 	-3.2638995 	11.807423
-0.7963964 	-0.05 	0.819 	55.819217 	-3.2611492 	11.827522
-0.7951952 	-0.05 	0.819 	55.837305 	-3.2583989 	11.847621
-0.79399399 	-0.05 	0.819 	55.855392 	-3.2556486 	11.86772
-0.79279279 	-0.05 	0.819 	55.872348 	-3.2521092 	11.886548
-0.79159159 	-0.05 	0.819 	55.882305 	-3.2436898 	11.897513
-0.79039039 	-0.05 	0.819 	55.892262 	-3.2352703 	11.908479
-0.78918919 	-0.05 	0.819 	55.902219 	-3.2268509 	11.919445
-0.78798799 	-0.05 	0.819 	55.912176 	-3.2184315 	11.930411
-0.78678679 	-0.05 	0.819 	55.922133 	-3.2100121 	11.941377
-0.78558559 	-0.05 	0.819 	55.932196 	-3.2016751 	11.952505
-0.78438438 	-0.05 	0.819 	55.944137 	-3.1947937 	11.966504
-0.78318318 	-0.05 	0.819 	55.956078 	-3.1879123 	11.980502
-0.78198198 	-0.05 	0.819 	55.968019 	-3.1810309 	11.994501
-0.78078078 	-0.05 	0.819 	55.979961 	-3.1741496 	12.008499
-0.77957958 	-0.05 	0.819 	55.991902 	-3.1672682 	12.022498
-0.77837838 	-0.05 	0.819 	56.003843 	-3.1603868 	12.036496
-0.77717718 	-0.05 	0.819 	56.015784 	-3.1535054 	12.050495
-0.77597598 	-0.05 	0.819 	56.027725 	-3.146624 	12.064493
-0.77477477 	-0.05 	0.819 	56.039666 	-3.1397426 	12.078492
-0.77357357 	-0.05 	0.819 	56.052019 	-3.1337124 	12.092726
-0.77237237 	-0.05 	0.819 	56.064598 	-3.1281497 	12.107091
-0.77117117 	-0.05 	0.819 	56.077177 	-3.1225869 	12.121456
-0.76996997 	-0.05 	0.819 	56.089756 	-3.1170242 	12.13582
-0.76876877 	-0.05 	0.819 	56.102334 	-3.1114615 	12.150185
-0.76756757 	-0.05 	0.819 	56.114913 	-3.1058987 	12.16455
-0.76636637 	-0.05 	0.819 	56.127492 	-3.100336 	12.178914
-0.76516517 	-0.05 	0.819 	56.140071 	-3.0947732 	12.193279
-0.76396396 	-0.05 	0.819 	56.15265 	-3.0892105 	12.207644
-0.76276276 	-0.05 	0.819 	56.165229 	-3.0836478 	12.222008
-0.76156156 	-0.05 	0.819 	56.176992 	-3.0783865 	12.236856
-0.76036036 	-0.05 	0.819 	56.188481 	-3.0732267 	12.251866
-0.75915916 	-0.05 	0.819 	56.199969 	-3.0680668 	12.266876
-0.75795796 	-0.05 	0.819 	56.211458 	-3.0629069 	12.281886
-0.75675676 	-0.05 	0.819 	56.222947 	-3.0577471 	12.296895
-0.75555556 	-0.05 	0.819 	56.234436 	-3.0525872 	12.311905
-0.75435435 	-0.05 	0.819 	56.245924 	-3.0474273 	12.326915
-0.75315315 	-0.05 	0.819 	56.257413 	-3.0422675 	12.341925
-0.75195195 	-0.05 	0.819 	56.268902 	-3.0371076 	12.356935
-0.75075075 	-0.05 	0.819 	56.280391 	-3.0319477 	12.371945
-0.74954955 	-0.05 	0.819 	56.292366 	-3.0255707 	12.387894
-0.74834835 	-0.05 	0.819 	56.304427 	-3.0189804 	12.404008
-0.74714715 	-0.05 	0.819 	56.316488 	-3.01239 	12.420121
-0.74594595 	-0.05 	0.819 	56.328549 	-3.0057996 	12.436235
-0.74474474 	-0.05 	0.819 	56.340609 	-2.9992092 	12.452349
-0.74354354 	-0.05 	0.819 	56.35267 	-2.9926189 	12.468463
-0.74234234 	-0.05 	0.819 	56.364731 	-2.9860285 	12.484576
-0.74114114 	-0.05 	0.819 	56.376792 	-2.9794381 	12.50069
-0.73993994 	-0.05 	0.819 	56.388853 	-2.9728478 	12.516804
-0.73873874 	-0.05 	0.819 	56.402578 	-2.9665898 	12.53431
-0.73753754 	-0.05 	0.819 	56.419508 	-2.9609722 	12.554497
-0.73633634 	-0.05 	0.819 	56.436438 	-2.9553545 	12.574685
-0.73513514 	-0.05 	0.819 	56.453369 	-2.9497368 	12.594872
-0.73393393 	-0.05 	0.819 	56.470299 	-2.9441191 	12.61506
-0.73273273 	-0.05 	0.819 	56.487229 	-2.9385015 	12.635247
-0.73153153 	-0.05 	0.819 	56.501242 	-2.9330542 	12.651895
-0.73033033 	-0.05 	0.819 	56.509923 	-2.9279183 	12.662073
-0.72912913 	-0.05 	0.819 	56.518604 	-2.9227825 	12.67225
-0.72792793 	-0.05 	0.819 	56.527284 	-2.9176466 	12.682427
-0.72672673 	-0.05 	0.819 	56.535965 	-2.9125108 	12.692605
-0.72552553 	-0.05 	0.819 	56.544646 	-2.9073749 	12.702782
-0.72432432 	-0.05 	0.819 	56.553229 	-2.9021751 	12.714143
-0.72312312 	-0.05 	0.819 	56.561675 	-2.8968845 	12.727181
-0.72192192 	-0.05 	0.819 	56.570122 	-2.8915939 	12.740218
-0.72072072 	-0.05 	0.819 	56.578568 	-2.8863033 	12.753256
-0.71951952 	-0.05 	0.819 	56.587014 	-2.8810128 	12.766293
-0.71831832 	-0.05 	0.819 	56.59546 	-2.8757222 	12.77933
-0.71711712 	-0.05 	0.819 	56.603906 	-2.8704316 	12.792368
-0.71591592 	-0.05 	0.819 	56.612353 	-2.865141 	12.805405
-0.71471471 	-0.05 	0.819 	56.620799 	-2.8598504 	12.818443
-0.71351351 	-0.05 	0.819 	56.629245 	-2.8545599 	12.83148
-0.71231231 	-0.05 	0.819 	56.638801 	-2.8500007 	12.845829
-0.71111111 	-0.05 	0.819 	56.648534 	-2.8455581 	12.860387
-0.70990991 	-0.05 	0.819 	56.658267 	-2.8411155 	12.874945
-0.70870871 	-0.05 	0.819 	56.668 	-2.8366728 	12.889503
-0.70750751 	-0.05 	0.819 	56.676095 	-2.832609 	12.905234
-0.70630631 	-0.05 	0.819 	56.683873 	-2.8286183 	12.921192
-0.70510511 	-0.05 	0.819 	56.691651 	-2.8246277 	12.937149
-0.7039039 	-0.05 	0.819 	56.699429 	-2.8206371 	12.953106
-0.7027027 	-0.05 	0.819 	56.707207 	-2.8166465 	12.969064
-0.7015015 	-0.05 	0.819 	56.714986 	-2.8126558 	12.985021
-0.7003003 	-0.05 	0.819 	56.725114 	-2.8086412 	12.999073
-0.6990991 	-0.05 	0.819 	56.735318 	-2.8046258 	13.013063
-0.6978979 	-0.05 	0.819 	56.745523 	-2.8006104 	13.027053
-0.6966967 	-0.05 	0.819 	56.755727 	-2.796595 	13.041042
-0.6954955 	-0.05 	0.819 	56.765932 	-2.7925797 	13.055032
-0.69429429 	-0.05 	0.819 	56.775641 	-2.7884057 	13.069141
-0.69309309 	-0.05 	0.819 	56.783 	-2.7834792 	13.083813
-0.69189189 	-0.05 	0.819 	56.790358 	-2.7785527 	13.098486
-0.69069069 	-0.05 	0.819 	56.797716 	-2.7736263 	13.113159
-0.68948949 	-0.05 	0.819 	56.805071 	-2.7686808 	13.127859
-0.68828829 	-0.05 	0.819 	56.812384 	-2.7634994 	13.142901
-0.68708709 	-0.05 	0.819 	56.819696 	-2.758318 	13.157943
-0.68588589 	-0.05 	0.819 	56.827009 	-2.7531366 	13.172984
-0.68468468 	-0.05 	0.819 	56.834321 	-2.7479552 	13.188026
-0.68348348 	-0.05 	0.819 	56.841634 	-2.7427737 	13.203068
-0.68228228 	-0.05 	0.819 	56.848946 	-2.7375923 	13.21811
-0.68108108 	-0.05 	0.819 	56.856259 	-2.7324109 	13.233152
-0.67987988 	-0.05 	0.819 	56.863571 	-2.7272295 	13.248194
-0.67867868 	-0.05 	0.819 	56.870883 	-2.7220481 	13.263236
-0.67747748 	-0.05 	0.819 	56.877628 	-2.7165401 	13.27808
-0.67627628 	-0.05 	0.819 	56.882863 	-2.710164 	13.292399
-0.67507508 	-0.05 	0.819 	56.888097 	-2.7037879 	13.306717
-0.67387387 	-0.05 	0.819 	56.893332 	-2.6974117 	13.321035
-0.67267267 	-0.05 	0.819 	56.898566 	-2.6910356 	13.335353
-0.67147147 	-0.05 	0.819 	56.903801 	-2.6846595 	13.349671
-0.67027027 	-0.05 	0.819 	56.910992 	-2.6805559 	13.364404
-0.66906907 	-0.05 	0.819 	56.919572 	-2.6780664 	13.37943
-0.66786787 	-0.05 	0.819 	56.928152 	-2.6755768 	13.394456
-0.66666667 	-0.05 	0.819 	56.936732 	-2.6730872 	13.409483
-0.66546547 	-0.05 	0.819 	56.945312 	-2.6705976 	13.424509
-0.66426426 	-0.05 	0.819 	56.953892 	-2.6681081 	13.439536
-0.66306306 	-0.05 	0.819 	56.959483 	-2.6625168 	13.454253
-0.66186186 	-0.05 	0.819 	56.964899 	-2.656743 	13.468953
-0.66066066 	-0.05 	0.819 	56.970314 	-2.6509693 	13.483652
-0.65945946 	-0.05 	0.819 	56.975729 	-2.6451955 	13.498352
-0.65825826 	-0.05 	0.819 	56.981145 	-2.6394218 	13.513051
-0.65705706 	-0.05 	0.819 	56.98656 	-2.633648 	13.527751
-0.65585586 	-0.05 	0.819 	56.991976 	-2.6278743 	13.54245
-0.65465465 	-0.05 	0.819 	56.997391 	-2.6221005 	13.55715
-0.65345345 	-0.05 	0.819 	57.002807 	-2.6163267 	13.571849
-0.65225225 	-0.05 	0.819 	57.008229 	-2.6105668 	13.586516
-0.65105105 	-0.05 	0.819 	57.013718 	-2.6049446 	13.600857
-0.64984985 	-0.05 	0.819 	57.019208 	-2.5993225 	13.615198
-0.64864865 	-0.05 	0.819 	57.024697 	-2.5937003 	13.629539
-0.64744745 	-0.05 	0.819 	57.030187 	-2.5880781 	13.643881
-0.64624625 	-0.05 	0.819 	57.033738 	-2.5801504 	13.658867
-0.64504505 	-0.05 	0.819 	57.036854 	-2.5717042 	13.673999
-0.64384384 	-0.05 	0.819 	57.03997 	-2.563258 	13.689131
-0.64264264 	-0.05 	0.819 	57.043087 	-2.5548118 	13.704263
-0.64144144 	-0.05 	0.819 	57.046203 	-2.5463656 	13.719395
-0.64024024 	-0.05 	0.819 	57.050034 	-2.5388568 	13.734263
-0.63903904 	-0.05 	0.819 	57.056841 	-2.5352466 	13.748036
-0.63783784 	-0.05 	0.819 	57.063648 	-2.5316365 	13.761808
-0.63663664 	-0.05 	0.819 	57.070455 	-2.5280263 	13.775581
-0.63543544 	-0.05 	0.819 	57.077262 	-2.5244161 	13.789353
-0.63423423 	-0.05 	0.819 	57.084069 	-2.5208059 	13.803126
-0.63303303 	-0.05 	0.819 	57.08922 	-2.5158284 	13.817165
-0.63183183 	-0.05 	0.819 	57.093238 	-2.5099157 	13.831387
-0.63063063 	-0.05 	0.819 	57.097256 	-2.504003 	13.845608
-0.62942943 	-0.05 	0.819 	57.101274 	-2.4980902 	13.859829
-0.62822823 	-0.05 	0.819 	57.105264 	-2.4921504 	13.874159
-0.62702703 	-0.05 	0.819 	57.109189 	-2.4861468 	13.888741
-0.62582583 	-0.05 	0.819 	57.113114 	-2.4801432 	13.903323
-0.62462462 	-0.05 	0.819 	57.11704 	-2.4741396 	13.917905
-0.62342342 	-0.05 	0.819 	57.120965 	-2.4681361 	13.932488
-0.62222222 	-0.05 	0.819 	57.12489 	-2.4621325 	13.94707
-0.62102102 	-0.05 	0.819 	57.128815 	-2.4561289 	13.961652
-0.61981982 	-0.05 	0.819 	57.13274 	-2.4501253 	13.976234
-0.61861862 	-0.05 	0.819 	57.136666 	-2.4441218 	13.990817
-0.61741742 	-0.05 	0.819 	57.140591 	-2.4381182 	14.005399
-0.61621622 	-0.05 	0.819 	57.143705 	-2.4314039 	14.019629
-0.61501502 	-0.05 	0.819 	57.145408 	-2.4234528 	14.033246
-0.61381381 	-0.05 	0.819 	57.14711 	-2.4155016 	14.046863
-0.61261261 	-0.05 	0.819 	57.148813 	-2.4075504 	14.060481
-0.61141141 	-0.05 	0.819 	57.150516 	-2.3995993 	14.074098
-0.61021021 	-0.05 	0.819 	57.152218 	-2.3916481 	14.087715
-0.60900901 	-0.05 	0.819 	57.156909 	-2.3869207 	14.10234
-0.60780781 	-0.05 	0.819 	57.162318 	-2.3829693 	14.117207
-0.60660661 	-0.05 	0.819 	57.167728 	-2.3790178 	14.132074
-0.60540541 	-0.05 	0.819 	57.173137 	-2.3750663 	14.146941
-0.6042042 	-0.05 	0.819 	57.178547 	-2.3711148 	14.161808
-0.603003 	-0.05 	0.819 	57.183121 	-2.3665574 	14.176598
-0.6018018 	-0.05 	0.819 	57.18567 	-2.3605297 	14.191201
-0.6006006 	-0.05 	0.819 	57.188219 	-2.354502 	14.205804
-0.5993994 	-0.05 	0.819 	57.190767 	-2.3484743 	14.220406
-0.5981982 	-0.05 	0.819 	57.193316 	-2.3424466 	14.235009
-0.596997 	-0.05 	0.819 	57.195865 	-2.3364189 	14.249612
-0.5957958 	-0.05 	0.819 	57.198413 	-2.3303911 	14.264215
-0.59459459 	-0.05 	0.819 	57.200962 	-2.3243634 	14.278818
-0.59339339 	-0.05 	0.819 	57.203511 	-2.3183357 	14.29342
-0.59219219 	-0.05 	0.819 	57.20606 	-2.312308 	14.308023
-0.59099099 	-0.05 	0.819 	57.208643 	-2.3063081 	14.322511
-0.58978979 	-0.05 	0.819 	57.2113 	-2.3003687 	14.336749
-0.58858859 	-0.05 	0.819 	57.213958 	-2.2944293 	14.350987
-0.58738739 	-0.05 	0.819 	57.216616 	-2.2884899 	14.365225
-0.58618619 	-0.05 	0.819 	57.219273 	-2.2825506 	14.379463
-0.58498498 	-0.05 	0.819 	57.220119 	-2.2752008 	14.39426
-0.58378378 	-0.05 	0.819 	57.220668 	-2.2676201 	14.409148
-0.58258258 	-0.05 	0.819 	57.221217 	-2.2600393 	14.424037
-0.58138138 	-0.05 	0.819 	57.221766 	-2.2524585 	14.438926
-0.58018018 	-0.05 	0.819 	57.222315 	-2.2448778 	14.453814
-0.57897898 	-0.05 	0.819 	57.224031 	-2.2382519 	14.468291
-0.57777778 	-0.05 	0.819 	57.227363 	-2.2329477 	14.4822
-0.57657658 	-0.05 	0.819 	57.230695 	-2.2276435 	14.496108
-0.57537538 	-0.05 	0.819 	57.234026 	-2.2223392 	14.510016
-0.57417417 	-0.05 	0.819 	57.237358 	-2.217035 	14.523924
-0.57297297 	-0.05 	0.819 	57.240593 	-2.2116865 	14.537847
-0.57177177 	-0.05 	0.819 	57.241911 	-2.20546 	14.552079
-0.57057057 	-0.05 	0.819 	57.243229 	-2.1992335 	14.566312
-0.56936937 	-0.05 	0.819 	57.244547 	-2.193007 	14.580544
-0.56816817 	-0.05 	0.819 	57.245865 	-2.1867806 	14.594776
-0.56696697 	-0.05 	0.819 	57.247116 	-2.1804929 	14.609246
-0.56576577 	-0.05 	0.819 	57.248307 	-2.1741502 	14.623929
-0.56456456 	-0.05 	0.819 	57.249498 	-2.1678076 	14.638613
-0.56336336 	-0.05 	0.819 	57.250689 	-2.161465 	14.653297
-0.56216216 	-0.05 	0.819 	57.251879 	-2.1551224 	14.66798
-0.56096096 	-0.05 	0.819 	57.25307 	-2.1487798 	14.682664
-0.55975976 	-0.05 	0.819 	57.254261 	-2.1424371 	14.697347
-0.55855856 	-0.05 	0.819 	57.255452 	-2.1360945 	14.712031
-0.55735736 	-0.05 	0.819 	57.256643 	-2.1297519 	14.726714
-0.55615616 	-0.05 	0.819 	57.257834 	-2.1234093 	14.741398
-0.55495495 	-0.05 	0.819 	57.258513 	-2.1167696 	14.755713
-0.55375375 	-0.05 	0.819 	57.258021 	-2.1094496 	14.769184
-0.55255255 	-0.05 	0.819 	57.257529 	-2.1021296 	14.782655
-0.55135135 	-0.05 	0.819 	57.257038 	-2.0948096 	14.796126
-0.55015015 	-0.05 	0.819 	57.256546 	-2.0874897 	14.809598
-0.54894895 	-0.05 	0.819 	57.256153 	-2.0802375 	14.823133
-0.54774775 	-0.05 	0.819 	57.258216 	-2.0746686 	14.838266
-0.54654655 	-0.05 	0.819 	57.260279 	-2.0690997 	14.853399
-0.54534535 	-0.05 	0.819 	57.262341 	-2.0635308 	14.868532
-0.54414414 	-0.05 	0.819 	57.264404 	-2.0579619 	14.883665
-0.54294294 	-0.05 	0.819 	57.266467 	-2.052393 	14.898798
-0.54174174 	-0.05 	0.819 	57.266972 	-2.046315 	14.913472
-0.54054054 	-0.05 	0.819 	57.267113 	-2.0401183 	14.928038
-0.53933934 	-0.05 	0.819 	57.267254 	-2.0339216 	14.942605
-0.53813814 	-0.05 	0.819 	57.267396 	-2.0277249 	14.957171
-0.53693694 	-0.05 	0.819 	57.267537 	-2.0215282 	14.971737
-0.53573574 	-0.05 	0.819 	57.267679 	-2.0153314 	14.986304
-0.53453453 	-0.05 	0.819 	57.26782 	-2.0091347 	15.00087
-0.53333333 	-0.05 	0.819 	57.267961 	-2.002938 	15.015436
-0.53213213 	-0.05 	0.819 	57.268103 	-1.9967413 	15.030003
-0.53093093 	-0.05 	0.819 	57.268244 	-1.9905445 	15.044569
-0.52972973 	-0.05 	0.819 	57.26845 	-1.9844266 	15.058835
-0.52852853 	-0.05 	0.819 	57.268709 	-1.978374 	15.072851
-0.52732733 	-0.05 	0.819 	57.268969 	-1.9723214 	15.086867
-0.52612613 	-0.05 	0.819 	57.269228 	-1.9662688 	15.100883
-0.52492492 	-0.05 	0.819 	57.269487 	-1.9602162 	15.114899
-0.52372372 	-0.05 	0.819 	57.268547 	-1.9539751 	15.129371
-0.52252252 	-0.05 	0.819 	57.267433 	-1.9477068 	15.143908
-0.52132132 	-0.05 	0.819 	57.266319 	-1.9414384 	15.158446
-0.52012012 	-0.05 	0.819 	57.265205 	-1.9351701 	15.172983
-0.51891892 	-0.05 	0.819 	57.26409 	-1.9289017 	15.187521
-0.51771772 	-0.05 	0.819 	57.264052 	-1.9232316 	15.201637
-0.51651652 	-0.05 	0.819 	57.264591 	-1.9178825 	15.215527
-0.51531532 	-0.05 	0.819 	57.265131 	-1.9125333 	15.229418
-0.51411411 	-0.05 	0.819 	57.26567 	-1.9071842 	15.243308
-0.51291291 	-0.05 	0.819 	57.266209 	-1.9018351 	15.257199
-0.51171171 	-0.05 	0.819 	57.266111 	-1.8963411 	15.271058
-0.51051051 	-0.05 	0.819 	57.265205 	-1.8906632 	15.284879
-0.50930931 	-0.05 	0.819 	57.264298 	-1.8849852 	15.2987
-0.50810811 	-0.05 	0.819 	57.263392 	-1.8793073 	15.312521
-0.50690691 	-0.05 	0.819 	57.262486 	-1.8736294 	15.326341
-0.50570571 	-0.05 	0.819 	57.261516 	-1.8678391 	15.340634
-0.5045045 	-0.05 	0.819 	57.260527 	-1.8620127 	15.355077
-0.5033033 	-0.05 	0.819 	57.259537 	-1.8561862 	15.369521
-0.5021021 	-0.05 	0.819 	57.258547 	-1.8503598 	15.383965
-0.5009009 	-0.05 	0.819 	57.257558 	-1.8445334 	15.398409
-0.4996997 	-0.05 	0.819 	57.256568 	-1.8387069 	15.412853
-0.4984985 	-0.05 	0.819 	57.255579 	-1.8328805 	15.427297
-0.4972973 	-0.05 	0.819 	57.254589 	-1.8270541 	15.44174
-0.4960961 	-0.05 	0.819 	57.2536 	-1.8212277 	15.456184
-0.49489489 	-0.05 	0.819 	57.25261 	-1.8154012 	15.470628
-0.49369369 	-0.05 	0.819 	57.250985 	-1.8092811 	15.484311
-0.49249249 	-0.05 	0.819 	57.248555 	-1.8027898 	15.497034
-0.49129129 	-0.05 	0.819 	57.246126 	-1.7962985 	15.509756
-0.49009009 	-0.05 	0.819 	57.243697 	-1.7898071 	15.522478
-0.48888889 	-0.05 	0.819 	57.241268 	-1.7833158 	15.5352
-0.48768769 	-0.05 	0.819 	57.23916 	-1.7769613 	15.548622
-0.48648649 	-0.05 	0.819 	57.237943 	-1.7709853 	15.563981
-0.48528529 	-0.05 	0.819 	57.236725 	-1.7650094 	15.579339
-0.48408408 	-0.05 	0.819 	57.235508 	-1.7590334 	15.594697
-0.48288288 	-0.05 	0.819 	57.23429 	-1.7530575 	15.610056
-0.48168168 	-0.05 	0.819 	57.23294 	-1.747108 	15.625282
-0.48048048 	-0.05 	0.819 	57.230634 	-1.7413493 	15.639558
-0.47927928 	-0.05 	0.819 	57.228329 	-1.7355907 	15.653834
-0.47807808 	-0.05 	0.819 	57.226023 	-1.729832 	15.668109
-0.47687688 	-0.05 	0.819 	57.223717 	-1.7240734 	15.682385
-0.47567568 	-0.05 	0.819 	57.221411 	-1.7183147 	15.69666
-0.47447447 	-0.05 	0.819 	57.219106 	-1.712556 	15.710936
-0.47327327 	-0.05 	0.819 	57.2168 	-1.7067974 	15.725211
-0.47207207 	-0.05 	0.819 	57.214494 	-1.7010387 	15.739487
-0.47087087 	-0.05 	0.819 	57.212188 	-1.6952801 	15.753762
-0.46966967 	-0.05 	0.819 	57.209882 	-1.6895214 	15.768038
-0.46846847 	-0.05 	0.819 	57.207626 	-1.6838738 	15.781811
-0.46726727 	-0.05 	0.819 	57.205384 	-1.6782583 	15.795438
-0.46606607 	-0.05 	0.819 	57.203141 	-1.6726428 	15.809066
-0.46486486 	-0.05 	0.819 	57.200899 	-1.6670274 	15.822693
-0.46366366 	-0.05 	0.819 	57.198657 	-1.6614119 	15.836321
-0.46246246 	-0.05 	0.819 	57.195427 	-1.6554637 	15.850321
-0.46126126 	-0.05 	0.819 	57.192161 	-1.6495033 	15.864334
-0.46006006 	-0.05 	0.819 	57.188895 	-1.6435428 	15.878347
-0.45885886 	-0.05 	0.819 	57.185628 	-1.6375824 	15.892361
-0.45765766 	-0.05 	0.819 	57.182362 	-1.6316219 	15.906374
-0.45645646 	-0.05 	0.819 	57.179309 	-1.625834 	15.920062
-0.45525526 	-0.05 	0.819 	57.176284 	-1.6200693 	15.933705
-0.45405405 	-0.05 	0.819 	57.17326 	-1.6143046 	15.947349
-0.45285285 	-0.05 	0.819 	57.170236 	-1.6085398 	15.960993
-0.45165165 	-0.05 	0.819 	57.167211 	-1.6027751 	15.974637
-0.45045045 	-0.05 	0.819 	57.163782 	-1.5972205 	15.98811
-0.44924925 	-0.05 	0.819 	57.160282 	-1.5917034 	16.001553
-0.44804805 	-0.05 	0.819 	57.156781 	-1.5861863 	16.014995
-0.44684685 	-0.05 	0.819 	57.15328 	-1.5806692 	16.028438
-0.44564565 	-0.05 	0.819 	57.149779 	-1.5751521 	16.041881
-0.44444444 	-0.05 	0.819 	57.146197 	-1.5695009 	16.055974
-0.44324324 	-0.05 	0.819 	57.142614 	-1.5638481 	16.070074
-0.44204204 	-0.05 	0.819 	57.13903 	-1.5581953 	16.084175
-0.44084084 	-0.05 	0.819 	57.135447 	-1.5525425 	16.098276
-0.43963964 	-0.05 	0.819 	57.131864 	-1.5468897 	16.112377
-0.43843844 	-0.05 	0.819 	57.128281 	-1.5412368 	16.126478
-0.43723724 	-0.05 	0.819 	57.124698 	-1.535584 	16.140578
-0.43603604 	-0.05 	0.819 	57.121115 	-1.5299312 	16.154679
-0.43483483 	-0.05 	0.819 	57.117531 	-1.5242784 	16.16878
-0.43363363 	-0.05 	0.819 	57.113948 	-1.5186256 	16.182881
-0.43243243 	-0.05 	0.819 	57.110113 	-1.5128326 	16.196081
-0.43123123 	-0.05 	0.819 	57.105969 	-1.5068678 	16.208177
-0.43003003 	-0.05 	0.819 	57.101825 	-1.500903 	16.220272
-0.42882883 	-0.05 	0.819 	57.097681 	-1.4949382 	16.232368
-0.42762763 	-0.05 	0.819 	57.093537 	-1.4889735 	16.244464
-0.42642643 	-0.05 	0.819 	57.089166 	-1.4831027 	16.258026
-0.42522523 	-0.05 	0.819 	57.084569 	-1.4773258 	16.273053
-0.42402402 	-0.05 	0.819 	57.079972 	-1.4715488 	16.288079
-0.42282282 	-0.05 	0.819 	57.075375 	-1.4657719 	16.303105
-0.42162162 	-0.05 	0.819 	57.070778 	-1.459995 	16.318132
-0.42042042 	-0.05 	0.819 	57.065984 	-1.4543795 	16.33247
-0.41921922 	-0.05 	0.819 	57.061044 	-1.4488845 	16.346295
-0.41801802 	-0.05 	0.819 	57.056104 	-1.4433895 	16.360119
-0.41681682 	-0.05 	0.819 	57.051164 	-1.4378944 	16.373943
-0.41561562 	-0.05 	0.819 	57.046224 	-1.4323994 	16.387768
-0.41441441 	-0.05 	0.819 	57.041284 	-1.4269044 	16.401592
-0.41321321 	-0.05 	0.819 	57.036344 	-1.4214094 	16.415417
-0.41201201 	-0.05 	0.819 	57.031404 	-1.4159144 	16.429241
-0.41081081 	-0.05 	0.819 	57.026464 	-1.4104194 	16.443066
-0.40960961 	-0.05 	0.819 	57.021524 	-1.4049244 	16.45689
-0.40840841 	-0.05 	0.819 	57.016584 	-1.399431 	16.470709
-0.40720721 	-0.05 	0.819 	57.011741 	-1.3941225 	16.483866
-0.40600601 	-0.05 	0.819 	57.006898 	-1.388814 	16.497023
-0.4048048 	-0.05 	0.819 	57.002055 	-1.3835055 	16.51018
-0.4036036 	-0.05 	0.819 	56.997212 	-1.378197 	16.523337
-0.4024024 	-0.05 	0.819 	56.992337 	-1.3728977 	16.536515
-0.4012012 	-0.05 	0.819 	56.986941 	-1.3677487 	16.550047
-0.4 	-0.05 	0.819 	56.981545 	-1.3625997 	16.563578
-0.3987988 	-0.05 	0.819 	56.976149 	-1.3574506 	16.57711
-0.3975976 	-0.05 	0.819 	56.970753 	-1.3523016 	16.590641
-0.3963964 	-0.05 	0.819 	56.965251 	-1.3471663 	16.604092
-0.3951952 	-0.05 	0.819 	56.958928 	-1.3421384 	16.616916
-0.39399399 	-0.05 	0.819 	56.952606 	-1.3371104 	16.629739
-0.39279279 	-0.05 	0.819 	56.946283 	-1.3320824 	16.642563
-0.39159159 	-0.05 	0.819 	56.93996 	-1.3270544 	16.655387
-0.39039039 	-0.05 	0.819 	56.933669 	-1.3219701 	16.668241
-0.38918919 	-0.05 	0.819 	56.927533 	-1.3166056 	16.681252
-0.38798799 	-0.05 	0.819 	56.921398 	-1.3112411 	16.694263
-0.38678679 	-0.05 	0.819 	56.915262 	-1.3058766 	16.707274
-0.38558559 	-0.05 	0.819 	56.909127 	-1.3005122 	16.720285
-0.38438438 	-0.05 	0.819 	56.902967 	-1.2951153 	16.733447
-0.38318318 	-0.05 	0.819 	56.896719 	-1.2896033 	16.747148
-0.38198198 	-0.05 	0.819 	56.890472 	-1.2840914 	16.760848
-0.38078078 	-0.05 	0.819 	56.884225 	-1.2785794 	16.774549
-0.37957958 	-0.05 	0.819 	56.877978 	-1.2730674 	16.78825
-0.37837838 	-0.05 	0.819 	56.871731 	-1.2675554 	16.801951
-0.37717718 	-0.05 	0.819 	56.865484 	-1.2620434 	16.815652
-0.37597598 	-0.05 	0.819 	56.859237 	-1.2565314 	16.829352
-0.37477477 	-0.05 	0.819 	56.85299 	-1.2510194 	16.843053
-0.37357357 	-0.05 	0.819 	56.846743 	-1.2455075 	16.856754
-0.37237237 	-0.05 	0.819 	56.840496 	-1.2399955 	16.870455
-0.37117117 	-0.05 	0.819 	56.834318 	-1.233776 	16.882952
-0.36996997 	-0.05 	0.819 	56.828174 	-1.2272037 	16.894848
-0.36876877 	-0.05 	0.819 	56.822031 	-1.2206315 	16.906745
-0.36756757 	-0.05 	0.819 	56.815887 	-1.2140592 	16.918641
-0.36636637 	-0.05 	0.819 	56.809743 	-1.207487 	16.930538
-0.36516517 	-0.05 	0.819 	56.802535 	-1.201732 	16.944346
-0.36396396 	-0.05 	0.819 	56.79493 	-1.1962824 	16.958868
-0.36276276 	-0.05 	0.819 	56.787325 	-1.1908328 	16.97339
-0.36156156 	-0.05 	0.819 	56.77972 	-1.1853832 	16.987912
-0.36036036 	-0.05 	0.819 	56.772114 	-1.1799336 	17.002434
-0.35915916 	-0.05 	0.819 	56.764523 	-1.1746271 	17.01603
-0.35795796 	-0.05 	0.819 	56.756935 	-1.1693552 	17.029402
-0.35675676 	-0.05 	0.819 	56.749348 	-1.1640833 	17.042775
-0.35555556 	-0.05 	0.819 	56.74176 	-1.1588114 	17.056147
-0.35435435 	-0.05 	0.819 	56.734172 	-1.1535395 	17.069519
-0.35315315 	-0.05 	0.819 	56.726585 	-1.1482676 	17.082891
-0.35195195 	-0.05 	0.819 	56.718997 	-1.1429957 	17.096264
-0.35075075 	-0.05 	0.819 	56.711409 	-1.1377238 	17.109636
-0.34954955 	-0.05 	0.819 	56.703822 	-1.1324519 	17.123008
-0.34834835 	-0.05 	0.819 	56.696234 	-1.12718 	17.136381
-0.34714715 	-0.05 	0.819 	56.688682 	-1.1219455 	17.149599
-0.34594595 	-0.05 	0.819 	56.681246 	-1.1168307 	17.162328
-0.34474474 	-0.05 	0.819 	56.673809 	-1.1117158 	17.175056
-0.34354354 	-0.05 	0.819 	56.666372 	-1.1066009 	17.187785
-0.34234234 	-0.05 	0.819 	56.658936 	-1.101486 	17.200513
-0.34114114 	-0.05 	0.819 	56.651462 	-1.096457 	17.213352
-0.33993994 	-0.05 	0.819 	56.643862 	-1.0917206 	17.22657
-0.33873874 	-0.05 	0.819 	56.636262 	-1.0869843 	17.239787
-0.33753754 	-0.05 	0.819 	56.628662 	-1.0822479 	17.253004
-0.33633634 	-0.05 	0.819 	56.621063 	-1.0775116 	17.266222
-0.33513514 	-0.05 	0.819 	56.612995 	-1.0730234 	17.278981
-0.33393393 	-0.05 	0.819 	56.604042 	-1.0690048 	17.290874
-0.33273273 	-0.05 	0.819 	56.595089 	-1.0649861 	17.302766
-0.33153153 	-0.05 	0.819 	56.586137 	-1.0609675 	17.314659
-0.33033033 	-0.05 	0.819 	56.577184 	-1.0569488 	17.326552
-0.32912913 	-0.05 	0.819 	56.568214 	-1.0525304 	17.338672
-0.32792793 	-0.05 	0.819 	56.559227 	-1.0477155 	17.351018
-0.32672673 	-0.05 	0.819 	56.55024 	-1.0429007 	17.363365
-0.32552553 	-0.05 	0.819 	56.541253 	-1.0380858 	17.375711
-0.32432432 	-0.05 	0.819 	56.532266 	-1.033271 	17.388057
-0.32312312 	-0.05 	0.819 	56.523191 	-1.0283402 	17.400681
-0.32192192 	-0.05 	0.819 	56.51401 	-1.0232691 	17.413642
-0.32072072 	-0.05 	0.819 	56.504828 	-1.018198 	17.426602
-0.31951952 	-0.05 	0.819 	56.495647 	-1.0131268 	17.439562
-0.31831832 	-0.05 	0.819 	56.486466 	-1.0080557 	17.452522
-0.31711712 	-0.05 	0.819 	56.477285 	-1.0029845 	17.465482
-0.31591592 	-0.05 	0.819 	56.468104 	-0.99791341 	17.478443
-0.31471471 	-0.05 	0.819 	56.458923 	-0.99284227 	17.491403
-0.31351351 	-0.05 	0.819 	56.449742 	-0.98777113 	17.504363
-0.31231231 	-0.05 	0.819 	56.440561 	-0.98269999 	17.517323
-0.31111111 	-0.05 	0.819 	56.431379 	-0.97762885 	17.530283
-0.30990991 	-0.05 	0.819 	56.422132 	-0.97170043 	17.541948
-0.30870871 	-0.05 	0.819 	56.412862 	-0.96546033 	17.553142
-0.30750751 	-0.05 	0.819 	56.403591 	-0.95922022 	17.564336
-0.30630631 	-0.05 	0.819 	56.39432 	-0.95298011 	17.57553
-0.30510511 	-0.05 	0.819 	56.385049 	-0.94674001 	17.586723
-0.3039039 	-0.05 	0.819 	56.374621 	-0.94214393 	17.600012
-0.3027027 	-0.05 	0.819 	56.36415 	-0.93760903 	17.613379
-0.3015015 	-0.05 	0.819 	56.353679 	-0.93307414 	17.626746
-0.3003003 	-0.05 	0.819 	56.343208 	-0.92853924 	17.640112
-0.2990991 	-0.05 	0.819 	56.332667 	-0.92389434 	17.65327
-0.2978979 	-0.05 	0.819 	56.321867 	-0.91884743 	17.665666
-0.2966967 	-0.05 	0.819 	56.311067 	-0.91380052 	17.678062
-0.2954955 	-0.05 	0.819 	56.300267 	-0.9087536 	17.690457
-0.29429429 	-0.05 	0.819 	56.289467 	-0.90370669 	17.702853
-0.29309309 	-0.05 	0.819 	56.278667 	-0.89865978 	17.715249
-0.29189189 	-0.05 	0.819 	56.267867 	-0.89361287 	17.727644
-0.29069069 	-0.05 	0.819 	56.257067 	-0.88856595 	17.74004
-0.28948949 	-0.05 	0.819 	56.246266 	-0.88351904 	17.752436
-0.28828829 	-0.05 	0.819 	56.235466 	-0.87847213 	17.764832
-0.28708709 	-0.05 	0.819 	56.224666 	-0.87342522 	17.777227
-0.28588589 	-0.05 	0.819 	56.213963 	-0.86854497 	17.78931
-0.28468468 	-0.05 	0.819 	56.203366 	-0.86385056 	17.801045
-0.28348348 	-0.05 	0.819 	56.19277 	-0.85915614 	17.81278
-0.28228228 	-0.05 	0.819 	56.182174 	-0.85446173 	17.824514
-0.28108108 	-0.05 	0.819 	56.171578 	-0.84976732 	17.836249
-0.27987988 	-0.05 	0.819 	56.16093 	-0.84476117 	17.848138
-0.27867868 	-0.05 	0.819 	56.150178 	-0.8391314 	17.860335
-0.27747748 	-0.05 	0.819 	56.139427 	-0.83350162 	17.872531
-0.27627628 	-0.05 	0.819 	56.128675 	-0.82787184 	17.884728
-0.27507508 	-0.05 	0.819 	56.117924 	-0.82224206 	17.896925
-0.27387387 	-0.05 	0.819 	56.106535 	-0.81837301 	17.908122
-0.27267267 	-0.05 	0.819 	56.09468 	-0.81579066 	17.918589
-0.27147147 	-0.05 	0.819 	56.082826 	-0.81320831 	17.929056
-0.27027027 	-0.05 	0.819 	56.070971 	-0.81062596 	17.939523
-0.26906907 	-0.05 	0.819 	56.059116 	-0.80804361 	17.94999
-0.26786787 	-0.05 	0.819 	56.046892 	-0.80372618 	17.961139
-0.26666667 	-0.05 	0.819 	56.03459 	-0.7990446 	17.972432
-0.26546547 	-0.05 	0.819 	56.022288 	-0.79436302 	17.983725
-0.26426426 	-0.05 	0.819 	56.009987 	-0.78968145 	17.995018
-0.26306306 	-0.05 	0.819 	55.997685 	-0.78499987 	18.006311
-0.26186186 	-0.05 	0.819 	55.98524 	-0.78018731 	18.018043
-0.26066066 	-0.05 	0.819 	55.972729 	-0.77531443 	18.029977
-0.25945946 	-0.05 	0.819 	55.960219 	-0.77044156 	18.04191
-0.25825826 	-0.05 	0.819 	55.947708 	-0.76556868 	18.053844
-0.25705706 	-0.05 	0.819 	55.935197 	-0.76069581 	18.065778
-0.25585586 	-0.05 	0.819 	55.922687 	-0.75582294 	18.077712
-0.25465465 	-0.05 	0.819 	55.910176 	-0.75095006 	18.089645
-0.25345345 	-0.05 	0.819 	55.897666 	-0.74607719 	18.101579
-0.25225225 	-0.05 	0.819 	55.885155 	-0.74120431 	18.113513
-0.25105105 	-0.05 	0.819 	55.872644 	-0.73633144 	18.125447
-0.24984985 	-0.05 	0.819 	55.860134 	-0.73145856 	18.13738
-0.24864865 	-0.05 	0.819 	55.847244 	-0.72486181 	18.147715
-0.24744745 	-0.05 	0.819 	55.834324 	-0.71812526 	18.157921
-0.24624625 	-0.05 	0.819 	55.821403 	-0.71138872 	18.168126
-0.24504505 	-0.05 	0.819 	55.808483 	-0.70465218 	18.178332
-0.24384384 	-0.05 	0.819 	55.795545 	-0.69844942 	18.188997
-0.24264264 	-0.05 	0.819 	55.782532 	-0.69445008 	18.20156
-0.24144144 	-0.05 	0.819 	55.769519 	-0.69045074 	18.214123
-0.24024024 	-0.05 	0.819 	55.756506 	-0.68645139 	18.226686
-0.23903904 	-0.05 	0.819 	55.743493 	-0.68245205 	18.239249
-0.23783784 	-0.05 	0.819 	55.729882 	-0.67802024 	18.25117
-0.23663664 	-0.05 	0.819 	55.715645 	-0.67313439 	18.262416
-0.23543544 	-0.05 	0.819 	55.701407 	-0.66824853 	18.273662
-0.23423423 	-0.05 	0.819 	55.68717 	-0.66336268 	18.284908
-0.23303303 	-0.05 	0.819 	55.672932 	-0.65847682 	18.296154
-0.23183183 	-0.05 	0.819 	55.658695 	-0.65359097 	18.3074
-0.23063063 	-0.05 	0.819 	55.644457 	-0.64870511 	18.318646
-0.22942943 	-0.05 	0.819 	55.63022 	-0.64381926 	18.329892
-0.22822823 	-0.05 	0.819 	55.615983 	-0.6389334 	18.341139
-0.22702703 	-0.05 	0.819 	55.601745 	-0.63404755 	18.352385
-0.22582583 	-0.05 	0.819 	55.587508 	-0.62916169 	18.363631
-0.22462462 	-0.05 	0.819 	55.573477 	-0.62426836 	18.374507
-0.22342342 	-0.05 	0.819 	55.559532 	-0.6193719 	18.385229
-0.22222222 	-0.05 	0.819 	55.545588 	-0.61447543 	18.39595
-0.22102102 	-0.05 	0.819 	55.531644 	-0.60957897 	18.406672
-0.21981982 	-0.05 	0.819 	55.517699 	-0.6046825 	18.417394
-0.21861862 	-0.05 	0.819 	55.503388 	-0.59986305 	18.428497
-0.21741742 	-0.05 	0.819 	55.488649 	-0.59513327 	18.440046
-0.21621622 	-0.05 	0.819 	55.47391 	-0.59040349 	18.451595
-0.21501502 	-0.05 	0.819 	55.459171 	-0.5856737 	18.463144
-0.21381381 	-0.05 	0.819 	55.444432 	-0.58094392 	18.474693
-0.21261261 	-0.05 	0.819 	55.430351 	-0.57668048 	18.484089
-0.21141141 	-0.05 	0.819 	55.416424 	-0.57252547 	18.492984
-0.21021021 	-0.05 	0.819 	55.402497 	-0.56837045 	18.501879
-0.20900901 	-0.05 	0.819 	55.38857 	-0.56421544 	18.510775
-0.20780781 	-0.05 	0.819 	55.374337 	-0.56004607 	18.519828
-0.20660661 	-0.05 	0.819 	55.358887 	-0.55581969 	18.529512
-0.20540541 	-0.05 	0.819 	55.343438 	-0.55159331 	18.539196
-0.2042042 	-0.05 	0.819 	55.327989 	-0.54736692 	18.54888
-0.203003 	-0.05 	0.819 	55.312539 	-0.54314054 	18.558564
-0.2018018 	-0.05 	0.819 	55.29709 	-0.53891416 	18.568248
-0.2006006 	-0.05 	0.819 	55.281322 	-0.53463256 	18.578324
-0.1993994 	-0.05 	0.819 	55.265526 	-0.53034599 	18.588436
-0.1981982 	-0.05 	0.819 	55.24973 	-0.52605941 	18.598547
-0.196997 	-0.05 	0.819 	55.233933 	-0.52177283 	18.608659
-0.1957958 	-0.05 	0.819 	55.218137 	-0.51748625 	18.61877
-0.19459459 	-0.05 	0.819 	55.202341 	-0.51319968 	18.628882
-0.19339339 	-0.05 	0.819 	55.186545 	-0.5089131 	18.638993
-0.19219219 	-0.05 	0.819 	55.170748 	-0.50462652 	18.649105
-0.19099099 	-0.05 	0.819 	55.154952 	-0.50033994 	18.659216
-0.18978979 	-0.05 	0.819 	55.139156 	-0.49605337 	18.669328
-0.18858859 	-0.05 	0.819 	55.123359 	-0.49176679 	18.679439
-0.18738739 	-0.05 	0.819 	55.106582 	-0.48710268 	18.687902
-0.18618619 	-0.05 	0.819 	55.089761 	-0.48242187 	18.696293
-0.18498498 	-0.05 	0.819 	55.07294 	-0.47774105 	18.704683
-0.18378378 	-0.05 	0.819 	55.056119 	-0.47306024 	18.713073
-0.18258258 	-0.05 	0.819 	55.040099 	-0.46931273 	18.722229
-0.18138138 	-0.05 	0.819 	55.025153 	-0.46681431 	18.732408
-0.18018018 	-0.05 	0.819 	55.010207 	-0.4643159 	18.742588
-0.17897898 	-0.05 	0.819 	54.995261 	-0.46181749 	18.752768
-0.17777778 	-0.05 	0.819 	54.980315 	-0.45931908 	18.762948
-0.17657658 	-0.05 	0.819 	54.963336 	-0.45617442 	18.771997
-0.17537538 	-0.05 	0.819 	54.946184 	-0.45297465 	18.780949
-0.17417417 	-0.05 	0.819 	54.929032 	-0.44977488 	18.789902
-0.17297297 	-0.05 	0.819 	54.91188 	-0.4465751 	18.798854
-0.17177177 	-0.05 	0.819 	54.894727 	-0.44337533 	18.807806
-0.17057057 	-0.05 	0.819 	54.877575 	-0.44017556 	18.816758
-0.16936937 	-0.05 	0.819 	54.860423 	-0.43697578 	18.825711
-0.16816817 	-0.05 	0.819 	54.843271 	-0.43377601 	18.834663
-0.16696697 	-0.05 	0.819 	54.826118 	-0.43057623 	18.843615
-0.16576577 	-0.05 	0.819 	54.808966 	-0.42737646 	18.852568
-0.16456456 	-0.05 	0.819 	54.791814 	-0.42417669 	18.86152
-0.16336336 	-0.05 	0.819 	54.77494 	-0.4210415 	18.870214
-0.16216216 	-0.05 	0.819 	54.758084 	-0.4179106 	18.878891
-0.16096096 	-0.05 	0.819 	54.741229 	-0.41477971 	18.887567
-0.15975976 	-0.05 	0.819 	54.724374 	-0.41164881 	18.896244
-0.15855856 	-0.05 	0.819 	54.707518 	-0.40851792 	18.904921
-0.15735736 	-0.05 	0.819 	54.689889 	-0.40545034 	18.914151
-0.15615616 	-0.05 	0.819 	54.671618 	-0.40243534 	18.923842
-0.15495495 	-0.05 	0.819 	54.653347 	-0.39942035 	18.933532
-0.15375375 	-0.05 	0.819 	54.635075 	-0.39640536 	18.943223
-0.15255255 	-0.05 	0.819 	54.616887 	-0.39347791 	18.952794
-0.15135135 	-0.05 	0.819 	54.600514 	-0.39247132 	18.959754
-0.15015015 	-0.05 	0.819 	54.584142 	-0.39146474 	18.966714
-0.14894895 	-0.05 	0.819 	54.567769 	-0.39045816 	18.973674
-0.14774775 	-0.05 	0.819 	54.551396 	-0.38945158 	18.980634
-0.14654655 	-0.05 	0.819 	54.534085 	-0.38805643 	18.988032
-0.14534535 	-0.05 	0.819 	54.516017 	-0.38634769 	18.995784
-0.14414414 	-0.05 	0.819 	54.497948 	-0.38463895 	19.003536
-0.14294294 	-0.05 	0.819 	54.47988 	-0.38293021 	19.011288
-0.14174174 	-0.05 	0.819 	54.461812 	-0.38122147 	19.01904
-0.14054054 	-0.05 	0.819 	54.443716 	-0.37951667 	19.026787
-0.13933934 	-0.05 	0.819 	54.425468 	-0.3778342 	19.03451
-0.13813814 	-0.05 	0.819 	54.40722 	-0.37615173 	19.042233
-0.13693694 	-0.05 	0.819 	54.388971 	-0.37446926 	19.049957
-0.13573574 	-0.05 	0.819 	54.370723 	-0.37278679 	19.05768
-0.13453453 	-0.05 	0.819 	54.352475 	-0.37110432 	19.065403
-0.13333333 	-0.05 	0.819 	54.334226 	-0.36942184 	19.073126
-0.13213213 	-0.05 	0.819 	54.315978 	-0.36773937 	19.080849
-0.13093093 	-0.05 	0.819 	54.29773 	-0.3660569 	19.088572
-0.12972973 	-0.05 	0.819 	54.279482 	-0.36437443 	19.096295
-0.12852853 	-0.05 	0.819 	54.261233 	-0.36269196 	19.104018
-0.12732733 	-0.05 	0.819 	54.242862 	-0.36086623 	19.111581
-0.12612613 	-0.05 	0.819 	54.22342 	-0.35778805 	19.117747
-0.12492492 	-0.05 	0.819 	54.203978 	-0.35470987 	19.123913
-0.12372372 	-0.05 	0.819 	54.184535 	-0.35163169 	19.130079
-0.12252252 	-0.05 	0.819 	54.165093 	-0.34855351 	19.136245
-0.12132132 	-0.05 	0.819 	54.147021 	-0.34825386 	19.144165
-0.12012012 	-0.05 	0.819 	54.129659 	-0.3493934 	19.152993
-0.11891892 	-0.05 	0.819 	54.112298 	-0.35053294 	19.161821
-0.11771772 	-0.05 	0.819 	54.094936 	-0.35167247 	19.170649
-0.11651652 	-0.05 	0.819 	54.077018 	-0.35219448 	19.179212
-0.11531532 	-0.05 	0.819 	54.057463 	-0.35089808 	19.186996
-0.11411411 	-0.05 	0.819 	54.037907 	-0.34960168 	19.19478
-0.11291291 	-0.05 	0.819 	54.018352 	-0.34830528 	19.202564
-0.11171171 	-0.05 	0.819 	53.998796 	-0.34700888 	19.210348
-0.11051051 	-0.05 	0.819 	53.979241 	-0.34571248 	19.218132
-0.10930931 	-0.05 	0.819 	53.959686 	-0.34441609 	19.225915
-0.10810811 	-0.05 	0.819 	53.94013 	-0.34311969 	19.233699
-0.10690691 	-0.05 	0.819 	53.920575 	-0.34182329 	19.241483
-0.10570571 	-0.05 	0.819 	53.901019 	-0.34052689 	19.249267
-0.1045045 	-0.05 	0.819 	53.881464 	-0.33923049 	19.257051
-0.1033033 	-0.05 	0.819 	53.861267 	-0.33820636 	19.265393
-0.1021021 	-0.05 	0.819 	53.837893 	-0.33853154 	19.2765
-0.1009009 	-0.05 	0.819 	53.814519 	-0.33885671 	19.287607
-0.0996997 	-0.05 	0.819 	53.791145 	-0.33918189 	19.298714
-0.098498498 	-0.05 	0.819 	53.767771 	-0.33950706 	19.309821
-0.097297297 	-0.05 	0.819 	53.744397 	-0.33983224 	19.320928
-0.096096096 	-0.05 	0.819 	53.720891 	-0.3393297 	19.331122
-0.094894895 	-0.05 	0.819 	53.697287 	-0.33820739 	19.340632
-0.093693694 	-0.05 	0.819 	53.673683 	-0.33708508 	19.350142
-0.092492492 	-0.05 	0.819 	53.650079 	-0.33596277 	19.359651
-0.091291291 	-0.05 	0.819 	53.629677 	-0.33574448 	19.367944
-0.09009009 	-0.05 	0.819 	53.617837 	-0.33794382 	19.372983
-0.088888889 	-0.05 	0.819 	53.605998 	-0.34014316 	19.378021
-0.087687688 	-0.05 	0.819 	53.594158 	-0.34234249 	19.38306
-0.086486486 	-0.05 	0.819 	53.582169 	-0.34445936 	19.388138
-0.085285285 	-0.05 	0.819 	53.565659 	-0.34407991 	19.394397
-0.084084084 	-0.05 	0.819 	53.549148 	-0.34370046 	19.400656
-0.082882883 	-0.05 	0.819 	53.532637 	-0.34332101 	19.406915
-0.081681682 	-0.05 	0.819 	53.516127 	-0.34294155 	19.413174
-0.08048048 	-0.05 	0.819 	53.499616 	-0.3425621 	19.419433
-0.079279279 	-0.05 	0.819 	53.481976 	-0.34206671 	19.426164
-0.078078078 	-0.05 	0.819 	53.462497 	-0.34138235 	19.433665
-0.076876877 	-0.05 	0.819 	53.443018 	-0.340698 	19.441166
-0.075675676 	-0.05 	0.819 	53.42358 	-0.34178879 	19.449808
-0.074474474 	-0.05 	0.819 	53.404171 	-0.34415187 	19.459269
-0.073273273 	-0.05 	0.819 	53.384761 	-0.34651496 	19.468731
-0.072072072 	-0.05 	0.819 	53.364238 	-0.34865747 	19.478576
-0.070870871 	-0.05 	0.819 	53.343408 	-0.35073933 	19.488526
-0.06966967 	-0.05 	0.819 	53.322579 	-0.35282119 	19.498477
-0.068468468 	-0.05 	0.819 	53.301749 	-0.35490306 	19.508428
-0.067267267 	-0.05 	0.819 	53.28092 	-0.35698492 	19.518379
-0.066066066 	-0.05 	0.819 	53.26009 	-0.35906679 	19.52833
-0.064864865 	-0.05 	0.819 	53.23133 	-0.35959816 	19.542002
-0.063663664 	-0.05 	0.819 	53.202547 	-0.36012496 	19.555686
-0.062462462 	-0.05 	0.819 	53.173764 	-0.36065176 	19.569369
-0.061261261 	-0.05 	0.819 	53.144982 	-0.36117856 	19.583053
-0.06006006 	-0.05 	0.819 	53.131871 	-0.36052949 	19.587185
-0.058858859 	-0.05 	0.819 	53.12068 	-0.35973652 	19.590149
-0.057657658 	-0.05 	0.819 	53.10903 	-0.35911495 	19.593662
-0.056456456 	-0.05 	0.819 	53.092923 	-0.36016444 	19.602534
-0.055255255 	-0.05 	0.819 	53.076815 	-0.36121392 	19.611407
-0.054054054 	-0.05 	0.819 	53.060707 	-0.36226341 	19.62028
-0.052852853 	-0.05 	0.819 	53.044599 	-0.36331289 	19.629152
-0.051651652 	-0.05 	0.819 	53.028492 	-0.36436238 	19.638025
-0.05045045 	-0.05 	0.819 	53.013159 	-0.36549452 	19.646667
-0.049249249 	-0.05 	0.819 	53.000839 	-0.36694822 	19.654411
-0.048048048 	-0.05 	0.819 	52.982611 	-0.37034051 	19.667795
-0.046846847 	-0.05 	0.819 	52.964365 	-0.37373862 	19.681197
-0.045645646 	-0.05 	0.819 	52.94683 	-0.37687239 	19.69455
-0.044444444 	-0.05 	0.819 	52.932172 	-0.37893559 	19.70771
-0.043243243 	-0.05 	0.819 	52.917513 	-0.3809988 	19.720869
-0.042042042 	-0.05 	0.819 	52.901688 	-0.38408619 	19.73436
-0.040840841 	-0.05 	0.819 	52.884045 	-0.38872232 	19.748382
-0.03963964 	-0.05 	0.819 	52.865839 	-0.39328506 	19.762736
-0.038438438 	-0.05 	0.819 	52.847633 	-0.3978478 	19.777089
-0.037237237 	-0.05 	0.819 	52.829428 	-0.40241055 	19.791443
-0.036036036 	-0.05 	0.819 	52.811222 	-0.40697329 	19.805797
-0.034834835 	-0.05 	0.819 	52.793017 	-0.41153603 	19.82015
-0.033633634 	-0.05 	0.819 	52.774326 	-0.41673655 	19.835134
-0.032432432 	-0.05 	0.819 	52.754486 	-0.42344823 	19.851611
-0.031231231 	-0.05 	0.819 	52.734646 	-0.4301599 	19.868088
-0.03003003 	-0.05 	0.819 	52.716668 	-0.43545836 	19.883394
-0.028828829 	-0.05 	0.819 	52.700579 	-0.43932407 	19.897512
-0.027627628 	-0.05 	0.819 	52.68449 	-0.44318979 	19.91163
-0.026426426 	-0.05 	0.819 	52.665281 	-0.44914156 	19.925582
-0.025225225 	-0.05 	0.819 	52.644523 	-0.45612786 	19.939451
-0.024024024 	-0.05 	0.819 	52.623766 	-0.46311416 	19.95332
-0.022822823 	-0.05 	0.819 	52.603745 	-0.4701407 	19.967827
-0.021621622 	-0.05 	0.819 	52.585027 	-0.47723844 	19.983461
-0.02042042 	-0.05 	0.819 	52.566309 	-0.48433618 	19.999095
-0.019219219 	-0.05 	0.819 	52.54759 	-0.49143392 	20.014729
-0.018018018 	-0.05 	0.819 	52.526958 	-0.4993425 	20.029591
-0.016816817 	-0.05 	0.819 	52.504404 	-0.50806571 	20.043678
-0.015615616 	-0.05 	0.819 	52.481849 	-0.51678892 	20.057765
-0.014414414 	-0.05 	0.819 	52.460493 	-0.52746767 	20.076594
-0.013213213 	-0.05 	0.819 	52.439717 	-0.53909348 	20.09772
-0.012012012 	-0.05 	0.819 	52.418942 	-0.5507193 	20.118846
-0.010810811 	-0.05 	0.819 	52.402963 	-0.56033186 	20.135352
-0.0096096096 	-0.05 	0.819 	52.387946 	-0.56954016 	20.150932
-0.0084084084 	-0.05 	0.819 	52.372929 	-0.57874846 	20.166511
-0.0072072072 	-0.05 	0.819 	52.357913 	-0.58795676 	20.18209
-0.006006006 	-0.05 	0.819 	52.342896 	-0.59716506 	20.197669
-0.0048048048 	-0.05 	0.819 	52.327879 	-0.60637336 	20.213248
-0.0036036036 	-0.05 	0.819 	52.311999 	-0.61558426 	20.229054
-0.0024024024 	-0.05 	0.819 	52.294936 	-0.62354285 	20.24555
-0.0012012012 	-0.05 	0.819 	52.278097 	-0.63116096 	20.26209
-7.966687e-15 	-0.05 	0.819 	52.265725 	-0.64041385 	20.275241
