-1.2 	-0.05 	0.91 	50.777492 	-0.50430038 	5.7086509
-1.1987988 	-0.05 	0.91 	50.785101 	-0.51291159 	5.7277239
-1.1975976 	-0.05 	0.91 	50.792709 	-0.52152281 	5.7467969
-1.1963964 	-0.05 	0.91 	50.800318 	-0.53013402 	5.7658699
-1.1951952 	-0.05 	0.91 	50.807927 	-0.53874524 	5.7849429
-1.193994 	-0.05 	0.91 	50.815535 	-0.54735645 	5.8040159
-1.1927928 	-0.05 	0.91 	50.823144 	-0.55596767 	5.8230889
-1.1915916 	-0.05 	0.91 	50.830753 	-0.56457889 	5.8421619
-1.1903904 	-0.05 	0.91 	50.838361 	-0.5731901 	5.8612349
-1.1891892 	-0.05 	0.91 	50.84597 	-0.58180132 	5.8803079
-1.187988 	-0.05 	0.91 	50.853579 	-0.59041253 	5.8993809
-1.1867868 	-0.05 	0.91 	50.861187 	-0.59902375 	5.9184539
-1.1855856 	-0.05 	0.91 	50.868796 	-0.60763496 	5.9375269
-1.1843844 	-0.05 	0.91 	50.876405 	-0.61624618 	5.9565999
-1.1831832 	-0.05 	0.91 	50.884014 	-0.62485739 	5.9756729
-1.181982 	-0.05 	0.91 	50.891622 	-0.63346861 	5.9947459
-1.1807808 	-0.05 	0.91 	50.899231 	-0.64207983 	6.0138189
-1.1795796 	-0.05 	0.91 	50.90684 	-0.65069104 	6.0328919
-1.1783784 	-0.05 	0.91 	50.914448 	-0.65930226 	6.0519649
-1.1771772 	-0.05 	0.91 	50.922057 	-0.66791347 	6.0710379
-1.175976 	-0.05 	0.91 	50.929666 	-0.67652469 	6.0901109
-1.1747748 	-0.05 	0.91 	50.937274 	-0.6851359 	6.1091838
-1.1735736 	-0.05 	0.91 	50.944883 	-0.69374712 	6.1282568
-1.1723724 	-0.05 	0.91 	50.95245 	-0.70333778 	6.1481934
-1.1711712 	-0.05 	0.91 	50.959861 	-0.71653661 	6.1713111
-1.16997 	-0.05 	0.91 	50.967273 	-0.72973543 	6.1944289
-1.1687688 	-0.05 	0.91 	50.97536 	-0.74279885 	6.217888
-1.1675676 	-0.05 	0.91 	50.987253 	-0.75510049 	6.243268
-1.1663664 	-0.05 	0.91 	50.999146 	-0.76740213 	6.2686479
-1.1651652 	-0.05 	0.91 	51.011038 	-0.77970377 	6.2940279
-1.163964 	-0.05 	0.91 	51.022931 	-0.7920054 	6.3194078
-1.1627628 	-0.05 	0.91 	51.034823 	-0.80430704 	6.3447878
-1.1615616 	-0.05 	0.91 	51.046716 	-0.81660868 	6.3701677
-1.1603604 	-0.05 	0.91 	51.058609 	-0.82891032 	6.3955477
-1.1591592 	-0.05 	0.91 	51.070501 	-0.84121196 	6.4209276
-1.157958 	-0.05 	0.91 	51.083865 	-0.8472196 	6.443941
-1.1567568 	-0.05 	0.91 	51.097233 	-0.85320737 	6.4669469
-1.1555556 	-0.05 	0.91 	51.110601 	-0.85919514 	6.4899528
-1.1543544 	-0.05 	0.91 	51.12397 	-0.86518291 	6.5129587
-1.1531532 	-0.05 	0.91 	51.137338 	-0.87117068 	6.5359646
-1.151952 	-0.05 	0.91 	51.150706 	-0.87715844 	6.5589704
-1.1507508 	-0.05 	0.91 	51.164075 	-0.88314621 	6.5819763
-1.1495495 	-0.05 	0.91 	51.177443 	-0.88913398 	6.6049822
-1.1483483 	-0.05 	0.91 	51.195228 	-0.89922048 	6.6294528
-1.1471471 	-0.05 	0.91 	51.213211 	-0.90949087 	6.6539891
-1.1459459 	-0.05 	0.91 	51.231195 	-0.91976125 	6.6785253
-1.1447447 	-0.05 	0.91 	51.249082 	-0.92826695 	6.7030787
-1.1435435 	-0.05 	0.91 	51.266937 	-0.93618441 	6.7276378
-1.1423423 	-0.05 	0.91 	51.284792 	-0.94410187 	6.7521969
-1.1411411 	-0.05 	0.91 	51.302648 	-0.95201933 	6.776756
-1.1399399 	-0.05 	0.91 	51.320503 	-0.95993679 	6.8013152
-1.1387387 	-0.05 	0.91 	51.338358 	-0.96785425 	6.8258743
-1.1375375 	-0.05 	0.91 	51.356213 	-0.97577172 	6.8504334
-1.1363363 	-0.05 	0.91 	51.374068 	-0.98368918 	6.8749925
-1.1351351 	-0.05 	0.91 	51.391923 	-0.99160664 	6.8995516
-1.1339339 	-0.05 	0.91 	51.409779 	-0.9995241 	6.9241107
-1.1327327 	-0.05 	0.91 	51.427634 	-1.0074416 	6.9486698
-1.1315315 	-0.05 	0.91 	51.445489 	-1.015359 	6.9732289
-1.1303303 	-0.05 	0.91 	51.463344 	-1.0232765 	6.997788
-1.1291291 	-0.05 	0.91 	51.481199 	-1.0311939 	7.0223471
-1.1279279 	-0.05 	0.91 	51.499055 	-1.0391114 	7.0469062
-1.1267267 	-0.05 	0.91 	51.51691 	-1.0470289 	7.0714653
-1.1255255 	-0.05 	0.91 	51.534765 	-1.0549463 	7.0960244
-1.1243243 	-0.05 	0.91 	51.55262 	-1.0628638 	7.1205835
-1.1231231 	-0.05 	0.91 	51.570475 	-1.0707813 	7.1451426
-1.1219219 	-0.05 	0.91 	51.588331 	-1.0786987 	7.1697017
-1.1207207 	-0.05 	0.91 	51.606186 	-1.0866162 	7.1942608
-1.1195195 	-0.05 	0.91 	51.624041 	-1.0945336 	7.2188199
-1.1183183 	-0.05 	0.91 	51.641896 	-1.1024511 	7.243379
-1.1171171 	-0.05 	0.91 	51.659751 	-1.1103686 	7.2679381
-1.1159159 	-0.05 	0.91 	51.677606 	-1.118286 	7.2924972
-1.1147147 	-0.05 	0.91 	51.695462 	-1.1262035 	7.3170564
-1.1135135 	-0.05 	0.91 	51.713317 	-1.1341209 	7.3416155
-1.1123123 	-0.05 	0.91 	51.731172 	-1.1420384 	7.3661746
-1.1111111 	-0.05 	0.91 	51.749027 	-1.1499559 	7.3907337
-1.1099099 	-0.05 	0.91 	51.766882 	-1.1578733 	7.4152928
-1.1087087 	-0.05 	0.91 	51.784738 	-1.1657908 	7.4398519
-1.1075075 	-0.05 	0.91 	51.802593 	-1.1737083 	7.464411
-1.1063063 	-0.05 	0.91 	51.822614 	-1.1857838 	7.4884057
-1.1051051 	-0.05 	0.91 	51.842839 	-1.1982509 	7.5123473
-1.1039039 	-0.05 	0.91 	51.863064 	-1.2107179 	7.5362889
-1.1027027 	-0.05 	0.91 	51.883288 	-1.2231849 	7.5602305
-1.1015015 	-0.05 	0.91 	51.903513 	-1.2356519 	7.5841721
-1.1003003 	-0.05 	0.91 	51.923738 	-1.2481189 	7.6081137
-1.0990991 	-0.05 	0.91 	51.943963 	-1.2605859 	7.6320553
-1.0978979 	-0.05 	0.91 	51.964426 	-1.271816 	7.6558629
-1.0966967 	-0.05 	0.91 	51.98668 	-1.2737199 	7.6786598
-1.0954955 	-0.05 	0.91 	52.008935 	-1.2756238 	7.7014566
-1.0942943 	-0.05 	0.91 	52.031189 	-1.2775277 	7.7242535
-1.0930931 	-0.05 	0.91 	52.053443 	-1.2794316 	7.7470503
-1.0918919 	-0.05 	0.91 	52.075698 	-1.2813355 	7.7698472
-1.0906907 	-0.05 	0.91 	52.097952 	-1.2832395 	7.7926441
-1.0894895 	-0.05 	0.91 	52.120207 	-1.2851434 	7.8154409
-1.0882883 	-0.05 	0.91 	52.142524 	-1.2872622 	7.8385401
-1.0870871 	-0.05 	0.91 	52.164916 	-1.2896398 	7.8620032
-1.0858859 	-0.05 	0.91 	52.187309 	-1.2920174 	7.8854664
-1.0846847 	-0.05 	0.91 	52.209701 	-1.2943951 	7.9089296
-1.0834835 	-0.05 	0.91 	52.232093 	-1.2967727 	7.9323928
-1.0822823 	-0.05 	0.91 	52.254486 	-1.2991503 	7.955856
-1.0810811 	-0.05 	0.91 	52.276878 	-1.3015279 	7.9793191
-1.0798799 	-0.05 	0.91 	52.299271 	-1.3039056 	8.0027823
-1.0786787 	-0.05 	0.91 	52.321663 	-1.3062832 	8.0262455
-1.0774775 	-0.05 	0.91 	52.344056 	-1.3086608 	8.0497087
-1.0762763 	-0.05 	0.91 	52.366448 	-1.3110384 	8.0731718
-1.0750751 	-0.05 	0.91 	52.388841 	-1.3134161 	8.096635
-1.0738739 	-0.05 	0.91 	52.411233 	-1.3157937 	8.1200982
-1.0726727 	-0.05 	0.91 	52.433626 	-1.3181713 	8.1435614
-1.0714715 	-0.05 	0.91 	52.456018 	-1.320549 	8.1670246
-1.0702703 	-0.05 	0.91 	52.478411 	-1.3229266 	8.1904877
-1.0690691 	-0.05 	0.91 	52.500803 	-1.3253042 	8.2139509
-1.0678679 	-0.05 	0.91 	52.523196 	-1.3276818 	8.2374141
-1.0666667 	-0.05 	0.91 	52.545588 	-1.3300595 	8.2608773
-1.0654655 	-0.05 	0.91 	52.567981 	-1.3324371 	8.2843404
-1.0642643 	-0.05 	0.91 	52.590373 	-1.3348147 	8.3078036
-1.0630631 	-0.05 	0.91 	52.612766 	-1.3371923 	8.3312668
-1.0618619 	-0.05 	0.91 	52.635158 	-1.33957 	8.35473
-1.0606607 	-0.05 	0.91 	52.657551 	-1.3419476 	8.3781931
-1.0594595 	-0.05 	0.91 	52.679943 	-1.3443252 	8.4016563
-1.0582583 	-0.05 	0.91 	52.702335 	-1.3467028 	8.4251195
-1.0570571 	-0.05 	0.91 	52.724728 	-1.3490805 	8.4485827
-1.0558559 	-0.05 	0.91 	52.74712 	-1.3514581 	8.4720459
-1.0546547 	-0.05 	0.91 	52.769513 	-1.3538357 	8.495509
-1.0534535 	-0.05 	0.91 	52.791905 	-1.3562134 	8.5189722
-1.0522523 	-0.05 	0.91 	52.814298 	-1.358591 	8.5424354
-1.0510511 	-0.05 	0.91 	52.83669 	-1.3609686 	8.5658986
-1.0498498 	-0.05 	0.91 	52.859385 	-1.3646193 	8.5892904
-1.0486486 	-0.05 	0.91 	52.882291 	-1.3691629 	8.6126323
-1.0474474 	-0.05 	0.91 	52.905197 	-1.3737065 	8.6359741
-1.0462462 	-0.05 	0.91 	52.928104 	-1.3782502 	8.659316
-1.045045 	-0.05 	0.91 	52.950468 	-1.3808064 	8.6822848
-1.0438438 	-0.05 	0.91 	52.972579 	-1.382439 	8.7050803
-1.0426426 	-0.05 	0.91 	52.994691 	-1.3840716 	8.7278759
-1.0414414 	-0.05 	0.91 	53.016802 	-1.3857042 	8.7506714
-1.0402402 	-0.05 	0.91 	53.038914 	-1.3873367 	8.7734669
-1.039039 	-0.05 	0.91 	53.061026 	-1.3889693 	8.7962624
-1.0378378 	-0.05 	0.91 	53.083137 	-1.3906019 	8.8190579
-1.0366366 	-0.05 	0.91 	53.105448 	-1.3902852 	8.8411981
-1.0354354 	-0.05 	0.91 	53.12815 	-1.3861209 	8.8620446
-1.0342342 	-0.05 	0.91 	53.150852 	-1.3819565 	8.8828911
-1.033033 	-0.05 	0.91 	53.173554 	-1.3777922 	8.9037375
-1.0318318 	-0.05 	0.91 	53.196256 	-1.3736278 	8.924584
-1.0306306 	-0.05 	0.91 	53.218958 	-1.3694634 	8.9454305
-1.0294294 	-0.05 	0.91 	53.24166 	-1.3652991 	8.966277
-1.0282282 	-0.05 	0.91 	53.264405 	-1.3613518 	8.9871857
-1.027027 	-0.05 	0.91 	53.28765 	-1.3599403 	9.0088224
-1.0258258 	-0.05 	0.91 	53.310895 	-1.3585288 	9.030459
-1.0246246 	-0.05 	0.91 	53.334139 	-1.3571173 	9.0520956
-1.0234234 	-0.05 	0.91 	53.357352 	-1.3555626 	9.073752
-1.0222222 	-0.05 	0.91 	53.380144 	-1.3521403 	9.0956675
-1.021021 	-0.05 	0.91 	53.402936 	-1.348718 	9.1175831
-1.0198198 	-0.05 	0.91 	53.425727 	-1.3452957 	9.1394986
-1.0186186 	-0.05 	0.91 	53.448519 	-1.3418734 	9.1614141
-1.0174174 	-0.05 	0.91 	53.471311 	-1.3384511 	9.1833297
-1.0162162 	-0.05 	0.91 	53.494103 	-1.3350288 	9.2052452
-1.015015 	-0.05 	0.91 	53.516894 	-1.3316065 	9.2271607
-1.0138138 	-0.05 	0.91 	53.539686 	-1.3281842 	9.2490762
-1.0126126 	-0.05 	0.91 	53.562478 	-1.3247619 	9.2709918
-1.0114114 	-0.05 	0.91 	53.58527 	-1.3213396 	9.2929073
-1.0102102 	-0.05 	0.91 	53.608061 	-1.3179173 	9.3148228
-1.009009 	-0.05 	0.91 	53.630853 	-1.314495 	9.3367383
-1.0078078 	-0.05 	0.91 	53.653645 	-1.3110727 	9.3586539
-1.0066066 	-0.05 	0.91 	53.676437 	-1.3076504 	9.3805694
-1.0054054 	-0.05 	0.91 	53.699228 	-1.3042281 	9.4024849
-1.0042042 	-0.05 	0.91 	53.72202 	-1.3008058 	9.4244005
-1.003003 	-0.05 	0.91 	53.744812 	-1.2973835 	9.446316
-1.0018018 	-0.05 	0.91 	53.767604 	-1.2939613 	9.4682315
-1.0006006 	-0.05 	0.91 	53.790395 	-1.290539 	9.490147
-0.9993994 	-0.05 	0.91 	53.813187 	-1.2871167 	9.5120626
-0.9981982 	-0.05 	0.91 	53.835979 	-1.2836944 	9.5339781
-0.996997 	-0.05 	0.91 	53.858771 	-1.2802721 	9.5558936
-0.9957958 	-0.05 	0.91 	53.881562 	-1.2768498 	9.5778091
-0.99459459 	-0.05 	0.91 	53.904354 	-1.2734275 	9.5997247
-0.99339339 	-0.05 	0.91 	53.927146 	-1.2700052 	9.6216402
-0.99219219 	-0.05 	0.91 	53.949938 	-1.2665829 	9.6435557
-0.99099099 	-0.05 	0.91 	53.972729 	-1.2631606 	9.6654713
-0.98978979 	-0.05 	0.91 	53.995521 	-1.2597383 	9.6873868
-0.98858859 	-0.05 	0.91 	54.018313 	-1.256316 	9.7093023
-0.98738739 	-0.05 	0.91 	54.041105 	-1.2528937 	9.7312178
-0.98618619 	-0.05 	0.91 	54.063897 	-1.2494714 	9.7531334
-0.98498498 	-0.05 	0.91 	54.086688 	-1.2460491 	9.7750489
-0.98378378 	-0.05 	0.91 	54.108818 	-1.2443891 	9.7960258
-0.98258258 	-0.05 	0.91 	54.13046 	-1.2440257 	9.8163122
-0.98138138 	-0.05 	0.91 	54.152103 	-1.2436624 	9.8365985
-0.98018018 	-0.05 	0.91 	54.173746 	-1.2432991 	9.8568849
-0.97897898 	-0.05 	0.91 	54.195388 	-1.2429358 	9.8771712
-0.97777778 	-0.05 	0.91 	54.217031 	-1.2425724 	9.8974575
-0.97657658 	-0.05 	0.91 	54.238673 	-1.2422091 	9.9177439
-0.97537538 	-0.05 	0.91 	54.260951 	-1.2400788 	9.9379929
-0.97417417 	-0.05 	0.91 	54.283865 	-1.2361815 	9.9582045
-0.97297297 	-0.05 	0.91 	54.306778 	-1.2322842 	9.9784161
-0.97177177 	-0.05 	0.91 	54.329692 	-1.2283869 	9.9986277
-0.97057057 	-0.05 	0.91 	54.352605 	-1.2244895 	10.018839
-0.96936937 	-0.05 	0.91 	54.375518 	-1.2205922 	10.039051
-0.96816817 	-0.05 	0.91 	54.398432 	-1.2166949 	10.059263
-0.96696697 	-0.05 	0.91 	54.420582 	-1.2113513 	10.079771
-0.96576577 	-0.05 	0.91 	54.442035 	-1.2046854 	10.100551
-0.96456456 	-0.05 	0.91 	54.463488 	-1.1980195 	10.121331
-0.96336336 	-0.05 	0.91 	54.484941 	-1.1913536 	10.142112
-0.96216216 	-0.05 	0.91 	54.506394 	-1.1846876 	10.162892
-0.96096096 	-0.05 	0.91 	54.527846 	-1.1780217 	10.183672
-0.95975976 	-0.05 	0.91 	54.549299 	-1.1713558 	10.204452
-0.95855856 	-0.05 	0.91 	54.570752 	-1.1646899 	10.225232
-0.95735736 	-0.05 	0.91 	54.592205 	-1.1580239 	10.246012
-0.95615616 	-0.05 	0.91 	54.613657 	-1.151358 	10.266792
-0.95495495 	-0.05 	0.91 	54.63511 	-1.1446921 	10.287572
-0.95375375 	-0.05 	0.91 	54.656563 	-1.1380262 	10.308352
-0.95255255 	-0.05 	0.91 	54.678016 	-1.1313603 	10.329133
-0.95135135 	-0.05 	0.91 	54.699468 	-1.1246943 	10.349913
-0.95015015 	-0.05 	0.91 	54.720921 	-1.1180284 	10.370693
-0.94894895 	-0.05 	0.91 	54.742374 	-1.1113625 	10.391473
-0.94774775 	-0.05 	0.91 	54.763827 	-1.1046966 	10.412253
-0.94654655 	-0.05 	0.91 	54.78528 	-1.0980306 	10.433033
-0.94534535 	-0.05 	0.91 	54.806732 	-1.0913647 	10.453813
-0.94414414 	-0.05 	0.91 	54.828185 	-1.0846988 	10.474593
-0.94294294 	-0.05 	0.91 	54.849638 	-1.0780329 	10.495373
-0.94174174 	-0.05 	0.91 	54.871091 	-1.0713669 	10.516154
-0.94054054 	-0.05 	0.91 	54.892543 	-1.064701 	10.536934
-0.93933934 	-0.05 	0.91 	54.913996 	-1.0580351 	10.557714
-0.93813814 	-0.05 	0.91 	54.935449 	-1.0513692 	10.578494
-0.93693694 	-0.05 	0.91 	54.956902 	-1.0447033 	10.599274
-0.93573574 	-0.05 	0.91 	54.978355 	-1.0380373 	10.620054
-0.93453453 	-0.05 	0.91 	54.999807 	-1.0313714 	10.640834
-0.93333333 	-0.05 	0.91 	55.02126 	-1.0247055 	10.661614
-0.93213213 	-0.05 	0.91 	55.042713 	-1.0180396 	10.682394
-0.93093093 	-0.05 	0.91 	55.064166 	-1.0113736 	10.703175
-0.92972973 	-0.05 	0.91 	55.085618 	-1.0047077 	10.723955
-0.92852853 	-0.05 	0.91 	55.107071 	-0.99804179 	10.744735
-0.92732733 	-0.05 	0.91 	55.12888 	-0.99304518 	10.765283
-0.92612613 	-0.05 	0.91 	55.150729 	-0.98823499 	10.785805
-0.92492492 	-0.05 	0.91 	55.172578 	-0.98342481 	10.806327
-0.92372372 	-0.05 	0.91 	55.194426 	-0.97861463 	10.826849
-0.92252252 	-0.05 	0.91 	55.215567 	-0.97242635 	10.847282
-0.92132132 	-0.05 	0.91 	55.235652 	-0.96418301 	10.867581
-0.92012012 	-0.05 	0.91 	55.255736 	-0.95593966 	10.887881
-0.91891892 	-0.05 	0.91 	55.275821 	-0.94769632 	10.90818
-0.91771772 	-0.05 	0.91 	55.295906 	-0.93945297 	10.928479
-0.91651652 	-0.05 	0.91 	55.31599 	-0.93120962 	10.948779
-0.91531532 	-0.05 	0.91 	55.336075 	-0.92296628 	10.969078
-0.91411411 	-0.05 	0.91 	55.356055 	-0.91897404 	10.988003
-0.91291291 	-0.05 	0.91 	55.375994 	-0.91664814 	11.006388
-0.91171171 	-0.05 	0.91 	55.395932 	-0.91432224 	11.024774
-0.91051051 	-0.05 	0.91 	55.415871 	-0.91199633 	11.043159
-0.90930931 	-0.05 	0.91 	55.43581 	-0.90967043 	11.061545
-0.90810811 	-0.05 	0.91 	55.455749 	-0.90734453 	11.079931
-0.90690691 	-0.05 	0.91 	55.475683 	-0.90461249 	11.098492
-0.90570571 	-0.05 	0.91 	55.495582 	-0.89836452 	11.11857
-0.9045045 	-0.05 	0.91 	55.515481 	-0.89211654 	11.138649
-0.9033033 	-0.05 	0.91 	55.53538 	-0.88586856 	11.158727
-0.9021021 	-0.05 	0.91 	55.555279 	-0.87962059 	11.178806
-0.9009009 	-0.05 	0.91 	55.574971 	-0.87238928 	11.19904
-0.8996997 	-0.05 	0.91 	55.594482 	-0.86429657 	11.219411
-0.8984985 	-0.05 	0.91 	55.613993 	-0.85620385 	11.239782
-0.8972973 	-0.05 	0.91 	55.633504 	-0.84811114 	11.260153
-0.8960961 	-0.05 	0.91 	55.653015 	-0.84001843 	11.280523
-0.89489489 	-0.05 	0.91 	55.672526 	-0.83192571 	11.300894
-0.89369369 	-0.05 	0.91 	55.692037 	-0.823833 	11.321265
-0.89249249 	-0.05 	0.91 	55.711548 	-0.81574029 	11.341635
-0.89129129 	-0.05 	0.91 	55.731059 	-0.80764758 	11.362006
-0.89009009 	-0.05 	0.91 	55.75057 	-0.79955486 	11.382377
-0.88888889 	-0.05 	0.91 	55.770081 	-0.79146215 	11.402747
-0.88768769 	-0.05 	0.91 	55.789592 	-0.78336944 	11.423118
-0.88648649 	-0.05 	0.91 	55.809103 	-0.77527672 	11.443489
-0.88528529 	-0.05 	0.91 	55.828614 	-0.76718401 	11.46386
-0.88408408 	-0.05 	0.91 	55.848125 	-0.7590913 	11.48423
-0.88288288 	-0.05 	0.91 	55.867636 	-0.75099858 	11.504601
-0.88168168 	-0.05 	0.91 	55.887147 	-0.74290587 	11.524972
-0.88048048 	-0.05 	0.91 	55.906658 	-0.73481316 	11.545342
-0.87927928 	-0.05 	0.91 	55.926169 	-0.72672045 	11.565713
-0.87807808 	-0.05 	0.91 	55.94568 	-0.71862773 	11.586084
-0.87687688 	-0.05 	0.91 	55.965191 	-0.71053502 	11.606454
-0.87567568 	-0.05 	0.91 	55.984702 	-0.70244231 	11.626825
-0.87447447 	-0.05 	0.91 	56.004213 	-0.69434959 	11.647196
-0.87327327 	-0.05 	0.91 	56.023724 	-0.68625688 	11.667567
-0.87207207 	-0.05 	0.91 	56.043235 	-0.67816417 	11.687937
-0.87087087 	-0.05 	0.91 	56.062746 	-0.67007145 	11.708308
-0.86966967 	-0.05 	0.91 	56.082257 	-0.66197874 	11.728679
-0.86846847 	-0.05 	0.91 	56.101768 	-0.65388603 	11.749049
-0.86726727 	-0.05 	0.91 	56.121279 	-0.64579332 	11.76942
-0.86606607 	-0.05 	0.91 	56.14079 	-0.6377006 	11.789791
-0.86486486 	-0.05 	0.91 	56.160301 	-0.62960789 	11.810161
-0.86366366 	-0.05 	0.91 	56.179812 	-0.62151518 	11.830532
-0.86246246 	-0.05 	0.91 	56.199323 	-0.61342246 	11.850903
-0.86126126 	-0.05 	0.91 	56.23403 	-0.60730466 	11.902621
-0.86006006 	-0.05 	0.91 	56.251607 	-0.59513363 	11.922697
-0.85885886 	-0.05 	0.91 	56.269184 	-0.58296259 	11.942773
-0.85765766 	-0.05 	0.91 	56.286761 	-0.57079156 	11.962849
-0.85645646 	-0.05 	0.91 	56.304338 	-0.55862052 	11.982925
-0.85525526 	-0.05 	0.91 	56.321915 	-0.54644949 	12.003002
-0.85405405 	-0.05 	0.91 	56.339492 	-0.53427845 	12.023078
-0.85285285 	-0.05 	0.91 	56.355114 	-0.52687794 	12.040533
-0.85165165 	-0.05 	0.91 	56.370557 	-0.51991384 	12.057749
-0.85045045 	-0.05 	0.91 	56.386 	-0.51294974 	12.074964
-0.84924925 	-0.05 	0.91 	56.401444 	-0.50598564 	12.09218
-0.84804805 	-0.05 	0.91 	56.416887 	-0.49902154 	12.109395
-0.84684685 	-0.05 	0.91 	56.43233 	-0.49205744 	12.126611
-0.84564565 	-0.05 	0.91 	56.44739 	-0.4832456 	12.142982
-0.84444444 	-0.05 	0.91 	56.462075 	-0.47262536 	12.158528
-0.84324324 	-0.05 	0.91 	56.476759 	-0.46200512 	12.174074
-0.84204204 	-0.05 	0.91 	56.491444 	-0.45138489 	12.18962
-0.84084084 	-0.05 	0.91 	56.506129 	-0.44076465 	12.205166
-0.83963964 	-0.05 	0.91 	56.522696 	-0.42915161 	12.223111
-0.83843844 	-0.05 	0.91 	56.54 	-0.41714904 	12.241997
-0.83723724 	-0.05 	0.91 	56.557305 	-0.40514647 	12.260883
-0.83603604 	-0.05 	0.91 	56.57461 	-0.3931439 	12.279769
-0.83483483 	-0.05 	0.91 	56.591915 	-0.38114134 	12.298654
-0.83363363 	-0.05 	0.91 	56.60922 	-0.36913877 	12.31754
-0.83243243 	-0.05 	0.91 	56.626525 	-0.3571362 	12.336426
-0.83123123 	-0.05 	0.91 	56.643829 	-0.34513363 	12.355312
-0.83003003 	-0.05 	0.91 	56.661134 	-0.33313106 	12.374198
-0.82882883 	-0.05 	0.91 	56.678439 	-0.3211285 	12.393084
-0.82762763 	-0.05 	0.91 	56.695744 	-0.30912593 	12.41197
-0.82642643 	-0.05 	0.91 	56.713049 	-0.29712336 	12.430855
-0.82522523 	-0.05 	0.91 	56.730353 	-0.28512079 	12.449741
-0.82402402 	-0.05 	0.91 	56.747658 	-0.27311822 	12.468627
-0.82282282 	-0.05 	0.91 	56.763363 	-0.26112429 	12.488136
-0.82162162 	-0.05 	0.91 	56.777623 	-0.24913816 	12.508208
-0.82042042 	-0.05 	0.91 	56.791883 	-0.23715203 	12.528279
-0.81921922 	-0.05 	0.91 	56.806143 	-0.22516589 	12.548351
-0.81801802 	-0.05 	0.91 	56.820403 	-0.21317976 	12.568422
-0.81681682 	-0.05 	0.91 	56.834663 	-0.20119363 	12.588493
-0.81561562 	-0.05 	0.91 	56.848923 	-0.18920749 	12.608565
-0.81441441 	-0.05 	0.91 	56.863183 	-0.17722136 	12.628636
-0.81321321 	-0.05 	0.91 	56.877443 	-0.16523523 	12.648708
-0.81201201 	-0.05 	0.91 	56.891704 	-0.15324909 	12.668779
-0.81081081 	-0.05 	0.91 	56.905964 	-0.14126296 	12.688851
-0.80960961 	-0.05 	0.91 	56.920224 	-0.12927683 	12.708922
-0.80840841 	-0.05 	0.91 	56.934484 	-0.11729069 	12.728994
-0.80720721 	-0.05 	0.91 	56.948744 	-0.10530456 	12.749065
-0.80600601 	-0.05 	0.91 	56.963242 	-0.093696499 	12.769567
-0.8048048 	-0.05 	0.91 	56.978351 	-0.083058443 	12.791174
-0.8036036 	-0.05 	0.91 	56.993459 	-0.072420387 	12.812782
-0.8024024 	-0.05 	0.91 	57.008568 	-0.06178233 	12.834389
-0.8012012 	-0.05 	0.91 	57.023677 	-0.051144274 	12.855996
-0.8 	-0.05 	0.91 	57.039038 	-0.04113668 	12.878066
-0.7987988 	-0.05 	0.91 	57.055118 	-0.032920496 	12.901449
-0.7975976 	-0.05 	0.91 	57.071198 	-0.024704313 	12.924832
-0.7963964 	-0.05 	0.91 	57.087278 	-0.016488129 	12.948216
-0.7951952 	-0.05 	0.91 	57.103358 	-0.0082719447 	12.971599
-0.79399399 	-0.05 	0.91 	57.119438 	-5.5760763e-05 	12.994982
-0.79279279 	-0.05 	0.91 	57.13467 	0.008667185 	13.016947
-0.79159159 	-0.05 	0.91 	57.144601 	0.020559459 	13.030046
-0.79039039 	-0.05 	0.91 	57.154532 	0.032451733 	13.043144
-0.78918919 	-0.05 	0.91 	57.164463 	0.044344008 	13.056242
-0.78798799 	-0.05 	0.91 	57.174394 	0.056236282 	13.069341
-0.78678679 	-0.05 	0.91 	57.184325 	0.068128556 	13.082439
-0.78558559 	-0.05 	0.91 	57.194396 	0.079945385 	13.09579
-0.78438438 	-0.05 	0.91 	57.206293 	0.09078158 	13.112425
-0.78318318 	-0.05 	0.91 	57.218189 	0.10161777 	13.129061
-0.78198198 	-0.05 	0.91 	57.230085 	0.11245397 	13.145696
-0.78078078 	-0.05 	0.91 	57.241981 	0.12329016 	13.162332
-0.77957958 	-0.05 	0.91 	57.253877 	0.13412636 	13.178967
-0.77837838 	-0.05 	0.91 	57.266229 	0.14562751 	13.196938
-0.77717718 	-0.05 	0.91 	57.278586 	0.15713432 	13.21492
-0.77597598 	-0.05 	0.91 	57.290942 	0.16864113 	13.232902
-0.77477477 	-0.05 	0.91 	57.303298 	0.18014794 	13.250884
-0.77357357 	-0.05 	0.91 	57.315655 	0.19165475 	13.268866
-0.77237237 	-0.05 	0.91 	57.328011 	0.20316156 	13.286848
-0.77117117 	-0.05 	0.91 	57.340367 	0.21466837 	13.30483
-0.76996997 	-0.05 	0.91 	57.352724 	0.22617517 	13.322812
-0.76876877 	-0.05 	0.91 	57.36508 	0.23768198 	13.340794
-0.76756757 	-0.05 	0.91 	57.377436 	0.24918879 	13.358776
-0.76636637 	-0.05 	0.91 	57.389793 	0.2606956 	13.376758
-0.76516517 	-0.05 	0.91 	57.402149 	0.27220241 	13.39474
-0.76396396 	-0.05 	0.91 	57.414505 	0.28370922 	13.412722
-0.76276276 	-0.05 	0.91 	57.426862 	0.29521603 	13.430704
-0.76156156 	-0.05 	0.91 	57.439269 	0.30813188 	13.450206
-0.76036036 	-0.05 	0.91 	57.451694 	0.32152521 	13.470224
-0.75915916 	-0.05 	0.91 	57.464118 	0.33491854 	13.490241
-0.75795796 	-0.05 	0.91 	57.476543 	0.34831187 	13.510258
-0.75675676 	-0.05 	0.91 	57.488967 	0.3617052 	13.530275
-0.75555556 	-0.05 	0.91 	57.501392 	0.37509853 	13.550292
-0.75435435 	-0.05 	0.91 	57.513817 	0.38849186 	13.57031
-0.75315315 	-0.05 	0.91 	57.526241 	0.40188518 	13.590327
-0.75195195 	-0.05 	0.91 	57.538666 	0.41527851 	13.610344
-0.75075075 	-0.05 	0.91 	57.55109 	0.42867184 	13.630361
-0.74954955 	-0.05 	0.91 	57.563515 	0.44206517 	13.650378
-0.74834835 	-0.05 	0.91 	57.575939 	0.4554585 	13.670395
-0.74714715 	-0.05 	0.91 	57.588364 	0.46885183 	13.690413
-0.74594595 	-0.05 	0.91 	57.600789 	0.48224516 	13.71043
-0.74474474 	-0.05 	0.91 	57.613525 	0.49546 	13.730605
-0.74354354 	-0.05 	0.91 	57.62656 	0.5085049 	13.750929
-0.74234234 	-0.05 	0.91 	57.639594 	0.52154981 	13.771254
-0.74114114 	-0.05 	0.91 	57.652628 	0.53459472 	13.791579
-0.73993994 	-0.05 	0.91 	57.665662 	0.54763962 	13.811903
-0.73873874 	-0.05 	0.91 	57.680133 	0.5607859 	13.833343
-0.73753754 	-0.05 	0.91 	57.697514 	0.57413756 	13.857043
-0.73633634 	-0.05 	0.91 	57.714895 	0.58748923 	13.880742
-0.73513514 	-0.05 	0.91 	57.732276 	0.6008409 	13.904442
-0.73393393 	-0.05 	0.91 	57.749657 	0.61419257 	13.928142
-0.73273273 	-0.05 	0.91 	57.767038 	0.62754423 	13.951841
-0.73153153 	-0.05 	0.91 	57.781774 	0.63759561 	13.970087
-0.73033033 	-0.05 	0.91 	57.791702 	0.64164723 	13.978418
-0.72912913 	-0.05 	0.91 	57.80163 	0.64569884 	13.986749
-0.72792793 	-0.05 	0.91 	57.811559 	0.64975045 	13.99508
-0.72672673 	-0.05 	0.91 	57.821487 	0.65380207 	14.003411
-0.72552553 	-0.05 	0.91 	57.831415 	0.65785368 	14.011742
-0.72432432 	-0.05 	0.91 	57.841148 	0.66440543 	14.023308
-0.72312312 	-0.05 	0.91 	57.850612 	0.67438321 	14.039307
-0.72192192 	-0.05 	0.91 	57.860076 	0.684361 	14.055305
-0.72072072 	-0.05 	0.91 	57.869541 	0.69433879 	14.071304
-0.71951952 	-0.05 	0.91 	57.879005 	0.70431658 	14.087303
-0.71831832 	-0.05 	0.91 	57.888731 	0.71463462 	14.103908
-0.71711712 	-0.05 	0.91 	57.899531 	0.72634897 	14.123002
-0.71591592 	-0.05 	0.91 	57.910332 	0.73806331 	14.142097
-0.71471471 	-0.05 	0.91 	57.921132 	0.74977765 	14.161191
-0.71351351 	-0.05 	0.91 	57.931933 	0.76149199 	14.180286
-0.71231231 	-0.05 	0.91 	57.942733 	0.77320633 	14.19938
-0.71111111 	-0.05 	0.91 	57.953534 	0.78492068 	14.218475
-0.70990991 	-0.05 	0.91 	57.964334 	0.79663502 	14.237569
-0.70870871 	-0.05 	0.91 	57.975135 	0.80834936 	14.256663
-0.70750751 	-0.05 	0.91 	57.983286 	0.82175021 	14.278358
-0.70630631 	-0.05 	0.91 	57.990874 	0.83550916 	14.300604
-0.70510511 	-0.05 	0.91 	57.998463 	0.84926812 	14.32285
-0.7039039 	-0.05 	0.91 	58.006051 	0.86302707 	14.345096
-0.7027027 	-0.05 	0.91 	58.01364 	0.87678602 	14.367342
-0.7015015 	-0.05 	0.91 	58.021229 	0.89054497 	14.389588
-0.7003003 	-0.05 	0.91 	58.033733 	0.90200076 	14.407928
-0.6990991 	-0.05 	0.91 	58.046394 	0.91338302 	14.426144
-0.6978979 	-0.05 	0.91 	58.059055 	0.92476528 	14.444359
-0.6966967 	-0.05 	0.91 	58.071716 	0.93614754 	14.462575
-0.6954955 	-0.05 	0.91 	58.084377 	0.9475298 	14.48079
-0.69429429 	-0.05 	0.91 	58.096315 	0.95916213 	14.499287
-0.69309309 	-0.05 	0.91 	58.105046 	0.97190276 	14.519033
-0.69189189 	-0.05 	0.91 	58.113776 	0.9846434 	14.538779
-0.69069069 	-0.05 	0.91 	58.122507 	0.99738403 	14.558524
-0.68948949 	-0.05 	0.91 	58.131238 	1.0101247 	14.57827
-0.68828829 	-0.05 	0.91 	58.139968 	1.0228653 	14.598016
-0.68708709 	-0.05 	0.91 	58.148699 	1.0356059 	14.617761
-0.68588589 	-0.05 	0.91 	58.15743 	1.0483466 	14.637507
-0.68468468 	-0.05 	0.91 	58.16616 	1.0610872 	14.657253
-0.68348348 	-0.05 	0.91 	58.174811 	1.072764 	14.676862
-0.68228228 	-0.05 	0.91 	58.183441 	1.0841497 	14.696433
-0.68108108 	-0.05 	0.91 	58.19207 	1.0955354 	14.716005
-0.67987988 	-0.05 	0.91 	58.200699 	1.1069211 	14.735577
-0.67867868 	-0.05 	0.91 	58.209328 	1.1183069 	14.755148
-0.67747748 	-0.05 	0.91 	58.217029 	1.130798 	14.774965
-0.67627628 	-0.05 	0.91 	58.222151 	1.1463616 	14.795462
-0.67507508 	-0.05 	0.91 	58.227273 	1.1619252 	14.815958
-0.67387387 	-0.05 	0.91 	58.232394 	1.1774888 	14.836455
-0.67267267 	-0.05 	0.91 	58.237516 	1.1930524 	14.856952
-0.67147147 	-0.05 	0.91 	58.242637 	1.208616 	14.877449
-0.67027027 	-0.05 	0.91 	58.250763 	1.2203447 	14.895926
-0.66906907 	-0.05 	0.91 	58.261032 	1.2293391 	14.912963
-0.66786787 	-0.05 	0.91 	58.2713 	1.2383334 	14.930001
-0.66666667 	-0.05 	0.91 	58.281569 	1.2473278 	14.947038
-0.66546547 	-0.05 	0.91 	58.291837 	1.2563221 	14.964075
-0.66426426 	-0.05 	0.91 	58.302106 	1.2653165 	14.981112
-0.66306306 	-0.05 	0.91 	58.309025 	1.277076 	15.000236
-0.66186186 	-0.05 	0.91 	58.31578 	1.2889716 	15.019463
-0.66066066 	-0.05 	0.91 	58.322534 	1.3008672 	15.03869
-0.65945946 	-0.05 	0.91 	58.329289 	1.3127628 	15.057917
-0.65825826 	-0.05 	0.91 	58.336043 	1.3246583 	15.077143
-0.65705706 	-0.05 	0.91 	58.342879 	1.3370837 	15.096428
-0.65585586 	-0.05 	0.91 	58.349841 	1.3503391 	15.115802
-0.65465465 	-0.05 	0.91 	58.356804 	1.3635944 	15.135177
-0.65345345 	-0.05 	0.91 	58.363766 	1.3768497 	15.154552
-0.65225225 	-0.05 	0.91 	58.370729 	1.390105 	15.173926
-0.65105105 	-0.05 	0.91 	58.377691 	1.4033604 	15.193301
-0.64984985 	-0.05 	0.91 	58.384654 	1.4166157 	15.212675
-0.64864865 	-0.05 	0.91 	58.391616 	1.429871 	15.23205
-0.64744745 	-0.05 	0.91 	58.398578 	1.4431263 	15.251425
-0.64624625 	-0.05 	0.91 	58.402237 	1.4560551 	15.270618
-0.64504505 	-0.05 	0.91 	58.405111 	1.4689063 	15.289768
-0.64384384 	-0.05 	0.91 	58.407984 	1.4817575 	15.308918
-0.64264264 	-0.05 	0.91 	58.410858 	1.4946087 	15.328068
-0.64144144 	-0.05 	0.91 	58.413732 	1.5074599 	15.347218
-0.64024024 	-0.05 	0.91 	58.417809 	1.519963 	15.366418
-0.63903904 	-0.05 	0.91 	58.426861 	1.5310271 	15.385821
-0.63783784 	-0.05 	0.91 	58.435913 	1.5420911 	15.405224
-0.63663664 	-0.05 	0.91 	58.444966 	1.5531551 	15.424627
-0.63543544 	-0.05 	0.91 	58.454018 	1.5642192 	15.44403
-0.63423423 	-0.05 	0.91 	58.46307 	1.5752832 	15.463432
-0.63303303 	-0.05 	0.91 	58.469883 	1.5880971 	15.48282
-0.63183183 	-0.05 	0.91 	58.47523 	1.602057 	15.502196
-0.63063063 	-0.05 	0.91 	58.480576 	1.6160169 	15.521573
-0.62942943 	-0.05 	0.91 	58.485922 	1.6299768 	15.540949
-0.62822823 	-0.05 	0.91 	58.491269 	1.6439367 	15.560326
-0.62702703 	-0.05 	0.91 	58.496615 	1.6578966 	15.579703
-0.62582583 	-0.05 	0.91 	58.501961 	1.6718565 	15.599079
-0.62462462 	-0.05 	0.91 	58.507308 	1.6858163 	15.618456
-0.62342342 	-0.05 	0.91 	58.512654 	1.6997762 	15.637833
-0.62222222 	-0.05 	0.91 	58.517735 	1.7122654 	15.657062
-0.62102102 	-0.05 	0.91 	58.522814 	1.7247461 	15.676291
-0.61981982 	-0.05 	0.91 	58.527894 	1.7372268 	15.695519
-0.61861862 	-0.05 	0.91 	58.532973 	1.7497075 	15.714748
-0.61741742 	-0.05 	0.91 	58.538053 	1.7621882 	15.733976
-0.61621622 	-0.05 	0.91 	58.542115 	1.7765553 	15.753236
-0.61501502 	-0.05 	0.91 	58.54434 	1.7943323 	15.772551
-0.61381381 	-0.05 	0.91 	58.546565 	1.8121092 	15.791866
-0.61261261 	-0.05 	0.91 	58.54879 	1.8298861 	15.811181
-0.61141141 	-0.05 	0.91 	58.551015 	1.8476631 	15.830496
-0.61021021 	-0.05 	0.91 	58.553239 	1.86544 	15.849811
-0.60900901 	-0.05 	0.91 	58.559106 	1.8768559 	15.867879
-0.60780781 	-0.05 	0.91 	58.565842 	1.8867535 	15.88565
-0.60660661 	-0.05 	0.91 	58.572578 	1.8966511 	15.90342
-0.60540541 	-0.05 	0.91 	58.579314 	1.9065487 	15.921191
-0.6042042 	-0.05 	0.91 	58.586049 	1.9164464 	15.938962
-0.603003 	-0.05 	0.91 	58.5918 	1.9272024 	15.957159
-0.6018018 	-0.05 	0.91 	58.595251 	1.939961 	15.976351
-0.6006006 	-0.05 	0.91 	58.598703 	1.9527196 	15.995542
-0.5993994 	-0.05 	0.91 	58.602154 	1.9654782 	16.014734
-0.5981982 	-0.05 	0.91 	58.605606 	1.9782367 	16.033925
-0.596997 	-0.05 	0.91 	58.609057 	1.9909953 	16.053116
-0.5957958 	-0.05 	0.91 	58.612674 	2.004713 	16.07236
-0.59459459 	-0.05 	0.91 	58.616399 	2.0190535 	16.091636
-0.59339339 	-0.05 	0.91 	58.620124 	2.0333939 	16.110913
-0.59219219 	-0.05 	0.91 	58.623849 	2.0477344 	16.13019
-0.59099099 	-0.05 	0.91 	58.627573 	2.0620748 	16.149467
-0.58978979 	-0.05 	0.91 	58.631298 	2.0764153 	16.168743
-0.58858859 	-0.05 	0.91 	58.635023 	2.0907557 	16.18802
-0.58738739 	-0.05 	0.91 	58.638748 	2.1050962 	16.207297
-0.58618619 	-0.05 	0.91 	58.642472 	2.1194366 	16.226573
-0.58498498 	-0.05 	0.91 	58.642903 	2.1329742 	16.244755
-0.58378378 	-0.05 	0.91 	58.642761 	2.1463722 	16.262747
-0.58258258 	-0.05 	0.91 	58.64262 	2.1597702 	16.280738
-0.58138138 	-0.05 	0.91 	58.642478 	2.1731681 	16.298729
-0.58018018 	-0.05 	0.91 	58.642336 	2.1865661 	16.316721
-0.57897898 	-0.05 	0.91 	58.644792 	2.199773 	16.335499
-0.57777778 	-0.05 	0.91 	58.650803 	2.2127185 	16.355353
-0.57657658 	-0.05 	0.91 	58.656815 	2.225664 	16.375208
-0.57537538 	-0.05 	0.91 	58.662827 	2.2386095 	16.395063
-0.57417417 	-0.05 	0.91 	58.668839 	2.251555 	16.414917
-0.57297297 	-0.05 	0.91 	58.674611 	2.264601 	16.434747
-0.57177177 	-0.05 	0.91 	58.676551 	2.2792569 	16.454175
-0.57057057 	-0.05 	0.91 	58.678491 	2.2939128 	16.473604
-0.56936937 	-0.05 	0.91 	58.680431 	2.3085687 	16.493032
-0.56816817 	-0.05 	0.91 	58.682371 	2.3232246 	16.512461
-0.56696697 	-0.05 	0.91 	58.68431 	2.3378805 	16.531889
-0.56576577 	-0.05 	0.91 	58.68625 	2.3525364 	16.551317
-0.56456456 	-0.05 	0.91 	58.68819 	2.3671923 	16.570746
-0.56336336 	-0.05 	0.91 	58.69013 	2.3818482 	16.590174
-0.56216216 	-0.05 	0.91 	58.691995 	2.3960436 	16.609576
-0.56096096 	-0.05 	0.91 	58.693648 	2.4089479 	16.628905
-0.55975976 	-0.05 	0.91 	58.695301 	2.4218521 	16.648233
-0.55855856 	-0.05 	0.91 	58.696954 	2.4347564 	16.667561
-0.55735736 	-0.05 	0.91 	58.698607 	2.4476606 	16.686889
-0.55615616 	-0.05 	0.91 	58.70026 	2.4605649 	16.706217
-0.55495495 	-0.05 	0.91 	58.701163 	2.4749473 	16.7255
-0.55375375 	-0.05 	0.91 	58.700274 	2.4928584 	16.744674
-0.55255255 	-0.05 	0.91 	58.699385 	2.5107696 	16.763848
-0.55135135 	-0.05 	0.91 	58.698497 	2.5286807 	16.783022
-0.55015015 	-0.05 	0.91 	58.697608 	2.5465918 	16.802196
-0.54894895 	-0.05 	0.91 	58.696858 	2.5641834 	16.821333
-0.54774775 	-0.05 	0.91 	58.699479 	2.574024 	16.839549
-0.54654655 	-0.05 	0.91 	58.702099 	2.5838646 	16.857766
-0.54534535 	-0.05 	0.91 	58.70472 	2.5937052 	16.875982
-0.54414414 	-0.05 	0.91 	58.70734 	2.6035458 	16.894199
-0.54294294 	-0.05 	0.91 	58.709961 	2.6133864 	16.912416
-0.54174174 	-0.05 	0.91 	58.710533 	2.625914 	16.931415
-0.54054054 	-0.05 	0.91 	58.710664 	2.6390196 	16.950582
-0.53933934 	-0.05 	0.91 	58.710795 	2.6521252 	16.96975
-0.53813814 	-0.05 	0.91 	58.710926 	2.6652309 	16.988917
-0.53693694 	-0.05 	0.91 	58.711058 	2.6783365 	17.008084
-0.53573574 	-0.05 	0.91 	58.711189 	2.6914421 	17.027252
-0.53453453 	-0.05 	0.91 	58.711506 	2.7060919 	17.046425
-0.53333333 	-0.05 	0.91 	58.711866 	2.7211019 	17.065599
-0.53213213 	-0.05 	0.91 	58.712226 	2.736112 	17.084773
-0.53093093 	-0.05 	0.91 	58.712586 	2.7511221 	17.103948
-0.52972973 	-0.05 	0.91 	58.712947 	2.7661321 	17.123122
-0.52852853 	-0.05 	0.91 	58.713307 	2.7811422 	17.142296
-0.52732733 	-0.05 	0.91 	58.713667 	2.7961523 	17.161471
-0.52612613 	-0.05 	0.91 	58.714027 	2.8111623 	17.180645
-0.52492492 	-0.05 	0.91 	58.714388 	2.8261724 	17.199819
-0.52372372 	-0.05 	0.91 	58.711945 	2.8401926 	17.216946
-0.52252252 	-0.05 	0.91 	58.709032 	2.8540466 	17.233729
-0.52132132 	-0.05 	0.91 	58.706119 	2.8679005 	17.250513
-0.52012012 	-0.05 	0.91 	58.703206 	2.8817545 	17.267296
-0.51891892 	-0.05 	0.91 	58.700293 	2.8956084 	17.284079
-0.51771772 	-0.05 	0.91 	58.700815 	2.9095744 	17.302819
-0.51651652 	-0.05 	0.91 	58.703179 	2.9236005 	17.322609
-0.51531532 	-0.05 	0.91 	58.705543 	2.9376266 	17.342399
-0.51411411 	-0.05 	0.91 	58.707908 	2.9516527 	17.362189
-0.51291291 	-0.05 	0.91 	58.710272 	2.9656788 	17.381978
-0.51171171 	-0.05 	0.91 	58.711089 	2.9804084 	17.401446
-0.51051051 	-0.05 	0.91 	58.710082 	2.9959687 	17.420534
-0.50930931 	-0.05 	0.91 	58.709074 	3.0115289 	17.439622
-0.50810811 	-0.05 	0.91 	58.708066 	3.0270891 	17.45871
-0.50690691 	-0.05 	0.91 	58.707058 	3.0426494 	17.477797
-0.50570571 	-0.05 	0.91 	58.70605 	3.0582096 	17.496885
-0.5045045 	-0.05 	0.91 	58.705042 	3.0737699 	17.515973
-0.5033033 	-0.05 	0.91 	58.704034 	3.0893301 	17.535061
-0.5021021 	-0.05 	0.91 	58.703026 	3.1048903 	17.554148
-0.5009009 	-0.05 	0.91 	58.701941 	3.1192754 	17.573317
-0.4996997 	-0.05 	0.91 	58.700791 	3.1326439 	17.592557
-0.4984985 	-0.05 	0.91 	58.699641 	3.1460124 	17.611797
-0.4972973 	-0.05 	0.91 	58.69849 	3.1593808 	17.631036
-0.4960961 	-0.05 	0.91 	58.69734 	3.1727493 	17.650276
-0.49489489 	-0.05 	0.91 	58.69619 	3.1861178 	17.669515
-0.49369369 	-0.05 	0.91 	58.694309 	3.2015874 	17.688599
-0.49249249 	-0.05 	0.91 	58.6914 	3.220018 	17.707462
-0.49129129 	-0.05 	0.91 	58.688491 	3.2384486 	17.726326
-0.49009009 	-0.05 	0.91 	58.685582 	3.2568792 	17.745189
-0.48888889 	-0.05 	0.91 	58.682673 	3.2753097 	17.764053
-0.48768769 	-0.05 	0.91 	58.680401 	3.2919857 	17.782567
-0.48648649 	-0.05 	0.91 	58.679904 	3.303775 	17.800109
-0.48528529 	-0.05 	0.91 	58.679407 	3.3155643 	17.817651
-0.48408408 	-0.05 	0.91 	58.678909 	3.3273537 	17.835193
-0.48288288 	-0.05 	0.91 	58.678412 	3.339143 	17.852735
-0.48168168 	-0.05 	0.91 	58.677594 	3.3512092 	17.870631
-0.48048048 	-0.05 	0.91 	58.674997 	3.3648114 	17.890494
-0.47927928 	-0.05 	0.91 	58.6724 	3.3784135 	17.910357
-0.47807808 	-0.05 	0.91 	58.669803 	3.3920157 	17.93022
-0.47687688 	-0.05 	0.91 	58.667205 	3.4056179 	17.950083
-0.47567568 	-0.05 	0.91 	58.664608 	3.4192201 	17.969946
-0.47447447 	-0.05 	0.91 	58.66201 	3.4328725 	17.989977
-0.47327327 	-0.05 	0.91 	58.659355 	3.4496749 	18.020539
-0.47207207 	-0.05 	0.91 	58.656701 	3.4664773 	18.051101
-0.47087087 	-0.05 	0.91 	58.654046 	3.4832798 	18.081663
-0.46966967 	-0.05 	0.91 	58.651391 	3.5000822 	18.112225
-0.46846847 	-0.05 	0.91 	58.648736 	3.5168846 	18.142787
-0.46726727 	-0.05 	0.91 	58.646081 	3.533687 	18.173349
-0.46606607 	-0.05 	0.91 	58.643599 	3.549629 	18.193989
-0.46486486 	-0.05 	0.91 	58.641127 	3.5655149 	18.213982
-0.46366366 	-0.05 	0.91 	58.638656 	3.5814007 	18.233976
-0.46246246 	-0.05 	0.91 	58.634678 	3.5988785 	18.254063
-0.46126126 	-0.05 	0.91 	58.630567 	3.616498 	18.274159
-0.46006006 	-0.05 	0.91 	58.626455 	3.6341175 	18.294255
-0.45885886 	-0.05 	0.91 	58.622343 	3.651737 	18.314351
-0.45765766 	-0.05 	0.91 	58.618231 	3.6693565 	18.334447
-0.45645646 	-0.05 	0.91 	58.615958 	3.6817513 	18.351068
-0.45525526 	-0.05 	0.91 	58.613927 	3.6934556 	18.36723
-0.45405405 	-0.05 	0.91 	58.611896 	3.7051599 	18.383392
-0.45285285 	-0.05 	0.91 	58.609865 	3.7168643 	18.399554
-0.45165165 	-0.05 	0.91 	58.607834 	3.7285686 	18.415715
-0.45045045 	-0.05 	0.91 	58.604784 	3.7419436 	18.429301
-0.44924925 	-0.05 	0.91 	58.60163 	3.7554878 	18.442625
-0.44804805 	-0.05 	0.91 	58.598476 	3.769032 	18.45595
-0.44684685 	-0.05 	0.91 	58.595322 	3.7825762 	18.469274
-0.44564565 	-0.05 	0.91 	58.592168 	3.7961204 	18.482599
-0.44444444 	-0.05 	0.91 	58.589014 	3.8096646 	18.495923
-0.44324324 	-0.05 	0.91 	58.585617 	3.8250738 	18.51223
-0.44204204 	-0.05 	0.91 	58.582043 	3.8413608 	18.530209
-0.44084084 	-0.05 	0.91 	58.578106 	3.8584666 	18.550625
-0.43963964 	-0.05 	0.91 	58.57422 	3.8750859 	18.572974
-0.43843844 	-0.05 	0.91 	58.570361 	3.8914442 	18.596361
-0.43723724 	-0.05 	0.91 	58.566502 	3.9078025 	18.619748
-0.43603604 	-0.05 	0.91 	58.562644 	3.9241608 	18.643134
-0.43483483 	-0.05 	0.91 	58.558785 	3.9405191 	18.666521
-0.43363363 	-0.05 	0.91 	58.554926 	3.9568774 	18.689907
-0.43243243 	-0.05 	0.91 	58.55029 	3.9721032 	18.714783
-0.43123123 	-0.05 	0.91 	58.544369 	3.9854557 	18.742121
-0.43003003 	-0.05 	0.91 	58.538448 	3.9988083 	18.769459
-0.42882883 	-0.05 	0.91 	58.532599 	4.0127155 	18.796065
-0.42762763 	-0.05 	0.91 	58.527006 	4.0286034 	18.820056
-0.42642643 	-0.05 	0.91 	58.522503 	4.0436305 	18.838599
-0.42522523 	-0.05 	0.91 	58.519083 	4.0578025 	18.851732
-0.42402402 	-0.05 	0.91 	58.515925 	4.0740089 	18.86218
-0.42282282 	-0.05 	0.91 	58.512835 	4.0907342 	18.871944
-0.42162162 	-0.05 	0.91 	58.509745 	4.1074594 	18.881707
-0.42042042 	-0.05 	0.91 	58.505679 	4.1233549 	18.894325
-0.41921922 	-0.05 	0.91 	58.501108 	4.1388211 	18.908419
-0.41801802 	-0.05 	0.91 	58.496537 	4.1542874 	18.922513
-0.41681682 	-0.05 	0.91 	58.491966 	4.1697536 	18.936608
-0.41561562 	-0.05 	0.91 	58.487395 	4.1852199 	18.950702
-0.41441441 	-0.05 	0.91 	58.482824 	4.2006862 	18.964796
-0.41321321 	-0.05 	0.91 	58.478329 	4.2167168 	18.979722
-0.41201201 	-0.05 	0.91 	58.473972 	4.2337739 	18.996161
-0.41081081 	-0.05 	0.91 	58.469104 	4.2511672 	19.016903
-0.40960961 	-0.05 	0.91 	58.464171 	4.2683572 	19.039683
-0.40840841 	-0.05 	0.91 	58.459392 	4.2847609 	19.065284
-0.40720721 	-0.05 	0.91 	58.454613 	4.3011646 	19.090885
-0.40600601 	-0.05 	0.91 	58.449835 	4.3175683 	19.116486
-0.4048048 	-0.05 	0.91 	58.445056 	4.333972 	19.142087
-0.4036036 	-0.05 	0.91 	58.440277 	4.3503758 	19.167687
-0.4024024 	-0.05 	0.91 	58.435498 	4.3667795 	19.193288
-0.4012012 	-0.05 	0.91 	58.429552 	4.3860885 	19.213751
-0.4 	-0.05 	0.91 	58.42355 	4.4055363 	19.233968
-0.3987988 	-0.05 	0.91 	58.417548 	4.4249842 	19.254185
-0.3975976 	-0.05 	0.91 	58.411546 	4.4444321 	19.274401
-0.3963964 	-0.05 	0.91 	58.405569 	4.4628614 	19.294238
-0.3951952 	-0.05 	0.91 	58.399786 	4.4736208 	19.311214
-0.39399399 	-0.05 	0.91 	58.394002 	4.4843803 	19.32819
-0.39279279 	-0.05 	0.91 	58.388218 	4.4951397 	19.345166
-0.39159159 	-0.05 	0.91 	58.382435 	4.5058991 	19.362141
-0.39039039 	-0.05 	0.91 	58.376545 	4.5178921 	19.378468
-0.38918919 	-0.05 	0.91 	58.370396 	4.532889 	19.393215
-0.38798799 	-0.05 	0.91 	58.364247 	4.5478859 	19.407963
-0.38678679 	-0.05 	0.91 	58.358099 	4.5628827 	19.42271
-0.38558559 	-0.05 	0.91 	58.35195 	4.5778796 	19.437457
-0.38438438 	-0.05 	0.91 	58.345801 	4.5928765 	19.452204
-0.38318318 	-0.05 	0.91 	58.339653 	4.6078734 	19.466951
-0.38198198 	-0.05 	0.91 	58.333789 	4.6246848 	19.484077
-0.38078078 	-0.05 	0.91 	58.327321 	4.6421859 	19.503307
-0.37957958 	-0.05 	0.91 	58.320021 	4.6605348 	19.525269
-0.37837838 	-0.05 	0.91 	58.313072 	4.6778129 	19.550647
-0.37717718 	-0.05 	0.91 	58.306169 	4.6949503 	19.576475
-0.37597598 	-0.05 	0.91 	58.299266 	4.7120876 	19.602302
-0.37477477 	-0.05 	0.91 	58.292364 	4.729225 	19.62813
-0.37357357 	-0.05 	0.91 	58.285461 	4.7463624 	19.653957
-0.37237237 	-0.05 	0.91 	58.278558 	4.7634998 	19.679785
-0.37117117 	-0.05 	0.91 	58.271007 	4.7792203 	19.707228
-0.36996997 	-0.05 	0.91 	58.262856 	4.793632 	19.736164
-0.36876877 	-0.05 	0.91 	58.254706 	4.8080438 	19.765099
-0.36756757 	-0.05 	0.91 	58.246661 	4.8237611 	19.792297
-0.36636637 	-0.05 	0.91 	58.238774 	4.841423 	19.816908
-0.36516517 	-0.05 	0.91 	58.230234 	4.8567868 	19.832136
-0.36396396 	-0.05 	0.91 	58.221473 	4.8715278 	19.843639
-0.36276276 	-0.05 	0.91 	58.212958 	4.8893095 	19.851095
-0.36156156 	-0.05 	0.91 	58.204443 	4.9070913 	19.858552
-0.36036036 	-0.05 	0.91 	58.195928 	4.924873 	19.866008
-0.35915916 	-0.05 	0.91 	58.187391 	4.9408075 	19.879767
-0.35795796 	-0.05 	0.91 	58.178853 	4.9566874 	19.893712
-0.35675676 	-0.05 	0.91 	58.170315 	4.9725673 	19.907656
-0.35555556 	-0.05 	0.91 	58.161777 	4.9884472 	19.921601
-0.35435435 	-0.05 	0.91 	58.153238 	5.004327 	19.935546
-0.35315315 	-0.05 	0.91 	58.1447 	5.0202069 	19.949491
-0.35195195 	-0.05 	0.91 	58.136216 	5.0369895 	19.965077
-0.35075075 	-0.05 	0.91 	58.127805 	5.0545828 	19.982133
-0.34954955 	-0.05 	0.91 	58.120183 	5.0743862 	20.003122
-0.34834835 	-0.05 	0.91 	58.112292 	5.0938665 	20.024035
-0.34714715 	-0.05 	0.91 	58.104164 	5.11306 	20.04488
-0.34594595 	-0.05 	0.91 	58.096037 	5.1322536 	20.065724
-0.34474474 	-0.05 	0.91 	58.087909 	5.1514471 	20.086569
-0.34354354 	-0.05 	0.91 	58.079781 	5.1706406 	20.107414
-0.34234234 	-0.05 	0.91 	58.071653 	5.1898341 	20.128258
-0.34114114 	-0.05 	0.91 	58.06344 	5.2092066 	20.149275
-0.33993994 	-0.05 	0.91 	58.05296 	5.2333488 	20.174882
-0.33873874 	-0.05 	0.91 	58.042479 	5.257491 	20.200489
-0.33753754 	-0.05 	0.91 	58.031999 	5.2816331 	20.226097
-0.33633634 	-0.05 	0.91 	58.021518 	5.3057753 	20.251704
-0.33513514 	-0.05 	0.91 	58.013886 	5.3233757 	20.271069
-0.33393393 	-0.05 	0.91 	58.01154 	5.3288377 	20.278852
-0.33273273 	-0.05 	0.91 	58.004539 	5.3426614 	20.292475
-0.33153153 	-0.05 	0.91 	57.996329 	5.3586549 	20.307613
-0.33033033 	-0.05 	0.91 	57.988119 	5.3746485 	20.322752
-0.32912913 	-0.05 	0.91 	57.979909 	5.390642 	20.33789
-0.32792793 	-0.05 	0.91 	57.971699 	5.4066356 	20.353028
-0.32672673 	-0.05 	0.91 	57.963489 	5.4226291 	20.368167
-0.32552553 	-0.05 	0.91 	57.955799 	5.4373279 	20.382627
-0.32432432 	-0.05 	0.91 	57.949436 	5.4487228 	20.395358
-0.32312312 	-0.05 	0.91 	57.943074 	5.4601178 	20.408089
-0.32192192 	-0.05 	0.91 	57.935249 	5.4735741 	20.423248
-0.32072072 	-0.05 	0.91 	57.922117 	5.4945084 	20.447215
-0.31951952 	-0.05 	0.91 	57.913748 	5.5141831 	20.469829
-0.31831832 	-0.05 	0.91 	57.907342 	5.5330724 	20.491348
-0.31711712 	-0.05 	0.91 	57.896655 	5.5507754 	20.509399
-0.31591592 	-0.05 	0.91 	57.885967 	5.5684784 	20.52745
-0.31471471 	-0.05 	0.91 	57.875294 	5.5862016 	20.545783
-0.31351351 	-0.05 	0.91 	57.864758 	5.6041196 	20.56684
-0.31231231 	-0.05 	0.91 	57.854221 	5.6220376 	20.587898
-0.31111111 	-0.05 	0.91 	57.843685 	5.6399557 	20.608955
-0.30990991 	-0.05 	0.91 	57.833148 	5.6578737 	20.630013
-0.30870871 	-0.05 	0.91 	57.822612 	5.6757917 	20.651071
-0.30750751 	-0.05 	0.91 	57.812075 	5.6937097 	20.672128
-0.30630631 	-0.05 	0.91 	57.799575 	5.7141054 	20.691475
-0.30510511 	-0.05 	0.91 	57.785355 	5.7366717 	20.709322
-0.3039039 	-0.05 	0.91 	57.775843 	5.75347 	20.729622
-0.3027027 	-0.05 	0.91 	57.765226 	5.7705933 	20.749754
-0.3015015 	-0.05 	0.91 	57.75278 	5.7884505 	20.76953
-0.3003003 	-0.05 	0.91 	57.740334 	5.8063077 	20.789305
-0.2990991 	-0.05 	0.91 	57.727888 	5.8241649 	20.80908
-0.2978979 	-0.05 	0.91 	57.715442 	5.842022 	20.828856
-0.2966967 	-0.05 	0.91 	57.702996 	5.8598792 	20.848631
-0.2954955 	-0.05 	0.91 	57.690549 	5.8777364 	20.868407
-0.29429429 	-0.05 	0.91 	57.678364 	5.8951368 	20.886475
-0.29309309 	-0.05 	0.91 	57.666246 	5.9124172 	20.904095
-0.29189189 	-0.05 	0.91 	57.654129 	5.9296977 	20.921715
-0.29069069 	-0.05 	0.91 	57.639039 	5.9451675 	20.937798
-0.28948949 	-0.05 	0.91 	57.624413 	5.9614276 	20.955008
-0.28828829 	-0.05 	0.91 	57.612537 	5.980693 	20.975963
-0.28708709 	-0.05 	0.91 	57.599909 	5.9986309 	20.994433
-0.28588589 	-0.05 	0.91 	57.586977 	6.0160327 	21.011899
-0.28468468 	-0.05 	0.91 	57.574045 	6.0334345 	21.029365
-0.28348348 	-0.05 	0.91 	57.560862 	6.0514186 	21.048015
-0.28228228 	-0.05 	0.91 	57.547602 	6.0695821 	21.067028
-0.28108108 	-0.05 	0.91 	57.534342 	6.0877456 	21.086042
-0.27987988 	-0.05 	0.91 	57.521082 	6.1059091 	21.105056
-0.27867868 	-0.05 	0.91 	57.507822 	6.1240726 	21.12407
-0.27747748 	-0.05 	0.91 	57.494562 	6.1422361 	21.143084
-0.27627628 	-0.05 	0.91 	57.481255 	6.1612163 	21.161668
-0.27507508 	-0.05 	0.91 	57.467693 	6.1845643 	21.177959
-0.27387387 	-0.05 	0.91 	57.454045 	6.203899 	21.194599
-0.27267267 	-0.05 	0.91 	57.440333 	6.2203873 	21.21151
-0.27147147 	-0.05 	0.91 	57.426575 	6.2383228 	21.230145
-0.27027027 	-0.05 	0.91 	57.412817 	6.2562583 	21.248779
-0.26906907 	-0.05 	0.91 	57.399058 	6.2741939 	21.267414
-0.26786787 	-0.05 	0.91 	57.3853 	6.2921294 	21.286049
-0.26666667 	-0.05 	0.91 	57.371542 	6.3100649 	21.304683
-0.26546547 	-0.05 	0.91 	57.357784 	6.3280004 	21.323318
-0.26426426 	-0.05 	0.91 	57.344032 	6.3454244 	21.341397
-0.26306306 	-0.05 	0.91 	57.330288 	6.3620252 	21.35858
-0.26186186 	-0.05 	0.91 	57.316545 	6.3786259 	21.375762
-0.26066066 	-0.05 	0.91 	57.302204 	6.3942816 	21.392567
-0.25945946 	-0.05 	0.91 	57.287109 	6.4087408 	21.408891
-0.25825826 	-0.05 	0.91 	57.272707 	6.4268566 	21.427701
-0.25705706 	-0.05 	0.91 	57.258115 	6.4447634 	21.446035
-0.25585586 	-0.05 	0.91 	57.243017 	6.4614708 	21.462937
-0.25465465 	-0.05 	0.91 	57.227919 	6.4781782 	21.479839
-0.25345345 	-0.05 	0.91 	57.212934 	6.4953121 	21.497419
-0.25225225 	-0.05 	0.91 	57.19811 	6.5130514 	21.515959
-0.25105105 	-0.05 	0.91 	57.183285 	6.5307906 	21.5345
-0.24984985 	-0.05 	0.91 	57.16846 	6.5485298 	21.55304
-0.24864865 	-0.05 	0.91 	57.153636 	6.5662691 	21.57158
-0.24744745 	-0.05 	0.91 	57.138811 	6.5840083 	21.59012
-0.24624625 	-0.05 	0.91 	57.123987 	6.6017475 	21.608661
-0.24504505 	-0.05 	0.91 	57.108759 	6.6233698 	21.626127
-0.24384384 	-0.05 	0.91 	57.093356 	6.6448889 	21.643119
-0.24264264 	-0.05 	0.91 	57.077819 	6.6606536 	21.659705
-0.24144144 	-0.05 	0.91 	57.061584 	6.6775313 	21.677227
-0.24024024 	-0.05 	0.91 	57.044986 	6.694988 	21.695237
-0.23903904 	-0.05 	0.91 	57.028388 	6.7124447 	21.713247
-0.23783784 	-0.05 	0.91 	57.01179 	6.7299014 	21.731256
-0.23663664 	-0.05 	0.91 	56.995193 	6.7473581 	21.749266
-0.23543544 	-0.05 	0.91 	56.978595 	6.7648148 	21.767276
-0.23423423 	-0.05 	0.91 	56.961997 	6.7822716 	21.785286
-0.23303303 	-0.05 	0.91 	56.945332 	6.7985741 	21.801694
-0.23183183 	-0.05 	0.91 	56.928663 	6.8148004 	21.817997
-0.23063063 	-0.05 	0.91 	56.911894 	6.830905 	21.834252
-0.22942943 	-0.05 	0.91 	56.893478 	6.8450071 	21.849711
-0.22822823 	-0.05 	0.91 	56.875472 	6.8608711 	21.8666
-0.22702703 	-0.05 	0.91 	56.857866 	6.8784473 	21.884881
-0.22582583 	-0.05 	0.91 	56.839592 	6.8943223 	21.900422
-0.22462462 	-0.05 	0.91 	56.82129 	6.9101251 	21.915847
-0.22342342 	-0.05 	0.91 	56.802969 	6.9260217 	21.931457
-0.22222222 	-0.05 	0.91 	56.784499 	6.9426665 	21.948538
-0.22102102 	-0.05 	0.91 	56.766028 	6.9593112 	21.965619
-0.21981982 	-0.05 	0.91 	56.747558 	6.9759559 	21.982701
-0.21861862 	-0.05 	0.91 	56.729087 	6.9926006 	21.999782
-0.21741742 	-0.05 	0.91 	56.710616 	7.0092454 	22.016863
-0.21621622 	-0.05 	0.91 	56.692146 	7.0258901 	22.033944
-0.21501502 	-0.05 	0.91 	56.673537 	7.0444694 	22.050306
-0.21381381 	-0.05 	0.91 	56.65467 	7.0666731 	22.065319
-0.21261261 	-0.05 	0.91 	56.635538 	7.0818691 	22.080479
-0.21141141 	-0.05 	0.91 	56.616062 	7.0960964 	22.095859
-0.21021021 	-0.05 	0.91 	56.595854 	7.1118883 	22.11172
-0.20900901 	-0.05 	0.91 	56.575646 	7.1276802 	22.127581
-0.20780781 	-0.05 	0.91 	56.555438 	7.143472 	22.143443
-0.20660661 	-0.05 	0.91 	56.53523 	7.1592639 	22.159304
-0.20540541 	-0.05 	0.91 	56.515022 	7.1750558 	22.175166
-0.2042042 	-0.05 	0.91 	56.494814 	7.1908476 	22.191027
-0.203003 	-0.05 	0.91 	56.474771 	7.2060676 	22.206216
-0.2018018 	-0.05 	0.91 	56.45493 	7.220587 	22.22058
-0.2006006 	-0.05 	0.91 	56.43509 	7.2351065 	22.234945
-0.1993994 	-0.05 	0.91 	56.41393 	7.2480873 	22.248442
-0.1981982 	-0.05 	0.91 	56.392238 	7.2606887 	22.261892
-0.196997 	-0.05 	0.91 	56.371179 	7.2756987 	22.277865
-0.1957958 	-0.05 	0.91 	56.349674 	7.289572 	22.292353
-0.19459459 	-0.05 	0.91 	56.327839 	7.302605 	22.305743
-0.19339339 	-0.05 	0.91 	56.306004 	7.3156379 	22.319134
-0.19219219 	-0.05 	0.91 	56.283813 	7.329616 	22.333785
-0.19099099 	-0.05 	0.91 	56.261559 	7.3437648 	22.348664
-0.18978979 	-0.05 	0.91 	56.239305 	7.3579137 	22.363544
-0.18858859 	-0.05 	0.91 	56.217051 	7.3720625 	22.378423
-0.18738739 	-0.05 	0.91 	56.194796 	7.3862113 	22.393302
-0.18618619 	-0.05 	0.91 	56.172542 	7.4003601 	22.408181
-0.18498498 	-0.05 	0.91 	56.150288 	7.4145089 	22.423061
-0.18378378 	-0.05 	0.91 	56.127446 	7.4336764 	22.43618
-0.18258258 	-0.05 	0.91 	56.104518 	7.4489299 	22.449099
-0.18138138 	-0.05 	0.91 	56.081516 	7.4587587 	22.461865
-0.18018018 	-0.05 	0.91 	56.057327 	7.4709944 	22.474973
-0.17897898 	-0.05 	0.91 	56.033022 	7.4834669 	22.488115
-0.17777778 	-0.05 	0.91 	56.008716 	7.4959395 	22.501257
-0.17657658 	-0.05 	0.91 	55.984411 	7.508412 	22.514399
-0.17537538 	-0.05 	0.91 	55.960105 	7.5208846 	22.527541
-0.17417417 	-0.05 	0.91 	55.9358 	7.5333571 	22.540683
-0.17297297 	-0.05 	0.91 	55.911494 	7.5458297 	22.553825
-0.17177177 	-0.05 	0.91 	55.887545 	7.5571566 	22.565696
-0.17057057 	-0.05 	0.91 	55.863605 	7.5684547 	22.577536
-0.16936937 	-0.05 	0.91 	55.838917 	7.5789207 	22.588862
-0.16816817 	-0.05 	0.91 	55.812459 	7.5874202 	22.598976
-0.16696697 	-0.05 	0.91 	55.787088 	7.5981493 	22.61144
-0.16576577 	-0.05 	0.91 	55.762122 	7.6091581 	22.624133
-0.16456456 	-0.05 	0.91 	55.737293 	7.6177504 	22.633962
-0.16336336 	-0.05 	0.91 	55.712464 	7.6263426 	22.643792
-0.16216216 	-0.05 	0.91 	55.686978 	7.635837 	22.654425
-0.16096096 	-0.05 	0.91 	55.66086 	7.6461997 	22.665832
-0.15975976 	-0.05 	0.91 	55.634742 	7.6565624 	22.677238
-0.15855856 	-0.05 	0.91 	55.608624 	7.6669252 	22.688645
-0.15735736 	-0.05 	0.91 	55.582506 	7.6772879 	22.700052
-0.15615616 	-0.05 	0.91 	55.556388 	7.6876506 	22.711459
-0.15495495 	-0.05 	0.91 	55.53027 	7.6980133 	22.722865
-0.15375375 	-0.05 	0.91 	55.504381 	7.7120465 	22.732425
-0.15255255 	-0.05 	0.91 	55.478522 	7.7276555 	22.741012
-0.15135135 	-0.05 	0.91 	55.450758 	7.7340839 	22.750711
-0.15015015 	-0.05 	0.91 	55.423237 	7.7407839 	22.760084
-0.14894895 	-0.05 	0.91 	55.395987 	7.7477867 	22.769092
-0.14774775 	-0.05 	0.91 	55.368736 	7.7547894 	22.778101
-0.14654655 	-0.05 	0.91 	55.341486 	7.7617922 	22.787109
-0.14534535 	-0.05 	0.91 	55.314236 	7.7687949 	22.796117
-0.14414414 	-0.05 	0.91 	55.286985 	7.7757977 	22.805126
-0.14294294 	-0.05 	0.91 	55.259735 	7.7828004 	22.814134
-0.14174174 	-0.05 	0.91 	55.233465 	7.7901269 	22.822656
-0.14054054 	-0.05 	0.91 	55.207943 	7.7977001 	22.830806
-0.13933934 	-0.05 	0.91 	55.182421 	7.8052734 	22.838956
-0.13813814 	-0.05 	0.91 	55.156148 	7.8069618 	22.845358
-0.13693694 	-0.05 	0.91 	55.129212 	7.8110006 	22.851959
-0.13573574 	-0.05 	0.91 	55.101289 	7.8210805 	22.859444
-0.13453453 	-0.05 	0.91 	55.074109 	7.8252253 	22.866533
-0.13333333 	-0.05 	0.91 	55.047047 	7.8284247 	22.873559
-0.13213213 	-0.05 	0.91 	55.019824 	7.8315805 	22.880505
-0.13093093 	-0.05 	0.91 	54.991709 	7.834495 	22.88701
-0.12972973 	-0.05 	0.91 	54.963593 	7.8374094 	22.893514
-0.12852853 	-0.05 	0.91 	54.935478 	7.8403238 	22.900019
-0.12732733 	-0.05 	0.91 	54.907363 	7.8432382 	22.906523
-0.12612613 	-0.05 	0.91 	54.879247 	7.8461526 	22.913028
-0.12492492 	-0.05 	0.91 	54.851132 	7.849067 	22.919532
-0.12372372 	-0.05 	0.91 	54.823102 	7.8523265 	22.926027
-0.12252252 	-0.05 	0.91 	54.795485 	7.857251 	22.932476
-0.12132132 	-0.05 	0.91 	54.766807 	7.857996 	22.937716
-0.12012012 	-0.05 	0.91 	54.737747 	7.8567318 	22.942297
-0.11891892 	-0.05 	0.91 	54.7096 	7.8561219 	22.946616
-0.11771772 	-0.05 	0.91 	54.681454 	7.8555119 	22.950935
-0.11651652 	-0.05 	0.91 	54.653308 	7.854902 	22.955254
-0.11531532 	-0.05 	0.91 	54.625162 	7.854292 	22.959574
-0.11411411 	-0.05 	0.91 	54.597015 	7.8536821 	22.963893
-0.11291291 	-0.05 	0.91 	54.568869 	7.8530721 	22.968212
-0.11171171 	-0.05 	0.91 	54.540791 	7.8524527 	22.972659
-0.11051051 	-0.05 	0.91 	54.513141 	7.8517742 	22.977902
-0.10930931 	-0.05 	0.91 	54.48549 	7.8510957 	22.983144
-0.10810811 	-0.05 	0.91 	54.458399 	7.8469947 	22.988146
-0.10690691 	-0.05 	0.91 	54.431894 	7.8393174 	22.992895
-0.10570571 	-0.05 	0.91 	54.403148 	7.8408851 	22.993739
-0.1045045 	-0.05 	0.91 	54.375228 	7.8402981 	22.996275
-0.1033033 	-0.05 	0.91 	54.348424 	7.8366801 	23.001069
-0.1021021 	-0.05 	0.91 	54.321619 	7.8330621 	23.005863
-0.1009009 	-0.05 	0.91 	54.294186 	7.8291819 	23.010454
-0.0996997 	-0.05 	0.91 	54.266473 	7.8251849 	23.014955
-0.098498498 	-0.05 	0.91 	54.238761 	7.821188 	23.019456
-0.097297297 	-0.05 	0.91 	54.211048 	7.8171911 	23.023957
-0.096096096 	-0.05 	0.91 	54.183336 	7.8131941 	23.028458
-0.094894895 	-0.05 	0.91 	54.155623 	7.8091972 	23.032959
-0.093693694 	-0.05 	0.91 	54.127911 	7.8052002 	23.03746
-0.092492492 	-0.05 	0.91 	54.100332 	7.8030768 	23.046094
-0.091291291 	-0.05 	0.91 	54.072722 	7.799147 	23.052235
-0.09009009 	-0.05 	0.91 	54.044947 	7.7891648 	23.049052
-0.088888889 	-0.05 	0.91 	54.017907 	7.7801875 	23.046325
-0.087687688 	-0.05 	0.91 	53.991169 	7.7716247 	23.043785
-0.086486486 	-0.05 	0.91 	53.964432 	7.7630618 	23.041245
-0.085285285 	-0.05 	0.91 	53.937695 	7.754499 	23.038706
-0.084084084 	-0.05 	0.91 	53.910957 	7.7459362 	23.036166
-0.082882883 	-0.05 	0.91 	53.884855 	7.7376418 	23.03349
-0.081681682 	-0.05 	0.91 	53.86013 	7.7299295 	23.030519
-0.08048048 	-0.05 	0.91 	53.835406 	7.7222171 	23.027549
-0.079279279 	-0.05 	0.91 	53.810681 	7.7145048 	23.024578
-0.078078078 	-0.05 	0.91 	53.785936 	7.7058916 	23.020821
-0.076876877 	-0.05 	0.91 	53.761047 	7.6907732 	23.011392
-0.075675676 	-0.05 	0.91 	53.735697 	7.6828657 	23.00895
-0.074474474 	-0.05 	0.91 	53.709961 	7.6810022 	23.012363
-0.073273273 	-0.05 	0.91 	53.688315 	7.6692216 	23.003498
-0.072072072 	-0.05 	0.91 	53.666862 	7.6569748 	22.994056
-0.070870871 	-0.05 	0.91 	53.645408 	7.6447279 	22.984614
-0.06966967 	-0.05 	0.91 	53.623954 	7.632481 	22.975172
-0.068468468 	-0.05 	0.91 	53.6025 	7.6202341 	22.96573
-0.067267267 	-0.05 	0.91 	53.581046 	7.6079873 	22.956288
-0.066066066 	-0.05 	0.91 	53.559302 	7.5956326 	22.946731
-0.064864865 	-0.05 	0.91 	53.536435 	7.5828617 	22.936732
-0.063663664 	-0.05 	0.91 	53.513569 	7.5700907 	22.926732
-0.062462462 	-0.05 	0.91 	53.491616 	7.5567376 	22.916278
-0.061261261 	-0.05 	0.91 	53.47087 	7.542615 	22.905224
-0.06006006 	-0.05 	0.91 	53.45015 	7.5265439 	22.903061
-0.058858859 	-0.05 	0.91 	53.429369 	7.5104923 	22.902056
-0.057657658 	-0.05 	0.91 	53.408337 	7.4961065 	22.898097
-0.056456456 	-0.05 	0.91 	53.387683 	7.4818271 	22.894295
-0.055255255 	-0.05 	0.91 	53.369089 	7.4681269 	22.891349
-0.054054054 	-0.05 	0.91 	53.350495 	7.4544267 	22.888402
-0.052852853 	-0.05 	0.91 	53.331902 	7.4407265 	22.885456
-0.051651652 	-0.05 	0.91 	53.313308 	7.4270263 	22.88251
-0.05045045 	-0.05 	0.91 	53.294715 	7.4133261 	22.879563
-0.049249249 	-0.05 	0.91 	53.276121 	7.3996259 	22.876617
-0.048048048 	-0.05 	0.91 	53.257527 	7.3859257 	22.873671
-0.046846847 	-0.05 	0.91 	53.231413 	7.3728154 	22.877321
-0.045645646 	-0.05 	0.91 	53.205361 	7.3583193 	22.879831
-0.044444444 	-0.05 	0.91 	53.197955 	7.3330469 	22.858673
-0.043243243 	-0.05 	0.91 	53.187938 	7.3123782 	22.843856
-0.042042042 	-0.05 	0.91 	53.17555 	7.2958886 	22.834794
-0.040840841 	-0.05 	0.91 	53.163162 	7.2793989 	22.825732
-0.03963964 	-0.05 	0.91 	53.150774 	7.2629092 	22.816671
-0.038438438 	-0.05 	0.91 	53.138386 	7.2464196 	22.807609
-0.037237237 	-0.05 	0.91 	53.125998 	7.2299299 	22.798547
-0.036036036 	-0.05 	0.91 	53.11361 	7.2134402 	22.789486
-0.034834835 	-0.05 	0.91 	53.100308 	7.1965062 	22.780497
-0.033633634 	-0.05 	0.91 	53.082451 	7.1772258 	22.771484
-0.032432432 	-0.05 	0.91 	53.070035 	7.1595904 	22.758639
-0.031231231 	-0.05 	0.91 	53.051278 	7.1486273 	22.758905
-0.03003003 	-0.05 	0.91 	53.042178 	7.1298503 	22.744824
-0.028828829 	-0.05 	0.91 	53.045562 	7.1009714 	22.712197
-0.027627628 	-0.05 	0.91 	53.039501 	7.0804361 	22.691179
-0.026426426 	-0.05 	0.91 	53.03753 	7.0640241 	22.681086
-0.025225225 	-0.05 	0.91 	53.033556 	7.0495111 	22.675299
-0.024024024 	-0.05 	0.91 	53.027947 	7.0354931 	22.670255
-0.022822823 	-0.05 	0.91 	53.022339 	7.0214751 	22.665211
-0.021621622 	-0.05 	0.91 	53.01673 	7.0074571 	22.660168
-0.02042042 	-0.05 	0.91 	53.011121 	6.9934392 	22.655124
-0.019219219 	-0.05 	0.91 	53.005512 	6.9794212 	22.65008
-0.018018018 	-0.05 	0.91 	52.999903 	6.9654032 	22.645036
-0.016816817 	-0.05 	0.91 	52.994128 	6.9508226 	22.640379
-0.015615616 	-0.05 	0.91 	52.987826 	6.9344571 	22.636953
-0.014414414 	-0.05 	0.91 	52.990061 	6.9195485 	22.627234
-0.013213213 	-0.05 	0.91 	52.995794 	6.9053939 	22.614814
-0.012012012 	-0.05 	0.91 	53.000954 	6.8912902 	22.592913
-0.010810811 	-0.05 	0.91 	53.006648 	6.8748643 	22.564377
-0.0096096096 	-0.05 	0.91 	53.00823 	6.8643269 	22.54309
-0.0084084084 	-0.05 	0.91 	53.009825 	6.8534423 	22.521709
-0.0072072072 	-0.05 	0.91 	53.011552 	6.8387646 	22.499298
-0.006006006 	-0.05 	0.91 	53.01328 	6.8240869 	22.476887
-0.0048048048 	-0.05 	0.91 	53.015007 	6.8094092 	22.454475
-0.0036036036 	-0.05 	0.91 	53.016314 	6.7952683 	22.43192
-0.0024024024 	-0.05 	0.91 	53.016487 	6.782571 	22.408976
-0.0012012012 	-0.05 	0.91 	53.01666 	6.7698737 	22.386033
-7.9670765e-15 	-0.05 	0.91 	53.023235 	6.757106 	22.353648
