0 	0.25 	0.91 	54.351379 	3.1871214 	-16.544399
-0.0012012012 	0.25 	0.91 	54.357867 	3.1789903 	-16.541541
-0.0024024024 	0.25 	0.91 	54.364354 	3.1708591 	-16.538683
-0.0036036036 	0.25 	0.91 	54.370842 	3.162728 	-16.535824
-0.0048048048 	0.25 	0.91 	54.377329 	3.1545968 	-16.532966
-0.006006006 	0.25 	0.91 	54.383817 	3.1464657 	-16.530108
-0.0072072072 	0.25 	0.91 	54.390304 	3.1383346 	-16.52725
-0.0084084084 	0.25 	0.91 	54.396792 	3.1302034 	-16.524392
-0.0096096096 	0.25 	0.91 	54.403279 	3.1220723 	-16.521534
-0.010810811 	0.25 	0.91 	54.409767 	3.1139411 	-16.518675
-0.012012012 	0.25 	0.91 	54.416254 	3.10581 	-16.515817
-0.013213213 	0.25 	0.91 	54.422941 	3.0968773 	-16.513664
-0.014414414 	0.25 	0.91 	54.43023 	3.0855223 	-16.513643
-0.015615616 	0.25 	0.91 	54.437519 	3.0741673 	-16.513622
-0.016816817 	0.25 	0.91 	54.444808 	3.0628124 	-16.513601
-0.018018018 	0.25 	0.91 	54.452098 	3.0514574 	-16.51358
-0.019219219 	0.25 	0.91 	54.459387 	3.0401024 	-16.513559
-0.02042042 	0.25 	0.91 	54.466676 	3.0287475 	-16.513538
-0.021621622 	0.25 	0.91 	54.473965 	3.0173925 	-16.513517
-0.022822823 	0.25 	0.91 	54.481254 	3.0060375 	-16.513496
-0.024024024 	0.25 	0.91 	54.488544 	2.9946825 	-16.513475
-0.025225225 	0.25 	0.91 	54.495833 	2.9833276 	-16.513454
-0.026426426 	0.25 	0.91 	54.503122 	2.9719726 	-16.513432
-0.027627628 	0.25 	0.91 	54.510411 	2.9606176 	-16.513411
-0.028828829 	0.25 	0.91 	54.517701 	2.9492627 	-16.51339
-0.03003003 	0.25 	0.91 	54.52499 	2.9379077 	-16.513369
-0.031231231 	0.25 	0.91 	54.532279 	2.9265527 	-16.513348
-0.032432432 	0.25 	0.91 	54.539568 	2.9151977 	-16.513327
-0.033633634 	0.25 	0.91 	54.546857 	2.9038428 	-16.513306
-0.034834835 	0.25 	0.91 	54.554147 	2.8924878 	-16.513285
-0.036036036 	0.25 	0.91 	54.561436 	2.8811328 	-16.513264
-0.037237237 	0.25 	0.91 	54.568725 	2.8697778 	-16.513243
-0.038438438 	0.25 	0.91 	54.576017 	2.8584339 	-16.513222
-0.03963964 	0.25 	0.91 	54.583629 	2.8485829 	-16.513184
-0.040840841 	0.25 	0.91 	54.591242 	2.838732 	-16.513147
-0.042042042 	0.25 	0.91 	54.598855 	2.8288811 	-16.51311
-0.043243243 	0.25 	0.91 	54.606468 	2.8190302 	-16.513073
-0.044444444 	0.25 	0.91 	54.61408 	2.8091793 	-16.513036
-0.045645646 	0.25 	0.91 	54.621693 	2.7993283 	-16.512999
-0.046846847 	0.25 	0.91 	54.629391 	2.790213 	-16.513184
-0.048048048 	0.25 	0.91 	54.637299 	2.7828998 	-16.513913
-0.049249249 	0.25 	0.91 	54.645206 	2.7755866 	-16.514642
-0.05045045 	0.25 	0.91 	54.653113 	2.7682734 	-16.515372
-0.051651652 	0.25 	0.91 	54.66102 	2.7609602 	-16.516101
-0.052852853 	0.25 	0.91 	54.668928 	2.7536471 	-16.516831
-0.054054054 	0.25 	0.91 	54.676835 	2.7463339 	-16.51756
-0.055255255 	0.25 	0.91 	54.684742 	2.7390207 	-16.51829
-0.056456456 	0.25 	0.91 	54.692649 	2.7317075 	-16.519019
-0.057657658 	0.25 	0.91 	54.700557 	2.7243943 	-16.519749
-0.058858859 	0.25 	0.91 	54.708464 	2.7170811 	-16.520478
-0.06006006 	0.25 	0.91 	54.716371 	2.7097679 	-16.521207
-0.061261261 	0.25 	0.91 	54.724512 	2.6958778 	-16.523761
-0.062462462 	0.25 	0.91 	54.732664 	2.681692 	-16.526396
-0.063663664 	0.25 	0.91 	54.740815 	2.6675062 	-16.529031
-0.064864865 	0.25 	0.91 	54.748967 	2.6533203 	-16.531666
-0.066066066 	0.25 	0.91 	54.757118 	2.6391345 	-16.534301
-0.067267267 	0.25 	0.91 	54.76527 	2.6249487 	-16.536937
-0.068468468 	0.25 	0.91 	54.773422 	2.6107629 	-16.539572
-0.06966967 	0.25 	0.91 	54.781573 	2.5965771 	-16.542207
-0.070870871 	0.25 	0.91 	54.789725 	2.5823912 	-16.544842
-0.072072072 	0.25 	0.91 	54.797876 	2.5682054 	-16.547477
-0.073273273 	0.25 	0.91 	54.806028 	2.5540196 	-16.550112
-0.074474474 	0.25 	0.91 	54.815254 	2.5428413 	-16.552233
-0.075675676 	0.25 	0.91 	54.82496 	2.5330089 	-16.554124
-0.076876877 	0.25 	0.91 	54.834667 	2.5231765 	-16.556014
-0.078078078 	0.25 	0.91 	54.844374 	2.513344 	-16.557905
-0.079279279 	0.25 	0.91 	54.85408 	2.5035116 	-16.559796
-0.08048048 	0.25 	0.91 	54.863787 	2.4936792 	-16.561686
-0.081681682 	0.25 	0.91 	54.873452 	2.4835632 	-16.563621
-0.082882883 	0.25 	0.91 	54.882917 	2.4720798 	-16.56577
-0.084084084 	0.25 	0.91 	54.892381 	2.4605965 	-16.567919
-0.085285285 	0.25 	0.91 	54.901846 	2.4491131 	-16.570068
-0.086486486 	0.25 	0.91 	54.91131 	2.4376298 	-16.572217
-0.087687688 	0.25 	0.91 	54.920775 	2.4261464 	-16.574366
-0.088888889 	0.25 	0.91 	54.930239 	2.414663 	-16.576515
-0.09009009 	0.25 	0.91 	54.939704 	2.4031797 	-16.578664
-0.091291291 	0.25 	0.91 	54.949168 	2.3916963 	-16.580813
-0.092492492 	0.25 	0.91 	54.958633 	2.380213 	-16.582962
-0.093693694 	0.25 	0.91 	54.968097 	2.3687296 	-16.585111
-0.094894895 	0.25 	0.91 	54.977562 	2.3572462 	-16.58726
-0.096096096 	0.25 	0.91 	54.987026 	2.3457629 	-16.589409
-0.097297297 	0.25 	0.91 	54.996491 	2.3342795 	-16.591558
-0.098498498 	0.25 	0.91 	55.005955 	2.3227962 	-16.593707
-0.0996997 	0.25 	0.91 	55.01542 	2.3113128 	-16.595856
-0.1009009 	0.25 	0.91 	55.024884 	2.2998295 	-16.598005
-0.1021021 	0.25 	0.91 	55.034349 	2.2883461 	-16.600154
-0.1033033 	0.25 	0.91 	55.043813 	2.2768627 	-16.602303
-0.1045045 	0.25 	0.91 	55.053278 	2.2653794 	-16.604452
-0.10570571 	0.25 	0.91 	55.062742 	2.253896 	-16.606601
-0.10690691 	0.25 	0.91 	55.072207 	2.2424127 	-16.60875
-0.10810811 	0.25 	0.91 	55.082799 	2.2304907 	-16.615568
-0.10930931 	0.25 	0.91 	55.094401 	2.2181764 	-16.626562
-0.11051051 	0.25 	0.91 	55.106002 	2.2058621 	-16.637555
-0.11171171 	0.25 	0.91 	55.117603 	2.1935478 	-16.648549
-0.11291291 	0.25 	0.91 	55.129204 	2.1812335 	-16.659543
-0.11411411 	0.25 	0.91 	55.140805 	2.1689192 	-16.670537
-0.11531532 	0.25 	0.91 	55.152407 	2.1566049 	-16.68153
-0.11651652 	0.25 	0.91 	55.164008 	2.1442906 	-16.692524
-0.11771772 	0.25 	0.91 	55.175609 	2.1319763 	-16.703518
-0.11891892 	0.25 	0.91 	55.18721 	2.119662 	-16.714512
-0.12012012 	0.25 	0.91 	55.198811 	2.1073477 	-16.725505
-0.12132132 	0.25 	0.91 	55.210005 	2.0958126 	-16.732505
-0.12252252 	0.25 	0.91 	55.219718 	2.0871063 	-16.724999
-0.12372372 	0.25 	0.91 	55.229432 	2.0784001 	-16.717494
-0.12492492 	0.25 	0.91 	55.239145 	2.0696938 	-16.709989
-0.12612613 	0.25 	0.91 	55.248858 	2.0609876 	-16.702483
-0.12732733 	0.25 	0.91 	55.258571 	2.0522813 	-16.694978
-0.12852853 	0.25 	0.91 	55.268285 	2.043575 	-16.687473
-0.12972973 	0.25 	0.91 	55.277998 	2.0348688 	-16.679968
-0.13093093 	0.25 	0.91 	55.287711 	2.0261625 	-16.672462
-0.13213213 	0.25 	0.91 	55.297424 	2.0174563 	-16.664957
-0.13333333 	0.25 	0.91 	55.307138 	2.00875 	-16.657452
-0.13453453 	0.25 	0.91 	55.316851 	2.0000438 	-16.649947
-0.13573574 	0.25 	0.91 	55.327681 	1.9872949 	-16.650555
-0.13693694 	0.25 	0.91 	55.338646 	1.9740566 	-16.652146
-0.13813814 	0.25 	0.91 	55.349611 	1.9608184 	-16.653737
-0.13933934 	0.25 	0.91 	55.360576 	1.9475802 	-16.655327
-0.14054054 	0.25 	0.91 	55.371541 	1.9343419 	-16.656918
-0.14174174 	0.25 	0.91 	55.382506 	1.9211037 	-16.658508
-0.14294294 	0.25 	0.91 	55.393471 	1.9078655 	-16.660099
-0.14414414 	0.25 	0.91 	55.404436 	1.8946273 	-16.66169
-0.14534535 	0.25 	0.91 	55.415401 	1.881389 	-16.66328
-0.14654655 	0.25 	0.91 	55.426366 	1.8681508 	-16.664871
-0.14774775 	0.25 	0.91 	55.437331 	1.8549126 	-16.666462
-0.14894895 	0.25 	0.91 	55.448475 	1.8444125 	-16.671304
-0.15015015 	0.25 	0.91 	55.459623 	1.8339726 	-16.676219
-0.15135135 	0.25 	0.91 	55.470771 	1.8235327 	-16.681133
-0.15255255 	0.25 	0.91 	55.481919 	1.8130928 	-16.686047
-0.15375375 	0.25 	0.91 	55.493067 	1.802653 	-16.690961
-0.15495495 	0.25 	0.91 	55.504215 	1.7922131 	-16.695875
-0.15615616 	0.25 	0.91 	55.515363 	1.7817732 	-16.70079
-0.15735736 	0.25 	0.91 	55.526511 	1.7713333 	-16.705704
-0.15855856 	0.25 	0.91 	55.537659 	1.7608934 	-16.710618
-0.15975976 	0.25 	0.91 	55.548807 	1.7504536 	-16.715532
-0.16096096 	0.25 	0.91 	55.559955 	1.7400137 	-16.720446
-0.16216216 	0.25 	0.91 	55.571427 	1.7301661 	-16.723122
-0.16336336 	0.25 	0.91 	55.582932 	1.7203811 	-16.725561
-0.16456456 	0.25 	0.91 	55.594437 	1.710596 	-16.728
-0.16576577 	0.25 	0.91 	55.605942 	1.700811 	-16.730439
-0.16696697 	0.25 	0.91 	55.617447 	1.6910259 	-16.732878
-0.16816817 	0.25 	0.91 	55.628952 	1.6812409 	-16.735317
-0.16936937 	0.25 	0.91 	55.639562 	1.6690277 	-16.744636
-0.17057057 	0.25 	0.91 	55.64989 	1.6560522 	-16.756115
-0.17177177 	0.25 	0.91 	55.660217 	1.6430768 	-16.767593
-0.17297297 	0.25 	0.91 	55.670545 	1.6301013 	-16.779072
-0.17417417 	0.25 	0.91 	55.680873 	1.6171259 	-16.79055
-0.17537538 	0.25 	0.91 	55.691201 	1.6041504 	-16.802029
-0.17657658 	0.25 	0.91 	55.701529 	1.591175 	-16.813508
-0.17777778 	0.25 	0.91 	55.711857 	1.5781995 	-16.824986
-0.17897898 	0.25 	0.91 	55.722185 	1.5652241 	-16.836465
-0.18018018 	0.25 	0.91 	55.732513 	1.5522486 	-16.847943
-0.18138138 	0.25 	0.91 	55.742841 	1.5392732 	-16.859422
-0.18258258 	0.25 	0.91 	55.754637 	1.528463 	-16.862029
-0.18378378 	0.25 	0.91 	55.768027 	1.5200074 	-16.85499
-0.18498498 	0.25 	0.91 	55.781418 	1.5115518 	-16.84795
-0.18618619 	0.25 	0.91 	55.794809 	1.5030962 	-16.840911
-0.18738739 	0.25 	0.91 	55.8082 	1.4946406 	-16.833872
-0.18858859 	0.25 	0.91 	55.821591 	1.486185 	-16.826832
-0.18978979 	0.25 	0.91 	55.834981 	1.4777294 	-16.819793
-0.19099099 	0.25 	0.91 	55.848372 	1.4692738 	-16.812754
-0.19219219 	0.25 	0.91 	55.861763 	1.4608182 	-16.805714
-0.19339339 	0.25 	0.91 	55.875154 	1.4523626 	-16.798675
-0.19459459 	0.25 	0.91 	55.888545 	1.443907 	-16.791635
-0.1957958 	0.25 	0.91 	55.901768 	1.4352756 	-16.786577
-0.196997 	0.25 	0.91 	55.91433 	1.4259485 	-16.789364
-0.1981982 	0.25 	0.91 	55.926891 	1.4166213 	-16.792151
-0.1993994 	0.25 	0.91 	55.939452 	1.4072941 	-16.794938
-0.2006006 	0.25 	0.91 	55.952013 	1.397967 	-16.797725
-0.2018018 	0.25 	0.91 	55.964574 	1.3886398 	-16.800511
-0.203003 	0.25 	0.91 	55.97702 	1.378835 	-16.802874
-0.2042042 	0.25 	0.91 	55.989088 	1.3674699 	-16.803852
-0.20540541 	0.25 	0.91 	56.001156 	1.3561048 	-16.80483
-0.20660661 	0.25 	0.91 	56.013224 	1.3447398 	-16.805807
-0.20780781 	0.25 	0.91 	56.025292 	1.3333747 	-16.806785
-0.20900901 	0.25 	0.91 	56.03736 	1.3220096 	-16.807763
-0.21021021 	0.25 	0.91 	56.049428 	1.3106445 	-16.808741
-0.21141141 	0.25 	0.91 	56.061496 	1.2992794 	-16.809719
-0.21261261 	0.25 	0.91 	56.073563 	1.2879144 	-16.810697
-0.21381381 	0.25 	0.91 	56.085631 	1.2765493 	-16.811674
-0.21501502 	0.25 	0.91 	56.097699 	1.2651842 	-16.812652
-0.21621622 	0.25 	0.91 	56.109807 	1.253934 	-16.81416
-0.21741742 	0.25 	0.91 	56.122217 	1.2435701 	-16.81976
-0.21861862 	0.25 	0.91 	56.134627 	1.2332061 	-16.825359
-0.21981982 	0.25 	0.91 	56.147038 	1.2228422 	-16.830958
-0.22102102 	0.25 	0.91 	56.159448 	1.2124782 	-16.836557
-0.22222222 	0.25 	0.91 	56.171859 	1.2021142 	-16.842156
-0.22342342 	0.25 	0.91 	56.184269 	1.1917503 	-16.847755
-0.22462462 	0.25 	0.91 	56.196679 	1.1813863 	-16.853355
-0.22582583 	0.25 	0.91 	56.20909 	1.1710224 	-16.858954
-0.22702703 	0.25 	0.91 	56.2215 	1.1606584 	-16.864553
-0.22822823 	0.25 	0.91 	56.233911 	1.1502944 	-16.870152
-0.22942943 	0.25 	0.91 	56.246321 	1.1399305 	-16.875751
-0.23063063 	0.25 	0.91 	56.257515 	1.1267273 	-16.888649
-0.23183183 	0.25 	0.91 	56.268665 	1.1134207 	-16.901812
-0.23303303 	0.25 	0.91 	56.279815 	1.1001142 	-16.914975
-0.23423423 	0.25 	0.91 	56.290965 	1.0868076 	-16.928138
-0.23543544 	0.25 	0.91 	56.302115 	1.0735011 	-16.941301
-0.23663664 	0.25 	0.91 	56.313265 	1.0601945 	-16.954464
-0.23783784 	0.25 	0.91 	56.324416 	1.046888 	-16.967627
-0.23903904 	0.25 	0.91 	56.335566 	1.0335814 	-16.98079
-0.24024024 	0.25 	0.91 	56.346716 	1.0202748 	-16.993953
-0.24144144 	0.25 	0.91 	56.357866 	1.0069683 	-17.007116
-0.24264264 	0.25 	0.91 	56.369016 	0.99366172 	-17.020279
-0.24384384 	0.25 	0.91 	56.382447 	0.98539398 	-17.017612
-0.24504505 	0.25 	0.91 	56.396684 	0.97890556 	-17.009354
-0.24624625 	0.25 	0.91 	56.410921 	0.97241714 	-17.001097
-0.24744745 	0.25 	0.91 	56.425158 	0.96592872 	-16.99284
-0.24864865 	0.25 	0.91 	56.439396 	0.9594403 	-16.984582
-0.24984985 	0.25 	0.91 	56.453633 	0.95295188 	-16.976325
-0.25105105 	0.25 	0.91 	56.46787 	0.94646346 	-16.968067
-0.25225225 	0.25 	0.91 	56.482107 	0.93997504 	-16.95981
-0.25345345 	0.25 	0.91 	56.496344 	0.93348662 	-16.951553
-0.25465465 	0.25 	0.91 	56.510581 	0.9269982 	-16.943295
-0.25585586 	0.25 	0.91 	56.524818 	0.92050978 	-16.935038
-0.25705706 	0.25 	0.91 	56.538596 	0.9117042 	-16.932293
-0.25825826 	0.25 	0.91 	56.551932 	0.90067429 	-16.93484
-0.25945946 	0.25 	0.91 	56.565268 	0.88964439 	-16.937386
-0.26066066 	0.25 	0.91 	56.578605 	0.87861449 	-16.939933
-0.26186186 	0.25 	0.91 	56.591941 	0.86758459 	-16.94248
-0.26306306 	0.25 	0.91 	56.605277 	0.85655469 	-16.945027
-0.26426426 	0.25 	0.91 	56.618614 	0.84552479 	-16.947573
-0.26546547 	0.25 	0.91 	56.63195 	0.83449488 	-16.95012
-0.26666667 	0.25 	0.91 	56.645286 	0.82346498 	-16.952667
-0.26786787 	0.25 	0.91 	56.658622 	0.81243508 	-16.955213
-0.26906907 	0.25 	0.91 	56.671959 	0.80140518 	-16.95776
-0.27027027 	0.25 	0.91 	56.68517 	0.79062162 	-16.961385
-0.27147147 	0.25 	0.91 	56.697895 	0.78079117 	-16.969182
-0.27267267 	0.25 	0.91 	56.710621 	0.77096073 	-16.976979
-0.27387387 	0.25 	0.91 	56.723347 	0.76113028 	-16.984776
-0.27507508 	0.25 	0.91 	56.736073 	0.75129984 	-16.992573
-0.27627628 	0.25 	0.91 	56.748798 	0.74146939 	-17.00037
-0.27747748 	0.25 	0.91 	56.761524 	0.73163895 	-17.008167
-0.27867868 	0.25 	0.91 	56.77425 	0.7218085 	-17.015964
-0.27987988 	0.25 	0.91 	56.786976 	0.71197806 	-17.023761
-0.28108108 	0.25 	0.91 	56.799701 	0.70214761 	-17.031558
-0.28228228 	0.25 	0.91 	56.812427 	0.69231717 	-17.039355
-0.28348348 	0.25 	0.91 	56.825153 	0.68248672 	-17.047152
-0.28468468 	0.25 	0.91 	56.839829 	0.6718596 	-17.048539
-0.28588589 	0.25 	0.91 	56.854839 	0.66109584 	-17.048826
-0.28708709 	0.25 	0.91 	56.869849 	0.65033207 	-17.049114
-0.28828829 	0.25 	0.91 	56.884859 	0.6395683 	-17.049401
-0.28948949 	0.25 	0.91 	56.89987 	0.62880453 	-17.049689
-0.29069069 	0.25 	0.91 	56.915137 	0.61709014 	-17.051448
-0.29189189 	0.25 	0.91 	56.930944 	0.603375 	-17.056308
-0.29309309 	0.25 	0.91 	56.946752 	0.58965985 	-17.061167
-0.29429429 	0.25 	0.91 	56.962559 	0.57594471 	-17.066026
-0.2954955 	0.25 	0.91 	56.978367 	0.56222956 	-17.070885
-0.2966967 	0.25 	0.91 	56.994175 	0.54851442 	-17.075744
-0.2978979 	0.25 	0.91 	57.009982 	0.53479928 	-17.080603
-0.2990991 	0.25 	0.91 	57.02579 	0.52108413 	-17.085462
-0.3003003 	0.25 	0.91 	57.041597 	0.50736899 	-17.090321
-0.3015015 	0.25 	0.91 	57.057405 	0.49365384 	-17.095181
-0.3027027 	0.25 	0.91 	57.073213 	0.4799387 	-17.10004
-0.3039039 	0.25 	0.91 	57.08901 	0.46623465 	-17.104899
-0.30510511 	0.25 	0.91 	57.095183 	0.46314764 	-17.110264
-0.30630631 	0.25 	0.91 	57.101356 	0.46006063 	-17.115628
-0.30750751 	0.25 	0.91 	57.107529 	0.45697363 	-17.120992
-0.30870871 	0.25 	0.91 	57.113703 	0.45388662 	-17.126356
-0.30990991 	0.25 	0.91 	57.119876 	0.45079962 	-17.13172
-0.31111111 	0.25 	0.91 	57.126049 	0.44771261 	-17.137085
-0.31231231 	0.25 	0.91 	57.132222 	0.4446256 	-17.142449
-0.31351351 	0.25 	0.91 	57.138395 	0.4415386 	-17.147813
-0.31471471 	0.25 	0.91 	57.145986 	0.43654141 	-17.152634
-0.31591592 	0.25 	0.91 	57.156494 	0.4276153 	-17.156336
-0.31711712 	0.25 	0.91 	57.167002 	0.41868918 	-17.160039
-0.31831832 	0.25 	0.91 	57.17751 	0.40976306 	-17.163742
-0.31951952 	0.25 	0.91 	57.188018 	0.40083695 	-17.167444
-0.32072072 	0.25 	0.91 	57.198526 	0.39191083 	-17.171147
-0.32192192 	0.25 	0.91 	57.207832 	0.3836335 	-17.174281
-0.32312312 	0.25 	0.91 	57.216867 	0.37550242 	-17.177288
-0.32432432 	0.25 	0.91 	57.228771 	0.3643971 	-17.181354
-0.32552553 	0.25 	0.91 	57.245634 	0.34815003 	-17.187254
-0.32672673 	0.25 	0.91 	57.262497 	0.33190296 	-17.193154
-0.32792793 	0.25 	0.91 	57.27936 	0.31565589 	-17.199054
-0.32912913 	0.25 	0.91 	57.296223 	0.29940883 	-17.204954
-0.33033033 	0.25 	0.91 	57.313086 	0.28316176 	-17.210855
-0.33153153 	0.25 	0.91 	57.329949 	0.26691469 	-17.216755
-0.33273273 	0.25 	0.91 	57.346812 	0.25066762 	-17.222655
-0.33393393 	0.25 	0.91 	57.363675 	0.23442055 	-17.228555
-0.33513514 	0.25 	0.91 	57.37849 	0.22414341 	-17.231517
-0.33633634 	0.25 	0.91 	57.392101 	0.21737833 	-17.232752
-0.33753754 	0.25 	0.91 	57.405711 	0.21061325 	-17.233986
-0.33873874 	0.25 	0.91 	57.419322 	0.20384817 	-17.23522
-0.33993994 	0.25 	0.91 	57.432932 	0.19708308 	-17.236455
-0.34114114 	0.25 	0.91 	57.446543 	0.190318 	-17.237689
-0.34234234 	0.25 	0.91 	57.460153 	0.18355292 	-17.238924
-0.34354354 	0.25 	0.91 	57.473764 	0.17678784 	-17.240158
-0.34474474 	0.25 	0.91 	57.487374 	0.17002276 	-17.241392
-0.34594595 	0.25 	0.91 	57.501534 	0.16070842 	-17.245921
-0.34714715 	0.25 	0.91 	57.515827 	0.15077395 	-17.251251
-0.34834835 	0.25 	0.91 	57.52999 	0.14101068 	-17.256538
-0.34954955 	0.25 	0.91 	57.543989 	0.13146382 	-17.26177
-0.35075075 	0.25 	0.91 	57.557989 	0.12191697 	-17.267002
-0.35195195 	0.25 	0.91 	57.571988 	0.11237011 	-17.272234
-0.35315315 	0.25 	0.91 	57.585987 	0.10282325 	-17.277466
-0.35435435 	0.25 	0.91 	57.6001 	0.093228307 	-17.283122
-0.35555556 	0.25 	0.91 	57.615261 	0.083188307 	-17.292694
-0.35675676 	0.25 	0.91 	57.630421 	0.073148307 	-17.302267
-0.35795796 	0.25 	0.91 	57.645582 	0.063108308 	-17.311839
-0.35915916 	0.25 	0.91 	57.660742 	0.053068308 	-17.321411
-0.36036036 	0.25 	0.91 	57.675903 	0.043028308 	-17.330984
-0.36156156 	0.25 	0.91 	57.691063 	0.032988308 	-17.340556
-0.36276276 	0.25 	0.91 	57.706224 	0.022948308 	-17.350128
-0.36396396 	0.25 	0.91 	57.721385 	0.012908308 	-17.359701
-0.36516517 	0.25 	0.91 	57.736199 	0.0031336853 	-17.368312
-0.36636637 	0.25 	0.91 	57.750017 	-0.0058764 	-17.374156
-0.36756757 	0.25 	0.91 	57.763835 	-0.014886485 	-17.38
-0.36876877 	0.25 	0.91 	57.777653 	-0.023896571 	-17.385845
-0.36996997 	0.25 	0.91 	57.79147 	-0.032906656 	-17.391689
-0.37117117 	0.25 	0.91 	57.805288 	-0.041916742 	-17.397533
-0.37237237 	0.25 	0.91 	57.819106 	-0.050926827 	-17.403377
-0.37357357 	0.25 	0.91 	57.832924 	-0.059936912 	-17.409221
-0.37477477 	0.25 	0.91 	57.846741 	-0.068946998 	-17.415065
-0.37597598 	0.25 	0.91 	57.860817 	-0.078152744 	-17.421057
-0.37717718 	0.25 	0.91 	57.875487 	-0.087809856 	-17.427389
-0.37837838 	0.25 	0.91 	57.890157 	-0.097466967 	-17.433721
-0.37957958 	0.25 	0.91 	57.904827 	-0.10712408 	-17.440053
-0.38078078 	0.25 	0.91 	57.919497 	-0.11678119 	-17.446385
-0.38198198 	0.25 	0.91 	57.934197 	-0.12661196 	-17.452679
-0.38318318 	0.25 	0.91 	57.949044 	-0.13728153 	-17.458794
-0.38438438 	0.25 	0.91 	57.963892 	-0.1479511 	-17.464909
-0.38558559 	0.25 	0.91 	57.979495 	-0.16264324 	-17.475479
-0.38678679 	0.25 	0.91 	57.995186 	-0.17780343 	-17.486568
-0.38798799 	0.25 	0.91 	58.010876 	-0.19296362 	-17.497657
-0.38918919 	0.25 	0.91 	58.026567 	-0.20812381 	-17.508746
-0.39039039 	0.25 	0.91 	58.042258 	-0.22328401 	-17.519835
-0.39159159 	0.25 	0.91 	58.057948 	-0.2384442 	-17.530924
-0.39279279 	0.25 	0.91 	58.073639 	-0.25360439 	-17.542013
-0.39399399 	0.25 	0.91 	58.08933 	-0.26876458 	-17.553102
-0.3951952 	0.25 	0.91 	58.10502 	-0.28392477 	-17.564191
-0.3963964 	0.25 	0.91 	58.119398 	-0.29155892 	-17.569541
-0.3975976 	0.25 	0.91 	58.133614 	-0.29826133 	-17.574181
-0.3987988 	0.25 	0.91 	58.147829 	-0.30496373 	-17.578821
-0.4 	0.25 	0.91 	58.162045 	-0.31166613 	-17.583461
-0.4012012 	0.25 	0.91 	58.17626 	-0.31836854 	-17.588101
-0.4024024 	0.25 	0.91 	58.190475 	-0.32507094 	-17.592741
-0.4036036 	0.25 	0.91 	58.204691 	-0.33177335 	-17.597381
-0.4048048 	0.25 	0.91 	58.218906 	-0.33847575 	-17.602021
-0.40600601 	0.25 	0.91 	58.233122 	-0.34517816 	-17.606661
-0.40720721 	0.25 	0.91 	58.248089 	-0.35521433 	-17.61273
-0.40840841 	0.25 	0.91 	58.263302 	-0.36633799 	-17.619264
-0.40960961 	0.25 	0.91 	58.27853 	-0.37667797 	-17.626211
-0.41081081 	0.25 	0.91 	58.293765 	-0.3865771 	-17.63339
-0.41201201 	0.25 	0.91 	58.309001 	-0.39647624 	-17.640569
-0.41321321 	0.25 	0.91 	58.324237 	-0.40637537 	-17.647748
-0.41441441 	0.25 	0.91 	58.339473 	-0.41627451 	-17.654926
-0.41561562 	0.25 	0.91 	58.355678 	-0.42678145 	-17.664362
-0.41681682 	0.25 	0.91 	58.37224 	-0.43751172 	-17.674626
-0.41801802 	0.25 	0.91 	58.388801 	-0.44824199 	-17.68489
-0.41921922 	0.25 	0.91 	58.405363 	-0.45897226 	-17.695155
-0.42042042 	0.25 	0.91 	58.421924 	-0.46970253 	-17.705419
-0.42162162 	0.25 	0.91 	58.438486 	-0.4804328 	-17.715683
-0.42282282 	0.25 	0.91 	58.455047 	-0.49116307 	-17.725948
-0.42402402 	0.25 	0.91 	58.471609 	-0.50189334 	-17.736212
-0.42522523 	0.25 	0.91 	58.48817 	-0.51262361 	-17.746476
-0.42642643 	0.25 	0.91 	58.504027 	-0.52414428 	-17.754929
-0.42762763 	0.25 	0.91 	58.519242 	-0.53638375 	-17.761735
-0.42882883 	0.25 	0.91 	58.534458 	-0.54862323 	-17.768542
-0.43003003 	0.25 	0.91 	58.549673 	-0.5608627 	-17.775348
-0.43123123 	0.25 	0.91 	58.564889 	-0.57310217 	-17.782154
-0.43243243 	0.25 	0.91 	58.580104 	-0.58534165 	-17.78896
-0.43363363 	0.25 	0.91 	58.59532 	-0.59758112 	-17.795766
-0.43483483 	0.25 	0.91 	58.610535 	-0.60982059 	-17.802572
-0.43603604 	0.25 	0.91 	58.625751 	-0.62206006 	-17.809378
-0.43723724 	0.25 	0.91 	58.641103 	-0.63363929 	-17.816386
-0.43843844 	0.25 	0.91 	58.657032 	-0.64244196 	-17.82424
-0.43963964 	0.25 	0.91 	58.672962 	-0.65124464 	-17.832094
-0.44084084 	0.25 	0.91 	58.688891 	-0.66004731 	-17.839948
-0.44204204 	0.25 	0.91 	58.70482 	-0.66884999 	-17.847802
-0.44324324 	0.25 	0.91 	58.720746 	-0.67813227 	-17.855415
-0.44444444 	0.25 	0.91 	58.736665 	-0.68834702 	-17.862557
-0.44564565 	0.25 	0.91 	58.75275 	-0.69999176 	-17.872017
-0.44684685 	0.25 	0.91 	58.768989 	-0.71297443 	-17.883646
-0.44804805 	0.25 	0.91 	58.785228 	-0.72595709 	-17.895275
-0.44924925 	0.25 	0.91 	58.801468 	-0.73893975 	-17.906904
-0.45045045 	0.25 	0.91 	58.817707 	-0.75192242 	-17.918533
-0.45165165 	0.25 	0.91 	58.833947 	-0.76490508 	-17.930162
-0.45285285 	0.25 	0.91 	58.850186 	-0.77788775 	-17.94179
-0.45405405 	0.25 	0.91 	58.866425 	-0.79087041 	-17.953419
-0.45525526 	0.25 	0.91 	58.882665 	-0.80385308 	-17.965048
-0.45645646 	0.25 	0.91 	58.89896 	-0.81650402 	-17.976026
-0.45765766 	0.25 	0.91 	58.915584 	-0.82719662 	-17.983161
-0.45885886 	0.25 	0.91 	58.932209 	-0.83788921 	-17.990295
-0.46006006 	0.25 	0.91 	58.948834 	-0.8485818 	-17.997429
-0.46126126 	0.25 	0.91 	58.965458 	-0.85927439 	-18.004564
-0.46246246 	0.25 	0.91 	58.982083 	-0.86996698 	-18.011698
-0.46366366 	0.25 	0.91 	58.998707 	-0.88065957 	-18.018832
-0.46486486 	0.25 	0.91 	59.015332 	-0.89135217 	-18.025967
-0.46606607 	0.25 	0.91 	59.031956 	-0.90204476 	-18.033101
-0.46726727 	0.25 	0.91 	59.048581 	-0.91273735 	-18.040235
-0.46846847 	0.25 	0.91 	59.065186 	-0.92439134 	-18.047795
-0.46966967 	0.25 	0.91 	59.081781 	-0.93654242 	-18.055574
-0.47087087 	0.25 	0.91 	59.098263 	-0.94732337 	-18.064073
-0.47207207 	0.25 	0.91 	59.114736 	-0.95800031 	-18.072627
-0.47327327 	0.25 	0.91 	59.131209 	-0.96867725 	-18.081181
-0.47447447 	0.25 	0.91 	59.147682 	-0.97935419 	-18.089735
-0.47567568 	0.25 	0.91 	59.164244 	-0.98920091 	-18.098932
-0.47687688 	0.25 	0.91 	59.181031 	-0.99692871 	-18.10977
-0.47807808 	0.25 	0.91 	59.197819 	-1.0046565 	-18.120608
-0.47927928 	0.25 	0.91 	59.214607 	-1.0123843 	-18.131446
-0.48048048 	0.25 	0.91 	59.231394 	-1.0201121 	-18.142284
-0.48168168 	0.25 	0.91 	59.248182 	-1.0278399 	-18.153122
-0.48288288 	0.25 	0.91 	59.26497 	-1.0355677 	-18.16396
-0.48408408 	0.25 	0.91 	59.281757 	-1.0432955 	-18.174797
-0.48528529 	0.25 	0.91 	59.298545 	-1.0510233 	-18.185635
-0.48648649 	0.25 	0.91 	59.315332 	-1.0587511 	-18.196473
-0.48768769 	0.25 	0.91 	59.332216 	-1.0727117 	-18.205482
-0.48888889 	0.25 	0.91 	59.349128 	-1.0885245 	-18.213947
-0.49009009 	0.25 	0.91 	59.36604 	-1.1043373 	-18.222412
-0.49129129 	0.25 	0.91 	59.382953 	-1.1201501 	-18.230878
-0.49249249 	0.25 	0.91 	59.399865 	-1.1359629 	-18.239343
-0.49369369 	0.25 	0.91 	59.416777 	-1.1517757 	-18.247808
-0.49489489 	0.25 	0.91 	59.433689 	-1.1675884 	-18.256273
-0.4960961 	0.25 	0.91 	59.450601 	-1.1834012 	-18.264738
-0.4972973 	0.25 	0.91 	59.467513 	-1.199214 	-18.273204
-0.4984985 	0.25 	0.91 	59.48444 	-1.214394 	-18.281693
-0.4996997 	0.25 	0.91 	59.501477 	-1.2248967 	-18.290356
-0.5009009 	0.25 	0.91 	59.518513 	-1.2353994 	-18.29902
-0.5021021 	0.25 	0.91 	59.53555 	-1.2459021 	-18.307683
-0.5033033 	0.25 	0.91 	59.552586 	-1.2564048 	-18.316347
-0.5045045 	0.25 	0.91 	59.569709 	-1.2682176 	-18.324299
-0.50570571 	0.25 	0.91 	59.586776 	-1.2809426 	-18.332084
-0.50690691 	0.25 	0.91 	59.602936 	-1.2956091 	-18.34179
-0.50810811 	0.25 	0.91 	59.619095 	-1.3102756 	-18.351496
-0.50930931 	0.25 	0.91 	59.635254 	-1.3249421 	-18.361202
-0.51051051 	0.25 	0.91 	59.651413 	-1.3396086 	-18.370908
-0.51171171 	0.25 	0.91 	59.667573 	-1.3542751 	-18.380614
-0.51291291 	0.25 	0.91 	59.683732 	-1.3689416 	-18.39032
-0.51411411 	0.25 	0.91 	59.699891 	-1.3836081 	-18.400026
-0.51531532 	0.25 	0.91 	59.71605 	-1.3982746 	-18.409732
-0.51651652 	0.25 	0.91 	59.73221 	-1.4129411 	-18.419438
-0.51771772 	0.25 	0.91 	59.749268 	-1.4256506 	-18.428967
-0.51891892 	0.25 	0.91 	59.767674 	-1.4354271 	-18.438233
-0.52012012 	0.25 	0.91 	59.786079 	-1.4452036 	-18.447498
-0.52132132 	0.25 	0.91 	59.804485 	-1.4549802 	-18.456763
-0.52252252 	0.25 	0.91 	59.822891 	-1.4647567 	-18.466029
-0.52372372 	0.25 	0.91 	59.841297 	-1.4745333 	-18.475294
-0.52492492 	0.25 	0.91 	59.859703 	-1.4843098 	-18.484559
-0.52612613 	0.25 	0.91 	59.878108 	-1.4940863 	-18.493825
-0.52732733 	0.25 	0.91 	59.896514 	-1.5038629 	-18.50309
-0.52852853 	0.25 	0.91 	59.91492 	-1.5136394 	-18.512355
-0.52972973 	0.25 	0.91 	59.932779 	-1.5243016 	-18.520707
-0.53093093 	0.25 	0.91 	59.950182 	-1.5357036 	-18.528296
-0.53213213 	0.25 	0.91 	59.967585 	-1.5471056 	-18.535885
-0.53333333 	0.25 	0.91 	59.984988 	-1.5585076 	-18.543474
-0.53453453 	0.25 	0.91 	60.002892 	-1.5708227 	-18.552947
-0.53573574 	0.25 	0.91 	60.022508 	-1.5862549 	-18.568851
-0.53693694 	0.25 	0.91 	60.043221 	-1.6044683 	-18.581525
-0.53813814 	0.25 	0.91 	60.064011 	-1.6228749 	-18.593975
-0.53933934 	0.25 	0.91 	60.084801 	-1.6412815 	-18.606424
-0.54054054 	0.25 	0.91 	60.105591 	-1.6596881 	-18.618873
-0.54174174 	0.25 	0.91 	60.126381 	-1.6780947 	-18.631323
-0.54294294 	0.25 	0.91 	60.147171 	-1.6965013 	-18.643772
-0.54414414 	0.25 	0.91 	60.16796 	-1.7149079 	-18.656222
-0.54534535 	0.25 	0.91 	60.18875 	-1.7333145 	-18.668671
-0.54654655 	0.25 	0.91 	60.20954 	-1.7517211 	-18.68112
-0.54774775 	0.25 	0.91 	60.230138 	-1.7698293 	-18.69318
-0.54894895 	0.25 	0.91 	60.24409 	-1.7776285 	-18.691773
-0.55015015 	0.25 	0.91 	60.258494 	-1.7877723 	-18.692428
-0.55135135 	0.25 	0.91 	60.27239 	-1.8002991 	-18.696562
-0.55255255 	0.25 	0.91 	60.284208 	-1.8116395 	-18.702295
-0.55375375 	0.25 	0.91 	60.296026 	-1.8229799 	-18.708028
-0.55495495 	0.25 	0.91 	60.307844 	-1.8343203 	-18.713761
-0.55615616 	0.25 	0.91 	60.319662 	-1.8456607 	-18.719494
-0.55735736 	0.25 	0.91 	60.331481 	-1.8570011 	-18.725227
-0.55855856 	0.25 	0.91 	60.343299 	-1.8683415 	-18.73096
-0.55975976 	0.25 	0.91 	60.355117 	-1.8796818 	-18.736694
-0.56096096 	0.25 	0.91 	60.366935 	-1.8910222 	-18.742427
-0.56216216 	0.25 	0.91 	60.381885 	-1.9055202 	-18.761486
-0.56336336 	0.25 	0.91 	60.39754 	-1.9239823 	-18.776272
-0.56456456 	0.25 	0.91 	60.414166 	-1.9497398 	-18.781053
-0.56576577 	0.25 	0.91 	60.432031 	-1.9672837 	-18.788608
-0.56696697 	0.25 	0.91 	60.450331 	-1.9819502 	-18.797135
-0.56816817 	0.25 	0.91 	60.468631 	-1.9966166 	-18.805662
-0.56936937 	0.25 	0.91 	60.48693 	-2.0112831 	-18.81419
-0.57057057 	0.25 	0.91 	60.50523 	-2.0259495 	-18.822717
-0.57177177 	0.25 	0.91 	60.523529 	-2.040616 	-18.831244
-0.57297297 	0.25 	0.91 	60.541829 	-2.0552824 	-18.839772
-0.57417417 	0.25 	0.91 	60.560128 	-2.0699489 	-18.848299
-0.57537538 	0.25 	0.91 	60.578217 	-2.0846085 	-18.858242
-0.57657658 	0.25 	0.91 	60.596034 	-2.0965332 	-18.872007
-0.57777778 	0.25 	0.91 	60.615526 	-2.1000188 	-18.88075
-0.57897898 	0.25 	0.91 	60.633864 	-2.1068695 	-18.888058
-0.58018018 	0.25 	0.91 	60.651679 	-2.1158433 	-18.894229
-0.58138138 	0.25 	0.91 	60.671152 	-2.1301179 	-18.895475
-0.58258258 	0.25 	0.91 	60.69024 	-2.1465349 	-18.904285
-0.58378378 	0.25 	0.91 	60.709327 	-2.162952 	-18.913094
-0.58498498 	0.25 	0.91 	60.728415 	-2.1793691 	-18.921903
-0.58618619 	0.25 	0.91 	60.747503 	-2.1957862 	-18.930712
-0.58738739 	0.25 	0.91 	60.76659 	-2.2122032 	-18.939522
-0.58858859 	0.25 	0.91 	60.785678 	-2.2286203 	-18.948331
-0.58978979 	0.25 	0.91 	60.804765 	-2.2450374 	-18.95714
-0.59099099 	0.25 	0.91 	60.823853 	-2.2614544 	-18.965949
-0.59219219 	0.25 	0.91 	60.843396 	-2.2783249 	-18.977841
-0.59339339 	0.25 	0.91 	60.863324 	-2.2955779 	-18.992335
-0.59459459 	0.25 	0.91 	60.881477 	-2.3245027 	-18.997607
-0.5957958 	0.25 	0.91 	60.900196 	-2.3494375 	-19.003487
-0.596997 	0.25 	0.91 	60.920031 	-2.3665727 	-19.011161
-0.5981982 	0.25 	0.91 	60.939866 	-2.383708 	-19.018835
-0.5993994 	0.25 	0.91 	60.959701 	-2.4008432 	-19.02651
-0.6006006 	0.25 	0.91 	60.979536 	-2.4179785 	-19.034184
-0.6018018 	0.25 	0.91 	60.999371 	-2.4351137 	-19.041858
-0.603003 	0.25 	0.91 	61.019205 	-2.452249 	-19.049533
-0.6042042 	0.25 	0.91 	61.03904 	-2.4693842 	-19.057207
-0.60540541 	0.25 	0.91 	61.058875 	-2.4865195 	-19.064881
-0.60660661 	0.25 	0.91 	61.078685 	-2.5024062 	-19.073439
-0.60780781 	0.25 	0.91 	61.098985 	-2.5080932 	-19.081759
-0.60900901 	0.25 	0.91 	61.119276 	-2.5132493 	-19.090131
-0.61021021 	0.25 	0.91 	61.13931 	-2.5214042 	-19.09897
-0.61141141 	0.25 	0.91 	61.15835 	-2.5318485 	-19.102228
-0.61261261 	0.25 	0.91 	61.17845 	-2.5478127 	-19.107456
-0.61381381 	0.25 	0.91 	61.198703 	-2.5642183 	-19.113147
-0.61501502 	0.25 	0.91 	61.218956 	-2.5806239 	-19.118837
-0.61621622 	0.25 	0.91 	61.23921 	-2.5970295 	-19.124528
-0.61741742 	0.25 	0.91 	61.259463 	-2.6134351 	-19.130219
-0.61861862 	0.25 	0.91 	61.279716 	-2.6298407 	-19.135909
-0.61981982 	0.25 	0.91 	61.29997 	-2.6462463 	-19.1416
-0.62102102 	0.25 	0.91 	61.320223 	-2.6626519 	-19.14729
-0.62222222 	0.25 	0.91 	61.340448 	-2.6787471 	-19.153082
-0.62342342 	0.25 	0.91 	61.360543 	-2.6933998 	-19.159347
-0.62462462 	0.25 	0.91 	61.381097 	-2.7112913 	-19.166224
-0.62582583 	0.25 	0.91 	61.401981 	-2.7315236 	-19.173545
-0.62702703 	0.25 	0.91 	61.422122 	-2.7511529 	-19.17681
-0.62822823 	0.25 	0.91 	61.442251 	-2.7707719 	-19.180006
-0.62942943 	0.25 	0.91 	61.46238 	-2.790391 	-19.183202
-0.63063063 	0.25 	0.91 	61.482508 	-2.8100101 	-19.186398
-0.63183183 	0.25 	0.91 	61.502637 	-2.8296292 	-19.189594
-0.63303303 	0.25 	0.91 	61.522766 	-2.8492483 	-19.19279
-0.63423423 	0.25 	0.91 	61.542894 	-2.8688673 	-19.195986
-0.63543544 	0.25 	0.91 	61.563023 	-2.8884864 	-19.199182
-0.63663664 	0.25 	0.91 	61.583207 	-2.9078948 	-19.202436
-0.63783784 	0.25 	0.91 	61.603206 	-2.9261027 	-19.204171
-0.63903904 	0.25 	0.91 	61.622341 	-2.9455811 	-19.203594
-0.64024024 	0.25 	0.91 	61.644116 	-2.9604742 	-19.213087
-0.64144144 	0.25 	0.91 	61.665803 	-2.9757223 	-19.22149
-0.64264264 	0.25 	0.91 	61.685836 	-2.9949224 	-19.222575
-0.64384384 	0.25 	0.91 	61.705624 	-3.0147645 	-19.222994
-0.64504505 	0.25 	0.91 	61.725411 	-3.0346067 	-19.223413
-0.64624625 	0.25 	0.91 	61.745198 	-3.0544488 	-19.223832
-0.64744745 	0.25 	0.91 	61.764985 	-3.074291 	-19.224251
-0.64864865 	0.25 	0.91 	61.784773 	-3.0941331 	-19.22467
-0.64984985 	0.25 	0.91 	61.80456 	-3.1139753 	-19.225088
-0.65105105 	0.25 	0.91 	61.824347 	-3.1338174 	-19.225507
-0.65225225 	0.25 	0.91 	61.844134 	-3.1536596 	-19.225926
-0.65345345 	0.25 	0.91 	61.863959 	-3.1699567 	-19.225689
-0.65465465 	0.25 	0.91 	61.884061 	-3.1863546 	-19.226166
-0.65585586 	0.25 	0.91 	61.90525 	-3.2069903 	-19.230251
-0.65705706 	0.25 	0.91 	61.925543 	-3.2274014 	-19.230345
-0.65825826 	0.25 	0.91 	61.945255 	-3.2476665 	-19.227845
-0.65945946 	0.25 	0.91 	61.964967 	-3.2679317 	-19.225345
-0.66066066 	0.25 	0.91 	61.984679 	-3.2881968 	-19.222846
-0.66186186 	0.25 	0.91 	62.004391 	-3.308462 	-19.220346
-0.66306306 	0.25 	0.91 	62.024103 	-3.3287271 	-19.217846
-0.66426426 	0.25 	0.91 	62.043815 	-3.3489923 	-19.215347
-0.66546547 	0.25 	0.91 	62.063527 	-3.3692574 	-19.212847
-0.66666667 	0.25 	0.91 	62.083239 	-3.3895226 	-19.210347
-0.66786787 	0.25 	0.91 	62.103335 	-3.4090551 	-19.208195
-0.66906907 	0.25 	0.91 	62.121709 	-3.4302966 	-19.20036
-0.67027027 	0.25 	0.91 	62.142459 	-3.4484502 	-19.199465
-0.67147147 	0.25 	0.91 	62.165488 	-3.463642 	-19.205224
-0.67267267 	0.25 	0.91 	62.186356 	-3.4829607 	-19.202253
-0.67387387 	0.25 	0.91 	62.206539 	-3.5034626 	-19.197692
-0.67507508 	0.25 	0.91 	62.226723 	-3.5239645 	-19.193132
-0.67627628 	0.25 	0.91 	62.246906 	-3.5444665 	-19.188571
-0.67747748 	0.25 	0.91 	62.26709 	-3.5649684 	-19.18401
-0.67867868 	0.25 	0.91 	62.287273 	-3.5854704 	-19.179449
-0.67987988 	0.25 	0.91 	62.307457 	-3.6059723 	-19.174889
-0.68108108 	0.25 	0.91 	62.32764 	-3.6264743 	-19.170328
-0.68228228 	0.25 	0.91 	62.347824 	-3.6469762 	-19.165767
-0.68348348 	0.25 	0.91 	62.367876 	-3.6656176 	-19.160659
-0.68468468 	0.25 	0.91 	62.387765 	-3.6819465 	-19.15487
-0.68588589 	0.25 	0.91 	62.408373 	-3.702365 	-19.152644
-0.68708709 	0.25 	0.91 	62.42884 	-3.7240433 	-19.150072
-0.68828829 	0.25 	0.91 	62.447909 	-3.7472077 	-19.142187
-0.68948949 	0.25 	0.91 	62.466978 	-3.7703721 	-19.134303
-0.69069069 	0.25 	0.91 	62.486046 	-3.7935365 	-19.126419
-0.69189189 	0.25 	0.91 	62.505115 	-3.8167009 	-19.118534
-0.69309309 	0.25 	0.91 	62.523966 	-3.8390362 	-19.112388
-0.69429429 	0.25 	0.91 	62.541289 	-3.8621739 	-19.10767
-0.6954955 	0.25 	0.91 	62.558612 	-3.8853116 	-19.102952
-0.6966967 	0.25 	0.91 	62.575935 	-3.9084493 	-19.098234
-0.6978979 	0.25 	0.91 	62.593258 	-3.931587 	-19.093516
-0.6990991 	0.25 	0.91 	62.610516 	-3.9558551 	-19.083894
-0.7003003 	0.25 	0.91 	62.628396 	-3.9793095 	-19.073961
-0.7015015 	0.25 	0.91 	62.651103 	-3.993863 	-19.073814
-0.7027027 	0.25 	0.91 	62.672193 	-4.0112276 	-19.068154
-0.7039039 	0.25 	0.91 	62.691533 	-4.0316367 	-19.056522
-0.70510511 	0.25 	0.91 	62.710873 	-4.0520458 	-19.044891
-0.70630631 	0.25 	0.91 	62.730213 	-4.0724548 	-19.033259
-0.70750751 	0.25 	0.91 	62.749553 	-4.0928639 	-19.021628
-0.70870871 	0.25 	0.91 	62.766515 	-4.11638 	-19.014323
-0.70990991 	0.25 	0.91 	62.782982 	-4.1405439 	-19.007921
-0.71111111 	0.25 	0.91 	62.799449 	-4.1647079 	-19.001519
-0.71231231 	0.25 	0.91 	62.815916 	-4.1888718 	-18.995117
-0.71351351 	0.25 	0.91 	62.833729 	-4.2129254 	-18.98857
-0.71471471 	0.25 	0.91 	62.858251 	-4.2398285 	-18.979388
-0.71591592 	0.25 	0.91 	62.876348 	-4.2624748 	-18.974718
-0.71711712 	0.25 	0.91 	62.885784 	-4.2793837 	-18.976131
-0.71831832 	0.25 	0.91 	62.901873 	-4.2979369 	-18.967992
-0.71951952 	0.25 	0.91 	62.92015 	-4.3170137 	-18.956772
-0.72072072 	0.25 	0.91 	62.938426 	-4.3360905 	-18.945552
-0.72192192 	0.25 	0.91 	62.959469 	-4.3520812 	-18.930527
-0.72312312 	0.25 	0.91 	62.98127 	-4.3672462 	-18.914644
-0.72432432 	0.25 	0.91 	63.000829 	-4.3851473 	-18.903922
-0.72552553 	0.25 	0.91 	63.019996 	-4.4044724 	-18.892162
-0.72672673 	0.25 	0.91 	63.038616 	-4.4257872 	-18.878952
-0.72792793 	0.25 	0.91 	63.057235 	-4.4471019 	-18.865742
-0.72912913 	0.25 	0.91 	63.075304 	-4.469685 	-18.852039
-0.73033033 	0.25 	0.91 	63.092415 	-4.4945363 	-18.837349
-0.73153153 	0.25 	0.91 	63.111176 	-4.5132338 	-18.827627
-0.73273273 	0.25 	0.91 	63.130392 	-4.5302607 	-18.819098
-0.73393393 	0.25 	0.91 	63.148574 	-4.5519973 	-18.8052
-0.73513514 	0.25 	0.91 	63.166756 	-4.5737339 	-18.791301
-0.73633634 	0.25 	0.91 	63.184938 	-4.5954704 	-18.777403
-0.73753754 	0.25 	0.91 	63.203547 	-4.6181749 	-18.762609
-0.73873874 	0.25 	0.91 	63.222051 	-4.6401728 	-18.748768
-0.73993994 	0.25 	0.91 	63.240374 	-4.6610151 	-18.736474
-0.74114114 	0.25 	0.91 	63.258466 	-4.6827462 	-18.721897
-0.74234234 	0.25 	0.91 	63.2765 	-4.7046947 	-18.706761
-0.74354354 	0.25 	0.91 	63.294535 	-4.7266433 	-18.691625
-0.74474474 	0.25 	0.91 	63.312209 	-4.7497392 	-18.675116
-0.74594595 	0.25 	0.91 	63.329709 	-4.773558 	-18.657588
-0.74714715 	0.25 	0.91 	63.348908 	-4.791742 	-18.647431
-0.74834835 	0.25 	0.91 	63.367609 	-4.8114392 	-18.634474
-0.74954955 	0.25 	0.91 	63.385849 	-4.8326885 	-18.61837
-0.75075075 	0.25 	0.91 	63.404089 	-4.8539378 	-18.602266
-0.75195195 	0.25 	0.91 	63.422407 	-4.8745247 	-18.586076
-0.75315315 	0.25 	0.91 	63.441059 	-4.8923219 	-18.569519
-0.75435435 	0.25 	0.91 	63.459801 	-4.9131727 	-18.555196
-0.75555556 	0.25 	0.91 	63.478506 	-4.9351594 	-18.541144
-0.75675676 	0.25 	0.91 	63.49687 	-4.9559321 	-18.523797
-0.75795796 	0.25 	0.91 	63.515234 	-4.9767049 	-18.50645
-0.75915916 	0.25 	0.91 	63.533597 	-4.9974776 	-18.489103
-0.76036036 	0.25 	0.91 	63.551571 	-5.0179727 	-18.468923
-0.76156156 	0.25 	0.91 	63.57003 	-5.0379891 	-18.45114
-0.76276276 	0.25 	0.91 	63.589536 	-5.0571448 	-18.439893
-0.76396396 	0.25 	0.91 	63.60789 	-5.0773877 	-18.422516
-0.76516517 	0.25 	0.91 	63.626102 	-5.0978387 	-18.403833
-0.76636637 	0.25 	0.91 	63.644313 	-5.1182896 	-18.385149
-0.76756757 	0.25 	0.91 	63.662567 	-5.1375017 	-18.365934
-0.76876877 	0.25 	0.91 	63.680878 	-5.1550898 	-18.346025
-0.76996997 	0.25 	0.91 	63.699809 	-5.1761412 	-18.330232
-0.77117117 	0.25 	0.91 	63.718312 	-5.1964524 	-18.312045
-0.77237237 	0.25 	0.91 	63.736453 	-5.2161024 	-18.291823
-0.77357357 	0.25 	0.91 	63.754593 	-5.2357524 	-18.271601
-0.77477477 	0.25 	0.91 	63.772666 	-5.2553155 	-18.25151
-0.77597598 	0.25 	0.91 	63.79017 	-5.2742227 	-18.227242
-0.77717718 	0.25 	0.91 	63.808907 	-5.2923597 	-18.209859
-0.77837838 	0.25 	0.91 	63.828039 	-5.3103253 	-18.195032
-0.77957958 	0.25 	0.91 	63.846108 	-5.3293617 	-18.173578
-0.78078078 	0.25 	0.91 	63.86418 	-5.3484014 	-18.152069
-0.78198198 	0.25 	0.91 	63.882251 	-5.3674411 	-18.130559
-0.78318318 	0.25 	0.91 	63.900465 	-5.3847419 	-18.108129
-0.78438438 	0.25 	0.91 	63.919013 	-5.4021043 	-18.086665
-0.78558559 	0.25 	0.91 	63.938253 	-5.4216979 	-18.06879
-0.78678679 	0.25 	0.91 	63.956473 	-5.4400924 	-18.046318
-0.78798799 	0.25 	0.91 	63.97456 	-5.4583313 	-18.02325
-0.78918919 	0.25 	0.91 	63.992647 	-5.4765702 	-18.000181
-0.79039039 	0.25 	0.91 	64.01051 	-5.4946369 	-17.976114
-0.79159159 	0.25 	0.91 	64.027943 	-5.512244 	-17.948521
-0.79279279 	0.25 	0.91 	64.047341 	-5.5290669 	-17.931899
-0.79399399 	0.25 	0.91 	64.065865 	-5.5462655 	-17.911793
-0.7951952 	0.25 	0.91 	64.08354 	-5.5636551 	-17.887171
-0.7963964 	0.25 	0.91 	64.101216 	-5.5810446 	-17.862549
-0.7975976 	0.25 	0.91 	64.118891 	-5.5984342 	-17.837927
-0.7987988 	0.25 	0.91 	64.136476 	-5.6131354 	-17.811673
-0.8 	0.25 	0.91 	64.154679 	-5.6299105 	-17.788653
-0.8012012 	0.25 	0.91 	64.173077 	-5.6479174 	-17.767006
-0.8024024 	0.25 	0.91 	64.190317 	-5.664291 	-17.740717
-0.8036036 	0.25 	0.91 	64.207556 	-5.6806646 	-17.714428
-0.8048048 	0.25 	0.91 	64.224796 	-5.6970382 	-17.688139
-0.80600601 	0.25 	0.91 	64.2416 	-5.7129152 	-17.659257
-0.80720721 	0.25 	0.91 	64.258656 	-5.7282809 	-17.630925
-0.80840841 	0.25 	0.91 	64.27751 	-5.7436466 	-17.612367
-0.80960961 	0.25 	0.91 	64.294771 	-5.7591866 	-17.586622
-0.81081081 	0.25 	0.91 	64.311654 	-5.7745744 	-17.558778
-0.81201201 	0.25 	0.91 	64.328537 	-5.7899622 	-17.530933
-0.81321321 	0.25 	0.91 	64.345455 	-5.8044971 	-17.502564
-0.81441441 	0.25 	0.91 	64.362462 	-5.8168448 	-17.472851
-0.81561562 	0.25 	0.91 	64.380612 	-5.8327384 	-17.448677
-0.81681682 	0.25 	0.91 	64.398126 	-5.8480683 	-17.422475
-0.81801802 	0.25 	0.91 	64.414709 	-5.8621496 	-17.392989
-0.81921922 	0.25 	0.91 	64.431291 	-5.8762309 	-17.363502
-0.82042042 	0.25 	0.91 	64.44791 	-5.8904466 	-17.334359
-0.82162162 	0.25 	0.91 	64.463767 	-5.9032708 	-17.300099
-0.82282282 	0.25 	0.91 	64.480958 	-5.9164717 	-17.272375
-0.82402402 	0.25 	0.91 	64.499226 	-5.9301347 	-17.250319
-0.82522523 	0.25 	0.91 	64.515195 	-5.9431222 	-17.219393
-0.82642643 	0.25 	0.91 	64.531123 	-5.9559708 	-17.188192
-0.82762763 	0.25 	0.91 	64.547051 	-5.9688195 	-17.156991
-0.82882883 	0.25 	0.91 	64.562977 	-5.9797996 	-17.124514
-0.83003003 	0.25 	0.91 	64.579158 	-5.990232 	-17.092291
-0.83123123 	0.25 	0.91 	64.596639 	-6.0043061 	-17.065751
-0.83243243 	0.25 	0.91 	64.612515 	-6.0163037 	-17.034511
-0.83363363 	0.25 	0.91 	64.627785 	-6.027518 	-17.001499
-0.83483483 	0.25 	0.91 	64.643056 	-6.0387322 	-16.968487
-0.83603604 	0.25 	0.91 	64.658161 	-6.0497094 	-16.934453
-0.83723724 	0.25 	0.91 	64.672471 	-6.0591243 	-16.895992
-0.83843844 	0.25 	0.91 	64.689313 	-6.070107 	-16.868919
-0.83963964 	0.25 	0.91 	64.705826 	-6.0811621 	-16.841266
-0.84084084 	0.25 	0.91 	64.720302 	-6.0909015 	-16.806419
-0.84204204 	0.25 	0.91 	64.734778 	-6.1006408 	-16.771571
-0.84324324 	0.25 	0.91 	64.749254 	-6.1103802 	-16.736724
-0.84444444 	0.25 	0.91 	64.763892 	-6.1172309 	-16.699841
-0.84564565 	0.25 	0.91 	64.779292 	-6.1259493 	-16.666079
-0.84684685 	0.25 	0.91 	64.795591 	-6.1372211 	-16.636284
-0.84804805 	0.25 	0.91 	64.809537 	-6.1450056 	-16.59971
-0.84924925 	0.25 	0.91 	64.823444 	-6.1527338 	-16.563027
-0.85045045 	0.25 	0.91 	64.837351 	-6.160462 	-16.526344
-0.85165165 	0.25 	0.91 	64.850863 	-6.1670578 	-16.486623
-0.85285285 	0.25 	0.91 	64.86421 	-6.1726788 	-16.445627
-0.85405405 	0.25 	0.91 	64.88054 	-6.1812051 	-16.418389
-0.85525526 	0.25 	0.91 	64.894905 	-6.1882114 	-16.384683
-0.85645646 	0.25 	0.91 	64.907799 	-6.1937279 	-16.346264
-0.85765766 	0.25 	0.91 	64.920692 	-6.1992444 	-16.307845
-0.85885886 	0.25 	0.91 	64.933611 	-6.2039418 	-16.268875
-0.86006006 	0.25 	0.91 	64.94661 	-6.2060269 	-16.22815
-0.86126126 	0.25 	0.91 	64.960486 	-6.211956 	-16.193092
-0.86246246 	0.25 	0.91 	64.974033 	-6.2181377 	-16.158227
-0.86366366 	0.25 	0.91 	64.985634 	-6.2210079 	-16.117929
-0.86486486 	0.25 	0.91 	64.997234 	-6.223878 	-16.07763
-0.86606607 	0.25 	0.91 	65.008877 	-6.2268793 	-16.037438
-0.86726727 	0.25 	0.91 	65.019693 	-6.2273805 	-15.991481
-0.86846847 	0.25 	0.91 	65.031313 	-6.2292037 	-15.950807
-0.86966967 	0.25 	0.91 	65.044462 	-6.2338965 	-15.919792
-0.87087087 	0.25 	0.91 	65.05544 	-6.2358163 	-15.879111
-0.87207207 	0.25 	0.91 	65.065985 	-6.236876 	-15.836807
-0.87327327 	0.25 	0.91 	65.076529 	-6.2379358 	-15.794504
-0.87447447 	0.25 	0.91 	65.087632 	-6.2376789 	-15.75083
-0.87567568 	0.25 	0.91 	65.099212 	-6.2364304 	-15.706176
-0.87687688 	0.25 	0.91 	65.110694 	-6.2398341 	-15.668073
-0.87807808 	0.25 	0.91 	65.12168 	-6.2406462 	-15.627147
-0.87927928 	0.25 	0.91 	65.132215 	-6.239104 	-15.583657
-0.88048048 	0.25 	0.91 	65.14275 	-6.2375618 	-15.540166
-0.88168168 	0.25 	0.91 	65.153559 	-6.2359336 	-15.495846
-0.88288288 	0.25 	0.91 	65.164792 	-6.2310562 	-15.446788
-0.88408408 	0.25 	0.91 	65.176155 	-6.2298679 	-15.406284
-0.88528529 	0.25 	0.91 	65.187586 	-6.2300539 	-15.368827
-0.88648649 	0.25 	0.91 	65.198146 	-6.2253209 	-15.325767
-0.88768769 	0.25 	0.91 	65.208696 	-6.2205572 	-15.282702
-0.88888889 	0.25 	0.91 	65.219246 	-6.2157935 	-15.239637
-0.89009009 	0.25 	0.91 	65.231464 	-6.2092987 	-15.19589
-0.89129129 	0.25 	0.91 	65.243034 	-6.2034849 	-15.152215
-0.89249249 	0.25 	0.91 	65.25233 	-6.2000495 	-15.109058
-0.89369369 	0.25 	0.91 	65.262304 	-6.1916831 	-15.06712
-0.89489489 	0.25 	0.91 	65.272397 	-6.1824539 	-15.025394
-0.8960961 	0.25 	0.91 	65.28249 	-6.1732247 	-14.983669
-0.8972973 	0.25 	0.91 	65.293277 	-6.1630465 	-14.940993
-0.8984985 	0.25 	0.91 	65.304762 	-6.1495749 	-14.897219
-0.8996997 	0.25 	0.91 	65.312035 	-6.1428259 	-14.853017
-0.9009009 	0.25 	0.91 	65.320329 	-6.1336078 	-14.810774
-0.9021021 	0.25 	0.91 	65.329696 	-6.1201926 	-14.770855
-0.9033033 	0.25 	0.91 	65.339064 	-6.1067773 	-14.730937
-0.9045045 	0.25 	0.91 	65.348568 	-6.0933557 	-14.691114
-0.90570571 	0.25 	0.91 	65.36149 	-6.0797735 	-14.653678
-0.90690691 	0.25 	0.91 	65.369161 	-6.0685564 	-14.607591
-0.90810811 	0.25 	0.91 	65.374551 	-6.0578408 	-14.558476
-0.90930931 	0.25 	0.91 	65.38523 	-6.0422743 	-14.521509
-0.91051051 	0.25 	0.91 	65.395908 	-6.0267077 	-14.484542
-0.91171171 	0.25 	0.91 	65.406587 	-6.0111412 	-14.447574
-0.91291291 	0.25 	0.91 	65.421063 	-5.9933377 	-14.414482
-0.91411411 	0.25 	0.91 	65.434669 	-5.9758955 	-14.377645
-0.91531532 	0.25 	0.91 	65.439985 	-5.967308 	-14.321808
-0.91651652 	0.25 	0.91 	65.451221 	-5.9500817 	-14.284496
-0.91771772 	0.25 	0.91 	65.463991 	-5.9295841 	-14.252447
-0.91891892 	0.25 	0.91 	65.476761 	-5.9090864 	-14.220398
-0.92012012 	0.25 	0.91 	65.491787 	-5.8877124 	-14.19267
-0.92132132 	0.25 	0.91 	65.510816 	-5.8647839 	-14.17261
-0.92252252 	0.25 	0.91 	65.516462 	-5.8445641 	-14.117836
-0.92372372 	0.25 	0.91 	65.524462 	-5.8228894 	-14.072112
-0.92492492 	0.25 	0.91 	65.538588 	-5.798486 	-14.046762
-0.92612613 	0.25 	0.91 	65.552714 	-5.7740826 	-14.021411
-0.92732733 	0.25 	0.91 	65.567099 	-5.7499485 	-13.996439
-0.92852853 	0.25 	0.91 	65.589075 	-5.7205596 	-13.989849
-0.92972973 	0.25 	0.91 	65.601752 	-5.6978324 	-13.954877
-0.93093093 	0.25 	0.91 	65.606124 	-5.681049 	-13.894588
-0.93213213 	0.25 	0.91 	65.622748 	-5.653905 	-13.876037
-0.93333333 	0.25 	0.91 	65.639478 	-5.62654 	-13.857823
-0.93453453 	0.25 	0.91 	65.656207 	-5.5991749 	-13.83961
-0.93573574 	0.25 	0.91 	65.679018 	-5.5701771 	-13.836695
-0.93693694 	0.25 	0.91 	65.701456 	-5.5407288 	-13.830657
-0.93813814 	0.25 	0.91 	65.707106 	-5.5130602 	-13.771581
-0.93933934 	0.25 	0.91 	65.72174 	-5.4826835 	-13.744241
-0.94054054 	0.25 	0.91 	65.740549 	-5.451049 	-13.731642
-0.94174174 	0.25 	0.91 	65.759357 	-5.4194145 	-13.719043
-0.94294294 	0.25 	0.91 	65.780311 	-5.3863715 	-13.713077
-0.94414414 	0.25 	0.91 	65.807548 	-5.3497041 	-13.726161
-0.94534535 	0.25 	0.91 	65.817218 	-5.3196524 	-13.685181
-0.94654655 	0.25 	0.91 	65.828172 	-5.2891843 	-13.647799
-0.94774775 	0.25 	0.91 	65.848974 	-5.2568075 	-13.639453
-0.94894895 	0.25 	0.91 	65.869776 	-5.2244306 	-13.631107
-0.95015015 	0.25 	0.91 	65.890579 	-5.1920538 	-13.622761
-0.95135135 	0.25 	0.91 	65.921902 	-5.1575931 	-13.643752
-0.95255255 	0.25 	0.91 	65.942845 	-5.1250872 	-13.634598
-0.95375375 	0.25 	0.91 	65.949807 	-5.0952248 	-13.584984
-0.95495495 	0.25 	0.91 	65.973598 	-5.0635642 	-13.579422
-0.95615616 	0.25 	0.91 	65.997665 	-5.031874 	-13.574583
-0.95735736 	0.25 	0.91 	66.021732 	-5.0001838 	-13.569745
-0.95855856 	0.25 	0.91 	66.050989 	-4.9650342 	-13.577194
-0.95975976 	0.25 	0.91 	66.08299 	-4.9285613 	-13.589955
-0.96096096 	0.25 	0.91 	66.094425 	-4.890156 	-13.554993
-0.96216216 	0.25 	0.91 	66.115989 	-4.8552481 	-13.538945
-0.96336336 	0.25 	0.91 	66.141818 	-4.8236697 	-13.529065
-0.96456456 	0.25 	0.91 	66.167646 	-4.7920912 	-13.519185
-0.96576577 	0.25 	0.91 	66.194194 	-4.7602673 	-13.511468
-0.96696697 	0.25 	0.91 	66.2295 	-4.7254567 	-13.530081
-0.96816817 	0.25 	0.91 	66.247266 	-4.6862621 	-13.506097
-0.96936937 	0.25 	0.91 	66.263536 	-4.6494931 	-13.473159
-0.97057057 	0.25 	0.91 	66.290223 	-4.6211619 	-13.454426
-0.97177177 	0.25 	0.91 	66.316909 	-4.5928307 	-13.435693
-0.97297297 	0.25 	0.91 	66.343602 	-4.5644675 	-13.417028
-0.97417417 	0.25 	0.91 	66.37992 	-4.5454055 	-13.407605
-0.97537538 	0.25 	0.91 	66.411721 	-4.5162476 	-13.396816
-0.97657658 	0.25 	0.91 	66.434264 	-4.4672243 	-13.383037
-0.97777778 	0.25 	0.91 	66.464739 	-4.4339693 	-13.363114
-0.97897898 	0.25 	0.91 	66.498464 	-4.407408 	-13.340403
-0.98018018 	0.25 	0.91 	66.532189 	-4.3808468 	-13.317691
-0.98138138 	0.25 	0.91 	66.569963 	-4.3565362 	-13.30425
-0.98258258 	0.25 	0.91 	66.610615 	-4.3338258 	-13.2974
-0.98378378 	0.25 	0.91 	66.6384 	-4.285893 	-13.276938
-0.98498498 	0.25 	0.91 	66.671161 	-4.2502887 	-13.250995
-0.98618619 	0.25 	0.91 	66.707549 	-4.2236728 	-13.221058
-0.98738739 	0.25 	0.91 	66.743938 	-4.1970569 	-13.191121
-0.98858859 	0.25 	0.91 	66.781242 	-4.1694097 	-13.162819
-0.98978979 	0.25 	0.91 	66.817801 	-4.1512386 	-13.125922
-0.99099099 	0.25 	0.91 	66.851594 	-4.1126523 	-13.107151
-0.99219219 	0.25 	0.91 	66.889738 	-4.0843511 	-13.078445
-0.99339339 	0.25 	0.91 	66.926362 	-4.060282 	-13.039805
-0.99459459 	0.25 	0.91 	66.962983 	-4.0362114 	-13.001158
-0.9957958 	0.25 	0.91 	66.999603 	-4.0121408 	-12.962511
-0.996997 	0.25 	0.91 	67.036224 	-3.9880703 	-12.923863
-0.9981982 	0.25 	0.91 	67.074093 	-3.9564864 	-12.879513
-0.9993994 	0.25 	0.91 	67.115072 	-3.9082973 	-12.818622
-1.0006006 	0.25 	0.91 	67.158553 	-3.864552 	-12.751377
-1.0018018 	0.25 	0.91 	67.202033 	-3.8208067 	-12.684133
-1.003003 	0.25 	0.91 	67.246002 	-3.7779297 	-12.615647
-1.0042042 	0.25 	0.91 	67.291493 	-3.7406857 	-12.542363
-1.0054054 	0.25 	0.91 	67.328667 	-3.7217501 	-12.47173
-1.0066066 	0.25 	0.91 	67.367453 	-3.7088605 	-12.399086
-1.0078078 	0.25 	0.91 	67.401685 	-3.6849657 	-12.414776
-1.009009 	0.25 	0.91 	67.435504 	-3.6500886 	-12.396009
-1.0102102 	0.25 	0.91 	67.499872 	-3.6177546 	-12.335495
-1.0114114 	0.25 	0.91 	67.56424 	-3.5854207 	-12.274981
-1.0126126 	0.25 	0.91 	67.62353 	-3.530628 	-12.178563
-1.0138138 	0.25 	0.91 	67.669451 	-3.4818108 	-12.096279
-1.015015 	0.25 	0.91 	67.679226 	-3.4588316 	-12.068363
-1.0162162 	0.25 	0.91 	67.725997 	-3.4161249 	-12.0026
-1.0174174 	0.25 	0.91 	67.777275 	-3.3710147 	-11.932225
-1.0186186 	0.25 	0.91 	67.828554 	-3.3259044 	-11.86185
-1.0198198 	0.25 	0.91 	67.879124 	-3.2839442 	-11.79184
-1.021021 	0.25 	0.91 	67.930376 	-3.2350122 	-11.708634
-1.0222222 	0.25 	0.91 	67.969359 	-3.1948598 	-11.644231
-1.0234234 	0.25 	0.91 	68.024538 	-3.1480815 	-11.569871
-1.0246246 	0.25 	0.91 	68.087083 	-3.108689 	-11.497026
-1.0258258 	0.25 	0.91 	68.150678 	-3.0715983 	-11.424541
-1.027027 	0.25 	0.91 	68.214273 	-3.0345077 	-11.352055
-1.0282282 	0.25 	0.91 	68.170651 	-2.9567902 	-11.272107
-1.0294294 	0.25 	0.91 	68.2799 	-2.9387744 	-11.20412
-1.0306306 	0.25 	0.91 	68.408457 	-2.9255879 	-11.137113
-1.0318318 	0.25 	0.91 	68.456518 	-2.872988 	-11.062455
-1.033033 	0.25 	0.91 	68.494683 	-2.8155422 	-10.986857
-1.0342342 	0.25 	0.91 	68.534672 	-2.7464774 	-10.91304
-1.0354354 	0.25 	0.91 	68.47494 	-2.6298845 	-10.829048
-1.0366366 	0.25 	0.91 	68.519014 	-2.5729806 	-10.756115
-1.0378378 	0.25 	0.91 	68.670243 	-2.5776915 	-10.694599
-1.039039 	0.25 	0.91 	68.730233 	-2.5161317 	-10.615964
-1.0402402 	0.25 	0.91 	68.802656 	-2.4476464 	-10.537014
-1.0414414 	0.25 	0.91 	68.868626 	-2.3679129 	-10.456448
-1.0426426 	0.25 	0.91 	68.845229 	-2.2296694 	-10.364195
-1.0438438 	0.25 	0.91 	68.906771 	-2.1740869 	-10.273037
-1.045045 	0.25 	0.91 	69.024808 	-2.1734847 	-10.182606
-1.0462462 	0.25 	0.91 	69.121953 	-2.1380646 	-10.094548
-1.0474474 	0.25 	0.91 	69.213106 	-2.0612237 	-10.013838
-1.0486486 	0.25 	0.91 	69.291361 	-1.968674 	-9.934037
-1.0498498 	0.25 	0.91 	69.365405 	-1.8709947 	-9.8545334
-1.0510511 	0.25 	0.91 	69.439448 	-1.7733154 	-9.7750298
-1.0522523 	0.25 	0.91 	69.464641 	-1.6115795 	-9.6996075
-1.0534535 	0.25 	0.91 	69.52165 	-1.4930321 	-9.618059
-1.0546547 	0.25 	0.91 	69.641059 	-1.4427917 	-9.5249658
-1.0558559 	0.25 	0.91 	69.726123 	-1.3327155 	-9.4373657
-1.0570571 	0.25 	0.91 	69.811187 	-1.2226393 	-9.3497656
-1.0582583 	0.25 	0.91 	69.89179 	-1.1143509 	-9.2612942
-1.0594595 	0.25 	0.91 	69.954286 	-0.99451827 	-9.1714418
-1.0606607 	0.25 	0.91 	70.040074 	-0.89501483 	-9.0759067
-1.0618619 	0.25 	0.91 	70.123228 	-0.7790928 	-8.9799619
-1.0630631 	0.25 	0.91 	70.210022 	-0.66218602 	-8.8841058
-1.0642643 	0.25 	0.91 	70.297632 	-0.54665237 	-8.7883089
-1.0654655 	0.25 	0.91 	70.386122 	-0.43259582 	-8.6925757
-1.0666667 	0.25 	0.91 	70.431133 	-0.32536468 	-8.6057873
-1.0678679 	0.25 	0.91 	70.573498 	-0.1909956 	-8.4967404
-1.0690691 	0.25 	0.91 	70.661017 	-0.066015133 	-8.3975849
-1.0702703 	0.25 	0.91 	70.748535 	0.058965331 	-8.2984294
-1.0714715 	0.25 	0.91 	70.836054 	0.18394579 	-8.199274
-1.0726727 	0.25 	0.91 	70.923414 	0.30919635 	-8.1001987
-1.0738739 	0.25 	0.91 	70.988667 	0.4324799 	-8.0062314
-1.0750751 	0.25 	0.91 	71.110999 	0.56700521 	-7.901664
-1.0762763 	0.25 	0.91 	71.192339 	0.6994682 	-7.7876986
-1.0774775 	0.25 	0.91 	71.270995 	0.83069838 	-7.6788709
-1.0786787 	0.25 	0.91 	71.34933 	0.96178136 	-7.5706567
-1.0798799 	0.25 	0.91 	71.427665 	1.0928643 	-7.4624425
-1.0810811 	0.25 	0.91 	71.506001 	1.2239473 	-7.3542282
-1.0822823 	0.25 	0.91 	71.53398 	1.3474192 	-7.2504121
-1.0834835 	0.25 	0.91 	71.664632 	1.5091884 	-7.1195051
-1.0846847 	0.25 	0.91 	71.729793 	1.6547091 	-7.0050814
-1.0858859 	0.25 	0.91 	71.794954 	1.8002298 	-6.8906577
-1.0870871 	0.25 	0.91 	71.860116 	1.9457505 	-6.776234
-1.0882883 	0.25 	0.91 	71.93288 	2.0888841 	-6.6540853
-1.0894895 	0.25 	0.91 	72.003408 	2.2298614 	-6.5302156
-1.0906907 	0.25 	0.91 	72.064875 	2.3809633 	-6.4044628
-1.0918919 	0.25 	0.91 	72.120812 	2.5342645 	-6.2842927
-1.0930931 	0.25 	0.91 	72.174971 	2.6882726 	-6.165917
-1.0942943 	0.25 	0.91 	72.229131 	2.8422808 	-6.0475414
-1.0954955 	0.25 	0.91 	72.273826 	3.041889 	-5.9296574
-1.0966967 	0.25 	0.91 	72.29769 	3.1516043 	-5.8131968
-1.0978979 	0.25 	0.91 	72.323576 	3.2388062 	-5.6927937
-1.0990991 	0.25 	0.91 	72.352157 	3.3805776 	-5.5705351
-1.1003003 	0.25 	0.91 	72.379247 	3.523888 	-5.451837
-1.1015015 	0.25 	0.91 	72.406576 	3.6697907 	-5.333441
-1.1027027 	0.25 	0.91 	72.435623 	3.8342991 	-5.2172143
-1.1039039 	0.25 	0.91 	72.469321 	4.0492325 	-5.1068668
-1.1051051 	0.25 	0.91 	72.505947 	4.2959074 	-5.0002201
-1.1063063 	0.25 	0.91 	72.512129 	4.4462654 	-4.8787458
-1.1075075 	0.25 	0.91 	72.473924 	4.4561974 	-4.7356532
-1.1087087 	0.25 	0.91 	72.467642 	4.6167391 	-4.6105592
-1.1099099 	0.25 	0.91 	72.469085 	4.8055728 	-4.4876862
-1.1111111 	0.25 	0.91 	72.477047 	5.013706 	-4.3644538
-1.1123123 	0.25 	0.91 	72.517998 	5.3888738 	-4.2513502
-1.1135135 	0.25 	0.91 	72.49541 	5.5720993 	-4.1328192
-1.1147147 	0.25 	0.91 	72.416053 	5.5838363 	-4.0094392
-1.1159159 	0.25 	0.91 	72.396617 	5.7980681 	-3.8860256
-1.1171171 	0.25 	0.91 	72.388179 	6.049519 	-3.7624717
-1.1183183 	0.25 	0.91 	72.379741 	6.3009699 	-3.6389178
-1.1195195 	0.25 	0.91 	72.371302 	6.5524208 	-3.5153639
-1.1207207 	0.25 	0.91 	72.360097 	6.8079504 	-3.390606
-1.1219219 	0.25 	0.91 	72.349621 	7.0618043 	-3.2638132
-1.1231231 	0.25 	0.91 	72.339145 	7.3156581 	-3.1370205
-1.1243243 	0.25 	0.91 	72.328669 	7.5695119 	-3.0102277
-1.1255255 	0.25 	0.91 	72.318193 	7.8233657 	-2.883435
-1.1267267 	0.25 	0.91 	72.328561 	8.0749531 	-2.7471628
-1.1279279 	0.25 	0.91 	72.367035 	8.3277494 	-2.6036698
-1.1291291 	0.25 	0.91 	72.295733 	8.5888191 	-2.4802942
-1.1303303 	0.25 	0.91 	72.254224 	8.8603131 	-2.3497547
-1.1315315 	0.25 	0.91 	72.242245 	9.1770019 	-2.2001326
-1.1327327 	0.25 	0.91 	72.230266 	9.4936907 	-2.0505105
-1.1339339 	0.25 	0.91 	72.266139 	9.8093883 	-1.8859852
-1.1351351 	0.25 	0.91 	72.313611 	10.123229 	-1.7203015
-1.1363363 	0.25 	0.91 	72.264116 	10.426665 	-1.6036659
-1.1375375 	0.25 	0.91 	72.220819 	10.729085 	-1.4824323
-1.1387387 	0.25 	0.91 	72.189539 	11.029536 	-1.3522838
-1.1399399 	0.25 	0.91 	72.158258 	11.329986 	-1.2221352
-1.1411411 	0.25 	0.91 	72.131761 	11.630944 	-1.0898545
-1.1423423 	0.25 	0.91 	72.142442 	11.935643 	-0.93066887
-1.1435435 	0.25 	0.91 	72.154774 	12.240216 	-0.76888165
-1.1447447 	0.25 	0.91 	72.110297 	12.59285 	-0.63534117
-1.1459459 	0.25 	0.91 	72.061085 	12.948919 	-0.49754064
-1.1471471 	0.25 	0.91 	72.015642 	13.300946 	-0.34301829
-1.1483483 	0.25 	0.91 	71.970199 	13.652973 	-0.18849593
-1.1495495 	0.25 	0.91 	71.926944 	13.998018 	-0.029920881
-1.1507508 	0.25 	0.91 	71.898003 	14.297375 	0.15516928
-1.151952 	0.25 	0.91 	71.861187 	14.594139 	0.32135792
-1.1531532 	0.25 	0.91 	71.814955 	14.887805 	0.46494522
-1.1543544 	0.25 	0.91 	71.745665 	15.225801 	0.62764531
-1.1555556 	0.25 	0.91 	71.671133 	15.573873 	0.79468924
-1.1567568 	0.25 	0.91 	71.596601 	15.921945 	0.96173317
-1.157958 	0.25 	0.91 	71.507328 	16.275458 	1.1431125
-1.1591592 	0.25 	0.91 	71.397145 	16.64252 	1.3399023
-1.1603604 	0.25 	0.91 	71.307663 	17.006969 	1.5120267
-1.1615616 	0.25 	0.91 	71.186377 	17.369211 	1.6866623
-1.1627628 	0.25 	0.91 	71.036134 	17.735759 	1.8603918
-1.163964 	0.25 	0.91 	70.88589 	18.102307 	2.0341212
-1.1651652 	0.25 	0.91 	70.735647 	18.468856 	2.2078507
-1.1663664 	0.25 	0.91 	70.501306 	18.792277 	2.3868082
-1.1675676 	0.25 	0.91 	70.274419 	19.12186 	2.5626046
-1.1687688 	0.25 	0.91 	70.070121 	19.466339 	2.7331801
-1.16997 	0.25 	0.91 	69.811842 	19.800635 	2.903828
-1.1711712 	0.25 	0.91 	69.542626 	20.132868 	3.0744907
-1.1723724 	0.25 	0.91 	69.273409 	20.465102 	3.2451534
-1.1735736 	0.25 	0.91 	68.940893 	20.746062 	3.4086617
-1.1747748 	0.25 	0.91 	68.568867 	20.995076 	3.5676851
-1.175976 	0.25 	0.91 	68.223869 	21.255843 	3.7292958
-1.1771772 	0.25 	0.91 	67.872814 	21.509691 	3.8881766
-1.1783784 	0.25 	0.91 	67.457892 	21.746053 	4.0398589
-1.1795796 	0.25 	0.91 	67.042847 	21.984815 	4.1923685
-1.1807808 	0.25 	0.91 	66.627802 	22.223578 	4.3448781
-1.181982 	0.25 	0.91 	66.144742 	22.384096 	4.4820134
-1.1831832 	0.25 	0.91 	65.662833 	22.547501 	4.6194215
-1.1843844 	0.25 	0.91 	65.18537 	22.720866 	4.7578744
-1.1855856 	0.25 	0.91 	64.680263 	22.857262 	4.8878581
-1.1867868 	0.25 	0.91 	64.151968 	22.96265 	5.0107381
-1.187988 	0.25 	0.91 	63.62826 	23.066382 	5.1324447
-1.1891892 	0.25 	0.91 	63.129242 	23.116782 	5.235163
-1.1903904 	0.25 	0.91 	62.611445 	23.131526 	5.3305818
-1.1915916 	0.25 	0.91 	62.086919 	23.123648 	5.4216531
-1.1927928 	0.25 	0.91 	61.56403 	23.107483 	5.5106942
-1.193994 	0.25 	0.91 	61.091126 	23.036589 	5.5821167
-1.1951952 	0.25 	0.91 	60.57135 	22.951195 	5.6551614
-1.1963964 	0.25 	0.91 	60.051573 	22.865802 	5.728206
-1.1975976 	0.25 	0.91 	59.605194 	22.721289 	5.7874551
-1.1987988 	0.25 	0.91 	59.162755 	22.57197 	5.8434661
-1.2 	0.25 	0.91 	58.716441 	22.418442 	5.8889897
