0 	0.25 	0.091 	45.543499 	-2.0698443 	-0.27628154
-0.0012012012 	0.25 	0.091 	45.544705 	-2.099326 	-0.27693726
-0.0024024024 	0.25 	0.091 	45.545912 	-2.1288077 	-0.27759298
-0.0036036036 	0.25 	0.091 	45.547118 	-2.1582894 	-0.27824871
-0.0048048048 	0.25 	0.091 	45.548324 	-2.187771 	-0.27890443
-0.006006006 	0.25 	0.091 	45.549531 	-2.2172527 	-0.27956015
-0.0072072072 	0.25 	0.091 	45.550737 	-2.2467344 	-0.28021587
-0.0084084084 	0.25 	0.091 	45.551944 	-2.276216 	-0.28087159
-0.0096096096 	0.25 	0.091 	45.55315 	-2.3056977 	-0.28152732
-0.010810811 	0.25 	0.091 	45.554356 	-2.3351794 	-0.28218304
-0.012012012 	0.25 	0.091 	45.555563 	-2.3646611 	-0.28283876
-0.013213213 	0.25 	0.091 	45.556769 	-2.3941427 	-0.28349448
-0.014414414 	0.25 	0.091 	45.557976 	-2.4236244 	-0.2841502
-0.015615616 	0.25 	0.091 	45.559498 	-2.4500079 	-0.28480539
-0.016816817 	0.25 	0.091 	45.564248 	-2.4447894 	-0.28545508
-0.018018018 	0.25 	0.091 	45.568997 	-2.439571 	-0.28610478
-0.019219219 	0.25 	0.091 	45.573746 	-2.4343526 	-0.28675447
-0.02042042 	0.25 	0.091 	45.578495 	-2.4291341 	-0.28740416
-0.021621622 	0.25 	0.091 	45.576297 	-2.438346 	-0.28820592
-0.022822823 	0.25 	0.091 	45.57114 	-2.4537028 	-0.28907244
-0.024024024 	0.25 	0.091 	45.565984 	-2.4690595 	-0.28993895
-0.025225225 	0.25 	0.091 	45.560827 	-2.4844162 	-0.29080546
-0.026426426 	0.25 	0.091 	45.555671 	-2.4997729 	-0.29167198
-0.027627628 	0.25 	0.091 	45.550515 	-2.5151297 	-0.29253849
-0.028828829 	0.25 	0.091 	45.545358 	-2.5304864 	-0.293405
-0.03003003 	0.25 	0.091 	45.540202 	-2.5458431 	-0.29427152
-0.031231231 	0.25 	0.091 	45.535045 	-2.5611999 	-0.29513803
-0.032432432 	0.25 	0.091 	45.529889 	-2.5765566 	-0.29600454
-0.033633634 	0.25 	0.091 	45.524732 	-2.5919133 	-0.29687105
-0.034834835 	0.25 	0.091 	45.519576 	-2.60727 	-0.29773757
-0.036036036 	0.25 	0.091 	45.51442 	-2.6226268 	-0.29860408
-0.037237237 	0.25 	0.091 	45.509263 	-2.6379835 	-0.29947059
-0.038438438 	0.25 	0.091 	45.504107 	-2.6533402 	-0.30033711
-0.03963964 	0.25 	0.091 	45.49895 	-2.6686969 	-0.30120362
-0.040840841 	0.25 	0.091 	45.493794 	-2.6840537 	-0.30207013
-0.042042042 	0.25 	0.091 	45.488637 	-2.6994104 	-0.30293664
-0.043243243 	0.25 	0.091 	45.483481 	-2.7147671 	-0.30380316
-0.044444444 	0.25 	0.091 	45.480749 	-2.7061299 	-0.304532
-0.045645646 	0.25 	0.091 	45.479094 	-2.6868427 	-0.30519974
-0.046846847 	0.25 	0.091 	45.477439 	-2.6675555 	-0.30586748
-0.048048048 	0.25 	0.091 	45.475783 	-2.6482683 	-0.30653522
-0.049249249 	0.25 	0.091 	45.474128 	-2.6289811 	-0.30720296
-0.05045045 	0.25 	0.091 	45.472472 	-2.609694 	-0.3078707
-0.051651652 	0.25 	0.091 	45.470817 	-2.5904068 	-0.30853844
-0.052852853 	0.25 	0.091 	45.469161 	-2.5711196 	-0.30920618
-0.054054054 	0.25 	0.091 	45.467506 	-2.5518324 	-0.30987392
-0.055255255 	0.25 	0.091 	45.465851 	-2.5325452 	-0.31054166
-0.056456456 	0.25 	0.091 	45.464195 	-2.513258 	-0.3112094
-0.057657658 	0.25 	0.091 	45.46254 	-2.4939708 	-0.31187714
-0.058858859 	0.25 	0.091 	45.460884 	-2.4746836 	-0.31254488
-0.06006006 	0.25 	0.091 	45.459229 	-2.4553964 	-0.31321262
-0.061261261 	0.25 	0.091 	45.469614 	-2.4427969 	-0.31384353
-0.062462462 	0.25 	0.091 	45.48045 	-2.4304471 	-0.31447305
-0.063663664 	0.25 	0.091 	45.491285 	-2.4180974 	-0.31510258
-0.064864865 	0.25 	0.091 	45.50212 	-2.4057476 	-0.3157321
-0.066066066 	0.25 	0.091 	45.512956 	-2.3933979 	-0.31636163
-0.067267267 	0.25 	0.091 	45.523791 	-2.3810481 	-0.31699116
-0.068468468 	0.25 	0.091 	45.534626 	-2.3686984 	-0.31762068
-0.06966967 	0.25 	0.091 	45.545462 	-2.3563486 	-0.31825021
-0.070870871 	0.25 	0.091 	45.556297 	-2.3439988 	-0.31887973
-0.072072072 	0.25 	0.091 	45.567132 	-2.3316491 	-0.31950926
-0.073273273 	0.25 	0.091 	45.577968 	-2.3192993 	-0.32013878
-0.074474474 	0.25 	0.091 	45.588803 	-2.3069496 	-0.32076831
-0.075675676 	0.25 	0.091 	45.599638 	-2.2945998 	-0.32139784
-0.076876877 	0.25 	0.091 	45.60824 	-2.2945532 	-0.32208481
-0.078078078 	0.25 	0.091 	45.610489 	-2.3295071 	-0.32293519
-0.079279279 	0.25 	0.091 	45.612738 	-2.3644609 	-0.32378558
-0.08048048 	0.25 	0.091 	45.614987 	-2.3994148 	-0.32463596
-0.081681682 	0.25 	0.091 	45.617235 	-2.4343686 	-0.32548635
-0.082882883 	0.25 	0.091 	45.619484 	-2.4693225 	-0.32633673
-0.084084084 	0.25 	0.091 	45.621733 	-2.5042763 	-0.32718712
-0.085285285 	0.25 	0.091 	45.623981 	-2.5392302 	-0.3280375
-0.086486486 	0.25 	0.091 	45.62623 	-2.574184 	-0.32888789
-0.087687688 	0.25 	0.091 	45.628479 	-2.6091379 	-0.32973827
-0.088888889 	0.25 	0.091 	45.630728 	-2.6440917 	-0.33058866
-0.09009009 	0.25 	0.091 	45.632976 	-2.6790456 	-0.33143904
-0.091291291 	0.25 	0.091 	45.635225 	-2.7139994 	-0.33228943
-0.092492492 	0.25 	0.091 	45.637474 	-2.7489533 	-0.33313982
-0.093693694 	0.25 	0.091 	45.639722 	-2.7839071 	-0.3339902
-0.094894895 	0.25 	0.091 	45.641971 	-2.818861 	-0.33484059
-0.096096096 	0.25 	0.091 	45.64422 	-2.8538148 	-0.33569097
-0.097297297 	0.25 	0.091 	45.646468 	-2.8887687 	-0.33654136
-0.098498498 	0.25 	0.091 	45.648717 	-2.9237225 	-0.33739174
-0.0996997 	0.25 	0.091 	45.650966 	-2.9586764 	-0.33824213
-0.1009009 	0.25 	0.091 	45.660482 	-2.9966078 	-0.33906692
-0.1021021 	0.25 	0.091 	45.670415 	-3.0347102 	-0.33989024
-0.1033033 	0.25 	0.091 	45.680348 	-3.0728127 	-0.34071356
-0.1045045 	0.25 	0.091 	45.690281 	-3.1109151 	-0.34153688
-0.10570571 	0.25 	0.091 	45.692395 	-3.1922039 	-0.34228318
-0.10690691 	0.25 	0.091 	45.693754 	-3.2776615 	-0.34302205
-0.10810811 	0.25 	0.091 	45.695114 	-3.363119 	-0.34376092
-0.10930931 	0.25 	0.091 	45.696473 	-3.4485765 	-0.34449979
-0.11051051 	0.25 	0.091 	45.697832 	-3.5340341 	-0.34523866
-0.11171171 	0.25 	0.091 	45.699192 	-3.6194916 	-0.34597752
-0.11291291 	0.25 	0.091 	45.700551 	-3.7049492 	-0.34671639
-0.11411411 	0.25 	0.091 	45.70191 	-3.7904067 	-0.34745526
-0.11531532 	0.25 	0.091 	45.703269 	-3.8758643 	-0.34819413
-0.11651652 	0.25 	0.091 	45.704629 	-3.9613218 	-0.348933
-0.11771772 	0.25 	0.091 	45.705988 	-4.0467794 	-0.34967186
-0.11891892 	0.25 	0.091 	45.707347 	-4.1322369 	-0.35041073
-0.12012012 	0.25 	0.091 	45.708707 	-4.2176945 	-0.3511496
-0.12132132 	0.25 	0.091 	45.710321 	-4.302751 	-0.35188784
-0.12252252 	0.25 	0.091 	45.712909 	-4.3862797 	-0.35262367
-0.12372372 	0.25 	0.091 	45.715496 	-4.4698084 	-0.35335951
-0.12492492 	0.25 	0.091 	45.718083 	-4.5533371 	-0.35409535
-0.12612613 	0.25 	0.091 	45.720671 	-4.6368658 	-0.35483118
-0.12732733 	0.25 	0.091 	45.723258 	-4.7203946 	-0.35556702
-0.12852853 	0.25 	0.091 	45.725845 	-4.8039233 	-0.35630286
-0.12972973 	0.25 	0.091 	45.728433 	-4.887452 	-0.3570387
-0.13093093 	0.25 	0.091 	45.73102 	-4.9709807 	-0.35777453
-0.13213213 	0.25 	0.091 	45.733607 	-5.0545094 	-0.35851037
-0.13333333 	0.25 	0.091 	45.736194 	-5.1380381 	-0.35924621
-0.13453453 	0.25 	0.091 	45.738782 	-5.2215668 	-0.35998204
-0.13573574 	0.25 	0.091 	45.741369 	-5.3050955 	-0.36071788
-0.13693694 	0.25 	0.091 	45.743956 	-5.3886242 	-0.36145372
-0.13813814 	0.25 	0.091 	45.752053 	-5.4351293 	-0.36223436
-0.13933934 	0.25 	0.091 	45.765379 	-5.4464966 	-0.36305752
-0.14054054 	0.25 	0.091 	45.778705 	-5.457864 	-0.36388069
-0.14174174 	0.25 	0.091 	45.792031 	-5.4692313 	-0.36470385
-0.14294294 	0.25 	0.091 	45.806151 	-5.4861893 	-0.36553513
-0.14414414 	0.25 	0.091 	45.820724 	-5.5063287 	-0.36637103
-0.14534535 	0.25 	0.091 	45.835297 	-5.5264682 	-0.36720693
-0.14654655 	0.25 	0.091 	45.84987 	-5.5466076 	-0.36804283
-0.14774775 	0.25 	0.091 	45.864442 	-5.566747 	-0.36887873
-0.14894895 	0.25 	0.091 	45.879015 	-5.5868865 	-0.36971463
-0.15015015 	0.25 	0.091 	45.893588 	-5.6070259 	-0.37055053
-0.15135135 	0.25 	0.091 	45.908161 	-5.6271654 	-0.37138643
-0.15255255 	0.25 	0.091 	45.922734 	-5.6473048 	-0.37222233
-0.15375375 	0.25 	0.091 	45.937306 	-5.6674442 	-0.37305823
-0.15495495 	0.25 	0.091 	45.951879 	-5.6875837 	-0.37389413
-0.15615616 	0.25 	0.091 	45.966452 	-5.7077231 	-0.37473003
-0.15735736 	0.25 	0.091 	45.981025 	-5.7278626 	-0.37556593
-0.15855856 	0.25 	0.091 	45.995598 	-5.748002 	-0.37640183
-0.15975976 	0.25 	0.091 	46.01017 	-5.7681415 	-0.37723773
-0.16096096 	0.25 	0.091 	46.024743 	-5.7882809 	-0.37807363
-0.16216216 	0.25 	0.091 	46.039316 	-5.8084203 	-0.37890953
-0.16336336 	0.25 	0.091 	46.053889 	-5.8285598 	-0.37974543
-0.16456456 	0.25 	0.091 	46.068462 	-5.8486992 	-0.38058133
-0.16576577 	0.25 	0.091 	46.084954 	-5.8559514 	-0.38138532
-0.16696697 	0.25 	0.091 	46.110275 	-5.8039433 	-0.38204254
-0.16816817 	0.25 	0.091 	46.135597 	-5.7519352 	-0.38269976
-0.16936937 	0.25 	0.091 	46.160918 	-5.6999271 	-0.38335698
-0.17057057 	0.25 	0.091 	46.186239 	-5.6479189 	-0.3840142
-0.17177177 	0.25 	0.091 	46.21156 	-5.5959108 	-0.38467142
-0.17297297 	0.25 	0.091 	46.236881 	-5.5439027 	-0.38532864
-0.17417417 	0.25 	0.091 	46.262202 	-5.4918946 	-0.38598586
-0.17537538 	0.25 	0.091 	46.287523 	-5.4398865 	-0.38664308
-0.17657658 	0.25 	0.091 	46.312844 	-5.3878783 	-0.3873003
-0.17777778 	0.25 	0.091 	46.338165 	-5.3358702 	-0.38795752
-0.17897898 	0.25 	0.091 	46.363486 	-5.2838621 	-0.38861474
-0.18018018 	0.25 	0.091 	46.388807 	-5.231854 	-0.38927196
-0.18138138 	0.25 	0.091 	46.414128 	-5.1798458 	-0.38992919
-0.18258258 	0.25 	0.091 	46.440037 	-5.1283509 	-0.39056538
-0.18378378 	0.25 	0.091 	46.466581 	-5.0774095 	-0.39117889
-0.18498498 	0.25 	0.091 	46.493124 	-5.0264681 	-0.3917924
-0.18618619 	0.25 	0.091 	46.519667 	-4.9755268 	-0.3924059
-0.18738739 	0.25 	0.091 	46.546211 	-4.9245854 	-0.39301941
-0.18858859 	0.25 	0.091 	46.572754 	-4.873644 	-0.39363292
-0.18978979 	0.25 	0.091 	46.599297 	-4.8227026 	-0.39424643
-0.19099099 	0.25 	0.091 	46.625841 	-4.7717612 	-0.39485994
-0.19219219 	0.25 	0.091 	46.652384 	-4.7208199 	-0.39547345
-0.19339339 	0.25 	0.091 	46.678927 	-4.6698785 	-0.39608696
-0.19459459 	0.25 	0.091 	46.705471 	-4.6189371 	-0.39670047
-0.1957958 	0.25 	0.091 	46.732014 	-4.5679957 	-0.39731398
-0.196997 	0.25 	0.091 	46.758557 	-4.5170544 	-0.39792748
-0.1981982 	0.25 	0.091 	46.785101 	-4.466113 	-0.39854099
-0.1993994 	0.25 	0.091 	46.809511 	-4.4757237 	-0.39926484
-0.2006006 	0.25 	0.091 	46.833317 	-4.502452 	-0.40001989
-0.2018018 	0.25 	0.091 	46.857124 	-4.5291804 	-0.40077493
-0.203003 	0.25 	0.091 	46.88093 	-4.5559087 	-0.40152997
-0.2042042 	0.25 	0.091 	46.904737 	-4.582637 	-0.40228501
-0.20540541 	0.25 	0.091 	46.928543 	-4.6093653 	-0.40304006
-0.20660661 	0.25 	0.091 	46.95235 	-4.6360936 	-0.4037951
-0.20780781 	0.25 	0.091 	46.976157 	-4.6628219 	-0.40455014
-0.20900901 	0.25 	0.091 	46.999963 	-4.6895503 	-0.40530519
-0.21021021 	0.25 	0.091 	47.02377 	-4.7162786 	-0.40606023
-0.21141141 	0.25 	0.091 	47.047576 	-4.7430069 	-0.40681527
-0.21261261 	0.25 	0.091 	47.071383 	-4.7697352 	-0.40757032
-0.21381381 	0.25 	0.091 	47.095189 	-4.7964635 	-0.40832536
-0.21501502 	0.25 	0.091 	47.118996 	-4.8231919 	-0.4090804
-0.21621622 	0.25 	0.091 	47.142803 	-4.8499202 	-0.40983544
-0.21741742 	0.25 	0.091 	47.166609 	-4.8766485 	-0.41059049
-0.21861862 	0.25 	0.091 	47.190416 	-4.9033768 	-0.41134553
-0.21981982 	0.25 	0.091 	47.214222 	-4.9301051 	-0.41210057
-0.22102102 	0.25 	0.091 	47.238029 	-4.9568334 	-0.41285562
-0.22222222 	0.25 	0.091 	47.261835 	-4.9835618 	-0.41361066
-0.22342342 	0.25 	0.091 	47.284369 	-5.0125642 	-0.41434494
-0.22462462 	0.25 	0.091 	47.306876 	-5.0416125 	-0.41507879
-0.22582583 	0.25 	0.091 	47.329384 	-5.0706609 	-0.41581265
-0.22702703 	0.25 	0.091 	47.350719 	-5.1335511 	-0.41649438
-0.22822823 	0.25 	0.091 	47.370536 	-5.2403047 	-0.41710854
-0.22942943 	0.25 	0.091 	47.390354 	-5.3470583 	-0.41772271
-0.23063063 	0.25 	0.091 	47.410171 	-5.4538119 	-0.41833687
-0.23183183 	0.25 	0.091 	47.429988 	-5.5605655 	-0.41895104
-0.23303303 	0.25 	0.091 	47.449805 	-5.6673191 	-0.4195652
-0.23423423 	0.25 	0.091 	47.469622 	-5.7740727 	-0.42017936
-0.23543544 	0.25 	0.091 	47.489439 	-5.8808263 	-0.42079353
-0.23663664 	0.25 	0.091 	47.509257 	-5.9875799 	-0.42140769
-0.23783784 	0.25 	0.091 	47.529074 	-6.0943335 	-0.42202186
-0.23903904 	0.25 	0.091 	47.548891 	-6.2010872 	-0.42263602
-0.24024024 	0.25 	0.091 	47.568708 	-6.3078408 	-0.42325019
-0.24144144 	0.25 	0.091 	47.588525 	-6.4145944 	-0.42386435
-0.24264264 	0.25 	0.091 	47.608342 	-6.521348 	-0.42447852
-0.24384384 	0.25 	0.091 	47.628583 	-6.6266683 	-0.42507169
-0.24504505 	0.25 	0.091 	47.648977 	-6.7314668 	-0.42565721
-0.24624625 	0.25 	0.091 	47.669371 	-6.8362654 	-0.42624274
-0.24744745 	0.25 	0.091 	47.689765 	-6.9410639 	-0.42682827
-0.24864865 	0.25 	0.091 	47.710159 	-7.0458625 	-0.4274138
-0.24984985 	0.25 	0.091 	47.730553 	-7.150661 	-0.42799933
-0.25105105 	0.25 	0.091 	47.750947 	-7.2554596 	-0.42858486
-0.25225225 	0.25 	0.091 	47.771341 	-7.3602581 	-0.42917039
-0.25345345 	0.25 	0.091 	47.791735 	-7.4650567 	-0.42975592
-0.25465465 	0.25 	0.091 	47.812129 	-7.5698552 	-0.43034145
-0.25585586 	0.25 	0.091 	47.832523 	-7.6746538 	-0.43092697
-0.25705706 	0.25 	0.091 	47.852917 	-7.7794524 	-0.4315125
-0.25825826 	0.25 	0.091 	47.873311 	-7.8842509 	-0.43209803
-0.25945946 	0.25 	0.091 	47.893836 	-7.9856585 	-0.4326859
-0.26066066 	0.25 	0.091 	47.918028 	-7.9917513 	-0.43333965
-0.26186186 	0.25 	0.091 	47.942221 	-7.9978441 	-0.43399339
-0.26306306 	0.25 	0.091 	47.966413 	-8.0039369 	-0.43464714
-0.26426426 	0.25 	0.091 	47.992392 	-8.0128066 	-0.43530625
-0.26546547 	0.25 	0.091 	48.019323 	-8.0231569 	-0.43596822
-0.26666667 	0.25 	0.091 	48.046254 	-8.0335073 	-0.43663019
-0.26786787 	0.25 	0.091 	48.073185 	-8.0438576 	-0.43729216
-0.26906907 	0.25 	0.091 	48.100116 	-8.054208 	-0.43795412
-0.27027027 	0.25 	0.091 	48.127047 	-8.0645583 	-0.43861609
-0.27147147 	0.25 	0.091 	48.153978 	-8.0749086 	-0.43927806
-0.27267267 	0.25 	0.091 	48.180909 	-8.085259 	-0.43994003
-0.27387387 	0.25 	0.091 	48.207841 	-8.0956093 	-0.440602
-0.27507508 	0.25 	0.091 	48.234772 	-8.1059597 	-0.44126397
-0.27627628 	0.25 	0.091 	48.261703 	-8.11631 	-0.44192594
-0.27747748 	0.25 	0.091 	48.288634 	-8.1266603 	-0.44258791
-0.27867868 	0.25 	0.091 	48.315565 	-8.1370107 	-0.44324988
-0.27987988 	0.25 	0.091 	48.342496 	-8.147361 	-0.44391185
-0.28108108 	0.25 	0.091 	48.369427 	-8.1577114 	-0.44457382
-0.28228228 	0.25 	0.091 	48.396358 	-8.1680617 	-0.44523579
-0.28348348 	0.25 	0.091 	48.42329 	-8.1784121 	-0.44589775
-0.28468468 	0.25 	0.091 	48.450221 	-8.1887624 	-0.44655972
-0.28588589 	0.25 	0.091 	48.477152 	-8.1991127 	-0.44722169
-0.28708709 	0.25 	0.091 	48.504083 	-8.2094631 	-0.44788366
-0.28828829 	0.25 	0.091 	48.533687 	-8.1511829 	-0.44844084
-0.28948949 	0.25 	0.091 	48.564463 	-8.0628301 	-0.44895211
-0.29069069 	0.25 	0.091 	48.595238 	-7.9744772 	-0.44946337
-0.29189189 	0.25 	0.091 	48.626014 	-7.8861244 	-0.44997464
-0.29309309 	0.25 	0.091 	48.65679 	-7.7977715 	-0.4504859
-0.29429429 	0.25 	0.091 	48.687565 	-7.7094187 	-0.45099717
-0.2954955 	0.25 	0.091 	48.718341 	-7.6210658 	-0.45150843
-0.2966967 	0.25 	0.091 	48.749116 	-7.532713 	-0.45201969
-0.2978979 	0.25 	0.091 	48.779892 	-7.4443601 	-0.45253096
-0.2990991 	0.25 	0.091 	48.810668 	-7.3560073 	-0.45304222
-0.3003003 	0.25 	0.091 	48.841443 	-7.2676544 	-0.45355349
-0.3015015 	0.25 	0.091 	48.872219 	-7.1793016 	-0.45406475
-0.3027027 	0.25 	0.091 	48.902995 	-7.0909487 	-0.45457602
-0.3039039 	0.25 	0.091 	48.93377 	-7.0025959 	-0.45508728
-0.30510511 	0.25 	0.091 	48.966395 	-6.9143902 	-0.45555411
-0.30630631 	0.25 	0.091 	48.999026 	-6.8261851 	-0.45602077
-0.30750751 	0.25 	0.091 	49.031658 	-6.73798 	-0.45648744
-0.30870871 	0.25 	0.091 	49.064289 	-6.6497749 	-0.4569541
-0.30990991 	0.25 	0.091 	49.096921 	-6.5615698 	-0.45742076
-0.31111111 	0.25 	0.091 	49.129552 	-6.4733647 	-0.45788743
-0.31231231 	0.25 	0.091 	49.162184 	-6.3851596 	-0.45835409
-0.31351351 	0.25 	0.091 	49.194816 	-6.2969544 	-0.45882075
-0.31471471 	0.25 	0.091 	49.227447 	-6.2087493 	-0.45928742
-0.31591592 	0.25 	0.091 	49.260079 	-6.1205442 	-0.45975408
-0.31711712 	0.25 	0.091 	49.29271 	-6.0323391 	-0.46022074
-0.31831832 	0.25 	0.091 	49.325342 	-5.944134 	-0.46068741
-0.31951952 	0.25 	0.091 	49.357973 	-5.8559289 	-0.46115407
-0.32072072 	0.25 	0.091 	49.39278 	-5.7972978 	-0.46163673
-0.32192192 	0.25 	0.091 	49.432841 	-5.810108 	-0.46215802
-0.32312312 	0.25 	0.091 	49.472902 	-5.8229181 	-0.46267932
-0.32432432 	0.25 	0.091 	49.512963 	-5.8357282 	-0.46320061
-0.32552553 	0.25 	0.091 	49.553024 	-5.8485384 	-0.46372191
-0.32672673 	0.25 	0.091 	49.593085 	-5.8613485 	-0.4642432
-0.32792793 	0.25 	0.091 	49.633146 	-5.8741587 	-0.4647645
-0.32912913 	0.25 	0.091 	49.673207 	-5.8869688 	-0.46528579
-0.33033033 	0.25 	0.091 	49.713268 	-5.899779 	-0.46580708
-0.33153153 	0.25 	0.091 	49.753328 	-5.9125891 	-0.46632838
-0.33273273 	0.25 	0.091 	49.793389 	-5.9253992 	-0.46684967
-0.33393393 	0.25 	0.091 	49.83345 	-5.9382094 	-0.46737097
-0.33513514 	0.25 	0.091 	49.873511 	-5.9510195 	-0.46789226
-0.33633634 	0.25 	0.091 	49.913572 	-5.9638297 	-0.46841356
-0.33753754 	0.25 	0.091 	49.953633 	-5.9766398 	-0.46893485
-0.33873874 	0.25 	0.091 	49.993694 	-5.98945 	-0.46945615
-0.33993994 	0.25 	0.091 	50.033755 	-6.0022601 	-0.46997744
-0.34114114 	0.25 	0.091 	50.073816 	-6.0150702 	-0.47049874
-0.34234234 	0.25 	0.091 	50.113877 	-6.0278804 	-0.47102003
-0.34354354 	0.25 	0.091 	50.153938 	-6.0406905 	-0.47154133
-0.34474474 	0.25 	0.091 	50.193999 	-6.0535007 	-0.47206262
-0.34594595 	0.25 	0.091 	50.239231 	-6.0592464 	-0.47257166
-0.34714715 	0.25 	0.091 	50.284649 	-6.0647377 	-0.47308025
-0.34834835 	0.25 	0.091 	50.330067 	-6.070229 	-0.47358884
-0.34954955 	0.25 	0.091 	50.382579 	-6.1713546 	-0.47398145
-0.35075075 	0.25 	0.091 	50.435492 	-6.277883 	-0.47436752
-0.35195195 	0.25 	0.091 	50.488405 	-6.3844115 	-0.47475358
-0.35315315 	0.25 	0.091 	50.541317 	-6.4909399 	-0.47513965
-0.35435435 	0.25 	0.091 	50.59423 	-6.5974683 	-0.47552572
-0.35555556 	0.25 	0.091 	50.647143 	-6.7039968 	-0.47591178
-0.35675676 	0.25 	0.091 	50.700056 	-6.8105252 	-0.47629785
-0.35795796 	0.25 	0.091 	50.752968 	-6.9170536 	-0.47668391
-0.35915916 	0.25 	0.091 	50.805881 	-7.0235821 	-0.47706998
-0.36036036 	0.25 	0.091 	50.858794 	-7.1301105 	-0.47745604
-0.36156156 	0.25 	0.091 	50.911707 	-7.2366389 	-0.47784211
-0.36276276 	0.25 	0.091 	50.96462 	-7.3431674 	-0.47822818
-0.36396396 	0.25 	0.091 	51.017532 	-7.4496958 	-0.47861424
-0.36516517 	0.25 	0.091 	51.070278 	-7.5570632 	-0.47898981
-0.36636637 	0.25 	0.091 	51.122504 	-7.6670325 	-0.47933283
-0.36756757 	0.25 	0.091 	51.174731 	-7.7770017 	-0.47967585
-0.36876877 	0.25 	0.091 	51.226957 	-7.8869709 	-0.48001887
-0.36996997 	0.25 	0.091 	51.279183 	-7.9969401 	-0.48036189
-0.37117117 	0.25 	0.091 	51.33141 	-8.1069094 	-0.48070491
-0.37237237 	0.25 	0.091 	51.383636 	-8.2168786 	-0.48104793
-0.37357357 	0.25 	0.091 	51.435862 	-8.3268478 	-0.48139096
-0.37477477 	0.25 	0.091 	51.488089 	-8.4368171 	-0.48173398
-0.37597598 	0.25 	0.091 	51.540315 	-8.5467863 	-0.482077
-0.37717718 	0.25 	0.091 	51.592542 	-8.6567555 	-0.48242002
-0.37837838 	0.25 	0.091 	51.644768 	-8.7667248 	-0.48276304
-0.37957958 	0.25 	0.091 	51.696994 	-8.876694 	-0.48310606
-0.38078078 	0.25 	0.091 	51.749221 	-8.9866632 	-0.48344908
-0.38198198 	0.25 	0.091 	51.79297 	-9.0625219 	-0.48380608
-0.38318318 	0.25 	0.091 	51.829663 	-9.1099907 	-0.48417472
-0.38438438 	0.25 	0.091 	51.866356 	-9.1574594 	-0.48454336
-0.38558559 	0.25 	0.091 	51.898093 	-9.1951838 	-0.4849181
-0.38678679 	0.25 	0.091 	51.927872 	-9.2290579 	-0.48529525
-0.38798799 	0.25 	0.091 	51.957651 	-9.2629319 	-0.4856724
-0.38918919 	0.25 	0.091 	51.98743 	-9.2968059 	-0.48604955
-0.39039039 	0.25 	0.091 	52.017209 	-9.3306799 	-0.48642671
-0.39159159 	0.25 	0.091 	52.046989 	-9.3645539 	-0.48680386
-0.39279279 	0.25 	0.091 	52.076768 	-9.398428 	-0.48718101
-0.39399399 	0.25 	0.091 	52.106547 	-9.432302 	-0.48755816
-0.3951952 	0.25 	0.091 	52.136326 	-9.466176 	-0.48793532
-0.3963964 	0.25 	0.091 	52.166105 	-9.50005 	-0.48831247
-0.3975976 	0.25 	0.091 	52.195884 	-9.533924 	-0.48868962
-0.3987988 	0.25 	0.091 	52.225663 	-9.5677981 	-0.48906677
-0.4 	0.25 	0.091 	52.255442 	-9.6016721 	-0.48944392
-0.4012012 	0.25 	0.091 	52.285221 	-9.6355461 	-0.48982108
-0.4024024 	0.25 	0.091 	52.315 	-9.6694201 	-0.49019823
-0.4036036 	0.25 	0.091 	52.344779 	-9.7032941 	-0.49057538
-0.4048048 	0.25 	0.091 	52.374558 	-9.7371682 	-0.49095253
-0.40600601 	0.25 	0.091 	52.404337 	-9.7710422 	-0.49132968
-0.40720721 	0.25 	0.091 	52.434116 	-9.8049162 	-0.49170684
-0.40840841 	0.25 	0.091 	52.463895 	-9.8387902 	-0.49208399
-0.40960961 	0.25 	0.091 	52.490471 	-9.8597191 	-0.49244017
-0.41081081 	0.25 	0.091 	52.504787 	-9.8311151 	-0.4927161
-0.41201201 	0.25 	0.091 	52.519103 	-9.8025112 	-0.49299203
-0.41321321 	0.25 	0.091 	52.533419 	-9.7739073 	-0.49326797
-0.41441441 	0.25 	0.091 	52.547736 	-9.7453033 	-0.4935439
-0.41561562 	0.25 	0.091 	52.562052 	-9.7166994 	-0.49381983
-0.41681682 	0.25 	0.091 	52.576368 	-9.6880954 	-0.49409577
-0.41801802 	0.25 	0.091 	52.590684 	-9.6594915 	-0.4943717
-0.41921922 	0.25 	0.091 	52.605001 	-9.6308875 	-0.49464763
-0.42042042 	0.25 	0.091 	52.619317 	-9.6022836 	-0.49492356
-0.42162162 	0.25 	0.091 	52.633633 	-9.5736796 	-0.4951995
-0.42282282 	0.25 	0.091 	52.64795 	-9.5450757 	-0.49547543
-0.42402402 	0.25 	0.091 	52.662266 	-9.5164718 	-0.49575136
-0.42522523 	0.25 	0.091 	52.676582 	-9.4878678 	-0.49602729
-0.42642643 	0.25 	0.091 	52.699068 	-9.4598626 	-0.4962814
-0.42762763 	0.25 	0.091 	52.729482 	-9.4324383 	-0.49651433
-0.42882883 	0.25 	0.091 	52.759896 	-9.4050141 	-0.49674726
-0.43003003 	0.25 	0.091 	52.790309 	-9.3775898 	-0.49698018
-0.43123123 	0.25 	0.091 	52.820723 	-9.3501656 	-0.49721311
-0.43243243 	0.25 	0.091 	52.851137 	-9.3227413 	-0.49744604
-0.43363363 	0.25 	0.091 	52.881551 	-9.2953171 	-0.49767896
-0.43483483 	0.25 	0.091 	52.911964 	-9.2678928 	-0.49791189
-0.43603604 	0.25 	0.091 	52.942378 	-9.2404686 	-0.49814482
-0.43723724 	0.25 	0.091 	52.972792 	-9.2130443 	-0.49837775
-0.43843844 	0.25 	0.091 	53.003206 	-9.1856201 	-0.49861067
-0.43963964 	0.25 	0.091 	53.033619 	-9.1581958 	-0.4988436
-0.44084084 	0.25 	0.091 	53.064033 	-9.1307716 	-0.49907653
-0.44204204 	0.25 	0.091 	53.094447 	-9.1033473 	-0.49930946
-0.44324324 	0.25 	0.091 	53.08583 	-9.1388069 	-0.49953168
-0.44444444 	0.25 	0.091 	53.067717 	-9.1895666 	-0.49975129
-0.44564565 	0.25 	0.091 	53.049603 	-9.2403263 	-0.49997091
-0.44684685 	0.25 	0.091 	53.03149 	-9.291086 	-0.50019053
-0.44804805 	0.25 	0.091 	53.013377 	-9.3418457 	-0.50041014
-0.44924925 	0.25 	0.091 	52.995263 	-9.3926054 	-0.50062976
-0.45045045 	0.25 	0.091 	52.97715 	-9.443365 	-0.50084938
-0.45165165 	0.25 	0.091 	52.959037 	-9.4941247 	-0.50106899
-0.45285285 	0.25 	0.091 	52.940923 	-9.5448844 	-0.50128861
-0.45405405 	0.25 	0.091 	52.92281 	-9.5956441 	-0.50150822
-0.45525526 	0.25 	0.091 	52.904697 	-9.6464038 	-0.50172784
-0.45645646 	0.25 	0.091 	52.886583 	-9.6971634 	-0.50194746
-0.45765766 	0.25 	0.091 	52.86847 	-9.7479231 	-0.50216707
-0.45885886 	0.25 	0.091 	52.850357 	-9.7986828 	-0.50238669
-0.46006006 	0.25 	0.091 	52.832244 	-9.8494425 	-0.50260631
-0.46126126 	0.25 	0.091 	52.81413 	-9.9002022 	-0.50282592
-0.46246246 	0.25 	0.091 	52.796017 	-9.9509618 	-0.50304554
-0.46366366 	0.25 	0.091 	52.777904 	-10.001722 	-0.50326516
-0.46486486 	0.25 	0.091 	52.75979 	-10.052481 	-0.50348477
-0.46606607 	0.25 	0.091 	52.741677 	-10.103241 	-0.50370439
-0.46726727 	0.25 	0.091 	52.723564 	-10.154001 	-0.503924
-0.46846847 	0.25 	0.091 	52.739956 	-10.154399 	-0.50413425
-0.46966967 	0.25 	0.091 	52.761672 	-10.14703 	-0.50434306
-0.47087087 	0.25 	0.091 	52.761226 	-10.175432 	-0.50451594
-0.47207207 	0.25 	0.091 	52.734493 	-10.246267 	-0.50464621
-0.47327327 	0.25 	0.091 	52.707759 	-10.317102 	-0.50477648
-0.47447447 	0.25 	0.091 	52.681026 	-10.387938 	-0.50490674
-0.47567568 	0.25 	0.091 	52.654292 	-10.458773 	-0.50503701
-0.47687688 	0.25 	0.091 	52.627559 	-10.529608 	-0.50516728
-0.47807808 	0.25 	0.091 	52.600826 	-10.600443 	-0.50529755
-0.47927928 	0.25 	0.091 	52.574092 	-10.671279 	-0.50542782
-0.48048048 	0.25 	0.091 	52.547359 	-10.742114 	-0.50555808
-0.48168168 	0.25 	0.091 	52.520625 	-10.812949 	-0.50568835
-0.48288288 	0.25 	0.091 	52.493892 	-10.883784 	-0.50581862
-0.48408408 	0.25 	0.091 	52.467159 	-10.95462 	-0.50594889
-0.48528529 	0.25 	0.091 	52.440425 	-11.025455 	-0.50607916
-0.48648649 	0.25 	0.091 	52.413692 	-11.09629 	-0.50620942
-0.48768769 	0.25 	0.091 	52.441147 	-11.087578 	-0.50629484
-0.48888889 	0.25 	0.091 	52.486329 	-11.052846 	-0.50636558
-0.49009009 	0.25 	0.091 	52.53151 	-11.018114 	-0.50643631
-0.49129129 	0.25 	0.091 	52.576692 	-10.983382 	-0.50650705
-0.49249249 	0.25 	0.091 	52.621873 	-10.948649 	-0.50657779
-0.49369369 	0.25 	0.091 	52.667055 	-10.913917 	-0.50664853
-0.49489489 	0.25 	0.091 	52.712236 	-10.879185 	-0.50671927
-0.4960961 	0.25 	0.091 	52.757417 	-10.844453 	-0.50679001
-0.4972973 	0.25 	0.091 	52.802599 	-10.80972 	-0.50686075
-0.4984985 	0.25 	0.091 	52.84778 	-10.774988 	-0.50693149
-0.4996997 	0.25 	0.091 	52.892962 	-10.740256 	-0.50700223
-0.5009009 	0.25 	0.091 	52.938143 	-10.705523 	-0.50707297
-0.5021021 	0.25 	0.091 	52.983325 	-10.670791 	-0.5071437
-0.5033033 	0.25 	0.091 	53.025604 	-10.640847 	-0.50721279
-0.5045045 	0.25 	0.091 	53.011946 	-10.703189 	-0.50725001
-0.50570571 	0.25 	0.091 	52.998288 	-10.765531 	-0.50728724
-0.50690691 	0.25 	0.091 	52.988072 	-10.86835 	-0.50734576
-0.50810811 	0.25 	0.091 	52.978534 	-10.979129 	-0.50740848
-0.50930931 	0.25 	0.091 	53.020517 	-11.002549 	-0.50747652
-0.51051051 	0.25 	0.091 	53.09017 	-10.979049 	-0.50754742
-0.51171171 	0.25 	0.091 	53.159824 	-10.95555 	-0.50761832
-0.51291291 	0.25 	0.091 	53.229478 	-10.932051 	-0.50768922
-0.51411411 	0.25 	0.091 	53.299132 	-10.908551 	-0.50776012
-0.51531532 	0.25 	0.091 	53.368786 	-10.885052 	-0.50783102
-0.51651652 	0.25 	0.091 	53.43844 	-10.861553 	-0.50790192
-0.51771772 	0.25 	0.091 	53.508094 	-10.838053 	-0.50797282
-0.51891892 	0.25 	0.091 	53.577748 	-10.814554 	-0.50804372
-0.52012012 	0.25 	0.091 	53.647401 	-10.791055 	-0.50811462
-0.52132132 	0.25 	0.091 	53.717055 	-10.767555 	-0.50818552
-0.52252252 	0.25 	0.091 	53.786709 	-10.744056 	-0.50825642
-0.52372372 	0.25 	0.091 	53.856363 	-10.720557 	-0.50832732
-0.52492492 	0.25 	0.091 	53.926017 	-10.697057 	-0.50839822
-0.52612613 	0.25 	0.091 	53.995671 	-10.673558 	-0.50846912
-0.52732733 	0.25 	0.091 	54.065325 	-10.650059 	-0.50854002
-0.52852853 	0.25 	0.091 	54.134979 	-10.626559 	-0.50861092
-0.52972973 	0.25 	0.091 	54.204633 	-10.60306 	-0.50868182
-0.53093093 	0.25 	0.091 	54.274286 	-10.579561 	-0.50875272
-0.53213213 	0.25 	0.091 	54.247569 	-10.717699 	-0.50878042
-0.53333333 	0.25 	0.091 	54.180364 	-10.923742 	-0.50878996
-0.53453453 	0.25 	0.091 	54.11316 	-11.129786 	-0.50879951
-0.53573574 	0.25 	0.091 	54.045955 	-11.33583 	-0.50880905
-0.53693694 	0.25 	0.091 	53.978751 	-11.541873 	-0.5088186
-0.53813814 	0.25 	0.091 	53.911546 	-11.747917 	-0.50882814
-0.53933934 	0.25 	0.091 	53.844342 	-11.953961 	-0.50883769
-0.54054054 	0.25 	0.091 	53.777137 	-12.160004 	-0.50884723
-0.54174174 	0.25 	0.091 	53.709933 	-12.366048 	-0.50885677
-0.54294294 	0.25 	0.091 	53.642728 	-12.572091 	-0.50886632
-0.54414414 	0.25 	0.091 	53.575524 	-12.778135 	-0.50887586
-0.54534535 	0.25 	0.091 	53.508319 	-12.984179 	-0.50888541
-0.54654655 	0.25 	0.091 	53.441115 	-13.190222 	-0.50889495
-0.54774775 	0.25 	0.091 	53.373996 	-13.396413 	-0.50890425
-0.54894895 	0.25 	0.091 	53.339453 	-13.658293 	-0.50881954
-0.55015015 	0.25 	0.091 	53.30491 	-13.920174 	-0.50873482
-0.55135135 	0.25 	0.091 	53.270367 	-14.182055 	-0.50865011
-0.55255255 	0.25 	0.091 	53.235825 	-14.443936 	-0.5085654
-0.55375375 	0.25 	0.091 	53.201282 	-14.705817 	-0.50848069
-0.55495495 	0.25 	0.091 	53.166739 	-14.967698 	-0.50839597
-0.55615616 	0.25 	0.091 	53.148853 	-15.164794 	-0.50831709
-0.55735736 	0.25 	0.091 	53.224406 	-14.998473 	-0.5082709
-0.55855856 	0.25 	0.091 	53.29996 	-14.832151 	-0.5082247
-0.55975976 	0.25 	0.091 	53.375513 	-14.66583 	-0.50817851
-0.56096096 	0.25 	0.091 	53.451066 	-14.499509 	-0.50813232
-0.56216216 	0.25 	0.091 	53.52662 	-14.333188 	-0.50808613
-0.56336336 	0.25 	0.091 	53.602173 	-14.166867 	-0.50803994
-0.56456456 	0.25 	0.091 	53.677726 	-14.000546 	-0.50799374
-0.56576577 	0.25 	0.091 	53.75328 	-13.834224 	-0.50794755
-0.56696697 	0.25 	0.091 	53.823407 	-13.747059 	-0.50788871
-0.56816817 	0.25 	0.091 	53.885401 	-13.778528 	-0.50781089
-0.56936937 	0.25 	0.091 	53.947395 	-13.809998 	-0.50773308
-0.57057057 	0.25 	0.091 	54.062045 	-13.636818 	-0.50767571
-0.57177177 	0.25 	0.091 	54.234218 	-13.24008 	-0.50764069
-0.57297297 	0.25 	0.091 	54.40639 	-12.843341 	-0.50760566
-0.57417417 	0.25 	0.091 	54.578563 	-12.446602 	-0.50757064
-0.57537538 	0.25 	0.091 	54.750736 	-12.049863 	-0.50753561
-0.57657658 	0.25 	0.091 	54.922908 	-11.653124 	-0.50750058
-0.57777778 	0.25 	0.091 	55.095081 	-11.256386 	-0.50746556
-0.57897898 	0.25 	0.091 	55.238048 	-10.887917 	-0.50737331
-0.58018018 	0.25 	0.091 	55.363514 	-10.536387 	-0.50724678
-0.58138138 	0.25 	0.091 	55.488981 	-10.184856 	-0.50712026
-0.58258258 	0.25 	0.091 	55.614448 	-9.8333263 	-0.50699373
-0.58378378 	0.25 	0.091 	55.739915 	-9.4817962 	-0.5068672
-0.58498498 	0.25 	0.091 	55.865382 	-9.130266 	-0.50674067
-0.58618619 	0.25 	0.091 	55.990849 	-8.7787359 	-0.50661414
-0.58738739 	0.25 	0.091 	56.077052 	-8.6486223 	-0.50644326
-0.58858859 	0.25 	0.091 	56.151672 	-8.5838261 	-0.50625929
-0.58978979 	0.25 	0.091 	56.226293 	-8.5190299 	-0.50607533
-0.59099099 	0.25 	0.091 	56.368367 	-8.4579271 	-0.50589231
-0.59219219 	0.25 	0.091 	56.534689 	-8.398152 	-0.50570964
-0.59339339 	0.25 	0.091 	56.701012 	-8.3383768 	-0.50552697
-0.59459459 	0.25 	0.091 	56.867334 	-8.2786017 	-0.5053443
-0.5957958 	0.25 	0.091 	57.033657 	-8.2188265 	-0.50516163
-0.596997 	0.25 	0.091 	57.199979 	-8.1590514 	-0.50497896
-0.5981982 	0.25 	0.091 	57.366301 	-8.0992763 	-0.50479629
-0.5993994 	0.25 	0.091 	57.532624 	-8.0395011 	-0.50461362
-0.6006006 	0.25 	0.091 	57.694016 	-8.0075845 	-0.50443122
-0.6018018 	0.25 	0.091 	57.809594 	-8.2345608 	-0.50425135
-0.603003 	0.25 	0.091 	57.925171 	-8.4615371 	-0.50407148
-0.6042042 	0.25 	0.091 	58.040749 	-8.6885134 	-0.50389161
-0.60540541 	0.25 	0.091 	58.156327 	-8.9154897 	-0.50371174
-0.60660661 	0.25 	0.091 	58.271904 	-9.142466 	-0.50353187
-0.60780781 	0.25 	0.091 	58.387482 	-9.3694423 	-0.503352
-0.60900901 	0.25 	0.091 	58.500933 	-9.6002497 	-0.5031498
-0.61021021 	0.25 	0.091 	58.607812 	-9.842893 	-0.50287862
-0.61141141 	0.25 	0.091 	58.714692 	-10.085536 	-0.50260744
-0.61261261 	0.25 	0.091 	58.821571 	-10.328179 	-0.50233626
-0.61381381 	0.25 	0.091 	58.928451 	-10.570823 	-0.50206508
-0.61501502 	0.25 	0.091 	59.03533 	-10.813466 	-0.5017939
-0.61621622 	0.25 	0.091 	59.14221 	-11.056109 	-0.50152272
-0.61741742 	0.25 	0.091 	59.229307 	-11.242992 	-0.50124139
-0.61861862 	0.25 	0.091 	59.285476 	-11.342696 	-0.5009442
-0.61981982 	0.25 	0.091 	59.341645 	-11.4424 	-0.500647
-0.62102102 	0.25 	0.091 	59.397815 	-11.542104 	-0.5003498
-0.62222222 	0.25 	0.091 	59.453984 	-11.641808 	-0.50005261
-0.62342342 	0.25 	0.091 	59.510153 	-11.741511 	-0.49975541
-0.62462462 	0.25 	0.091 	59.566322 	-11.841215 	-0.49945821
-0.62582583 	0.25 	0.091 	59.622491 	-11.940919 	-0.49916102
-0.62702703 	0.25 	0.091 	59.67866 	-12.040623 	-0.49886382
-0.62822823 	0.25 	0.091 	59.72639 	-12.102053 	-0.49857421
-0.62942943 	0.25 	0.091 	59.773543 	-12.160869 	-0.49828511
-0.63063063 	0.25 	0.091 	59.820696 	-12.219685 	-0.49799602
-0.63183183 	0.25 	0.091 	59.831735 	-12.176538 	-0.49775681
-0.63303303 	0.25 	0.091 	59.828253 	-12.092397 	-0.49753765
-0.63423423 	0.25 	0.091 	59.824771 	-12.008255 	-0.49731849
-0.63543544 	0.25 	0.091 	59.821289 	-11.924114 	-0.49709933
-0.63663664 	0.25 	0.091 	59.817807 	-11.839972 	-0.49688018
-0.63783784 	0.25 	0.091 	59.814325 	-11.75583 	-0.49666102
-0.63903904 	0.25 	0.091 	59.810842 	-11.671689 	-0.49644186
-0.64024024 	0.25 	0.091 	59.804713 	-11.579149 	-0.49614802
-0.64144144 	0.25 	0.091 	59.798151 	-11.485241 	-0.49584201
-0.64264264 	0.25 	0.091 	59.79159 	-11.391333 	-0.49553599
-0.64384384 	0.25 	0.091 	59.785029 	-11.297424 	-0.49522998
-0.64504505 	0.25 	0.091 	59.778468 	-11.203516 	-0.49492397
-0.64624625 	0.25 	0.091 	59.771906 	-11.109608 	-0.49461796
-0.64744745 	0.25 	0.091 	59.765458 	-11.016196 	-0.49431152
-0.64864865 	0.25 	0.091 	59.777213 	-11.002405 	-0.49393766
-0.64984985 	0.25 	0.091 	59.788969 	-10.988615 	-0.4935638
-0.65105105 	0.25 	0.091 	59.800724 	-10.974825 	-0.49318994
-0.65225225 	0.25 	0.091 	59.815181 	-10.950732 	-0.49281574
-0.65345345 	0.25 	0.091 	59.831009 	-10.921415 	-0.49244137
-0.65465465 	0.25 	0.091 	59.846836 	-10.892099 	-0.492067
-0.65585586 	0.25 	0.091 	59.862664 	-10.862782 	-0.49169264
-0.65705706 	0.25 	0.091 	59.878492 	-10.833465 	-0.49131827
-0.65825826 	0.25 	0.091 	59.894319 	-10.804148 	-0.4909439
-0.65945946 	0.25 	0.091 	59.910147 	-10.774831 	-0.49056953
-0.66066066 	0.25 	0.091 	59.925975 	-10.745514 	-0.49019516
-0.66186186 	0.25 	0.091 	59.947875 	-10.742639 	-0.48984384
-0.66306306 	0.25 	0.091 	59.982104 	-10.793448 	-0.48953932
-0.66426426 	0.25 	0.091 	60.016333 	-10.844257 	-0.4892348
-0.66546547 	0.25 	0.091 	60.050562 	-10.895066 	-0.48893027
-0.66666667 	0.25 	0.091 	60.084792 	-10.945875 	-0.48862575
-0.66786787 	0.25 	0.091 	60.119021 	-10.996684 	-0.48832123
-0.66906907 	0.25 	0.091 	60.15325 	-11.047493 	-0.48801671
-0.67027027 	0.25 	0.091 	60.208304 	-11.104385 	-0.48765744
-0.67147147 	0.25 	0.091 	60.286212 	-11.167953 	-0.48723809
-0.67267267 	0.25 	0.091 	60.36412 	-11.231522 	-0.48681874
-0.67387387 	0.25 	0.091 	60.442028 	-11.29509 	-0.48639939
-0.67507508 	0.25 	0.091 	60.519935 	-11.358658 	-0.48598005
-0.67627628 	0.25 	0.091 	60.597843 	-11.422227 	-0.4855607
-0.67747748 	0.25 	0.091 	60.675751 	-11.485795 	-0.48514135
-0.67867868 	0.25 	0.091 	60.736588 	-11.494966 	-0.48468856
-0.67987988 	0.25 	0.091 	60.787153 	-11.471402 	-0.48421565
-0.68108108 	0.25 	0.091 	60.837717 	-11.447838 	-0.48374274
-0.68228228 	0.25 	0.091 	60.888282 	-11.424275 	-0.48326982
-0.68348348 	0.25 	0.091 	60.938847 	-11.400711 	-0.48279691
-0.68468468 	0.25 	0.091 	60.989411 	-11.377148 	-0.482324
-0.68588589 	0.25 	0.091 	61.039976 	-11.353584 	-0.48185108
-0.68708709 	0.25 	0.091 	61.090541 	-11.330021 	-0.48137817
-0.68828829 	0.25 	0.091 	61.102753 	-11.348263 	-0.48091734
-0.68948949 	0.25 	0.091 	61.06673 	-11.419082 	-0.48047172
-0.69069069 	0.25 	0.091 	61.030707 	-11.489902 	-0.48002609
-0.69189189 	0.25 	0.091 	60.994684 	-11.560721 	-0.47958046
-0.69309309 	0.25 	0.091 	60.9329 	-11.54898 	-0.47921126
-0.69429429 	0.25 	0.091 	60.869679 	-11.532636 	-0.47884632
-0.6954955 	0.25 	0.091 	60.806458 	-11.516292 	-0.47848139
-0.6966967 	0.25 	0.091 	60.743238 	-11.499948 	-0.47811645
-0.6978979 	0.25 	0.091 	60.680017 	-11.483605 	-0.47775151
-0.6990991 	0.25 	0.091 	60.616796 	-11.467261 	-0.47738657
-0.7003003 	0.25 	0.091 	60.572755 	-11.434076 	-0.47701034
-0.7015015 	0.25 	0.091 	60.718027 	-11.234658 	-0.47652258
-0.7027027 	0.25 	0.091 	60.863299 	-11.03524 	-0.47603483
-0.7039039 	0.25 	0.091 	61.008571 	-10.835823 	-0.47554708
-0.70510511 	0.25 	0.091 	61.153842 	-10.636405 	-0.47505932
-0.70630631 	0.25 	0.091 	61.299114 	-10.436987 	-0.47457157
-0.70750751 	0.25 	0.091 	61.444386 	-10.237569 	-0.47408382
-0.70870871 	0.25 	0.091 	61.584579 	-10.062826 	-0.47357727
-0.70990991 	0.25 	0.091 	61.708166 	-9.9687639 	-0.47300924
-0.71111111 	0.25 	0.091 	61.831752 	-9.8747022 	-0.47244122
-0.71231231 	0.25 	0.091 	61.955339 	-9.7806405 	-0.4718732
-0.71351351 	0.25 	0.091 	62.026605 	-9.7387608 	-0.47130596
-0.71471471 	0.25 	0.091 	62.068089 	-9.7265842 	-0.47073916
-0.71591592 	0.25 	0.091 	62.109574 	-9.7144076 	-0.47017236
-0.71711712 	0.25 	0.091 	62.151058 	-9.702231 	-0.46960556
-0.71831832 	0.25 	0.091 	62.192543 	-9.6900545 	-0.46903876
-0.71951952 	0.25 	0.091 	62.234028 	-9.6778779 	-0.46847196
-0.72072072 	0.25 	0.091 	62.275512 	-9.6657013 	-0.46790516
-0.72192192 	0.25 	0.091 	62.316997 	-9.6535247 	-0.46733836
-0.72312312 	0.25 	0.091 	62.346602 	-9.6993756 	-0.46682993
-0.72432432 	0.25 	0.091 	62.366523 	-9.7925278 	-0.4663691
-0.72552553 	0.25 	0.091 	62.386445 	-9.88568 	-0.46590827
-0.72672673 	0.25 	0.091 	62.406366 	-9.9788321 	-0.46544743
-0.72792793 	0.25 	0.091 	62.426288 	-10.071984 	-0.4649866
-0.72912913 	0.25 	0.091 	62.446209 	-10.165136 	-0.46452577
-0.73033033 	0.25 	0.091 	62.466131 	-10.258289 	-0.46406493
-0.73153153 	0.25 	0.091 	62.45301 	-10.335704 	-0.46352617
-0.73273273 	0.25 	0.091 	62.425292 	-10.406168 	-0.46295299
-0.73393393 	0.25 	0.091 	62.397574 	-10.476632 	-0.4623798
-0.73513514 	0.25 	0.091 	62.369857 	-10.547096 	-0.46180662
-0.73633634 	0.25 	0.091 	62.342139 	-10.61756 	-0.46123344
-0.73753754 	0.25 	0.091 	62.314422 	-10.688024 	-0.46066025
-0.73873874 	0.25 	0.091 	62.286704 	-10.758488 	-0.46008707
-0.73993994 	0.25 	0.091 	62.245524 	-10.869643 	-0.45946446
-0.74114114 	0.25 	0.091 	62.201762 	-10.988604 	-0.45883237
-0.74234234 	0.25 	0.091 	62.158 	-11.107565 	-0.45820027
-0.74354354 	0.25 	0.091 	62.114237 	-11.226527 	-0.45756818
-0.74474474 	0.25 	0.091 	62.070475 	-11.345488 	-0.45693609
-0.74594595 	0.25 	0.091 	62.026713 	-11.464449 	-0.456304
-0.74714715 	0.25 	0.091 	61.98295 	-11.583411 	-0.4556719
-0.74834835 	0.25 	0.091 	61.939188 	-11.702372 	-0.45503981
-0.74954955 	0.25 	0.091 	61.803498 	-11.999827 	-0.45431973
-0.75075075 	0.25 	0.091 	61.658302 	-12.315737 	-0.45359054
-0.75195195 	0.25 	0.091 	61.513107 	-12.631648 	-0.45286136
-0.75315315 	0.25 	0.091 	61.365357 	-12.95531 	-0.4521609
-0.75435435 	0.25 	0.091 	61.204171 	-13.31976 	-0.45161157
-0.75555556 	0.25 	0.091 	61.042985 	-13.68421 	-0.45106224
-0.75675676 	0.25 	0.091 	60.881798 	-14.04866 	-0.45051291
-0.75795796 	0.25 	0.091 	60.720612 	-14.41311 	-0.44996358
-0.75915916 	0.25 	0.091 	60.559425 	-14.77756 	-0.44941425
-0.76036036 	0.25 	0.091 	60.398239 	-15.14201 	-0.44886493
-0.76156156 	0.25 	0.091 	60.131387 	-15.577774 	-0.44827743
-0.76276276 	0.25 	0.091 	59.621725 	-16.177415 	-0.44760223
-0.76396396 	0.25 	0.091 	59.271998 	-16.533754 	-0.44699108
-0.76516517 	0.25 	0.091 	59.395991 	-16.169446 	-0.44656963
-0.76636637 	0.25 	0.091 	59.519897 	-15.805215 	-0.44597292
-0.76756757 	0.25 	0.091 	59.643791 	-15.440995 	-0.44535118
-0.76876877 	0.25 	0.091 	59.767685 	-15.076775 	-0.44472945
-0.76996997 	0.25 	0.091 	59.891579 	-14.712555 	-0.44410771
-0.77117117 	0.25 	0.091 	60.015474 	-14.348335 	-0.44348598
-0.77237237 	0.25 	0.091 	60.139368 	-13.984115 	-0.44286424
-0.77357357 	0.25 	0.091 	60.263262 	-13.619895 	-0.4422425
-0.77477477 	0.25 	0.091 	60.703652 	-12.745036 	-0.44171207
-0.77597598 	0.25 	0.091 	61.33583 	-11.560744 	-0.44123695
-0.77717718 	0.25 	0.091 	61.786823 	-10.327431 	-0.44068735
-0.77837838 	0.25 	0.091 	62.118914 	-9.0619486 	-0.44008886
-0.77957958 	0.25 	0.091 	62.451318 	-8.4747289 	-0.43939604
-0.78078078 	0.25 	0.091 	62.783935 	-8.347662 	-0.43863924
-0.78198198 	0.25 	0.091 	63.116552 	-8.2205951 	-0.43788243
-0.78318318 	0.25 	0.091 	63.449169 	-8.0935282 	-0.43712563
-0.78438438 	0.25 	0.091 	63.781785 	-7.9664614 	-0.43636882
-0.78558559 	0.25 	0.091 	64.114402 	-7.8393945 	-0.43561202
-0.78678679 	0.25 	0.091 	64.447019 	-7.7123276 	-0.43485521
-0.78798799 	0.25 	0.091 	64.779688 	-7.5852545 	-0.43418
-0.78918919 	0.25 	0.091 	65.112464 	-7.4581689 	-0.43367049
-0.79039039 	0.25 	0.091 	65.351932 	-8.5309748 	-0.43306132
-0.79159159 	0.25 	0.091 	65.579957 	-9.7509375 	-0.43243993
-0.79279279 	0.25 	0.091 	66.006492 	-10.566685 	-0.43163463
-0.79399399 	0.25 	0.091 	66.454901 	-11.33789 	-0.43080905
-0.7951952 	0.25 	0.091 	66.581158 	-11.556553 	-0.42997157
-0.7963964 	0.25 	0.091 	66.677154 	-11.723313 	-0.42913298
-0.7975976 	0.25 	0.091 	66.77315 	-11.890073 	-0.42829439
-0.7987988 	0.25 	0.091 	66.869145 	-12.056833 	-0.42745579
-0.8 	0.25 	0.091 	66.965141 	-12.223593 	-0.4266172
-0.8012012 	0.25 	0.091 	67.061137 	-12.390352 	-0.4257786
-0.8024024 	0.25 	0.091 	67.157133 	-12.557112 	-0.42494001
-0.8036036 	0.25 	0.091 	67.253187 	-12.723902 	-0.4242743
-0.8048048 	0.25 	0.091 	67.279782 	-12.7511 	-0.42370448
-0.80600601 	0.25 	0.091 	67.014115 	-12.19117 	-0.42310236
-0.80720721 	0.25 	0.091 	66.797579 	-11.640603 	-0.42247003
-0.80840841 	0.25 	0.091 	66.783036 	-11.128532 	-0.42171346
-0.80960961 	0.25 	0.091 	66.769068 	-10.695456 	-0.42093625
-0.81081081 	0.25 	0.091 	66.757468 	-10.588004 	-0.420074
-0.81201201 	0.25 	0.091 	66.745868 	-10.480552 	-0.41921175
-0.81321321 	0.25 	0.091 	66.734268 	-10.373099 	-0.4183495
-0.81441441 	0.25 	0.091 	66.722668 	-10.265647 	-0.41748725
-0.81561562 	0.25 	0.091 	66.711067 	-10.158195 	-0.416625
-0.81681682 	0.25 	0.091 	66.699467 	-10.050743 	-0.41576275
-0.81801802 	0.25 	0.091 	66.687867 	-9.943291 	-0.41490049
-0.81921922 	0.25 	0.091 	66.676329 	-9.8358183 	-0.41429826
-0.82042042 	0.25 	0.091 	66.710805 	-9.9125332 	-0.41366847
-0.82162162 	0.25 	0.091 	66.790879 	-10.171794 	-0.41298859
-0.82282282 	0.25 	0.091 	66.877236 	-10.436552 	-0.41223631
-0.82402402 	0.25 	0.091 	66.970172 	-10.707069 	-0.41140821
-0.82522523 	0.25 	0.091 	67.057279 	-10.835265 	-0.41068283
-0.82642643 	0.25 	0.091 	67.137848 	-10.803984 	-0.41005529
-0.82762763 	0.25 	0.091 	67.21833 	-10.772705 	-0.40914001
-0.82882883 	0.25 	0.091 	67.298813 	-10.741426 	-0.40822472
-0.83003003 	0.25 	0.091 	67.379295 	-10.710148 	-0.40730943
-0.83123123 	0.25 	0.091 	67.459778 	-10.678869 	-0.40639414
-0.83243243 	0.25 	0.091 	67.54026 	-10.647591 	-0.40547885
-0.83363363 	0.25 	0.091 	67.620742 	-10.616312 	-0.40456356
-0.83483483 	0.25 	0.091 	67.701225 	-10.585033 	-0.40364827
-0.83603604 	0.25 	0.091 	67.786753 	-10.313599 	-0.40290793
-0.83723724 	0.25 	0.091 	67.873545 	-9.9819782 	-0.40221142
-0.83843844 	0.25 	0.091 	67.958877 	-9.6516171 	-0.401409
-0.83963964 	0.25 	0.091 	68.043795 	-9.3216134 	-0.40057654
-0.84084084 	0.25 	0.091 	68.112119 	-9.2200817 	-0.39963949
-0.84204204 	0.25 	0.091 	68.175169 	-9.191164 	-0.39866921
-0.84324324 	0.25 	0.091 	68.238219 	-9.1622463 	-0.39769893
-0.84444444 	0.25 	0.091 	68.30127 	-9.1333287 	-0.39672865
-0.84564565 	0.25 	0.091 	68.36432 	-9.104411 	-0.39575837
-0.84684685 	0.25 	0.091 	68.42737 	-9.0754933 	-0.39478809
-0.84804805 	0.25 	0.091 	68.49042 	-9.0465756 	-0.39381781
-0.84924925 	0.25 	0.091 	68.553512 	-9.0176587 	-0.39301366
-0.85045045 	0.25 	0.091 	68.615267 	-9.0180134 	-0.39236381
-0.85165165 	0.25 	0.091 	68.663575 	-9.3041221 	-0.39161121
-0.85285285 	0.25 	0.091 	68.711913 	-9.5904942 	-0.39084622
-0.85405405 	0.25 	0.091 	68.760628 	-9.8802909 	-0.38992012
-0.85525526 	0.25 	0.091 	68.808904 	-10.15498 	-0.38898923
-0.85645646 	0.25 	0.091 	68.849499 	-10.165443 	-0.38797475
-0.85765766 	0.25 	0.091 	68.890094 	-10.175905 	-0.38696028
-0.85885886 	0.25 	0.091 	68.930689 	-10.186368 	-0.3859458
-0.86006006 	0.25 	0.091 	68.971284 	-10.19683 	-0.38493132
-0.86126126 	0.25 	0.091 	69.01188 	-10.207293 	-0.38391685
-0.86246246 	0.25 	0.091 	69.052475 	-10.217756 	-0.38290237
-0.86366366 	0.25 	0.091 	69.09307 	-10.228218 	-0.38188789
-0.86486486 	0.25 	0.091 	69.133723 	-10.238691 	-0.38115489
-0.86606607 	0.25 	0.091 	69.181921 	-10.144589 	-0.38046147
-0.86726727 	0.25 	0.091 	69.243059 	-9.8707537 	-0.37971082
-0.86846847 	0.25 	0.091 	69.331702 	-9.6027963 	-0.37890046
-0.86966967 	0.25 	0.091 	69.468471 	-9.345124 	-0.37798565
-0.87087087 	0.25 	0.091 	69.540886 	-9.224351 	-0.37703627
-0.87207207 	0.25 	0.091 	69.506231 	-9.331343 	-0.3760294
-0.87327327 	0.25 	0.091 	69.471576 	-9.4383351 	-0.37502252
-0.87447447 	0.25 	0.091 	69.436922 	-9.5453271 	-0.37401565
-0.87567568 	0.25 	0.091 	69.402267 	-9.6523191 	-0.37300877
-0.87687688 	0.25 	0.091 	69.367612 	-9.7593111 	-0.37200189
-0.87807808 	0.25 	0.091 	69.332957 	-9.8663032 	-0.37099502
-0.87927928 	0.25 	0.091 	69.298306 	-9.9732996 	-0.37001849
-0.88048048 	0.25 	0.091 	69.263695 	-10.080344 	-0.3693684
-0.88168168 	0.25 	0.091 	69.217275 	-10.292142 	-0.36861549
-0.88288288 	0.25 	0.091 	69.162399 	-10.578941 	-0.36778897
-0.88408408 	0.25 	0.091 	69.339421 	-10.664974 	-0.36683003
-0.88528529 	0.25 	0.091 	69.639756 	-10.644249 	-0.36580068
-0.88648649 	0.25 	0.091 	69.709997 	-10.505538 	-0.3649782
-0.88768769 	0.25 	0.091 	69.705423 	-10.32855 	-0.36379989
-0.88888889 	0.25 	0.091 	69.700847 	-10.151563 	-0.36261821
-0.89009009 	0.25 	0.091 	69.696272 	-9.9745756 	-0.36143653
-0.89129129 	0.25 	0.091 	69.813742 	-9.8308156 	-0.36038945
-0.89249249 	0.25 	0.091 	70.213947 	-9.7640678 	-0.35944682
-0.89369369 	0.25 	0.091 	70.61405 	-9.697327 	-0.35830699
-0.89489489 	0.25 	0.091 	71.014154 	-9.6305862 	-0.35716716
-0.8960961 	0.25 	0.091 	71.414258 	-9.5638454 	-0.35602732
-0.8972973 	0.25 	0.091 	71.484754 	-9.5243703 	-0.35510134
-0.8984985 	0.25 	0.091 	71.43778 	-9.4946126 	-0.35425156
-0.8996997 	0.25 	0.091 	71.420278 	-9.419507 	-0.35325147
-0.9009009 	0.25 	0.091 	71.428753 	-9.3440399 	-0.35230167
-0.9021021 	0.25 	0.091 	71.535802 	-9.2770214 	-0.35144022
-0.9033033 	0.25 	0.091 	71.642791 	-9.2100252 	-0.35031886
-0.9045045 	0.25 	0.091 	71.749781 	-9.1430291 	-0.34919749
-0.90570571 	0.25 	0.091 	71.85677 	-9.0760329 	-0.34807612
-0.90690691 	0.25 	0.091 	71.890158 	-9.0439293 	-0.34715796
-0.90810811 	0.25 	0.091 	71.873343 	-9.0356009 	-0.34607064
-0.90930931 	0.25 	0.091 	71.856515 	-9.0272686 	-0.34486716
-0.91051051 	0.25 	0.091 	71.839688 	-9.0189362 	-0.34366368
-0.91171171 	0.25 	0.091 	71.82286 	-9.0106038 	-0.3424602
-0.91291291 	0.25 	0.091 	71.864359 	-9.018789 	-0.34153068
-0.91411411 	0.25 	0.091 	71.867468 	-9.031162 	-0.34059632
-0.91531532 	0.25 	0.091 	71.727326 	-9.0507322 	-0.3395457
-0.91651652 	0.25 	0.091 	71.682586 	-9.0325256 	-0.33867361
-0.91771772 	0.25 	0.091 	71.701856 	-8.9889658 	-0.33762783
-0.91891892 	0.25 	0.091 	71.72111 	-8.9454092 	-0.33645623
-0.92012012 	0.25 	0.091 	71.740364 	-8.9018525 	-0.33528462
-0.92132132 	0.25 	0.091 	71.759618 	-8.8582958 	-0.33411302
-0.92252252 	0.25 	0.091 	71.730057 	-8.9387143 	-0.3333554
-0.92372372 	0.25 	0.091 	71.69376 	-9.0360887 	-0.33227831
-0.92492492 	0.25 	0.091 	71.657463 	-9.1334622 	-0.33119674
-0.92612613 	0.25 	0.091 	71.621166 	-9.2308357 	-0.33011517
-0.92732733 	0.25 	0.091 	71.558228 	-9.4021687 	-0.3290636
-0.92852853 	0.25 	0.091 	71.362354 	-9.9425487 	-0.32816177
-0.92972973 	0.25 	0.091 	71.232508 	-10.698482 	-0.32709573
-0.93093093 	0.25 	0.091 	71.163812 	-11.654046 	-0.32587762
-0.93213213 	0.25 	0.091 	71.408232 	-11.913769 	-0.32455315
-0.93333333 	0.25 	0.091 	71.690179 	-12.090092 	-0.32321592
-0.93453453 	0.25 	0.091 	71.972127 	-12.266416 	-0.32187869
-0.93573574 	0.25 	0.091 	72.538531 	-11.342986 	-0.32097348
-0.93693694 	0.25 	0.091 	73.189909 	-10.074225 	-0.32008996
-0.93813814 	0.25 	0.091 	73.79501 	-8.8993237 	-0.3190101
-0.93933934 	0.25 	0.091 	74.123243 	-8.1310389 	-0.31780046
-0.94054054 	0.25 	0.091 	74.279297 	-7.6156234 	-0.31651013
-0.94174174 	0.25 	0.091 	74.435351 	-7.100208 	-0.31521979
-0.94294294 	0.25 	0.091 	74.531596 	-6.8496192 	-0.31409679
-0.94414414 	0.25 	0.091 	74.491867 	-7.2009005 	-0.31303925
-0.94534535 	0.25 	0.091 	74.430014 	-7.5878357 	-0.31183064
-0.94654655 	0.25 	0.091 	74.346048 	-7.8436416 	-0.31057425
-0.94774775 	0.25 	0.091 	74.229278 	-7.8286942 	-0.30929414
-0.94894895 	0.25 	0.091 	74.112507 	-7.8137468 	-0.30801404
-0.95015015 	0.25 	0.091 	73.99573 	-7.7987989 	-0.30680738
-0.95135135 	0.25 	0.091 	73.928366 	-7.4090456 	-0.30595333
-0.95255255 	0.25 	0.091 	73.888336 	-6.991064 	-0.30500715
-0.95375375 	0.25 	0.091 	73.882293 	-6.6022251 	-0.3039453
-0.95495495 	0.25 	0.091 	74.185522 	-6.9427846 	-0.30265445
-0.95615616 	0.25 	0.091 	74.488752 	-7.2833441 	-0.30136361
-0.95735736 	0.25 	0.091 	74.791981 	-7.6239036 	-0.30007276
-0.95855856 	0.25 	0.091 	75.265089 	-8.1835288 	-0.29904045
-0.95975976 	0.25 	0.091 	75.952824 	-8.9980602 	-0.29794495
-0.96096096 	0.25 	0.091 	76.819363 	-9.8316563 	-0.29670026
-0.96216216 	0.25 	0.091 	77.417959 	-9.7659267 	-0.29532283
-0.96336336 	0.25 	0.091 	77.93249 	-9.4180349 	-0.29390376
-0.96456456 	0.25 	0.091 	78.44702 	-9.0701431 	-0.29248468
-0.96576577 	0.25 	0.091 	78.955769 	-8.7147224 	-0.29127488
-0.96696697 	0.25 	0.091 	78.739154 	-7.4531658 	-0.29016059
-0.96816817 	0.25 	0.091 	78.110377 	-5.9609471 	-0.28892855
-0.96936937 	0.25 	0.091 	77.682818 	-4.967116 	-0.2876149
-0.97057057 	0.25 	0.091 	77.732405 	-4.7669321 	-0.28624768
-0.97177177 	0.25 	0.091 	77.781992 	-4.5667481 	-0.28488045
-0.97297297 	0.25 	0.091 	77.831584 	-4.3665548 	-0.28354468
-0.97417417 	0.25 	0.091 	78.273137 	-5.4700602 	-0.28255809
-0.97537538 	0.25 	0.091 	78.218034 	-6.7440592 	-0.2815073
-0.97657658 	0.25 	0.091 	77.150786 	-7.9001839 	-0.28036472
-0.97777778 	0.25 	0.091 	76.891467 	-8.3705011 	-0.27906317
-0.97897898 	0.25 	0.091 	76.779117 	-8.7160639 	-0.2777327
-0.98018018 	0.25 	0.091 	76.666767 	-9.0616267 	-0.27640223
-0.98138138 	0.25 	0.091 	77.072958 	-9.0403943 	-0.27532156
-0.98258258 	0.25 	0.091 	78.117471 	-8.5675053 	-0.27426849
-0.98378378 	0.25 	0.091 	78.07057 	-8.2553244 	-0.27309114
-0.98498498 	0.25 	0.091 	78.166675 	-8.123988 	-0.27173847
-0.98618619 	0.25 	0.091 	78.322163 	-8.0676375 	-0.2703131
-0.98738739 	0.25 	0.091 	78.47765 	-8.0112869 	-0.26888773
-0.98858859 	0.25 	0.091 	78.633198 	-7.9549429 	-0.26764275
-0.98978979 	0.25 	0.091 	78.975366 	-7.9695112 	-0.26659059
-0.99099099 	0.25 	0.091 	79.096152 	-8.0689266 	-0.26534493
-0.99219219 	0.25 	0.091 	79.779048 	-7.6766902 	-0.26386334
-0.99339339 	0.25 	0.091 	80.483181 	-7.2711646 	-0.26237647
-0.99459459 	0.25 	0.091 	81.187313 	-6.8656389 	-0.26088959
-0.9957958 	0.25 	0.091 	81.891456 	-6.4601085 	-0.25941443
-0.996997 	0.25 	0.091 	82.596002 	-6.0543955 	-0.25839038
-0.9981982 	0.25 	0.091 	83.596433 	-5.3847932 	-0.25724511
-0.9993994 	0.25 	0.091 	84.087228 	-4.8804088 	-0.2560455
-1.0006006 	0.25 	0.091 	84.535043 	-4.3956434 	-0.25485042
-1.0018018 	0.25 	0.091 	84.982858 	-3.910878 	-0.25365535
-1.003003 	0.25 	0.091 	85.430673 	-3.4261126 	-0.25246027
-1.0042042 	0.25 	0.091 	85.570603 	-3.0819224 	-0.25129091
-1.0054054 	0.25 	0.091 	84.691999 	-3.5533419 	-0.25022928
-1.0066066 	0.25 	0.091 	83.351408 	-4.2687155 	-0.24932936
-1.0078078 	0.25 	0.091 	84.909801 	-5.3224105 	-0.24785052
-1.009009 	0.25 	0.091 	86.016691 	-6.1631558 	-0.24634503
-1.0102102 	0.25 	0.091 	85.986494 	-6.4043596 	-0.24435826
-1.0114114 	0.25 	0.091 	85.91233 	-6.628074 	-0.24237981
-1.0126126 	0.25 	0.091 	84.324169 	-6.3737224 	-0.24097026
-1.0138138 	0.25 	0.091 	82.865788 	-6.0614143 	-0.23967855
-1.015015 	0.25 	0.091 	82.92967 	-5.8906238 	-0.23838692
-1.0162162 	0.25 	0.091 	82.665666 	-5.7821341 	-0.23703946
-1.0174174 	0.25 	0.091 	82.365463 	-5.6805232 	-0.23549688
-1.0186186 	0.25 	0.091 	82.06526 	-5.5789123 	-0.23395429
-1.0198198 	0.25 	0.091 	81.765058 	-5.4773014 	-0.23241171
-1.021021 	0.25 	0.091 	81.419881 	-5.3519063 	-0.23101867
-1.0222222 	0.25 	0.091 	81.371461 	-5.2475796 	-0.22992989
-1.0234234 	0.25 	0.091 	81.344136 	-5.1397615 	-0.22869383
-1.0246246 	0.25 	0.091 	81.286378 	-5.0487729 	-0.22704979
-1.0258258 	0.25 	0.091 	81.220772 	-4.9621162 	-0.22537798
-1.027027 	0.25 	0.091 	81.155165 	-4.8754594 	-0.22370618
-1.0282282 	0.25 	0.091 	81.0928 	-4.7482533 	-0.22228749
-1.0294294 	0.25 	0.091 	81.050822 	-4.6246477 	-0.22092153
-1.0306306 	0.25 	0.091 	81.04268 	-4.5398459 	-0.21955503
-1.0318318 	0.25 	0.091 	81.112713 	-4.54518 	-0.21791059
-1.033033 	0.25 	0.091 	81.198016 	-4.5680986 	-0.21630476
-1.0342342 	0.25 	0.091 	81.067166 	-4.6118236 	-0.2147715
-1.0354354 	0.25 	0.091 	80.913235 	-4.7623319 	-0.21348306
-1.0366366 	0.25 	0.091 	80.434503 	-4.9851948 	-0.21211557
-1.0378378 	0.25 	0.091 	79.646367 	-5.2769825 	-0.21067279
-1.039039 	0.25 	0.091 	79.76026 	-4.9765216 	-0.20892678
-1.0402402 	0.25 	0.091 	79.668132 	-4.672283 	-0.20712917
-1.0414414 	0.25 	0.091 	79.700764 	-4.2296188 	-0.20538862
-1.0426426 	0.25 	0.091 	80.466263 	-3.3058492 	-0.20386378
-1.0438438 	0.25 	0.091 	80.457394 	-2.5951256 	-0.20258817
-1.045045 	0.25 	0.091 	80.056608 	-1.9922272 	-0.20143871
-1.0462462 	0.25 	0.091 	79.941568 	-1.5030666 	-0.20024965
-1.0474474 	0.25 	0.091 	80.133853 	-1.2612868 	-0.19883539
-1.0486486 	0.25 	0.091 	80.47014 	-1.0732277 	-0.19748511
-1.0498498 	0.25 	0.091 	80.857388 	-0.90417949 	-0.19615746
-1.0510511 	0.25 	0.091 	81.244635 	-0.7351313 	-0.19482981
-1.0522523 	0.25 	0.091 	82.102462 	-0.74155088 	-0.1936775
-1.0534535 	0.25 	0.091 	82.986678 	-0.80917688 	-0.19247831
-1.0546547 	0.25 	0.091 	83.037231 	-0.84520852 	-0.19072414
-1.0558559 	0.25 	0.091 	83.549459 	-0.89049853 	-0.18891358
-1.0570571 	0.25 	0.091 	84.061578 	-0.93579242 	-0.18688568
-1.0582583 	0.25 	0.091 	84.573697 	-0.98108632 	-0.18485778
-1.0594595 	0.25 	0.091 	85.108869 	-1.0504626 	-0.1828962
-1.0606607 	0.25 	0.091 	85.228268 	-1.0479433 	-0.18161725
-1.0618619 	0.25 	0.091 	85.364948 	-1.0171745 	-0.18032006
-1.0630631 	0.25 	0.091 	85.501466 	-0.98643442 	-0.17855135
-1.0642643 	0.25 	0.091 	85.645943 	-0.96232638 	-0.17675845
-1.0654655 	0.25 	0.091 	85.798083 	-0.94460332 	-0.17494226
-1.0666667 	0.25 	0.091 	85.94239 	-0.91878737 	-0.17315389
-1.0678679 	0.25 	0.091 	86.029371 	-0.78494438 	-0.17177371
-1.0690691 	0.25 	0.091 	86.129152 	-0.62730567 	-0.17042049
-1.0702703 	0.25 	0.091 	86.2288 	-0.46970546 	-0.1685698
-1.0714715 	0.25 	0.091 	86.328449 	-0.31210524 	-0.1667191
-1.0726727 	0.25 	0.091 	86.428097 	-0.15450503 	-0.16486841
-1.0738739 	0.25 	0.091 	86.531886 	0.0077012716 	-0.16304844
-1.0750751 	0.25 	0.091 	86.678667 	0.21200109 	-0.16146972
-1.0762763 	0.25 	0.091 	86.811443 	0.37335673 	-0.16019444
-1.0774775 	0.25 	0.091 	86.94376 	0.53376818 	-0.15841786
-1.0786787 	0.25 	0.091 	87.076058 	0.694167 	-0.15654622
-1.0798799 	0.25 	0.091 	87.208357 	0.85456582 	-0.15467458
-1.0810811 	0.25 	0.091 	87.340655 	1.0149646 	-0.15280294
-1.0822823 	0.25 	0.091 	87.456375 	1.1488786 	-0.15115818
-1.0834835 	0.25 	0.091 	87.47126 	1.2135957 	-0.14982717
-1.0846847 	0.25 	0.091 	87.456679 	1.2598667 	-0.14821121
-1.0858859 	0.25 	0.091 	87.442067 	1.3061175 	-0.14634718
-1.0870871 	0.25 	0.091 	87.427456 	1.3523684 	-0.14448315
-1.0882883 	0.25 	0.091 	87.412988 	1.3986714 	-0.14261867
-1.0894895 	0.25 	0.091 	87.337468 	1.4382768 	-0.14078081
-1.0906907 	0.25 	0.091 	86.947243 	1.457131 	-0.13921707
-1.0918919 	0.25 	0.091 	86.557122 	1.4759793 	-0.13705624
-1.0930931 	0.25 	0.091 	86.167026 	1.4948263 	-0.1347531
-1.0942943 	0.25 	0.091 	85.776929 	1.5136733 	-0.13244997
-1.0954955 	0.25 	0.091 	85.849825 	1.549053 	-0.13016864
-1.0966967 	0.25 	0.091 	84.910102 	1.5017143 	-0.12888416
-1.0978979 	0.25 	0.091 	84.398348 	1.6512765 	-0.12771446
-1.0990991 	0.25 	0.091 	84.105861 	1.892027 	-0.12625644
-1.1003003 	0.25 	0.091 	83.813396 	2.1327097 	-0.12462462
-1.1015015 	0.25 	0.091 	83.52093 	2.3733924 	-0.1229928
-1.1027027 	0.25 	0.091 	83.402416 	2.7203554 	-0.12142904
-1.1039039 	0.25 	0.091 	83.814753 	3.3915648 	-0.1200671
-1.1051051 	0.25 	0.091 	84.434803 	4.1896441 	-0.11878401
-1.1063063 	0.25 	0.091 	84.578108 	5.1428103 	-0.11728896
-1.1075075 	0.25 	0.091 	83.98631 	6.3351081 	-0.11546705
-1.1087087 	0.25 	0.091 	83.984621 	7.0280969 	-0.11342673
-1.1099099 	0.25 	0.091 	84.243493 	7.5820318 	-0.1113225
-1.1111111 	0.25 	0.091 	84.748007 	8.0461646 	-0.10924365
-1.1123123 	0.25 	0.091 	85.909458 	7.9542213 	-0.10753933
-1.1135135 	0.25 	0.091 	86.731135 	7.9360778 	-0.10588971
-1.1147147 	0.25 	0.091 	87.22895 	7.988278 	-0.10429222
-1.1159159 	0.25 	0.091 	87.516709 	8.2108172 	-0.10246264
-1.1171171 	0.25 	0.091 	87.752567 	8.4754477 	-0.10058474
-1.1183183 	0.25 	0.091 	87.988425 	8.7400782 	-0.098706834
-1.1195195 	0.25 	0.091 	88.224283 	9.0047086 	-0.096828931
-1.1207207 	0.25 	0.091 	88.51003 	9.2867271 	-0.095053407
-1.1219219 	0.25 	0.091 	88.924618 	9.6279352 	-0.093569923
-1.1231231 	0.25 	0.091 	89.338972 	9.9690546 	-0.091706276
-1.1243243 	0.25 	0.091 	89.75314 	10.310104 	-0.089542433
-1.1255255 	0.25 	0.091 	90.167308 	10.651153 	-0.087378591
-1.1267267 	0.25 	0.091 	90.507885 	10.922984 	-0.08537278
-1.1279279 	0.25 	0.091 	90.860322 	11.096376 	-0.083634372
-1.1291291 	0.25 	0.091 	92.616975 	11.468957 	-0.081877613
-1.1303303 	0.25 	0.091 	93.702298 	11.681851 	-0.079844443
-1.1315315 	0.25 	0.091 	93.853609 	11.72128 	-0.077288819
-1.1327327 	0.25 	0.091 	94.004919 	11.76071 	-0.074733194
-1.1339339 	0.25 	0.091 	92.866152 	11.387777 	-0.072569016
-1.1351351 	0.25 	0.091 	92.115171 	10.961826 	-0.070685843
-1.1363363 	0.25 	0.091 	93.394627 	10.645534 	-0.0694016
-1.1375375 	0.25 	0.091 	94.133394 	10.695886 	-0.067915032
-1.1387387 	0.25 	0.091 	94.116205 	11.258857 	-0.066145583
-1.1399399 	0.25 	0.091 	94.099015 	11.821827 	-0.064376135
-1.1411411 	0.25 	0.091 	94.081572 	12.384629 	-0.062606343
-1.1423423 	0.25 	0.091 	92.787043 	13.549913 	-0.060723755
-1.1435435 	0.25 	0.091 	91.412052 	14.778293 	-0.058869554
-1.1447447 	0.25 	0.091 	89.822157 	16.217368 	-0.057022785
-1.1459459 	0.25 	0.091 	88.744945 	17.308301 	-0.055058527
-1.1471471 	0.25 	0.091 	88.304999 	17.957302 	-0.052954165
-1.1483483 	0.25 	0.091 	87.865053 	18.606303 	-0.050849804
-1.1495495 	0.25 	0.091 	87.425093 	19.25539 	-0.048864762
-1.1507508 	0.25 	0.091 	88.245343 	19.342754 	-0.047154625
-1.151952 	0.25 	0.091 	88.528864 	19.310025 	-0.045461354
-1.1531532 	0.25 	0.091 	88.046619 	19.169613 	-0.043809455
-1.1543544 	0.25 	0.091 	87.635045 	18.662048 	-0.041575758
-1.1555556 	0.25 	0.091 	87.226191 	18.140356 	-0.039319676
-1.1567568 	0.25 	0.091 	86.817337 	17.618665 	-0.037063593
-1.157958 	0.25 	0.091 	86.489652 	16.96366 	-0.035200338
-1.1591592 	0.25 	0.091 	86.404655 	15.91071 	-0.033150089
-1.1603604 	0.25 	0.091 	85.947582 	14.766467 	-0.031143176
-1.1615616 	0.25 	0.091 	85.369864 	14.851184 	-0.028991622
-1.1627628 	0.25 	0.091 	84.733524 	15.728716 	-0.026745116
-1.163964 	0.25 	0.091 	84.097184 	16.606247 	-0.024498609
-1.1651652 	0.25 	0.091 	83.460791 	17.483929 	-0.022379396
-1.1663664 	0.25 	0.091 	82.763577 	20.270295 	-0.020741617
-1.1675676 	0.25 	0.091 	82.128192 	23.375711 	-0.019105295
-1.1687688 	0.25 	0.091 	81.596294 	26.479806 	-0.017508151
-1.16997 	0.25 	0.091 	80.892043 	27.574859 	-0.01547711
-1.1711712 	0.25 	0.091 	80.15596 	28.298856 	-0.01336593
-1.1723724 	0.25 	0.091 	79.419876 	29.022852 	-0.011254751
-1.1735736 	0.25 	0.091 	78.489663 	27.989133 	-0.0093730956
-1.1747748 	0.25 	0.091 	77.443203 	25.902717 	-0.0076014377
-1.175976 	0.25 	0.091 	76.486125 	23.873683 	-0.0057433178
-1.1771772 	0.25 	0.091 	75.525193 	22.112774 	-0.003867003
-1.1783784 	0.25 	0.091 	74.55349 	22.659004 	-0.0018777849
-1.1795796 	0.25 	0.091 	73.593725 	23.208226 	0.00011588014
-1.1807808 	0.25 	0.091 	72.627414 	23.87828 	0.0020866895
-1.181982 	0.25 	0.091 	71.529215 	26.982686 	0.0035970364
-1.1831832 	0.25 	0.091 	70.564873 	30.135193 	0.005090307
-1.1843844 	0.25 	0.091 	69.972069 	33.42121 	0.0065361804
-1.1855856 	0.25 	0.091 	69.211076 	35.202251 	0.0084761533
-1.1867868 	0.25 	0.091 	68.301006 	35.649331 	0.01085408
-1.187988 	0.25 	0.091 	67.449845 	36.28522 	0.013095621
-1.1891892 	0.25 	0.091 	66.620149 	35.942216 	0.014855462
-1.1903904 	0.25 	0.091 	65.656178 	34.398727 	0.016608625
-1.1915916 	0.25 	0.091 	65.316326 	32.737041 	0.018332891
-1.1927928 	0.25 	0.091 	65.09604 	31.05271 	0.02005162
-1.193994 	0.25 	0.091 	64.846545 	29.510469 	0.021700444
-1.1951952 	0.25 	0.091 	64.332926 	29.253601 	0.022867837
-1.1963964 	0.25 	0.091 	63.819641 	28.996541 	0.024412377
-1.1975976 	0.25 	0.091 	63.306356 	28.739482 	0.025956917
-1.1987988 	0.25 	0.091 	62.793071 	28.482422 	0.027501456
-1.2 	0.25 	0.091 	62.279786 	28.225362 	0.029045996
