-1.2 	-0.05 	0.01 	46.174579 	-2.8161387 	0.039308299
-1.1987988 	-0.05 	0.01 	46.184691 	-2.8157457 	0.039306005
-1.1975976 	-0.05 	0.01 	46.194802 	-2.8153528 	0.039303711
-1.1963964 	-0.05 	0.01 	46.204913 	-2.8149598 	0.039301417
-1.1951952 	-0.05 	0.01 	46.215025 	-2.8145668 	0.039299123
-1.193994 	-0.05 	0.01 	46.225136 	-2.8141739 	0.039296829
-1.1927928 	-0.05 	0.01 	46.235247 	-2.8137809 	0.039294535
-1.1915916 	-0.05 	0.01 	46.245359 	-2.8133879 	0.039292241
-1.1903904 	-0.05 	0.01 	46.25547 	-2.8129949 	0.039289946
-1.1891892 	-0.05 	0.01 	46.265581 	-2.812602 	0.039287652
-1.187988 	-0.05 	0.01 	46.275693 	-2.812209 	0.039285358
-1.1867868 	-0.05 	0.01 	46.285804 	-2.811816 	0.039283064
-1.1855856 	-0.05 	0.01 	46.295915 	-2.811423 	0.03928077
-1.1843844 	-0.05 	0.01 	46.306027 	-2.8110301 	0.039278476
-1.1831832 	-0.05 	0.01 	46.316138 	-2.8106371 	0.039276182
-1.181982 	-0.05 	0.01 	46.326249 	-2.8102441 	0.039273888
-1.1807808 	-0.05 	0.01 	46.336361 	-2.8098511 	0.039271594
-1.1795796 	-0.05 	0.01 	46.346472 	-2.8094582 	0.0392693
-1.1783784 	-0.05 	0.01 	46.356583 	-2.8090652 	0.039267006
-1.1771772 	-0.05 	0.01 	46.366695 	-2.8086722 	0.039264711
-1.175976 	-0.05 	0.01 	46.376806 	-2.8082793 	0.039262417
-1.1747748 	-0.05 	0.01 	46.386918 	-2.8078863 	0.039260123
-1.1735736 	-0.05 	0.01 	46.397029 	-2.8074933 	0.039257829
-1.1723724 	-0.05 	0.01 	46.406915 	-2.8072772 	0.039281512
-1.1711712 	-0.05 	0.01 	46.414642 	-2.8087581 	0.03955452
-1.16997 	-0.05 	0.01 	46.422369 	-2.8102391 	0.039827527
-1.1687688 	-0.05 	0.01 	46.430096 	-2.8117201 	0.040100534
-1.1675676 	-0.05 	0.01 	46.437823 	-2.8132011 	0.040373542
-1.1663664 	-0.05 	0.01 	46.44555 	-2.8146821 	0.040646549
-1.1651652 	-0.05 	0.01 	46.453277 	-2.8161631 	0.040919556
-1.163964 	-0.05 	0.01 	46.461003 	-2.817644 	0.041192564
-1.1627628 	-0.05 	0.01 	46.46873 	-2.819125 	0.041465571
-1.1615616 	-0.05 	0.01 	46.476457 	-2.820606 	0.041738578
-1.1603604 	-0.05 	0.01 	46.484184 	-2.822087 	0.042011586
-1.1591592 	-0.05 	0.01 	46.491911 	-2.823568 	0.042284593
-1.157958 	-0.05 	0.01 	46.52578 	-2.8574129 	0.042298301
-1.1567568 	-0.05 	0.01 	46.561047 	-2.8929893 	0.042298136
-1.1555556 	-0.05 	0.01 	46.596314 	-2.9285656 	0.042297972
-1.1543544 	-0.05 	0.01 	46.631582 	-2.9641419 	0.042297808
-1.1531532 	-0.05 	0.01 	46.666849 	-2.9997183 	0.042297643
-1.151952 	-0.05 	0.01 	46.702116 	-3.0352946 	0.042297479
-1.1507508 	-0.05 	0.01 	46.737384 	-3.0708709 	0.042297314
-1.1495495 	-0.05 	0.01 	46.772651 	-3.1064473 	0.04229715
-1.1483483 	-0.05 	0.01 	46.807918 	-3.1420236 	0.042296986
-1.1471471 	-0.05 	0.01 	46.843186 	-3.1776 	0.042296821
-1.1459459 	-0.05 	0.01 	46.878453 	-3.2131763 	0.042296657
-1.1447447 	-0.05 	0.01 	46.91372 	-3.2487526 	0.042296493
-1.1435435 	-0.05 	0.01 	46.948988 	-3.284329 	0.042296328
-1.1423423 	-0.05 	0.01 	46.984255 	-3.3199053 	0.042296164
-1.1411411 	-0.05 	0.01 	47.019522 	-3.3554817 	0.042296
-1.1399399 	-0.05 	0.01 	47.05479 	-3.391058 	0.042295835
-1.1387387 	-0.05 	0.01 	47.090057 	-3.4266343 	0.042295671
-1.1375375 	-0.05 	0.01 	47.125324 	-3.4622107 	0.042295507
-1.1363363 	-0.05 	0.01 	47.160592 	-3.497787 	0.042295342
-1.1351351 	-0.05 	0.01 	47.195859 	-3.5333633 	0.042295178
-1.1339339 	-0.05 	0.01 	47.231126 	-3.5689397 	0.042295014
-1.1327327 	-0.05 	0.01 	47.266394 	-3.604516 	0.042294849
-1.1315315 	-0.05 	0.01 	47.301661 	-3.6400924 	0.042294685
-1.1303303 	-0.05 	0.01 	47.336928 	-3.6756687 	0.042294521
-1.1291291 	-0.05 	0.01 	47.372195 	-3.711245 	0.042294356
-1.1279279 	-0.05 	0.01 	47.407463 	-3.7468214 	0.042294192
-1.1267267 	-0.05 	0.01 	47.44273 	-3.7823977 	0.042294028
-1.1255255 	-0.05 	0.01 	47.477997 	-3.817974 	0.042293863
-1.1243243 	-0.05 	0.01 	47.513265 	-3.8535504 	0.042293699
-1.1231231 	-0.05 	0.01 	47.548532 	-3.8891267 	0.042293534
-1.1219219 	-0.05 	0.01 	47.583799 	-3.9247031 	0.04229337
-1.1207207 	-0.05 	0.01 	47.619387 	-3.959974 	0.042384085
-1.1195195 	-0.05 	0.01 	47.655626 	-3.9946234 	0.042659704
-1.1183183 	-0.05 	0.01 	47.691865 	-4.0292729 	0.042935322
-1.1171171 	-0.05 	0.01 	47.728105 	-4.0639223 	0.043210941
-1.1159159 	-0.05 	0.01 	47.764344 	-4.0985718 	0.04348656
-1.1147147 	-0.05 	0.01 	47.800583 	-4.1332213 	0.043762179
-1.1135135 	-0.05 	0.01 	47.836822 	-4.1678707 	0.044037798
-1.1123123 	-0.05 	0.01 	47.873062 	-4.2025202 	0.044313416
-1.1111111 	-0.05 	0.01 	47.909301 	-4.2371696 	0.044589035
-1.1099099 	-0.05 	0.01 	47.94554 	-4.2718191 	0.044864654
-1.1087087 	-0.05 	0.01 	47.981779 	-4.3064686 	0.045140273
-1.1075075 	-0.05 	0.01 	48.018018 	-4.341118 	0.045415892
-1.1063063 	-0.05 	0.01 	48.017879 	-4.4078833 	0.045527838
-1.1051051 	-0.05 	0.01 	48.016846 	-4.4754372 	0.045635766
-1.1039039 	-0.05 	0.01 	48.015813 	-4.542991 	0.045743693
-1.1027027 	-0.05 	0.01 	48.01478 	-4.6105449 	0.045851621
-1.1015015 	-0.05 	0.01 	48.013747 	-4.6780987 	0.045959549
-1.1003003 	-0.05 	0.01 	48.012714 	-4.7456526 	0.046067477
-1.0990991 	-0.05 	0.01 	48.011681 	-4.8132064 	0.046175404
-1.0978979 	-0.05 	0.01 	48.012404 	-4.8806307 	0.046291742
-1.0966967 	-0.05 	0.01 	48.025821 	-4.9471179 	0.046468895
-1.0954955 	-0.05 	0.01 	48.039239 	-5.0136052 	0.046646048
-1.0942943 	-0.05 	0.01 	48.052656 	-5.0800924 	0.046823201
-1.0930931 	-0.05 	0.01 	48.066074 	-5.1465797 	0.047000353
-1.0918919 	-0.05 	0.01 	48.079491 	-5.2130669 	0.047177506
-1.0906907 	-0.05 	0.01 	48.092909 	-5.2795542 	0.047354659
-1.0894895 	-0.05 	0.01 	48.106326 	-5.3460414 	0.047531812
-1.0882883 	-0.05 	0.01 	48.127985 	-5.3930045 	0.047757981
-1.0870871 	-0.05 	0.01 	48.16149 	-5.4119063 	0.0480546
-1.0858859 	-0.05 	0.01 	48.194994 	-5.4308081 	0.048351218
-1.0846847 	-0.05 	0.01 	48.228499 	-5.4497098 	0.048647837
-1.0834835 	-0.05 	0.01 	48.262003 	-5.4686116 	0.048944455
-1.0822823 	-0.05 	0.01 	48.295508 	-5.4875134 	0.049241074
-1.0810811 	-0.05 	0.01 	48.329012 	-5.5064151 	0.049537693
-1.0798799 	-0.05 	0.01 	48.362517 	-5.5253169 	0.049834311
-1.0786787 	-0.05 	0.01 	48.395823 	-5.5437465 	0.049869334
-1.0774775 	-0.05 	0.01 	48.429104 	-5.5621149 	0.049870406
-1.0762763 	-0.05 	0.01 	48.462384 	-5.5804832 	0.049871479
-1.0750751 	-0.05 	0.01 	48.495665 	-5.5988516 	0.049872551
-1.0738739 	-0.05 	0.01 	48.528945 	-5.6172199 	0.049873624
-1.0726727 	-0.05 	0.01 	48.562226 	-5.6355883 	0.049874696
-1.0714715 	-0.05 	0.01 	48.595506 	-5.6539566 	0.049875768
-1.0702703 	-0.05 	0.01 	48.628787 	-5.672325 	0.049876841
-1.0690691 	-0.05 	0.01 	48.662068 	-5.6906934 	0.049877913
-1.0678679 	-0.05 	0.01 	48.695348 	-5.7090617 	0.049878985
-1.0666667 	-0.05 	0.01 	48.728629 	-5.7274301 	0.049880058
-1.0654655 	-0.05 	0.01 	48.761909 	-5.7457984 	0.04988113
-1.0642643 	-0.05 	0.01 	48.79519 	-5.7641668 	0.049882202
-1.0630631 	-0.05 	0.01 	48.82847 	-5.7825351 	0.049883275
-1.0618619 	-0.05 	0.01 	48.861751 	-5.8009035 	0.049884347
-1.0606607 	-0.05 	0.01 	48.895031 	-5.8192718 	0.049885419
-1.0594595 	-0.05 	0.01 	48.928312 	-5.8376402 	0.049886492
-1.0582583 	-0.05 	0.01 	48.961592 	-5.8560086 	0.049887564
-1.0570571 	-0.05 	0.01 	48.994873 	-5.8743769 	0.049888637
-1.0558559 	-0.05 	0.01 	49.028154 	-5.8927453 	0.049889709
-1.0546547 	-0.05 	0.01 	49.061434 	-5.9111136 	0.049890781
-1.0534535 	-0.05 	0.01 	49.094715 	-5.929482 	0.049891854
-1.0522523 	-0.05 	0.01 	49.127995 	-5.9478503 	0.049892926
-1.0510511 	-0.05 	0.01 	49.161276 	-5.9662187 	0.049893998
-1.0498498 	-0.05 	0.01 	49.194556 	-5.984587 	0.049895071
-1.0486486 	-0.05 	0.01 	49.227837 	-6.0029554 	0.049896143
-1.0474474 	-0.05 	0.01 	49.261117 	-6.0213237 	0.049897215
-1.0462462 	-0.05 	0.01 	49.294398 	-6.0396921 	0.049898288
-1.045045 	-0.05 	0.01 	49.341962 	-5.9916945 	0.050000814
-1.0438438 	-0.05 	0.01 	49.395089 	-5.9178515 	0.050142849
-1.0426426 	-0.05 	0.01 	49.448215 	-5.8440084 	0.050284885
-1.0414414 	-0.05 	0.01 	49.501342 	-5.7701654 	0.050426921
-1.0402402 	-0.05 	0.01 	49.554469 	-5.6963224 	0.050568956
-1.039039 	-0.05 	0.01 	49.607595 	-5.6224794 	0.050710992
-1.0378378 	-0.05 	0.01 	49.660722 	-5.5486364 	0.050853027
-1.0366366 	-0.05 	0.01 	49.713323 	-5.4780143 	0.050985837
-1.0354354 	-0.05 	0.01 	49.764859 	-5.4139036 	0.051099994
-1.0342342 	-0.05 	0.01 	49.816396 	-5.3497928 	0.051214151
-1.033033 	-0.05 	0.01 	49.867933 	-5.2856821 	0.051328308
-1.0318318 	-0.05 	0.01 	49.919469 	-5.2215714 	0.051442465
-1.0306306 	-0.05 	0.01 	49.971006 	-5.1574607 	0.051556622
-1.0294294 	-0.05 	0.01 	50.022543 	-5.0933499 	0.05167078
-1.0282282 	-0.05 	0.01 	50.073691 	-5.0312005 	0.051790238
-1.027027 	-0.05 	0.01 	50.114078 	-5.0233852 	0.052056564
-1.0258258 	-0.05 	0.01 	50.154465 	-5.0155699 	0.05232289
-1.0246246 	-0.05 	0.01 	50.194852 	-5.0077546 	0.052589216
-1.0234234 	-0.05 	0.01 	50.235239 	-4.9999393 	0.052855543
-1.0222222 	-0.05 	0.01 	50.275626 	-4.992124 	0.053121869
-1.021021 	-0.05 	0.01 	50.316013 	-4.9843087 	0.053388195
-1.0198198 	-0.05 	0.01 	50.3564 	-4.9764934 	0.053654521
-1.0186186 	-0.05 	0.01 	50.396788 	-4.9686784 	0.053898757
-1.0174174 	-0.05 	0.01 	50.437188 	-4.960866 	0.053899382
-1.0162162 	-0.05 	0.01 	50.477588 	-4.9530536 	0.053900007
-1.015015 	-0.05 	0.01 	50.517987 	-4.9452412 	0.053900632
-1.0138138 	-0.05 	0.01 	50.558387 	-4.9374288 	0.053901257
-1.0126126 	-0.05 	0.01 	50.598787 	-4.9296164 	0.053901882
-1.0114114 	-0.05 	0.01 	50.639187 	-4.921804 	0.053902507
-1.0102102 	-0.05 	0.01 	50.679587 	-4.9139916 	0.053903132
-1.009009 	-0.05 	0.01 	50.719987 	-4.9061792 	0.053903757
-1.0078078 	-0.05 	0.01 	50.760387 	-4.8983668 	0.053904382
-1.0066066 	-0.05 	0.01 	50.800787 	-4.8905544 	0.053905007
-1.0054054 	-0.05 	0.01 	50.841187 	-4.882742 	0.053905632
-1.0042042 	-0.05 	0.01 	50.881587 	-4.8749296 	0.053906257
-1.003003 	-0.05 	0.01 	50.921987 	-4.8671173 	0.053906882
-1.0018018 	-0.05 	0.01 	50.962387 	-4.8593049 	0.053907507
-1.0006006 	-0.05 	0.01 	51.002787 	-4.8514925 	0.053908132
-0.9993994 	-0.05 	0.01 	51.043187 	-4.8436801 	0.053908757
-0.9981982 	-0.05 	0.01 	51.083587 	-4.8358677 	0.053909382
-0.996997 	-0.05 	0.01 	51.123987 	-4.8280553 	0.053910007
-0.9957958 	-0.05 	0.01 	51.164386 	-4.8202429 	0.053910632
-0.99459459 	-0.05 	0.01 	51.204786 	-4.8124305 	0.053911257
-0.99339339 	-0.05 	0.01 	51.245186 	-4.8046181 	0.053911882
-0.99219219 	-0.05 	0.01 	51.285586 	-4.7968057 	0.053912507
-0.99099099 	-0.05 	0.01 	51.325986 	-4.7889933 	0.053913132
-0.98978979 	-0.05 	0.01 	51.366386 	-4.7811809 	0.053913757
-0.98858859 	-0.05 	0.01 	51.406786 	-4.7733685 	0.053914382
-0.98738739 	-0.05 	0.01 	51.447186 	-4.7655561 	0.053915007
-0.98618619 	-0.05 	0.01 	51.487586 	-4.7577437 	0.053915632
-0.98498498 	-0.05 	0.01 	51.527986 	-4.7499313 	0.053916257
-0.98378378 	-0.05 	0.01 	51.573478 	-4.7773933 	0.054004011
-0.98258258 	-0.05 	0.01 	51.622102 	-4.8265488 	0.054145349
-0.98138138 	-0.05 	0.01 	51.670726 	-4.8757043 	0.054286687
-0.98018018 	-0.05 	0.01 	51.71935 	-4.9248598 	0.054428025
-0.97897898 	-0.05 	0.01 	51.767974 	-4.9740153 	0.054569363
-0.97777778 	-0.05 	0.01 	51.816599 	-5.0231708 	0.054710701
-0.97657658 	-0.05 	0.01 	51.865223 	-5.0723263 	0.054852039
-0.97537538 	-0.05 	0.01 	51.912765 	-5.1229683 	0.05498402
-0.97417417 	-0.05 	0.01 	51.959219 	-5.175108 	0.055106572
-0.97297297 	-0.05 	0.01 	52.005672 	-5.2272477 	0.055229124
-0.97177177 	-0.05 	0.01 	52.052125 	-5.2793874 	0.055351676
-0.97057057 	-0.05 	0.01 	52.098578 	-5.3315271 	0.055474228
-0.96936937 	-0.05 	0.01 	52.145032 	-5.3836668 	0.05559678
-0.96816817 	-0.05 	0.01 	52.191485 	-5.4358065 	0.055719332
-0.96696697 	-0.05 	0.01 	52.230957 	-5.4693901 	0.055783511
-0.96576577 	-0.05 	0.01 	52.262619 	-5.4822162 	0.055782392
-0.96456456 	-0.05 	0.01 	52.294282 	-5.4950422 	0.055781274
-0.96336336 	-0.05 	0.01 	52.325944 	-5.5078682 	0.055780155
-0.96216216 	-0.05 	0.01 	52.357606 	-5.5206943 	0.055779037
-0.96096096 	-0.05 	0.01 	52.389269 	-5.5335203 	0.055777918
-0.95975976 	-0.05 	0.01 	52.420931 	-5.5463464 	0.0557768
-0.95855856 	-0.05 	0.01 	52.452594 	-5.5591724 	0.055775682
-0.95735736 	-0.05 	0.01 	52.484256 	-5.5719985 	0.055774563
-0.95615616 	-0.05 	0.01 	52.515919 	-5.5848245 	0.055773445
-0.95495495 	-0.05 	0.01 	52.547581 	-5.5976505 	0.055772326
-0.95375375 	-0.05 	0.01 	52.579243 	-5.6104766 	0.055771208
-0.95255255 	-0.05 	0.01 	52.610906 	-5.6233026 	0.055770089
-0.95135135 	-0.05 	0.01 	52.642568 	-5.6361287 	0.055768971
-0.95015015 	-0.05 	0.01 	52.674231 	-5.6489547 	0.055767852
-0.94894895 	-0.05 	0.01 	52.705893 	-5.6617807 	0.055766734
-0.94774775 	-0.05 	0.01 	52.737555 	-5.6746068 	0.055765615
-0.94654655 	-0.05 	0.01 	52.769218 	-5.6874328 	0.055764497
-0.94534535 	-0.05 	0.01 	52.80088 	-5.7002589 	0.055763378
-0.94414414 	-0.05 	0.01 	52.832543 	-5.7130849 	0.05576226
-0.94294294 	-0.05 	0.01 	52.864205 	-5.725911 	0.055761141
-0.94174174 	-0.05 	0.01 	52.895868 	-5.738737 	0.055760023
-0.94054054 	-0.05 	0.01 	52.92753 	-5.751563 	0.055758904
-0.93933934 	-0.05 	0.01 	52.959192 	-5.7643891 	0.055757786
-0.93813814 	-0.05 	0.01 	52.990855 	-5.7772151 	0.055756667
-0.93693694 	-0.05 	0.01 	53.022517 	-5.7900412 	0.055755549
-0.93573574 	-0.05 	0.01 	53.05418 	-5.8028672 	0.05575443
-0.93453453 	-0.05 	0.01 	53.085842 	-5.8156932 	0.055753312
-0.93333333 	-0.05 	0.01 	53.117504 	-5.8285193 	0.055752193
-0.93213213 	-0.05 	0.01 	53.149158 	-5.8413421 	0.055976052
-0.93093093 	-0.05 	0.01 	53.180811 	-5.8541647 	0.056213988
-0.92972973 	-0.05 	0.01 	53.212463 	-5.8669873 	0.056451925
-0.92852853 	-0.05 	0.01 	53.244116 	-5.87981 	0.056689861
-0.92732733 	-0.05 	0.01 	53.275769 	-5.8926326 	0.056927798
-0.92612613 	-0.05 	0.01 	53.307422 	-5.9054552 	0.057165734
-0.92492492 	-0.05 	0.01 	53.339075 	-5.9182778 	0.057403671
-0.92372372 	-0.05 	0.01 	53.370727 	-5.9311004 	0.057641607
-0.92252252 	-0.05 	0.01 	53.396569 	-5.9318238 	0.057822077
-0.92132132 	-0.05 	0.01 	53.414546 	-5.9161716 	0.057924767
-0.92012012 	-0.05 	0.01 	53.432523 	-5.9005194 	0.058027457
-0.91891892 	-0.05 	0.01 	53.4505 	-5.8848672 	0.058130148
-0.91771772 	-0.05 	0.01 	53.468477 	-5.8692151 	0.058232838
-0.91651652 	-0.05 	0.01 	53.486454 	-5.8535629 	0.058335528
-0.91531532 	-0.05 	0.01 	53.504431 	-5.8379107 	0.058438219
-0.91411411 	-0.05 	0.01 	53.52171 	-5.8205717 	0.058544913
-0.91291291 	-0.05 	0.01 	53.538693 	-5.8025204 	0.058653298
-0.91171171 	-0.05 	0.01 	53.555677 	-5.7844692 	0.058761682
-0.91051051 	-0.05 	0.01 	53.57266 	-5.7664179 	0.058870067
-0.90930931 	-0.05 	0.01 	53.589644 	-5.7483666 	0.058978452
-0.90810811 	-0.05 	0.01 	53.606627 	-5.7303154 	0.059086837
-0.90690691 	-0.05 	0.01 	53.62398 	-5.713043 	0.05919931
-0.90570571 	-0.05 	0.01 	53.648473 	-5.7108436 	0.0593909
-0.9045045 	-0.05 	0.01 	53.672966 	-5.7086441 	0.05958249
-0.9033033 	-0.05 	0.01 	53.69746 	-5.7064447 	0.05977408
-0.9021021 	-0.05 	0.01 	53.721953 	-5.7042453 	0.05996567
-0.9009009 	-0.05 	0.01 	53.746446 	-5.7020459 	0.06015726
-0.8996997 	-0.05 	0.01 	53.770939 	-5.6998465 	0.06034885
-0.8984985 	-0.05 	0.01 	53.795433 	-5.697647 	0.06054044
-0.8972973 	-0.05 	0.01 	53.819926 	-5.6954476 	0.06073203
-0.8960961 	-0.05 	0.01 	53.844425 	-5.6932495 	0.060833921
-0.89489489 	-0.05 	0.01 	53.868932 	-5.6910528 	0.060834097
-0.89369369 	-0.05 	0.01 	53.893438 	-5.6888561 	0.060834273
-0.89249249 	-0.05 	0.01 	53.917945 	-5.6866595 	0.060834449
-0.89129129 	-0.05 	0.01 	53.942451 	-5.6844628 	0.060834625
-0.89009009 	-0.05 	0.01 	53.966957 	-5.6822661 	0.0608348
-0.88888889 	-0.05 	0.01 	53.991464 	-5.6800695 	0.060834976
-0.88768769 	-0.05 	0.01 	54.01597 	-5.6778728 	0.060835152
-0.88648649 	-0.05 	0.01 	54.040477 	-5.6756761 	0.060835328
-0.88528529 	-0.05 	0.01 	54.064983 	-5.6734794 	0.060835503
-0.88408408 	-0.05 	0.01 	54.08949 	-5.6712828 	0.060835679
-0.88288288 	-0.05 	0.01 	54.113996 	-5.6690861 	0.060835855
-0.88168168 	-0.05 	0.01 	54.138502 	-5.6668894 	0.060836031
-0.88048048 	-0.05 	0.01 	54.163009 	-5.6646928 	0.060836206
-0.87927928 	-0.05 	0.01 	54.187515 	-5.6624961 	0.060836382
-0.87807808 	-0.05 	0.01 	54.212022 	-5.6602994 	0.060836558
-0.87687688 	-0.05 	0.01 	54.236528 	-5.6581027 	0.060836734
-0.87567568 	-0.05 	0.01 	54.261034 	-5.6559061 	0.060836909
-0.87447447 	-0.05 	0.01 	54.285541 	-5.6537094 	0.060837085
-0.87327327 	-0.05 	0.01 	54.310047 	-5.6515127 	0.060837261
-0.87207207 	-0.05 	0.01 	54.334554 	-5.6493161 	0.060837437
-0.87087087 	-0.05 	0.01 	54.35906 	-5.6471194 	0.060837612
-0.86966967 	-0.05 	0.01 	54.383566 	-5.6449227 	0.060837788
-0.86846847 	-0.05 	0.01 	54.408073 	-5.6427261 	0.060837964
-0.86726727 	-0.05 	0.01 	54.432579 	-5.6405294 	0.06083814
-0.86606607 	-0.05 	0.01 	54.457086 	-5.6383327 	0.060838315
-0.86486486 	-0.05 	0.01 	54.481592 	-5.636136 	0.060838491
-0.86366366 	-0.05 	0.01 	54.506098 	-5.6339394 	0.060838667
-0.86246246 	-0.05 	0.01 	54.530605 	-5.6317427 	0.060838843
-0.86126126 	-0.05 	0.01 	54.557189 	-5.6351477 	0.060883769
-0.86006006 	-0.05 	0.01 	54.585898 	-5.6442843 	0.060974483
-0.85885886 	-0.05 	0.01 	54.614608 	-5.6534209 	0.061065198
-0.85765766 	-0.05 	0.01 	54.643318 	-5.6625575 	0.061155912
-0.85645646 	-0.05 	0.01 	54.672027 	-5.6716941 	0.061246626
-0.85525526 	-0.05 	0.01 	54.700737 	-5.6808307 	0.061337341
-0.85405405 	-0.05 	0.01 	54.729447 	-5.6899673 	0.061428055
-0.85285285 	-0.05 	0.01 	54.75842 	-5.6993128 	0.061506117
-0.85165165 	-0.05 	0.01 	54.787418 	-5.7086772 	0.061583035
-0.85045045 	-0.05 	0.01 	54.816415 	-5.7180415 	0.061659953
-0.84924925 	-0.05 	0.01 	54.845413 	-5.7274059 	0.061736871
-0.84804805 	-0.05 	0.01 	54.87441 	-5.7367703 	0.061813789
-0.84684685 	-0.05 	0.01 	54.903408 	-5.7461347 	0.061890707
-0.84564565 	-0.05 	0.01 	54.930137 	-5.7500297 	0.06199409
-0.84444444 	-0.05 	0.01 	54.953502 	-5.7458085 	0.062136747
-0.84324324 	-0.05 	0.01 	54.976866 	-5.7415874 	0.062279403
-0.84204204 	-0.05 	0.01 	55.00023 	-5.7373663 	0.06242206
-0.84084084 	-0.05 	0.01 	55.023594 	-5.7331452 	0.062564717
-0.83963964 	-0.05 	0.01 	55.046958 	-5.7289241 	0.062707373
-0.83843844 	-0.05 	0.01 	55.070322 	-5.724703 	0.06285003
-0.83723724 	-0.05 	0.01 	55.093686 	-5.7204819 	0.062992686
-0.83603604 	-0.05 	0.01 	55.11705 	-5.7162607 	0.063135343
-0.83483483 	-0.05 	0.01 	55.140423 	-5.7120415 	0.063180588
-0.83363363 	-0.05 	0.01 	55.163801 	-5.707823 	0.063181021
-0.83243243 	-0.05 	0.01 	55.187178 	-5.7036046 	0.063181454
-0.83123123 	-0.05 	0.01 	55.210556 	-5.6993862 	0.063181887
-0.83003003 	-0.05 	0.01 	55.233933 	-5.6951677 	0.06318232
-0.82882883 	-0.05 	0.01 	55.257311 	-5.6909493 	0.063182752
-0.82762763 	-0.05 	0.01 	55.280688 	-5.6867309 	0.063183185
-0.82642643 	-0.05 	0.01 	55.304065 	-5.6825124 	0.063183618
-0.82522523 	-0.05 	0.01 	55.327443 	-5.678294 	0.063184051
-0.82402402 	-0.05 	0.01 	55.35082 	-5.6740756 	0.063184484
-0.82282282 	-0.05 	0.01 	55.374198 	-5.6698571 	0.063184917
-0.82162162 	-0.05 	0.01 	55.397575 	-5.6656387 	0.06318535
-0.82042042 	-0.05 	0.01 	55.420953 	-5.6614203 	0.063185783
-0.81921922 	-0.05 	0.01 	55.44433 	-5.6572018 	0.063186215
-0.81801802 	-0.05 	0.01 	55.467707 	-5.6529834 	0.063186648
-0.81681682 	-0.05 	0.01 	55.491085 	-5.648765 	0.063187081
-0.81561562 	-0.05 	0.01 	55.514462 	-5.6445465 	0.063187514
-0.81441441 	-0.05 	0.01 	55.53784 	-5.6403281 	0.063187947
-0.81321321 	-0.05 	0.01 	55.561217 	-5.6361097 	0.06318838
-0.81201201 	-0.05 	0.01 	55.584595 	-5.6318912 	0.063188813
-0.81081081 	-0.05 	0.01 	55.607972 	-5.6276728 	0.063189245
-0.80960961 	-0.05 	0.01 	55.631349 	-5.6234544 	0.063189678
-0.80840841 	-0.05 	0.01 	55.654727 	-5.619236 	0.063190111
-0.80720721 	-0.05 	0.01 	55.678104 	-5.6150175 	0.063190544
-0.80600601 	-0.05 	0.01 	55.701482 	-5.6107991 	0.063190977
-0.8048048 	-0.05 	0.01 	55.724859 	-5.6065807 	0.06319141
-0.8036036 	-0.05 	0.01 	55.748237 	-5.6023622 	0.063191843
-0.8024024 	-0.05 	0.01 	55.771614 	-5.5981438 	0.063192276
-0.8012012 	-0.05 	0.01 	55.794991 	-5.5939254 	0.063192708
-0.8 	-0.05 	0.01 	55.818055 	-5.5855939 	0.063214357
-0.7987988 	-0.05 	0.01 	55.840588 	-5.5703007 	0.063271916
-0.7975976 	-0.05 	0.01 	55.863121 	-5.5550076 	0.063329474
-0.7963964 	-0.05 	0.01 	55.885654 	-5.5397144 	0.063387032
-0.7951952 	-0.05 	0.01 	55.908187 	-5.5244212 	0.063444591
-0.79399399 	-0.05 	0.01 	55.93072 	-5.5091281 	0.063502149
-0.79279279 	-0.05 	0.01 	55.951694 	-5.4942467 	0.063559469
-0.79159159 	-0.05 	0.01 	55.963365 	-5.481824 	0.063615366
-0.79039039 	-0.05 	0.01 	55.975036 	-5.4694012 	0.063671262
-0.78918919 	-0.05 	0.01 	55.986707 	-5.4569784 	0.063727159
-0.78798799 	-0.05 	0.01 	55.998378 	-5.4445557 	0.063783055
-0.78678679 	-0.05 	0.01 	56.010049 	-5.4321329 	0.063838951
-0.78558559 	-0.05 	0.01 	56.02172 	-5.4197101 	0.063894848
-0.78438438 	-0.05 	0.01 	56.036895 	-5.4427786 	0.063979661
-0.78318318 	-0.05 	0.01 	56.052164 	-5.4667947 	0.064065245
-0.78198198 	-0.05 	0.01 	56.067433 	-5.4908108 	0.06415083
-0.78078078 	-0.05 	0.01 	56.082702 	-5.5148269 	0.064236415
-0.77957958 	-0.05 	0.01 	56.097971 	-5.5388429 	0.064322
-0.77837838 	-0.05 	0.01 	56.11324 	-5.562859 	0.064407584
-0.77717718 	-0.05 	0.01 	56.128509 	-5.5868751 	0.064493169
-0.77597598 	-0.05 	0.01 	56.143778 	-5.6108912 	0.064578754
-0.77477477 	-0.05 	0.01 	56.159047 	-5.6349072 	0.064664339
-0.77357357 	-0.05 	0.01 	56.174877 	-5.6615214 	0.064672296
-0.77237237 	-0.05 	0.01 	56.190765 	-5.6883994 	0.064672371
-0.77117117 	-0.05 	0.01 	56.206652 	-5.7152773 	0.064672446
-0.76996997 	-0.05 	0.01 	56.22254 	-5.7421553 	0.064672522
-0.76876877 	-0.05 	0.01 	56.238427 	-5.7690333 	0.064672597
-0.76756757 	-0.05 	0.01 	56.254315 	-5.7959112 	0.064672673
-0.76636637 	-0.05 	0.01 	56.270202 	-5.8227892 	0.064672748
-0.76516517 	-0.05 	0.01 	56.28609 	-5.8496671 	0.064672824
-0.76396396 	-0.05 	0.01 	56.301977 	-5.8765451 	0.064672899
-0.76276276 	-0.05 	0.01 	56.317865 	-5.9034231 	0.064672975
-0.76156156 	-0.05 	0.01 	56.333752 	-5.930301 	0.06467305
-0.76036036 	-0.05 	0.01 	56.349639 	-5.957179 	0.064673126
-0.75915916 	-0.05 	0.01 	56.365527 	-5.984057 	0.064673201
-0.75795796 	-0.05 	0.01 	56.381414 	-6.0109349 	0.064673277
-0.75675676 	-0.05 	0.01 	56.397302 	-6.0378129 	0.064673352
-0.75555556 	-0.05 	0.01 	56.413189 	-6.0646908 	0.064673428
-0.75435435 	-0.05 	0.01 	56.429077 	-6.0915688 	0.064673503
-0.75315315 	-0.05 	0.01 	56.444964 	-6.1184468 	0.064673579
-0.75195195 	-0.05 	0.01 	56.460852 	-6.1453247 	0.064673654
-0.75075075 	-0.05 	0.01 	56.476739 	-6.1722027 	0.06467373
-0.74954955 	-0.05 	0.01 	56.492627 	-6.1990806 	0.064673805
-0.74834835 	-0.05 	0.01 	56.508514 	-6.2259586 	0.064673881
-0.74714715 	-0.05 	0.01 	56.524402 	-6.2528366 	0.064673956
-0.74594595 	-0.05 	0.01 	56.540289 	-6.2797145 	0.064674032
-0.74474474 	-0.05 	0.01 	56.556177 	-6.3065925 	0.064674107
-0.74354354 	-0.05 	0.01 	56.572064 	-6.3334705 	0.064674183
-0.74234234 	-0.05 	0.01 	56.587952 	-6.3603484 	0.064674258
-0.74114114 	-0.05 	0.01 	56.603839 	-6.3872264 	0.064674333
-0.73993994 	-0.05 	0.01 	56.619727 	-6.4141043 	0.064674409
-0.73873874 	-0.05 	0.01 	56.624592 	-6.4701186 	0.064693579
-0.73753754 	-0.05 	0.01 	56.614702 	-6.5651435 	0.064738315
-0.73633634 	-0.05 	0.01 	56.604811 	-6.6601684 	0.064783051
-0.73513514 	-0.05 	0.01 	56.59492 	-6.7551932 	0.064827787
-0.73393393 	-0.05 	0.01 	56.585029 	-6.8502181 	0.064872523
-0.73273273 	-0.05 	0.01 	56.575138 	-6.9452429 	0.064917259
-0.73153153 	-0.05 	0.01 	56.582983 	-7.0270675 	0.064951418
-0.73033033 	-0.05 	0.01 	56.623244 	-7.0847643 	0.064966243
-0.72912913 	-0.05 	0.01 	56.663506 	-7.142461 	0.064981068
-0.72792793 	-0.05 	0.01 	56.703768 	-7.2001578 	0.064995894
-0.72672673 	-0.05 	0.01 	56.744029 	-7.2578546 	0.065010719
-0.72552553 	-0.05 	0.01 	56.784291 	-7.3155513 	0.065025544
-0.72432432 	-0.05 	0.01 	56.823494 	-7.3427576 	0.065052119
-0.72312312 	-0.05 	0.01 	56.860574 	-7.3088077 	0.06510226
-0.72192192 	-0.05 	0.01 	56.896776 	-7.270645 	0.065115489
-0.72072072 	-0.05 	0.01 	56.932667 	-7.2309865 	0.065115611
-0.71951952 	-0.05 	0.01 	56.968558 	-7.1913279 	0.065115734
-0.71831832 	-0.05 	0.01 	57.004449 	-7.1516694 	0.065115856
-0.71711712 	-0.05 	0.01 	57.04034 	-7.1120108 	0.065115978
-0.71591592 	-0.05 	0.01 	57.076231 	-7.0723523 	0.065116101
-0.71471471 	-0.05 	0.01 	57.112121 	-7.0326937 	0.065116223
-0.71351351 	-0.05 	0.01 	57.148012 	-6.9930352 	0.065116346
-0.71231231 	-0.05 	0.01 	57.183903 	-6.9533766 	0.065116468
-0.71111111 	-0.05 	0.01 	57.219794 	-6.9137181 	0.06511659
-0.70990991 	-0.05 	0.01 	57.255685 	-6.8740595 	0.065116713
-0.70870871 	-0.05 	0.01 	57.291576 	-6.834401 	0.065116835
-0.70750751 	-0.05 	0.01 	57.327418 	-6.6688735 	0.065134918
-0.70630631 	-0.05 	0.01 	57.363255 	-6.4903031 	0.065154862
-0.70510511 	-0.05 	0.01 	57.399092 	-6.3117326 	0.065174807
-0.7039039 	-0.05 	0.01 	57.434929 	-6.1331622 	0.065194751
-0.7027027 	-0.05 	0.01 	57.470766 	-5.9545918 	0.065214695
-0.7015015 	-0.05 	0.01 	57.506603 	-5.7760214 	0.065234639
-0.7003003 	-0.05 	0.01 	57.577343 	-5.6070081 	0.06524255
-0.6990991 	-0.05 	0.01 	57.649261 	-5.4383175 	0.065250054
-0.6978979 	-0.05 	0.01 	57.721178 	-5.2696268 	0.065257559
-0.6966967 	-0.05 	0.01 	57.793096 	-5.1009361 	0.065265063
-0.6954955 	-0.05 	0.01 	57.865014 	-4.9322454 	0.065272568
-0.69429429 	-0.05 	0.01 	57.934195 	-4.7793424 	0.065280704
-0.69309309 	-0.05 	0.01 	57.981041 	-4.755315 	0.065293997
-0.69189189 	-0.05 	0.01 	58.027892 	-4.7312805 	0.065302635
-0.69069069 	-0.05 	0.01 	58.074753 	-4.707233 	0.065302677
-0.68948949 	-0.05 	0.01 	58.121613 	-4.6831854 	0.06530272
-0.68828829 	-0.05 	0.01 	58.168474 	-4.6591378 	0.065302763
-0.68708709 	-0.05 	0.01 	58.215335 	-4.6350902 	0.065302805
-0.68588589 	-0.05 	0.01 	58.262196 	-4.6110427 	0.065302848
-0.68468468 	-0.05 	0.01 	58.309056 	-4.5869951 	0.06530289
-0.68348348 	-0.05 	0.01 	58.355917 	-4.5629475 	0.065302933
-0.68228228 	-0.05 	0.01 	58.402778 	-4.5389 	0.065302976
-0.68108108 	-0.05 	0.01 	58.449638 	-4.5148524 	0.065303018
-0.67987988 	-0.05 	0.01 	58.496499 	-4.4908048 	0.065303061
-0.67867868 	-0.05 	0.01 	58.54336 	-4.4667572 	0.065303104
-0.67747748 	-0.05 	0.01 	58.587582 	-4.4945567 	0.065305016
-0.67627628 	-0.05 	0.01 	58.626616 	-4.6242994 	0.065310604
-0.67507508 	-0.05 	0.01 	58.665649 	-4.7540421 	0.065316193
-0.67387387 	-0.05 	0.01 	58.704683 	-4.8837848 	0.065321781
-0.67267267 	-0.05 	0.01 	58.743717 	-5.0135275 	0.065327369
-0.67147147 	-0.05 	0.01 	58.782751 	-5.1432701 	0.065332958
-0.67027027 	-0.05 	0.01 	58.821122 	-5.2737274 	0.065330086
-0.66906907 	-0.05 	0.01 	58.859016 	-5.4046984 	0.065321131
-0.66786787 	-0.05 	0.01 	58.89691 	-5.5356693 	0.065312176
-0.66666667 	-0.05 	0.01 	58.934804 	-5.6666403 	0.065303221
-0.66546547 	-0.05 	0.01 	58.972698 	-5.7976112 	0.065294267
-0.66426426 	-0.05 	0.01 	59.010592 	-5.9285822 	0.065285312
-0.66306306 	-0.05 	0.01 	59.041917 	-5.934451 	0.065268508
-0.66186186 	-0.05 	0.01 	59.072291 	-5.9222124 	0.065250568
-0.66066066 	-0.05 	0.01 	59.102684 	-5.9099879 	0.065249934
-0.65945946 	-0.05 	0.01 	59.133077 	-5.8977639 	0.065249925
-0.65825826 	-0.05 	0.01 	59.163471 	-5.88554 	0.065249915
-0.65705706 	-0.05 	0.01 	59.193865 	-5.873316 	0.065249905
-0.65585586 	-0.05 	0.01 	59.224258 	-5.8610921 	0.065249895
-0.65465465 	-0.05 	0.01 	59.254652 	-5.8488681 	0.065249886
-0.65345345 	-0.05 	0.01 	59.285046 	-5.8366442 	0.065249876
-0.65225225 	-0.05 	0.01 	59.315439 	-5.8244202 	0.065249866
-0.65105105 	-0.05 	0.01 	59.345833 	-5.8121962 	0.065249856
-0.64984985 	-0.05 	0.01 	59.376226 	-5.7999723 	0.065249846
-0.64864865 	-0.05 	0.01 	59.40662 	-5.7877483 	0.065249837
-0.64744745 	-0.05 	0.01 	59.437014 	-5.7755244 	0.065249827
-0.64624625 	-0.05 	0.01 	59.462312 	-5.6408752 	0.065241349
-0.64504505 	-0.05 	0.01 	59.486949 	-5.4903266 	0.065231771
-0.64384384 	-0.05 	0.01 	59.511586 	-5.3397781 	0.065222193
-0.64264264 	-0.05 	0.01 	59.536223 	-5.1892295 	0.065212615
-0.64144144 	-0.05 	0.01 	59.56086 	-5.038681 	0.065203037
-0.64024024 	-0.05 	0.01 	59.585445 	-4.8881041 	0.065190471
-0.63903904 	-0.05 	0.01 	59.609805 	-4.7374076 	0.065165252
-0.63783784 	-0.05 	0.01 	59.634166 	-4.586711 	0.065140034
-0.63663664 	-0.05 	0.01 	59.658527 	-4.4360144 	0.065114816
-0.63543544 	-0.05 	0.01 	59.682887 	-4.2853178 	0.065089598
-0.63423423 	-0.05 	0.01 	59.707248 	-4.1346212 	0.06506438
-0.63303303 	-0.05 	0.01 	59.731573 	-4.0561476 	0.065052223
-0.63183183 	-0.05 	0.01 	59.755863 	-4.0452635 	0.065052288
-0.63063063 	-0.05 	0.01 	59.780153 	-4.0343794 	0.065052354
-0.62942943 	-0.05 	0.01 	59.804444 	-4.0234953 	0.06505242
-0.62822823 	-0.05 	0.01 	59.828734 	-4.0126112 	0.065052486
-0.62702703 	-0.05 	0.01 	59.853025 	-4.001727 	0.065052551
-0.62582583 	-0.05 	0.01 	59.877315 	-3.9908429 	0.065052617
-0.62462462 	-0.05 	0.01 	59.901606 	-3.9799588 	0.065052683
-0.62342342 	-0.05 	0.01 	59.925896 	-3.9690747 	0.065052749
-0.62222222 	-0.05 	0.01 	59.950187 	-3.9581906 	0.065052814
-0.62102102 	-0.05 	0.01 	59.974477 	-3.9473065 	0.06505288
-0.61981982 	-0.05 	0.01 	59.998768 	-3.9364223 	0.065052946
-0.61861862 	-0.05 	0.01 	60.023051 	-3.925541 	0.065032028
-0.61741742 	-0.05 	0.01 	60.047325 	-3.9146637 	0.064982122
-0.61621622 	-0.05 	0.01 	60.071959 	-3.965274 	0.064943689
-0.61501502 	-0.05 	0.01 	60.097047 	-4.0932824 	0.064919698
-0.61381381 	-0.05 	0.01 	60.122135 	-4.2212909 	0.064895708
-0.61261261 	-0.05 	0.01 	60.147223 	-4.3492994 	0.064871718
-0.61141141 	-0.05 	0.01 	60.172311 	-4.4773078 	0.064847727
-0.61021021 	-0.05 	0.01 	60.197398 	-4.6053163 	0.064823737
-0.60900901 	-0.05 	0.01 	60.222706 	-4.7339623 	0.06478393
-0.60780781 	-0.05 	0.01 	60.248068 	-4.8627644 	0.064740252
-0.60660661 	-0.05 	0.01 	60.273429 	-4.9915665 	0.064696573
-0.60540541 	-0.05 	0.01 	60.298791 	-5.1203686 	0.064652895
-0.6042042 	-0.05 	0.01 	60.324153 	-5.2491707 	0.064609217
-0.603003 	-0.05 	0.01 	60.349005 	-5.3505866 	0.064557833
-0.6018018 	-0.05 	0.01 	60.371871 	-5.3451631 	0.06447639
-0.6006006 	-0.05 	0.01 	60.394741 	-5.3397427 	0.064410205
-0.5993994 	-0.05 	0.01 	60.417624 	-5.3343354 	0.064410035
-0.5981982 	-0.05 	0.01 	60.440507 	-5.3289282 	0.064409865
-0.596997 	-0.05 	0.01 	60.463391 	-5.323521 	0.064409695
-0.5957958 	-0.05 	0.01 	60.486274 	-5.3181138 	0.064409525
-0.59459459 	-0.05 	0.01 	60.509158 	-5.3127066 	0.064409354
-0.59339339 	-0.05 	0.01 	60.532041 	-5.3072994 	0.064409184
-0.59219219 	-0.05 	0.01 	60.554925 	-5.3018922 	0.064409014
-0.59099099 	-0.05 	0.01 	60.577808 	-5.296485 	0.064408844
-0.58978979 	-0.05 	0.01 	60.600691 	-5.2910778 	0.064408674
-0.58858859 	-0.05 	0.01 	60.623575 	-5.2856705 	0.064408504
-0.58738739 	-0.05 	0.01 	60.646458 	-5.2802633 	0.064408334
-0.58618619 	-0.05 	0.01 	60.669342 	-5.2748561 	0.064408164
-0.58498498 	-0.05 	0.01 	60.688846 	-5.1444474 	0.064372331
-0.58378378 	-0.05 	0.01 	60.708184 	-5.0078587 	0.064334736
-0.58258258 	-0.05 	0.01 	60.727521 	-4.8712699 	0.06429714
-0.58138138 	-0.05 	0.01 	60.746858 	-4.7346812 	0.064259544
-0.58018018 	-0.05 	0.01 	60.766196 	-4.5980925 	0.064221949
-0.57897898 	-0.05 	0.01 	60.786052 	-4.4608875 	0.064175295
-0.57777778 	-0.05 	0.01 	60.806629 	-4.3228257 	0.064116046
-0.57657658 	-0.05 	0.01 	60.827206 	-4.1847638 	0.064056797
-0.57537538 	-0.05 	0.01 	60.847784 	-4.0467019 	0.063997548
-0.57417417 	-0.05 	0.01 	60.868361 	-3.90864 	0.063938299
-0.57297297 	-0.05 	0.01 	60.888938 	-3.7705782 	0.063879051
-0.57177177 	-0.05 	0.01 	60.919295 	-3.7488494 	0.063768349
-0.57057057 	-0.05 	0.01 	60.950193 	-3.7335683 	0.063654795
-0.56936937 	-0.05 	0.01 	60.981103 	-3.7182722 	0.063632137
-0.56816817 	-0.05 	0.01 	61.012016 	-3.7029724 	0.063631775
-0.56696697 	-0.05 	0.01 	61.042929 	-3.6876726 	0.063631413
-0.56576577 	-0.05 	0.01 	61.073842 	-3.6723728 	0.063631051
-0.56456456 	-0.05 	0.01 	61.104755 	-3.6570729 	0.063630688
-0.56336336 	-0.05 	0.01 	61.135668 	-3.6417731 	0.063630326
-0.56216216 	-0.05 	0.01 	61.166581 	-3.6264733 	0.063629964
-0.56096096 	-0.05 	0.01 	61.197494 	-3.6111735 	0.063629602
-0.55975976 	-0.05 	0.01 	61.228407 	-3.5958737 	0.06362924
-0.55855856 	-0.05 	0.01 	61.259321 	-3.5805739 	0.063628878
-0.55735736 	-0.05 	0.01 	61.290234 	-3.5652741 	0.063628516
-0.55615616 	-0.05 	0.01 	61.321147 	-3.5499743 	0.063628154
-0.55495495 	-0.05 	0.01 	61.358364 	-3.5803837 	0.063605076
-0.55375375 	-0.05 	0.01 	61.404737 	-3.6771781 	0.063549006
-0.55255255 	-0.05 	0.01 	61.451111 	-3.7739725 	0.063492936
-0.55135135 	-0.05 	0.01 	61.497484 	-3.8707669 	0.063436866
-0.55015015 	-0.05 	0.01 	61.543857 	-3.9675612 	0.063380796
-0.54894895 	-0.05 	0.01 	61.590171 	-4.0645275 	0.06332405
-0.54774775 	-0.05 	0.01 	61.634856 	-4.1661487 	0.063249005
-0.54654655 	-0.05 	0.01 	61.679542 	-4.2677699 	0.06317396
-0.54534535 	-0.05 	0.01 	61.724227 	-4.3693911 	0.063098915
-0.54414414 	-0.05 	0.01 	61.768913 	-4.4710124 	0.063023869
-0.54294294 	-0.05 	0.01 	61.813598 	-4.5726336 	0.062948824
-0.54174174 	-0.05 	0.01 	61.841367 	-4.6172028 	0.062825622
-0.54054054 	-0.05 	0.01 	61.861792 	-4.6370052 	0.062681514
-0.53933934 	-0.05 	0.01 	61.882226 	-4.6568122 	0.062597859
-0.53813814 	-0.05 	0.01 	61.902671 	-4.6766254 	0.062597874
-0.53693694 	-0.05 	0.01 	61.923116 	-4.6964386 	0.062597889
-0.53573574 	-0.05 	0.01 	61.943561 	-4.7162518 	0.062597903
-0.53453453 	-0.05 	0.01 	61.964006 	-4.736065 	0.062597918
-0.53333333 	-0.05 	0.01 	61.984451 	-4.7558783 	0.062597933
-0.53213213 	-0.05 	0.01 	62.004896 	-4.7756915 	0.062597947
-0.53093093 	-0.05 	0.01 	62.025341 	-4.7955047 	0.062597962
-0.52972973 	-0.05 	0.01 	62.045786 	-4.8153179 	0.062597977
-0.52852853 	-0.05 	0.01 	62.06623 	-4.8351311 	0.062597991
-0.52732733 	-0.05 	0.01 	62.086675 	-4.8549443 	0.062598006
-0.52612613 	-0.05 	0.01 	62.10712 	-4.8747576 	0.062598021
-0.52492492 	-0.05 	0.01 	62.127565 	-4.8945708 	0.062598035
-0.52372372 	-0.05 	0.01 	62.124443 	-4.8508944 	0.062529159
-0.52252252 	-0.05 	0.01 	62.121066 	-4.8065356 	0.062459543
-0.52132132 	-0.05 	0.01 	62.11769 	-4.7621768 	0.062389927
-0.52012012 	-0.05 	0.01 	62.114314 	-4.7178181 	0.062320311
-0.51891892 	-0.05 	0.01 	62.110938 	-4.6734593 	0.062250694
-0.51771772 	-0.05 	0.01 	62.106391 	-4.6260963 	0.062168665
-0.51651652 	-0.05 	0.01 	62.101205 	-4.5770941 	0.062079863
-0.51531532 	-0.05 	0.01 	62.096018 	-4.528092 	0.061991062
-0.51411411 	-0.05 	0.01 	62.090832 	-4.4790898 	0.06190226
-0.51291291 	-0.05 	0.01 	62.085646 	-4.4300877 	0.061813458
-0.51171171 	-0.05 	0.01 	62.084504 	-4.3921745 	0.061697804
-0.51051051 	-0.05 	0.01 	62.092266 	-4.3786791 	0.061523021
-0.50930931 	-0.05 	0.01 	62.100029 	-4.3651836 	0.061353722
-0.50810811 	-0.05 	0.01 	62.107808 	-4.3516869 	0.061353577
-0.50690691 	-0.05 	0.01 	62.115586 	-4.3381902 	0.061353432
-0.50570571 	-0.05 	0.01 	62.123365 	-4.3246935 	0.061353287
-0.5045045 	-0.05 	0.01 	62.131143 	-4.3111968 	0.061353142
-0.5033033 	-0.05 	0.01 	62.138922 	-4.2977002 	0.061352998
-0.5021021 	-0.05 	0.01 	62.1467 	-4.2842035 	0.061352853
-0.5009009 	-0.05 	0.01 	62.154479 	-4.2707068 	0.061352708
-0.4996997 	-0.05 	0.01 	62.162258 	-4.2572101 	0.061352563
-0.4984985 	-0.05 	0.01 	62.170036 	-4.2437134 	0.061352418
-0.4972973 	-0.05 	0.01 	62.177815 	-4.2302168 	0.061352273
-0.4960961 	-0.05 	0.01 	62.185593 	-4.2167201 	0.061352129
-0.49489489 	-0.05 	0.01 	62.193372 	-4.2032234 	0.061351984
-0.49369369 	-0.05 	0.01 	62.205006 	-4.2058576 	0.06130448
-0.49249249 	-0.05 	0.01 	62.219542 	-4.2206362 	0.061221322
-0.49129129 	-0.05 	0.01 	62.234079 	-4.2354149 	0.061138164
-0.49009009 	-0.05 	0.01 	62.248615 	-4.2501936 	0.061055006
-0.48888889 	-0.05 	0.01 	62.263151 	-4.2649723 	0.060971848
-0.48768769 	-0.05 	0.01 	62.27801 	-4.2799184 	0.060882106
-0.48648649 	-0.05 	0.01 	62.293779 	-4.2953376 	0.060773751
-0.48528529 	-0.05 	0.01 	62.309549 	-4.3107569 	0.060665395
-0.48408408 	-0.05 	0.01 	62.325318 	-4.3261761 	0.06055704
-0.48288288 	-0.05 	0.01 	62.341087 	-4.3415954 	0.060448685
-0.48168168 	-0.05 	0.01 	62.356857 	-4.3570146 	0.06034033
-0.48048048 	-0.05 	0.01 	62.371421 	-4.3471781 	0.060135274
-0.47927928 	-0.05 	0.01 	62.385963 	-4.3368572 	0.059928364
-0.47807808 	-0.05 	0.01 	62.400516 	-4.3265394 	0.059854858
-0.47687688 	-0.05 	0.01 	62.415075 	-4.3162231 	0.059854502
-0.47567568 	-0.05 	0.01 	62.429634 	-4.3059069 	0.059854146
-0.47447447 	-0.05 	0.01 	62.444193 	-4.2955906 	0.05985379
-0.47327327 	-0.05 	0.01 	62.458752 	-4.2852744 	0.059853434
-0.47207207 	-0.05 	0.01 	62.473311 	-4.2749581 	0.059853078
-0.47087087 	-0.05 	0.01 	62.48787 	-4.2646419 	0.059852722
-0.46966967 	-0.05 	0.01 	62.502429 	-4.2543257 	0.059852366
-0.46846847 	-0.05 	0.01 	62.516987 	-4.2440094 	0.059852011
-0.46726727 	-0.05 	0.01 	62.531546 	-4.2336932 	0.059851655
-0.46606607 	-0.05 	0.01 	62.546105 	-4.2233769 	0.059851299
-0.46486486 	-0.05 	0.01 	62.560664 	-4.2130607 	0.059850943
-0.46366366 	-0.05 	0.01 	62.575233 	-4.200149 	0.059840514
-0.46246246 	-0.05 	0.01 	62.589888 	-4.1646211 	0.059742313
-0.46126126 	-0.05 	0.01 	62.604542 	-4.1290932 	0.059644112
-0.46006006 	-0.05 	0.01 	62.619196 	-4.0935652 	0.059545911
-0.45885886 	-0.05 	0.01 	62.63385 	-4.0580373 	0.05944771
-0.45765766 	-0.05 	0.01 	62.648505 	-4.0225094 	0.059349509
-0.45645646 	-0.05 	0.01 	62.66363 	-3.9872048 	0.059228708
-0.45525526 	-0.05 	0.01 	62.678821 	-3.9519315 	0.059104746
-0.45405405 	-0.05 	0.01 	62.694013 	-3.9166582 	0.058980784
-0.45285285 	-0.05 	0.01 	62.709204 	-3.8813849 	0.058856822
-0.45165165 	-0.05 	0.01 	62.724395 	-3.8461116 	0.05873286
-0.45045045 	-0.05 	0.01 	62.74117 	-3.8308523 	0.05852749
-0.44924925 	-0.05 	0.01 	62.758622 	-3.8241425 	0.058287345
-0.44804805 	-0.05 	0.01 	62.776078 	-3.8174318 	0.058110057
-0.44684685 	-0.05 	0.01 	62.793547 	-3.8107186 	0.058109436
-0.44564565 	-0.05 	0.01 	62.811016 	-3.8040055 	0.058108815
-0.44444444 	-0.05 	0.01 	62.828485 	-3.7972923 	0.058108194
-0.44324324 	-0.05 	0.01 	62.845955 	-3.7905792 	0.058107573
-0.44204204 	-0.05 	0.01 	62.863424 	-3.783866 	0.058106952
-0.44084084 	-0.05 	0.01 	62.880893 	-3.7771529 	0.058106331
-0.43963964 	-0.05 	0.01 	62.898362 	-3.7704397 	0.058105709
-0.43843844 	-0.05 	0.01 	62.915831 	-3.7637266 	0.058105088
-0.43723724 	-0.05 	0.01 	62.933301 	-3.7570134 	0.058104467
-0.43603604 	-0.05 	0.01 	62.95077 	-3.7503003 	0.058103846
-0.43483483 	-0.05 	0.01 	62.968239 	-3.7435871 	0.058103225
-0.43363363 	-0.05 	0.01 	62.985708 	-3.736874 	0.058102604
-0.43243243 	-0.05 	0.01 	63.005011 	-3.7456935 	0.05803412
-0.43123123 	-0.05 	0.01 	63.025587 	-3.7652891 	0.057918555
-0.43003003 	-0.05 	0.01 	63.046163 	-3.7848847 	0.057802989
-0.42882883 	-0.05 	0.01 	63.066739 	-3.8044804 	0.057687424
-0.42762763 	-0.05 	0.01 	63.087315 	-3.824076 	0.057571859
-0.42642643 	-0.05 	0.01 	63.108283 	-3.8438119 	0.057443212
-0.42522523 	-0.05 	0.01 	63.12965 	-3.8636902 	0.057301281
-0.42402402 	-0.05 	0.01 	63.151017 	-3.8835685 	0.057159349
-0.42282282 	-0.05 	0.01 	63.172384 	-3.9034468 	0.057017418
-0.42162162 	-0.05 	0.01 	63.19375 	-3.9233251 	0.056875486
-0.42042042 	-0.05 	0.01 	63.215345 	-3.9328459 	0.056677688
-0.41921922 	-0.05 	0.01 	63.237248 	-3.9284148 	0.056404636
-0.41801802 	-0.05 	0.01 	63.25915 	-3.9239838 	0.056131584
-0.41681682 	-0.05 	0.01 	63.28107 	-3.9195555 	0.056099124
-0.41561562 	-0.05 	0.01 	63.302991 	-3.9151276 	0.056099186
-0.41441441 	-0.05 	0.01 	63.324913 	-3.9106997 	0.056099248
-0.41321321 	-0.05 	0.01 	63.346835 	-3.9062718 	0.056099309
-0.41201201 	-0.05 	0.01 	63.368756 	-3.9018439 	0.056099371
-0.41081081 	-0.05 	0.01 	63.390678 	-3.8974159 	0.056099433
-0.40960961 	-0.05 	0.01 	63.4126 	-3.892988 	0.056099495
-0.40840841 	-0.05 	0.01 	63.434522 	-3.8885601 	0.056099556
-0.40720721 	-0.05 	0.01 	63.456443 	-3.8841322 	0.056099618
-0.40600601 	-0.05 	0.01 	63.478365 	-3.8797042 	0.05609968
-0.4048048 	-0.05 	0.01 	63.500287 	-3.8752763 	0.056099742
-0.4036036 	-0.05 	0.01 	63.522209 	-3.8708484 	0.056099803
-0.4024024 	-0.05 	0.01 	63.544802 	-3.8615434 	0.056074276
-0.4012012 	-0.05 	0.01 	63.570281 	-3.8312663 	0.055938712
-0.4 	-0.05 	0.01 	63.59576 	-3.8009893 	0.055803148
-0.3987988 	-0.05 	0.01 	63.62124 	-3.7707122 	0.055667583
-0.3975976 	-0.05 	0.01 	63.646719 	-3.7404352 	0.055532019
-0.3963964 	-0.05 	0.01 	63.672149 	-3.7103435 	0.055394473
-0.3951952 	-0.05 	0.01 	63.697183 	-3.6817449 	0.055240963
-0.39399399 	-0.05 	0.01 	63.722216 	-3.6531464 	0.055087454
-0.39279279 	-0.05 	0.01 	63.747249 	-3.6245478 	0.054933944
-0.39159159 	-0.05 	0.01 	63.772283 	-3.5959492 	0.054780434
-0.39039039 	-0.05 	0.01 	63.796949 	-3.5686887 	0.054621438
-0.38918919 	-0.05 	0.01 	63.811725 	-3.5774986 	0.05431452
-0.38798799 	-0.05 	0.01 	63.8265 	-3.5863085 	0.054007603
-0.38678679 	-0.05 	0.01 	63.841285 	-3.5951178 	0.053852543
-0.38558559 	-0.05 	0.01 	63.856079 	-3.6039265 	0.053852328
-0.38438438 	-0.05 	0.01 	63.870874 	-3.6127352 	0.053852113
-0.38318318 	-0.05 	0.01 	63.885668 	-3.6215439 	0.053851898
-0.38198198 	-0.05 	0.01 	63.900462 	-3.6303526 	0.053851683
-0.38078078 	-0.05 	0.01 	63.915257 	-3.6391613 	0.053851468
-0.37957958 	-0.05 	0.01 	63.930051 	-3.64797 	0.053851253
-0.37837838 	-0.05 	0.01 	63.944845 	-3.6567787 	0.053851038
-0.37717718 	-0.05 	0.01 	63.95964 	-3.6655873 	0.053850823
-0.37597598 	-0.05 	0.01 	63.974434 	-3.674396 	0.053850608
-0.37477477 	-0.05 	0.01 	63.989228 	-3.6832047 	0.053850393
-0.37357357 	-0.05 	0.01 	64.004023 	-3.6920134 	0.053850178
-0.37237237 	-0.05 	0.01 	64.018817 	-3.7008221 	0.053849963
-0.37117117 	-0.05 	0.01 	64.022806 	-3.7453189 	0.053730695
-0.36996997 	-0.05 	0.01 	64.023717 	-3.7999822 	0.053577512
-0.36876877 	-0.05 	0.01 	64.024628 	-3.8546454 	0.053424329
-0.36756757 	-0.05 	0.01 	64.025539 	-3.9093087 	0.053271146
-0.36636637 	-0.05 	0.01 	64.02645 	-3.963972 	0.053117963
-0.36516517 	-0.05 	0.01 	64.028126 	-4.0157059 	0.052951936
-0.36396396 	-0.05 	0.01 	64.030092 	-4.0663293 	0.052781041
-0.36276276 	-0.05 	0.01 	64.032057 	-4.1169528 	0.052610147
-0.36156156 	-0.05 	0.01 	64.034023 	-4.1675763 	0.052439252
-0.36036036 	-0.05 	0.01 	64.035989 	-4.2181997 	0.052268357
-0.35915916 	-0.05 	0.01 	64.047401 	-4.2172867 	0.051979421
-0.35795796 	-0.05 	0.01 	64.06292 	-4.193967 	0.051639164
-0.35675676 	-0.05 	0.01 	64.078441 	-4.1706478 	0.051336474
-0.35555556 	-0.05 	0.01 	64.093977 	-4.1473325 	0.051335903
-0.35435435 	-0.05 	0.01 	64.109512 	-4.1240171 	0.051335331
-0.35315315 	-0.05 	0.01 	64.125048 	-4.1007018 	0.05133476
-0.35195195 	-0.05 	0.01 	64.140584 	-4.0773864 	0.051334188
-0.35075075 	-0.05 	0.01 	64.156119 	-4.054071 	0.051333617
-0.34954955 	-0.05 	0.01 	64.171655 	-4.0307557 	0.051333045
-0.34834835 	-0.05 	0.01 	64.18719 	-4.0074403 	0.051332474
-0.34714715 	-0.05 	0.01 	64.202726 	-3.9841249 	0.051331902
-0.34594595 	-0.05 	0.01 	64.218261 	-3.9608096 	0.051331331
-0.34474474 	-0.05 	0.01 	64.233797 	-3.9374942 	0.051330759
-0.34354354 	-0.05 	0.01 	64.249333 	-3.9141789 	0.051330188
-0.34234234 	-0.05 	0.01 	64.264868 	-3.8908635 	0.051329616
-0.34114114 	-0.05 	0.01 	64.283376 	-3.841443 	0.051276949
-0.33993994 	-0.05 	0.01 	64.308259 	-3.7360332 	0.051112549
-0.33873874 	-0.05 	0.01 	64.333141 	-3.6306234 	0.050948149
-0.33753754 	-0.05 	0.01 	64.358024 	-3.5252136 	0.050783749
-0.33633634 	-0.05 	0.01 	64.382907 	-3.4198038 	0.050619349
-0.33513514 	-0.05 	0.01 	64.408512 	-3.3148578 	0.050446312
-0.33393393 	-0.05 	0.01 	64.4355 	-3.2107986 	0.050256755
-0.33273273 	-0.05 	0.01 	64.462488 	-3.1067394 	0.050067197
-0.33153153 	-0.05 	0.01 	64.489476 	-3.0026802 	0.04987764
-0.33033033 	-0.05 	0.01 	64.516464 	-2.898621 	0.049688082
-0.32912913 	-0.05 	0.01 	64.542194 	-2.8316969 	0.049422963
-0.32792793 	-0.05 	0.01 	64.566132 	-2.8176305 	0.049050289
-0.32672673 	-0.05 	0.01 	64.590071 	-2.8035641 	0.048677615
-0.32552553 	-0.05 	0.01 	64.614022 	-2.7894889 	0.048575742
-0.32432432 	-0.05 	0.01 	64.637978 	-2.7754104 	0.048574796
-0.32312312 	-0.05 	0.01 	64.661934 	-2.761332 	0.048573851
-0.32192192 	-0.05 	0.01 	64.68589 	-2.7472535 	0.048572905
-0.32072072 	-0.05 	0.01 	64.709846 	-2.733175 	0.048571959
-0.31951952 	-0.05 	0.01 	64.733802 	-2.7190965 	0.048571013
-0.31831832 	-0.05 	0.01 	64.757758 	-2.705018 	0.048570067
-0.31711712 	-0.05 	0.01 	64.781714 	-2.6909395 	0.048569121
-0.31591592 	-0.05 	0.01 	64.80567 	-2.676861 	0.048568175
-0.31471471 	-0.05 	0.01 	64.829626 	-2.6627825 	0.048567229
-0.31351351 	-0.05 	0.01 	64.853582 	-2.648704 	0.048566283
-0.31231231 	-0.05 	0.01 	64.877538 	-2.6346255 	0.048565338
-0.31111111 	-0.05 	0.01 	64.901494 	-2.620547 	0.048564392
-0.30990991 	-0.05 	0.01 	64.925951 	-2.6793417 	0.048415033
-0.30870871 	-0.05 	0.01 	64.950525 	-2.7551472 	0.048231031
-0.30750751 	-0.05 	0.01 	64.975099 	-2.8309528 	0.048047028
-0.30630631 	-0.05 	0.01 	64.999672 	-2.9067583 	0.047863025
-0.30510511 	-0.05 	0.01 	65.024246 	-2.9825639 	0.047679023
-0.3039039 	-0.05 	0.01 	65.049275 	-3.0593162 	0.047476234
-0.3027027 	-0.05 	0.01 	65.074321 	-3.1361058 	0.047272703
-0.3015015 	-0.05 	0.01 	65.099368 	-3.2128955 	0.047069172
-0.3003003 	-0.05 	0.01 	65.124414 	-3.2896852 	0.046865641
-0.2990991 	-0.05 	0.01 	65.149363 	-3.3553294 	0.046634478
-0.2978979 	-0.05 	0.01 	65.173696 	-3.3508195 	0.046229381
-0.2966967 	-0.05 	0.01 	65.19803 	-3.3463097 	0.045824284
-0.2954955 	-0.05 	0.01 	65.22237 	-3.3418008 	0.045559696
-0.29429429 	-0.05 	0.01 	65.246723 	-3.3372937 	0.045559705
-0.29309309 	-0.05 	0.01 	65.271076 	-3.3327866 	0.045559715
-0.29189189 	-0.05 	0.01 	65.295429 	-3.3282796 	0.045559724
-0.29069069 	-0.05 	0.01 	65.319782 	-3.3237725 	0.045559734
-0.28948949 	-0.05 	0.01 	65.344136 	-3.3192654 	0.045559744
-0.28828829 	-0.05 	0.01 	65.368489 	-3.3147584 	0.045559753
-0.28708709 	-0.05 	0.01 	65.392842 	-3.3102513 	0.045559763
-0.28588589 	-0.05 	0.01 	65.417195 	-3.3057442 	0.045559772
-0.28468468 	-0.05 	0.01 	65.441548 	-3.3012372 	0.045559782
-0.28348348 	-0.05 	0.01 	65.465901 	-3.2967301 	0.045559792
-0.28228228 	-0.05 	0.01 	65.490254 	-3.292223 	0.045559801
-0.28108108 	-0.05 	0.01 	65.514607 	-3.287716 	0.045559811
-0.27987988 	-0.05 	0.01 	65.538962 	-3.2504976 	0.045478809
-0.27867868 	-0.05 	0.01 	65.563319 	-3.1648176 	0.045277789
-0.27747748 	-0.05 	0.01 	65.587676 	-3.0791376 	0.04507677
-0.27627628 	-0.05 	0.01 	65.612033 	-2.9934575 	0.04487575
-0.27507508 	-0.05 	0.01 	65.63639 	-2.9077775 	0.044674731
-0.27387387 	-0.05 	0.01 	65.661476 	-2.8217725 	0.044462636
-0.27267267 	-0.05 	0.01 	65.687098 	-2.7355283 	0.044242391
-0.27147147 	-0.05 	0.01 	65.71272 	-2.6492842 	0.044022147
-0.27027027 	-0.05 	0.01 	65.738341 	-2.56304 	0.043801903
-0.26906907 	-0.05 	0.01 	65.763963 	-2.4767959 	0.043581659
-0.26786787 	-0.05 	0.01 	65.795997 	-2.4495831 	0.043197081
-0.26666667 	-0.05 	0.01 	65.830105 	-2.4414737 	0.042759322
-0.26546547 	-0.05 	0.01 	65.864213 	-2.4333643 	0.042321564
-0.26426426 	-0.05 	0.01 	65.898337 	-2.4252513 	0.042304392
-0.26306306 	-0.05 	0.01 	65.932462 	-2.417138 	0.042304062
-0.26186186 	-0.05 	0.01 	65.966587 	-2.4090248 	0.042303732
-0.26066066 	-0.05 	0.01 	66.000712 	-2.4009116 	0.042303402
-0.25945946 	-0.05 	0.01 	66.034837 	-2.3927984 	0.042303073
-0.25825826 	-0.05 	0.01 	66.068962 	-2.3846852 	0.042302743
-0.25705706 	-0.05 	0.01 	66.103086 	-2.376572 	0.042302413
-0.25585586 	-0.05 	0.01 	66.137211 	-2.3684588 	0.042302083
-0.25465465 	-0.05 	0.01 	66.171336 	-2.3603456 	0.042301754
-0.25345345 	-0.05 	0.01 	66.205461 	-2.3522323 	0.042301424
-0.25225225 	-0.05 	0.01 	66.239586 	-2.3441191 	0.042301094
-0.25105105 	-0.05 	0.01 	66.273711 	-2.3360059 	0.042300764
-0.24984985 	-0.05 	0.01 	66.307835 	-2.3278927 	0.042300435
-0.24864865 	-0.05 	0.01 	66.352712 	-2.390177 	0.042086609
-0.24744745 	-0.05 	0.01 	66.397693 	-2.4531476 	0.041870702
-0.24624625 	-0.05 	0.01 	66.442674 	-2.5161181 	0.041654795
-0.24504505 	-0.05 	0.01 	66.487655 	-2.5790887 	0.041438889
-0.24384384 	-0.05 	0.01 	66.532435 	-2.6424804 	0.041219294
-0.24264264 	-0.05 	0.01 	66.576372 	-2.7076279 	0.04098433
-0.24144144 	-0.05 	0.01 	66.620309 	-2.7727753 	0.040749365
-0.24024024 	-0.05 	0.01 	66.664246 	-2.8379228 	0.0405144
-0.23903904 	-0.05 	0.01 	66.708183 	-2.9030702 	0.040279436
-0.23783784 	-0.05 	0.01 	66.744885 	-2.9421906 	0.039944751
-0.23663664 	-0.05 	0.01 	66.771651 	-2.945561 	0.039473092
-0.23543544 	-0.05 	0.01 	66.798416 	-2.9489314 	0.039001434
-0.23423423 	-0.05 	0.01 	66.825193 	-2.9523024 	0.038802034
-0.23303303 	-0.05 	0.01 	66.851977 	-2.9556738 	0.038801168
-0.23183183 	-0.05 	0.01 	66.87876 	-2.9590453 	0.038800302
-0.23063063 	-0.05 	0.01 	66.905544 	-2.9624167 	0.038799436
-0.22942943 	-0.05 	0.01 	66.932328 	-2.9657882 	0.038798571
-0.22822823 	-0.05 	0.01 	66.959112 	-2.9691596 	0.038797705
-0.22702703 	-0.05 	0.01 	66.985896 	-2.9725311 	0.038796839
-0.22582583 	-0.05 	0.01 	67.01268 	-2.9759026 	0.038795973
-0.22462462 	-0.05 	0.01 	67.039464 	-2.979274 	0.038795107
-0.22342342 	-0.05 	0.01 	67.066248 	-2.9826455 	0.038794242
-0.22222222 	-0.05 	0.01 	67.093032 	-2.9860169 	0.038793376
-0.22102102 	-0.05 	0.01 	67.119816 	-2.9893884 	0.03879251
-0.21981982 	-0.05 	0.01 	67.1466 	-2.9927598 	0.038791644
-0.21861862 	-0.05 	0.01 	67.163133 	-2.9710676 	0.038667782
-0.21741742 	-0.05 	0.01 	67.170333 	-2.9265589 	0.03843195
-0.21621622 	-0.05 	0.01 	67.177533 	-2.8820503 	0.038196118
-0.21501502 	-0.05 	0.01 	67.184734 	-2.8375416 	0.037960286
-0.21381381 	-0.05 	0.01 	67.191934 	-2.7930329 	0.037724455
-0.21261261 	-0.05 	0.01 	67.198552 	-2.7454299 	0.037476047
-0.21141141 	-0.05 	0.01 	67.205034 	-2.6971007 	0.037224689
-0.21021021 	-0.05 	0.01 	67.211516 	-2.6487716 	0.036973331
-0.20900901 	-0.05 	0.01 	67.217998 	-2.6004424 	0.036721973
-0.20780781 	-0.05 	0.01 	67.226082 	-2.5555471 	0.036435702
-0.20660661 	-0.05 	0.01 	67.24418 	-2.5321136 	0.035931225
-0.20540541 	-0.05 	0.01 	67.262279 	-2.5086802 	0.035426747
-0.2042042 	-0.05 	0.01 	67.280381 	-2.4852456 	0.035020034
-0.203003 	-0.05 	0.01 	67.298498 	-2.4618064 	0.035018813
-0.2018018 	-0.05 	0.01 	67.316614 	-2.4383673 	0.035017592
-0.2006006 	-0.05 	0.01 	67.33473 	-2.4149281 	0.035016371
-0.1993994 	-0.05 	0.01 	67.352846 	-2.391489 	0.03501515
-0.1981982 	-0.05 	0.01 	67.370963 	-2.3680498 	0.035013929
-0.196997 	-0.05 	0.01 	67.389079 	-2.3446107 	0.035012709
-0.1957958 	-0.05 	0.01 	67.407195 	-2.3211715 	0.035011488
-0.19459459 	-0.05 	0.01 	67.425312 	-2.2977323 	0.035010267
-0.19339339 	-0.05 	0.01 	67.443428 	-2.2742932 	0.035009046
-0.19219219 	-0.05 	0.01 	67.461544 	-2.250854 	0.035007825
-0.19099099 	-0.05 	0.01 	67.479661 	-2.2274149 	0.035006604
-0.18978979 	-0.05 	0.01 	67.497777 	-2.2039757 	0.035005383
-0.18858859 	-0.05 	0.01 	67.516037 	-2.1808723 	0.034999404
-0.18738739 	-0.05 	0.01 	67.541716 	-2.1751168 	0.034747497
-0.18618619 	-0.05 	0.01 	67.567395 	-2.1693614 	0.034495591
-0.18498498 	-0.05 	0.01 	67.593074 	-2.1636059 	0.034243684
-0.18378378 	-0.05 	0.01 	67.618754 	-2.1578505 	0.033991778
-0.18258258 	-0.05 	0.01 	67.645245 	-2.1525908 	0.033735237
-0.18138138 	-0.05 	0.01 	67.672829 	-2.147998 	0.03347246
-0.18018018 	-0.05 	0.01 	67.700412 	-2.1434051 	0.033209683
-0.17897898 	-0.05 	0.01 	67.727996 	-2.1388123 	0.032946906
-0.17777778 	-0.05 	0.01 	67.75558 	-2.1342195 	0.032684129
-0.17657658 	-0.05 	0.01 	67.785233 	-2.1225321 	0.032182631
-0.17537538 	-0.05 	0.01 	67.815234 	-2.109653 	0.031641036
-0.17417417 	-0.05 	0.01 	67.845235 	-2.0967738 	0.031099441
-0.17297297 	-0.05 	0.01 	67.875253 	-2.0838937 	0.030997216
-0.17177177 	-0.05 	0.01 	67.905276 	-2.0710134 	0.030997228
-0.17057057 	-0.05 	0.01 	67.935299 	-2.058133 	0.03099724
-0.16936937 	-0.05 	0.01 	67.965322 	-2.0452527 	0.030997252
-0.16816817 	-0.05 	0.01 	67.995344 	-2.0323724 	0.030997264
-0.16696697 	-0.05 	0.01 	68.025367 	-2.019492 	0.030997276
-0.16576577 	-0.05 	0.01 	68.05539 	-2.0066117 	0.030997288
-0.16456456 	-0.05 	0.01 	68.085413 	-1.9937313 	0.0309973
-0.16336336 	-0.05 	0.01 	68.115435 	-1.980851 	0.030997312
-0.16216216 	-0.05 	0.01 	68.145458 	-1.9679706 	0.030997324
-0.16096096 	-0.05 	0.01 	68.175481 	-1.9550903 	0.030997336
-0.15975976 	-0.05 	0.01 	68.205504 	-1.9422099 	0.030997348
-0.15855856 	-0.05 	0.01 	68.235526 	-1.9293296 	0.03099736
-0.15735736 	-0.05 	0.01 	68.266994 	-1.9102584 	0.030830002
-0.15615616 	-0.05 	0.01 	68.299372 	-1.8872789 	0.030556984
-0.15495495 	-0.05 	0.01 	68.331751 	-1.8642994 	0.030283966
-0.15375375 	-0.05 	0.01 	68.36413 	-1.84132 	0.030010949
-0.15255255 	-0.05 	0.01 	68.396561 	-1.8182877 	0.029737137
-0.15135135 	-0.05 	0.01 	68.430186 	-1.7940373 	0.029444997
-0.15015015 	-0.05 	0.01 	68.463812 	-1.7697868 	0.029152856
-0.14894895 	-0.05 	0.01 	68.497437 	-1.7455364 	0.028860716
-0.14774775 	-0.05 	0.01 	68.531063 	-1.721286 	0.028568575
-0.14654655 	-0.05 	0.01 	68.567175 	-1.6967243 	0.028140273
-0.14534535 	-0.05 	0.01 	68.606002 	-1.6718227 	0.027563305
-0.14414414 	-0.05 	0.01 	68.644829 	-1.6469212 	0.026986336
-0.14294294 	-0.05 	0.01 	68.683662 	-1.6220164 	0.026654855
-0.14174174 	-0.05 	0.01 	68.722504 	-1.5971075 	0.026654254
-0.14054054 	-0.05 	0.01 	68.761345 	-1.5721985 	0.026653653
-0.13933934 	-0.05 	0.01 	68.800187 	-1.5472895 	0.026653053
-0.13813814 	-0.05 	0.01 	68.839029 	-1.5223806 	0.026652452
-0.13693694 	-0.05 	0.01 	68.877871 	-1.4974716 	0.026651851
-0.13573574 	-0.05 	0.01 	68.916713 	-1.4725627 	0.02665125
-0.13453453 	-0.05 	0.01 	68.955555 	-1.4476537 	0.026650649
-0.13333333 	-0.05 	0.01 	68.994397 	-1.4227447 	0.026650048
-0.13213213 	-0.05 	0.01 	69.033238 	-1.3978358 	0.026649447
-0.13093093 	-0.05 	0.01 	69.07208 	-1.3729268 	0.026648846
-0.12972973 	-0.05 	0.01 	69.110922 	-1.3480178 	0.026648246
-0.12852853 	-0.05 	0.01 	69.149764 	-1.3231089 	0.026647645
-0.12732733 	-0.05 	0.01 	69.18864 	-1.2977046 	0.026593325
-0.12612613 	-0.05 	0.01 	69.227668 	-1.2701269 	0.026303265
-0.12492492 	-0.05 	0.01 	69.266695 	-1.2425492 	0.026013205
-0.12372372 	-0.05 	0.01 	69.305722 	-1.2149715 	0.025723145
-0.12252252 	-0.05 	0.01 	69.34475 	-1.1873939 	0.025433085
-0.12132132 	-0.05 	0.01 	69.384444 	-1.1584844 	0.025141571
-0.12012012 	-0.05 	0.01 	69.424489 	-1.1288749 	0.024849292
-0.11891892 	-0.05 	0.01 	69.464534 	-1.0992655 	0.024557013
-0.11771772 	-0.05 	0.01 	69.504579 	-1.069656 	0.024264734
-0.11651652 	-0.05 	0.01 	69.545374 	-1.0377645 	0.023925262
-0.11531532 	-0.05 	0.01 	69.590255 	-0.99343809 	0.023328631
-0.11411411 	-0.05 	0.01 	69.635136 	-0.9491117 	0.022732001
-0.11291291 	-0.05 	0.01 	69.680017 	-0.9047842 	0.022158632
-0.11171171 	-0.05 	0.01 	69.724914 	-0.86042953 	0.022157189
-0.11051051 	-0.05 	0.01 	69.76981 	-0.81607486 	0.022155745
-0.10930931 	-0.05 	0.01 	69.814707 	-0.77172019 	0.022154301
-0.10810811 	-0.05 	0.01 	69.859603 	-0.72736552 	0.022152857
-0.10690691 	-0.05 	0.01 	69.9045 	-0.68301085 	0.022151414
-0.10570571 	-0.05 	0.01 	69.949396 	-0.63865618 	0.02214997
-0.1045045 	-0.05 	0.01 	69.994293 	-0.59430151 	0.022148526
-0.1033033 	-0.05 	0.01 	70.039189 	-0.54994684 	0.022147083
-0.1021021 	-0.05 	0.01 	70.084086 	-0.50559217 	0.022145639
-0.1009009 	-0.05 	0.01 	70.128983 	-0.4612375 	0.022144195
-0.0996997 	-0.05 	0.01 	70.173879 	-0.41688284 	0.022142751
-0.098498498 	-0.05 	0.01 	70.218776 	-0.37252817 	0.022141308
-0.097297297 	-0.05 	0.01 	70.263672 	-0.3281735 	0.022139864
-0.096096096 	-0.05 	0.01 	70.305779 	-0.2735387 	0.021930659
-0.094894895 	-0.05 	0.01 	70.346626 	-0.21426686 	0.02162774
-0.093693694 	-0.05 	0.01 	70.387474 	-0.15499503 	0.021324821
-0.092492492 	-0.05 	0.01 	70.428322 	-0.095723199 	0.021021901
-0.091291291 	-0.05 	0.01 	70.469186 	-0.035414003 	0.020722853
-0.09009009 	-0.05 	0.01 	70.510092 	0.027743985 	0.020434433
-0.088888889 	-0.05 	0.01 	70.550999 	0.090901973 	0.020146014
-0.087687688 	-0.05 	0.01 	70.591906 	0.15405996 	0.019857594
-0.086486486 	-0.05 	0.01 	70.632813 	0.21721795 	0.019569175
-0.085285285 	-0.05 	0.01 	70.681307 	0.29531125 	0.018973838
-0.084084084 	-0.05 	0.01 	70.730684 	0.37514163 	0.018342805
-0.082882883 	-0.05 	0.01 	70.780061 	0.45497201 	0.017711772
-0.081681682 	-0.05 	0.01 	70.829438 	0.53480042 	0.017489548
-0.08048048 	-0.05 	0.01 	70.878817 	0.61462778 	0.017487159
-0.079279279 	-0.05 	0.01 	70.928195 	0.69445513 	0.01748477
-0.078078078 	-0.05 	0.01 	70.977573 	0.77428249 	0.017482381
-0.076876877 	-0.05 	0.01 	71.026951 	0.85410984 	0.017479992
-0.075675676 	-0.05 	0.01 	71.076329 	0.93393719 	0.017477603
-0.074474474 	-0.05 	0.01 	71.125707 	1.0137645 	0.017475214
-0.073273273 	-0.05 	0.01 	71.175085 	1.0935919 	0.017472825
-0.072072072 	-0.05 	0.01 	71.224463 	1.1734193 	0.017470436
-0.070870871 	-0.05 	0.01 	71.273841 	1.2532466 	0.017468047
-0.06966967 	-0.05 	0.01 	71.323219 	1.333074 	0.017465658
-0.068468468 	-0.05 	0.01 	71.372597 	1.4129013 	0.017463269
-0.067267267 	-0.05 	0.01 	71.421976 	1.4927287 	0.01746088
-0.066066066 	-0.05 	0.01 	71.469419 	1.574387 	0.017413794
-0.064864865 	-0.05 	0.01 	71.504176 	1.668049 	0.01707367
-0.063663664 	-0.05 	0.01 	71.538934 	1.761711 	0.016733546
-0.062462462 	-0.05 	0.01 	71.573692 	1.8553729 	0.016393422
-0.061261261 	-0.05 	0.01 	71.608449 	1.9490349 	0.016053298
-0.06006006 	-0.05 	0.01 	71.631905 	2.0530433 	0.015746549
-0.058858859 	-0.05 	0.01 	71.653802 	2.1584791 	0.015444404
-0.057657658 	-0.05 	0.01 	71.675698 	2.2639149 	0.01514226
-0.056456456 	-0.05 	0.01 	71.697595 	2.3693508 	0.014840115
-0.055255255 	-0.05 	0.01 	71.70614 	2.5083314 	0.014340932
-0.054054054 	-0.05 	0.01 	71.703791 	2.6746835 	0.013680971
-0.052852853 	-0.05 	0.01 	71.701441 	2.8410357 	0.013021009
-0.051651652 	-0.05 	0.01 	71.700074 	3.0099567 	0.012516371
-0.05045045 	-0.05 	0.01 	71.701944 	3.187346 	0.012523783
-0.049249249 	-0.05 	0.01 	71.703814 	3.3647354 	0.012531195
-0.048048048 	-0.05 	0.01 	71.705684 	3.5421248 	0.012538607
-0.046846847 	-0.05 	0.01 	71.707554 	3.7195141 	0.012546018
-0.045645646 	-0.05 	0.01 	71.709424 	3.8969035 	0.01255343
-0.044444444 	-0.05 	0.01 	71.711293 	4.0742929 	0.012560842
-0.043243243 	-0.05 	0.01 	71.713163 	4.2516822 	0.012568254
-0.042042042 	-0.05 	0.01 	71.715033 	4.4290716 	0.012575666
-0.040840841 	-0.05 	0.01 	71.716903 	4.606461 	0.012583077
-0.03963964 	-0.05 	0.01 	71.718773 	4.7838503 	0.012590489
-0.038438438 	-0.05 	0.01 	71.720643 	4.9612397 	0.012597901
-0.037237237 	-0.05 	0.01 	71.722513 	5.1386291 	0.012605313
-0.036036036 	-0.05 	0.01 	71.720341 	5.3198549 	0.012589602
-0.034834835 	-0.05 	0.01 	71.668489 	5.5482338 	0.012289702
-0.033633634 	-0.05 	0.01 	71.616637 	5.7766128 	0.011989802
-0.032432432 	-0.05 	0.01 	71.564785 	6.0049917 	0.011689902
-0.031231231 	-0.05 	0.01 	71.512933 	6.2333707 	0.011390002
-0.03003003 	-0.05 	0.01 	71.421564 	6.4744971 	0.011066176
-0.028828829 	-0.05 	0.01 	71.273691 	6.733851 	0.010708138
-0.027627628 	-0.05 	0.01 	71.125817 	6.9932049 	0.010350101
-0.026426426 	-0.05 	0.01 	70.977944 	7.2525587 	0.0099920632
-0.025225225 	-0.05 	0.01 	70.83007 	7.5119126 	0.0096340256
-0.024024024 	-0.05 	0.01 	70.682197 	7.7712665 	0.009275988
-0.022822823 	-0.05 	0.01 	70.534323 	8.0306204 	0.0089179504
-0.021621622 	-0.05 	0.01 	70.38645 	8.2899743 	0.0085599128
-0.02042042 	-0.05 	0.01 	70.300124 	8.5446907 	0.0084826802
-0.019219219 	-0.05 	0.01 	70.22117 	8.7720433 	0.0084826802
-0.018018018 	-0.05 	0.01 	70.142217 	8.9993958 	0.0084826802
-0.016816817 	-0.05 	0.01 	70.063264 	9.2267484 	0.0084826802
-0.015615616 	-0.05 	0.01 	69.984311 	9.4541009 	0.0084826802
-0.014414414 	-0.05 	0.01 	69.905358 	9.6814534 	0.0084826802
-0.013213213 	-0.05 	0.01 	69.763362 	9.7152959 	0.0084826802
-0.012012012 	-0.05 	0.01 	69.580295 	9.6230643 	0.0084826802
-0.010810811 	-0.05 	0.01 	69.397227 	9.5308328 	0.0084826802
-0.0096096096 	-0.05 	0.01 	69.214159 	9.4386012 	0.0084826802
-0.0084084084 	-0.05 	0.01 	69.074336 	9.3875806 	0.0082404091
-0.0072072072 	-0.05 	0.01 	68.966025 	9.3665899 	0.0078215978
-0.006006006 	-0.05 	0.01 	68.857713 	9.3455993 	0.0074027865
-0.0048048048 	-0.05 	0.01 	68.749402 	9.3246086 	0.0069839751
-0.0036036036 	-0.05 	0.01 	68.641091 	9.303618 	0.0065651638
-0.0024024024 	-0.05 	0.01 	68.532779 	9.2826273 	0.0061463524
-0.0012012012 	-0.05 	0.01 	68.424468 	9.2616366 	0.0057275411
-7.9675625e-15 	-0.05 	0.01 	68.316157 	9.240646 	0.0053087298
