-1.2 	-0.05 	0.182 	46.301774 	-2.8324462 	0.72994929
-1.1987988 	-0.05 	0.182 	46.30957 	-2.8337009 	0.73134165
-1.1975976 	-0.05 	0.182 	46.317365 	-2.8349557 	0.732734
-1.1963964 	-0.05 	0.182 	46.32516 	-2.8362104 	0.73412635
-1.1951952 	-0.05 	0.182 	46.332956 	-2.8374651 	0.7355187
-1.193994 	-0.05 	0.182 	46.340751 	-2.8387198 	0.73691105
-1.1927928 	-0.05 	0.182 	46.348546 	-2.8399745 	0.73830341
-1.1915916 	-0.05 	0.182 	46.356342 	-2.8412292 	0.73969576
-1.1903904 	-0.05 	0.182 	46.364137 	-2.8424839 	0.74108811
-1.1891892 	-0.05 	0.182 	46.371933 	-2.8437387 	0.74248046
-1.187988 	-0.05 	0.182 	46.379728 	-2.8449934 	0.74387281
-1.1867868 	-0.05 	0.182 	46.387523 	-2.8462481 	0.74526517
-1.1855856 	-0.05 	0.182 	46.395319 	-2.8475028 	0.74665752
-1.1843844 	-0.05 	0.182 	46.403114 	-2.8487575 	0.74804987
-1.1831832 	-0.05 	0.182 	46.41091 	-2.8500122 	0.74944222
-1.181982 	-0.05 	0.182 	46.418711 	-2.8512488 	0.75088916
-1.1807808 	-0.05 	0.182 	46.426537 	-2.8524035 	0.75258233
-1.1795796 	-0.05 	0.182 	46.434364 	-2.8535581 	0.75427551
-1.1783784 	-0.05 	0.182 	46.442191 	-2.8547128 	0.75596868
-1.1771772 	-0.05 	0.182 	46.450018 	-2.8558674 	0.75766185
-1.175976 	-0.05 	0.182 	46.457845 	-2.8570221 	0.75935503
-1.1747748 	-0.05 	0.182 	46.465672 	-2.8581768 	0.7610482
-1.1735736 	-0.05 	0.182 	46.473498 	-2.8593314 	0.76274137
-1.1723724 	-0.05 	0.182 	46.481325 	-2.8604861 	0.76443454
-1.1711712 	-0.05 	0.182 	46.489152 	-2.8616408 	0.76612772
-1.16997 	-0.05 	0.182 	46.496979 	-2.8627954 	0.76782089
-1.1687688 	-0.05 	0.182 	46.504806 	-2.8639501 	0.76951406
-1.1675676 	-0.05 	0.182 	46.512633 	-2.8651048 	0.77120723
-1.1663664 	-0.05 	0.182 	46.520459 	-2.8662594 	0.77290041
-1.1651652 	-0.05 	0.182 	46.528286 	-2.8674141 	0.77459358
-1.163964 	-0.05 	0.182 	46.536113 	-2.8685687 	0.77628675
-1.1627628 	-0.05 	0.182 	46.54394 	-2.8697234 	0.77797992
-1.1615616 	-0.05 	0.182 	46.551767 	-2.8708781 	0.7796731
-1.1603604 	-0.05 	0.182 	46.559593 	-2.8720327 	0.78136627
-1.1591592 	-0.05 	0.182 	46.56742 	-2.8731874 	0.78305944
-1.157958 	-0.05 	0.182 	46.60233 	-2.9060399 	0.7844874
-1.1567568 	-0.05 	0.182 	46.638688 	-2.9405882 	0.78590116
-1.1555556 	-0.05 	0.182 	46.675046 	-2.9751364 	0.78731493
-1.1543544 	-0.05 	0.182 	46.711405 	-3.0096847 	0.7887287
-1.1531532 	-0.05 	0.182 	46.747763 	-3.0442329 	0.79014246
-1.151952 	-0.05 	0.182 	46.784121 	-3.0787812 	0.79155623
-1.1507508 	-0.05 	0.182 	46.820479 	-3.1133294 	0.79297
-1.1495495 	-0.05 	0.182 	46.856838 	-3.1478777 	0.79438377
-1.1483483 	-0.05 	0.182 	46.893196 	-3.1824259 	0.79579753
-1.1471471 	-0.05 	0.182 	46.929554 	-3.2169742 	0.7972113
-1.1459459 	-0.05 	0.182 	46.965912 	-3.2515224 	0.79862507
-1.1447447 	-0.05 	0.182 	47.002271 	-3.2860707 	0.80003883
-1.1435435 	-0.05 	0.182 	47.038629 	-3.3206189 	0.8014526
-1.1423423 	-0.05 	0.182 	47.074987 	-3.3551672 	0.80286637
-1.1411411 	-0.05 	0.182 	47.111345 	-3.3897154 	0.80428013
-1.1399399 	-0.05 	0.182 	47.147704 	-3.4242637 	0.8056939
-1.1387387 	-0.05 	0.182 	47.184062 	-3.4588119 	0.80710767
-1.1375375 	-0.05 	0.182 	47.22042 	-3.4933602 	0.80852144
-1.1363363 	-0.05 	0.182 	47.256779 	-3.5279084 	0.8099352
-1.1351351 	-0.05 	0.182 	47.293137 	-3.5624567 	0.81134897
-1.1339339 	-0.05 	0.182 	47.329495 	-3.597005 	0.81276274
-1.1327327 	-0.05 	0.182 	47.365853 	-3.6315532 	0.8141765
-1.1315315 	-0.05 	0.182 	47.402212 	-3.6661015 	0.81559027
-1.1303303 	-0.05 	0.182 	47.438596 	-3.7006272 	0.81714971
-1.1291291 	-0.05 	0.182 	47.475009 	-3.7351288 	0.81886517
-1.1279279 	-0.05 	0.182 	47.511422 	-3.7696305 	0.82058063
-1.1267267 	-0.05 	0.182 	47.547835 	-3.8041321 	0.82229609
-1.1255255 	-0.05 	0.182 	47.584248 	-3.8386338 	0.82401156
-1.1243243 	-0.05 	0.182 	47.620661 	-3.8731354 	0.82572702
-1.1231231 	-0.05 	0.182 	47.657074 	-3.9076371 	0.82744248
-1.1219219 	-0.05 	0.182 	47.693487 	-3.9421387 	0.82915795
-1.1207207 	-0.05 	0.182 	47.7299 	-3.9766404 	0.83087341
-1.1195195 	-0.05 	0.182 	47.766312 	-4.011142 	0.83258887
-1.1183183 	-0.05 	0.182 	47.802725 	-4.0456436 	0.83430433
-1.1171171 	-0.05 	0.182 	47.839138 	-4.0801453 	0.8360198
-1.1159159 	-0.05 	0.182 	47.875551 	-4.1146469 	0.83773526
-1.1147147 	-0.05 	0.182 	47.911964 	-4.1491486 	0.83945072
-1.1135135 	-0.05 	0.182 	47.948377 	-4.1836502 	0.84116619
-1.1123123 	-0.05 	0.182 	47.98479 	-4.2181519 	0.84288165
-1.1111111 	-0.05 	0.182 	48.021203 	-4.2526535 	0.84459711
-1.1099099 	-0.05 	0.182 	48.057616 	-4.2871552 	0.84631257
-1.1087087 	-0.05 	0.182 	48.094029 	-4.3216568 	0.84802804
-1.1075075 	-0.05 	0.182 	48.130442 	-4.3561584 	0.8497435
-1.1063063 	-0.05 	0.182 	48.130339 	-4.4221 	0.85150719
-1.1051051 	-0.05 	0.182 	48.129341 	-4.4888134 	0.85327206
-1.1039039 	-0.05 	0.182 	48.128342 	-4.5555269 	0.85503693
-1.1027027 	-0.05 	0.182 	48.127344 	-4.6222404 	0.8568018
-1.1015015 	-0.05 	0.182 	48.126345 	-4.6889539 	0.85856667
-1.1003003 	-0.05 	0.182 	48.125346 	-4.7556673 	0.86033154
-1.0990991 	-0.05 	0.182 	48.124348 	-4.8223808 	0.86209641
-1.0978979 	-0.05 	0.182 	48.125077 	-4.8892498 	0.86382207
-1.0966967 	-0.05 	0.182 	48.138302 	-4.9572431 	0.8652642
-1.0954955 	-0.05 	0.182 	48.151526 	-5.0252364 	0.86670633
-1.0942943 	-0.05 	0.182 	48.164751 	-5.0932297 	0.86814847
-1.0930931 	-0.05 	0.182 	48.177975 	-5.1612231 	0.8695906
-1.0918919 	-0.05 	0.182 	48.191199 	-5.2292164 	0.87103273
-1.0906907 	-0.05 	0.182 	48.204424 	-5.2972097 	0.87247486
-1.0894895 	-0.05 	0.182 	48.217648 	-5.365203 	0.87391699
-1.0882883 	-0.05 	0.182 	48.239154 	-5.4130325 	0.87551696
-1.0870871 	-0.05 	0.182 	48.272562 	-5.4318811 	0.87734377
-1.0858859 	-0.05 	0.182 	48.305969 	-5.4507296 	0.87917058
-1.0846847 	-0.05 	0.182 	48.339377 	-5.4695782 	0.88099739
-1.0834835 	-0.05 	0.182 	48.372785 	-5.4884267 	0.8828242
-1.0822823 	-0.05 	0.182 	48.406192 	-5.5072753 	0.88465101
-1.0810811 	-0.05 	0.182 	48.4396 	-5.5261239 	0.88647783
-1.0798799 	-0.05 	0.182 	48.473008 	-5.5449724 	0.88830464
-1.0786787 	-0.05 	0.182 	48.506416 	-5.563821 	0.89013145
-1.0774775 	-0.05 	0.182 	48.539823 	-5.5826696 	0.89195826
-1.0762763 	-0.05 	0.182 	48.573231 	-5.6015181 	0.89378507
-1.0750751 	-0.05 	0.182 	48.606639 	-5.6203667 	0.89561188
-1.0738739 	-0.05 	0.182 	48.640046 	-5.6392153 	0.89743869
-1.0726727 	-0.05 	0.182 	48.673454 	-5.6580638 	0.89926551
-1.0714715 	-0.05 	0.182 	48.706862 	-5.6769124 	0.90109232
-1.0702703 	-0.05 	0.182 	48.74027 	-5.695761 	0.90291913
-1.0690691 	-0.05 	0.182 	48.773701 	-5.7146204 	0.90450325
-1.0678679 	-0.05 	0.182 	48.80714 	-5.7334832 	0.90601004
-1.0666667 	-0.05 	0.182 	48.840579 	-5.7523461 	0.90751682
-1.0654655 	-0.05 	0.182 	48.874018 	-5.7712089 	0.90902361
-1.0642643 	-0.05 	0.182 	48.907458 	-5.7900718 	0.91053039
-1.0630631 	-0.05 	0.182 	48.940897 	-5.8089346 	0.91203717
-1.0618619 	-0.05 	0.182 	48.974336 	-5.8277975 	0.91354396
-1.0606607 	-0.05 	0.182 	49.007775 	-5.8466603 	0.91505074
-1.0594595 	-0.05 	0.182 	49.041214 	-5.8655232 	0.91655752
-1.0582583 	-0.05 	0.182 	49.074653 	-5.884386 	0.91806431
-1.0570571 	-0.05 	0.182 	49.108092 	-5.9032489 	0.91957109
-1.0558559 	-0.05 	0.182 	49.141531 	-5.9221117 	0.92107788
-1.0546547 	-0.05 	0.182 	49.17497 	-5.9409746 	0.92258466
-1.0534535 	-0.05 	0.182 	49.20841 	-5.9598374 	0.92409144
-1.0522523 	-0.05 	0.182 	49.241849 	-5.9787003 	0.92559823
-1.0510511 	-0.05 	0.182 	49.275288 	-5.9975631 	0.92710501
-1.0498498 	-0.05 	0.182 	49.308727 	-6.016426 	0.9286118
-1.0486486 	-0.05 	0.182 	49.342166 	-6.0352888 	0.93011858
-1.0474474 	-0.05 	0.182 	49.375605 	-6.0541517 	0.93162536
-1.0462462 	-0.05 	0.182 	49.409044 	-6.0730145 	0.93313215
-1.045045 	-0.05 	0.182 	49.456648 	-6.024729 	0.93463208
-1.0438438 	-0.05 	0.182 	49.509768 	-5.9502934 	0.93612935
-1.0426426 	-0.05 	0.182 	49.562889 	-5.8758578 	0.93762662
-1.0414414 	-0.05 	0.182 	49.616009 	-5.8014222 	0.93912388
-1.0402402 	-0.05 	0.182 	49.669129 	-5.7269866 	0.94062115
-1.039039 	-0.05 	0.182 	49.72225 	-5.652551 	0.94211842
-1.0378378 	-0.05 	0.182 	49.77537 	-5.5781154 	0.94361569
-1.0366366 	-0.05 	0.182 	49.827934 	-5.5069365 	0.94508854
-1.0354354 	-0.05 	0.182 	49.879373 	-5.4423411 	0.94651202
-1.0342342 	-0.05 	0.182 	49.930813 	-5.3777458 	0.94793551
-1.033033 	-0.05 	0.182 	49.982252 	-5.3131504 	0.949359
-1.0318318 	-0.05 	0.182 	50.033692 	-5.248555 	0.95078249
-1.0306306 	-0.05 	0.182 	50.085131 	-5.1839597 	0.95220598
-1.0294294 	-0.05 	0.182 	50.136571 	-5.1193643 	0.95362946
-1.0282282 	-0.05 	0.182 	50.187616 	-5.0567372 	0.95506052
-1.027027 	-0.05 	0.182 	50.227751 	-5.0486379 	0.95670138
-1.0258258 	-0.05 	0.182 	50.267886 	-5.0405387 	0.95834224
-1.0246246 	-0.05 	0.182 	50.30802 	-5.0324394 	0.9599831
-1.0234234 	-0.05 	0.182 	50.348155 	-5.0243402 	0.96162396
-1.0222222 	-0.05 	0.182 	50.388289 	-5.0162409 	0.96326481
-1.021021 	-0.05 	0.182 	50.428424 	-5.0081417 	0.96490567
-1.0198198 	-0.05 	0.182 	50.468559 	-5.0000424 	0.96654653
-1.0186186 	-0.05 	0.182 	50.508693 	-4.9919432 	0.96818739
-1.0174174 	-0.05 	0.182 	50.548828 	-4.9838439 	0.96982824
-1.0162162 	-0.05 	0.182 	50.588963 	-4.9757446 	0.9714691
-1.015015 	-0.05 	0.182 	50.629097 	-4.9676454 	0.97310996
-1.0138138 	-0.05 	0.182 	50.669232 	-4.9595461 	0.97475082
-1.0126126 	-0.05 	0.182 	50.709367 	-4.9514469 	0.97639167
-1.0114114 	-0.05 	0.182 	50.749501 	-4.9433476 	0.97803253
-1.0102102 	-0.05 	0.182 	50.789636 	-4.9352484 	0.97967339
-1.009009 	-0.05 	0.182 	50.829771 	-4.9271491 	0.98131425
-1.0078078 	-0.05 	0.182 	50.869982 	-4.9191341 	0.9826831
-1.0066066 	-0.05 	0.182 	50.910198 	-4.9111237 	0.98403751
-1.0054054 	-0.05 	0.182 	50.950414 	-4.9031132 	0.98539192
-1.0042042 	-0.05 	0.182 	50.99063 	-4.8951027 	0.98674633
-1.003003 	-0.05 	0.182 	51.030846 	-4.8870922 	0.98810073
-1.0018018 	-0.05 	0.182 	51.071062 	-4.8790817 	0.98945514
-1.0006006 	-0.05 	0.182 	51.111278 	-4.8710712 	0.99080955
-0.9993994 	-0.05 	0.182 	51.151494 	-4.8630607 	0.99216396
-0.9981982 	-0.05 	0.182 	51.19171 	-4.8550503 	0.99351836
-0.996997 	-0.05 	0.182 	51.231926 	-4.8470398 	0.99487277
-0.9957958 	-0.05 	0.182 	51.272142 	-4.8390293 	0.99622718
-0.99459459 	-0.05 	0.182 	51.312358 	-4.8310188 	0.99758159
-0.99339339 	-0.05 	0.182 	51.352574 	-4.8230083 	0.99893599
-0.99219219 	-0.05 	0.182 	51.39279 	-4.8149978 	1.0002904
-0.99099099 	-0.05 	0.182 	51.433005 	-4.8069873 	1.0016448
-0.98978979 	-0.05 	0.182 	51.473221 	-4.7989769 	1.0029992
-0.98858859 	-0.05 	0.182 	51.513437 	-4.7909664 	1.0043536
-0.98738739 	-0.05 	0.182 	51.553653 	-4.7829559 	1.005708
-0.98618619 	-0.05 	0.182 	51.593869 	-4.7749454 	1.0070624
-0.98498498 	-0.05 	0.182 	51.634085 	-4.7669349 	1.0084168
-0.98378378 	-0.05 	0.182 	51.67939 	-4.7943322 	1.0098685
-0.98258258 	-0.05 	0.182 	51.727824 	-4.843505 	1.0113799
-0.98138138 	-0.05 	0.182 	51.776258 	-4.8926779 	1.0128913
-0.98018018 	-0.05 	0.182 	51.824693 	-4.9418507 	1.0144028
-0.97897898 	-0.05 	0.182 	51.873127 	-4.9910236 	1.0159142
-0.97777778 	-0.05 	0.182 	51.921561 	-5.0401964 	1.0174256
-0.97657658 	-0.05 	0.182 	51.969995 	-5.0893692 	1.0189371
-0.97537538 	-0.05 	0.182 	52.017346 	-5.1400548 	1.0204084
-0.97417417 	-0.05 	0.182 	52.063604 	-5.1922645 	1.0218395
-0.97297297 	-0.05 	0.182 	52.109862 	-5.2444743 	1.0232705
-0.97177177 	-0.05 	0.182 	52.15612 	-5.2966841 	1.0247015
-0.97057057 	-0.05 	0.182 	52.202378 	-5.3488939 	1.0261325
-0.96936937 	-0.05 	0.182 	52.248636 	-5.4011036 	1.0275635
-0.96816817 	-0.05 	0.182 	52.294894 	-5.4533134 	1.0289945
-0.96696697 	-0.05 	0.182 	52.334142 	-5.4869061 	1.0303215
-0.96576577 	-0.05 	0.182 	52.365548 	-5.499673 	1.0315322
-0.96456456 	-0.05 	0.182 	52.396955 	-5.5124399 	1.0327429
-0.96336336 	-0.05 	0.182 	52.428362 	-5.5252068 	1.0339536
-0.96216216 	-0.05 	0.182 	52.459768 	-5.5379737 	1.0351643
-0.96096096 	-0.05 	0.182 	52.491175 	-5.5507406 	1.036375
-0.95975976 	-0.05 	0.182 	52.522581 	-5.5635075 	1.0375856
-0.95855856 	-0.05 	0.182 	52.553988 	-5.5762745 	1.0387963
-0.95735736 	-0.05 	0.182 	52.585394 	-5.5890414 	1.040007
-0.95615616 	-0.05 	0.182 	52.616801 	-5.6018083 	1.0412177
-0.95495495 	-0.05 	0.182 	52.648208 	-5.6145752 	1.0424284
-0.95375375 	-0.05 	0.182 	52.679614 	-5.6273421 	1.0436391
-0.95255255 	-0.05 	0.182 	52.711021 	-5.640109 	1.0448498
-0.95135135 	-0.05 	0.182 	52.742427 	-5.6528759 	1.0460604
-0.95015015 	-0.05 	0.182 	52.773834 	-5.6656428 	1.0472711
-0.94894895 	-0.05 	0.182 	52.80524 	-5.6784097 	1.0484818
-0.94774775 	-0.05 	0.182 	52.836647 	-5.6911766 	1.0496925
-0.94654655 	-0.05 	0.182 	52.868054 	-5.7039435 	1.0509032
-0.94534535 	-0.05 	0.182 	52.89946 	-5.7167104 	1.0521139
-0.94414414 	-0.05 	0.182 	52.930867 	-5.7294773 	1.0533246
-0.94294294 	-0.05 	0.182 	52.962265 	-5.7422424 	1.0545526
-0.94174174 	-0.05 	0.182 	52.993557 	-5.7549831 	1.0560171
-0.94054054 	-0.05 	0.182 	53.024848 	-5.7677238 	1.0574815
-0.93933934 	-0.05 	0.182 	53.05614 	-5.7804645 	1.0589459
-0.93813814 	-0.05 	0.182 	53.087431 	-5.7932052 	1.0604104
-0.93693694 	-0.05 	0.182 	53.118723 	-5.8059458 	1.0618748
-0.93573574 	-0.05 	0.182 	53.150014 	-5.8186865 	1.0633392
-0.93453453 	-0.05 	0.182 	53.181306 	-5.8314272 	1.0648037
-0.93333333 	-0.05 	0.182 	53.212597 	-5.8441679 	1.0662681
-0.93213213 	-0.05 	0.182 	53.243889 	-5.8569086 	1.0677325
-0.93093093 	-0.05 	0.182 	53.27518 	-5.8696493 	1.069197
-0.92972973 	-0.05 	0.182 	53.306471 	-5.88239 	1.0706614
-0.92852853 	-0.05 	0.182 	53.337763 	-5.8951307 	1.0721258
-0.92732733 	-0.05 	0.182 	53.369054 	-5.9078713 	1.0735903
-0.92612613 	-0.05 	0.182 	53.400346 	-5.920612 	1.0750547
-0.92492492 	-0.05 	0.182 	53.431637 	-5.9333527 	1.0765192
-0.92372372 	-0.05 	0.182 	53.462929 	-5.9460934 	1.0779836
-0.92252252 	-0.05 	0.182 	53.488399 	-5.9467131 	1.0793479
-0.92132132 	-0.05 	0.182 	53.505991 	-5.9309276 	1.0805768
-0.92012012 	-0.05 	0.182 	53.523582 	-5.9151422 	1.0818057
-0.91891892 	-0.05 	0.182 	53.541174 	-5.8993567 	1.0830346
-0.91771772 	-0.05 	0.182 	53.558765 	-5.8835713 	1.0842635
-0.91651652 	-0.05 	0.182 	53.576357 	-5.8677858 	1.0854924
-0.91531532 	-0.05 	0.182 	53.593948 	-5.8520004 	1.0867213
-0.91411411 	-0.05 	0.182 	53.610826 	-5.8345241 	1.0878921
-0.91291291 	-0.05 	0.182 	53.627402 	-5.8163339 	1.0890384
-0.91171171 	-0.05 	0.182 	53.643978 	-5.7981437 	1.0901847
-0.91051051 	-0.05 	0.182 	53.660555 	-5.7799535 	1.0913309
-0.90930931 	-0.05 	0.182 	53.677131 	-5.7617633 	1.0924772
-0.90810811 	-0.05 	0.182 	53.693707 	-5.7435731 	1.0936235
-0.90690691 	-0.05 	0.182 	53.710649 	-5.7261628 	1.0947712
-0.90570571 	-0.05 	0.182 	53.734676 	-5.7238443 	1.0959479
-0.9045045 	-0.05 	0.182 	53.758702 	-5.7215259 	1.0971245
-0.9033033 	-0.05 	0.182 	53.782729 	-5.7192075 	1.0983012
-0.9021021 	-0.05 	0.182 	53.806755 	-5.716889 	1.0994778
-0.9009009 	-0.05 	0.182 	53.830782 	-5.7145706 	1.1006545
-0.8996997 	-0.05 	0.182 	53.854808 	-5.7122522 	1.1018311
-0.8984985 	-0.05 	0.182 	53.878835 	-5.7099338 	1.1030078
-0.8972973 	-0.05 	0.182 	53.902861 	-5.7076153 	1.1041844
-0.8960961 	-0.05 	0.182 	53.926888 	-5.7052969 	1.1053611
-0.89489489 	-0.05 	0.182 	53.950914 	-5.7029785 	1.1065378
-0.89369369 	-0.05 	0.182 	53.974941 	-5.70066 	1.1077144
-0.89249249 	-0.05 	0.182 	53.998967 	-5.6983416 	1.1088911
-0.89129129 	-0.05 	0.182 	54.022994 	-5.6960232 	1.1100677
-0.89009009 	-0.05 	0.182 	54.04702 	-5.6937047 	1.1112444
-0.88888889 	-0.05 	0.182 	54.071047 	-5.6913863 	1.112421
-0.88768769 	-0.05 	0.182 	54.095073 	-5.6890679 	1.1135977
-0.88648649 	-0.05 	0.182 	54.11915 	-5.6867621 	1.1147043
-0.88528529 	-0.05 	0.182 	54.143324 	-5.6844805 	1.1156767
-0.88408408 	-0.05 	0.182 	54.167499 	-5.6821989 	1.116649
-0.88288288 	-0.05 	0.182 	54.191673 	-5.6799173 	1.1176214
-0.88168168 	-0.05 	0.182 	54.215847 	-5.6776357 	1.1185938
-0.88048048 	-0.05 	0.182 	54.240021 	-5.6753541 	1.1195662
-0.87927928 	-0.05 	0.182 	54.264195 	-5.6730725 	1.1205385
-0.87807808 	-0.05 	0.182 	54.288369 	-5.6707909 	1.1215109
-0.87687688 	-0.05 	0.182 	54.312543 	-5.6685094 	1.1224833
-0.87567568 	-0.05 	0.182 	54.336717 	-5.6662278 	1.1234557
-0.87447447 	-0.05 	0.182 	54.360892 	-5.6639462 	1.124428
-0.87327327 	-0.05 	0.182 	54.385066 	-5.6616646 	1.1254004
-0.87207207 	-0.05 	0.182 	54.40924 	-5.659383 	1.1263728
-0.87087087 	-0.05 	0.182 	54.433414 	-5.6571014 	1.1273452
-0.86966967 	-0.05 	0.182 	54.457588 	-5.6548198 	1.1283175
-0.86846847 	-0.05 	0.182 	54.481762 	-5.6525382 	1.1292899
-0.86726727 	-0.05 	0.182 	54.505936 	-5.6502566 	1.1302623
-0.86606607 	-0.05 	0.182 	54.530111 	-5.647975 	1.1312347
-0.86486486 	-0.05 	0.182 	54.554285 	-5.6456935 	1.132207
-0.86366366 	-0.05 	0.182 	54.578459 	-5.6434119 	1.1331794
-0.86246246 	-0.05 	0.182 	54.602633 	-5.6411303 	1.1341518
-0.86126126 	-0.05 	0.182 	54.628848 	-5.6444519 	1.1351302
-0.86006006 	-0.05 	0.182 	54.657152 	-5.6535066 	1.1361148
-0.85885886 	-0.05 	0.182 	54.685456 	-5.6625613 	1.1370993
-0.85765766 	-0.05 	0.182 	54.71376 	-5.6716161 	1.1380839
-0.85645646 	-0.05 	0.182 	54.742065 	-5.6806708 	1.1390685
-0.85525526 	-0.05 	0.182 	54.770369 	-5.6897255 	1.1400531
-0.85405405 	-0.05 	0.182 	54.798673 	-5.6987802 	1.1410376
-0.85285285 	-0.05 	0.182 	54.827246 	-5.708061 	1.1419339
-0.85165165 	-0.05 	0.182 	54.855843 	-5.7173622 	1.1428222
-0.85045045 	-0.05 	0.182 	54.884441 	-5.7266634 	1.1437105
-0.84924925 	-0.05 	0.182 	54.913038 	-5.7359646 	1.1445987
-0.84804805 	-0.05 	0.182 	54.941636 	-5.7452658 	1.145487
-0.84684685 	-0.05 	0.182 	54.970234 	-5.754567 	1.1463753
-0.84564565 	-0.05 	0.182 	54.996524 	-5.7583868 	1.147258
-0.84444444 	-0.05 	0.182 	55.019389 	-5.7540724 	1.1481323
-0.84324324 	-0.05 	0.182 	55.042255 	-5.7497581 	1.1490067
-0.84204204 	-0.05 	0.182 	55.06512 	-5.7454438 	1.1498811
-0.84084084 	-0.05 	0.182 	55.087986 	-5.7411295 	1.1507554
-0.83963964 	-0.05 	0.182 	55.110852 	-5.7368152 	1.1516298
-0.83843844 	-0.05 	0.182 	55.133717 	-5.7325008 	1.1525042
-0.83723724 	-0.05 	0.182 	55.156583 	-5.7281865 	1.1533785
-0.83603604 	-0.05 	0.182 	55.179449 	-5.7238722 	1.1542529
-0.83483483 	-0.05 	0.182 	55.202314 	-5.7195579 	1.1551273
-0.83363363 	-0.05 	0.182 	55.22518 	-5.7152436 	1.1560016
-0.83243243 	-0.05 	0.182 	55.248046 	-5.7109293 	1.156876
-0.83123123 	-0.05 	0.182 	55.270911 	-5.7066149 	1.1577504
-0.83003003 	-0.05 	0.182 	55.293777 	-5.7023006 	1.1586247
-0.82882883 	-0.05 	0.182 	55.316642 	-5.6979863 	1.1594991
-0.82762763 	-0.05 	0.182 	55.339508 	-5.693672 	1.1603734
-0.82642643 	-0.05 	0.182 	55.362374 	-5.6893577 	1.1612478
-0.82522523 	-0.05 	0.182 	55.385328 	-5.6850595 	1.1620369
-0.82402402 	-0.05 	0.182 	55.408351 	-5.6807739 	1.1627592
-0.82282282 	-0.05 	0.182 	55.431374 	-5.6764884 	1.1634816
-0.82162162 	-0.05 	0.182 	55.454397 	-5.6722029 	1.1642039
-0.82042042 	-0.05 	0.182 	55.47742 	-5.6679173 	1.1649262
-0.81921922 	-0.05 	0.182 	55.500443 	-5.6636318 	1.1656486
-0.81801802 	-0.05 	0.182 	55.523466 	-5.6593462 	1.1663709
-0.81681682 	-0.05 	0.182 	55.546489 	-5.6550607 	1.1670932
-0.81561562 	-0.05 	0.182 	55.569512 	-5.6507751 	1.1678156
-0.81441441 	-0.05 	0.182 	55.592535 	-5.6464896 	1.1685379
-0.81321321 	-0.05 	0.182 	55.615558 	-5.6422041 	1.1692603
-0.81201201 	-0.05 	0.182 	55.638581 	-5.6379185 	1.1699826
-0.81081081 	-0.05 	0.182 	55.661604 	-5.633633 	1.1707049
-0.80960961 	-0.05 	0.182 	55.684627 	-5.6293474 	1.1714273
-0.80840841 	-0.05 	0.182 	55.70765 	-5.6250619 	1.1721496
-0.80720721 	-0.05 	0.182 	55.730673 	-5.6207763 	1.1728719
-0.80600601 	-0.05 	0.182 	55.753696 	-5.6164908 	1.1735943
-0.8048048 	-0.05 	0.182 	55.77672 	-5.6122053 	1.1743166
-0.8036036 	-0.05 	0.182 	55.799743 	-5.6079197 	1.175039
-0.8024024 	-0.05 	0.182 	55.822766 	-5.6036342 	1.1757613
-0.8012012 	-0.05 	0.182 	55.845789 	-5.5993486 	1.1764836
-0.8 	-0.05 	0.182 	55.868466 	-5.5909453 	1.1771942
-0.7987988 	-0.05 	0.182 	55.89056 	-5.5755724 	1.1778848
-0.7975976 	-0.05 	0.182 	55.912653 	-5.5601994 	1.1785754
-0.7963964 	-0.05 	0.182 	55.934746 	-5.5448265 	1.179266
-0.7951952 	-0.05 	0.182 	55.95684 	-5.5294535 	1.1799567
-0.79399399 	-0.05 	0.182 	55.978933 	-5.5140806 	1.1806473
-0.79279279 	-0.05 	0.182 	55.999467 	-5.499119 	1.1813237
-0.79159159 	-0.05 	0.182 	56.010688 	-5.4866133 	1.1819151
-0.79039039 	-0.05 	0.182 	56.021909 	-5.4741077 	1.1825066
-0.78918919 	-0.05 	0.182 	56.033131 	-5.461602 	1.1830981
-0.78798799 	-0.05 	0.182 	56.044352 	-5.4490964 	1.1836895
-0.78678679 	-0.05 	0.182 	56.055573 	-5.4365907 	1.184281
-0.78558559 	-0.05 	0.182 	56.066795 	-5.4240851 	1.1848724
-0.78438438 	-0.05 	0.182 	56.081462 	-5.4470803 	1.1854046
-0.78318318 	-0.05 	0.182 	56.096221 	-5.4710232 	1.1859352
-0.78198198 	-0.05 	0.182 	56.110981 	-5.4949662 	1.1864658
-0.78078078 	-0.05 	0.182 	56.12574 	-5.5189092 	1.1869964
-0.77957958 	-0.05 	0.182 	56.1405 	-5.5428522 	1.187527
-0.77837838 	-0.05 	0.182 	56.155259 	-5.5667952 	1.1880576
-0.77717718 	-0.05 	0.182 	56.170018 	-5.5907381 	1.1885882
-0.77597598 	-0.05 	0.182 	56.184778 	-5.6146811 	1.1891188
-0.77477477 	-0.05 	0.182 	56.199537 	-5.6386241 	1.1896494
-0.77357357 	-0.05 	0.182 	56.214297 	-5.6625671 	1.19018
-0.77237237 	-0.05 	0.182 	56.229056 	-5.6865101 	1.1907106
-0.77117117 	-0.05 	0.182 	56.243816 	-5.710453 	1.1912412
-0.76996997 	-0.05 	0.182 	56.258575 	-5.734396 	1.1917718
-0.76876877 	-0.05 	0.182 	56.273334 	-5.758339 	1.1923024
-0.76756757 	-0.05 	0.182 	56.288094 	-5.782282 	1.192833
-0.76636637 	-0.05 	0.182 	56.302853 	-5.8062249 	1.1933636
-0.76516517 	-0.05 	0.182 	56.317613 	-5.8301679 	1.1938942
-0.76396396 	-0.05 	0.182 	56.332497 	-5.8541295 	1.1943517
-0.76276276 	-0.05 	0.182 	56.347417 	-5.8780962 	1.1947888
-0.76156156 	-0.05 	0.182 	56.362336 	-5.902063 	1.1952259
-0.76036036 	-0.05 	0.182 	56.377256 	-5.9260298 	1.1956629
-0.75915916 	-0.05 	0.182 	56.392175 	-5.9499965 	1.1961
-0.75795796 	-0.05 	0.182 	56.407095 	-5.9739633 	1.1965371
-0.75675676 	-0.05 	0.182 	56.422014 	-5.99793 	1.1969742
-0.75555556 	-0.05 	0.182 	56.436933 	-6.0218968 	1.1974113
-0.75435435 	-0.05 	0.182 	56.451853 	-6.0458635 	1.1978483
-0.75315315 	-0.05 	0.182 	56.466772 	-6.0698303 	1.1982854
-0.75195195 	-0.05 	0.182 	56.481692 	-6.0937971 	1.1987225
-0.75075075 	-0.05 	0.182 	56.496611 	-6.1177638 	1.1991596
-0.74954955 	-0.05 	0.182 	56.511531 	-6.1417306 	1.1995966
-0.74834835 	-0.05 	0.182 	56.52645 	-6.1656973 	1.2000337
-0.74714715 	-0.05 	0.182 	56.54137 	-6.1896641 	1.2004708
-0.74594595 	-0.05 	0.182 	56.556289 	-6.2136308 	1.2009079
-0.74474474 	-0.05 	0.182 	56.571209 	-6.2375976 	1.201345
-0.74354354 	-0.05 	0.182 	56.586128 	-6.2615644 	1.201782
-0.74234234 	-0.05 	0.182 	56.601048 	-6.2855311 	1.2022191
-0.74114114 	-0.05 	0.182 	56.615967 	-6.3094979 	1.2026562
-0.73993994 	-0.05 	0.182 	56.630887 	-6.3334646 	1.2030933
-0.73873874 	-0.05 	0.182 	56.634709 	-6.3865667 	1.203532
-0.73753754 	-0.05 	0.182 	56.623672 	-6.4786779 	1.2039729
-0.73633634 	-0.05 	0.182 	56.612636 	-6.5707892 	1.2044137
-0.73513514 	-0.05 	0.182 	56.601599 	-6.6629004 	1.2048546
-0.73393393 	-0.05 	0.182 	56.590563 	-6.7550117 	1.2052955
-0.73273273 	-0.05 	0.182 	56.579527 	-6.847123 	1.2057364
-0.73153153 	-0.05 	0.182 	56.586906 	-6.9290775 	1.2060982
-0.73033033 	-0.05 	0.182 	56.627946 	-6.9924674 	1.2063153
-0.72912913 	-0.05 	0.182 	56.668985 	-7.0558572 	1.2065325
-0.72792793 	-0.05 	0.182 	56.710025 	-7.1192471 	1.2067496
-0.72672673 	-0.05 	0.182 	56.751065 	-7.182637 	1.2069668
-0.72552553 	-0.05 	0.182 	56.792105 	-7.2460269 	1.2071839
-0.72432432 	-0.05 	0.182 	56.83162 	-7.2769973 	1.2074368
-0.72312312 	-0.05 	0.182 	56.868078 	-7.2429423 	1.2077612
-0.72192192 	-0.05 	0.182 	56.904536 	-7.2088874 	1.2080857
-0.72072072 	-0.05 	0.182 	56.940993 	-7.1748324 	1.2084101
-0.71951952 	-0.05 	0.182 	56.977451 	-7.1407774 	1.2087345
-0.71831832 	-0.05 	0.182 	57.013909 	-7.1067225 	1.209059
-0.71711712 	-0.05 	0.182 	57.050497 	-7.0726812 	1.2093428
-0.71591592 	-0.05 	0.182 	57.087148 	-7.0386465 	1.2096073
-0.71471471 	-0.05 	0.182 	57.123799 	-7.0046119 	1.2098717
-0.71351351 	-0.05 	0.182 	57.160449 	-6.9705772 	1.2101361
-0.71231231 	-0.05 	0.182 	57.1971 	-6.9365425 	1.2104005
-0.71111111 	-0.05 	0.182 	57.233751 	-6.9025078 	1.210665
-0.70990991 	-0.05 	0.182 	57.270401 	-6.8684732 	1.2109294
-0.70870871 	-0.05 	0.182 	57.307052 	-6.8344385 	1.2111938
-0.70750751 	-0.05 	0.182 	57.342522 	-6.6693564 	1.2114809
-0.70630631 	-0.05 	0.182 	57.37787 	-6.4906949 	1.2117702
-0.70510511 	-0.05 	0.182 	57.413218 	-6.3120334 	1.2120596
-0.7039039 	-0.05 	0.182 	57.448566 	-6.1333719 	1.212349
-0.7027027 	-0.05 	0.182 	57.483913 	-5.9547103 	1.2126383
-0.7015015 	-0.05 	0.182 	57.519261 	-5.7760488 	1.2129277
-0.7003003 	-0.05 	0.182 	57.589477 	-5.6069928 	1.2130031
-0.6990991 	-0.05 	0.182 	57.660871 	-5.4382611 	1.2130712
-0.6978979 	-0.05 	0.182 	57.732264 	-5.2695293 	1.2131393
-0.6966967 	-0.05 	0.182 	57.803657 	-5.1007975 	1.2132074
-0.6954955 	-0.05 	0.182 	57.87505 	-4.9320657 	1.2132755
-0.69429429 	-0.05 	0.182 	57.9437 	-4.7791187 	1.2133476
-0.69309309 	-0.05 	0.182 	57.989956 	-4.7550234 	1.2134513
-0.69189189 	-0.05 	0.182 	58.036212 	-4.730928 	1.213555
-0.69069069 	-0.05 	0.182 	58.082468 	-4.7068327 	1.2136588
-0.68948949 	-0.05 	0.182 	58.128724 	-4.6827374 	1.2137625
-0.68828829 	-0.05 	0.182 	58.17498 	-4.6586421 	1.2138662
-0.68708709 	-0.05 	0.182 	58.22129 	-4.6345529 	1.2139637
-0.68588589 	-0.05 	0.182 	58.267731 	-4.6104787 	1.2140459
-0.68468468 	-0.05 	0.182 	58.314173 	-4.5864045 	1.2141281
-0.68348348 	-0.05 	0.182 	58.360614 	-4.5623303 	1.2142103
-0.68228228 	-0.05 	0.182 	58.407055 	-4.5382561 	1.2142925
-0.68108108 	-0.05 	0.182 	58.453496 	-4.5141819 	1.2143747
-0.67987988 	-0.05 	0.182 	58.499938 	-4.4901077 	1.2144569
-0.67867868 	-0.05 	0.182 	58.546379 	-4.4660335 	1.2145391
-0.67747748 	-0.05 	0.182 	58.590157 	-4.4937979 	1.2146296
-0.67627628 	-0.05 	0.182 	58.628696 	-4.6234888 	1.2147365
-0.67507508 	-0.05 	0.182 	58.667236 	-4.7531798 	1.2148434
-0.67387387 	-0.05 	0.182 	58.705776 	-4.8828707 	1.2149503
-0.67267267 	-0.05 	0.182 	58.744316 	-5.0125616 	1.2150572
-0.67147147 	-0.05 	0.182 	58.782856 	-5.1422525 	1.2151641
-0.67027027 	-0.05 	0.182 	58.820727 	-5.2726577 	1.215146
-0.66906907 	-0.05 	0.182 	58.858118 	-5.4035763 	1.2150381
-0.66786787 	-0.05 	0.182 	58.895508 	-5.5344949 	1.2149303
-0.66666667 	-0.05 	0.182 	58.932899 	-5.6654135 	1.2148224
-0.66546547 	-0.05 	0.182 	58.970289 	-5.7963322 	1.2147145
-0.66426426 	-0.05 	0.182 	59.00768 	-5.9272508 	1.2146067
-0.66306306 	-0.05 	0.182 	59.038416 	-5.933086 	1.2145225
-0.66186186 	-0.05 	0.182 	59.068189 	-5.9208165 	1.2144417
-0.66066066 	-0.05 	0.182 	59.097963 	-5.908547 	1.2143609
-0.65945946 	-0.05 	0.182 	59.127736 	-5.8962775 	1.2142801
-0.65825826 	-0.05 	0.182 	59.157509 	-5.8840081 	1.2141993
-0.65705706 	-0.05 	0.182 	59.187282 	-5.8717386 	1.2141185
-0.65585586 	-0.05 	0.182 	59.217226 	-5.8594778 	1.2140465
-0.65465465 	-0.05 	0.182 	59.247188 	-5.847218 	1.2139754
-0.65345345 	-0.05 	0.182 	59.27715 	-5.8349582 	1.2139043
-0.65225225 	-0.05 	0.182 	59.307113 	-5.8226984 	1.2138332
-0.65105105 	-0.05 	0.182 	59.337075 	-5.8104385 	1.2137622
-0.64984985 	-0.05 	0.182 	59.367037 	-5.7981787 	1.2136911
-0.64864865 	-0.05 	0.182 	59.396999 	-5.7859189 	1.21362
-0.64744745 	-0.05 	0.182 	59.426962 	-5.7736591 	1.2135489
-0.64624625 	-0.05 	0.182 	59.451747 	-5.6390034 	1.2134992
-0.64504505 	-0.05 	0.182 	59.475861 	-5.4884523 	1.2134523
-0.64384384 	-0.05 	0.182 	59.499974 	-5.3379011 	1.2134054
-0.64264264 	-0.05 	0.182 	59.524087 	-5.1873499 	1.2133585
-0.64144144 	-0.05 	0.182 	59.548201 	-5.0367987 	1.2133117
-0.64024024 	-0.05 	0.182 	59.57226 	-4.8862225 	1.2132235
-0.63903904 	-0.05 	0.182 	59.596092 	-4.7355402 	1.2129609
-0.63783784 	-0.05 	0.182 	59.619924 	-4.5848579 	1.2126983
-0.63663664 	-0.05 	0.182 	59.643756 	-4.4341756 	1.2124356
-0.63543544 	-0.05 	0.182 	59.667588 	-4.2834933 	1.212173
-0.63423423 	-0.05 	0.182 	59.691419 	-4.132811 	1.2119103
-0.63303303 	-0.05 	0.182 	59.715265 	-4.0543343 	1.2116635
-0.63183183 	-0.05 	0.182 	59.739122 	-4.0434308 	1.2114314
-0.63063063 	-0.05 	0.182 	59.76298 	-4.0325272 	1.2111993
-0.62942943 	-0.05 	0.182 	59.786837 	-4.0216237 	1.2109672
-0.62822823 	-0.05 	0.182 	59.810695 	-4.0107201 	1.2107351
-0.62702703 	-0.05 	0.182 	59.834553 	-3.9998166 	1.210503
-0.62582583 	-0.05 	0.182 	59.85841 	-3.988913 	1.2102709
-0.62462462 	-0.05 	0.182 	59.882268 	-3.9780095 	1.2100388
-0.62342342 	-0.05 	0.182 	59.906033 	-3.967099 	1.2097859
-0.62222222 	-0.05 	0.182 	59.929697 	-3.9561811 	1.2095105
-0.62102102 	-0.05 	0.182 	59.953362 	-3.9452632 	1.2092352
-0.61981982 	-0.05 	0.182 	59.977027 	-3.9343452 	1.2089599
-0.61861862 	-0.05 	0.182 	60.000692 	-3.9234273 	1.2086845
-0.61741742 	-0.05 	0.182 	60.024357 	-3.9125094 	1.2084092
-0.61621622 	-0.05 	0.182 	60.048426 	-3.9630654 	1.2081477
-0.61501502 	-0.05 	0.182 	60.073005 	-4.0910022 	1.2079038
-0.61381381 	-0.05 	0.182 	60.097584 	-4.218939 	1.2076599
-0.61261261 	-0.05 	0.182 	60.122163 	-4.3468758 	1.207416
-0.61141141 	-0.05 	0.182 	60.146742 	-4.4748126 	1.2071721
-0.61021021 	-0.05 	0.182 	60.171321 	-4.6027494 	1.2069282
-0.60900901 	-0.05 	0.182 	60.196111 	-4.7313178 	1.2065026
-0.60780781 	-0.05 	0.182 	60.220952 	-4.8600407 	1.2060324
-0.60660661 	-0.05 	0.182 	60.245794 	-4.9887637 	1.2055623
-0.60540541 	-0.05 	0.182 	60.270635 	-5.1174866 	1.2050922
-0.6042042 	-0.05 	0.182 	60.295477 	-5.2462096 	1.204622
-0.603003 	-0.05 	0.182 	60.31979 	-5.3475582 	1.2041525
-0.6018018 	-0.05 	0.182 	60.342039 	-5.342114 	1.2036854
-0.6006006 	-0.05 	0.182 	60.364288 	-5.3366698 	1.2032183
-0.5993994 	-0.05 	0.182 	60.386537 	-5.3312255 	1.2027511
-0.5981982 	-0.05 	0.182 	60.408786 	-5.3257813 	1.202284
-0.596997 	-0.05 	0.182 	60.431036 	-5.320337 	1.2018169
-0.5957958 	-0.05 	0.182 	60.453309 	-5.3148938 	1.2013594
-0.59459459 	-0.05 	0.182 	60.475755 	-5.3094574 	1.2009686
-0.59339339 	-0.05 	0.182 	60.4982 	-5.304021 	1.2005777
-0.59219219 	-0.05 	0.182 	60.520645 	-5.2985847 	1.2001869
-0.59099099 	-0.05 	0.182 	60.54309 	-5.2931483 	1.1997961
-0.58978979 	-0.05 	0.182 	60.565535 	-5.287712 	1.1994053
-0.58858859 	-0.05 	0.182 	60.58798 	-5.2822756 	1.1990145
-0.58738739 	-0.05 	0.182 	60.610425 	-5.2768392 	1.1986237
-0.58618619 	-0.05 	0.182 	60.63287 	-5.2714029 	1.1982328
-0.58498498 	-0.05 	0.182 	60.651845 	-5.1410133 	1.1978432
-0.58378378 	-0.05 	0.182 	60.670649 	-5.0044461 	1.1974536
-0.58258258 	-0.05 	0.182 	60.689452 	-4.867879 	1.1970641
-0.58138138 	-0.05 	0.182 	60.708255 	-4.7313118 	1.1966745
-0.58018018 	-0.05 	0.182 	60.727059 	-4.5947446 	1.1962849
-0.57897898 	-0.05 	0.182 	60.746378 	-4.4575825 	1.1958005
-0.57777778 	-0.05 	0.182 	60.766415 	-4.3195932 	1.1951842
-0.57657658 	-0.05 	0.182 	60.786452 	-4.1816039 	1.1945678
-0.57537538 	-0.05 	0.182 	60.806489 	-4.0436146 	1.1939515
-0.57417417 	-0.05 	0.182 	60.826526 	-3.9056252 	1.1933351
-0.57297297 	-0.05 	0.182 	60.846563 	-3.7676359 	1.1927188
-0.57177177 	-0.05 	0.182 	60.876297 	-3.7458805 	1.1920528
-0.57057057 	-0.05 	0.182 	60.906568 	-3.7305671 	1.1913841
-0.56936937 	-0.05 	0.182 	60.93684 	-3.7152537 	1.1907154
-0.56816817 	-0.05 	0.182 	60.967112 	-3.6999404 	1.1900466
-0.56696697 	-0.05 	0.182 	60.997383 	-3.684627 	1.1893779
-0.56576577 	-0.05 	0.182 	61.027655 	-3.6693136 	1.1887092
-0.56456456 	-0.05 	0.182 	61.058076 	-3.6540083 	1.1881233
-0.56336336 	-0.05 	0.182 	61.088548 	-3.6387058 	1.1875662
-0.56216216 	-0.05 	0.182 	61.119021 	-3.6234033 	1.1870091
-0.56096096 	-0.05 	0.182 	61.149494 	-3.6081008 	1.186452
-0.55975976 	-0.05 	0.182 	61.179967 	-3.5927982 	1.185895
-0.55855856 	-0.05 	0.182 	61.21044 	-3.5774957 	1.1853379
-0.55735736 	-0.05 	0.182 	61.240913 	-3.5621932 	1.1847808
-0.55615616 	-0.05 	0.182 	61.271386 	-3.5468907 	1.1842237
-0.55495495 	-0.05 	0.182 	61.308125 	-3.5772576 	1.1836415
-0.55375375 	-0.05 	0.182 	61.353965 	-3.6739516 	1.1830226
-0.55255255 	-0.05 	0.182 	61.399806 	-3.7706456 	1.1824037
-0.55135135 	-0.05 	0.182 	61.445646 	-3.8673397 	1.1817849
-0.55015015 	-0.05 	0.182 	61.491486 	-3.9640337 	1.181166
-0.54894895 	-0.05 	0.182 	61.537266 	-4.0608994 	1.1805396
-0.54774775 	-0.05 	0.182 	61.581422 	-4.1624159 	1.179709
-0.54654655 	-0.05 	0.182 	61.625577 	-4.2639325 	1.1788784
-0.54534535 	-0.05 	0.182 	61.669733 	-4.365449 	1.1780477
-0.54414414 	-0.05 	0.182 	61.713889 	-4.4669655 	1.1772171
-0.54294294 	-0.05 	0.182 	61.758044 	-4.568482 	1.1763865
-0.54174174 	-0.05 	0.182 	61.785225 	-4.6129874 	1.1755267
-0.54054054 	-0.05 	0.182 	61.805036 	-4.6327439 	1.1746543
-0.53933934 	-0.05 	0.182 	61.824848 	-4.6525003 	1.1737819
-0.53813814 	-0.05 	0.182 	61.844659 	-4.6722567 	1.1729095
-0.53693694 	-0.05 	0.182 	61.86447 	-4.6920131 	1.1720371
-0.53573574 	-0.05 	0.182 	61.884282 	-4.7117695 	1.1711647
-0.53453453 	-0.05 	0.182 	61.904164 	-4.7315323 	1.1703456
-0.53333333 	-0.05 	0.182 	61.924172 	-4.7513067 	1.1696224
-0.53213213 	-0.05 	0.182 	61.944181 	-4.771081 	1.1688992
-0.53093093 	-0.05 	0.182 	61.96419 	-4.7908554 	1.1681761
-0.52972973 	-0.05 	0.182 	61.984198 	-4.8106298 	1.1674529
-0.52852853 	-0.05 	0.182 	62.004207 	-4.8304042 	1.1667297
-0.52732733 	-0.05 	0.182 	62.024216 	-4.8501785 	1.1660065
-0.52612613 	-0.05 	0.182 	62.044224 	-4.8699529 	1.1652833
-0.52492492 	-0.05 	0.182 	62.064233 	-4.8897273 	1.1645601
-0.52372372 	-0.05 	0.182 	62.060594 	-4.8460608 	1.1637888
-0.52252252 	-0.05 	0.182 	62.0567 	-4.8017125 	1.163017
-0.52132132 	-0.05 	0.182 	62.052807 	-4.7573642 	1.1622452
-0.52012012 	-0.05 	0.182 	62.048913 	-4.7130159 	1.1614734
-0.51891892 	-0.05 	0.182 	62.04502 	-4.6686675 	1.1607017
-0.51771772 	-0.05 	0.182 	62.039963 	-4.6213336 	1.1597967
-0.51651652 	-0.05 	0.182 	62.034271 	-4.5723707 	1.1588192
-0.51531532 	-0.05 	0.182 	62.02858 	-4.5234077 	1.1578417
-0.51411411 	-0.05 	0.182 	62.022888 	-4.4744448 	1.1568641
-0.51291291 	-0.05 	0.182 	62.017196 	-4.4254818 	1.1558866
-0.51171171 	-0.05 	0.182 	62.015515 	-4.3875899 	1.1548816
-0.51051051 	-0.05 	0.182 	62.022663 	-4.3740761 	1.1538161
-0.50930931 	-0.05 	0.182 	62.029812 	-4.3605624 	1.1527506
-0.50810811 	-0.05 	0.182 	62.03696 	-4.3470487 	1.1516851
-0.50690691 	-0.05 	0.182 	62.044109 	-4.3335349 	1.1506196
-0.50570571 	-0.05 	0.182 	62.051257 	-4.3200212 	1.1495541
-0.5045045 	-0.05 	0.182 	62.058406 	-4.3065074 	1.1484886
-0.5033033 	-0.05 	0.182 	62.065744 	-4.2929981 	1.1476004
-0.5021021 	-0.05 	0.182 	62.073089 	-4.2794888 	1.1467178
-0.5009009 	-0.05 	0.182 	62.080433 	-4.2659796 	1.1458352
-0.4996997 	-0.05 	0.182 	62.087777 	-4.2524704 	1.1449526
-0.4984985 	-0.05 	0.182 	62.095122 	-4.2389612 	1.1440699
-0.4972973 	-0.05 	0.182 	62.102466 	-4.225452 	1.1431873
-0.4960961 	-0.05 	0.182 	62.10981 	-4.2119427 	1.1423047
-0.49489489 	-0.05 	0.182 	62.117155 	-4.1984335 	1.1414221
-0.49369369 	-0.05 	0.182 	62.128296 	-4.2010283 	1.140494
-0.49249249 	-0.05 	0.182 	62.142297 	-4.2157473 	1.1395316
-0.49129129 	-0.05 	0.182 	62.156297 	-4.2304663 	1.1385693
-0.49009009 	-0.05 	0.182 	62.170298 	-4.2451854 	1.1376069
-0.48888889 	-0.05 	0.182 	62.184298 	-4.2599044 	1.1366446
-0.48768769 	-0.05 	0.182 	62.198623 	-4.2747947 	1.1356244
-0.48648649 	-0.05 	0.182 	62.213863 	-4.2901691 	1.1344408
-0.48528529 	-0.05 	0.182 	62.229104 	-4.3055435 	1.1332572
-0.48408408 	-0.05 	0.182 	62.244344 	-4.3209179 	1.1320736
-0.48288288 	-0.05 	0.182 	62.259584 	-4.3362923 	1.13089
-0.48168168 	-0.05 	0.182 	62.274825 	-4.3516668 	1.1297064
-0.48048048 	-0.05 	0.182 	62.288762 	-4.3418086 	1.1284422
-0.47927928 	-0.05 	0.182 	62.302675 	-4.3314665 	1.1271764
-0.47807808 	-0.05 	0.182 	62.316587 	-4.3211245 	1.1259106
-0.47687688 	-0.05 	0.182 	62.330499 	-4.3107824 	1.1246448
-0.47567568 	-0.05 	0.182 	62.344412 	-4.3004403 	1.123379
-0.47447447 	-0.05 	0.182 	62.358324 	-4.2900983 	1.1221132
-0.47327327 	-0.05 	0.182 	62.372354 	-4.2797588 	1.120975
-0.47207207 	-0.05 	0.182 	62.386466 	-4.269421 	1.1199275
-0.47087087 	-0.05 	0.182 	62.400579 	-4.2590833 	1.11888
-0.46966967 	-0.05 	0.182 	62.414691 	-4.2487456 	1.1178325
-0.46846847 	-0.05 	0.182 	62.428804 	-4.2384078 	1.116785
-0.46726727 	-0.05 	0.182 	62.442916 	-4.2280701 	1.1157375
-0.46606607 	-0.05 	0.182 	62.457028 	-4.2177324 	1.11469
-0.46486486 	-0.05 	0.182 	62.471141 	-4.2073946 	1.1136425
-0.46366366 	-0.05 	0.182 	62.485253 	-4.1944641 	1.1125864
-0.46246246 	-0.05 	0.182 	62.49936 	-4.1589407 	1.111456
-0.46126126 	-0.05 	0.182 	62.513468 	-4.1234172 	1.1103257
-0.46006006 	-0.05 	0.182 	62.527576 	-4.0878938 	1.1091953
-0.45885886 	-0.05 	0.182 	62.541683 	-4.0523704 	1.1080649
-0.45765766 	-0.05 	0.182 	62.555791 	-4.0168469 	1.1069345
-0.45645646 	-0.05 	0.182 	62.570378 	-3.9815691 	1.1056134
-0.45525526 	-0.05 	0.182 	62.585032 	-3.9463255 	1.1042656
-0.45405405 	-0.05 	0.182 	62.599686 	-3.911082 	1.1029179
-0.45285285 	-0.05 	0.182 	62.61434 	-3.8758385 	1.1015701
-0.45165165 	-0.05 	0.182 	62.628994 	-3.840595 	1.1002223
-0.45045045 	-0.05 	0.182 	62.645159 	-3.825328 	1.0987909
-0.44924925 	-0.05 	0.182 	62.661969 	-3.8185944 	1.0973238
-0.44804805 	-0.05 	0.182 	62.678779 	-3.8118607 	1.0958567
-0.44684685 	-0.05 	0.182 	62.695589 	-3.8051271 	1.0943896
-0.44564565 	-0.05 	0.182 	62.712399 	-3.7983934 	1.0929225
-0.44444444 	-0.05 	0.182 	62.729209 	-3.7916598 	1.0914554
-0.44324324 	-0.05 	0.182 	62.74606 	-3.7849271 	1.0900393
-0.44204204 	-0.05 	0.182 	62.763073 	-3.7781981 	1.0888251
-0.44084084 	-0.05 	0.182 	62.780086 	-3.7714691 	1.0876109
-0.43963964 	-0.05 	0.182 	62.797099 	-3.7647401 	1.0863967
-0.43843844 	-0.05 	0.182 	62.814111 	-3.7580111 	1.0851825
-0.43723724 	-0.05 	0.182 	62.831124 	-3.7512821 	1.0839683
-0.43603604 	-0.05 	0.182 	62.848137 	-3.7445531 	1.0827542
-0.43483483 	-0.05 	0.182 	62.86515 	-3.7378241 	1.08154
-0.43363363 	-0.05 	0.182 	62.882162 	-3.7310952 	1.0803258
-0.43243243 	-0.05 	0.182 	62.900949 	-3.7398739 	1.0790412
-0.43123123 	-0.05 	0.182 	62.920967 	-3.7594113 	1.0777077
-0.43003003 	-0.05 	0.182 	62.940984 	-3.7789488 	1.0763742
-0.42882883 	-0.05 	0.182 	62.961002 	-3.7984863 	1.0750407
-0.42762763 	-0.05 	0.182 	62.981019 	-3.8180238 	1.0737072
-0.42642643 	-0.05 	0.182 	63.001434 	-3.8377063 	1.0722678
-0.42522523 	-0.05 	0.182 	63.022252 	-3.8575362 	1.0707207
-0.42402402 	-0.05 	0.182 	63.043071 	-3.8773661 	1.0691736
-0.42282282 	-0.05 	0.182 	63.063889 	-3.897196 	1.0676265
-0.42162162 	-0.05 	0.182 	63.084707 	-3.9170258 	1.0660794
-0.42042042 	-0.05 	0.182 	63.105712 	-3.9265122 	1.0644795
-0.41921922 	-0.05 	0.182 	63.126968 	-3.9220658 	1.0628084
-0.41801802 	-0.05 	0.182 	63.148224 	-3.9176194 	1.0611374
-0.41681682 	-0.05 	0.182 	63.16948 	-3.9131729 	1.0594663
-0.41561562 	-0.05 	0.182 	63.190735 	-3.9087265 	1.0577952
-0.41441441 	-0.05 	0.182 	63.211991 	-3.90428 	1.0561241
-0.41321321 	-0.05 	0.182 	63.233247 	-3.8998336 	1.054453
-0.41201201 	-0.05 	0.182 	63.25467 	-3.8953899 	1.0530175
-0.41081081 	-0.05 	0.182 	63.27613 	-3.8909469 	1.051634
-0.40960961 	-0.05 	0.182 	63.297589 	-3.8865038 	1.0502506
-0.40840841 	-0.05 	0.182 	63.319049 	-3.8820608 	1.0488671
-0.40720721 	-0.05 	0.182 	63.340508 	-3.8776177 	1.0474836
-0.40600601 	-0.05 	0.182 	63.361968 	-3.8731747 	1.0461001
-0.4048048 	-0.05 	0.182 	63.383428 	-3.8687316 	1.0447166
-0.4036036 	-0.05 	0.182 	63.404887 	-3.8642886 	1.0433331
-0.4024024 	-0.05 	0.182 	63.427 	-3.8549763 	1.0419246
-0.4012012 	-0.05 	0.182 	63.45192 	-3.8247257 	1.0404084
-0.4 	-0.05 	0.182 	63.476841 	-3.7944751 	1.0388923
-0.3987988 	-0.05 	0.182 	63.501761 	-3.7642245 	1.0373761
-0.3975976 	-0.05 	0.182 	63.526682 	-3.7339739 	1.0358599
-0.3963964 	-0.05 	0.182 	63.551555 	-3.7039094 	1.0343223
-0.3951952 	-0.05 	0.182 	63.576046 	-3.6753429 	1.032612
-0.39399399 	-0.05 	0.182 	63.600537 	-3.6467765 	1.0309017
-0.39279279 	-0.05 	0.182 	63.625028 	-3.6182101 	1.0291913
-0.39159159 	-0.05 	0.182 	63.649519 	-3.5896436 	1.027481
-0.39039039 	-0.05 	0.182 	63.67364 	-3.5624139 	1.0257648
-0.38918919 	-0.05 	0.182 	63.68778 	-3.5712188 	1.0238906
-0.38798799 	-0.05 	0.182 	63.70192 	-3.5800237 	1.0220165
-0.38678679 	-0.05 	0.182 	63.71606 	-3.5888286 	1.0201423
-0.38558559 	-0.05 	0.182 	63.7302 	-3.5976335 	1.0182682
-0.38438438 	-0.05 	0.182 	63.74434 	-3.6064384 	1.016394
-0.38318318 	-0.05 	0.182 	63.75848 	-3.6152433 	1.0145199
-0.38198198 	-0.05 	0.182 	63.772706 	-3.6240495 	1.0127852
-0.38078078 	-0.05 	0.182 	63.787045 	-3.6328572 	1.0112328
-0.37957958 	-0.05 	0.182 	63.801384 	-3.641665 	1.0096804
-0.37837838 	-0.05 	0.182 	63.815723 	-3.6504727 	1.0081279
-0.37717718 	-0.05 	0.182 	63.830062 	-3.6592805 	1.0065755
-0.37597598 	-0.05 	0.182 	63.844402 	-3.6680882 	1.0050231
-0.37477477 	-0.05 	0.182 	63.858741 	-3.676896 	1.0034707
-0.37357357 	-0.05 	0.182 	63.87308 	-3.6857037 	1.0019183
-0.37237237 	-0.05 	0.182 	63.887419 	-3.6945115 	1.0003659
-0.37117117 	-0.05 	0.182 	63.890891 	-3.7389761 	0.99868513
-0.36996997 	-0.05 	0.182 	63.891267 	-3.7935984 	0.99696784
-0.36876877 	-0.05 	0.182 	63.891643 	-3.8482207 	0.99525055
-0.36756757 	-0.05 	0.182 	63.892019 	-3.902843 	0.99353326
-0.36636637 	-0.05 	0.182 	63.892395 	-3.9574653 	0.99181597
-0.36516517 	-0.05 	0.182 	63.893545 	-4.009167 	0.98996266
-0.36396396 	-0.05 	0.182 	63.894989 	-4.0597616 	0.98805779
-0.36276276 	-0.05 	0.182 	63.896432 	-4.1103563 	0.98615292
-0.36156156 	-0.05 	0.182 	63.897876 	-4.1609509 	0.98424805
-0.36036036 	-0.05 	0.182 	63.899319 	-4.2115455 	0.98234319
-0.35915916 	-0.05 	0.182 	63.910135 	-4.2106669 	0.9803235
-0.35795796 	-0.05 	0.182 	63.925026 	-4.1874091 	0.9782539
-0.35675676 	-0.05 	0.182 	63.939916 	-4.1641514 	0.97618429
-0.35555556 	-0.05 	0.182 	63.954807 	-4.1408936 	0.97411469
-0.35435435 	-0.05 	0.182 	63.969697 	-4.1176358 	0.97204509
-0.35315315 	-0.05 	0.182 	63.984588 	-4.0943781 	0.96997548
-0.35195195 	-0.05 	0.182 	63.999489 	-4.0711193 	0.9679234
-0.35075075 	-0.05 	0.182 	64.014578 	-4.0478418 	0.96620784
-0.34954955 	-0.05 	0.182 	64.029667 	-4.0245642 	0.96449228
-0.34834835 	-0.05 	0.182 	64.044756 	-4.0012867 	0.96277672
-0.34714715 	-0.05 	0.182 	64.059845 	-3.9780091 	0.96106115
-0.34594595 	-0.05 	0.182 	64.074934 	-3.9547316 	0.95934559
-0.34474474 	-0.05 	0.182 	64.090024 	-3.931454 	0.95763003
-0.34354354 	-0.05 	0.182 	64.105113 	-3.9081764 	0.95591447
-0.34234234 	-0.05 	0.182 	64.120202 	-3.8848989 	0.9541989
-0.34114114 	-0.05 	0.182 	64.138232 	-3.8355439 	0.95243579
-0.33993994 	-0.05 	0.182 	64.16257 	-3.7302592 	0.95057069
-0.33873874 	-0.05 	0.182 	64.186908 	-3.6249745 	0.94870558
-0.33753754 	-0.05 	0.182 	64.211246 	-3.5196897 	0.94684048
-0.33633634 	-0.05 	0.182 	64.235583 	-3.414405 	0.94497537
-0.33513514 	-0.05 	0.182 	64.26065 	-3.3095975 	0.94304221
-0.33393393 	-0.05 	0.182 	64.287112 	-3.2057027 	0.94097886
-0.33273273 	-0.05 	0.182 	64.313574 	-3.1018079 	0.93891552
-0.33153153 	-0.05 	0.182 	64.340036 	-2.9979132 	0.93685217
-0.33033033 	-0.05 	0.182 	64.366498 	-2.8940184 	0.93478882
-0.32912913 	-0.05 	0.182 	64.391655 	-2.8272207 	0.9326388
-0.32792793 	-0.05 	0.182 	64.414954 	-2.8132269 	0.93036541
-0.32672673 	-0.05 	0.182 	64.438252 	-2.7992331 	0.92809202
-0.32552553 	-0.05 	0.182 	64.461551 	-2.7852393 	0.92581863
-0.32432432 	-0.05 	0.182 	64.48485 	-2.7712454 	0.92354523
-0.32312312 	-0.05 	0.182 	64.508148 	-2.7572516 	0.92127184
-0.32192192 	-0.05 	0.182 	64.531447 	-2.7432578 	0.91899845
-0.32072072 	-0.05 	0.182 	64.554882 	-2.7292498 	0.91698584
-0.31951952 	-0.05 	0.182 	64.578385 	-2.7152348 	0.91510315
-0.31831832 	-0.05 	0.182 	64.601887 	-2.7012198 	0.91322045
-0.31711712 	-0.05 	0.182 	64.62539 	-2.6872048 	0.91133776
-0.31591592 	-0.05 	0.182 	64.648893 	-2.6731898 	0.90945506
-0.31471471 	-0.05 	0.182 	64.672395 	-2.6591748 	0.90757237
-0.31351351 	-0.05 	0.182 	64.695898 	-2.6451597 	0.90568967
-0.31231231 	-0.05 	0.182 	64.719401 	-2.6311447 	0.90380698
-0.31111111 	-0.05 	0.182 	64.742903 	-2.6171297 	0.90192429
-0.30990991 	-0.05 	0.182 	64.766814 	-2.6759384 	0.89987356
-0.30870871 	-0.05 	0.182 	64.790821 	-2.7517464 	0.89778361
-0.30750751 	-0.05 	0.182 	64.814827 	-2.8275545 	0.89569366
-0.30630631 	-0.05 	0.182 	64.838833 	-2.9033625 	0.89360371
-0.30510511 	-0.05 	0.182 	64.862839 	-2.9791705 	0.89151376
-0.3039039 	-0.05 	0.182 	64.887315 	-3.0559104 	0.88925156
-0.3027027 	-0.05 	0.182 	64.91181 	-3.132687 	0.88698256
-0.3015015 	-0.05 	0.182 	64.936305 	-3.2094637 	0.88471357
-0.3003003 	-0.05 	0.182 	64.960799 	-3.2862404 	0.88244457
-0.2990991 	-0.05 	0.182 	64.985185 	-3.351876 	0.88014664
-0.2978979 	-0.05 	0.182 	65.008882 	-3.347385 	0.87766659
-0.2966967 	-0.05 	0.182 	65.032579 	-3.3428941 	0.87518655
-0.2954955 	-0.05 	0.182 	65.056275 	-3.3384032 	0.87270651
-0.29429429 	-0.05 	0.182 	65.079972 	-3.3339122 	0.87022647
-0.29309309 	-0.05 	0.182 	65.103669 	-3.3294213 	0.86774642
-0.29189189 	-0.05 	0.182 	65.127366 	-3.3249303 	0.86526638
-0.29069069 	-0.05 	0.182 	65.151121 	-3.3204379 	0.86290836
-0.28948949 	-0.05 	0.182 	65.175021 	-3.3159416 	0.86085632
-0.28828829 	-0.05 	0.182 	65.198921 	-3.3114454 	0.85880427
-0.28708709 	-0.05 	0.182 	65.22282 	-3.3069492 	0.85675223
-0.28588589 	-0.05 	0.182 	65.24672 	-3.302453 	0.85470018
-0.28468468 	-0.05 	0.182 	65.27062 	-3.2979568 	0.85264814
-0.28348348 	-0.05 	0.182 	65.29452 	-3.2934606 	0.8505961
-0.28228228 	-0.05 	0.182 	65.31842 	-3.2889644 	0.84854405
-0.28108108 	-0.05 	0.182 	65.342319 	-3.2844681 	0.84649201
-0.27987988 	-0.05 	0.182 	65.366185 	-3.2472711 	0.84435574
-0.27867868 	-0.05 	0.182 	65.390001 	-3.1616279 	0.84209469
-0.27747748 	-0.05 	0.182 	65.413817 	-3.0759846 	0.83983364
-0.27627628 	-0.05 	0.182 	65.437633 	-2.9903414 	0.83757259
-0.27507508 	-0.05 	0.182 	65.461449 	-2.9046981 	0.83531154
-0.27387387 	-0.05 	0.182 	65.486008 	-2.8187317 	0.83295245
-0.27267267 	-0.05 	0.182 	65.511114 	-2.7325276 	0.83052123
-0.27147147 	-0.05 	0.182 	65.53622 	-2.6463235 	0.82809002
-0.27027027 	-0.05 	0.182 	65.561325 	-2.5601193 	0.8256588
-0.26906907 	-0.05 	0.182 	65.586431 	-2.4739152 	0.82322758
-0.26786787 	-0.05 	0.182 	65.617851 	-2.4467524 	0.82060715
-0.26666667 	-0.05 	0.182 	65.651314 	-2.4386963 	0.81792549
-0.26546547 	-0.05 	0.182 	65.684777 	-2.4306402 	0.81524383
-0.26426426 	-0.05 	0.182 	65.71824 	-2.422584 	0.81256217
-0.26306306 	-0.05 	0.182 	65.751703 	-2.4145279 	0.80988051
-0.26186186 	-0.05 	0.182 	65.785167 	-2.4064718 	0.80719885
-0.26066066 	-0.05 	0.182 	65.81863 	-2.3984157 	0.80451719
-0.25945946 	-0.05 	0.182 	65.852279 	-2.3903445 	0.80225374
-0.25825826 	-0.05 	0.182 	65.885948 	-2.3822716 	0.8000366
-0.25705706 	-0.05 	0.182 	65.919617 	-2.3741987 	0.79781947
-0.25585586 	-0.05 	0.182 	65.953287 	-2.3661259 	0.79560234
-0.25465465 	-0.05 	0.182 	65.986956 	-2.358053 	0.7933852
-0.25345345 	-0.05 	0.182 	66.020626 	-2.3499801 	0.79116807
-0.25225225 	-0.05 	0.182 	66.054295 	-2.3419073 	0.78895093
-0.25105105 	-0.05 	0.182 	66.087964 	-2.3338344 	0.7867338
-0.24984985 	-0.05 	0.182 	66.121634 	-2.3257615 	0.78451666
-0.24864865 	-0.05 	0.182 	66.165932 	-2.388105 	0.78206258
-0.24744745 	-0.05 	0.182 	66.210333 	-2.451135 	0.7796062
-0.24624625 	-0.05 	0.182 	66.254735 	-2.5141649 	0.77714981
-0.24504505 	-0.05 	0.182 	66.299137 	-2.5771949 	0.77469342
-0.24384384 	-0.05 	0.182 	66.343343 	-2.6406505 	0.77220425
-0.24264264 	-0.05 	0.182 	66.386736 	-2.7058805 	0.76957842
-0.24144144 	-0.05 	0.182 	66.430129 	-2.7711105 	0.76695259
-0.24024024 	-0.05 	0.182 	66.473521 	-2.8363406 	0.76432676
-0.23903904 	-0.05 	0.182 	66.516914 	-2.9015706 	0.76170093
-0.23783784 	-0.05 	0.182 	66.553027 	-2.9407715 	0.75896098
-0.23663664 	-0.05 	0.182 	66.579141 	-2.9442196 	0.75606426
-0.23543544 	-0.05 	0.182 	66.605255 	-2.9476677 	0.75316755
-0.23423423 	-0.05 	0.182 	66.631369 	-2.9511158 	0.75027083
-0.23303303 	-0.05 	0.182 	66.657483 	-2.9545639 	0.74737412
-0.23183183 	-0.05 	0.182 	66.683597 	-2.958012 	0.74447741
-0.23063063 	-0.05 	0.182 	66.70971 	-2.9614602 	0.74158069
-0.22942943 	-0.05 	0.182 	66.735931 	-2.9648962 	0.73894406
-0.22822823 	-0.05 	0.182 	66.762252 	-2.9683211 	0.73655048
-0.22702703 	-0.05 	0.182 	66.788572 	-2.9717459 	0.7341569
-0.22582583 	-0.05 	0.182 	66.814893 	-2.9751708 	0.73176332
-0.22462462 	-0.05 	0.182 	66.841213 	-2.9785956 	0.72936974
-0.22342342 	-0.05 	0.182 	66.867534 	-2.9820205 	0.72697615
-0.22222222 	-0.05 	0.182 	66.893854 	-2.9854453 	0.72458257
-0.22102102 	-0.05 	0.182 	66.920175 	-2.9888701 	0.72218899
-0.21981982 	-0.05 	0.182 	66.946495 	-2.992295 	0.71979541
-0.21861862 	-0.05 	0.182 	66.962515 	-2.9706511 	0.71726435
-0.21741742 	-0.05 	0.182 	66.969158 	-2.926186 	0.71460814
-0.21621622 	-0.05 	0.182 	66.975801 	-2.881721 	0.71195192
-0.21501502 	-0.05 	0.182 	66.982443 	-2.8372559 	0.70929571
-0.21381381 	-0.05 	0.182 	66.989086 	-2.7927909 	0.70663949
-0.21261261 	-0.05 	0.182 	66.995183 	-2.7452704 	0.70385807
-0.21141141 	-0.05 	0.182 	67.001152 	-2.6970328 	0.70104725
-0.21021021 	-0.05 	0.182 	67.007121 	-2.6487953 	0.69823644
-0.20900901 	-0.05 	0.182 	67.01309 	-2.6005578 	0.69542563
-0.20780781 	-0.05 	0.182 	67.020638 	-2.5557645 	0.69257538
-0.20660661 	-0.05 	0.182 	67.038051 	-2.5324976 	0.68947866
-0.20540541 	-0.05 	0.182 	67.055465 	-2.5092308 	0.68638195
-0.2042042 	-0.05 	0.182 	67.072879 	-2.4859639 	0.68328523
-0.203003 	-0.05 	0.182 	67.090293 	-2.4626971 	0.68018851
-0.2018018 	-0.05 	0.182 	67.107706 	-2.4394302 	0.6770918
-0.2006006 	-0.05 	0.182 	67.12512 	-2.4161634 	0.67399508
-0.1993994 	-0.05 	0.182 	67.142562 	-2.3928893 	0.67096955
-0.1981982 	-0.05 	0.182 	67.160191 	-2.3695681 	0.66840858
-0.196997 	-0.05 	0.182 	67.177819 	-2.3462468 	0.66584761
-0.1957958 	-0.05 	0.182 	67.195448 	-2.3229256 	0.66328664
-0.19459459 	-0.05 	0.182 	67.213076 	-2.2996044 	0.66072567
-0.19339339 	-0.05 	0.182 	67.230704 	-2.2762832 	0.6581647
-0.19219219 	-0.05 	0.182 	67.248333 	-2.252962 	0.65560373
-0.19099099 	-0.05 	0.182 	67.265961 	-2.2296407 	0.65304276
-0.18978979 	-0.05 	0.182 	67.28359 	-2.2063195 	0.65048179
-0.18858859 	-0.05 	0.182 	67.301358 	-2.1833362 	0.64791575
-0.18738739 	-0.05 	0.182 	67.326384 	-2.1778138 	0.64508809
-0.18618619 	-0.05 	0.182 	67.351409 	-2.1722914 	0.64226042
-0.18498498 	-0.05 	0.182 	67.376434 	-2.1667689 	0.63943276
-0.18378378 	-0.05 	0.182 	67.401459 	-2.1612465 	0.63660509
-0.18258258 	-0.05 	0.182 	67.427315 	-2.1562338 	0.63371685
-0.18138138 	-0.05 	0.182 	67.454288 	-2.151907 	0.6307471
-0.18018018 	-0.05 	0.182 	67.48126 	-2.1475801 	0.62777736
-0.17897898 	-0.05 	0.182 	67.508233 	-2.1432532 	0.62480761
-0.17777778 	-0.05 	0.182 	67.535206 	-2.1389263 	0.62183787
-0.17657658 	-0.05 	0.182 	67.564174 	-2.127375 	0.61856462
-0.17537538 	-0.05 	0.182 	67.593477 	-2.1146102 	0.6152404
-0.17417417 	-0.05 	0.182 	67.62278 	-2.1018455 	0.61191617
-0.17297297 	-0.05 	0.182 	67.652083 	-2.0890807 	0.60859195
-0.17177177 	-0.05 	0.182 	67.681386 	-2.076316 	0.60526772
-0.17057057 	-0.05 	0.182 	67.710689 	-2.0635512 	0.6019435
-0.16936937 	-0.05 	0.182 	67.739992 	-2.0507864 	0.59861927
-0.16816817 	-0.05 	0.182 	67.769461 	-2.0379943 	0.59572525
-0.16696697 	-0.05 	0.182 	67.798985 	-2.0251931 	0.59297489
-0.16576577 	-0.05 	0.182 	67.828509 	-2.0123919 	0.59022453
-0.16456456 	-0.05 	0.182 	67.858033 	-1.9995907 	0.58747417
-0.16336336 	-0.05 	0.182 	67.887557 	-1.9867895 	0.58472381
-0.16216216 	-0.05 	0.182 	67.917081 	-1.9739883 	0.58197345
-0.16096096 	-0.05 	0.182 	67.946605 	-1.9611871 	0.57922309
-0.15975976 	-0.05 	0.182 	67.976129 	-1.9483859 	0.57647273
-0.15855856 	-0.05 	0.182 	68.005653 	-1.9355847 	0.57372237
-0.15735736 	-0.05 	0.182 	68.03658 	-1.9165093 	0.57076265
-0.15615616 	-0.05 	0.182 	68.068394 	-1.8934731 	0.56767077
-0.15495495 	-0.05 	0.182 	68.100208 	-1.8704368 	0.56457888
-0.15375375 	-0.05 	0.182 	68.132023 	-1.8474006 	0.561487
-0.15255255 	-0.05 	0.182 	68.16389 	-1.8243111 	0.5583897
-0.15135135 	-0.05 	0.182 	68.196988 	-1.7999915 	0.55516744
-0.15015015 	-0.05 	0.182 	68.230087 	-1.775672 	0.55194518
-0.14894895 	-0.05 	0.182 	68.263185 	-1.7513525 	0.54872292
-0.14774775 	-0.05 	0.182 	68.296284 	-1.727033 	0.54550066
-0.14654655 	-0.05 	0.182 	68.331856 	-1.7025562 	0.54212675
-0.14534535 	-0.05 	0.182 	68.370128 	-1.6779077 	0.53858727
-0.14414414 	-0.05 	0.182 	68.4084 	-1.6532592 	0.53504778
-0.14294294 	-0.05 	0.182 	68.446671 	-1.6286107 	0.53150829
-0.14174174 	-0.05 	0.182 	68.484943 	-1.6039623 	0.5279688
-0.14054054 	-0.05 	0.182 	68.523215 	-1.5793138 	0.52442931
-0.13933934 	-0.05 	0.182 	68.561487 	-1.5546653 	0.52088983
-0.13813814 	-0.05 	0.182 	68.599829 	-1.5299904 	0.51757345
-0.13693694 	-0.05 	0.182 	68.638292 	-1.5052693 	0.51464663
-0.13573574 	-0.05 	0.182 	68.676755 	-1.4805482 	0.51171982
-0.13453453 	-0.05 	0.182 	68.715218 	-1.4558271 	0.50879301
-0.13333333 	-0.05 	0.182 	68.753681 	-1.431106 	0.5058662
-0.13213213 	-0.05 	0.182 	68.792144 	-1.406385 	0.50293939
-0.13093093 	-0.05 	0.182 	68.830607 	-1.3816639 	0.50001258
-0.12972973 	-0.05 	0.182 	68.86907 	-1.3569428 	0.49708577
-0.12852853 	-0.05 	0.182 	68.907533 	-1.3322217 	0.49415895
-0.12732733 	-0.05 	0.182 	68.946042 	-1.3070451 	0.4911765
-0.12612613 	-0.05 	0.182 	68.984751 	-1.2798693 	0.48794987
-0.12492492 	-0.05 	0.182 	69.02346 	-1.2526935 	0.48472324
-0.12372372 	-0.05 	0.182 	69.06217 	-1.2255178 	0.48149661
-0.12252252 	-0.05 	0.182 	69.100879 	-1.198342 	0.47826998
-0.12132132 	-0.05 	0.182 	69.140334 	-1.1698999 	0.47497891
-0.12012012 	-0.05 	0.182 	69.18018 	-1.1407922 	0.47165399
-0.11891892 	-0.05 	0.182 	69.220026 	-1.1116845 	0.46832906
-0.11771772 	-0.05 	0.182 	69.259872 	-1.0825768 	0.46500413
-0.11651652 	-0.05 	0.182 	69.300412 	-1.0512596 	0.46161744
-0.11531532 	-0.05 	0.182 	69.344729 	-1.0079027 	0.4578942
-0.11411411 	-0.05 	0.182 	69.389047 	-0.96454585 	0.45417096
-0.11291291 	-0.05 	0.182 	69.433364 	-0.921189 	0.45044773
-0.11171171 	-0.05 	0.182 	69.477681 	-0.87783215 	0.44672449
-0.11051051 	-0.05 	0.182 	69.521999 	-0.8344753 	0.44300125
-0.10930931 	-0.05 	0.182 	69.566316 	-0.79111845 	0.43927801
-0.10810811 	-0.05 	0.182 	69.610633 	-0.7477616 	0.43555477
-0.10690691 	-0.05 	0.182 	69.655141 	-0.7040896 	0.43248286
-0.10570571 	-0.05 	0.182 	69.699653 	-0.66041015 	0.42942634
-0.1045045 	-0.05 	0.182 	69.744165 	-0.61673071 	0.42636983
-0.1033033 	-0.05 	0.182 	69.788677 	-0.57305126 	0.42331331
-0.1021021 	-0.05 	0.182 	69.833189 	-0.52937181 	0.4202568
-0.1009009 	-0.05 	0.182 	69.877701 	-0.48569236 	0.41720029
-0.0996997 	-0.05 	0.182 	69.922213 	-0.44201291 	0.41414377
-0.098498498 	-0.05 	0.182 	69.966725 	-0.39833346 	0.41108726
-0.097297297 	-0.05 	0.182 	70.011237 	-0.35465401 	0.40803075
-0.096096096 	-0.05 	0.182 	70.052799 	-0.30107896 	0.4047628
-0.094894895 	-0.05 	0.182 	70.093032 	-0.24304032 	0.40139948
-0.093693694 	-0.05 	0.182 	70.133265 	-0.18500169 	0.39803616
-0.092492492 	-0.05 	0.182 	70.173497 	-0.12696305 	0.39467285
-0.091291291 	-0.05 	0.182 	70.213793 	-0.067899972 	0.39129292
-0.09009009 	-0.05 	0.182 	70.254261 	-0.0060235792 	0.38786739
-0.088888889 	-0.05 	0.182 	70.29473 	0.055852813 	0.38444186
-0.087687688 	-0.05 	0.182 	70.335198 	0.11772921 	0.38101633
-0.086486486 	-0.05 	0.182 	70.375667 	0.1796056 	0.3775908
-0.085285285 	-0.05 	0.182 	70.423349 	0.25641427 	0.37369769
-0.084084084 	-0.05 	0.182 	70.471871 	0.33495966 	0.36975019
-0.082882883 	-0.05 	0.182 	70.520393 	0.41350505 	0.36580268
-0.081681682 	-0.05 	0.182 	70.568914 	0.49205044 	0.36185518
-0.08048048 	-0.05 	0.182 	70.617436 	0.57059583 	0.35790768
-0.079279279 	-0.05 	0.182 	70.665957 	0.64914122 	0.35396018
-0.078078078 	-0.05 	0.182 	70.714479 	0.72768661 	0.35001268
-0.076876877 	-0.05 	0.182 	70.763164 	0.806479 	0.34647923
-0.075675676 	-0.05 	0.182 	70.811965 	0.88544415 	0.34323537
-0.074474474 	-0.05 	0.182 	70.860765 	0.9644093 	0.33999152
-0.073273273 	-0.05 	0.182 	70.909565 	1.0433744 	0.33674767
-0.072072072 	-0.05 	0.182 	70.958365 	1.1223396 	0.33350381
-0.070870871 	-0.05 	0.182 	71.007165 	1.2013047 	0.33025996
-0.06966967 	-0.05 	0.182 	71.055966 	1.2802699 	0.32701611
-0.068468468 	-0.05 	0.182 	71.104766 	1.359235 	0.32377225
-0.067267267 	-0.05 	0.182 	71.153566 	1.4382002 	0.3205284
-0.066066066 	-0.05 	0.182 	71.200392 	1.5189888 	0.31723182
-0.064864865 	-0.05 	0.182 	71.234273 	1.6117319 	0.31358958
-0.063663664 	-0.05 	0.182 	71.268154 	1.7044749 	0.30994734
-0.062462462 	-0.05 	0.182 	71.302035 	1.797218 	0.3063051
-0.061261261 	-0.05 	0.182 	71.335916 	1.8899611 	0.30266286
-0.06006006 	-0.05 	0.182 	71.35896 	1.9928418 	0.29901595
-0.058858859 	-0.05 	0.182 	71.38051 	2.0971213 	0.2953684
-0.057657658 	-0.05 	0.182 	71.402059 	2.2014007 	0.29172084
-0.056456456 	-0.05 	0.182 	71.423608 	2.3056801 	0.28807329
-0.055255255 	-0.05 	0.182 	71.43186 	2.4439112 	0.28416278
-0.054054054 	-0.05 	0.182 	71.429263 	2.6098459 	0.28003772
-0.052852853 	-0.05 	0.182 	71.426666 	2.7757806 	0.27591265
-0.051651652 	-0.05 	0.182 	71.424068 	2.9417153 	0.27178758
-0.05045045 	-0.05 	0.182 	71.421471 	3.1076499 	0.26766252
-0.049249249 	-0.05 	0.182 	71.418874 	3.2735846 	0.26353745
-0.048048048 	-0.05 	0.182 	71.416277 	3.4395193 	0.25941238
-0.046846847 	-0.05 	0.182 	71.413694 	3.6054666 	0.25540715
-0.045645646 	-0.05 	0.182 	71.411188 	3.7714791 	0.2520181
-0.044444444 	-0.05 	0.182 	71.408682 	3.9374915 	0.24862905
-0.043243243 	-0.05 	0.182 	71.406176 	4.1035039 	0.24524
-0.042042042 	-0.05 	0.182 	71.40367 	4.2695163 	0.24185096
-0.040840841 	-0.05 	0.182 	71.401163 	4.4355287 	0.23846191
-0.03963964 	-0.05 	0.182 	71.398657 	4.6015411 	0.23507286
-0.038438438 	-0.05 	0.182 	71.396151 	4.7675535 	0.23168381
-0.037237237 	-0.05 	0.182 	71.393645 	4.9335659 	0.22829477
-0.036036036 	-0.05 	0.182 	71.387157 	5.103437 	0.22487288
-0.034834835 	-0.05 	0.182 	71.33173 	5.3207338 	0.22104736
-0.033633634 	-0.05 	0.182 	71.276303 	5.5380305 	0.21722185
-0.032432432 	-0.05 	0.182 	71.220876 	5.7553273 	0.21339633
-0.031231231 	-0.05 	0.182 	71.165449 	5.9726241 	0.20957081
-0.03003003 	-0.05 	0.182 	71.074508 	6.2108332 	0.20568789
-0.028828829 	-0.05 	0.182 	70.932784 	6.4789446 	0.20172288
-0.027627628 	-0.05 	0.182 	70.791061 	6.7470559 	0.19775787
-0.026426426 	-0.05 	0.182 	70.649337 	7.0151673 	0.19379286
-0.025225225 	-0.05 	0.182 	70.507614 	7.2832786 	0.18982785
-0.024024024 	-0.05 	0.182 	70.36589 	7.55139 	0.18586284
-0.022822823 	-0.05 	0.182 	70.224167 	7.8195013 	0.18189783
-0.021621622 	-0.05 	0.182 	70.082443 	8.0876127 	0.17793282
-0.02042042 	-0.05 	0.182 	70.020563 	8.3838005 	0.17392959
-0.019219219 	-0.05 	0.182 	69.962997 	8.681506 	0.16992428
-0.018018018 	-0.05 	0.182 	69.905432 	8.9792115 	0.16591898
-0.016816817 	-0.05 	0.182 	69.847855 	9.2768355 	0.16184624
-0.015615616 	-0.05 	0.182 	69.790154 	9.5736291 	0.15708592
-0.014414414 	-0.05 	0.182 	69.588636 	9.6108047 	0.1529018
-0.013213213 	-0.05 	0.182 	69.297263 	9.4878562 	0.14962842
-0.012012012 	-0.05 	0.182 	69.050774 	9.3884995 	0.14657877
-0.010810811 	-0.05 	0.182 	68.948389 	9.3632703 	0.14324688
-0.0096096096 	-0.05 	0.182 	68.846003 	9.3380411 	0.13991499
-0.0084084084 	-0.05 	0.182 	68.743618 	9.3128118 	0.1365831
-0.0072072072 	-0.05 	0.182 	68.641232 	9.2875826 	0.13325121
-0.006006006 	-0.05 	0.182 	68.538846 	9.2623533 	0.12991932
-0.0048048048 	-0.05 	0.182 	68.436461 	9.2371241 	0.12658743
-0.0036036036 	-0.05 	0.182 	68.334075 	9.2118948 	0.12325554
-0.0024024024 	-0.05 	0.182 	68.23169 	9.1866656 	0.11992365
-0.0012012012 	-0.05 	0.182 	68.129308 	9.1614369 	0.11659341
-7.9671284e-15 	-0.05 	0.182 	68.027081 	9.1362323 	0.11333345
