0 	0.25 	0.182 	45.629987 	-2.1097929 	-0.56133103
-0.0012012012 	0.25 	0.182 	45.631155 	-2.1391235 	-0.56273607
-0.0024024024 	0.25 	0.182 	45.632324 	-2.1684541 	-0.5641411
-0.0036036036 	0.25 	0.182 	45.633493 	-2.1977847 	-0.56554614
-0.0048048048 	0.25 	0.182 	45.634662 	-2.2271153 	-0.56695118
-0.006006006 	0.25 	0.182 	45.635831 	-2.2564459 	-0.56835621
-0.0072072072 	0.25 	0.182 	45.636999 	-2.2857765 	-0.56976125
-0.0084084084 	0.25 	0.182 	45.638168 	-2.3151071 	-0.57116628
-0.0096096096 	0.25 	0.182 	45.639337 	-2.3444377 	-0.57257132
-0.010810811 	0.25 	0.182 	45.640506 	-2.3737683 	-0.57397636
-0.012012012 	0.25 	0.182 	45.641674 	-2.4030989 	-0.57538139
-0.013213213 	0.25 	0.182 	45.642843 	-2.4324295 	-0.57678643
-0.014414414 	0.25 	0.182 	45.644012 	-2.4617601 	-0.57819146
-0.015615616 	0.25 	0.182 	45.645181 	-2.4910907 	-0.5795965
-0.016816817 	0.25 	0.182 	45.64635 	-2.5204213 	-0.58100154
-0.018018018 	0.25 	0.182 	45.647518 	-2.5497519 	-0.58240657
-0.019219219 	0.25 	0.182 	45.648687 	-2.5790825 	-0.58381161
-0.02042042 	0.25 	0.182 	45.649856 	-2.6084131 	-0.58521664
-0.021621622 	0.25 	0.182 	45.64661 	-2.6274572 	-0.58689606
-0.022822823 	0.25 	0.182 	45.641486 	-2.6421255 	-0.5886922
-0.024024024 	0.25 	0.182 	45.636363 	-2.6567938 	-0.59048833
-0.025225225 	0.25 	0.182 	45.631239 	-2.6714622 	-0.59228447
-0.026426426 	0.25 	0.182 	45.626115 	-2.6861305 	-0.59408061
-0.027627628 	0.25 	0.182 	45.62099 	-2.7008681 	-0.59573827
-0.028828829 	0.25 	0.182 	45.615864 	-2.7156982 	-0.59721092
-0.03003003 	0.25 	0.182 	45.610738 	-2.7305284 	-0.59868357
-0.031231231 	0.25 	0.182 	45.605611 	-2.7453585 	-0.60015622
-0.032432432 	0.25 	0.182 	45.600485 	-2.7601886 	-0.60162887
-0.033633634 	0.25 	0.182 	45.595359 	-2.7750187 	-0.60310152
-0.034834835 	0.25 	0.182 	45.590233 	-2.7898489 	-0.60457417
-0.036036036 	0.25 	0.182 	45.585106 	-2.804679 	-0.60604682
-0.037237237 	0.25 	0.182 	45.57998 	-2.8195091 	-0.60751947
-0.038438438 	0.25 	0.182 	45.574854 	-2.8343392 	-0.60899212
-0.03963964 	0.25 	0.182 	45.57314 	-2.8159483 	-0.61051218
-0.040840841 	0.25 	0.182 	45.571567 	-2.7961891 	-0.61203421
-0.042042042 	0.25 	0.182 	45.569994 	-2.7764298 	-0.61355623
-0.043243243 	0.25 	0.182 	45.568421 	-2.7566706 	-0.61507825
-0.044444444 	0.25 	0.182 	45.566848 	-2.7369114 	-0.61660027
-0.045645646 	0.25 	0.182 	45.565275 	-2.7171522 	-0.6181223
-0.046846847 	0.25 	0.182 	45.563702 	-2.6973929 	-0.61964432
-0.048048048 	0.25 	0.182 	45.562129 	-2.6776337 	-0.62116634
-0.049249249 	0.25 	0.182 	45.560555 	-2.6578745 	-0.62268836
-0.05045045 	0.25 	0.182 	45.558982 	-2.6381153 	-0.62421039
-0.051651652 	0.25 	0.182 	45.557409 	-2.618356 	-0.62573241
-0.052852853 	0.25 	0.182 	45.555836 	-2.5985968 	-0.62725443
-0.054054054 	0.25 	0.182 	45.554263 	-2.5788376 	-0.62877645
-0.055255255 	0.25 	0.182 	45.55269 	-2.5590784 	-0.63029848
-0.056456456 	0.25 	0.182 	45.551117 	-2.5393191 	-0.6318205
-0.057657658 	0.25 	0.182 	45.549544 	-2.5195599 	-0.63334252
-0.058858859 	0.25 	0.182 	45.547971 	-2.4998007 	-0.63486454
-0.06006006 	0.25 	0.182 	45.546398 	-2.4800415 	-0.63638657
-0.061261261 	0.25 	0.182 	45.55684 	-2.4670331 	-0.63786052
-0.062462462 	0.25 	0.182 	45.567731 	-2.454277 	-0.63933268
-0.063663664 	0.25 	0.182 	45.578622 	-2.4415208 	-0.64080483
-0.064864865 	0.25 	0.182 	45.589513 	-2.4287646 	-0.64227699
-0.066066066 	0.25 	0.182 	45.600404 	-2.4160085 	-0.64374915
-0.067267267 	0.25 	0.182 	45.611295 	-2.4032523 	-0.6452213
-0.068468468 	0.25 	0.182 	45.622186 	-2.3904962 	-0.64669346
-0.06966967 	0.25 	0.182 	45.633077 	-2.37774 	-0.64816562
-0.070870871 	0.25 	0.182 	45.643968 	-2.3649838 	-0.64963777
-0.072072072 	0.25 	0.182 	45.654859 	-2.3522277 	-0.65110993
-0.073273273 	0.25 	0.182 	45.665751 	-2.3394715 	-0.65258209
-0.074474474 	0.25 	0.182 	45.676642 	-2.3267154 	-0.65405424
-0.075675676 	0.25 	0.182 	45.687533 	-2.3139592 	-0.6555264
-0.076876877 	0.25 	0.182 	45.698424 	-2.301203 	-0.65699855
-0.078078078 	0.25 	0.182 	45.709315 	-2.2884469 	-0.65847071
-0.079279279 	0.25 	0.182 	45.720206 	-2.2756907 	-0.65994287
-0.08048048 	0.25 	0.182 	45.731097 	-2.2629345 	-0.66141502
-0.081681682 	0.25 	0.182 	45.740388 	-2.2589772 	-0.66288375
-0.082882883 	0.25 	0.182 	45.742602 	-2.2939403 	-0.66433731
-0.084084084 	0.25 	0.182 	45.744817 	-2.3289034 	-0.66579087
-0.085285285 	0.25 	0.182 	45.747031 	-2.3638665 	-0.66724443
-0.086486486 	0.25 	0.182 	45.749246 	-2.3988296 	-0.66869798
-0.087687688 	0.25 	0.182 	45.75146 	-2.4337927 	-0.67015154
-0.088888889 	0.25 	0.182 	45.753675 	-2.4687558 	-0.6716051
-0.09009009 	0.25 	0.182 	45.75589 	-2.5037189 	-0.67305866
-0.091291291 	0.25 	0.182 	45.758104 	-2.538682 	-0.67451222
-0.092492492 	0.25 	0.182 	45.760319 	-2.5736451 	-0.67596578
-0.093693694 	0.25 	0.182 	45.762529 	-2.608559 	-0.67759687
-0.094894895 	0.25 	0.182 	45.764737 	-2.6434337 	-0.67936989
-0.096096096 	0.25 	0.182 	45.766945 	-2.6783084 	-0.68114292
-0.097297297 	0.25 	0.182 	45.769153 	-2.7131831 	-0.68291594
-0.098498498 	0.25 	0.182 	45.771361 	-2.7480578 	-0.68468896
-0.0996997 	0.25 	0.182 	45.773569 	-2.7829325 	-0.68646198
-0.1009009 	0.25 	0.182 	45.774975 	-2.8657258 	-0.68815196
-0.1021021 	0.25 	0.182 	45.776335 	-2.9512542 	-0.68983719
-0.1033033 	0.25 	0.182 	45.777695 	-3.0367826 	-0.69152243
-0.1045045 	0.25 	0.182 	45.779056 	-3.122311 	-0.69320766
-0.10570571 	0.25 	0.182 	45.780416 	-3.2078394 	-0.6948929
-0.10690691 	0.25 	0.182 	45.781776 	-3.2933678 	-0.69657813
-0.10810811 	0.25 	0.182 	45.783136 	-3.3788962 	-0.69826336
-0.10930931 	0.25 	0.182 	45.784496 	-3.4644246 	-0.6999486
-0.11051051 	0.25 	0.182 	45.785856 	-3.549953 	-0.70163383
-0.11171171 	0.25 	0.182 	45.787216 	-3.6354814 	-0.70331907
-0.11291291 	0.25 	0.182 	45.788576 	-3.7210098 	-0.7050043
-0.11411411 	0.25 	0.182 	45.789937 	-3.8065382 	-0.70668954
-0.11531532 	0.25 	0.182 	45.791297 	-3.8920666 	-0.70837477
-0.11651652 	0.25 	0.182 	45.792657 	-3.977595 	-0.71006001
-0.11771772 	0.25 	0.182 	45.794017 	-4.0631234 	-0.71174524
-0.11891892 	0.25 	0.182 	45.795377 	-4.1486518 	-0.71343048
-0.12012012 	0.25 	0.182 	45.796737 	-4.2341802 	-0.71511571
-0.12132132 	0.25 	0.182 	45.798345 	-4.3193066 	-0.71679299
-0.12252252 	0.25 	0.182 	45.800897 	-4.4029014 	-0.71843994
-0.12372372 	0.25 	0.182 	45.803449 	-4.4864962 	-0.7200869
-0.12492492 	0.25 	0.182 	45.806 	-4.5700911 	-0.72173385
-0.12612613 	0.25 	0.182 	45.808552 	-4.6536859 	-0.7233808
-0.12732733 	0.25 	0.182 	45.811104 	-4.7372807 	-0.72502776
-0.12852853 	0.25 	0.182 	45.813655 	-4.8208755 	-0.72667471
-0.12972973 	0.25 	0.182 	45.816207 	-4.9044703 	-0.72832167
-0.13093093 	0.25 	0.182 	45.818759 	-4.9880651 	-0.72996862
-0.13213213 	0.25 	0.182 	45.821311 	-5.0716599 	-0.73161557
-0.13333333 	0.25 	0.182 	45.823862 	-5.1552547 	-0.73326253
-0.13453453 	0.25 	0.182 	45.826414 	-5.2388495 	-0.73490948
-0.13573574 	0.25 	0.182 	45.828966 	-5.3224443 	-0.73655644
-0.13693694 	0.25 	0.182 	45.831517 	-5.4060391 	-0.73820339
-0.13813814 	0.25 	0.182 	45.834069 	-5.4896339 	-0.73985034
-0.13933934 	0.25 	0.182 	45.836621 	-5.5732287 	-0.7414973
-0.14054054 	0.25 	0.182 	45.839173 	-5.6568236 	-0.74314425
-0.14174174 	0.25 	0.182 	45.841724 	-5.7404184 	-0.74479121
-0.14294294 	0.25 	0.182 	45.851922 	-5.7831049 	-0.74649961
-0.14414414 	0.25 	0.182 	45.866443 	-5.8026602 	-0.74824275
-0.14534535 	0.25 	0.182 	45.880964 	-5.8222155 	-0.74998589
-0.14654655 	0.25 	0.182 	45.895484 	-5.8417708 	-0.75172904
-0.14774775 	0.25 	0.182 	45.910005 	-5.8613261 	-0.75347218
-0.14894895 	0.25 	0.182 	45.924526 	-5.8808814 	-0.75521533
-0.15015015 	0.25 	0.182 	45.939091 	-5.9004784 	-0.75668326
-0.15135135 	0.25 	0.182 	45.953662 	-5.9200814 	-0.75811201
-0.15255255 	0.25 	0.182 	45.968233 	-5.9396844 	-0.75954076
-0.15375375 	0.25 	0.182 	45.982805 	-5.9592874 	-0.7609695
-0.15495495 	0.25 	0.182 	45.997376 	-5.9788904 	-0.76239825
-0.15615616 	0.25 	0.182 	46.011947 	-5.9984934 	-0.763827
-0.15735736 	0.25 	0.182 	46.026518 	-6.0180964 	-0.76525575
-0.15855856 	0.25 	0.182 	46.041089 	-6.0376993 	-0.76668449
-0.15975976 	0.25 	0.182 	46.055661 	-6.0573023 	-0.76811324
-0.16096096 	0.25 	0.182 	46.070232 	-6.0769053 	-0.76954199
-0.16216216 	0.25 	0.182 	46.094862 	-6.0281102 	-0.77104428
-0.16336336 	0.25 	0.182 	46.120002 	-5.9758553 	-0.77255029
-0.16456456 	0.25 	0.182 	46.145142 	-5.9236004 	-0.7740563
-0.16576577 	0.25 	0.182 	46.170281 	-5.8713455 	-0.77556231
-0.16696697 	0.25 	0.182 	46.195421 	-5.8190906 	-0.77706832
-0.16816817 	0.25 	0.182 	46.220561 	-5.7668357 	-0.77857433
-0.16936937 	0.25 	0.182 	46.2457 	-5.7145808 	-0.78008034
-0.17057057 	0.25 	0.182 	46.27084 	-5.6623259 	-0.78158636
-0.17177177 	0.25 	0.182 	46.295979 	-5.610071 	-0.78309237
-0.17297297 	0.25 	0.182 	46.321119 	-5.5578161 	-0.78459838
-0.17417417 	0.25 	0.182 	46.346259 	-5.5055613 	-0.78610439
-0.17537538 	0.25 	0.182 	46.371398 	-5.4533064 	-0.7876104
-0.17657658 	0.25 	0.182 	46.396538 	-5.4010515 	-0.78911641
-0.17777778 	0.25 	0.182 	46.421678 	-5.3487966 	-0.79062242
-0.17897898 	0.25 	0.182 	46.446817 	-5.2965417 	-0.79212843
-0.18018018 	0.25 	0.182 	46.471957 	-5.2442868 	-0.79363444
-0.18138138 	0.25 	0.182 	46.497096 	-5.1920319 	-0.79514045
-0.18258258 	0.25 	0.182 	46.52282 	-5.1402974 	-0.79660949
-0.18378378 	0.25 	0.182 	46.549173 	-5.0891242 	-0.79803865
-0.18498498 	0.25 	0.182 	46.575526 	-5.037951 	-0.7994678
-0.18618619 	0.25 	0.182 	46.601879 	-4.9867779 	-0.80089695
-0.18738739 	0.25 	0.182 	46.628232 	-4.9356047 	-0.80232611
-0.18858859 	0.25 	0.182 	46.654586 	-4.8844316 	-0.80375526
-0.18978979 	0.25 	0.182 	46.680939 	-4.8332584 	-0.80518441
-0.19099099 	0.25 	0.182 	46.707292 	-4.7820852 	-0.80661357
-0.19219219 	0.25 	0.182 	46.733645 	-4.7309121 	-0.80804272
-0.19339339 	0.25 	0.182 	46.759998 	-4.6797389 	-0.80947187
-0.19459459 	0.25 	0.182 	46.786351 	-4.6285657 	-0.81090103
-0.1957958 	0.25 	0.182 	46.812705 	-4.5773926 	-0.81233018
-0.196997 	0.25 	0.182 	46.839058 	-4.5262194 	-0.81375933
-0.1981982 	0.25 	0.182 	46.865411 	-4.4750463 	-0.81518849
-0.1993994 	0.25 	0.182 	46.891764 	-4.4238731 	-0.81661764
-0.2006006 	0.25 	0.182 	46.918117 	-4.3726999 	-0.81804679
-0.2018018 	0.25 	0.182 	46.94447 	-4.3215268 	-0.81947595
-0.203003 	0.25 	0.182 	46.970353 	-4.2840418 	-0.82088016
-0.2042042 	0.25 	0.182 	46.994021 	-4.3109641 	-0.82216702
-0.20540541 	0.25 	0.182 	47.017689 	-4.3378864 	-0.82345388
-0.20660661 	0.25 	0.182 	47.041357 	-4.3648086 	-0.82474075
-0.20780781 	0.25 	0.182 	47.065026 	-4.3917309 	-0.82602761
-0.20900901 	0.25 	0.182 	47.088694 	-4.4186532 	-0.82731447
-0.21021021 	0.25 	0.182 	47.112362 	-4.4455755 	-0.82860133
-0.21141141 	0.25 	0.182 	47.13603 	-4.4724977 	-0.8298882
-0.21261261 	0.25 	0.182 	47.159698 	-4.49942 	-0.83117506
-0.21381381 	0.25 	0.182 	47.183366 	-4.5263423 	-0.83246192
-0.21501502 	0.25 	0.182 	47.207028 	-4.5532596 	-0.83377071
-0.21621622 	0.25 	0.182 	47.230605 	-4.5801176 	-0.83533968
-0.21741742 	0.25 	0.182 	47.254182 	-4.6069757 	-0.83690865
-0.21861862 	0.25 	0.182 	47.277759 	-4.6338337 	-0.83847762
-0.21981982 	0.25 	0.182 	47.301336 	-4.6606918 	-0.84004659
-0.22102102 	0.25 	0.182 	47.324914 	-4.6875498 	-0.84161556
-0.22222222 	0.25 	0.182 	47.348491 	-4.7144079 	-0.84318453
-0.22342342 	0.25 	0.182 	47.368201 	-4.8195742 	-0.8445753
-0.22462462 	0.25 	0.182 	47.387836 	-4.9262826 	-0.84596257
-0.22582583 	0.25 	0.182 	47.40747 	-5.032991 	-0.84734984
-0.22702703 	0.25 	0.182 	47.427104 	-5.1396995 	-0.84873711
-0.22822823 	0.25 	0.182 	47.446739 	-5.2464079 	-0.85012438
-0.22942943 	0.25 	0.182 	47.466373 	-5.3531163 	-0.85151165
-0.23063063 	0.25 	0.182 	47.486007 	-5.4598247 	-0.85289892
-0.23183183 	0.25 	0.182 	47.505642 	-5.5665331 	-0.85428619
-0.23303303 	0.25 	0.182 	47.525276 	-5.6732415 	-0.85567346
-0.23423423 	0.25 	0.182 	47.54491 	-5.7799499 	-0.85706073
-0.23543544 	0.25 	0.182 	47.564545 	-5.8866583 	-0.858448
-0.23663664 	0.25 	0.182 	47.584179 	-5.9933667 	-0.85983528
-0.23783784 	0.25 	0.182 	47.603813 	-6.1000751 	-0.86122255
-0.23903904 	0.25 	0.182 	47.623448 	-6.2067835 	-0.86260982
-0.24024024 	0.25 	0.182 	47.643082 	-6.313492 	-0.86399709
-0.24144144 	0.25 	0.182 	47.662716 	-6.4202004 	-0.86538436
-0.24264264 	0.25 	0.182 	47.682351 	-6.5269088 	-0.86677163
-0.24384384 	0.25 	0.182 	47.702391 	-6.6321851 	-0.8680967
-0.24504505 	0.25 	0.182 	47.72258 	-6.7369402 	-0.86939913
-0.24624625 	0.25 	0.182 	47.742768 	-6.8416952 	-0.87070156
-0.24744745 	0.25 	0.182 	47.762957 	-6.9464502 	-0.87200399
-0.24864865 	0.25 	0.182 	47.783146 	-7.0512053 	-0.87330643
-0.24984985 	0.25 	0.182 	47.803334 	-7.1559603 	-0.87460886
-0.25105105 	0.25 	0.182 	47.823523 	-7.2607154 	-0.87591129
-0.25225225 	0.25 	0.182 	47.843711 	-7.3654704 	-0.87721372
-0.25345345 	0.25 	0.182 	47.8639 	-7.4702255 	-0.87851616
-0.25465465 	0.25 	0.182 	47.884088 	-7.5749805 	-0.87981859
-0.25585586 	0.25 	0.182 	47.904277 	-7.6797356 	-0.88112102
-0.25705706 	0.25 	0.182 	47.924465 	-7.7844906 	-0.88242345
-0.25825826 	0.25 	0.182 	47.944654 	-7.8892456 	-0.88372588
-0.25945946 	0.25 	0.182 	47.964842 	-7.9940007 	-0.88502832
-0.26066066 	0.25 	0.182 	47.985031 	-8.0987557 	-0.88633075
-0.26186186 	0.25 	0.182 	48.00522 	-8.2035108 	-0.88763318
-0.26306306 	0.25 	0.182 	48.025408 	-8.3082658 	-0.88893561
-0.26426426 	0.25 	0.182 	48.04982 	-8.3510079 	-0.8902859
-0.26546547 	0.25 	0.182 	48.076481 	-8.3607016 	-0.89166169
-0.26666667 	0.25 	0.182 	48.103143 	-8.3703953 	-0.89303748
-0.26786787 	0.25 	0.182 	48.129805 	-8.380089 	-0.89441327
-0.26906907 	0.25 	0.182 	48.156467 	-8.3897827 	-0.89578905
-0.27027027 	0.25 	0.182 	48.183129 	-8.3994764 	-0.89716484
-0.27147147 	0.25 	0.182 	48.209838 	-8.4091816 	-0.8984433
-0.27267267 	0.25 	0.182 	48.23662 	-8.4189043 	-0.89957229
-0.27387387 	0.25 	0.182 	48.263402 	-8.428627 	-0.90070128
-0.27507508 	0.25 	0.182 	48.290183 	-8.4383497 	-0.90183028
-0.27627628 	0.25 	0.182 	48.316965 	-8.4480724 	-0.90295927
-0.27747748 	0.25 	0.182 	48.343747 	-8.4577951 	-0.90408826
-0.27867868 	0.25 	0.182 	48.370529 	-8.4675178 	-0.90521725
-0.27987988 	0.25 	0.182 	48.397311 	-8.4772406 	-0.90634624
-0.28108108 	0.25 	0.182 	48.424092 	-8.4869633 	-0.90747524
-0.28228228 	0.25 	0.182 	48.450874 	-8.496686 	-0.90860423
-0.28348348 	0.25 	0.182 	48.477656 	-8.5064087 	-0.90973322
-0.28468468 	0.25 	0.182 	48.508045 	-8.4200948 	-0.91091355
-0.28588589 	0.25 	0.182 	48.538514 	-8.33167 	-0.912095
-0.28708709 	0.25 	0.182 	48.568982 	-8.2432452 	-0.91327646
-0.28828829 	0.25 	0.182 	48.599451 	-8.1548203 	-0.91445791
-0.28948949 	0.25 	0.182 	48.629919 	-8.0663955 	-0.91563937
-0.29069069 	0.25 	0.182 	48.660388 	-7.9779707 	-0.91682083
-0.29189189 	0.25 	0.182 	48.690856 	-7.8895458 	-0.91800228
-0.29309309 	0.25 	0.182 	48.721325 	-7.801121 	-0.91918374
-0.29429429 	0.25 	0.182 	48.751793 	-7.7126961 	-0.92036519
-0.2954955 	0.25 	0.182 	48.782262 	-7.6242713 	-0.92154665
-0.2966967 	0.25 	0.182 	48.81273 	-7.5358465 	-0.9227281
-0.2978979 	0.25 	0.182 	48.843199 	-7.4474216 	-0.92390956
-0.2990991 	0.25 	0.182 	48.873667 	-7.3589968 	-0.92509101
-0.3003003 	0.25 	0.182 	48.904136 	-7.2705719 	-0.92627247
-0.3015015 	0.25 	0.182 	48.934604 	-7.1821471 	-0.92745392
-0.3027027 	0.25 	0.182 	48.965073 	-7.0937223 	-0.92863538
-0.3039039 	0.25 	0.182 	48.995541 	-7.0052974 	-0.92981683
-0.30510511 	0.25 	0.182 	49.02785 	-6.9170386 	-0.93090634
-0.30630631 	0.25 	0.182 	49.060166 	-6.8287805 	-0.9319955
-0.30750751 	0.25 	0.182 	49.092481 	-6.7405223 	-0.93308465
-0.30870871 	0.25 	0.182 	49.124797 	-6.6522642 	-0.93417381
-0.30990991 	0.25 	0.182 	49.157112 	-6.5640061 	-0.93526297
-0.31111111 	0.25 	0.182 	49.189428 	-6.4757479 	-0.93635213
-0.31231231 	0.25 	0.182 	49.221743 	-6.3874898 	-0.93744128
-0.31351351 	0.25 	0.182 	49.254059 	-6.2992316 	-0.93853044
-0.31471471 	0.25 	0.182 	49.286375 	-6.2109735 	-0.9396196
-0.31591592 	0.25 	0.182 	49.31869 	-6.1227153 	-0.94070875
-0.31711712 	0.25 	0.182 	49.351006 	-6.0344572 	-0.94179791
-0.31831832 	0.25 	0.182 	49.383321 	-5.946199 	-0.94288707
-0.31951952 	0.25 	0.182 	49.415637 	-5.8579409 	-0.94397623
-0.32072072 	0.25 	0.182 	49.447952 	-5.7696827 	-0.94506538
-0.32192192 	0.25 	0.182 	49.480268 	-5.6814246 	-0.94615454
-0.32312312 	0.25 	0.182 	49.512584 	-5.5931664 	-0.9472437
-0.32432432 	0.25 	0.182 	49.546346 	-5.5243077 	-0.94829481
-0.32552553 	0.25 	0.182 	49.586233 	-5.5375506 	-0.94918494
-0.32672673 	0.25 	0.182 	49.626119 	-5.5507934 	-0.95007506
-0.32792793 	0.25 	0.182 	49.666006 	-5.5640363 	-0.95096518
-0.32912913 	0.25 	0.182 	49.705893 	-5.5772791 	-0.9518553
-0.33033033 	0.25 	0.182 	49.745779 	-5.590522 	-0.95274542
-0.33153153 	0.25 	0.182 	49.785666 	-5.6037648 	-0.95363554
-0.33273273 	0.25 	0.182 	49.825552 	-5.6170077 	-0.95452566
-0.33393393 	0.25 	0.182 	49.865439 	-5.6302505 	-0.95541578
-0.33513514 	0.25 	0.182 	49.905325 	-5.6434934 	-0.9563059
-0.33633634 	0.25 	0.182 	49.945212 	-5.6567362 	-0.95719602
-0.33753754 	0.25 	0.182 	49.985011 	-5.6699575 	-0.95820124
-0.33873874 	0.25 	0.182 	50.024748 	-5.6831638 	-0.95928663
-0.33993994 	0.25 	0.182 	50.064486 	-5.6963701 	-0.96037201
-0.34114114 	0.25 	0.182 	50.104223 	-5.7095764 	-0.9614574
-0.34234234 	0.25 	0.182 	50.143961 	-5.7227827 	-0.96254279
-0.34354354 	0.25 	0.182 	50.183698 	-5.7359889 	-0.96362817
-0.34474474 	0.25 	0.182 	50.223436 	-5.7491952 	-0.96471356
-0.34594595 	0.25 	0.182 	50.275579 	-5.8523423 	-0.96558547
-0.34714715 	0.25 	0.182 	50.328172 	-5.9587549 	-0.96644964
-0.34834835 	0.25 	0.182 	50.380765 	-6.0651676 	-0.9673138
-0.34954955 	0.25 	0.182 	50.433358 	-6.1715802 	-0.96817797
-0.35075075 	0.25 	0.182 	50.485952 	-6.2779929 	-0.96904213
-0.35195195 	0.25 	0.182 	50.538545 	-6.3844055 	-0.96990629
-0.35315315 	0.25 	0.182 	50.591138 	-6.4908182 	-0.97077046
-0.35435435 	0.25 	0.182 	50.643732 	-6.5972308 	-0.97163462
-0.35555556 	0.25 	0.182 	50.696325 	-6.7036435 	-0.97249879
-0.35675676 	0.25 	0.182 	50.748918 	-6.8100561 	-0.97336295
-0.35795796 	0.25 	0.182 	50.801511 	-6.9164688 	-0.97422711
-0.35915916 	0.25 	0.182 	50.854105 	-7.0228814 	-0.97509128
-0.36036036 	0.25 	0.182 	50.906698 	-7.1292941 	-0.97595544
-0.36156156 	0.25 	0.182 	50.959291 	-7.2357067 	-0.97681961
-0.36276276 	0.25 	0.182 	51.011885 	-7.3421194 	-0.97768377
-0.36396396 	0.25 	0.182 	51.064478 	-7.448532 	-0.97854793
-0.36516517 	0.25 	0.182 	51.116903 	-7.5557896 	-0.97938867
-0.36636637 	0.25 	0.182 	51.168808 	-7.6656675 	-0.98015674
-0.36756757 	0.25 	0.182 	51.220712 	-7.7755454 	-0.98092482
-0.36876877 	0.25 	0.182 	51.272617 	-7.8854233 	-0.9816929
-0.36996997 	0.25 	0.182 	51.324522 	-7.9953011 	-0.98246097
-0.37117117 	0.25 	0.182 	51.376426 	-8.105179 	-0.98322905
-0.37237237 	0.25 	0.182 	51.428331 	-8.2150569 	-0.98399713
-0.37357357 	0.25 	0.182 	51.480236 	-8.3249348 	-0.9847652
-0.37477477 	0.25 	0.182 	51.53214 	-8.4348127 	-0.98553328
-0.37597598 	0.25 	0.182 	51.584045 	-8.5446906 	-0.98630135
-0.37717718 	0.25 	0.182 	51.635949 	-8.6545684 	-0.98706943
-0.37837838 	0.25 	0.182 	51.687854 	-8.7644463 	-0.98783751
-0.37957958 	0.25 	0.182 	51.739759 	-8.8743242 	-0.98860558
-0.38078078 	0.25 	0.182 	51.791663 	-8.9842021 	-0.98937366
-0.38198198 	0.25 	0.182 	51.843568 	-9.09408 	-0.99014174
-0.38318318 	0.25 	0.182 	51.895473 	-9.2039578 	-0.99090981
-0.38438438 	0.25 	0.182 	51.947377 	-9.3138357 	-0.99167789
-0.38558559 	0.25 	0.182 	51.983174 	-9.3688563 	-0.99235176
-0.38678679 	0.25 	0.182 	52.012629 	-9.4022764 	-0.99298853
-0.38798799 	0.25 	0.182 	52.042084 	-9.4356965 	-0.9936253
-0.38918919 	0.25 	0.182 	52.071539 	-9.4691167 	-0.99426207
-0.39039039 	0.25 	0.182 	52.100993 	-9.5025368 	-0.99489884
-0.39159159 	0.25 	0.182 	52.130448 	-9.5359569 	-0.99553562
-0.39279279 	0.25 	0.182 	52.159903 	-9.5693771 	-0.99617239
-0.39399399 	0.25 	0.182 	52.189358 	-9.6027972 	-0.99680916
-0.3951952 	0.25 	0.182 	52.218812 	-9.6362173 	-0.99744593
-0.3963964 	0.25 	0.182 	52.248267 	-9.6696375 	-0.9980827
-0.3975976 	0.25 	0.182 	52.277722 	-9.7030576 	-0.99871948
-0.3987988 	0.25 	0.182 	52.307043 	-9.7364543 	-0.99947027
-0.4 	0.25 	0.182 	52.33634 	-9.7698468 	-1.0002416
-0.4012012 	0.25 	0.182 	52.365638 	-9.8032393 	-1.001013
-0.4024024 	0.25 	0.182 	52.394935 	-9.8366317 	-1.0017844
-0.4036036 	0.25 	0.182 	52.424232 	-9.8700242 	-1.0025557
-0.4048048 	0.25 	0.182 	52.453529 	-9.9034167 	-1.0033271
-0.40600601 	0.25 	0.182 	52.482826 	-9.9368091 	-1.0040984
-0.40720721 	0.25 	0.182 	52.498062 	-9.9133097 	-1.0047335
-0.40840841 	0.25 	0.182 	52.512031 	-9.8846866 	-1.0053564
-0.40960961 	0.25 	0.182 	52.526 	-9.8560635 	-1.0059792
-0.41081081 	0.25 	0.182 	52.539969 	-9.8274404 	-1.0066021
-0.41201201 	0.25 	0.182 	52.553938 	-9.7988173 	-1.0072249
-0.41321321 	0.25 	0.182 	52.567907 	-9.7701942 	-1.0078478
-0.41441441 	0.25 	0.182 	52.581875 	-9.7415711 	-1.0084706
-0.41561562 	0.25 	0.182 	52.595844 	-9.7129481 	-1.0090935
-0.41681682 	0.25 	0.182 	52.609813 	-9.684325 	-1.0097163
-0.41801802 	0.25 	0.182 	52.623782 	-9.6557019 	-1.0103391
-0.41921922 	0.25 	0.182 	52.637751 	-9.6270788 	-1.010962
-0.42042042 	0.25 	0.182 	52.65172 	-9.5984557 	-1.0115848
-0.42162162 	0.25 	0.182 	52.665689 	-9.5698326 	-1.0122077
-0.42282282 	0.25 	0.182 	52.679658 	-9.5412095 	-1.0128305
-0.42402402 	0.25 	0.182 	52.693627 	-9.5125864 	-1.0134534
-0.42522523 	0.25 	0.182 	52.707596 	-9.4839634 	-1.0140762
-0.42642643 	0.25 	0.182 	52.729727 	-9.4559486 	-1.0146499
-0.42762763 	0.25 	0.182 	52.759779 	-9.428524 	-1.015176
-0.42882883 	0.25 	0.182 	52.789831 	-9.4010995 	-1.0157021
-0.43003003 	0.25 	0.182 	52.819883 	-9.373675 	-1.0162281
-0.43123123 	0.25 	0.182 	52.849935 	-9.3462505 	-1.0167542
-0.43243243 	0.25 	0.182 	52.879987 	-9.318826 	-1.0172803
-0.43363363 	0.25 	0.182 	52.910039 	-9.2914014 	-1.0178063
-0.43483483 	0.25 	0.182 	52.940091 	-9.2639769 	-1.0183324
-0.43603604 	0.25 	0.182 	52.970143 	-9.2365524 	-1.0188585
-0.43723724 	0.25 	0.182 	53.000195 	-9.2091279 	-1.0193846
-0.43843844 	0.25 	0.182 	53.030247 	-9.1817034 	-1.0199106
-0.43963964 	0.25 	0.182 	53.060299 	-9.1542788 	-1.0204367
-0.44084084 	0.25 	0.182 	53.090351 	-9.1268543 	-1.0209628
-0.44204204 	0.25 	0.182 	53.120403 	-9.0994298 	-1.0214888
-0.44324324 	0.25 	0.182 	53.150455 	-9.0720053 	-1.0220149
-0.44444444 	0.25 	0.182 	53.180507 	-9.0445808 	-1.022541
-0.44564565 	0.25 	0.182 	53.196422 	-9.0399853 	-1.0230202
-0.44684685 	0.25 	0.182 	53.17782 	-9.0911331 	-1.0233849
-0.44804805 	0.25 	0.182 	53.159218 	-9.1422808 	-1.0237497
-0.44924925 	0.25 	0.182 	53.140615 	-9.1934286 	-1.0241144
-0.45045045 	0.25 	0.182 	53.122013 	-9.2445764 	-1.0244791
-0.45165165 	0.25 	0.182 	53.103411 	-9.2957241 	-1.0248439
-0.45285285 	0.25 	0.182 	53.084808 	-9.3468719 	-1.0252086
-0.45405405 	0.25 	0.182 	53.066206 	-9.3980197 	-1.0255733
-0.45525526 	0.25 	0.182 	53.047603 	-9.4491675 	-1.0259381
-0.45645646 	0.25 	0.182 	53.029001 	-9.5003152 	-1.0263028
-0.45765766 	0.25 	0.182 	53.010399 	-9.551463 	-1.0266676
-0.45885886 	0.25 	0.182 	52.991781 	-9.6026071 	-1.0270399
-0.46006006 	0.25 	0.182 	52.973029 	-9.6537187 	-1.0274803
-0.46126126 	0.25 	0.182 	52.954277 	-9.7048302 	-1.0279207
-0.46246246 	0.25 	0.182 	52.935525 	-9.7559418 	-1.0283611
-0.46366366 	0.25 	0.182 	52.916773 	-9.8070533 	-1.0288014
-0.46486486 	0.25 	0.182 	52.898021 	-9.8581649 	-1.0292418
-0.46606607 	0.25 	0.182 	52.879269 	-9.9092764 	-1.0296822
-0.46726727 	0.25 	0.182 	52.860517 	-9.960388 	-1.0301226
-0.46846847 	0.25 	0.182 	52.834576 	-10.028491 	-1.0304237
-0.46966967 	0.25 	0.182 	52.807528 	-10.099208 	-1.0307033
-0.47087087 	0.25 	0.182 	52.78048 	-10.169926 	-1.030983
-0.47207207 	0.25 	0.182 	52.753432 	-10.240644 	-1.0312627
-0.47327327 	0.25 	0.182 	52.726384 	-10.311362 	-1.0315423
-0.47447447 	0.25 	0.182 	52.699336 	-10.382079 	-1.031822
-0.47567568 	0.25 	0.182 	52.672288 	-10.452797 	-1.0321017
-0.47687688 	0.25 	0.182 	52.64524 	-10.523515 	-1.0323813
-0.47807808 	0.25 	0.182 	52.618192 	-10.594233 	-1.032661
-0.47927928 	0.25 	0.182 	52.591144 	-10.66495 	-1.0329406
-0.48048048 	0.25 	0.182 	52.564096 	-10.735668 	-1.0332203
-0.48168168 	0.25 	0.182 	52.537048 	-10.806386 	-1.0335
-0.48288288 	0.25 	0.182 	52.51 	-10.877104 	-1.0337796
-0.48408408 	0.25 	0.182 	52.482952 	-10.947821 	-1.0340593
-0.48528529 	0.25 	0.182 	52.455905 	-11.018539 	-1.034339
-0.48648649 	0.25 	0.182 	52.428857 	-11.089257 	-1.0346186
-0.48768769 	0.25 	0.182 	52.455938 	-11.080491 	-1.0347925
-0.48888889 	0.25 	0.182 	52.500727 	-11.045725 	-1.0349318
-0.49009009 	0.25 	0.182 	52.545515 	-11.01096 	-1.0350711
-0.49129129 	0.25 	0.182 	52.590303 	-10.976194 	-1.0352104
-0.49249249 	0.25 	0.182 	52.635092 	-10.941428 	-1.0353497
-0.49369369 	0.25 	0.182 	52.67988 	-10.906662 	-1.035489
-0.49489489 	0.25 	0.182 	52.724668 	-10.871896 	-1.0356283
-0.4960961 	0.25 	0.182 	52.769457 	-10.837131 	-1.0357676
-0.4972973 	0.25 	0.182 	52.814245 	-10.802365 	-1.0359069
-0.4984985 	0.25 	0.182 	52.859033 	-10.767599 	-1.0360462
-0.4996997 	0.25 	0.182 	52.903822 	-10.732833 	-1.0361855
-0.5009009 	0.25 	0.182 	52.94861 	-10.698067 	-1.0363248
-0.5021021 	0.25 	0.182 	52.993398 	-10.663302 	-1.0364641
-0.5033033 	0.25 	0.182 	53.038187 	-10.628536 	-1.0366034
-0.5045045 	0.25 	0.182 	53.082975 	-10.59377 	-1.0367427
-0.50570571 	0.25 	0.182 	53.127763 	-10.559004 	-1.036882
-0.50690691 	0.25 	0.182 	53.1587 	-10.482801 	-1.037132
-0.50810811 	0.25 	0.182 	53.186883 	-10.398359 	-1.0374041
-0.50930931 	0.25 	0.182 	53.215066 	-10.313917 	-1.0376761
-0.51051051 	0.25 	0.182 	53.243272 	-10.229474 	-1.037942
-0.51171171 	0.25 	0.182 	53.271635 	-10.145024 	-1.0381675
-0.51291291 	0.25 	0.182 	53.299997 	-10.060574 	-1.038393
-0.51411411 	0.25 	0.182 	53.328359 	-9.9761237 	-1.0386185
-0.51531532 	0.25 	0.182 	53.356722 	-9.8916735 	-1.038844
-0.51651652 	0.25 	0.182 	53.385084 	-9.8072233 	-1.0390695
-0.51771772 	0.25 	0.182 	53.443379 	-9.7692814 	-1.0392125
-0.51891892 	0.25 	0.182 	53.551549 	-9.8088329 	-1.0392179
-0.52012012 	0.25 	0.182 	53.659718 	-9.8483843 	-1.0392233
-0.52132132 	0.25 	0.182 	53.767887 	-9.8879358 	-1.0392287
-0.52252252 	0.25 	0.182 	53.876057 	-9.9274873 	-1.0392341
-0.52372372 	0.25 	0.182 	53.984226 	-9.9670388 	-1.0392395
-0.52492492 	0.25 	0.182 	54.092286 	-10.006565 	-1.0392456
-0.52612613 	0.25 	0.182 	54.200268 	-10.046074 	-1.0392522
-0.52732733 	0.25 	0.182 	54.30825 	-10.085583 	-1.0392587
-0.52852853 	0.25 	0.182 	54.416232 	-10.125092 	-1.0392653
-0.52972973 	0.25 	0.182 	54.38425 	-10.297252 	-1.0393015
-0.53093093 	0.25 	0.182 	54.31672 	-10.503104 	-1.0393453
-0.53213213 	0.25 	0.182 	54.24919 	-10.708955 	-1.0393891
-0.53333333 	0.25 	0.182 	54.18166 	-10.914806 	-1.0394329
-0.53453453 	0.25 	0.182 	54.11413 	-11.120657 	-1.0394767
-0.53573574 	0.25 	0.182 	54.0466 	-11.326509 	-1.0395205
-0.53693694 	0.25 	0.182 	53.97907 	-11.53236 	-1.0395643
-0.53813814 	0.25 	0.182 	53.91154 	-11.738211 	-1.0396081
-0.53933934 	0.25 	0.182 	53.84401 	-11.944062 	-1.0396519
-0.54054054 	0.25 	0.182 	53.77648 	-12.149914 	-1.0396957
-0.54174174 	0.25 	0.182 	53.70895 	-12.355765 	-1.0397395
-0.54294294 	0.25 	0.182 	53.64142 	-12.561615 	-1.0397829
-0.54414414 	0.25 	0.182 	53.573899 	-12.767422 	-1.0398103
-0.54534535 	0.25 	0.182 	53.506377 	-12.973228 	-1.0398377
-0.54654655 	0.25 	0.182 	53.438856 	-13.179034 	-1.039865
-0.54774775 	0.25 	0.182 	53.37142 	-13.384987 	-1.0398918
-0.54894895 	0.25 	0.182 	53.336627 	-13.646599 	-1.0396933
-0.55015015 	0.25 	0.182 	53.301835 	-13.90821 	-1.0394949
-0.55135135 	0.25 	0.182 	53.267042 	-14.169822 	-1.0392964
-0.55255255 	0.25 	0.182 	53.232249 	-14.431433 	-1.0390979
-0.55375375 	0.25 	0.182 	53.197456 	-14.693045 	-1.0388994
-0.55495495 	0.25 	0.182 	53.162664 	-14.954656 	-1.0387009
-0.55615616 	0.25 	0.182 	53.127871 	-15.216267 	-1.0385025
-0.55735736 	0.25 	0.182 	53.093078 	-15.477879 	-1.038304
-0.55855856 	0.25 	0.182 	53.058285 	-15.73949 	-1.0381055
-0.55975976 	0.25 	0.182 	53.051813 	-15.891032 	-1.0379397
-0.56096096 	0.25 	0.182 	53.126536 	-15.726997 	-1.0378677
-0.56216216 	0.25 	0.182 	53.20126 	-15.562963 	-1.0377957
-0.56336336 	0.25 	0.182 	53.275983 	-15.398928 	-1.0377236
-0.56456456 	0.25 	0.182 	53.35065 	-15.234918 	-1.0376486
-0.56576577 	0.25 	0.182 	53.425187 	-15.070962 	-1.0375667
-0.56696697 	0.25 	0.182 	53.538647 	-14.813797 	-1.0375001
-0.56816817 	0.25 	0.182 	53.710238 	-14.417425 	-1.0374565
-0.56936937 	0.25 	0.182 	53.881829 	-14.021053 	-1.0374128
-0.57057057 	0.25 	0.182 	54.05342 	-13.624681 	-1.0373691
-0.57177177 	0.25 	0.182 	54.22501 	-13.228308 	-1.0373255
-0.57297297 	0.25 	0.182 	54.396601 	-12.831936 	-1.0372818
-0.57417417 	0.25 	0.182 	54.568192 	-12.435564 	-1.0372382
-0.57537538 	0.25 	0.182 	54.739782 	-12.039192 	-1.0371945
-0.57657658 	0.25 	0.182 	54.911373 	-11.64282 	-1.0371509
-0.57777778 	0.25 	0.182 	55.082964 	-11.246448 	-1.0371072
-0.57897898 	0.25 	0.182 	55.225376 	-10.878332 	-1.0369138
-0.58018018 	0.25 	0.182 	55.350304 	-10.527147 	-1.0366307
-0.58138138 	0.25 	0.182 	55.475233 	-10.175961 	-1.0363476
-0.58258258 	0.25 	0.182 	55.600161 	-9.8247757 	-1.0360645
-0.58378378 	0.25 	0.182 	55.725089 	-9.4735903 	-1.0357814
-0.58498498 	0.25 	0.182 	55.850018 	-9.1224049 	-1.0354982
-0.58618619 	0.25 	0.182 	55.974946 	-8.7712194 	-1.0352151
-0.58738739 	0.25 	0.182 	56.099875 	-8.420034 	-1.034932
-0.58858859 	0.25 	0.182 	56.224803 	-8.0688486 	-1.0346489
-0.58978979 	0.25 	0.182 	56.349732 	-7.7176632 	-1.0343658
-0.59099099 	0.25 	0.182 	56.504869 	-7.5794326 	-1.0340216
-0.59219219 	0.25 	0.182 	56.670883 	-7.5178709 	-1.0336554
-0.59339339 	0.25 	0.182 	56.837144 	-7.4563048 	-1.0333491
-0.59459459 	0.25 	0.182 	57.003418 	-7.3947384 	-1.0330459
-0.5957958 	0.25 	0.182 	57.169692 	-7.3331721 	-1.0327427
-0.596997 	0.25 	0.182 	57.327328 	-7.3202354 	-1.0324249
-0.5981982 	0.25 	0.182 	57.442409 	-7.5468881 	-1.0320351
-0.5993994 	0.25 	0.182 	57.55749 	-7.7735407 	-1.0316453
-0.6006006 	0.25 	0.182 	57.672571 	-8.0001934 	-1.0312556
-0.6018018 	0.25 	0.182 	57.787652 	-8.2268461 	-1.0308658
-0.603003 	0.25 	0.182 	57.902733 	-8.4534988 	-1.030476
-0.6042042 	0.25 	0.182 	58.017814 	-8.6801514 	-1.0300862
-0.60540541 	0.25 	0.182 	58.132895 	-8.9068041 	-1.0296965
-0.60660661 	0.25 	0.182 	58.247976 	-9.1334568 	-1.0293067
-0.60780781 	0.25 	0.182 	58.363057 	-9.3601095 	-1.0289169
-0.60900901 	0.25 	0.182 	58.476015 	-9.590595 	-1.0284694
-0.61021021 	0.25 	0.182 	58.582418 	-9.8329217 	-1.0278432
-0.61141141 	0.25 	0.182 	58.68882 	-10.075249 	-1.0272171
-0.61261261 	0.25 	0.182 	58.795223 	-10.317575 	-1.026591
-0.61381381 	0.25 	0.182 	58.901626 	-10.559902 	-1.0259649
-0.61501502 	0.25 	0.182 	59.008028 	-10.802229 	-1.0253388
-0.61621622 	0.25 	0.182 	59.114431 	-11.044556 	-1.0247126
-0.61741742 	0.25 	0.182 	59.220833 	-11.286882 	-1.0240865
-0.61861862 	0.25 	0.182 	59.327236 	-11.529209 	-1.0234604
-0.61981982 	0.25 	0.182 	59.433638 	-11.771536 	-1.0228343
-0.62102102 	0.25 	0.182 	59.530038 	-11.985603 	-1.0222329
-0.62222222 	0.25 	0.182 	59.586225 	-12.086065 	-1.0217309
-0.62342342 	0.25 	0.182 	59.642412 	-12.186528 	-1.0212288
-0.62462462 	0.25 	0.182 	59.698599 	-12.286991 	-1.0207268
-0.62582583 	0.25 	0.182 	59.75468 	-12.387419 	-1.0201666
-0.62702703 	0.25 	0.182 	59.810669 	-12.487817 	-1.019556
-0.62822823 	0.25 	0.182 	59.810712 	-12.415758 	-1.0190761
-0.62942943 	0.25 	0.182 	59.806861 	-12.331696 	-1.0186053
-0.63063063 	0.25 	0.182 	59.80301 	-12.247634 	-1.0181345
-0.63183183 	0.25 	0.182 	59.799159 	-12.163571 	-1.0176636
-0.63303303 	0.25 	0.182 	59.795308 	-12.079509 	-1.0171928
-0.63423423 	0.25 	0.182 	59.791457 	-11.995446 	-1.016722
-0.63543544 	0.25 	0.182 	59.787605 	-11.911384 	-1.0162512
-0.63663664 	0.25 	0.182 	59.783754 	-11.827321 	-1.0157803
-0.63783784 	0.25 	0.182 	59.779903 	-11.743259 	-1.0153095
-0.63903904 	0.25 	0.182 	59.776052 	-11.659196 	-1.0148387
-0.64024024 	0.25 	0.182 	59.769568 	-11.566777 	-1.0141756
-0.64144144 	0.25 	0.182 	59.762654 	-11.472995 	-1.0134811
-0.64264264 	0.25 	0.182 	59.755741 	-11.379214 	-1.0127866
-0.64384384 	0.25 	0.182 	59.748827 	-11.285432 	-1.0120922
-0.64504505 	0.25 	0.182 	59.741914 	-11.19165 	-1.0113977
-0.64624625 	0.25 	0.182 	59.735 	-11.097869 	-1.0107032
-0.64744745 	0.25 	0.182 	59.728087 	-11.004087 	-1.0100088
-0.64864865 	0.25 	0.182 	59.721173 	-10.910305 	-1.0093143
-0.64984985 	0.25 	0.182 	59.71426 	-10.816524 	-1.0086198
-0.65105105 	0.25 	0.182 	59.707346 	-10.722742 	-1.0079253
-0.65225225 	0.25 	0.182 	59.715265 	-10.671377 	-1.007273
-0.65345345 	0.25 	0.182 	59.730718 	-10.641561 	-1.0066421
-0.65465465 	0.25 	0.182 	59.746172 	-10.611745 	-1.0060112
-0.65585586 	0.25 	0.182 	59.761598 	-10.58193 	-1.0053597
-0.65705706 	0.25 	0.182 	59.776873 	-10.552123 	-1.0045943
-0.65825826 	0.25 	0.182 	59.805211 	-10.579015 	-1.0038874
-0.65945946 	0.25 	0.182 	59.839033 	-10.629713 	-1.0032051
-0.66066066 	0.25 	0.182 	59.872855 	-10.680412 	-1.0025228
-0.66186186 	0.25 	0.182 	59.906677 	-10.73111 	-1.0018405
-0.66306306 	0.25 	0.182 	59.940499 	-10.781809 	-1.0011582
-0.66426426 	0.25 	0.182 	59.974322 	-10.832507 	-1.0004759
-0.66546547 	0.25 	0.182 	60.008144 	-10.883206 	-0.9997936
-0.66666667 	0.25 	0.182 	60.041966 	-10.933904 	-0.9991113
-0.66786787 	0.25 	0.182 	60.075788 	-10.984603 	-0.998429
-0.66906907 	0.25 	0.182 	60.109611 	-11.035301 	-0.9977467
-0.67027027 	0.25 	0.182 	60.164233 	-11.09208 	-0.99694006
-0.67147147 	0.25 	0.182 	60.241682 	-11.15553 	-0.99599698
-0.67267267 	0.25 	0.182 	60.319131 	-11.218981 	-0.99505389
-0.67387387 	0.25 	0.182 	60.39658 	-11.282432 	-0.9941108
-0.67507508 	0.25 	0.182 	60.474029 	-11.345883 	-0.99316772
-0.67627628 	0.25 	0.182 	60.551479 	-11.409334 	-0.99222463
-0.67747748 	0.25 	0.182 	60.628928 	-11.472785 	-0.99128155
-0.67867868 	0.25 	0.182 	60.706377 	-11.536235 	-0.99033846
-0.67987988 	0.25 	0.182 	60.783826 	-11.599686 	-0.98939538
-0.68108108 	0.25 	0.182 	60.861275 	-11.663137 	-0.98845229
-0.68228228 	0.25 	0.182 	60.934836 	-11.714137 	-0.98753
-0.68348348 	0.25 	0.182 	60.985215 	-11.690887 	-0.98673172
-0.68468468 	0.25 	0.182 	61.035593 	-11.667638 	-0.98593343
-0.68588589 	0.25 	0.182 	61.085972 	-11.644388 	-0.98513515
-0.68708709 	0.25 	0.182 	61.136198 	-11.621142 	-0.98420458
-0.68828829 	0.25 	0.182 	61.135677 	-11.600988 	-0.98331243
-0.68948949 	0.25 	0.182 	61.072164 	-11.584672 	-0.9825168
-0.69069069 	0.25 	0.182 	61.008652 	-11.568356 	-0.98172117
-0.69189189 	0.25 	0.182 	60.94514 	-11.55204 	-0.98092554
-0.69309309 	0.25 	0.182 	60.881627 	-11.535724 	-0.98012991
-0.69429429 	0.25 	0.182 	60.818115 	-11.519408 	-0.97933428
-0.6954955 	0.25 	0.182 	60.754602 	-11.503092 	-0.97853865
-0.6966967 	0.25 	0.182 	60.69109 	-11.486776 	-0.97774302
-0.6978979 	0.25 	0.182 	60.627577 	-11.47046 	-0.97694739
-0.6990991 	0.25 	0.182 	60.564065 	-11.454144 	-0.97615176
-0.7003003 	0.25 	0.182 	60.51971 	-11.421006 	-0.9753274
-0.7015015 	0.25 	0.182 	60.664457 	-11.221823 	-0.9742195
-0.7027027 	0.25 	0.182 	60.809204 	-11.022639 	-0.97311159
-0.7039039 	0.25 	0.182 	60.95395 	-10.823456 	-0.97200369
-0.70510511 	0.25 	0.182 	61.098697 	-10.624272 	-0.97089578
-0.70630631 	0.25 	0.182 	61.243443 	-10.425088 	-0.96978788
-0.70750751 	0.25 	0.182 	61.38819 	-10.225905 	-0.96867997
-0.70870871 	0.25 	0.182 	61.532936 	-10.026721 	-0.96757207
-0.70990991 	0.25 	0.182 	61.677683 	-9.8275379 	-0.96646416
-0.71111111 	0.25 	0.182 	61.82243 	-9.6283543 	-0.96535625
-0.71231231 	0.25 	0.182 	61.967176 	-9.4291708 	-0.96424835
-0.71351351 	0.25 	0.182 	62.045939 	-9.348932 	-0.96323582
-0.71471471 	0.25 	0.182 	62.087276 	-9.3361588 	-0.9622774
-0.71591592 	0.25 	0.182 	62.128613 	-9.3233856 	-0.96131897
-0.71711712 	0.25 	0.182 	62.169879 	-9.3106102 	-0.96028263
-0.71831832 	0.25 	0.182 	62.207319 	-9.3159831 	-0.95914357
-0.71951952 	0.25 	0.182 	62.226863 	-9.4089481 	-0.95813161
-0.72072072 	0.25 	0.182 	62.246407 	-9.501913 	-0.95711964
-0.72192192 	0.25 	0.182 	62.265952 	-9.594878 	-0.95610768
-0.72312312 	0.25 	0.182 	62.285496 	-9.687843 	-0.95509571
-0.72432432 	0.25 	0.182 	62.30504 	-9.780808 	-0.95408375
-0.72552553 	0.25 	0.182 	62.324584 	-9.8737729 	-0.95307178
-0.72672673 	0.25 	0.182 	62.344128 	-9.9667379 	-0.95205982
-0.72792793 	0.25 	0.182 	62.363672 	-10.059703 	-0.95104785
-0.72912913 	0.25 	0.182 	62.383216 	-10.152668 	-0.95003589
-0.73033033 	0.25 	0.182 	62.40276 	-10.245633 	-0.94902392
-0.73153153 	0.25 	0.182 	62.389339 	-10.322898 	-0.94780204
-0.73273273 	0.25 	0.182 	62.361356 	-10.393227 	-0.94648744
-0.73393393 	0.25 	0.182 	62.333372 	-10.463556 	-0.94517283
-0.73513514 	0.25 	0.182 	62.305389 	-10.533885 	-0.94385822
-0.73633634 	0.25 	0.182 	62.277405 	-10.604214 	-0.94254361
-0.73753754 	0.25 	0.182 	62.249422 	-10.674543 	-0.941229
-0.73873874 	0.25 	0.182 	62.221438 	-10.744872 	-0.9399144
-0.73993994 	0.25 	0.182 	62.193455 	-10.815202 	-0.93859979
-0.74114114 	0.25 	0.182 	62.165471 	-10.885531 	-0.93728518
-0.74234234 	0.25 	0.182 	62.137488 	-10.95586 	-0.93597057
-0.74354354 	0.25 	0.182 	62.107726 	-11.031597 	-0.93468314
-0.74474474 	0.25 	0.182 	62.06387 	-11.150206 	-0.93361114
-0.74594595 	0.25 	0.182 	62.020013 	-11.268815 	-0.93253914
-0.74714715 	0.25 	0.182 	61.976156 	-11.387424 	-0.93146715
-0.74834835 	0.25 	0.182 	61.932185 	-11.505937 	-0.93016552
-0.74954955 	0.25 	0.182 	61.781836 	-11.846916 	-0.92893411
-0.75075075 	0.25 	0.182 	61.620495 	-12.210878 	-0.92771034
-0.75195195 	0.25 	0.182 	61.459155 	-12.574841 	-0.92648657
-0.75315315 	0.25 	0.182 	61.297844 	-12.938747 	-0.9252595
-0.75435435 	0.25 	0.182 	61.13654 	-13.302639 	-0.92403169
-0.75555556 	0.25 	0.182 	60.975236 	-13.666531 	-0.92280389
-0.75675676 	0.25 	0.182 	60.813932 	-14.030424 	-0.92157609
-0.75795796 	0.25 	0.182 	60.652627 	-14.394316 	-0.92034829
-0.75915916 	0.25 	0.182 	60.491323 	-14.758209 	-0.91912048
-0.76036036 	0.25 	0.182 	60.330019 	-15.122101 	-0.91789268
-0.76156156 	0.25 	0.182 	60.063229 	-15.557192 	-0.91657951
-0.76276276 	0.25 	0.182 	59.554043 	-16.15589 	-0.91507015
-0.76396396 	0.25 	0.182 	59.204564 	-16.511631 	-0.91367814
-0.76516517 	0.25 	0.182 	59.328129 	-16.147745 	-0.91263371
-0.76636637 	0.25 	0.182 	59.451694 	-15.783859 	-0.91158927
-0.76756757 	0.25 	0.182 	59.57526 	-15.419972 	-0.91054483
-0.76876877 	0.25 	0.182 	59.698825 	-15.056086 	-0.9095004
-0.76996997 	0.25 	0.182 	59.822287 	-14.692309 	-0.90835435
-0.77117117 	0.25 	0.182 	59.945619 	-14.328666 	-0.90708224
-0.77237237 	0.25 	0.182 	60.068952 	-13.965024 	-0.90581012
-0.77357357 	0.25 	0.182 	60.192284 	-13.601381 	-0.90453801
-0.77477477 	0.25 	0.182 	60.631651 	-12.727805 	-0.90341787
-0.77597598 	0.25 	0.182 	61.262526 	-11.545225 	-0.90238983
-0.77717718 	0.25 	0.182 	61.712521 	-10.313676 	-0.90119056
-0.77837838 	0.25 	0.182 	62.043816 	-9.0499912 	-0.89987892
-0.77957958 	0.25 	0.182 	62.375335 	-8.4635753 	-0.89841652
-0.78078078 	0.25 	0.182 	62.707006 	-8.3366376 	-0.89685185
-0.78198198 	0.25 	0.182 	63.038677 	-8.2096998 	-0.89528717
-0.78318318 	0.25 	0.182 	63.370348 	-8.0827621 	-0.8937225
-0.78438438 	0.25 	0.182 	63.702319 	-7.9557768 	-0.89237101
-0.78558559 	0.25 	0.182 	64.034385 	-7.8287765 	-0.89108691
-0.78678679 	0.25 	0.182 	64.366451 	-7.7017761 	-0.88980282
-0.78798799 	0.25 	0.182 	64.698517 	-7.5747758 	-0.88851872
-0.78918919 	0.25 	0.182 	65.030584 	-7.4477755 	-0.88723463
-0.79039039 	0.25 	0.182 	65.26941 	-8.5188636 	-0.8858103
-0.79159159 	0.25 	0.182 	65.496802 	-9.7368873 	-0.88436878
-0.79279279 	0.25 	0.182 	65.922367 	-10.55133 	-0.88252934
-0.79399399 	0.25 	0.182 	66.369769 	-11.321301 	-0.88064606
-0.7951952 	0.25 	0.182 	66.495446 	-11.53955 	-0.87888849
-0.7963964 	0.25 	0.182 	66.5909 	-11.705972 	-0.87714273
-0.7975976 	0.25 	0.182 	66.686355 	-11.872394 	-0.87539698
-0.7987988 	0.25 	0.182 	66.781822 	-12.038823 	-0.8736687
-0.8 	0.25 	0.182 	66.8775 	-12.205377 	-0.87223621
-0.8012012 	0.25 	0.182 	66.973178 	-12.371931 	-0.87080371
-0.8024024 	0.25 	0.182 	67.068856 	-12.538485 	-0.86937121
-0.8036036 	0.25 	0.182 	67.164533 	-12.705039 	-0.86793871
-0.8048048 	0.25 	0.182 	67.190803 	-12.732198 	-0.86652391
-0.80600601 	0.25 	0.182 	66.925177 	-12.173135 	-0.86518351
-0.80720721 	0.25 	0.182 	66.708614 	-11.623409 	-0.86376935
-0.80840841 	0.25 	0.182 	66.693765 	-11.112068 	-0.86205194
-0.80960961 	0.25 	0.182 	66.679477 	-10.679607 	-0.8603208
-0.81081081 	0.25 	0.182 	66.667504 	-10.572293 	-0.85853306
-0.81201201 	0.25 	0.182 	66.655531 	-10.464978 	-0.85674533
-0.81321321 	0.25 	0.182 	66.643559 	-10.357664 	-0.85495759
-0.81441441 	0.25 	0.182 	66.631638 	-10.250327 	-0.85328159
-0.81561562 	0.25 	0.182 	66.619813 	-10.142948 	-0.85181327
-0.81681682 	0.25 	0.182 	66.607989 	-10.035569 	-0.85034495
-0.81801802 	0.25 	0.182 	66.596165 	-9.9281901 	-0.84887663
-0.81921922 	0.25 	0.182 	66.58434 	-9.8208111 	-0.84740831
-0.82042042 	0.25 	0.182 	66.618412 	-9.897359 	-0.84591188
-0.82162162 	0.25 	0.182 	66.697971 	-10.156193 	-0.8443876
-0.82282282 	0.25 	0.182 	66.78384 	-10.420459 	-0.84267841
-0.82402402 	0.25 	0.182 	66.876318 	-10.690416 	-0.84077554
-0.82522523 	0.25 	0.182 	66.962986 	-10.818323 	-0.83903556
-0.82642643 	0.25 	0.182 	67.043142 	-10.787055 	-0.83747812
-0.82762763 	0.25 	0.182 	67.123297 	-10.755786 	-0.83592069
-0.82882883 	0.25 	0.182 	67.203453 	-10.724518 	-0.83436325
-0.83003003 	0.25 	0.182 	67.283609 	-10.69325 	-0.83280581
-0.83123123 	0.25 	0.182 	67.363629 	-10.661988 	-0.83103826
-0.83243243 	0.25 	0.182 	67.443568 	-10.63073 	-0.82914462
-0.83363363 	0.25 	0.182 	67.523508 	-10.599473 	-0.82725099
-0.83483483 	0.25 	0.182 	67.603447 	-10.568215 	-0.82535735
-0.83603604 	0.25 	0.182 	67.688439 	-10.297265 	-0.82374211
-0.83723724 	0.25 	0.182 	67.774698 	-9.966244 	-0.82219664
-0.83843844 	0.25 	0.182 	67.859543 	-9.6363705 	-0.82036439
-0.83963964 	0.25 	0.182 	67.943988 	-9.3068225 	-0.81845078
-0.84084084 	0.25 	0.182 	68.011814 	-9.2054149 	-0.81646863
-0.84204204 	0.25 	0.182 	68.074358 	-9.1765158 	-0.81446469
-0.84324324 	0.25 	0.182 	68.136903 	-9.1476167 	-0.81246075
-0.84444444 	0.25 	0.182 	68.199447 	-9.1187176 	-0.81045682
-0.84564565 	0.25 	0.182 	68.262179 	-9.0898147 	-0.80878206
-0.84684685 	0.25 	0.182 	68.324925 	-9.0609115 	-0.80713092
-0.84804805 	0.25 	0.182 	68.38767 	-9.0320082 	-0.80547978
-0.84924925 	0.25 	0.182 	68.450415 	-9.003105 	-0.80382864
-0.85045045 	0.25 	0.182 	68.511779 	-9.0034288 	-0.80217062
-0.85165165 	0.25 	0.182 	68.559659 	-9.2890797 	-0.80044555
-0.85285285 	0.25 	0.182 	68.607569 	-9.5749854 	-0.79869295
-0.85405405 	0.25 	0.182 	68.65587 	-9.8642029 	-0.79658251
-0.85525526 	0.25 	0.182 	68.703729 	-10.138342 	-0.79447303
-0.85645646 	0.25 	0.182 	68.743871 	-10.148767 	-0.7923802
-0.85765766 	0.25 	0.182 	68.784013 	-10.159192 	-0.79028736
-0.85885886 	0.25 	0.182 	68.824155 	-10.169616 	-0.78819453
-0.86006006 	0.25 	0.182 	68.864338 	-10.180047 	-0.78618406
-0.86126126 	0.25 	0.182 	68.904662 	-10.190497 	-0.7844566
-0.86246246 	0.25 	0.182 	68.944986 	-10.200946 	-0.78272913
-0.86366366 	0.25 	0.182 	68.985311 	-10.211396 	-0.78100166
-0.86486486 	0.25 	0.182 	69.025635 	-10.221846 	-0.77927419
-0.86606607 	0.25 	0.182 	69.073459 	-10.127921 	-0.77755228
-0.86726727 	0.25 	0.182 	69.134171 	-9.854611 	-0.77583992
-0.86846847 	0.25 	0.182 	69.222326 	-9.5871438 	-0.77399137
-0.86966967 	0.25 	0.182 	69.358498 	-9.3299001 	-0.77190448
-0.87087087 	0.25 	0.182 	69.430436 	-9.2093076 	-0.76982096
-0.87207207 	0.25 	0.182 	69.395505 	-9.3160675 	-0.76774303
-0.87327327 	0.25 	0.182 	69.360574 	-9.4228274 	-0.76566511
-0.87447447 	0.25 	0.182 	69.325644 	-9.5295873 	-0.76358718
-0.87567568 	0.25 	0.182 	69.290771 	-9.6364007 	-0.76169615
-0.87687688 	0.25 	0.182 	69.255952 	-9.7432642 	-0.75997971
-0.87807808 	0.25 	0.182 	69.221134 	-9.8501276 	-0.75826328
-0.87927928 	0.25 	0.182 	69.186315 	-9.956991 	-0.75654684
-0.88048048 	0.25 	0.182 	69.151496 	-10.063854 	-0.7548304
-0.88168168 	0.25 	0.182 	69.104857 	-10.275309 	-0.75303205
-0.88288288 	0.25 	0.182 	69.049755 	-10.561648 	-0.75117505
-0.88408408 	0.25 	0.182 	69.226148 	-10.647514 	-0.74895606
-0.88528529 	0.25 	0.182 	69.525639 	-10.626777 	-0.74654457
-0.88648649 	0.25 	0.182 	69.59545 	-10.488255 	-0.74443123
-0.88768769 	0.25 	0.182 	69.590645 	-10.31147 	-0.74241475
-0.88888889 	0.25 	0.182 	69.585795 	-10.134726 	-0.74027983
-0.89009009 	0.25 	0.182 	69.580831 	-9.9580893 	-0.73784511
-0.89129129 	0.25 	0.182 	69.697764 	-9.8146068 	-0.73555603
-0.89249249 	0.25 	0.182 	70.097197 	-9.7479606 	-0.7336045
-0.89369369 	0.25 	0.182 	70.496631 	-9.6813144 	-0.73165297
-0.89489489 	0.25 	0.182 	70.89568 	-9.6147034 	-0.72938277
-0.8960961 	0.25 	0.182 	71.294622 	-9.5481022 	-0.72702424
-0.8972973 	0.25 	0.182 	71.364666 	-9.5086956 	-0.72498878
-0.8984985 	0.25 	0.182 	71.317492 	-9.478981 	-0.72306846
-0.8996997 	0.25 	0.182 	71.299725 	-9.4040712 	-0.72075167
-0.9009009 	0.25 	0.182 	71.307903 	-9.3287903 	-0.71849719
-0.9021021 	0.25 	0.182 	71.414568 	-9.2618732 	-0.71658122
-0.9033033 	0.25 	0.182 	71.521234 	-9.1949561 	-0.71466525
-0.9045045 	0.25 	0.182 	71.627745 	-9.1280725 	-0.71248942
-0.90570571 	0.25 	0.182 	71.734176 	-9.0612065 	-0.71017713
-0.90690691 	0.25 	0.182 	71.767218 	-9.0291563 	-0.70801265
-0.90810811 	0.25 	0.182 	71.750233 	-9.0208396 	-0.70594894
-0.90930931 	0.25 	0.182 	71.733247 	-9.012523 	-0.70388448
-0.91051051 	0.25 	0.182 	71.716144 	-9.0042086 	-0.70138196
-0.91171171 	0.25 	0.182 	71.699041 	-8.9958942 	-0.69887943
-0.91291291 	0.25 	0.182 	71.740205 	-9.0040076 	-0.69678117
-0.91411411 	0.25 	0.182 	71.743049 	-9.0163294 	-0.69464008
-0.91531532 	0.25 	0.182 	71.602891 	-9.0359466 	-0.69221417
-0.91651652 	0.25 	0.182 	71.557991 	-9.0178055 	-0.69003548
-0.91771772 	0.25 	0.182 	71.57704 	-8.9743162 	-0.68802275
-0.91891892 	0.25 	0.182 	71.59609 	-8.9308269 	-0.68601001
-0.92012012 	0.25 	0.182 	71.614989 	-8.8873585 	-0.68358505
-0.92132132 	0.25 	0.182 	71.633885 	-8.8438906 	-0.6811519
-0.92252252 	0.25 	0.182 	71.604137 	-8.9241517 	-0.67922384
-0.92372372 	0.25 	0.182 	71.567707 	-9.0214101 	-0.67736516
-0.92492492 	0.25 	0.182 	71.531251 	-9.1186396 	-0.67539897
-0.92612613 	0.25 	0.182 	71.494728 	-9.2157907 	-0.67314158
-0.92732733 	0.25 	0.182 	71.431597 	-9.386778 	-0.67091026
-0.92852853 	0.25 	0.182 	71.235697 	-9.9261962 	-0.66880903
-0.92972973 	0.25 	0.182 	71.105742 	-10.680835 	-0.66633159
-0.93093093 	0.25 	0.182 	71.03686 	-11.634795 	-0.66350573
-0.93213213 	0.25 	0.182 	71.280453 	-11.89398 	-0.66071501
-0.93333333 	0.25 	0.182 	71.56173 	-12.070002 	-0.65822033
-0.93453453 	0.25 	0.182 	71.843164 	-12.246097 	-0.65592266
-0.93573574 	0.25 	0.182 	72.408329 	-11.324071 	-0.65388715
-0.93693694 	0.25 	0.182 	73.058311 	-10.057293 	-0.65183349
-0.93813814 	0.25 	0.182 	73.662268 	-8.8844912 	-0.64924459
-0.93933934 	0.25 	0.182 	73.989684 	-8.1175733 	-0.64659396
-0.94054054 	0.25 	0.182 	74.145189 	-7.6029614 	-0.6440225
-0.94174174 	0.25 	0.182 	74.300903 	-7.0880126 	-0.64181841
-0.94294294 	0.25 	0.182 	74.396788 	-6.837577 	-0.63958662
-0.94414414 	0.25 	0.182 	74.356745 	-7.1881001 	-0.63729189
-0.94534535 	0.25 	0.182 	74.294798 	-7.5742049 	-0.63454509
-0.94654655 	0.25 	0.182 	74.210751 	-7.8294505 	-0.63174907
-0.94774775 	0.25 	0.182 	74.093822 	-7.8145001 	-0.62906403
-0.94894895 	0.25 	0.182 	73.976929 	-7.799546 	-0.62680252
-0.95015015 	0.25 	0.182 	73.86004 	-7.7845913 	-0.62459725
-0.95135135 	0.25 	0.182 	73.79233 	-7.3956193 	-0.62256
-0.95255255 	0.25 	0.182 	73.751962 	-6.9784688 	-0.62028043
-0.95375375 	0.25 	0.182 	73.745609 	-6.590392 	-0.61768035
-0.95495495 	0.25 	0.182 	74.047884 	-6.9303638 	-0.61498297
-0.95615616 	0.25 	0.182 	74.35037 	-7.2704915 	-0.61253564
-0.95735736 	0.25 	0.182 	74.653046 	-7.610759 	-0.61031232
-0.95855856 	0.25 	0.182 	75.125053 	-8.1694788 	-0.60802733
-0.95975976 	0.25 	0.182 	75.811237 	-8.9825923 	-0.60562015
-0.96096096 	0.25 	0.182 	76.676233 	-9.8148368 	-0.60272129
-0.96216216 	0.25 	0.182 	77.273422 	-9.7492403 	-0.59978607
-0.96336336 	0.25 	0.182 	77.786691 	-9.401901 	-0.59693179
-0.96456456 	0.25 	0.182 	78.300461 	-9.0543374 	-0.59452356
-0.96576577 	0.25 	0.182 	78.808285 	-8.6993521 	-0.59211509
-0.96696697 	0.25 	0.182 	78.591527 	-7.4397937 	-0.58967786
-0.96816817 	0.25 	0.182 	77.963721 	-5.9500337 	-0.58688766
-0.96936937 	0.25 	0.182 	77.536738 	-4.9578257 	-0.58399106
-0.97057057 	0.25 	0.182 	77.585815 	-4.7578977 	-0.58112261
-0.97177177 	0.25 	0.182 	77.6351 	-4.5578992 	-0.57866701
-0.97297297 	0.25 	0.182 	77.684439 	-4.3578821 	-0.57631948
-0.97417417 	0.25 	0.182 	78.124482 	-5.4594214 	-0.57405561
-0.97537538 	0.25 	0.182 	78.068974 	-6.7311342 	-0.57163025
-0.97657658 	0.25 	0.182 	77.003675 	-7.8851355 	-0.56888995
-0.97777778 	0.25 	0.182 	76.744526 	-8.3546097 	-0.5661025
-0.97897898 	0.25 	0.182 	76.632032 	-8.6996964 	-0.56352316
-0.98018018 	0.25 	0.182 	76.519552 	-9.044958 	-0.56122645
-0.98138138 	0.25 	0.182 	76.924566 	-9.0239059 	-0.55889566
-0.98258258 	0.25 	0.182 	77.966564 	-8.5519563 	-0.55652293
-0.98378378 	0.25 	0.182 	77.919776 	-8.2405149 	-0.55363478
-0.98498498 	0.25 	0.182 	78.015453 	-8.1094724 	-0.55071038
-0.98618619 	0.25 	0.182 	78.170304 	-8.0532241 	-0.5478203
-0.98738739 	0.25 	0.182 	78.325341 	-7.9969107 	-0.54541066
-0.98858859 	0.25 	0.182 	78.480378 	-7.9405972 	-0.54300103
-0.98978979 	0.25 	0.182 	78.821509 	-7.9550158 	-0.54055195
-0.99099099 	0.25 	0.182 	78.941819 	-8.0541247 	-0.53770931
-0.99219219 	0.25 	0.182 	79.622803 	-7.6626696 	-0.53466514
-0.99339339 	0.25 	0.182 	80.324968 	-7.257954 	-0.53162044
-0.99459459 	0.25 	0.182 	81.027672 	-6.8529958 	-0.52898839
-0.9957958 	0.25 	0.182 	81.730564 	-6.4479527 	-0.5265006
-0.996997 	0.25 	0.182 	82.433456 	-6.0429096 	-0.5240128
-0.9981982 	0.25 	0.182 	83.431546 	-5.3745541 	-0.52136993
-0.9993994 	0.25 	0.182 	83.921063 	-4.8711888 	-0.51875819
-1.0006006 	0.25 	0.182 	84.36768 	-4.3874036 	-0.51616334
-1.0018018 	0.25 	0.182 	84.814297 	-3.9036185 	-0.5135685
-1.003003 	0.25 	0.182 	85.261049 	-3.4197215 	-0.51129613
-1.0042042 	0.25 	0.182 	85.707847 	-2.935787 	-0.50913164
-1.0054054 	0.25 	0.182 	84.523266 	-3.5465388 	-0.50711958
-1.0066066 	0.25 	0.182 	83.184866 	-4.2605064 	-0.50512189
-1.0078078 	0.25 	0.182 	84.739809 	-5.3121567 	-0.5017315
-1.009009 	0.25 	0.182 	86.443981 	-6.3443563 	-0.49823055
-1.0102102 	0.25 	0.182 	86.091633 	-6.4799843 	-0.49502984
-1.0114114 	0.25 	0.182 	85.739177 	-6.6153853 	-0.49118271
-1.0126126 	0.25 	0.182 	84.153734 	-6.3614466 	-0.48807757
-1.0138138 	0.25 	0.182 	82.697877 	-6.0496606 	-0.4851357
-1.015015 	0.25 	0.182 	82.761421 	-5.879072 	-0.48203203
-1.0162162 	0.25 	0.182 	82.497515 	-5.7707228 	-0.47937049
-1.0174174 	0.25 	0.182 	82.197433 	-5.6692494 	-0.4767578
-1.0186186 	0.25 	0.182 	81.897474 	-5.567852 	-0.47359116
-1.0198198 	0.25 	0.182 	81.597522 	-5.4664591 	-0.47039191
-1.021021 	0.25 	0.182 	81.252642 	-5.341348 	-0.46741482
-1.0222222 	0.25 	0.182 	81.20395 	-5.2372597 	-0.46467544
-1.0234234 	0.25 	0.182 	81.176317 	-5.1296422 	-0.46207101
-1.0246246 	0.25 	0.182 	81.118388 	-5.0387798 	-0.45929521
-1.0258258 	0.25 	0.182 	81.052572 	-4.9523183 	-0.45605069
-1.027027 	0.25 	0.182 	80.986731 	-4.865885 	-0.45264795
-1.0282282 	0.25 	0.182 	80.924016 	-4.738961 	-0.44964831
-1.0294294 	0.25 	0.182 	80.881773 	-4.6155632 	-0.44650728
-1.0306306 	0.25 	0.182 	80.873338 	-4.5308887 	-0.44341668
-1.0318318 	0.25 	0.182 	80.927685 	-4.5185636 	-0.44057985
-1.033033 	0.25 	0.182 	80.981927 	-4.5062311 	-0.43750292
-1.0342342 	0.25 	0.182 	80.896587 	-4.6026885 	-0.43451039
-1.0354354 	0.25 	0.182 	80.74236 	-4.7528984 	-0.43172822
-1.0366366 	0.25 	0.182 	80.264234 	-4.9752552 	-0.42865898
-1.0378378 	0.25 	0.182 	79.477561 	-5.266339 	-0.42531627
-1.039039 	0.25 	0.182 	78.690888 	-5.5574227 	-0.42197355
-1.0402402 	0.25 	0.182 	78.767319 	-5.1426935 	-0.41877394
-1.0414414 	0.25 	0.182 	79.530453 	-4.2209868 	-0.41543796
-1.0426426 	0.25 	0.182 	80.293586 	-3.2992802 	-0.41210199
-1.0438438 	0.25 	0.182 	80.284464 	-2.5901228 	-0.40921419
-1.045045 	0.25 	0.182 	79.884494 	-1.9885394 	-0.40655321
-1.0462462 	0.25 	0.182 	79.524329 	-1.4088596 	-0.40391277
-1.0474474 	0.25 	0.182 	79.910759 	-1.240012 	-0.40165749
-1.0486486 	0.25 	0.182 	80.297165 	-1.0711784 	-0.39937932
-1.0498498 	0.25 	0.182 	80.683094 	-0.902631 	-0.39663168
-1.0510511 	0.25 	0.182 	81.069022 	-0.73408364 	-0.39388403
-1.0522523 	0.25 	0.182 	81.924608 	-0.74058359 	-0.39145561
-1.0534535 	0.25 	0.182 	82.806497 	-0.80817108 	-0.38886066
-1.0546547 	0.25 	0.182 	82.856285 	-0.8443261 	-0.38462577
-1.0558559 	0.25 	0.182 	83.367338 	-0.88953131 	-0.38119105
-1.0570571 	0.25 	0.182 	83.878167 	-0.93471931 	-0.37755033
-1.0582583 	0.25 	0.182 	84.388413 	-0.97986245 	-0.37337261
-1.0594595 	0.25 	0.182 	84.92168 	-1.0490107 	-0.36930129
-1.0606607 	0.25 	0.182 	85.040431 	-1.0464041 	-0.36614832
-1.0618619 	0.25 	0.182 	85.176506 	-1.0157044 	-0.36316191
-1.0630631 	0.25 	0.182 	85.312581 	-0.98500458 	-0.36017549
-1.0642643 	0.25 	0.182 	85.456424 	-0.96089031 	-0.35676551
-1.0654655 	0.25 	0.182 	85.607805 	-0.94312073 	-0.35308648
-1.0666667 	0.25 	0.182 	85.751379 	-0.91729543 	-0.34944217
-1.0678679 	0.25 	0.182 	85.837867 	-0.78378031 	-0.34621787
-1.0690691 	0.25 	0.182 	85.937116 	-0.6264872 	-0.34313685
-1.0702703 	0.25 	0.182 	86.036366 	-0.46919408 	-0.34005582
-1.0714715 	0.25 	0.182 	86.135503 	-0.31201626 	-0.33668347
-1.0726727 	0.25 	0.182 	86.234505 	-0.15497799 	-0.33295848
-1.0738739 	0.25 	0.182 	86.337619 	0.0066654895 	-0.32927377
-1.0750751 	0.25 	0.182 	86.483592 	0.21033472 	-0.32581836
-1.0762763 	0.25 	0.182 	86.615735 	0.37134972 	-0.32267719
-1.0774775 	0.25 	0.182 	86.747523 	0.53149526 	-0.31954537
-1.0786787 	0.25 	0.182 	86.87926 	0.69161707 	-0.31632339
-1.0798799 	0.25 	0.182 	87.010679 	0.8515882 	-0.31252872
-1.0810811 	0.25 	0.182 	87.142097 	1.0115593 	-0.30873406
-1.0822823 	0.25 	0.182 	87.257052 	1.1452763 	-0.30517158
-1.0834835 	0.25 	0.182 	87.271624 	1.2099032 	-0.30188915
-1.0846847 	0.25 	0.182 	87.256872 	1.2561456 	-0.2987567
-1.0858859 	0.25 	0.182 	87.24212 	1.3023881 	-0.29562425
-1.0870871 	0.25 	0.182 	87.227216 	1.348626 	-0.29182105
-1.0882883 	0.25 	0.182 	87.212453 	1.3949159 	-0.28800969
-1.0894895 	0.25 	0.182 	87.136802 	1.434513 	-0.28414244
-1.0906907 	0.25 	0.182 	86.7472 	1.453277 	-0.28031454
-1.0918919 	0.25 	0.182 	86.357599 	1.472041 	-0.27648665
-1.0930931 	0.25 	0.182 	85.968124 	1.4907749 	-0.2723388
-1.0942943 	0.25 	0.182 	85.578848 	1.5094609 	-0.26768398
-1.0954955 	0.25 	0.182 	85.651349 	1.5444533 	-0.26291876
-1.0966967 	0.25 	0.182 	84.713765 	1.4970547 	-0.26005962
-1.0978979 	0.25 	0.182 	84.203015 	1.6461529 	-0.25732777
-1.0990991 	0.25 	0.182 	83.910915 	1.8863732 	-0.25462122
-1.1003003 	0.25 	0.182 	83.618815 	2.1265934 	-0.25191466
-1.1015015 	0.25 	0.182 	83.326732 	2.3666542 	-0.24901615
-1.1027027 	0.25 	0.182 	83.034683 	2.6064032 	-0.2457423
-1.1039039 	0.25 	0.182 	83.618917 	3.3818562 	-0.24290118
-1.1051051 	0.25 	0.182 	84.236752 	4.1778513 	-0.24007666
-1.1063063 	0.25 	0.182 	84.379145 	5.1285078 	-0.23674168
-1.1075075 	0.25 	0.182 	83.788441 	6.3176398 	-0.23261962
-1.1087087 	0.25 	0.182 	83.197737 	7.5067718 	-0.22849756
-1.1099099 	0.25 	0.182 	83.388989 	8.1164261 	-0.22471724
-1.1111111 	0.25 	0.182 	84.546609 	8.0246648 	-0.22094445
-1.1123123 	0.25 	0.182 	85.704199 	7.9328897 	-0.2171726
-1.1135135 	0.25 	0.182 	86.523122 	7.914697 	-0.2134749
-1.1147147 	0.25 	0.182 	87.019237 	7.9666406 	-0.20984789
-1.1159159 	0.25 	0.182 	87.305964 	8.1885738 	-0.20653563
-1.1171171 	0.25 	0.182 	87.540892 	8.4524759 	-0.20322152
-1.1183183 	0.25 	0.182 	87.775333 	8.7161007 	-0.1992636
-1.1195195 	0.25 	0.182 	88.009775 	8.9797255 	-0.19530569
-1.1207207 	0.25 	0.182 	88.294037 	9.2607488 	-0.19143949
-1.1219219 	0.25 	0.182 	88.707084 	9.6010043 	-0.18782201
-1.1231231 	0.25 	0.182 	89.120131 	9.9412598 	-0.18420454
-1.1243243 	0.25 	0.182 	89.533177 	10.281515 	-0.18058706
-1.1255255 	0.25 	0.182 	89.945327 	10.621478 	-0.17628519
-1.1267267 	0.25 	0.182 	90.283933 	10.892483 	-0.17210472
-1.1279279 	0.25 	0.182 	90.634329 	11.065491 	-0.1682401
-1.1291291 	0.25 	0.182 	92.385778 	11.437158 	-0.16428228
-1.1303303 	0.25 	0.182 	93.768265 	11.745597 	-0.16017741
-1.1315315 	0.25 	0.182 	94.31027 	11.910007 	-0.15573758
-1.1327327 	0.25 	0.182 	94.045641 	11.816572 	-0.15077201
-1.1339339 	0.25 	0.182 	92.63093 	11.355289 	-0.14618663
-1.1351351 	0.25 	0.182 	91.881141 	10.929892 	-0.14201371
-1.1363363 	0.25 	0.182 	93.157829 	10.613867 	-0.13909788
-1.1375375 	0.25 	0.182 	94.434517 	10.297841 	-0.13618205
-1.1387387 	0.25 	0.182 	94.657893 	10.696176 	-0.13322568
-1.1399399 	0.25 	0.182 	94.307793 	11.483019 	-0.13000299
-1.1411411 	0.25 	0.182 	93.922299 	12.284451 	-0.12641949
-1.1423423 	0.25 	0.182 	92.549312 	13.509116 	-0.12233325
-1.1435435 	0.25 	0.182 	91.176326 	14.733781 	-0.11824701
-1.1447447 	0.25 	0.182 	89.590941 	16.168767 	-0.11400092
-1.1459459 	0.25 	0.182 	88.516579 	17.256214 	-0.10968081
-1.1471471 	0.25 	0.182 	88.07716 	17.902499 	-0.10529577
-1.1483483 	0.25 	0.182 	87.637549 	18.549838 	-0.10163665
-1.1495495 	0.25 	0.182 	87.19792 	19.197267 	-0.09804029
-1.1507508 	0.25 	0.182 	88.013922 	19.283197 	-0.094269614
-1.151952 	0.25 	0.182 	88.295029 	19.24958 	-0.090500492
-1.1531532 	0.25 	0.182 	87.813015 	19.108916 	-0.086746458
-1.1543544 	0.25 	0.182 	87.401772 	18.602846 	-0.082188823
-1.1555556 	0.25 	0.182 	86.993165 	18.082446 	-0.077961311
-1.1567568 	0.25 	0.182 	86.584456 	17.561721 	-0.074166372
-1.157958 	0.25 	0.182 	86.256872 	16.908415 	-0.070174804
-1.1591592 	0.25 	0.182 	86.171692 	15.858958 	-0.065595712
-1.1603604 	0.25 	0.182 	85.715431 	14.718715 	-0.061061226
-1.1615616 	0.25 	0.182 	85.138977 	14.802211 	-0.056485549
-1.1627628 	0.25 	0.182 	84.504142 	15.67515 	-0.051881206
-1.163964 	0.25 	0.182 	83.868673 	16.549971 	-0.048024432
-1.1651652 	0.25 	0.182 	83.233154 	17.424943 	-0.044227179
-1.1663664 	0.25 	0.182 	82.537932 	20.199967 	-0.040500739
-1.1675676 	0.25 	0.182 	81.904522 	23.292806 	-0.036848753
-1.1687688 	0.25 	0.182 	81.374371 	26.384451 	-0.033286735
-1.16997 	0.25 	0.182 	80.671831 	27.472715 	-0.029101334
-1.1711712 	0.25 	0.182 	79.937162 	28.191896 	-0.025105566
-1.1723724 	0.25 	0.182 	79.20207 	28.912421 	-0.021551649
-1.1735736 	0.25 	0.182 	78.273449 	27.879309 	-0.017660214
-1.1747748 	0.25 	0.182 	77.228929 	25.79598 	-0.013566645
-1.175976 	0.25 	0.182 	76.273246 	23.770447 	-0.009481133
-1.1771772 	0.25 	0.182 	75.327953 	21.751673 	-0.0053965632
-1.1783784 	0.25 	0.182 	74.381323 	21.864419 	-0.0013121123
-1.1795796 	0.25 	0.182 	73.433851 	22.210521 	0.0021709008
-1.1807808 	0.25 	0.182 	72.420913 	23.768919 	0.0055598764
-1.181982 	0.25 	0.182 	71.325185 	26.863253 	0.0089750375
-1.1831832 	0.25 	0.182 	70.363177 	30.005694 	0.012366887
-1.1843844 	0.25 	0.182 	69.772326 	33.281661 	0.01569403
-1.1855856 	0.25 	0.182 	69.181476 	36.557628 	0.019021173
-1.1867868 	0.25 	0.182 	68.304021 	37.268337 	0.023529307
-1.187988 	0.25 	0.182 	67.390943 	37.330031 	0.027598004
-1.1891892 	0.25 	0.182 	66.430067 	35.787189 	0.031861944
-1.1903904 	0.25 	0.182 	65.469192 	34.244347 	0.036125885
-1.1915916 	0.25 	0.182 	65.130851 	32.584147 	0.039965871
-1.1927928 	0.25 	0.182 	64.911774 	30.901464 	0.043724636
-1.193994 	0.25 	0.182 	64.663573 	29.360615 	0.047365077
-1.1951952 	0.25 	0.182 	64.151889 	29.102911 	0.049935052
-1.1963964 	0.25 	0.182 	63.640205 	28.845207 	0.052505026
-1.1975976 	0.25 	0.182 	63.128521 	28.587503 	0.055075001
-1.1987988 	0.25 	0.182 	62.616837 	28.329799 	0.057644975
-1.2 	0.25 	0.182 	62.106019 	28.071646 	0.060613289
