0 	0.25 	0.273 	45.778426 	-2.1711692 	-0.8631295
-0.0012012012 	0.25 	0.273 	45.779572 	-2.2002154 	-0.86538456
-0.0024024024 	0.25 	0.273 	45.780718 	-2.2292616 	-0.86763962
-0.0036036036 	0.25 	0.273 	45.781864 	-2.2583078 	-0.86989468
-0.0048048048 	0.25 	0.273 	45.78301 	-2.2873541 	-0.87214974
-0.006006006 	0.25 	0.273 	45.784156 	-2.3164003 	-0.8744048
-0.0072072072 	0.25 	0.273 	45.785302 	-2.3454465 	-0.87665986
-0.0084084084 	0.25 	0.273 	45.786448 	-2.3744927 	-0.87891491
-0.0096096096 	0.25 	0.273 	45.787594 	-2.4035389 	-0.88116997
-0.010810811 	0.25 	0.273 	45.789324 	-2.4272346 	-0.88337054
-0.012012012 	0.25 	0.273 	45.794269 	-2.4215083 	-0.88527147
-0.013213213 	0.25 	0.273 	45.799213 	-2.4157819 	-0.8871724
-0.014414414 	0.25 	0.273 	45.804157 	-2.4100556 	-0.88907333
-0.015615616 	0.25 	0.273 	45.809101 	-2.4043293 	-0.89097426
-0.016816817 	0.25 	0.273 	45.814046 	-2.398603 	-0.89287519
-0.018018018 	0.25 	0.273 	45.81899 	-2.3928767 	-0.89477612
-0.019219219 	0.25 	0.273 	45.823934 	-2.3871503 	-0.89667705
-0.02042042 	0.25 	0.273 	45.828878 	-2.381424 	-0.89857798
-0.021621622 	0.25 	0.273 	45.826753 	-2.3899111 	-0.9009004
-0.022822823 	0.25 	0.273 	45.821613 	-2.4044564 	-0.90340246
-0.024024024 	0.25 	0.273 	45.816474 	-2.4190017 	-0.90590452
-0.025225225 	0.25 	0.273 	45.811334 	-2.433547 	-0.90840659
-0.026426426 	0.25 	0.273 	45.806195 	-2.4480923 	-0.91090865
-0.027627628 	0.25 	0.273 	45.801056 	-2.4626376 	-0.91341071
-0.028828829 	0.25 	0.273 	45.795916 	-2.4771829 	-0.91591277
-0.03003003 	0.25 	0.273 	45.790777 	-2.4917282 	-0.91841484
-0.031231231 	0.25 	0.273 	45.785637 	-2.5062735 	-0.9209169
-0.032432432 	0.25 	0.273 	45.780498 	-2.5208188 	-0.92341896
-0.033633634 	0.25 	0.273 	45.775359 	-2.5353641 	-0.92592102
-0.034834835 	0.25 	0.273 	45.770219 	-2.5499093 	-0.92842309
-0.036036036 	0.25 	0.273 	45.76508 	-2.5644546 	-0.93092515
-0.037237237 	0.25 	0.273 	45.75994 	-2.5789999 	-0.93342721
-0.038438438 	0.25 	0.273 	45.754801 	-2.5935452 	-0.93592928
-0.03963964 	0.25 	0.273 	45.749662 	-2.6080905 	-0.93843134
-0.040840841 	0.25 	0.273 	45.744522 	-2.6226358 	-0.9409334
-0.042042042 	0.25 	0.273 	45.739383 	-2.6371811 	-0.94343546
-0.043243243 	0.25 	0.273 	45.734244 	-2.6517264 	-0.94593753
-0.044444444 	0.25 	0.273 	45.729104 	-2.6662717 	-0.94843959
-0.045645646 	0.25 	0.273 	45.723965 	-2.680817 	-0.95094165
-0.046846847 	0.25 	0.273 	45.718825 	-2.6953623 	-0.95344371
-0.048048048 	0.25 	0.273 	45.713686 	-2.7099075 	-0.95594578
-0.049249249 	0.25 	0.273 	45.710874 	-2.7025393 	-0.95847148
-0.05045045 	0.25 	0.273 	45.709459 	-2.6820125 	-0.96101138
-0.051651652 	0.25 	0.273 	45.708044 	-2.6614857 	-0.96355128
-0.052852853 	0.25 	0.273 	45.706629 	-2.6409589 	-0.96609118
-0.054054054 	0.25 	0.273 	45.705214 	-2.6204321 	-0.96863108
-0.055255255 	0.25 	0.273 	45.703799 	-2.5999053 	-0.97117098
-0.056456456 	0.25 	0.273 	45.702384 	-2.5793785 	-0.97371088
-0.057657658 	0.25 	0.273 	45.700969 	-2.5588517 	-0.97625079
-0.058858859 	0.25 	0.273 	45.699554 	-2.5383249 	-0.97879069
-0.06006006 	0.25 	0.273 	45.698139 	-2.5177981 	-0.98133059
-0.061261261 	0.25 	0.273 	45.708667 	-2.5041134 	-0.98381814
-0.062462462 	0.25 	0.273 	45.719641 	-2.4906843 	-0.98630374
-0.063663664 	0.25 	0.273 	45.730615 	-2.4772551 	-0.98878933
-0.064864865 	0.25 	0.273 	45.74159 	-2.463826 	-0.99127493
-0.066066066 	0.25 	0.273 	45.752564 	-2.4503969 	-0.99376053
-0.067267267 	0.25 	0.273 	45.763538 	-2.4369678 	-0.99624613
-0.068468468 	0.25 	0.273 	45.774513 	-2.4235386 	-0.99873172
-0.06966967 	0.25 	0.273 	45.785487 	-2.4101095 	-1.0012173
-0.070870871 	0.25 	0.273 	45.796461 	-2.3966804 	-1.0037029
-0.072072072 	0.25 	0.273 	45.804627 	-2.3986177 	-1.0061812
-0.073273273 	0.25 	0.273 	45.806841 	-2.4331267 	-1.0086439
-0.074474474 	0.25 	0.273 	45.809055 	-2.4676358 	-1.0111066
-0.075675676 	0.25 	0.273 	45.811269 	-2.5021448 	-1.0135693
-0.076876877 	0.25 	0.273 	45.813482 	-2.5366538 	-1.016032
-0.078078078 	0.25 	0.273 	45.815696 	-2.5711629 	-1.0184946
-0.079279279 	0.25 	0.273 	45.81791 	-2.6056719 	-1.0209573
-0.08048048 	0.25 	0.273 	45.820124 	-2.6401809 	-1.02342
-0.081681682 	0.25 	0.273 	45.822337 	-2.67469 	-1.0258827
-0.082882883 	0.25 	0.273 	45.824551 	-2.709199 	-1.0283454
-0.084084084 	0.25 	0.273 	45.826765 	-2.743708 	-1.0308081
-0.085285285 	0.25 	0.273 	45.828978 	-2.7782171 	-1.0332708
-0.086486486 	0.25 	0.273 	45.831192 	-2.8127261 	-1.0357335
-0.087687688 	0.25 	0.273 	45.833406 	-2.8472352 	-1.0381962
-0.088888889 	0.25 	0.273 	45.83562 	-2.8817442 	-1.0406589
-0.09009009 	0.25 	0.273 	45.837833 	-2.9162532 	-1.0431216
-0.091291291 	0.25 	0.273 	45.840047 	-2.9507623 	-1.0455843
-0.092492492 	0.25 	0.273 	45.842261 	-2.9852713 	-1.048047
-0.093693694 	0.25 	0.273 	45.844475 	-3.0197803 	-1.0505097
-0.094894895 	0.25 	0.273 	45.846688 	-3.0542894 	-1.0529724
-0.096096096 	0.25 	0.273 	45.848902 	-3.0887984 	-1.0554351
-0.097297297 	0.25 	0.273 	45.851116 	-3.1233075 	-1.0578978
-0.098498498 	0.25 	0.273 	45.85333 	-3.1578165 	-1.0603605
-0.0996997 	0.25 	0.273 	45.855543 	-3.1923255 	-1.0628232
-0.1009009 	0.25 	0.273 	45.865168 	-3.2298183 	-1.065204
-0.1021021 	0.25 	0.273 	45.87522 	-3.2674834 	-1.0675801
-0.1033033 	0.25 	0.273 	45.885272 	-3.3051485 	-1.0699562
-0.1045045 	0.25 	0.273 	45.895324 	-3.3428136 	-1.0723323
-0.10570571 	0.25 	0.273 	45.905377 	-3.3804788 	-1.0747084
-0.10690691 	0.25 	0.273 	45.915429 	-3.4181439 	-1.0770846
-0.10810811 	0.25 	0.273 	45.925481 	-3.455809 	-1.0794607
-0.10930931 	0.25 	0.273 	45.935534 	-3.4934742 	-1.0818368
-0.11051051 	0.25 	0.273 	45.938188 	-3.5718858 	-1.0845117
-0.11171171 	0.25 	0.273 	45.939551 	-3.6574059 	-1.0872387
-0.11291291 	0.25 	0.273 	45.940915 	-3.742926 	-1.0899658
-0.11411411 	0.25 	0.273 	45.942278 	-3.8284461 	-1.0926928
-0.11531532 	0.25 	0.273 	45.943642 	-3.9139663 	-1.0954199
-0.11651652 	0.25 	0.273 	45.945005 	-3.9994864 	-1.0981469
-0.11771772 	0.25 	0.273 	45.946369 	-4.0850065 	-1.100874
-0.11891892 	0.25 	0.273 	45.947733 	-4.1705266 	-1.103601
-0.12012012 	0.25 	0.273 	45.949096 	-4.2560468 	-1.1063281
-0.12132132 	0.25 	0.273 	45.950695 	-4.3411679 	-1.1090365
-0.12252252 	0.25 	0.273 	45.95319 	-4.4247686 	-1.1116743
-0.12372372 	0.25 	0.273 	45.955686 	-4.5083694 	-1.114312
-0.12492492 	0.25 	0.273 	45.958181 	-4.5919701 	-1.1169498
-0.12612613 	0.25 	0.273 	45.960677 	-4.6755708 	-1.1195875
-0.12732733 	0.25 	0.273 	45.963172 	-4.7591716 	-1.1222253
-0.12852853 	0.25 	0.273 	45.965668 	-4.8427723 	-1.124863
-0.12972973 	0.25 	0.273 	45.968163 	-4.926373 	-1.1275007
-0.13093093 	0.25 	0.273 	45.970659 	-5.0099738 	-1.1301385
-0.13213213 	0.25 	0.273 	45.973154 	-5.0935745 	-1.1327762
-0.13333333 	0.25 	0.273 	45.981699 	-5.1358607 	-1.1352709
-0.13453453 	0.25 	0.273 	45.994793 	-5.1470855 	-1.1376581
-0.13573574 	0.25 	0.273 	46.007886 	-5.1583102 	-1.1400452
-0.13693694 	0.25 	0.273 	46.020979 	-5.169535 	-1.1424324
-0.13813814 	0.25 	0.273 	46.034072 	-5.1807597 	-1.1448196
-0.13933934 	0.25 	0.273 	46.047165 	-5.1919845 	-1.1472067
-0.14054054 	0.25 	0.273 	46.060259 	-5.2032092 	-1.1495939
-0.14174174 	0.25 	0.273 	46.073352 	-5.214434 	-1.151981
-0.14294294 	0.25 	0.273 	46.087225 	-5.2311752 	-1.1543917
-0.14414414 	0.25 	0.273 	46.101545 	-5.2510767 	-1.1568158
-0.14534535 	0.25 	0.273 	46.115865 	-5.2709783 	-1.1592399
-0.14654655 	0.25 	0.273 	46.130185 	-5.2908798 	-1.1616641
-0.14774775 	0.25 	0.273 	46.144505 	-5.3107813 	-1.1640882
-0.14894895 	0.25 	0.273 	46.158825 	-5.3306828 	-1.1665123
-0.15015015 	0.25 	0.273 	46.173145 	-5.3505843 	-1.1689364
-0.15135135 	0.25 	0.273 	46.187466 	-5.3704858 	-1.1713605
-0.15255255 	0.25 	0.273 	46.201786 	-5.3903874 	-1.1737847
-0.15375375 	0.25 	0.273 	46.216106 	-5.4102889 	-1.1762088
-0.15495495 	0.25 	0.273 	46.230426 	-5.4301904 	-1.1786329
-0.15615616 	0.25 	0.273 	46.244746 	-5.4500919 	-1.181057
-0.15735736 	0.25 	0.273 	46.259066 	-5.4699934 	-1.1834812
-0.15855856 	0.25 	0.273 	46.273386 	-5.4898949 	-1.1859053
-0.15975976 	0.25 	0.273 	46.287706 	-5.5097965 	-1.1883294
-0.16096096 	0.25 	0.273 	46.302026 	-5.529698 	-1.1907535
-0.16216216 	0.25 	0.273 	46.316346 	-5.5495995 	-1.1931776
-0.16336336 	0.25 	0.273 	46.330666 	-5.569501 	-1.1956018
-0.16456456 	0.25 	0.273 	46.344986 	-5.5894025 	-1.1980259
-0.16576577 	0.25 	0.273 	46.359306 	-5.6093041 	-1.20045
-0.16696697 	0.25 	0.273 	46.373627 	-5.6292056 	-1.2028741
-0.16816817 	0.25 	0.273 	46.387947 	-5.6491071 	-1.2052983
-0.16936937 	0.25 	0.273 	46.402267 	-5.6690086 	-1.2077224
-0.17057057 	0.25 	0.273 	46.417845 	-5.6802091 	-1.2101596
-0.17177177 	0.25 	0.273 	46.442649 	-5.6276292 	-1.2126928
-0.17297297 	0.25 	0.273 	46.467453 	-5.5750492 	-1.2152261
-0.17417417 	0.25 	0.273 	46.492257 	-5.5224693 	-1.2177593
-0.17537538 	0.25 	0.273 	46.51706 	-5.4698894 	-1.2202925
-0.17657658 	0.25 	0.273 	46.541864 	-5.4173094 	-1.2228258
-0.17777778 	0.25 	0.273 	46.566668 	-5.3647295 	-1.225359
-0.17897898 	0.25 	0.273 	46.591472 	-5.3121496 	-1.2278922
-0.18018018 	0.25 	0.273 	46.616275 	-5.2595696 	-1.2304255
-0.18138138 	0.25 	0.273 	46.641079 	-5.2069897 	-1.2329587
-0.18258258 	0.25 	0.273 	46.666454 	-5.154943 	-1.23544
-0.18378378 	0.25 	0.273 	46.692445 	-5.1034714 	-1.2378653
-0.18498498 	0.25 	0.273 	46.718436 	-5.0519999 	-1.2402907
-0.18618619 	0.25 	0.273 	46.744427 	-5.0005283 	-1.242716
-0.18738739 	0.25 	0.273 	46.770419 	-4.9490568 	-1.2451414
-0.18858859 	0.25 	0.273 	46.79641 	-4.8975852 	-1.2475667
-0.18978979 	0.25 	0.273 	46.822401 	-4.8461137 	-1.249992
-0.19099099 	0.25 	0.273 	46.848392 	-4.7946421 	-1.2524174
-0.19219219 	0.25 	0.273 	46.874383 	-4.7431706 	-1.2548427
-0.19339339 	0.25 	0.273 	46.900374 	-4.691699 	-1.2572681
-0.19459459 	0.25 	0.273 	46.924146 	-4.705593 	-1.2594878
-0.1957958 	0.25 	0.273 	46.947493 	-4.7319985 	-1.2616683
-0.196997 	0.25 	0.273 	46.97084 	-4.758404 	-1.2638487
-0.1981982 	0.25 	0.273 	46.994188 	-4.7848095 	-1.2660292
-0.1993994 	0.25 	0.273 	47.017535 	-4.811215 	-1.2682096
-0.2006006 	0.25 	0.273 	47.040882 	-4.8376205 	-1.27039
-0.2018018 	0.25 	0.273 	47.064229 	-4.864026 	-1.2725705
-0.203003 	0.25 	0.273 	47.087577 	-4.8904315 	-1.2747509
-0.2042042 	0.25 	0.273 	47.110924 	-4.9168371 	-1.2769314
-0.20540541 	0.25 	0.273 	47.134271 	-4.9432426 	-1.2791118
-0.20660661 	0.25 	0.273 	47.157618 	-4.9696481 	-1.2812922
-0.20780781 	0.25 	0.273 	47.180966 	-4.9960536 	-1.2834727
-0.20900901 	0.25 	0.273 	47.204313 	-5.0224591 	-1.2856531
-0.21021021 	0.25 	0.273 	47.22766 	-5.0488646 	-1.2878336
-0.21141141 	0.25 	0.273 	47.251007 	-5.0752701 	-1.290014
-0.21261261 	0.25 	0.273 	47.274355 	-5.1016756 	-1.2921944
-0.21381381 	0.25 	0.273 	47.297702 	-5.1280811 	-1.2943749
-0.21501502 	0.25 	0.273 	47.321049 	-5.1544866 	-1.2965553
-0.21621622 	0.25 	0.273 	47.344396 	-5.1808921 	-1.2987358
-0.21741742 	0.25 	0.273 	47.367743 	-5.2072976 	-1.3009162
-0.21861862 	0.25 	0.273 	47.391091 	-5.2337031 	-1.3030967
-0.21981982 	0.25 	0.273 	47.414438 	-5.2601087 	-1.3052771
-0.22102102 	0.25 	0.273 	47.437785 	-5.2865142 	-1.3074575
-0.22222222 	0.25 	0.273 	47.461132 	-5.3129197 	-1.309638
-0.22342342 	0.25 	0.273 	47.48322 	-5.3415571 	-1.3117583
-0.22462462 	0.25 	0.273 	47.505281 	-5.370241 	-1.3138774
-0.22582583 	0.25 	0.273 	47.527342 	-5.3989249 	-1.3159965
-0.22702703 	0.25 	0.273 	47.549404 	-5.4276089 	-1.3181155
-0.22822823 	0.25 	0.273 	47.571465 	-5.4562928 	-1.3202346
-0.22942943 	0.25 	0.273 	47.593526 	-5.4849767 	-1.3223537
-0.23063063 	0.25 	0.273 	47.615587 	-5.5136606 	-1.3244728
-0.23183183 	0.25 	0.273 	47.63661 	-5.5715616 	-1.3266322
-0.23303303 	0.25 	0.273 	47.655904 	-5.6780522 	-1.3288587
-0.23423423 	0.25 	0.273 	47.675199 	-5.7845428 	-1.3310852
-0.23543544 	0.25 	0.273 	47.694494 	-5.8910334 	-1.3333117
-0.23663664 	0.25 	0.273 	47.713788 	-5.997524 	-1.3355382
-0.23783784 	0.25 	0.273 	47.733083 	-6.1040146 	-1.3377647
-0.23903904 	0.25 	0.273 	47.752378 	-6.2105052 	-1.3399912
-0.24024024 	0.25 	0.273 	47.771673 	-6.3169959 	-1.3422177
-0.24144144 	0.25 	0.273 	47.790967 	-6.4234865 	-1.3444442
-0.24264264 	0.25 	0.273 	47.810262 	-6.5299771 	-1.3466707
-0.24384384 	0.25 	0.273 	47.829935 	-6.6350484 	-1.3487761
-0.24504505 	0.25 	0.273 	47.849747 	-6.7396032 	-1.3508373
-0.24624625 	0.25 	0.273 	47.869558 	-6.8441579 	-1.3528986
-0.24744745 	0.25 	0.273 	47.889369 	-6.9487126 	-1.3549599
-0.24864865 	0.25 	0.273 	47.909181 	-7.0532674 	-1.3570212
-0.24984985 	0.25 	0.273 	47.928992 	-7.1578221 	-1.3590824
-0.25105105 	0.25 	0.273 	47.948803 	-7.2623769 	-1.3611437
-0.25225225 	0.25 	0.273 	47.968614 	-7.3669316 	-1.363205
-0.25345345 	0.25 	0.273 	47.988426 	-7.4714863 	-1.3652663
-0.25465465 	0.25 	0.273 	48.008592 	-7.5668472 	-1.3673113
-0.25585586 	0.25 	0.273 	48.032205 	-7.5728545 	-1.3691984
-0.25705706 	0.25 	0.273 	48.055817 	-7.5788618 	-1.3710856
-0.25825826 	0.25 	0.273 	48.07943 	-7.5848691 	-1.3729728
-0.25945946 	0.25 	0.273 	48.103043 	-7.5908764 	-1.3748599
-0.26066066 	0.25 	0.273 	48.126656 	-7.5968836 	-1.3767471
-0.26186186 	0.25 	0.273 	48.150269 	-7.6028909 	-1.3786343
-0.26306306 	0.25 	0.273 	48.173882 	-7.6088982 	-1.3805214
-0.26426426 	0.25 	0.273 	48.199264 	-7.6176437 	-1.3824227
-0.26546547 	0.25 	0.273 	48.225589 	-7.6278503 	-1.3843316
-0.26666667 	0.25 	0.273 	48.251915 	-7.6380568 	-1.3862404
-0.26786787 	0.25 	0.273 	48.27824 	-7.6482634 	-1.3881493
-0.26906907 	0.25 	0.273 	48.304566 	-7.6584699 	-1.3900581
-0.27027027 	0.25 	0.273 	48.330891 	-7.6686764 	-1.391967
-0.27147147 	0.25 	0.273 	48.357217 	-7.678883 	-1.3938758
-0.27267267 	0.25 	0.273 	48.383542 	-7.6890895 	-1.3957847
-0.27387387 	0.25 	0.273 	48.409868 	-7.6992961 	-1.3976935
-0.27507508 	0.25 	0.273 	48.436193 	-7.7095026 	-1.3996024
-0.27627628 	0.25 	0.273 	48.462519 	-7.7197092 	-1.4015112
-0.27747748 	0.25 	0.273 	48.488844 	-7.7299157 	-1.4034201
-0.27867868 	0.25 	0.273 	48.51517 	-7.7401223 	-1.4053289
-0.27987988 	0.25 	0.273 	48.541495 	-7.7503288 	-1.4072378
-0.28108108 	0.25 	0.273 	48.567821 	-7.7605354 	-1.4091466
-0.28228228 	0.25 	0.273 	48.594146 	-7.7707419 	-1.4110555
-0.28348348 	0.25 	0.273 	48.620472 	-7.7809485 	-1.4129643
-0.28468468 	0.25 	0.273 	48.646797 	-7.791155 	-1.4148732
-0.28588589 	0.25 	0.273 	48.673123 	-7.8013616 	-1.416782
-0.28708709 	0.25 	0.273 	48.699448 	-7.8115681 	-1.4186909
-0.28828829 	0.25 	0.273 	48.725774 	-7.8217747 	-1.4205997
-0.28948949 	0.25 	0.273 	48.752099 	-7.8319812 	-1.4225086
-0.29069069 	0.25 	0.273 	48.778425 	-7.8421877 	-1.4244174
-0.29189189 	0.25 	0.273 	48.80475 	-7.8523943 	-1.4263263
-0.29309309 	0.25 	0.273 	48.83336 	-7.7998459 	-1.4282923
-0.29429429 	0.25 	0.273 	48.863274 	-7.711426 	-1.430291
-0.2954955 	0.25 	0.273 	48.893189 	-7.623006 	-1.4322897
-0.2966967 	0.25 	0.273 	48.923104 	-7.534586 	-1.4342884
-0.2978979 	0.25 	0.273 	48.953019 	-7.4461661 	-1.4362871
-0.2990991 	0.25 	0.273 	48.982933 	-7.3577461 	-1.4382858
-0.3003003 	0.25 	0.273 	49.012848 	-7.2693262 	-1.4402845
-0.3015015 	0.25 	0.273 	49.042763 	-7.1809062 	-1.4422832
-0.3027027 	0.25 	0.273 	49.072678 	-7.0924863 	-1.4442819
-0.3039039 	0.25 	0.273 	49.102592 	-7.0040663 	-1.4462806
-0.30510511 	0.25 	0.273 	49.134322 	-6.9158493 	-1.4481389
-0.30630631 	0.25 	0.273 	49.166058 	-6.8276331 	-1.4499966
-0.30750751 	0.25 	0.273 	49.197794 	-6.7394169 	-1.4518544
-0.30870871 	0.25 	0.273 	49.229531 	-6.6512007 	-1.4537121
-0.30990991 	0.25 	0.273 	49.261267 	-6.5629845 	-1.4555698
-0.31111111 	0.25 	0.273 	49.293003 	-6.4747683 	-1.4574276
-0.31231231 	0.25 	0.273 	49.324739 	-6.386552 	-1.4592853
-0.31351351 	0.25 	0.273 	49.356476 	-6.2983358 	-1.4611431
-0.31471471 	0.25 	0.273 	49.388212 	-6.2101196 	-1.4630008
-0.31591592 	0.25 	0.273 	49.422621 	-6.1575122 	-1.4647346
-0.31711712 	0.25 	0.273 	49.461926 	-6.1701437 	-1.4662414
-0.31831832 	0.25 	0.273 	49.501232 	-6.1827752 	-1.4677481
-0.31951952 	0.25 	0.273 	49.540537 	-6.1954068 	-1.4692549
-0.32072072 	0.25 	0.273 	49.579843 	-6.2080383 	-1.4707616
-0.32192192 	0.25 	0.273 	49.619148 	-6.2206699 	-1.4722683
-0.32312312 	0.25 	0.273 	49.658454 	-6.2333014 	-1.4737751
-0.32432432 	0.25 	0.273 	49.697759 	-6.245933 	-1.4752818
-0.32552553 	0.25 	0.273 	49.737065 	-6.2585645 	-1.4767886
-0.32672673 	0.25 	0.273 	49.77637 	-6.2711961 	-1.4782953
-0.32792793 	0.25 	0.273 	49.815676 	-6.2838276 	-1.4798021
-0.32912913 	0.25 	0.273 	49.854981 	-6.2964592 	-1.4813088
-0.33033033 	0.25 	0.273 	49.894287 	-6.3090907 	-1.4828156
-0.33153153 	0.25 	0.273 	49.933592 	-6.3217223 	-1.4843223
-0.33273273 	0.25 	0.273 	49.972898 	-6.3343538 	-1.4858291
-0.33393393 	0.25 	0.273 	50.012203 	-6.3469854 	-1.4873358
-0.33513514 	0.25 	0.273 	50.051509 	-6.3596169 	-1.4888426
-0.33633634 	0.25 	0.273 	50.090814 	-6.3722485 	-1.4903493
-0.33753754 	0.25 	0.273 	50.13012 	-6.38488 	-1.4918561
-0.33873874 	0.25 	0.273 	50.169426 	-6.3975116 	-1.4933628
-0.33993994 	0.25 	0.273 	50.208731 	-6.4101431 	-1.4948696
-0.34114114 	0.25 	0.273 	50.248037 	-6.4227747 	-1.4963763
-0.34234234 	0.25 	0.273 	50.287342 	-6.4354062 	-1.4978831
-0.34354354 	0.25 	0.273 	50.326648 	-6.4480378 	-1.4993898
-0.34474474 	0.25 	0.273 	50.365953 	-6.4606693 	-1.5008965
-0.34594595 	0.25 	0.273 	50.410429 	-6.4662243 	-1.5023755
-0.34714715 	0.25 	0.273 	50.455088 	-6.4715274 	-1.5038535
-0.34834835 	0.25 	0.273 	50.499748 	-6.4768304 	-1.5053314
-0.34954955 	0.25 	0.273 	50.544407 	-6.4821334 	-1.5068094
-0.35075075 	0.25 	0.273 	50.589067 	-6.4874364 	-1.5082874
-0.35195195 	0.25 	0.273 	50.633726 	-6.4927395 	-1.5097653
-0.35315315 	0.25 	0.273 	50.678386 	-6.4980425 	-1.5112433
-0.35435435 	0.25 	0.273 	50.72953 	-6.5927013 	-1.5126128
-0.35555556 	0.25 	0.273 	50.781505 	-6.6988088 	-1.5139683
-0.35675676 	0.25 	0.273 	50.833479 	-6.8049162 	-1.5153239
-0.35795796 	0.25 	0.273 	50.885454 	-6.9110236 	-1.5166795
-0.35915916 	0.25 	0.273 	50.937429 	-7.017131 	-1.518035
-0.36036036 	0.25 	0.273 	50.989403 	-7.1232385 	-1.5193906
-0.36156156 	0.25 	0.273 	51.041378 	-7.2293459 	-1.5207461
-0.36276276 	0.25 	0.273 	51.093352 	-7.3354533 	-1.5221017
-0.36396396 	0.25 	0.273 	51.145327 	-7.4415607 	-1.5234573
-0.36516517 	0.25 	0.273 	51.197132 	-7.548522 	-1.5247747
-0.36636637 	0.25 	0.273 	51.24841 	-7.6581309 	-1.5259742
-0.36756757 	0.25 	0.273 	51.299687 	-7.7677399 	-1.5271736
-0.36876877 	0.25 	0.273 	51.350965 	-7.8773488 	-1.528373
-0.36996997 	0.25 	0.273 	51.402243 	-7.9869578 	-1.5295724
-0.37117117 	0.25 	0.273 	51.453521 	-8.0965667 	-1.5307718
-0.37237237 	0.25 	0.273 	51.504799 	-8.2061757 	-1.5319712
-0.37357357 	0.25 	0.273 	51.556076 	-8.3157846 	-1.5331706
-0.37477477 	0.25 	0.273 	51.607354 	-8.4253935 	-1.53437
-0.37597598 	0.25 	0.273 	51.658632 	-8.5350025 	-1.5355694
-0.37717718 	0.25 	0.273 	51.700611 	-8.6069645 	-1.5366629
-0.37837838 	0.25 	0.273 	51.736507 	-8.6542952 	-1.537687
-0.37957958 	0.25 	0.273 	51.772403 	-8.7016259 	-1.5387111
-0.38078078 	0.25 	0.273 	51.808299 	-8.7489565 	-1.5397353
-0.38198198 	0.25 	0.273 	51.844195 	-8.7962872 	-1.5407594
-0.38318318 	0.25 	0.273 	51.880091 	-8.8436179 	-1.5417835
-0.38438438 	0.25 	0.273 	51.915986 	-8.8909485 	-1.5428076
-0.38558559 	0.25 	0.273 	51.946935 	-8.9285468 	-1.543853
-0.38678679 	0.25 	0.273 	51.97592 	-8.9622799 	-1.5449068
-0.38798799 	0.25 	0.273 	52.004904 	-8.9960131 	-1.5459606
-0.38918919 	0.25 	0.273 	52.033888 	-9.0297462 	-1.5470143
-0.39039039 	0.25 	0.273 	52.062872 	-9.0634794 	-1.5480681
-0.39159159 	0.25 	0.273 	52.091856 	-9.0972126 	-1.5491219
-0.39279279 	0.25 	0.273 	52.120841 	-9.1309457 	-1.5501757
-0.39399399 	0.25 	0.273 	52.149825 	-9.1646789 	-1.5512295
-0.3951952 	0.25 	0.273 	52.178809 	-9.198412 	-1.5522832
-0.3963964 	0.25 	0.273 	52.207793 	-9.2321452 	-1.553337
-0.3975976 	0.25 	0.273 	52.236777 	-9.2658783 	-1.5543908
-0.3987988 	0.25 	0.273 	52.265762 	-9.2996115 	-1.5554446
-0.4 	0.25 	0.273 	52.294746 	-9.3333446 	-1.5564984
-0.4012012 	0.25 	0.273 	52.32373 	-9.3670778 	-1.5575522
-0.4024024 	0.25 	0.273 	52.352714 	-9.400811 	-1.5586059
-0.4036036 	0.25 	0.273 	52.381698 	-9.4345441 	-1.5596597
-0.4048048 	0.25 	0.273 	52.410683 	-9.4682773 	-1.5607135
-0.40600601 	0.25 	0.273 	52.439667 	-9.5020104 	-1.5617673
-0.40720721 	0.25 	0.273 	52.468651 	-9.5357436 	-1.5628211
-0.40840841 	0.25 	0.273 	52.497635 	-9.5694767 	-1.5638748
-0.40960961 	0.25 	0.273 	52.526619 	-9.6032099 	-1.5649286
-0.41081081 	0.25 	0.273 	52.555604 	-9.636943 	-1.5659824
-0.41201201 	0.25 	0.273 	52.584588 	-9.6706762 	-1.5670362
-0.41321321 	0.25 	0.273 	52.613572 	-9.7044094 	-1.56809
-0.41441441 	0.25 	0.273 	52.640241 	-9.7289192 	-1.5691387
-0.41561562 	0.25 	0.273 	52.653584 	-9.7003281 	-1.5701582
-0.41681682 	0.25 	0.273 	52.666926 	-9.6717369 	-1.5711777
-0.41801802 	0.25 	0.273 	52.680268 	-9.6431458 	-1.5721973
-0.41921922 	0.25 	0.273 	52.693611 	-9.6145547 	-1.5732168
-0.42042042 	0.25 	0.273 	52.706953 	-9.5859635 	-1.5742363
-0.42162162 	0.25 	0.273 	52.720296 	-9.5573724 	-1.5752559
-0.42282282 	0.25 	0.273 	52.733638 	-9.5287813 	-1.5762754
-0.42402402 	0.25 	0.273 	52.74698 	-9.5001901 	-1.5772949
-0.42522523 	0.25 	0.273 	52.760323 	-9.471599 	-1.5783145
-0.42642643 	0.25 	0.273 	52.78181 	-9.4436385 	-1.5792571
-0.42762763 	0.25 	0.273 	52.811202 	-9.4162899 	-1.5801251
-0.42882883 	0.25 	0.273 	52.840594 	-9.3889413 	-1.5809931
-0.43003003 	0.25 	0.273 	52.869986 	-9.3615928 	-1.5818611
-0.43123123 	0.25 	0.273 	52.899378 	-9.3342442 	-1.5827291
-0.43243243 	0.25 	0.273 	52.928771 	-9.3068956 	-1.5835971
-0.43363363 	0.25 	0.273 	52.958163 	-9.279547 	-1.5844651
-0.43483483 	0.25 	0.273 	52.987555 	-9.2521985 	-1.5853331
-0.43603604 	0.25 	0.273 	53.016947 	-9.2248499 	-1.5862011
-0.43723724 	0.25 	0.273 	53.046339 	-9.1975013 	-1.5870691
-0.43843844 	0.25 	0.273 	53.034013 	-9.2375247 	-1.5877069
-0.43963964 	0.25 	0.273 	53.015152 	-9.2881026 	-1.5883086
-0.44084084 	0.25 	0.273 	52.99629 	-9.3386804 	-1.5889103
-0.44204204 	0.25 	0.273 	52.977429 	-9.3892582 	-1.589512
-0.44324324 	0.25 	0.273 	52.958568 	-9.4398361 	-1.5901137
-0.44444444 	0.25 	0.273 	52.939706 	-9.4904139 	-1.5907154
-0.44564565 	0.25 	0.273 	52.920845 	-9.5409917 	-1.5913171
-0.44684685 	0.25 	0.273 	52.901984 	-9.5915696 	-1.5919188
-0.44804805 	0.25 	0.273 	52.883122 	-9.6421474 	-1.5925206
-0.44924925 	0.25 	0.273 	52.864261 	-9.6927252 	-1.5931223
-0.45045045 	0.25 	0.273 	52.8454 	-9.743303 	-1.593724
-0.45165165 	0.25 	0.273 	52.826539 	-9.7938809 	-1.5943257
-0.45285285 	0.25 	0.273 	52.807677 	-9.8444587 	-1.5949274
-0.45405405 	0.25 	0.273 	52.788816 	-9.8950365 	-1.5955291
-0.45525526 	0.25 	0.273 	52.769955 	-9.9456144 	-1.5961308
-0.45645646 	0.25 	0.273 	52.751093 	-9.9961922 	-1.5967325
-0.45765766 	0.25 	0.273 	52.732232 	-10.04677 	-1.5973342
-0.45885886 	0.25 	0.273 	52.713371 	-10.097348 	-1.5979359
-0.46006006 	0.25 	0.273 	52.694509 	-10.147926 	-1.5985376
-0.46126126 	0.25 	0.273 	52.675648 	-10.198504 	-1.5991393
-0.46246246 	0.25 	0.273 	52.656787 	-10.249081 	-1.5997411
-0.46366366 	0.25 	0.273 	52.637926 	-10.299659 	-1.6003428
-0.46486486 	0.25 	0.273 	52.619064 	-10.350237 	-1.6009445
-0.46606607 	0.25 	0.273 	52.600203 	-10.400815 	-1.6015462
-0.46726727 	0.25 	0.273 	52.581342 	-10.451393 	-1.6021479
-0.46846847 	0.25 	0.273 	52.596877 	-10.451739 	-1.6027339
-0.46966967 	0.25 	0.273 	52.617738 	-10.444307 	-1.6033175
-0.47087087 	0.25 	0.273 	52.6386 	-10.436875 	-1.6039011
-0.47207207 	0.25 	0.273 	52.659461 	-10.429444 	-1.6044847
-0.47327327 	0.25 	0.273 	52.680322 	-10.422012 	-1.6050683
-0.47447447 	0.25 	0.273 	52.701183 	-10.41458 	-1.6056519
-0.47567568 	0.25 	0.273 	52.702804 	-10.438078 	-1.6061783
-0.47687688 	0.25 	0.273 	52.675193 	-10.508565 	-1.6066177
-0.47807808 	0.25 	0.273 	52.647582 	-10.579051 	-1.6070572
-0.47927928 	0.25 	0.273 	52.619971 	-10.649537 	-1.6074966
-0.48048048 	0.25 	0.273 	52.59236 	-10.720024 	-1.6079361
-0.48168168 	0.25 	0.273 	52.564749 	-10.79051 	-1.6083755
-0.48288288 	0.25 	0.273 	52.537138 	-10.860996 	-1.608815
-0.48408408 	0.25 	0.273 	52.509527 	-10.931483 	-1.6092544
-0.48528529 	0.25 	0.273 	52.481916 	-11.001969 	-1.6096939
-0.48648649 	0.25 	0.273 	52.454305 	-11.072455 	-1.6101333
-0.48768769 	0.25 	0.273 	52.480705 	-11.063616 	-1.6103788
-0.48888889 	0.25 	0.273 	52.524773 	-11.028829 	-1.6105608
-0.49009009 	0.25 	0.273 	52.56884 	-10.994041 	-1.6107427
-0.49129129 	0.25 	0.273 	52.612908 	-10.959254 	-1.6109247
-0.49249249 	0.25 	0.273 	52.656976 	-10.924467 	-1.6111067
-0.49369369 	0.25 	0.273 	52.701044 	-10.889679 	-1.6112887
-0.49489489 	0.25 	0.273 	52.745112 	-10.854892 	-1.6114707
-0.4960961 	0.25 	0.273 	52.78918 	-10.820104 	-1.6116527
-0.4972973 	0.25 	0.273 	52.833248 	-10.785317 	-1.6118346
-0.4984985 	0.25 	0.273 	52.870891 	-10.761174 	-1.6120059
-0.4996997 	0.25 	0.273 	52.856485 	-10.823274 	-1.6120905
-0.5009009 	0.25 	0.273 	52.842078 	-10.885375 	-1.6121751
-0.5021021 	0.25 	0.273 	52.827671 	-10.947475 	-1.6122597
-0.5033033 	0.25 	0.273 	52.813265 	-11.009575 	-1.6123443
-0.5045045 	0.25 	0.273 	52.798858 	-11.071676 	-1.6124289
-0.50570571 	0.25 	0.273 	52.784452 	-11.133776 	-1.6125135
-0.50690691 	0.25 	0.273 	52.773418 	-11.236348 	-1.6126657
-0.50810811 	0.25 	0.273 	52.763035 	-11.346719 	-1.6128308
-0.50930931 	0.25 	0.273 	52.752651 	-11.45709 	-1.612996
-0.51051051 	0.25 	0.273 	52.742268 	-11.567461 	-1.6131611
-0.51171171 	0.25 	0.273 	52.731885 	-11.677832 	-1.6133263
-0.51291291 	0.25 	0.273 	52.721501 	-11.788203 	-1.6134914
-0.51411411 	0.25 	0.273 	52.76238 	-11.811778 	-1.6136744
-0.51531532 	0.25 	0.273 	52.831105 	-11.788205 	-1.6138672
-0.51651652 	0.25 	0.273 	52.89983 	-11.764631 	-1.6140599
-0.51771772 	0.25 	0.273 	52.968554 	-11.741057 	-1.6142527
-0.51891892 	0.25 	0.273 	53.037279 	-11.717484 	-1.6144454
-0.52012012 	0.25 	0.273 	53.106004 	-11.69391 	-1.6146381
-0.52132132 	0.25 	0.273 	53.174729 	-11.670337 	-1.6148309
-0.52252252 	0.25 	0.273 	53.243454 	-11.646763 	-1.6150236
-0.52372372 	0.25 	0.273 	53.312178 	-11.62319 	-1.6152164
-0.52492492 	0.25 	0.273 	53.380903 	-11.599616 	-1.6154091
-0.52612613 	0.25 	0.273 	53.449628 	-11.576043 	-1.6156018
-0.52732733 	0.25 	0.273 	53.518353 	-11.552469 	-1.6157946
-0.52852853 	0.25 	0.273 	53.587078 	-11.528895 	-1.6159873
-0.52972973 	0.25 	0.273 	53.655802 	-11.505322 	-1.6161801
-0.53093093 	0.25 	0.273 	53.724527 	-11.481748 	-1.6163728
-0.53213213 	0.25 	0.273 	53.793252 	-11.458175 	-1.6165655
-0.53333333 	0.25 	0.273 	53.861977 	-11.434601 	-1.6167583
-0.53453453 	0.25 	0.273 	53.930701 	-11.411028 	-1.616951
-0.53573574 	0.25 	0.273 	53.999426 	-11.387454 	-1.6171438
-0.53693694 	0.25 	0.273 	53.98001 	-11.511444 	-1.6172761
-0.53813814 	0.25 	0.273 	53.911957 	-11.71686 	-1.617375
-0.53933934 	0.25 	0.273 	53.843904 	-11.922275 	-1.617474
-0.54054054 	0.25 	0.273 	53.775851 	-12.127691 	-1.6175729
-0.54174174 	0.25 	0.273 	53.707798 	-12.333107 	-1.6176719
-0.54294294 	0.25 	0.273 	53.639745 	-12.538523 	-1.6177708
-0.54414414 	0.25 	0.273 	53.571692 	-12.743938 	-1.6178697
-0.54534535 	0.25 	0.273 	53.503639 	-12.949354 	-1.6179687
-0.54654655 	0.25 	0.273 	53.435587 	-13.15477 	-1.6180676
-0.54774775 	0.25 	0.273 	53.36762 	-13.360332 	-1.6181654
-0.54894895 	0.25 	0.273 	53.332441 	-13.621385 	-1.6178149
-0.55015015 	0.25 	0.273 	53.297263 	-13.882437 	-1.6174645
-0.55135135 	0.25 	0.273 	53.262084 	-14.14349 	-1.617114
-0.55255255 	0.25 	0.273 	53.226906 	-14.404543 	-1.6167636
-0.55375375 	0.25 	0.273 	53.211637 	-14.588173 	-1.61646
-0.55495495 	0.25 	0.273 	53.286251 	-14.422278 	-1.6163682
-0.55615616 	0.25 	0.273 	53.360865 	-14.256382 	-1.6162764
-0.55735736 	0.25 	0.273 	53.435479 	-14.090486 	-1.6161846
-0.55855856 	0.25 	0.273 	53.510093 	-13.924591 	-1.6160927
-0.55975976 	0.25 	0.273 	53.584707 	-13.758695 	-1.6160009
-0.56096096 	0.25 	0.273 	53.659321 	-13.5928 	-1.6159091
-0.56216216 	0.25 	0.273 	53.733935 	-13.426904 	-1.6158173
-0.56336336 	0.25 	0.273 	53.808549 	-13.261008 	-1.6157254
-0.56456456 	0.25 	0.273 	53.883163 	-13.095113 	-1.6156336
-0.56576577 	0.25 	0.273 	53.957776 	-12.929217 	-1.6155418
-0.56696697 	0.25 	0.273 	54.026938 	-12.842161 	-1.6154023
-0.56816817 	0.25 	0.273 	54.087907 	-12.873555 	-1.6151912
-0.56936937 	0.25 	0.273 	54.148875 	-12.904949 	-1.6149801
-0.57057057 	0.25 	0.273 	54.209844 	-12.936343 	-1.614769
-0.57177177 	0.25 	0.273 	54.270813 	-12.967738 	-1.6145579
-0.57297297 	0.25 	0.273 	54.380795 	-12.808077 	-1.6144331
-0.57417417 	0.25 	0.273 	54.551292 	-12.412531 	-1.6144148
-0.57537538 	0.25 	0.273 	54.721789 	-12.016985 	-1.6143965
-0.57657658 	0.25 	0.273 	54.892285 	-11.621439 	-1.6143783
-0.57777778 	0.25 	0.273 	55.062782 	-11.225893 	-1.61436
-0.57897898 	0.25 	0.273 	55.204162 	-10.858572 	-1.6140808
-0.58018018 	0.25 	0.273 	55.328095 	-10.508163 	-1.6136451
-0.58138138 	0.25 	0.273 	55.452029 	-10.157754 	-1.6132095
-0.58258258 	0.25 	0.273 	55.575962 	-9.8073453 	-1.6127739
-0.58378378 	0.25 	0.273 	55.699895 	-9.4569364 	-1.6123382
-0.58498498 	0.25 	0.273 	55.783357 	-9.3358561 	-1.6118442
-0.58618619 	0.25 	0.273 	55.856876 	-9.2711168 	-1.6113357
-0.58738739 	0.25 	0.273 	55.930395 	-9.2063775 	-1.6108273
-0.58858859 	0.25 	0.273 	56.003914 	-9.1416382 	-1.6103189
-0.58978979 	0.25 	0.273 	56.077433 	-9.0768989 	-1.6098105
-0.59099099 	0.25 	0.273 	56.218265 	-9.0158356 	-1.6093089
-0.59219219 	0.25 	0.273 	56.383269 	-8.9560924 	-1.6088098
-0.59339339 	0.25 	0.273 	56.548272 	-8.8963492 	-1.6083106
-0.59459459 	0.25 	0.273 	56.713276 	-8.8366059 	-1.6078115
-0.5957958 	0.25 	0.273 	56.87828 	-8.7768627 	-1.6073123
-0.596997 	0.25 	0.273 	57.043283 	-8.7171194 	-1.6068132
-0.5981982 	0.25 	0.273 	57.208287 	-8.6573762 	-1.606314
-0.5993994 	0.25 	0.273 	57.373291 	-8.597633 	-1.6058149
-0.6006006 	0.25 	0.273 	57.538294 	-8.5378897 	-1.6053158
-0.6018018 	0.25 	0.273 	57.703298 	-8.4781465 	-1.6048166
-0.603003 	0.25 	0.273 	57.864908 	-8.437468 	-1.6043078
-0.6042042 	0.25 	0.273 	57.979059 	-8.6634426 	-1.6036631
-0.60540541 	0.25 	0.273 	58.093209 	-8.8894171 	-1.6030185
-0.60660661 	0.25 	0.273 	58.207359 	-9.1153917 	-1.6023738
-0.60780781 	0.25 	0.273 	58.32151 	-9.3413663 	-1.6017292
-0.60900901 	0.25 	0.273 	58.433548 	-9.5711742 	-1.6009843
-0.61021021 	0.25 	0.273 	58.539061 	-9.8128248 	-1.5999295
-0.61141141 	0.25 	0.273 	58.644573 	-10.054475 	-1.5988747
-0.61261261 	0.25 	0.273 	58.750086 	-10.296126 	-1.59782
-0.61381381 	0.25 	0.273 	58.855598 	-10.537777 	-1.5967652
-0.61501502 	0.25 	0.273 	58.939914 	-10.719518 	-1.595799
-0.61621622 	0.25 	0.273 	58.995086 	-10.818886 	-1.5949546
-0.61741742 	0.25 	0.273 	59.050257 	-10.918255 	-1.5941102
-0.61861862 	0.25 	0.273 	59.105429 	-11.017624 	-1.5932658
-0.61981982 	0.25 	0.273 	59.1606 	-11.116993 	-1.5924214
-0.62102102 	0.25 	0.273 	59.215771 	-11.216362 	-1.591577
-0.62222222 	0.25 	0.273 	59.270943 	-11.315731 	-1.5907326
-0.62342342 	0.25 	0.273 	59.326114 	-11.415099 	-1.5898882
-0.62462462 	0.25 	0.273 	59.381286 	-11.514468 	-1.5890438
-0.62582583 	0.25 	0.273 	59.436457 	-11.613837 	-1.5881994
-0.62702703 	0.25 	0.273 	59.491629 	-11.713206 	-1.5873549
-0.62822823 	0.25 	0.273 	59.538364 	-11.774368 	-1.5865359
-0.62942943 	0.25 	0.273 	59.58453 	-11.83295 	-1.5857185
-0.63063063 	0.25 	0.273 	59.630696 	-11.891533 	-1.5849011
-0.63183183 	0.25 	0.273 	59.676862 	-11.950115 	-1.5840837
-0.63303303 	0.25 	0.273 	59.723028 	-12.008698 	-1.5832663
-0.63423423 	0.25 	0.273 	59.734603 	-11.970052 	-1.582502
-0.63543544 	0.25 	0.273 	59.730094 	-11.886193 	-1.5817624
-0.63663664 	0.25 	0.273 	59.725585 	-11.802334 	-1.5810228
-0.63783784 	0.25 	0.273 	59.721075 	-11.718475 	-1.5802832
-0.63903904 	0.25 	0.273 	59.716566 	-11.634616 	-1.5795436
-0.64024024 	0.25 	0.273 	59.709451 	-11.542473 	-1.5784772
-0.64144144 	0.25 	0.273 	59.701912 	-11.448981 	-1.5773575
-0.64264264 	0.25 	0.273 	59.694372 	-11.355488 	-1.5762377
-0.64384384 	0.25 	0.273 	59.686833 	-11.261995 	-1.575118
-0.64504505 	0.25 	0.273 	59.679973 	-11.171445 	-1.5740008
-0.64624625 	0.25 	0.273 	59.690845 	-11.15765 	-1.5729488
-0.64744745 	0.25 	0.273 	59.701716 	-11.143854 	-1.5718968
-0.64864865 	0.25 	0.273 	59.712588 	-11.130058 	-1.5708448
-0.64984985 	0.25 	0.273 	59.723459 	-11.116263 	-1.5697928
-0.65105105 	0.25 	0.273 	59.73433 	-11.102467 	-1.5687408
-0.65225225 	0.25 	0.273 	59.747894 	-11.078402 	-1.5676903
-0.65345345 	0.25 	0.273 	59.762822 	-11.049136 	-1.5666406
-0.65465465 	0.25 	0.273 	59.777749 	-11.019869 	-1.5655908
-0.65585586 	0.25 	0.273 	59.792677 	-10.990602 	-1.564541
-0.65705706 	0.25 	0.273 	59.807604 	-10.961336 	-1.5634913
-0.65825826 	0.25 	0.273 	59.822532 	-10.932069 	-1.5624415
-0.65945946 	0.25 	0.273 	59.837459 	-10.902802 	-1.5613917
-0.66066066 	0.25 	0.273 	59.852387 	-10.873536 	-1.5603419
-0.66186186 	0.25 	0.273 	59.867314 	-10.844269 	-1.5592922
-0.66306306 	0.25 	0.273 	59.882242 	-10.815002 	-1.5582424
-0.66426426 	0.25 	0.273 	59.902602 	-10.809613 	-1.5571758
-0.66546547 	0.25 	0.273 	59.935673 	-10.860097 	-1.5560696
-0.66666667 	0.25 	0.273 	59.968745 	-10.910581 	-1.5549635
-0.66786787 	0.25 	0.273 	60.001817 	-10.961066 	-1.5538573
-0.66906907 	0.25 	0.273 	60.034889 	-11.01155 	-1.5527512
-0.67027027 	0.25 	0.273 	60.088716 	-11.068109 	-1.5514348
-0.67147147 	0.25 	0.273 	60.165319 	-11.131335 	-1.5498877
-0.67267267 	0.25 	0.273 	60.241922 	-11.19456 	-1.5483406
-0.67387387 	0.25 	0.273 	60.318525 	-11.257786 	-1.5467935
-0.67507508 	0.25 	0.273 	60.395128 	-11.321012 	-1.5452464
-0.67627628 	0.25 	0.273 	60.454028 	-11.327439 	-1.5438378
-0.67747748 	0.25 	0.273 	60.503592 	-11.303909 	-1.5425023
-0.67867868 	0.25 	0.273 	60.553155 	-11.28038 	-1.5411668
-0.67987988 	0.25 	0.273 	60.602719 	-11.256851 	-1.5398313
-0.68108108 	0.25 	0.273 	60.652282 	-11.233321 	-1.5384957
-0.68228228 	0.25 	0.273 	60.701845 	-11.209792 	-1.5371602
-0.68348348 	0.25 	0.273 	60.751409 	-11.186262 	-1.5358247
-0.68468468 	0.25 	0.273 	60.800972 	-11.162733 	-1.5344892
-0.68588589 	0.25 	0.273 	60.850536 	-11.139204 	-1.5331537
-0.68708709 	0.25 	0.273 	60.900099 	-11.115674 	-1.5318182
-0.68828829 	0.25 	0.273 	60.911596 	-11.133657 	-1.5305165
-0.68948949 	0.25 	0.273 	60.874879 	-11.20422 	-1.5292577
-0.69069069 	0.25 	0.273 	60.838161 	-11.274782 	-1.5279989
-0.69189189 	0.25 	0.273 	60.801443 	-11.345345 	-1.5267402
-0.69309309 	0.25 	0.273 	60.764726 	-11.415908 	-1.5254814
-0.69429429 	0.25 	0.273 	60.728008 	-11.486471 	-1.5242226
-0.6954955 	0.25 	0.273 	60.666283 	-11.47752 	-1.5229485
-0.6966967 	0.25 	0.273 	60.602265 	-11.461278 	-1.521673
-0.6978979 	0.25 	0.273 	60.538247 	-11.445036 	-1.5203975
-0.6990991 	0.25 	0.273 	60.474229 	-11.428795 	-1.519122
-0.7003003 	0.25 	0.273 	60.429324 	-11.395771 	-1.5177977
-0.7015015 	0.25 	0.273 	60.573071 	-11.197098 	-1.515991
-0.7027027 	0.25 	0.273 	60.716818 	-10.998426 	-1.5141843
-0.7039039 	0.25 	0.273 	60.860566 	-10.799753 	-1.5123775
-0.70510511 	0.25 	0.273 	61.004313 	-10.601081 	-1.5105708
-0.70630631 	0.25 	0.273 	61.142369 	-10.430301 	-1.5088187
-0.70750751 	0.25 	0.273 	61.264733 	-10.336428 	-1.5072174
-0.70870871 	0.25 	0.273 	61.387097 	-10.242555 	-1.505616
-0.70990991 	0.25 	0.273 	61.509461 	-10.148681 	-1.5040146
-0.71111111 	0.25 	0.273 	61.631824 	-10.054808 	-1.5024132
-0.71231231 	0.25 	0.273 	61.754188 	-9.960935 	-1.5008118
-0.71351351 	0.25 	0.273 	61.824442 	-9.9190718 	-1.4992069
-0.71471471 	0.25 	0.273 	61.864975 	-9.9068735 	-1.4976001
-0.71591592 	0.25 	0.273 	61.905507 	-9.8946751 	-1.4959932
-0.71711712 	0.25 	0.273 	61.94604 	-9.8824768 	-1.4943864
-0.71831832 	0.25 	0.273 	61.986572 	-9.8702784 	-1.4927795
-0.71951952 	0.25 	0.273 	62.027104 	-9.8580801 	-1.4911726
-0.72072072 	0.25 	0.273 	62.067637 	-9.8458817 	-1.4895658
-0.72192192 	0.25 	0.273 	62.108169 	-9.8336834 	-1.4879589
-0.72312312 	0.25 	0.273 	62.148702 	-9.8214851 	-1.4863521
-0.72432432 	0.25 	0.273 	62.189234 	-9.8092867 	-1.4847452
-0.72552553 	0.25 	0.273 	62.218513 	-9.8514856 	-1.4831208
-0.72672673 	0.25 	0.273 	62.237366 	-9.9440788 	-1.48148
-0.72792793 	0.25 	0.273 	62.256219 	-10.036672 	-1.4798392
-0.72912913 	0.25 	0.273 	62.275072 	-10.129265 	-1.4781984
-0.73033033 	0.25 	0.273 	62.293925 	-10.221859 	-1.4765577
-0.73153153 	0.25 	0.273 	62.279938 	-10.298846 	-1.4745512
-0.73273273 	0.25 	0.273 	62.251443 	-10.368939 	-1.4723831
-0.73393393 	0.25 	0.273 	62.222949 	-10.439032 	-1.470215
-0.73513514 	0.25 	0.273 	62.194454 	-10.509125 	-1.468047
-0.73633634 	0.25 	0.273 	62.16596 	-10.579218 	-1.4658789
-0.73753754 	0.25 	0.273 	62.123673 	-10.691404 	-1.4640269
-0.73873874 	0.25 	0.273 	62.079326 	-10.809878 	-1.4622221
-0.73993994 	0.25 	0.273 	62.034979 	-10.928352 	-1.4604173
-0.74114114 	0.25 	0.273 	61.990632 	-11.046826 	-1.4586125
-0.74234234 	0.25 	0.273 	61.946286 	-11.1653 	-1.4568077
-0.74354354 	0.25 	0.273 	61.901939 	-11.283773 	-1.4550029
-0.74474474 	0.25 	0.273 	61.857592 	-11.402247 	-1.4531981
-0.74594595 	0.25 	0.273 	61.813245 	-11.520721 	-1.4513933
-0.74714715 	0.25 	0.273 	61.768898 	-11.639195 	-1.4495885
-0.74834835 	0.25 	0.273 	61.724551 	-11.757668 	-1.4477838
-0.74954955 	0.25 	0.273 	61.588522 	-12.054013 	-1.4457267
-0.75075075 	0.25 	0.273 	61.443009 	-12.368756 	-1.4436435
-0.75195195 	0.25 	0.273 	61.297496 	-12.683499 	-1.4415603
-0.75315315 	0.25 	0.273 	61.151983 	-12.998243 	-1.4394772
-0.75435435 	0.25 	0.273 	61.00647 	-13.312986 	-1.437394
-0.75555556 	0.25 	0.273 	60.858902 	-13.633905 	-1.4353225
-0.75675676 	0.25 	0.273 	60.697355 	-13.996853 	-1.4333306
-0.75795796 	0.25 	0.273 	60.535807 	-14.359801 	-1.4313386
-0.75915916 	0.25 	0.273 	60.37426 	-14.722749 	-1.4293466
-0.76036036 	0.25 	0.273 	60.212713 	-15.085696 	-1.4273546
-0.76156156 	0.25 	0.273 	59.94606 	-15.519537 	-1.4252189
-0.76276276 	0.25 	0.273 	59.437747 	-16.116552 	-1.4227509
-0.76396396 	0.25 	0.273 	59.088707 	-16.471264 	-1.420463
-0.76516517 	0.25 	0.273 	59.211424 	-16.10829 	-1.4187085
-0.76636637 	0.25 	0.273 	59.334141 	-15.745316 	-1.4169541
-0.76756757 	0.25 	0.273 	59.456859 	-15.382342 	-1.4151997
-0.76876877 	0.25 	0.273 	59.579576 	-15.019367 	-1.4134452
-0.76996997 	0.25 	0.273 	59.702294 	-14.656393 	-1.4116908
-0.77117117 	0.25 	0.273 	59.825011 	-14.293419 	-1.4099364
-0.77237237 	0.25 	0.273 	59.947729 	-13.930445 	-1.408182
-0.77357357 	0.25 	0.273 	60.070439 	-13.567478 	-1.406423
-0.77477477 	0.25 	0.273 	60.507922 	-12.696366 	-1.4046379
-0.77597598 	0.25 	0.273 	61.136377 	-11.517072 	-1.4029908
-0.77717718 	0.25 	0.273 	61.584487 	-10.288973 	-1.4010453
-0.77837838 	0.25 	0.273 	61.914247 	-9.0288472 	-1.3989038
-0.77957958 	0.25 	0.273 	62.244261 	-8.4440264 	-1.3966162
-0.78078078 	0.25 	0.273 	62.574897 	-8.3172637 	-1.3944515
-0.78198198 	0.25 	0.273 	62.905533 	-8.1905011 	-1.3922868
-0.78318318 	0.25 	0.273 	63.236169 	-8.0637384 	-1.390122
-0.78438438 	0.25 	0.273 	63.566805 	-7.9369758 	-1.3879573
-0.78558559 	0.25 	0.273 	63.897442 	-7.8102131 	-1.3857926
-0.78678679 	0.25 	0.273 	64.228078 	-7.6834505 	-1.3836279
-0.78798799 	0.25 	0.273 	64.558714 	-7.5566878 	-1.3814632
-0.78918919 	0.25 	0.273 	64.88935 	-7.4299252 	-1.3792984
-0.79039039 	0.25 	0.273 	65.126974 	-8.497764 	-1.3769589
-0.79159159 	0.25 	0.273 	65.35319 	-9.7121107 	-1.3745978
-0.79279279 	0.25 	0.273 	65.776916 	-10.524158 	-1.3715732
-0.79399399 	0.25 	0.273 	66.222406 	-11.291873 	-1.3684755
-0.7951952 	0.25 	0.273 	66.347237 	-11.509522 	-1.3658421
-0.7963964 	0.25 	0.273 	66.442115 	-11.675601 	-1.3634247
-0.7975976 	0.25 	0.273 	66.536994 	-11.84168 	-1.3610073
-0.7987988 	0.25 	0.273 	66.631872 	-12.007758 	-1.3585899
-0.8 	0.25 	0.273 	66.726751 	-12.173837 	-1.3561725
-0.8012012 	0.25 	0.273 	66.821629 	-12.339916 	-1.3537551
-0.8024024 	0.25 	0.273 	66.916508 	-12.505994 	-1.3513377
-0.8036036 	0.25 	0.273 	67.011386 	-12.672073 	-1.3489203
-0.8048048 	0.25 	0.273 	67.037039 	-12.699161 	-1.3465511
-0.80600601 	0.25 	0.273 	66.771567 	-12.141725 	-1.3443844
-0.80720721 	0.25 	0.273 	66.55502 	-11.593611 	-1.3420911
-0.80840841 	0.25 	0.273 	66.539621 	-11.083826 	-1.3392769
-0.80960961 	0.25 	0.273 	66.524771 	-10.652675 	-1.3364567
-0.81081081 	0.25 	0.273 	66.51237 	-10.545565 	-1.3339039
-0.81201201 	0.25 	0.273 	66.50002 	-10.438429 	-1.3314332
-0.81321321 	0.25 	0.273 	66.48767 	-10.331293 	-1.3289624
-0.81441441 	0.25 	0.273 	66.47532 	-10.224157 	-1.3264917
-0.81561562 	0.25 	0.273 	66.46297 	-10.117021 	-1.3240209
-0.81681682 	0.25 	0.273 	66.45062 	-10.009884 	-1.3215502
-0.81801802 	0.25 	0.273 	66.43827 	-9.9027484 	-1.3190795
-0.81921922 	0.25 	0.273 	66.42592 	-9.7956123 	-1.3166087
-0.82042042 	0.25 	0.273 	66.459287 	-9.8718349 	-1.314136
-0.82162162 	0.25 	0.273 	66.537962 	-10.12978 	-1.3116613
-0.82282282 	0.25 	0.273 	66.622977 	-10.393168 	-1.3088722
-0.82402402 	0.25 	0.273 	66.714632 	-10.662258 	-1.3057536
-0.82522523 	0.25 	0.273 	66.8005 	-10.789727 	-1.3028712
-0.82642643 	0.25 	0.273 	66.879881 	-10.758499 	-1.3002533
-0.82762763 	0.25 	0.273 	66.959263 	-10.727272 	-1.2976355
-0.82882883 	0.25 	0.273 	67.038644 	-10.696045 	-1.2950176
-0.83003003 	0.25 	0.273 	67.118026 	-10.664817 	-1.2923998
-0.83123123 	0.25 	0.273 	67.197407 	-10.63359 	-1.2897819
-0.83243243 	0.25 	0.273 	67.276789 	-10.602363 	-1.2871641
-0.83363363 	0.25 	0.273 	67.35617 	-10.571135 	-1.2845462
-0.83483483 	0.25 	0.273 	67.435483 	-10.539913 	-1.2818514
-0.83603604 	0.25 	0.273 	67.519551 	-10.26975 	-1.2792404
-0.83723724 	0.25 	0.273 	67.604882 	-9.9397003 	-1.2767309
-0.83843844 	0.25 	0.273 	67.688907 	-9.6108418 	-1.2737377
-0.83963964 	0.25 	0.273 	67.772561 	-9.2823212 	-1.2706072
-0.84084084 	0.25 	0.273 	67.839679 	-9.1811699 	-1.2675832
-0.84204204 	0.25 	0.273 	67.901711 	-9.1522763 	-1.2648122
-0.84324324 	0.25 	0.273 	67.963742 	-9.1233828 	-1.2620411
-0.84444444 	0.25 	0.273 	68.025774 	-9.0944892 	-1.2592701
-0.84564565 	0.25 	0.273 	68.087806 	-9.0655957 	-1.2564991
-0.84684685 	0.25 	0.273 	68.149838 	-9.0367021 	-1.2537281
-0.84804805 	0.25 	0.273 	68.21187 	-9.0078086 	-1.2509571
-0.84924925 	0.25 	0.273 	68.273902 	-8.978915 	-1.2481861
-0.85045045 	0.25 	0.273 	68.334545 	-8.97915 	-1.2454115
-0.85165165 	0.25 	0.273 	68.381639 	-9.2637506 	-1.242601
-0.85285285 	0.25 	0.273 	68.428775 	-9.5486098 	-1.2397452
-0.85405405 	0.25 	0.273 	68.476449 	-9.8368307 	-1.2362985
-0.85525526 	0.25 	0.273 	68.523676 	-10.110021 	-1.232858
-0.85645646 	0.25 	0.273 	68.56326 	-10.120364 	-1.2298128
-0.85765766 	0.25 	0.273 	68.602942 	-10.130719 	-1.226919
-0.85885886 	0.25 	0.273 	68.642625 	-10.141074 	-1.2240253
-0.86006006 	0.25 	0.273 	68.682307 	-10.15143 	-1.2211315
-0.86126126 	0.25 	0.273 	68.721989 	-10.161785 	-1.2182377
-0.86246246 	0.25 	0.273 	68.761672 	-10.17214 	-1.2153439
-0.86366366 	0.25 	0.273 	68.801354 	-10.182495 	-1.2124502
-0.86486486 	0.25 	0.273 	68.841037 	-10.192851 	-1.2095564
-0.86606607 	0.25 	0.273 	68.888141 	-10.09917 	-1.2067018
-0.86726727 	0.25 	0.273 	68.948 	-9.826688 	-1.2039147
-0.86846847 	0.25 	0.273 	69.035264 	-9.5600429 	-1.2009044
-0.86966967 	0.25 	0.273 	69.170479 	-9.3036108 	-1.1975035
-0.87087087 	0.25 	0.273 	69.241659 	-9.1833476 	-1.194139
-0.87207207 	0.25 	0.273 	69.206464 	-9.2897951 	-1.1912477
-0.87327327 	0.25 	0.273 	69.171277 	-9.3962512 	-1.1883787
-0.87447447 	0.25 	0.273 	69.13609 	-9.5027073 	-1.1855097
-0.87567568 	0.25 	0.273 	69.100904 	-9.6091635 	-1.1826406
-0.87687688 	0.25 	0.273 	69.065717 	-9.7156196 	-1.1797716
-0.87807808 	0.25 	0.273 	69.030531 	-9.8220757 	-1.1769026
-0.87927928 	0.25 	0.273 	68.995344 	-9.9285318 	-1.1740335
-0.88048048 	0.25 	0.273 	68.960158 	-10.034988 	-1.1711645
-0.88168168 	0.25 	0.273 	68.9131 	-10.245688 	-1.168218
-0.88288288 	0.25 	0.273 	68.857542 	-10.531024 	-1.1652159
-0.88408408 	0.25 	0.273 	69.032823 	-10.616523 	-1.1616061
-0.88528529 	0.25 	0.273 	69.330853 	-10.595757 	-1.1576732
-0.88648649 	0.25 	0.273 	69.399915 	-10.457636 	-1.1541743
-0.88768769 	0.25 	0.273 	69.394593 	-10.281391 	-1.1508165
-0.88888889 	0.25 	0.273 	69.389271 	-10.105146 	-1.1474587
-0.89009009 	0.25 	0.273 	69.38395 	-9.9289006 	-1.1441009
-0.89129129 	0.25 	0.273 	69.50003 	-9.785785 	-1.1406303
-0.89249249 	0.25 	0.273 	69.897692 	-9.7192465 	-1.1373705
-0.89369369 	0.25 	0.273 	70.295354 	-9.6527079 	-1.1341108
-0.89489489 	0.25 	0.273 	70.693015 	-9.5861694 	-1.130851
-0.8960961 	0.25 	0.273 	71.090635 	-9.5196345 	-1.1275651
-0.8972973 	0.25 	0.273 	71.159792 	-9.4802825 	-1.1242908
-0.8984985 	0.25 	0.273 	71.112151 	-9.4505949 	-1.1211867
-0.8996997 	0.25 	0.273 	71.093979 	-9.3758467 	-1.1174096
-0.9009009 	0.25 	0.273 	71.101667 	-9.3007308 	-1.1137208
-0.9021021 	0.25 	0.273 	71.207485 	-9.2339623 	-1.1105358
-0.9033033 	0.25 	0.273 	71.313304 	-9.1671938 	-1.1073508
-0.9045045 	0.25 	0.273 	71.419122 	-9.1004252 	-1.1041658
-0.90570571 	0.25 	0.273 	71.524941 	-9.0336567 	-1.1009809
-0.90690691 	0.25 	0.273 	71.557316 	-9.0016533 	-1.0974617
-0.90810811 	0.25 	0.273 	71.539843 	-8.9932926 	-1.0940086
-0.90930931 	0.25 	0.273 	71.522371 	-8.9849319 	-1.0905554
-0.91051051 	0.25 	0.273 	71.504898 	-8.9765712 	-1.0871023
-0.91171171 	0.25 	0.273 	71.487372 	-8.9682033 	-1.0835066
-0.91291291 	0.25 	0.273 	71.527759 	-8.9762427 	-1.0801232
-0.91411411 	0.25 	0.273 	71.530008 	-8.9884694 	-1.0766544
-0.91531532 	0.25 	0.273 	71.389907 	-9.0079255 	-1.0726997
-0.91651652 	0.25 	0.273 	71.344682 	-8.9897829 	-1.069105
-0.91771772 	0.25 	0.273 	71.363151 	-8.9463993 	-1.0657519
-0.91891892 	0.25 	0.273 	71.38162 	-8.9030157 	-1.0623988
-0.92012012 	0.25 	0.273 	71.400089 	-8.8596322 	-1.0590458
-0.92132132 	0.25 	0.273 	71.418495 	-8.8162624 	-1.0555608
-0.92252252 	0.25 	0.273 	71.388369 	-8.8961984 	-1.0523608
-0.92372372 	0.25 	0.273 	71.351602 	-8.9930681 	-1.0492512
-0.92492492 	0.25 	0.273 	71.314834 	-9.0899379 	-1.0461416
-0.92612613 	0.25 	0.273 	71.278066 	-9.1868077 	-1.0430321
-0.92732733 	0.25 	0.273 	71.214682 	-9.3571776 	-1.0396878
-0.92852853 	0.25 	0.273 	71.018796 	-9.8947356 	-1.0362341
-0.92972973 	0.25 	0.273 	70.888868 	-10.646484 	-1.0322305
-0.93093093 	0.25 	0.273 	70.939399 	-11.135494 	-1.0281005
-0.93213213 	0.25 	0.273 	71.218466 	-11.252327 	-1.0243224
-0.93333333 	0.25 	0.273 	71.493411 	-11.44712 	-1.0204847
-0.93453453 	0.25 	0.273 	71.768356 	-11.641912 	-1.016647
-0.93573574 	0.25 	0.273 	72.185017 	-11.287573 	-1.0130519
-0.93693694 	0.25 	0.273 	72.831765 	-10.025557 	-1.0097133
-0.93813814 	0.25 	0.273 	73.433104 	-8.8572279 	-1.0055943
-0.93933934 	0.25 	0.273 	73.613609 	-8.3061717 	-1.0018694
-0.94054054 	0.25 	0.273 	73.775522 	-7.7823848 	-0.9981619
-0.94174174 	0.25 	0.273 	73.937436 	-7.2585978 	-0.99445441
-0.94294294 	0.25 	0.273 	74.163651 	-6.8165022 	-0.9907591
-0.94414414 	0.25 	0.273 	74.123199 	-7.1656593 	-0.98695033
-0.94534535 	0.25 	0.273 	74.061043 	-7.5503704 	-0.98247677
-0.94654655 	0.25 	0.273 	73.990927 	-7.6979032 	-0.97840816
-0.94774775 	0.25 	0.273 	73.873803 	-7.6842785 	-0.97471233
-0.94894895 	0.25 	0.273 	73.756679 	-7.6706539 	-0.97101649
-0.95015015 	0.25 	0.273 	73.639554 	-7.6570293 	-0.96732066
-0.95135135 	0.25 	0.273 	73.55802 	-7.3723388 	-0.9638943
-0.95255255 	0.25 	0.273 	73.517312 	-6.9567271 	-0.96024002
-0.95375375 	0.25 	0.273 	73.579055 	-6.731458 	-0.95623305
-0.95495495 	0.25 	0.273 	73.874894 	-7.05795 	-0.95253485
-0.95615616 	0.25 	0.273 	74.170733 	-7.384442 	-0.94883664
-0.95735736 	0.25 	0.273 	74.466573 	-7.710934 	-0.94513844
-0.95855856 	0.25 	0.273 	74.883835 	-8.143684 	-0.94137351
-0.95975976 	0.25 	0.273 	75.566667 	-8.9535189 	-0.93740014
-0.96096096 	0.25 	0.273 	76.427892 	-9.7823156 	-0.93273056
-0.96216216 	0.25 	0.273 	76.938423 	-9.6111115 	-0.92859843
-0.96336336 	0.25 	0.273 	77.462762 	-9.2807874 	-0.92453057
-0.96456456 	0.25 	0.273 	77.987101 	-8.9504632 	-0.9204627
-0.96576577 	0.25 	0.273 	78.511441 	-8.6201391 	-0.91639484
-0.96696697 	0.25 	0.273 	78.334989 	-7.4154579 	-0.91236401
-0.96816817 	0.25 	0.273 	77.709029 	-5.9316191 	-0.90782122
-0.96936937 	0.25 	0.273 	77.384253 	-5.1112997 	-0.90349344
-0.97057057 	0.25 	0.273 	77.480498 	-4.9912108 	-0.89954112
-0.97177177 	0.25 	0.273 	77.576743 	-4.8711218 	-0.8955888
-0.97297297 	0.25 	0.273 	77.672988 	-4.7510329 	-0.89163648
-0.97417417 	0.25 	0.273 	77.867009 	-5.4427289 	-0.88783948
-0.97537538 	0.25 	0.273 	77.811155 	-6.7094869 	-0.88390665
-0.97657658 	0.25 	0.273 	76.926942 	-7.7337415 	-0.87962321
-0.97777778 	0.25 	0.273 	76.829808 	-8.0874578 	-0.87578836
-0.97897898 	0.25 	0.273 	76.694854 	-8.4472981 	-0.87195918
-0.98018018 	0.25 	0.273 	76.559901 	-8.8071383 	-0.86812999
-0.98138138 	0.25 	0.273 	76.668904 	-8.994189 	-0.86428451
-0.98258258 	0.25 	0.273 	77.706054 	-8.5238484 	-0.86037703
-0.98378378 	0.25 	0.273 	77.659164 	-8.2135233 	-0.85582014
-0.98498498 	0.25 	0.273 	77.757034 	-8.0864678 	-0.85169027
-0.98618619 	0.25 	0.273 	77.908054 	-8.0266651 	-0.84765637
-0.98738739 	0.25 	0.273 	78.061933 	-7.9704861 	-0.84362142
-0.98858859 	0.25 	0.273 	78.215812 	-7.9143071 	-0.83958647
-0.98978979 	0.25 	0.273 	78.554998 	-7.9286397 	-0.83549833
-0.99099099 	0.25 	0.273 	78.674123 	-8.0274024 	-0.83089202
-0.99219219 	0.25 	0.273 	79.352191 	-7.6372788 	-0.82636537
-0.99339339 	0.25 	0.273 	80.052037 	-7.2336193 	-0.82216435
-0.99459459 	0.25 	0.273 	80.751882 	-6.8299599 	-0.81796333
-0.9957958 	0.25 	0.273 	81.451727 	-6.4263004 	-0.8137623
-0.996997 	0.25 	0.273 	82.151573 	-6.022641 	-0.80956128
-0.9981982 	0.25 	0.273 	83.145416 	-5.3566912 	-0.80518774
-0.9993994 	0.25 	0.273 	83.632624 	-4.8552593 	-0.80103684
-1.0006006 	0.25 	0.273 	84.077317 	-4.3730864 	-0.79731318
-1.0018018 	0.25 	0.273 	84.442681 	-3.9270971 	-0.79371474
-1.003003 	0.25 	0.273 	84.35444 	-3.6881625 	-0.79041601
-1.0042042 	0.25 	0.273 	84.266198 	-3.4492279 	-0.78711729
-1.0054054 	0.25 	0.273 	84.230957 	-3.534935 	-0.78300857
-1.0066066 	0.25 	0.273 	82.897151 	-4.2462812 	-0.77968481
-1.0078078 	0.25 	0.273 	84.445726 	-5.2941207 	-0.77425323
-1.009009 	0.25 	0.273 	84.655188 	-5.8274545 	-0.76982669
-1.0102102 	0.25 	0.273 	84.614104 	-6.0860331 	-0.76430379
-1.0114114 	0.25 	0.273 	84.584712 	-6.3229607 	-0.75859857
-1.0126126 	0.25 	0.273 	83.859525 	-6.340042 	-0.7532559
-1.0138138 	0.25 	0.273 	82.408572 	-6.0292788 	-0.74847761
-1.015015 	0.25 	0.273 	82.451874 	-5.8629193 	-0.74357588
-1.0162162 	0.25 	0.273 	82.208144 	-5.7511837 	-0.73906797
-1.0174174 	0.25 	0.273 	81.908556 	-5.6500782 	-0.7346367
-1.0186186 	0.25 	0.273 	81.608967 	-5.5489726 	-0.73020543
-1.0198198 	0.25 	0.273 	81.309461 	-5.447895 	-0.72557141
-1.021021 	0.25 	0.273 	80.965286 	-5.3233198 	-0.72074173
-1.0222222 	0.25 	0.273 	80.91622 	-5.2196418 	-0.71618346
-1.0234234 	0.25 	0.273 	80.888122 	-5.1123928 	-0.71177623
-1.0246246 	0.25 	0.273 	80.829917 	-5.0219019 	-0.70717935
-1.0258258 	0.25 	0.273 	80.76394 	-4.935737 	-0.70253351
-1.027027 	0.25 	0.273 	80.697961 	-4.8495763 	-0.69787412
-1.0282282 	0.25 	0.273 	80.634767 	-4.7231123 	-0.69302139
-1.0294294 	0.25 	0.273 	80.592214 	-4.6001807 	-0.68799792
-1.0306306 	0.25 	0.273 	80.629931 	-4.5695509 	-0.68325183
-1.0318318 	0.25 	0.273 	80.713943 	-4.5923338 	-0.6787233
-1.033033 	0.25 	0.273 	80.797956 	-4.6151167 	-0.67419477
-1.0342342 	0.25 	0.273 	80.640759 	-4.6283077 	-0.66968456
-1.0354354 	0.25 	0.273 	80.450768 	-4.7369396 	-0.66512364
-1.0366366 	0.25 	0.273 	79.97394 	-4.9584136 	-0.66016764
-1.0378378 	0.25 	0.273 	79.575165 	-4.9953411 	-0.65499633
-1.039039 	0.25 	0.273 	79.752224 	-4.6538684 	-0.65003106
-1.0402402 	0.25 	0.273 	79.659865 	-4.3510982 	-0.64497552
-1.0414414 	0.25 	0.273 	79.4577 	-4.064102 	-0.6398832
-1.0426426 	0.25 	0.273 	80.000275 	-3.2879746 	-0.63449479
-1.0438438 	0.25 	0.273 	79.990619 	-2.5815408 	-0.62986458
-1.045045 	0.25 	0.273 	79.624343 	-1.9943288 	-0.6256901
-1.0462462 	0.25 	0.273 	80.050248 	-1.7097548 	-0.62219989
-1.0474474 	0.25 	0.273 	80.240813 	-1.4693283 	-0.61823131
-1.0486486 	0.25 	0.273 	80.431378 	-1.2289018 	-0.61426272
-1.0498498 	0.25 	0.273 	80.621943 	-0.98847534 	-0.61029414
-1.0510511 	0.25 	0.273 	80.812508 	-0.74804885 	-0.60632555
-1.0522523 	0.25 	0.273 	81.621835 	-0.73882904 	-0.60248516
-1.0534535 	0.25 	0.273 	82.499475 	-0.80642757 	-0.59824341
-1.0546547 	0.25 	0.273 	82.548163 	-0.84279601 	-0.5913737
-1.0558559 	0.25 	0.273 	83.056526 	-0.88770258 	-0.58564721
-1.0570571 	0.25 	0.273 	83.564889 	-0.93260916 	-0.57992071
-1.0582583 	0.25 	0.273 	84.073253 	-0.97751573 	-0.57419422
-1.0594595 	0.25 	0.273 	84.603453 	-1.0462156 	-0.56788275
-1.0606607 	0.25 	0.273 	84.721201 	-1.0433566 	-0.56273398
-1.0618619 	0.25 	0.273 	84.856266 	-1.0127154 	-0.55775601
-1.0630631 	0.25 	0.273 	84.991332 	-0.98207415 	-0.55277805
-1.0642643 	0.25 	0.273 	85.134298 	-0.95797707 	-0.54777717
-1.0654655 	0.25 	0.273 	85.284869 	-0.9401804 	-0.54275325
-1.0666667 	0.25 	0.273 	85.427157 	-0.91440899 	-0.53703076
-1.0678679 	0.25 	0.273 	85.512813 	-0.78159037 	-0.53175499
-1.0690691 	0.25 	0.273 	85.61111 	-0.62509758 	-0.52664445
-1.0702703 	0.25 	0.273 	85.709408 	-0.46860478 	-0.52153392
-1.0714715 	0.25 	0.273 	85.807706 	-0.31211198 	-0.51642338
-1.0726727 	0.25 	0.273 	85.906003 	-0.15561919 	-0.51131285
-1.0738739 	0.25 	0.273 	86.008048 	0.0052300669 	-0.50568637
-1.0750751 	0.25 	0.273 	86.152604 	0.20787534 	-0.50011848
-1.0762763 	0.25 	0.273 	86.283422 	0.3682575 	-0.4949127
-1.0774775 	0.25 	0.273 	86.41388 	0.5277785 	-0.48971718
-1.0786787 	0.25 	0.273 	86.544339 	0.68729951 	-0.48452167
-1.0798799 	0.25 	0.273 	86.674797 	0.84682051 	-0.47932615
-1.0810811 	0.25 	0.273 	86.805021 	1.0062056 	-0.47380575
-1.0822823 	0.25 	0.273 	86.918489 	1.1394469 	-0.46809149
-1.0834835 	0.25 	0.273 	86.932318 	1.2039001 	-0.46268655
-1.0846847 	0.25 	0.273 	86.916937 	1.2500365 	-0.45745779
-1.0858859 	0.25 	0.273 	86.901555 	1.296173 	-0.45222902
-1.0870871 	0.25 	0.273 	86.886173 	1.3423094 	-0.44700026
-1.0882883 	0.25 	0.273 	86.870802 	1.388465 	-0.44148821
-1.0894895 	0.25 	0.273 	86.794632 	1.4278958 	-0.43535782
-1.0906907 	0.25 	0.273 	86.405967 	1.446476 	-0.42898005
-1.0918919 	0.25 	0.273 	86.017302 	1.4650562 	-0.42260227
-1.0930931 	0.25 	0.273 	85.628637 	1.4836364 	-0.4162245
-1.0942943 	0.25 	0.273 	85.239972 	1.5022165 	-0.40984673
-1.0954955 	0.25 	0.273 	85.311245 	1.5367644 	-0.40217955
-1.0966967 	0.25 	0.273 	84.377515 	1.4894513 	-0.39758161
-1.0978979 	0.25 	0.273 	83.868511 	1.6377729 	-0.3931013
-1.0990991 	0.25 	0.273 	83.655254 	1.9246438 	-0.38866285
-1.1003003 	0.25 	0.273 	83.557978 	2.2824787 	-0.38429135
-1.1015015 	0.25 	0.273 	83.460702 	2.6403137 	-0.37991985
-1.1027027 	0.25 	0.273 	83.363426 	2.9981486 	-0.37554835
-1.1039039 	0.25 	0.273 	83.283045 	3.3663015 	-0.37117166
-1.1051051 	0.25 	0.273 	83.896881 	4.1584323 	-0.36658178
-1.1063063 	0.25 	0.273 	84.037536 	5.1044869 	-0.36119835
-1.1075075 	0.25 	0.273 	83.649561 	6.118093 	-0.35479302
-1.1087087 	0.25 	0.273 	83.787557 	6.6873586 	-0.3489155
-1.1099099 	0.25 	0.273 	84.042959 	7.2378122 	-0.34300259
-1.1111111 	0.25 	0.273 	84.469705 	7.7608112 	-0.33703804
-1.1123123 	0.25 	0.273 	85.35265 	7.8967469 	-0.33099505
-1.1135135 	0.25 	0.273 	86.166775 	7.8785733 	-0.32502673
-1.1147147 	0.25 	0.273 	86.59946 	7.9791432 	-0.31926483
-1.1159159 	0.25 	0.273 	86.901705 	8.185325 	-0.31370018
-1.1171171 	0.25 	0.273 	87.177448 	8.4128791 	-0.30817704
-1.1183183 	0.25 	0.273 	87.410343 	8.6749876 	-0.30272101
-1.1195195 	0.25 	0.273 	87.642885 	8.9368682 	-0.29694147
-1.1207207 	0.25 	0.273 	87.924545 	9.215856 	-0.29077059
-1.1219219 	0.25 	0.273 	88.334772 	9.5542484 	-0.28479726
-1.1231231 	0.25 	0.273 	88.744998 	9.8926409 	-0.27882393
-1.1243243 	0.25 	0.273 	89.155225 	10.231033 	-0.27285059
-1.1255255 	0.25 	0.273 	89.565451 	10.569426 	-0.26687726
-1.1267267 	0.25 	0.273 	89.901752 	10.839399 	-0.26093624
-1.1279279 	0.25 	0.273 	90.248013 	11.011979 	-0.25478077
-1.1291291 	0.25 	0.273 	91.989787 	11.382225 	-0.24846742
-1.1303303 	0.25 	0.273 	92.338235 	11.360887 	-0.24234716
-1.1315315 	0.25 	0.273 	92.486167 	11.399762 	-0.23524881
-1.1327327 	0.25 	0.273 	92.634098 	11.438636 	-0.22815046
-1.1339339 	0.25 	0.273 	92.227711 	11.300135 	-0.22095693
-1.1351351 	0.25 	0.273 	91.479175 	10.876048 	-0.21427474
-1.1363363 	0.25 	0.273 	92.748169 	10.560847 	-0.20967638
-1.1375375 	0.25 	0.273 	92.781994 	11.083481 	-0.20477005
-1.1387387 	0.25 	0.273 	92.763331 	11.641719 	-0.19985063
-1.1399399 	0.25 	0.273 	92.744668 	12.199956 	-0.19493121
-1.1411411 	0.25 	0.273 	92.726005 	12.758193 	-0.19001179
-1.1423423 	0.25 	0.273 	92.136503 	13.440271 	-0.18398667
-1.1435435 	0.25 	0.273 	90.768917 	14.657698 	-0.17734515
-1.1447447 	0.25 	0.273 	89.19067 	16.084734 	-0.17046321
-1.1459459 	0.25 	0.273 	88.395823 	17.043442 	-0.16413981
-1.1471471 	0.25 	0.273 	87.985541 	17.674084 	-0.15814382
-1.1483483 	0.25 	0.273 	87.575258 	18.304727 	-0.15214782
-1.1495495 	0.25 	0.273 	87.164976 	18.935369 	-0.14615183
-1.1507508 	0.25 	0.273 	87.617019 	19.179417 	-0.14015861
-1.151952 	0.25 	0.273 	87.895398 	19.14364 	-0.13414233
-1.1531532 	0.25 	0.273 	87.429184 	18.924439 	-0.12806239
-1.1543544 	0.25 	0.273 	87.01798 	18.42298 	-0.12186109
-1.1555556 	0.25 	0.273 	86.606777 	17.921522 	-0.11565979
-1.1567568 	0.25 	0.273 	86.195573 	17.420063 	-0.10945849
-1.157958 	0.25 	0.273 	85.860655 	16.811236 	-0.10307468
-1.1591592 	0.25 	0.273 	85.775694 	15.76968 	-0.095830884
-1.1603604 	0.25 	0.273 	85.321719 	14.637167 	-0.088630401
-1.1615616 	0.25 	0.273 	84.74079 	14.929503 	-0.08210288
-1.1627628 	0.25 	0.273 	84.105446 	15.874005 	-0.075852267
-1.163964 	0.25 	0.273 	83.470103 	16.818507 	-0.069601654
-1.1651652 	0.25 	0.273 	82.834759 	17.763009 	-0.06335104
-1.1663664 	0.25 	0.273 	82.156712 	20.081247 	-0.05733353
-1.1675676 	0.25 	0.273 	81.52697 	23.151144 	-0.051548326
-1.1687688 	0.25 	0.273 	80.96364 	25.799449 	-0.045870397
-1.16997 	0.25 	0.273 	80.219426 	26.375472 	-0.03997994
-1.1711712 	0.25 	0.273 	79.475212 	26.951496 	-0.034089484
-1.1723724 	0.25 	0.273 	78.730998 	27.527519 	-0.028199028
-1.1735736 	0.25 	0.273 	77.908252 	27.690163 	-0.022346807
-1.1747748 	0.25 	0.273 	76.86649 	25.612399 	-0.01575382
-1.175976 	0.25 	0.273 	75.912975 	23.592008 	-0.009315183
-1.1771772 	0.25 	0.273 	74.882388 	23.178927 	-0.003530183
-1.1783784 	0.25 	0.273 	73.916197 	23.71795 	0.0019978598
-1.1795796 	0.25 	0.273 	72.9608 	24.259614 	0.007536238
-1.1807808 	0.25 	0.273 	72.005403 	24.801278 	0.013074616
-1.181982 	0.25 	0.273 	70.979268 	26.659784 	0.018552426
-1.1831832 	0.25 	0.273 	70.020961 	29.785807 	0.023942022
-1.1843844 	0.25 	0.273 	69.418866 	32.920194 	0.029303928
-1.1855856 	0.25 	0.273 	68.51542 	33.358368 	0.035997069
-1.1867868 	0.25 	0.273 	67.611975 	33.796541 	0.042690211
-1.187988 	0.25 	0.273 	66.767044 	34.423098 	0.049004599
-1.1891892 	0.25 	0.273 	66.105396 	35.52787 	0.054125185
-1.1903904 	0.25 	0.273 	65.150863 	33.987048 	0.06102802
-1.1915916 	0.25 	0.273 	64.816158 	32.330356 	0.066970948
-1.1927928 	0.25 	0.273 	64.600198 	30.651467 	0.07272998
-1.193994 	0.25 	0.273 	64.331289 	29.297079 	0.078168048
-1.1951952 	0.25 	0.273 	63.815357 	29.102863 	0.082322461
-1.1963964 	0.25 	0.273 	63.299425 	28.908646 	0.086476874
-1.1975976 	0.25 	0.273 	62.783494 	28.71443 	0.090631287
-1.1987988 	0.25 	0.273 	62.267562 	28.520214 	0.0947857
-1.2 	0.25 	0.273 	61.75163 	28.325998 	0.098940113
