-1.2 	-0.05 	0.273 	46.444684 	-2.8866881 	1.1225883
-1.1987988 	-0.05 	0.273 	46.452584 	-2.8876027 	1.1249028
-1.1975976 	-0.05 	0.273 	46.460484 	-2.8885173 	1.1272173
-1.1963964 	-0.05 	0.273 	46.468384 	-2.8894319 	1.1295319
-1.1951952 	-0.05 	0.273 	46.476284 	-2.8903465 	1.1318464
-1.193994 	-0.05 	0.273 	46.484185 	-2.8912611 	1.134161
-1.1927928 	-0.05 	0.273 	46.492085 	-2.8921757 	1.1364755
-1.1915916 	-0.05 	0.273 	46.499985 	-2.8930903 	1.13879
-1.1903904 	-0.05 	0.273 	46.507885 	-2.8940049 	1.1411046
-1.1891892 	-0.05 	0.273 	46.515786 	-2.8949195 	1.1434191
-1.187988 	-0.05 	0.273 	46.523686 	-2.8958341 	1.1457336
-1.1867868 	-0.05 	0.273 	46.531586 	-2.8967487 	1.1480482
-1.1855856 	-0.05 	0.273 	46.539486 	-2.8976633 	1.1503627
-1.1843844 	-0.05 	0.273 	46.547387 	-2.8985779 	1.1526772
-1.1831832 	-0.05 	0.273 	46.555287 	-2.8994925 	1.1549918
-1.181982 	-0.05 	0.273 	46.563187 	-2.9004071 	1.1573063
-1.1807808 	-0.05 	0.273 	46.571087 	-2.9013217 	1.1596208
-1.1795796 	-0.05 	0.273 	46.578987 	-2.9022363 	1.1619354
-1.1783784 	-0.05 	0.273 	46.586888 	-2.9031509 	1.1642499
-1.1771772 	-0.05 	0.273 	46.594788 	-2.9040655 	1.1665644
-1.175976 	-0.05 	0.273 	46.602688 	-2.9049801 	1.168879
-1.1747748 	-0.05 	0.273 	46.610588 	-2.9058947 	1.1711935
-1.1735736 	-0.05 	0.273 	46.618489 	-2.9068093 	1.173508
-1.1723724 	-0.05 	0.273 	46.626389 	-2.9077239 	1.1758226
-1.1711712 	-0.05 	0.273 	46.634289 	-2.9086385 	1.1781371
-1.16997 	-0.05 	0.273 	46.642189 	-2.9095531 	1.1804516
-1.1687688 	-0.05 	0.273 	46.65009 	-2.9104677 	1.1827662
-1.1675676 	-0.05 	0.273 	46.65799 	-2.9113823 	1.1850807
-1.1663664 	-0.05 	0.273 	46.66589 	-2.9122969 	1.1873952
-1.1651652 	-0.05 	0.273 	46.673814 	-2.9131453 	1.1898922
-1.163964 	-0.05 	0.273 	46.68176 	-2.9139361 	1.1925481
-1.1627628 	-0.05 	0.273 	46.689705 	-2.9147268 	1.1952039
-1.1615616 	-0.05 	0.273 	46.69765 	-2.9155175 	1.1978598
-1.1603604 	-0.05 	0.273 	46.705595 	-2.9163083 	1.2005156
-1.1591592 	-0.05 	0.273 	46.713541 	-2.917099 	1.2031715
-1.157958 	-0.05 	0.273 	46.748638 	-2.9497715 	1.2055438
-1.1567568 	-0.05 	0.273 	46.785189 	-2.9841496 	1.2079008
-1.1555556 	-0.05 	0.273 	46.821739 	-3.0185277 	1.2102579
-1.1543544 	-0.05 	0.273 	46.858289 	-3.0529058 	1.212615
-1.1531532 	-0.05 	0.273 	46.89484 	-3.0872839 	1.214972
-1.151952 	-0.05 	0.273 	46.93139 	-3.121662 	1.2173291
-1.1507508 	-0.05 	0.273 	46.96794 	-3.1560401 	1.2196862
-1.1495495 	-0.05 	0.273 	47.004491 	-3.1904182 	1.2220432
-1.1483483 	-0.05 	0.273 	47.041041 	-3.2247963 	1.2244003
-1.1471471 	-0.05 	0.273 	47.077592 	-3.2591744 	1.2267574
-1.1459459 	-0.05 	0.273 	47.114142 	-3.2935525 	1.2291145
-1.1447447 	-0.05 	0.273 	47.150692 	-3.3279306 	1.2314715
-1.1435435 	-0.05 	0.273 	47.187243 	-3.3623087 	1.2338286
-1.1423423 	-0.05 	0.273 	47.223793 	-3.3966868 	1.2361857
-1.1411411 	-0.05 	0.273 	47.260343 	-3.4310649 	1.2385427
-1.1399399 	-0.05 	0.273 	47.296894 	-3.465443 	1.2408998
-1.1387387 	-0.05 	0.273 	47.333444 	-3.4998211 	1.2432569
-1.1375375 	-0.05 	0.273 	47.369994 	-3.5341992 	1.2456139
-1.1363363 	-0.05 	0.273 	47.406545 	-3.5685773 	1.247971
-1.1351351 	-0.05 	0.273 	47.443095 	-3.6029554 	1.2503281
-1.1339339 	-0.05 	0.273 	47.479646 	-3.6373335 	1.2526852
-1.1327327 	-0.05 	0.273 	47.516196 	-3.6717116 	1.2550422
-1.1315315 	-0.05 	0.273 	47.552746 	-3.7060897 	1.2573993
-1.1303303 	-0.05 	0.273 	47.589297 	-3.7404678 	1.2597564
-1.1291291 	-0.05 	0.273 	47.625847 	-3.7748459 	1.2621134
-1.1279279 	-0.05 	0.273 	47.662397 	-3.809224 	1.2644705
-1.1267267 	-0.05 	0.273 	47.698948 	-3.8436021 	1.2668276
-1.1255255 	-0.05 	0.273 	47.735498 	-3.8779802 	1.2691846
-1.1243243 	-0.05 	0.273 	47.772048 	-3.9123583 	1.2715417
-1.1231231 	-0.05 	0.273 	47.808599 	-3.9467364 	1.2738988
-1.1219219 	-0.05 	0.273 	47.845149 	-3.9811145 	1.2762559
-1.1207207 	-0.05 	0.273 	47.8817 	-4.0154925 	1.2786129
-1.1195195 	-0.05 	0.273 	47.91825 	-4.0498706 	1.28097
-1.1183183 	-0.05 	0.273 	47.9548 	-4.0842487 	1.2833271
-1.1171171 	-0.05 	0.273 	47.991351 	-4.1186268 	1.2856841
-1.1159159 	-0.05 	0.273 	48.027901 	-4.1530049 	1.2880412
-1.1147147 	-0.05 	0.273 	48.064451 	-4.187383 	1.2903983
-1.1135135 	-0.05 	0.273 	48.101062 	-4.2217048 	1.2930056
-1.1123123 	-0.05 	0.273 	48.137696 	-4.256005 	1.2957083
-1.1111111 	-0.05 	0.273 	48.17433 	-4.2903053 	1.2984111
-1.1099099 	-0.05 	0.273 	48.210963 	-4.3246055 	1.3011138
-1.1087087 	-0.05 	0.273 	48.247597 	-4.3589057 	1.3038165
-1.1075075 	-0.05 	0.273 	48.284231 	-4.393206 	1.3065192
-1.1063063 	-0.05 	0.273 	48.284004 	-4.4592525 	1.3094101
-1.1051051 	-0.05 	0.273 	48.282872 	-4.5260784 	1.3123056
-1.1039039 	-0.05 	0.273 	48.281739 	-4.5929043 	1.3152011
-1.1027027 	-0.05 	0.273 	48.280607 	-4.6597303 	1.3180966
-1.1015015 	-0.05 	0.273 	48.279475 	-4.7265562 	1.3209921
-1.1003003 	-0.05 	0.273 	48.278343 	-4.7933821 	1.3238875
-1.0990991 	-0.05 	0.273 	48.27721 	-4.8602081 	1.326783
-1.0978979 	-0.05 	0.273 	48.277798 	-4.9272163 	1.329603
-1.0966967 	-0.05 	0.273 	48.290825 	-4.995543 	1.3318771
-1.0954955 	-0.05 	0.273 	48.303851 	-5.0638697 	1.3341511
-1.0942943 	-0.05 	0.273 	48.316878 	-5.1321964 	1.3364252
-1.0930931 	-0.05 	0.273 	48.329904 	-5.2005231 	1.3386992
-1.0918919 	-0.05 	0.273 	48.342931 	-5.2688498 	1.3409733
-1.0906907 	-0.05 	0.273 	48.355957 	-5.3371765 	1.3432473
-1.0894895 	-0.05 	0.273 	48.368984 	-5.4055032 	1.3455214
-1.0882883 	-0.05 	0.273 	48.390318 	-5.4535022 	1.348036
-1.0870871 	-0.05 	0.273 	48.423594 	-5.4722846 	1.3508964
-1.0858859 	-0.05 	0.273 	48.456894 	-5.4910783 	1.3535869
-1.0846847 	-0.05 	0.273 	48.490222 	-5.5098844 	1.3560875
-1.0834835 	-0.05 	0.273 	48.52355 	-5.5286906 	1.3585882
-1.0822823 	-0.05 	0.273 	48.556878 	-5.5474967 	1.3610888
-1.0810811 	-0.05 	0.273 	48.590206 	-5.5663029 	1.3635895
-1.0798799 	-0.05 	0.273 	48.623534 	-5.585109 	1.3660901
-1.0786787 	-0.05 	0.273 	48.656862 	-5.6039152 	1.3685908
-1.0774775 	-0.05 	0.273 	48.69019 	-5.6227213 	1.3710914
-1.0762763 	-0.05 	0.273 	48.723518 	-5.6415274 	1.3735921
-1.0750751 	-0.05 	0.273 	48.756846 	-5.6603336 	1.3760927
-1.0738739 	-0.05 	0.273 	48.790174 	-5.6791397 	1.3785934
-1.0726727 	-0.05 	0.273 	48.823502 	-5.6979459 	1.381094
-1.0714715 	-0.05 	0.273 	48.85683 	-5.716752 	1.3835946
-1.0702703 	-0.05 	0.273 	48.890158 	-5.7355582 	1.3860953
-1.0690691 	-0.05 	0.273 	48.923486 	-5.7543643 	1.3885959
-1.0678679 	-0.05 	0.273 	48.956814 	-5.7731704 	1.3910966
-1.0666667 	-0.05 	0.273 	48.990142 	-5.7919766 	1.3935972
-1.0654655 	-0.05 	0.273 	49.02347 	-5.8107827 	1.3960979
-1.0642643 	-0.05 	0.273 	49.056798 	-5.8295889 	1.3985985
-1.0630631 	-0.05 	0.273 	49.090126 	-5.848395 	1.4010992
-1.0618619 	-0.05 	0.273 	49.123454 	-5.8672012 	1.4035998
-1.0606607 	-0.05 	0.273 	49.156782 	-5.8860073 	1.4061005
-1.0594595 	-0.05 	0.273 	49.19011 	-5.9048134 	1.4086011
-1.0582583 	-0.05 	0.273 	49.223438 	-5.9236196 	1.4111017
-1.0570571 	-0.05 	0.273 	49.256766 	-5.9424257 	1.4136024
-1.0558559 	-0.05 	0.273 	49.290094 	-5.9612319 	1.416103
-1.0546547 	-0.05 	0.273 	49.323422 	-5.980038 	1.4186037
-1.0534535 	-0.05 	0.273 	49.35675 	-5.9988442 	1.4211043
-1.0522523 	-0.05 	0.273 	49.390078 	-6.0176503 	1.423605
-1.0510511 	-0.05 	0.273 	49.423406 	-6.0364564 	1.4261056
-1.0498498 	-0.05 	0.273 	49.456734 	-6.0552626 	1.4286063
-1.0486486 	-0.05 	0.273 	49.490062 	-6.0740687 	1.4311069
-1.0474474 	-0.05 	0.273 	49.52339 	-6.0928749 	1.4336076
-1.0462462 	-0.05 	0.273 	49.556718 	-6.111681 	1.4361082
-1.045045 	-0.05 	0.273 	49.604272 	-6.0628496 	1.4385647
-1.0438438 	-0.05 	0.273 	49.657366 	-5.9876777 	1.441004
-1.0426426 	-0.05 	0.273 	49.71046 	-5.9125057 	1.4434433
-1.0414414 	-0.05 	0.273 	49.763554 	-5.8373337 	1.4458826
-1.0402402 	-0.05 	0.273 	49.816648 	-5.7621618 	1.4483219
-1.039039 	-0.05 	0.273 	49.869742 	-5.6869898 	1.4507612
-1.0378378 	-0.05 	0.273 	49.922836 	-5.6118179 	1.4532005
-1.0366366 	-0.05 	0.273 	49.975321 	-5.5399391 	1.4556066
-1.0354354 	-0.05 	0.273 	50.026576 	-5.4747177 	1.4579456
-1.0342342 	-0.05 	0.273 	50.07783 	-5.4094964 	1.4602846
-1.033033 	-0.05 	0.273 	50.129085 	-5.344275 	1.4626236
-1.0318318 	-0.05 	0.273 	50.18034 	-5.2790537 	1.4649625
-1.0306306 	-0.05 	0.273 	50.231594 	-5.2138324 	1.4673015
-1.0294294 	-0.05 	0.273 	50.282849 	-5.148611 	1.4696405
-1.0282282 	-0.05 	0.273 	50.333703 	-5.0853676 	1.4719872
-1.027027 	-0.05 	0.273 	50.373486 	-5.0769196 	1.4745496
-1.0258258 	-0.05 	0.273 	50.413269 	-5.0684715 	1.477112
-1.0246246 	-0.05 	0.273 	50.453144 	-5.0601112 	1.4794586
-1.0234234 	-0.05 	0.273 	50.493064 	-5.0517932 	1.4817015
-1.0222222 	-0.05 	0.273 	50.532984 	-5.0434751 	1.4839443
-1.021021 	-0.05 	0.273 	50.572903 	-5.0351571 	1.4861872
-1.0198198 	-0.05 	0.273 	50.612823 	-5.026839 	1.48843
-1.0186186 	-0.05 	0.273 	50.652743 	-5.018521 	1.4906729
-1.0174174 	-0.05 	0.273 	50.692663 	-5.0102029 	1.4929157
-1.0162162 	-0.05 	0.273 	50.732582 	-5.0018849 	1.4951586
-1.015015 	-0.05 	0.273 	50.772502 	-4.9935668 	1.4974014
-1.0138138 	-0.05 	0.273 	50.812422 	-4.9852488 	1.4996443
-1.0126126 	-0.05 	0.273 	50.852342 	-4.9769307 	1.5018871
-1.0114114 	-0.05 	0.273 	50.892261 	-4.9686127 	1.50413
-1.0102102 	-0.05 	0.273 	50.932181 	-4.9602946 	1.5063728
-1.009009 	-0.05 	0.273 	50.972101 	-4.9519766 	1.5086157
-1.0078078 	-0.05 	0.273 	51.012021 	-4.9436585 	1.5108585
-1.0066066 	-0.05 	0.273 	51.051941 	-4.9353405 	1.5131014
-1.0054054 	-0.05 	0.273 	51.09186 	-4.9270224 	1.5153442
-1.0042042 	-0.05 	0.273 	51.13178 	-4.9187044 	1.5175871
-1.003003 	-0.05 	0.273 	51.1717 	-4.9103863 	1.5198299
-1.0018018 	-0.05 	0.273 	51.21162 	-4.9020683 	1.5220728
-1.0006006 	-0.05 	0.273 	51.251539 	-4.8937502 	1.5243156
-0.9993994 	-0.05 	0.273 	51.291459 	-4.8854322 	1.5265584
-0.9981982 	-0.05 	0.273 	51.331379 	-4.8771141 	1.5288013
-0.996997 	-0.05 	0.273 	51.371299 	-4.8687961 	1.5310441
-0.9957958 	-0.05 	0.273 	51.411218 	-4.860478 	1.533287
-0.99459459 	-0.05 	0.273 	51.451138 	-4.85216 	1.5355298
-0.99339339 	-0.05 	0.273 	51.491058 	-4.8438419 	1.5377727
-0.99219219 	-0.05 	0.273 	51.530978 	-4.8355239 	1.5400155
-0.99099099 	-0.05 	0.273 	51.570898 	-4.8272058 	1.5422584
-0.98978979 	-0.05 	0.273 	51.610817 	-4.8188878 	1.5445012
-0.98858859 	-0.05 	0.273 	51.650737 	-4.8105697 	1.5467441
-0.98738739 	-0.05 	0.273 	51.690657 	-4.8022517 	1.5489869
-0.98618619 	-0.05 	0.273 	51.730577 	-4.7939336 	1.5512298
-0.98498498 	-0.05 	0.273 	51.770496 	-4.7856156 	1.5534726
-0.98378378 	-0.05 	0.273 	51.815509 	-4.8128884 	1.5558019
-0.98258258 	-0.05 	0.273 	51.863654 	-4.8620493 	1.5581842
-0.98138138 	-0.05 	0.273 	51.911799 	-4.9112103 	1.5605665
-0.98018018 	-0.05 	0.273 	51.959944 	-4.9603712 	1.5629489
-0.97897898 	-0.05 	0.273 	52.008089 	-5.0095322 	1.5653312
-0.97777778 	-0.05 	0.273 	52.056235 	-5.0586932 	1.5677136
-0.97657658 	-0.05 	0.273 	52.10438 	-5.1078541 	1.5700959
-0.97537538 	-0.05 	0.273 	52.151428 	-5.1585548 	1.5724194
-0.97417417 	-0.05 	0.273 	52.197372 	-5.2108069 	1.5746836
-0.97297297 	-0.05 	0.273 	52.243316 	-5.263059 	1.5769478
-0.97177177 	-0.05 	0.273 	52.28926 	-5.3153112 	1.579212
-0.97057057 	-0.05 	0.273 	52.335204 	-5.3675633 	1.5814762
-0.96936937 	-0.05 	0.273 	52.381148 	-5.4198154 	1.5837404
-0.96816817 	-0.05 	0.273 	52.427092 	-5.4720676 	1.5860045
-0.96696697 	-0.05 	0.273 	52.465978 	-5.5056373 	1.5881401
-0.96576577 	-0.05 	0.273 	52.49697 	-5.5183082 	1.5901317
-0.96456456 	-0.05 	0.273 	52.527961 	-5.5309791 	1.5921234
-0.96336336 	-0.05 	0.273 	52.558953 	-5.5436499 	1.594115
-0.96216216 	-0.05 	0.273 	52.589944 	-5.5563208 	1.5961067
-0.96096096 	-0.05 	0.273 	52.620936 	-5.5689917 	1.5980983
-0.95975976 	-0.05 	0.273 	52.651927 	-5.5816626 	1.60009
-0.95855856 	-0.05 	0.273 	52.682919 	-5.5943334 	1.6020816
-0.95735736 	-0.05 	0.273 	52.71391 	-5.6070043 	1.6040732
-0.95615616 	-0.05 	0.273 	52.744902 	-5.6196752 	1.6060649
-0.95495495 	-0.05 	0.273 	52.775893 	-5.6323461 	1.6080565
-0.95375375 	-0.05 	0.273 	52.806885 	-5.645017 	1.6100482
-0.95255255 	-0.05 	0.273 	52.837876 	-5.6576878 	1.6120398
-0.95135135 	-0.05 	0.273 	52.868868 	-5.6703587 	1.6140315
-0.95015015 	-0.05 	0.273 	52.899859 	-5.6830296 	1.6160231
-0.94894895 	-0.05 	0.273 	52.930851 	-5.6957005 	1.6180147
-0.94774775 	-0.05 	0.273 	52.961842 	-5.7083714 	1.6200064
-0.94654655 	-0.05 	0.273 	52.992834 	-5.7210422 	1.621998
-0.94534535 	-0.05 	0.273 	53.023825 	-5.7337131 	1.6239897
-0.94414414 	-0.05 	0.273 	53.054817 	-5.746384 	1.6259813
-0.94294294 	-0.05 	0.273 	53.085808 	-5.7590549 	1.627973
-0.94174174 	-0.05 	0.273 	53.1168 	-5.7717258 	1.6299646
-0.94054054 	-0.05 	0.273 	53.147791 	-5.7843966 	1.6319563
-0.93933934 	-0.05 	0.273 	53.178783 	-5.7970675 	1.6339479
-0.93813814 	-0.05 	0.273 	53.209774 	-5.8097384 	1.6359395
-0.93693694 	-0.05 	0.273 	53.240766 	-5.8224093 	1.6379312
-0.93573574 	-0.05 	0.273 	53.271757 	-5.8350802 	1.6399228
-0.93453453 	-0.05 	0.273 	53.302749 	-5.847751 	1.6419145
-0.93333333 	-0.05 	0.273 	53.33374 	-5.8604219 	1.6439061
-0.93213213 	-0.05 	0.273 	53.364732 	-5.8730928 	1.6458978
-0.93093093 	-0.05 	0.273 	53.395723 	-5.8857637 	1.6478894
-0.92972973 	-0.05 	0.273 	53.426715 	-5.8984346 	1.649881
-0.92852853 	-0.05 	0.273 	53.457706 	-5.9111054 	1.6518727
-0.92732733 	-0.05 	0.273 	53.488698 	-5.9237763 	1.6538643
-0.92612613 	-0.05 	0.273 	53.519623 	-5.9364313 	1.6559535
-0.92492492 	-0.05 	0.273 	53.550428 	-5.9490571 	1.658221
-0.92372372 	-0.05 	0.273 	53.581233 	-5.9616829 	1.6604885
-0.92252252 	-0.05 	0.273 	53.60619 	-5.9621666 	1.6626345
-0.92132132 	-0.05 	0.273 	53.623235 	-5.9462167 	1.6646159
-0.92012012 	-0.05 	0.273 	53.640279 	-5.9302668 	1.6665974
-0.91891892 	-0.05 	0.273 	53.657324 	-5.9143169 	1.6685788
-0.91771772 	-0.05 	0.273 	53.674369 	-5.8983669 	1.6705603
-0.91651652 	-0.05 	0.273 	53.691413 	-5.882417 	1.6725417
-0.91531532 	-0.05 	0.273 	53.708458 	-5.8664671 	1.6745232
-0.91411411 	-0.05 	0.273 	53.724769 	-5.8488236 	1.6764001
-0.91291291 	-0.05 	0.273 	53.74077 	-5.830465 	1.6782328
-0.91171171 	-0.05 	0.273 	53.756772 	-5.8121065 	1.6800655
-0.91051051 	-0.05 	0.273 	53.772774 	-5.7937479 	1.6818982
-0.90930931 	-0.05 	0.273 	53.788775 	-5.7753893 	1.6837309
-0.90810811 	-0.05 	0.273 	53.804777 	-5.7570307 	1.6855636
-0.90690691 	-0.05 	0.273 	53.821143 	-5.7394532 	1.6873961
-0.90570571 	-0.05 	0.273 	53.844556 	-5.7369901 	1.6892246
-0.9045045 	-0.05 	0.273 	53.867968 	-5.734527 	1.6910531
-0.9033033 	-0.05 	0.273 	53.891394 	-5.7320668 	1.6928691
-0.9021021 	-0.05 	0.273 	53.915041 	-5.7296574 	1.6944728
-0.9009009 	-0.05 	0.273 	53.938687 	-5.7272481 	1.6960764
-0.8996997 	-0.05 	0.273 	53.962334 	-5.7248387 	1.69768
-0.8984985 	-0.05 	0.273 	53.98598 	-5.7224293 	1.6992836
-0.8972973 	-0.05 	0.273 	54.009626 	-5.7200199 	1.7008872
-0.8960961 	-0.05 	0.273 	54.033273 	-5.7176106 	1.7024909
-0.89489489 	-0.05 	0.273 	54.056919 	-5.7152012 	1.7040945
-0.89369369 	-0.05 	0.273 	54.080566 	-5.7127918 	1.7056981
-0.89249249 	-0.05 	0.273 	54.104212 	-5.7103824 	1.7073017
-0.89129129 	-0.05 	0.273 	54.127859 	-5.707973 	1.7089054
-0.89009009 	-0.05 	0.273 	54.151505 	-5.7055637 	1.710509
-0.88888889 	-0.05 	0.273 	54.175152 	-5.7031543 	1.7121126
-0.88768769 	-0.05 	0.273 	54.198798 	-5.7007449 	1.7137162
-0.88648649 	-0.05 	0.273 	54.222445 	-5.6983355 	1.7153199
-0.88528529 	-0.05 	0.273 	54.246091 	-5.6959261 	1.7169235
-0.88408408 	-0.05 	0.273 	54.269737 	-5.6935168 	1.7185271
-0.88288288 	-0.05 	0.273 	54.293384 	-5.6911074 	1.7201307
-0.88168168 	-0.05 	0.273 	54.31703 	-5.688698 	1.7217344
-0.88048048 	-0.05 	0.273 	54.340677 	-5.6862886 	1.723338
-0.87927928 	-0.05 	0.273 	54.364323 	-5.6838793 	1.7249416
-0.87807808 	-0.05 	0.273 	54.38797 	-5.6814699 	1.7265452
-0.87687688 	-0.05 	0.273 	54.411616 	-5.6790605 	1.7281489
-0.87567568 	-0.05 	0.273 	54.435263 	-5.6766511 	1.7297525
-0.87447447 	-0.05 	0.273 	54.458909 	-5.6742417 	1.7313561
-0.87327327 	-0.05 	0.273 	54.482556 	-5.6718324 	1.7329597
-0.87207207 	-0.05 	0.273 	54.506202 	-5.669423 	1.7345634
-0.87087087 	-0.05 	0.273 	54.529848 	-5.6670136 	1.736167
-0.86966967 	-0.05 	0.273 	54.553495 	-5.6646042 	1.7377706
-0.86846847 	-0.05 	0.273 	54.577141 	-5.6621949 	1.7393742
-0.86726727 	-0.05 	0.273 	54.600788 	-5.6597855 	1.7409779
-0.86606607 	-0.05 	0.273 	54.624434 	-5.6573761 	1.7425815
-0.86486486 	-0.05 	0.273 	54.648081 	-5.6549667 	1.7441851
-0.86366366 	-0.05 	0.273 	54.671727 	-5.6525573 	1.7457887
-0.86246246 	-0.05 	0.273 	54.695374 	-5.650148 	1.7473924
-0.86126126 	-0.05 	0.273 	54.721037 	-5.6533448 	1.7489744
-0.86006006 	-0.05 	0.273 	54.748765 	-5.6622778 	1.7505343
-0.85885886 	-0.05 	0.273 	54.776493 	-5.6712108 	1.7520941
-0.85765766 	-0.05 	0.273 	54.80422 	-5.6801438 	1.753654
-0.85645646 	-0.05 	0.273 	54.831948 	-5.6890769 	1.7552139
-0.85525526 	-0.05 	0.273 	54.859676 	-5.6980099 	1.7567738
-0.85405405 	-0.05 	0.273 	54.887403 	-5.7069429 	1.7583337
-0.85285285 	-0.05 	0.273 	54.915396 	-5.7161239 	1.7597624
-0.85165165 	-0.05 	0.273 	54.943413 	-5.7253273 	1.7611793
-0.85045045 	-0.05 	0.273 	54.971429 	-5.7345308 	1.7625962
-0.84924925 	-0.05 	0.273 	54.999446 	-5.7437342 	1.764013
-0.84804805 	-0.05 	0.273 	55.027463 	-5.7529376 	1.7654299
-0.84684685 	-0.05 	0.273 	55.05548 	-5.7621411 	1.7668468
-0.84564565 	-0.05 	0.273 	55.081159 	-5.7658572 	1.7682405
-0.84444444 	-0.05 	0.273 	55.10337 	-5.7614305 	1.7695999
-0.84324324 	-0.05 	0.273 	55.125581 	-5.7570038 	1.7709593
-0.84204204 	-0.05 	0.273 	55.14786 	-5.7525885 	1.7722735
-0.84084084 	-0.05 	0.273 	55.17032 	-5.7482035 	1.7734655
-0.83963964 	-0.05 	0.273 	55.192781 	-5.7438185 	1.7746576
-0.83843844 	-0.05 	0.273 	55.215241 	-5.7394335 	1.7758497
-0.83723724 	-0.05 	0.273 	55.237702 	-5.7350485 	1.7770418
-0.83603604 	-0.05 	0.273 	55.260162 	-5.7306635 	1.7782339
-0.83483483 	-0.05 	0.273 	55.282622 	-5.7262785 	1.7794259
-0.83363363 	-0.05 	0.273 	55.305083 	-5.7218936 	1.780618
-0.83243243 	-0.05 	0.273 	55.327543 	-5.7175086 	1.7818101
-0.83123123 	-0.05 	0.273 	55.350004 	-5.7131236 	1.7830022
-0.83003003 	-0.05 	0.273 	55.372464 	-5.7087386 	1.7841943
-0.82882883 	-0.05 	0.273 	55.394924 	-5.7043536 	1.7853863
-0.82762763 	-0.05 	0.273 	55.417385 	-5.6999686 	1.7865784
-0.82642643 	-0.05 	0.273 	55.439845 	-5.6955836 	1.7877705
-0.82522523 	-0.05 	0.273 	55.462306 	-5.6911987 	1.7889626
-0.82402402 	-0.05 	0.273 	55.484766 	-5.6868137 	1.7901547
-0.82282282 	-0.05 	0.273 	55.507226 	-5.6824287 	1.7913467
-0.82162162 	-0.05 	0.273 	55.529687 	-5.6780437 	1.7925388
-0.82042042 	-0.05 	0.273 	55.552147 	-5.6736587 	1.7937309
-0.81921922 	-0.05 	0.273 	55.574608 	-5.6692737 	1.794923
-0.81801802 	-0.05 	0.273 	55.597068 	-5.6648888 	1.7961151
-0.81681682 	-0.05 	0.273 	55.619528 	-5.6605038 	1.7973071
-0.81561562 	-0.05 	0.273 	55.641989 	-5.6561188 	1.7984992
-0.81441441 	-0.05 	0.273 	55.664449 	-5.6517338 	1.7996913
-0.81321321 	-0.05 	0.273 	55.68691 	-5.6473488 	1.8008834
-0.81201201 	-0.05 	0.273 	55.70937 	-5.6429638 	1.8020754
-0.81081081 	-0.05 	0.273 	55.73183 	-5.6385788 	1.8032675
-0.80960961 	-0.05 	0.273 	55.754291 	-5.6341939 	1.8044596
-0.80840841 	-0.05 	0.273 	55.776751 	-5.6298089 	1.8056517
-0.80720721 	-0.05 	0.273 	55.799212 	-5.6254239 	1.8068438
-0.80600601 	-0.05 	0.273 	55.821672 	-5.6210389 	1.8080358
-0.8048048 	-0.05 	0.273 	55.844132 	-5.6166539 	1.8092279
-0.8036036 	-0.05 	0.273 	55.866593 	-5.6122689 	1.81042
-0.8024024 	-0.05 	0.273 	55.889053 	-5.607884 	1.8116121
-0.8012012 	-0.05 	0.273 	55.911514 	-5.603499 	1.8128042
-0.8 	-0.05 	0.273 	55.933603 	-5.594998 	1.8139697
-0.7987988 	-0.05 	0.273 	55.955066 	-5.5795302 	1.8150902
-0.7975976 	-0.05 	0.273 	55.976529 	-5.5640625 	1.8162107
-0.7963964 	-0.05 	0.273 	55.997991 	-5.5485948 	1.8173312
-0.7951952 	-0.05 	0.273 	56.019454 	-5.5331271 	1.8184517
-0.79399399 	-0.05 	0.273 	56.040917 	-5.5176594 	1.8195721
-0.79279279 	-0.05 	0.273 	56.060819 	-5.5026029 	1.8206682
-0.79159159 	-0.05 	0.273 	56.071404 	-5.4900014 	1.8216183
-0.79039039 	-0.05 	0.273 	56.08199 	-5.4774 	1.8225684
-0.78918919 	-0.05 	0.273 	56.092575 	-5.4647985 	1.8235185
-0.78798799 	-0.05 	0.273 	56.103161 	-5.4521971 	1.8244686
-0.78678679 	-0.05 	0.273 	56.113746 	-5.4395956 	1.8254188
-0.78558559 	-0.05 	0.273 	56.124332 	-5.4269942 	1.8263689
-0.78438438 	-0.05 	0.273 	56.138342 	-5.4498825 	1.8272053
-0.78318318 	-0.05 	0.273 	56.152444 	-5.4737184 	1.8280386
-0.78198198 	-0.05 	0.273 	56.166546 	-5.4975543 	1.828872
-0.78078078 	-0.05 	0.273 	56.180771 	-5.5214113 	1.8296533
-0.77957958 	-0.05 	0.273 	56.195122 	-5.5452897 	1.8303815
-0.77837838 	-0.05 	0.273 	56.209473 	-5.5691682 	1.8311097
-0.77717718 	-0.05 	0.273 	56.223823 	-5.5930467 	1.831838
-0.77597598 	-0.05 	0.273 	56.238174 	-5.6169251 	1.8325662
-0.77477477 	-0.05 	0.273 	56.252525 	-5.6408036 	1.8332944
-0.77357357 	-0.05 	0.273 	56.266876 	-5.6646821 	1.8340226
-0.77237237 	-0.05 	0.273 	56.281227 	-5.6885605 	1.8347508
-0.77117117 	-0.05 	0.273 	56.295578 	-5.712439 	1.8354791
-0.76996997 	-0.05 	0.273 	56.309929 	-5.7363175 	1.8362073
-0.76876877 	-0.05 	0.273 	56.32428 	-5.7601959 	1.8369355
-0.76756757 	-0.05 	0.273 	56.338631 	-5.7840744 	1.8376637
-0.76636637 	-0.05 	0.273 	56.352982 	-5.8079529 	1.8383919
-0.76516517 	-0.05 	0.273 	56.367333 	-5.8318313 	1.8391202
-0.76396396 	-0.05 	0.273 	56.381684 	-5.8557098 	1.8398484
-0.76276276 	-0.05 	0.273 	56.396034 	-5.8795883 	1.8405766
-0.76156156 	-0.05 	0.273 	56.410385 	-5.9034667 	1.8413048
-0.76036036 	-0.05 	0.273 	56.424736 	-5.9273452 	1.842033
-0.75915916 	-0.05 	0.273 	56.439087 	-5.9512236 	1.8427613
-0.75795796 	-0.05 	0.273 	56.453438 	-5.9751021 	1.8434895
-0.75675676 	-0.05 	0.273 	56.467789 	-5.9989806 	1.8442177
-0.75555556 	-0.05 	0.273 	56.48214 	-6.022859 	1.8449459
-0.75435435 	-0.05 	0.273 	56.496491 	-6.0467375 	1.8456741
-0.75315315 	-0.05 	0.273 	56.510842 	-6.070616 	1.8464024
-0.75195195 	-0.05 	0.273 	56.525193 	-6.0944944 	1.8471306
-0.75075075 	-0.05 	0.273 	56.539544 	-6.1183729 	1.8478588
-0.74954955 	-0.05 	0.273 	56.553895 	-6.1422514 	1.848587
-0.74834835 	-0.05 	0.273 	56.568245 	-6.1661298 	1.8493153
-0.74714715 	-0.05 	0.273 	56.582596 	-6.1900083 	1.8500435
-0.74594595 	-0.05 	0.273 	56.596947 	-6.2138868 	1.8507717
-0.74474474 	-0.05 	0.273 	56.611298 	-6.2377652 	1.8514999
-0.74354354 	-0.05 	0.273 	56.625649 	-6.2616437 	1.8522281
-0.74234234 	-0.05 	0.273 	56.64 	-6.2855222 	1.8529564
-0.74114114 	-0.05 	0.273 	56.654351 	-6.3094006 	1.8536846
-0.73993994 	-0.05 	0.273 	56.668702 	-6.3332791 	1.8544128
-0.73873874 	-0.05 	0.273 	56.671889 	-6.3862677 	1.8551281
-0.73753754 	-0.05 	0.273 	56.660129 	-6.478232 	1.8558261
-0.73633634 	-0.05 	0.273 	56.648368 	-6.5701962 	1.856524
-0.73513514 	-0.05 	0.273 	56.636608 	-6.6621605 	1.857222
-0.73393393 	-0.05 	0.273 	56.624874 	-6.7541394 	1.8579201
-0.73273273 	-0.05 	0.273 	56.613145 	-6.8461213 	1.8586182
-0.73153153 	-0.05 	0.273 	56.619858 	-6.927969 	1.859197
-0.73033033 	-0.05 	0.273 	56.660279 	-6.9912932 	1.8595579
-0.72912913 	-0.05 	0.273 	56.700699 	-7.0546174 	1.8599187
-0.72792793 	-0.05 	0.273 	56.741119 	-7.1179415 	1.8602796
-0.72672673 	-0.05 	0.273 	56.78154 	-7.1812657 	1.8606404
-0.72552553 	-0.05 	0.273 	56.821376 	-7.1674236 	1.8609916
-0.72432432 	-0.05 	0.273 	56.859581 	-7.1015577 	1.8613719
-0.72312312 	-0.05 	0.273 	56.895551 	-7.0683519 	1.8618277
-0.72192192 	-0.05 	0.273 	56.931521 	-7.0351462 	1.8622836
-0.72072072 	-0.05 	0.273 	56.967492 	-7.0019404 	1.8627394
-0.71951952 	-0.05 	0.273 	57.003462 	-6.9687347 	1.8631953
-0.71831832 	-0.05 	0.273 	57.039433 	-6.9355289 	1.8636511
-0.71711712 	-0.05 	0.273 	57.075403 	-6.9023232 	1.864107
-0.71591592 	-0.05 	0.273 	57.111374 	-6.8691174 	1.8645628
-0.71471471 	-0.05 	0.273 	57.147344 	-6.8359117 	1.8650186
-0.71351351 	-0.05 	0.273 	57.183314 	-6.8027059 	1.8654745
-0.71231231 	-0.05 	0.273 	57.219285 	-6.7695002 	1.8659303
-0.71111111 	-0.05 	0.273 	57.255255 	-6.7362944 	1.8663862
-0.70990991 	-0.05 	0.273 	57.291226 	-6.7030887 	1.866842
-0.70870871 	-0.05 	0.273 	57.327196 	-6.6698829 	1.8672979
-0.70750751 	-0.05 	0.273 	57.363167 	-6.6366772 	1.8677537
-0.70630631 	-0.05 	0.273 	57.398074 	-6.488464 	1.8682527
-0.70510511 	-0.05 	0.273 	57.432701 	-6.3098065 	1.8687632
-0.7039039 	-0.05 	0.273 	57.467327 	-6.1311489 	1.8692736
-0.7027027 	-0.05 	0.273 	57.501953 	-5.9524914 	1.8697841
-0.7015015 	-0.05 	0.273 	57.536579 	-5.7738339 	1.8702946
-0.7003003 	-0.05 	0.273 	57.606062 	-5.6048054 	1.8704501
-0.6990991 	-0.05 	0.273 	57.676721 	-5.4361019 	1.8705937
-0.6978979 	-0.05 	0.273 	57.747381 	-5.2673984 	1.8707373
-0.6966967 	-0.05 	0.273 	57.81804 	-5.098695 	1.8708808
-0.6954955 	-0.05 	0.273 	57.885146 	-4.9506368 	1.8710255
-0.69429429 	-0.05 	0.273 	57.931108 	-4.9254253 	1.8711765
-0.69309309 	-0.05 	0.273 	57.977069 	-4.9002138 	1.8713275
-0.69189189 	-0.05 	0.273 	58.023031 	-4.8750024 	1.8714784
-0.69069069 	-0.05 	0.273 	58.068993 	-4.8497909 	1.8716294
-0.68948949 	-0.05 	0.273 	58.114955 	-4.8245794 	1.8717804
-0.68828829 	-0.05 	0.273 	58.160916 	-4.7993679 	1.8719314
-0.68708709 	-0.05 	0.273 	58.206878 	-4.7741564 	1.8720824
-0.68588589 	-0.05 	0.273 	58.25284 	-4.7489449 	1.8722334
-0.68468468 	-0.05 	0.273 	58.298802 	-4.7237334 	1.8723843
-0.68348348 	-0.05 	0.273 	58.344763 	-4.6985219 	1.8725353
-0.68228228 	-0.05 	0.273 	58.390725 	-4.6733104 	1.8726863
-0.68108108 	-0.05 	0.273 	58.436687 	-4.648099 	1.8728373
-0.67987988 	-0.05 	0.273 	58.482649 	-4.6228875 	1.8729883
-0.67867868 	-0.05 	0.273 	58.52861 	-4.597676 	1.8731393
-0.67747748 	-0.05 	0.273 	58.580265 	-4.5762544 	1.8732873
-0.67627628 	-0.05 	0.273 	58.632985 	-4.6203329 	1.8734379
-0.67507508 	-0.05 	0.273 	58.67082 	-4.7498304 	1.8736005
-0.67387387 	-0.05 	0.273 	58.708655 	-4.8793279 	1.8737631
-0.67267267 	-0.05 	0.273 	58.74649 	-5.0088253 	1.8739257
-0.67147147 	-0.05 	0.273 	58.784325 	-5.1383228 	1.8740883
-0.67027027 	-0.05 	0.273 	58.82149 	-5.2685545 	1.8740521
-0.66906907 	-0.05 	0.273 	58.858174 	-5.399314 	1.8738728
-0.66786787 	-0.05 	0.273 	58.894857 	-5.5300736 	1.8736936
-0.66666667 	-0.05 	0.273 	58.931541 	-5.6608331 	1.8735144
-0.66546547 	-0.05 	0.273 	58.968224 	-5.7915926 	1.8733352
-0.66426426 	-0.05 	0.273 	59.000635 	-5.8174781 	1.8732129
-0.66306306 	-0.05 	0.273 	59.03015 	-5.8059167 	1.8731118
-0.66186186 	-0.05 	0.273 	59.059442 	-5.7937762 	1.8730112
-0.66066066 	-0.05 	0.273 	59.088735 	-5.7816356 	1.8729105
-0.65945946 	-0.05 	0.273 	59.118027 	-5.7694951 	1.8728099
-0.65825826 	-0.05 	0.273 	59.147319 	-5.7573546 	1.8727093
-0.65705706 	-0.05 	0.273 	59.176611 	-5.7452141 	1.8726086
-0.65585586 	-0.05 	0.273 	59.205904 	-5.7330736 	1.872508
-0.65465465 	-0.05 	0.273 	59.235196 	-5.7209331 	1.8724074
-0.65345345 	-0.05 	0.273 	59.264488 	-5.7087926 	1.8723067
-0.65225225 	-0.05 	0.273 	59.29378 	-5.6966521 	1.8722061
-0.65105105 	-0.05 	0.273 	59.323072 	-5.6845115 	1.8721054
-0.64984985 	-0.05 	0.273 	59.352365 	-5.672371 	1.8720048
-0.64864865 	-0.05 	0.273 	59.381657 	-5.6602305 	1.8719042
-0.64744745 	-0.05 	0.273 	59.410949 	-5.64809 	1.8718035
-0.64624625 	-0.05 	0.273 	59.440147 	-5.6337605 	1.8717039
-0.64504505 	-0.05 	0.273 	59.463506 	-5.4833125 	1.8716679
-0.64384384 	-0.05 	0.273 	59.486864 	-5.3328645 	1.8716319
-0.64264264 	-0.05 	0.273 	59.510222 	-5.1824165 	1.8715959
-0.64144144 	-0.05 	0.273 	59.53358 	-5.0319685 	1.8715599
-0.64024024 	-0.05 	0.273 	59.556885 	-4.8814998 	1.8714584
-0.63903904 	-0.05 	0.273 	59.579964 	-4.730943 	1.8710791
-0.63783784 	-0.05 	0.273 	59.603043 	-4.5803861 	1.8706999
-0.63663664 	-0.05 	0.273 	59.626122 	-4.4298293 	1.8703206
-0.63543544 	-0.05 	0.273 	59.649201 	-4.2792725 	1.8699413
-0.63423423 	-0.05 	0.273 	59.672312 	-4.1799099 	1.8695673
-0.63303303 	-0.05 	0.273 	59.69548 	-4.1686 	1.8692023
-0.63183183 	-0.05 	0.273 	59.718648 	-4.1572902 	1.8688373
-0.63063063 	-0.05 	0.273 	59.741816 	-4.1459804 	1.8684724
-0.62942943 	-0.05 	0.273 	59.764984 	-4.1346706 	1.8681074
-0.62822823 	-0.05 	0.273 	59.788152 	-4.1233607 	1.8677424
-0.62702703 	-0.05 	0.273 	59.81132 	-4.1120509 	1.8673774
-0.62582583 	-0.05 	0.273 	59.834488 	-4.1007411 	1.8670124
-0.62462462 	-0.05 	0.273 	59.857655 	-4.0894313 	1.8666474
-0.62342342 	-0.05 	0.273 	59.880823 	-4.0781215 	1.8662824
-0.62222222 	-0.05 	0.273 	59.903991 	-4.0668116 	1.8659174
-0.62102102 	-0.05 	0.273 	59.927159 	-4.0555018 	1.8655524
-0.61981982 	-0.05 	0.273 	59.950327 	-4.044192 	1.8651875
-0.61861862 	-0.05 	0.273 	59.973495 	-4.0328822 	1.8648225
-0.61741742 	-0.05 	0.273 	59.996663 	-4.0215724 	1.8644575
-0.61621622 	-0.05 	0.273 	60.020223 	-4.0101674 	1.8640895
-0.61501502 	-0.05 	0.273 	60.044144 	-4.0859589 	1.8637055
-0.61381381 	-0.05 	0.273 	60.067986 	-4.2136523 	1.8633143
-0.61261261 	-0.05 	0.273 	60.091828 	-4.3413456 	1.862923
-0.61141141 	-0.05 	0.273 	60.11567 	-4.469039 	1.8625318
-0.61021021 	-0.05 	0.273 	60.139512 	-4.5967323 	1.8621406
-0.60900901 	-0.05 	0.273 	60.163566 	-4.725072 	1.8614537
-0.60780781 	-0.05 	0.273 	60.187672 	-4.8535698 	1.8606946
-0.60660661 	-0.05 	0.273 	60.211778 	-4.9820676 	1.8599354
-0.60540541 	-0.05 	0.273 	60.235884 	-5.1105654 	1.8591762
-0.6042042 	-0.05 	0.273 	60.259991 	-5.2390632 	1.858417
-0.603003 	-0.05 	0.273 	60.28096 	-5.2382907 	1.8577871
-0.6018018 	-0.05 	0.273 	60.30272 	-5.2334211 	1.8571619
-0.6006006 	-0.05 	0.273 	60.32448 	-5.2285515 	1.8565368
-0.5993994 	-0.05 	0.273 	60.34624 	-5.2236819 	1.8559117
-0.5981982 	-0.05 	0.273 	60.368 	-5.2188123 	1.8552866
-0.596997 	-0.05 	0.273 	60.38976 	-5.2139427 	1.8546615
-0.5957958 	-0.05 	0.273 	60.411521 	-5.2090731 	1.8540364
-0.59459459 	-0.05 	0.273 	60.433281 	-5.2042035 	1.8534113
-0.59339339 	-0.05 	0.273 	60.455041 	-5.1993339 	1.8527862
-0.59219219 	-0.05 	0.273 	60.476801 	-5.1944643 	1.8521611
-0.59099099 	-0.05 	0.273 	60.498561 	-5.1895947 	1.851536
-0.58978979 	-0.05 	0.273 	60.520321 	-5.1847251 	1.8509109
-0.58858859 	-0.05 	0.273 	60.542081 	-5.1798555 	1.8502858
-0.58738739 	-0.05 	0.273 	60.563841 	-5.1749859 	1.8496607
-0.58618619 	-0.05 	0.273 	60.585601 	-5.1701163 	1.8490355
-0.58498498 	-0.05 	0.273 	60.60646 	-5.1335108 	1.8484223
-0.58378378 	-0.05 	0.273 	60.624484 	-4.997121 	1.8478466
-0.58258258 	-0.05 	0.273 	60.642508 	-4.8607313 	1.8472708
-0.58138138 	-0.05 	0.273 	60.660532 	-4.7243415 	1.846695
-0.58018018 	-0.05 	0.273 	60.678556 	-4.5879517 	1.8461192
-0.57897898 	-0.05 	0.273 	60.697097 	-4.450973 	1.8453894
-0.57777778 	-0.05 	0.273 	60.716358 	-4.3131753 	1.8444454
-0.57657658 	-0.05 	0.273 	60.735618 	-4.1753775 	1.8435015
-0.57537538 	-0.05 	0.273 	60.754879 	-4.0375798 	1.8425575
-0.57417417 	-0.05 	0.273 	60.774139 	-3.8997821 	1.8416135
-0.57297297 	-0.05 	0.273 	60.799601 	-3.8343882 	1.8406969
-0.57177177 	-0.05 	0.273 	60.829279 	-3.8182324 	1.8397989
-0.57057057 	-0.05 	0.273 	60.858958 	-3.8020766 	1.8389009
-0.56936937 	-0.05 	0.273 	60.888637 	-3.7859208 	1.8380028
-0.56816817 	-0.05 	0.273 	60.918316 	-3.769765 	1.8371048
-0.56696697 	-0.05 	0.273 	60.947994 	-3.7536092 	1.8362068
-0.56576577 	-0.05 	0.273 	60.977673 	-3.7374535 	1.8353087
-0.56456456 	-0.05 	0.273 	61.007352 	-3.7212977 	1.8344107
-0.56336336 	-0.05 	0.273 	61.037031 	-3.7051419 	1.8335127
-0.56216216 	-0.05 	0.273 	61.06671 	-3.6889861 	1.8326146
-0.56096096 	-0.05 	0.273 	61.096388 	-3.6728303 	1.8317166
-0.55975976 	-0.05 	0.273 	61.126067 	-3.6566745 	1.8308186
-0.55855856 	-0.05 	0.273 	61.155746 	-3.6405187 	1.8299206
-0.55735736 	-0.05 	0.273 	61.185425 	-3.6243629 	1.8290225
-0.55615616 	-0.05 	0.273 	61.215103 	-3.6082072 	1.8281245
-0.55495495 	-0.05 	0.273 	61.246929 	-3.5883557 	1.8272253
-0.55375375 	-0.05 	0.273 	61.290523 	-3.6674929 	1.8262527
-0.55255255 	-0.05 	0.273 	61.335554 	-3.7639358 	1.825268
-0.55135135 	-0.05 	0.273 	61.380584 	-3.8603788 	1.8242834
-0.55015015 	-0.05 	0.273 	61.425614 	-3.9568217 	1.8232988
-0.54894895 	-0.05 	0.273 	61.470584 	-4.0534365 	1.822302
-0.54774775 	-0.05 	0.273 	61.513944 	-4.1547055 	1.8209731
-0.54654655 	-0.05 	0.273 	61.557304 	-4.2559745 	1.8196443
-0.54534535 	-0.05 	0.273 	61.600664 	-4.3572435 	1.8183155
-0.54414414 	-0.05 	0.273 	61.644023 	-4.4585125 	1.8169867
-0.54294294 	-0.05 	0.273 	61.682372 	-4.5462135 	1.815687
-0.54174174 	-0.05 	0.273 	61.701803 	-4.571245 	1.8145028
-0.54054054 	-0.05 	0.273 	61.721096 	-4.5909356 	1.8133218
-0.53933934 	-0.05 	0.273 	61.740389 	-4.6106261 	1.8121409
-0.53813814 	-0.05 	0.273 	61.759682 	-4.6303167 	1.8109599
-0.53693694 	-0.05 	0.273 	61.778975 	-4.6500073 	1.8097789
-0.53573574 	-0.05 	0.273 	61.798268 	-4.6696979 	1.808598
-0.53453453 	-0.05 	0.273 	61.817561 	-4.6893884 	1.807417
-0.53333333 	-0.05 	0.273 	61.836854 	-4.709079 	1.8062361
-0.53213213 	-0.05 	0.273 	61.856147 	-4.7287696 	1.8050551
-0.53093093 	-0.05 	0.273 	61.87544 	-4.7484601 	1.8038741
-0.52972973 	-0.05 	0.273 	61.894733 	-4.7681507 	1.8026932
-0.52852853 	-0.05 	0.273 	61.914026 	-4.7878413 	1.8015122
-0.52732733 	-0.05 	0.273 	61.933319 	-4.8075318 	1.8003312
-0.52612613 	-0.05 	0.273 	61.952612 	-4.8272224 	1.7991503
-0.52492492 	-0.05 	0.273 	61.971906 	-4.846913 	1.7979693
-0.52372372 	-0.05 	0.273 	61.979926 	-4.8364606 	1.796777
-0.52252252 	-0.05 	0.273 	61.975294 	-4.7921769 	1.7955718
-0.52132132 	-0.05 	0.273 	61.970663 	-4.7478933 	1.7943667
-0.52012012 	-0.05 	0.273 	61.966031 	-4.7036097 	1.7931616
-0.51891892 	-0.05 	0.273 	61.961399 	-4.659326 	1.7919565
-0.51771772 	-0.05 	0.273 	61.955613 	-4.6120753 	1.7905346
-0.51651652 	-0.05 	0.273 	61.949196 	-4.5632056 	1.7889945
-0.51531532 	-0.05 	0.273 	61.94278 	-4.5143359 	1.7874544
-0.51411411 	-0.05 	0.273 	61.936363 	-4.4654662 	1.7859143
-0.51291291 	-0.05 	0.273 	61.929947 	-4.4165966 	1.7843742
-0.51171171 	-0.05 	0.273 	61.934271 	-4.3968008 	1.7829162
-0.51051051 	-0.05 	0.273 	61.940892 	-4.3832215 	1.7814757
-0.50930931 	-0.05 	0.273 	61.947513 	-4.3696422 	1.7800352
-0.50810811 	-0.05 	0.273 	61.954134 	-4.3560629 	1.7785948
-0.50690691 	-0.05 	0.273 	61.960755 	-4.3424836 	1.7771543
-0.50570571 	-0.05 	0.273 	61.967375 	-4.3289044 	1.7757138
-0.5045045 	-0.05 	0.273 	61.973996 	-4.3153251 	1.7742734
-0.5033033 	-0.05 	0.273 	61.980617 	-4.3017458 	1.7728329
-0.5021021 	-0.05 	0.273 	61.987238 	-4.2881665 	1.7713924
-0.5009009 	-0.05 	0.273 	61.993859 	-4.2745872 	1.769952
-0.4996997 	-0.05 	0.273 	62.000479 	-4.2610079 	1.7685115
-0.4984985 	-0.05 	0.273 	62.0071 	-4.2474287 	1.767071
-0.4972973 	-0.05 	0.273 	62.013721 	-4.2338494 	1.7656306
-0.4960961 	-0.05 	0.273 	62.020342 	-4.2202701 	1.7641901
-0.49489489 	-0.05 	0.273 	62.026963 	-4.2066908 	1.7627496
-0.49369369 	-0.05 	0.273 	62.031163 	-4.1920567 	1.761303
-0.49249249 	-0.05 	0.273 	62.044387 	-4.2066928 	1.7597853
-0.49129129 	-0.05 	0.273 	62.057611 	-4.221329 	1.7582677
-0.49009009 	-0.05 	0.273 	62.070835 	-4.2359651 	1.75675
-0.48888889 	-0.05 	0.273 	62.084059 	-4.2506013 	1.7552324
-0.48768769 	-0.05 	0.273 	62.097609 	-4.265411 	1.7536202
-0.48648649 	-0.05 	0.273 	62.112081 	-4.2807116 	1.7517407
-0.48528529 	-0.05 	0.273 	62.126553 	-4.2960122 	1.7498612
-0.48408408 	-0.05 	0.273 	62.141025 	-4.3113128 	1.7479818
-0.48288288 	-0.05 	0.273 	62.155497 	-4.3266134 	1.7461023
-0.48168168 	-0.05 	0.273 	62.170078 	-4.3308735 	1.7442965
-0.48048048 	-0.05 	0.273 	62.183499 	-4.3206286 	1.7425846
-0.47927928 	-0.05 	0.273 	62.196896 	-4.3103772 	1.7408728
-0.47807808 	-0.05 	0.273 	62.210293 	-4.3001257 	1.739161
-0.47687688 	-0.05 	0.273 	62.22369 	-4.2898742 	1.7374492
-0.47567568 	-0.05 	0.273 	62.237086 	-4.2796228 	1.7357374
-0.47447447 	-0.05 	0.273 	62.250483 	-4.2693713 	1.7340256
-0.47327327 	-0.05 	0.273 	62.26388 	-4.2591198 	1.7323137
-0.47207207 	-0.05 	0.273 	62.277276 	-4.2488684 	1.7306019
-0.47087087 	-0.05 	0.273 	62.290673 	-4.2386169 	1.7288901
-0.46966967 	-0.05 	0.273 	62.30407 	-4.2283654 	1.7271783
-0.46846847 	-0.05 	0.273 	62.317466 	-4.2181139 	1.7254665
-0.46726727 	-0.05 	0.273 	62.330863 	-4.2078625 	1.7237546
-0.46606607 	-0.05 	0.273 	62.34426 	-4.197611 	1.7220428
-0.46486486 	-0.05 	0.273 	62.357657 	-4.1873595 	1.720331
-0.46366366 	-0.05 	0.273 	62.371053 	-4.1771081 	1.7186192
-0.46246246 	-0.05 	0.273 	62.384402 	-4.1492184 	1.7168658
-0.46126126 	-0.05 	0.273 	62.397729 	-4.1137678 	1.7150946
-0.46006006 	-0.05 	0.273 	62.411057 	-4.0783173 	1.7133234
-0.45885886 	-0.05 	0.273 	62.424385 	-4.0428667 	1.7115522
-0.45765766 	-0.05 	0.273 	62.437712 	-4.0074161 	1.709781
-0.45645646 	-0.05 	0.273 	62.451529 	-3.9722195 	1.7076951
-0.45525526 	-0.05 	0.273 	62.465414 	-3.9370584 	1.7055651
-0.45405405 	-0.05 	0.273 	62.479298 	-3.9018972 	1.7034352
-0.45285285 	-0.05 	0.273 	62.493183 	-3.8667361 	1.7013052
-0.45165165 	-0.05 	0.273 	62.507198 	-3.8331138 	1.6991832
-0.45045045 	-0.05 	0.273 	62.523476 	-3.8262247 	1.6971998
-0.44924925 	-0.05 	0.273 	62.539754 	-3.8193356 	1.6952164
-0.44804805 	-0.05 	0.273 	62.556032 	-3.8124465 	1.6932329
-0.44684685 	-0.05 	0.273 	62.57231 	-3.8055575 	1.6912495
-0.44564565 	-0.05 	0.273 	62.588588 	-3.7986684 	1.689266
-0.44444444 	-0.05 	0.273 	62.604866 	-3.7917793 	1.6872826
-0.44324324 	-0.05 	0.273 	62.621144 	-3.7848903 	1.6852991
-0.44204204 	-0.05 	0.273 	62.637422 	-3.7780012 	1.6833157
-0.44084084 	-0.05 	0.273 	62.6537 	-3.7711121 	1.6813322
-0.43963964 	-0.05 	0.273 	62.669978 	-3.764223 	1.6793488
-0.43843844 	-0.05 	0.273 	62.686256 	-3.757334 	1.6773654
-0.43723724 	-0.05 	0.273 	62.702534 	-3.7504449 	1.6753819
-0.43603604 	-0.05 	0.273 	62.718812 	-3.7435558 	1.6733985
-0.43483483 	-0.05 	0.273 	62.73509 	-3.7366668 	1.671415
-0.43363363 	-0.05 	0.273 	62.751368 	-3.7297777 	1.6694316
-0.43243243 	-0.05 	0.273 	62.768819 	-3.7307365 	1.6674109
-0.43123123 	-0.05 	0.273 	62.78804 	-3.7501894 	1.6653102
-0.43003003 	-0.05 	0.273 	62.807262 	-3.7696422 	1.6632094
-0.42882883 	-0.05 	0.273 	62.826483 	-3.789095 	1.6611087
-0.42762763 	-0.05 	0.273 	62.845704 	-3.8085479 	1.6590079
-0.42642643 	-0.05 	0.273 	62.86533 	-3.8281515 	1.6567307
-0.42522523 	-0.05 	0.273 	62.885366 	-3.8479081 	1.6542741
-0.42402402 	-0.05 	0.273 	62.905401 	-3.8676648 	1.6518176
-0.42282282 	-0.05 	0.273 	62.925437 	-3.8874215 	1.6493611
-0.42162162 	-0.05 	0.273 	62.945473 	-3.9071782 	1.6469045
-0.42042042 	-0.05 	0.273 	62.966726 	-3.9102501 	1.6445794
-0.41921922 	-0.05 	0.273 	62.98746 	-3.9057842 	1.6423184
-0.41801802 	-0.05 	0.273 	63.008195 	-3.9013184 	1.6400574
-0.41681682 	-0.05 	0.273 	63.02893 	-3.8968525 	1.6377965
-0.41561562 	-0.05 	0.273 	63.049665 	-3.8923866 	1.6355355
-0.41441441 	-0.05 	0.273 	63.070399 	-3.8879207 	1.6332746
-0.41321321 	-0.05 	0.273 	63.091134 	-3.8834548 	1.6310136
-0.41201201 	-0.05 	0.273 	63.111869 	-3.878989 	1.6287526
-0.41081081 	-0.05 	0.273 	63.132604 	-3.8745231 	1.6264917
-0.40960961 	-0.05 	0.273 	63.153338 	-3.8700572 	1.6242307
-0.40840841 	-0.05 	0.273 	63.174073 	-3.8655913 	1.6219698
-0.40720721 	-0.05 	0.273 	63.194808 	-3.8611255 	1.6197088
-0.40600601 	-0.05 	0.273 	63.215542 	-3.8566596 	1.6174478
-0.4048048 	-0.05 	0.273 	63.236277 	-3.8521937 	1.6151869
-0.4036036 	-0.05 	0.273 	63.257012 	-3.8477278 	1.6129259
-0.4024024 	-0.05 	0.273 	63.277747 	-3.8432619 	1.610665
-0.4012012 	-0.05 	0.273 	63.30165 	-3.8147576 	1.6082903
-0.4 	-0.05 	0.273 	63.325777 	-3.7845596 	1.6059076
-0.3987988 	-0.05 	0.273 	63.349904 	-3.7543616 	1.6035249
-0.3975976 	-0.05 	0.273 	63.374031 	-3.7241636 	1.6011422
-0.3963964 	-0.05 	0.273 	63.398112 	-3.6941532 	1.5987236
-0.3951952 	-0.05 	0.273 	63.421832 	-3.6656542 	1.5960162
-0.39399399 	-0.05 	0.273 	63.445551 	-3.6371552 	1.5933087
-0.39279279 	-0.05 	0.273 	63.46927 	-3.6086562 	1.5906013
-0.39159159 	-0.05 	0.273 	63.49299 	-3.5801572 	1.5878938
-0.39039039 	-0.05 	0.273 	63.513813 	-3.5623643 	1.5852356
-0.38918919 	-0.05 	0.273 	63.527458 	-3.5710997 	1.5826994
-0.38798799 	-0.05 	0.273 	63.541103 	-3.5798351 	1.5801631
-0.38678679 	-0.05 	0.273 	63.554749 	-3.5885705 	1.5776269
-0.38558559 	-0.05 	0.273 	63.568394 	-3.5973059 	1.5750907
-0.38438438 	-0.05 	0.273 	63.582039 	-3.6060413 	1.5725544
-0.38318318 	-0.05 	0.273 	63.595685 	-3.6147767 	1.5700182
-0.38198198 	-0.05 	0.273 	63.60933 	-3.6235122 	1.5674819
-0.38078078 	-0.05 	0.273 	63.622975 	-3.6322476 	1.5649457
-0.37957958 	-0.05 	0.273 	63.636621 	-3.640983 	1.5624095
-0.37837838 	-0.05 	0.273 	63.650266 	-3.6497184 	1.5598732
-0.37717718 	-0.05 	0.273 	63.663911 	-3.6584538 	1.557337
-0.37597598 	-0.05 	0.273 	63.677557 	-3.6671892 	1.5548007
-0.37477477 	-0.05 	0.273 	63.691202 	-3.6759246 	1.5522645
-0.37357357 	-0.05 	0.273 	63.704847 	-3.68466 	1.5497283
-0.37237237 	-0.05 	0.273 	63.718493 	-3.6933954 	1.547192
-0.37117117 	-0.05 	0.273 	63.723618 	-3.7291959 	1.5445578
-0.36996997 	-0.05 	0.273 	63.723252 	-3.7836911 	1.5418446
-0.36876877 	-0.05 	0.273 	63.722887 	-3.8381863 	1.5391313
-0.36756757 	-0.05 	0.273 	63.722521 	-3.8926815 	1.5364181
-0.36636637 	-0.05 	0.273 	63.722155 	-3.9471768 	1.5337048
-0.36516517 	-0.05 	0.273 	63.722577 	-3.9987762 	1.5307646
-0.36396396 	-0.05 	0.273 	63.723297 	-4.0492779 	1.5277382
-0.36276276 	-0.05 	0.273 	63.724016 	-4.0997797 	1.5247119
-0.36156156 	-0.05 	0.273 	63.724736 	-4.1502814 	1.5216856
-0.36036036 	-0.05 	0.273 	63.725456 	-4.2007832 	1.5186593
-0.35915916 	-0.05 	0.273 	63.737627 	-4.1832242 	1.515841
-0.35795796 	-0.05 	0.273 	63.751972 	-4.1603041 	1.5130427
-0.35675676 	-0.05 	0.273 	63.766316 	-4.137384 	1.5102443
-0.35555556 	-0.05 	0.273 	63.780661 	-4.1144639 	1.507446
-0.35435435 	-0.05 	0.273 	63.795005 	-4.0915439 	1.5046477
-0.35315315 	-0.05 	0.273 	63.80935 	-4.0686238 	1.5018494
-0.35195195 	-0.05 	0.273 	63.823694 	-4.0457037 	1.4990511
-0.35075075 	-0.05 	0.273 	63.838039 	-4.0227836 	1.4962527
-0.34954955 	-0.05 	0.273 	63.852383 	-3.9998636 	1.4934544
-0.34834835 	-0.05 	0.273 	63.866728 	-3.9769435 	1.4906561
-0.34714715 	-0.05 	0.273 	63.881072 	-3.9540234 	1.4878578
-0.34594595 	-0.05 	0.273 	63.895417 	-3.9311033 	1.4850595
-0.34474474 	-0.05 	0.273 	63.909761 	-3.9081833 	1.4822611
-0.34354354 	-0.05 	0.273 	63.924106 	-3.8852632 	1.4794628
-0.34234234 	-0.05 	0.273 	63.93845 	-3.8623431 	1.4766645
-0.34114114 	-0.05 	0.273 	63.954318 	-3.8258126 	1.4738454
-0.33993994 	-0.05 	0.273 	63.97785 	-3.7208076 	1.470922
-0.33873874 	-0.05 	0.273 	64.001383 	-3.6158027 	1.4679985
-0.33753754 	-0.05 	0.273 	64.024915 	-3.5107977 	1.4650751
-0.33633634 	-0.05 	0.273 	64.048447 	-3.4057928 	1.4621516
-0.33513514 	-0.05 	0.273 	64.072718 	-3.301271 	1.4591139
-0.33393393 	-0.05 	0.273 	64.098399 	-3.1976735 	1.4558576
-0.33273273 	-0.05 	0.273 	64.124081 	-3.0940761 	1.4526013
-0.33153153 	-0.05 	0.273 	64.149762 	-2.9904786 	1.4493449
-0.33033033 	-0.05 	0.273 	64.175444 	-2.8868811 	1.4460886
-0.32912913 	-0.05 	0.273 	64.199616 	-2.8297068 	1.442924
-0.32792793 	-0.05 	0.273 	64.222396 	-2.8153019 	1.439844
-0.32672673 	-0.05 	0.273 	64.245177 	-2.8008971 	1.4367639
-0.32552553 	-0.05 	0.273 	64.267958 	-2.7864923 	1.4336838
-0.32432432 	-0.05 	0.273 	64.290739 	-2.7720874 	1.4306037
-0.32312312 	-0.05 	0.273 	64.313519 	-2.7576826 	1.4275236
-0.32192192 	-0.05 	0.273 	64.3363 	-2.7432777 	1.4244435
-0.32072072 	-0.05 	0.273 	64.359081 	-2.7288729 	1.4213634
-0.31951952 	-0.05 	0.273 	64.381862 	-2.7144681 	1.4182833
-0.31831832 	-0.05 	0.273 	64.404642 	-2.7000632 	1.4152033
-0.31711712 	-0.05 	0.273 	64.427423 	-2.6856584 	1.4121232
-0.31591592 	-0.05 	0.273 	64.450204 	-2.6712535 	1.4090431
-0.31471471 	-0.05 	0.273 	64.472984 	-2.6568487 	1.405963
-0.31351351 	-0.05 	0.273 	64.495765 	-2.6424439 	1.4028829
-0.31231231 	-0.05 	0.273 	64.518546 	-2.628039 	1.3998028
-0.31111111 	-0.05 	0.273 	64.541327 	-2.6136342 	1.3967227
-0.30990991 	-0.05 	0.273 	64.564512 	-2.6698837 	1.3934511
-0.30870871 	-0.05 	0.273 	64.587686 	-2.7455779 	1.3901264
-0.30750751 	-0.05 	0.273 	64.61086 	-2.8212721 	1.3868017
-0.30630631 	-0.05 	0.273 	64.634034 	-2.8969663 	1.383477
-0.30510511 	-0.05 	0.273 	64.657208 	-2.9726605 	1.3801523
-0.3039039 	-0.05 	0.273 	64.680879 	-3.0492861 	1.3765384
-0.3027027 	-0.05 	0.273 	64.70457 	-3.1259485 	1.372913
-0.3015015 	-0.05 	0.273 	64.728262 	-3.2026109 	1.3692877
-0.3003003 	-0.05 	0.273 	64.751953 	-3.2792733 	1.3656623
-0.2990991 	-0.05 	0.273 	64.775573 	-3.3446321 	1.3620729
-0.2978979 	-0.05 	0.273 	64.798738 	-3.3401559 	1.3587055
-0.2966967 	-0.05 	0.273 	64.821903 	-3.3356798 	1.355338
-0.2954955 	-0.05 	0.273 	64.845069 	-3.3312037 	1.3519705
-0.29429429 	-0.05 	0.273 	64.868234 	-3.3267276 	1.348603
-0.29309309 	-0.05 	0.273 	64.8914 	-3.3222515 	1.3452356
-0.29189189 	-0.05 	0.273 	64.914565 	-3.3177754 	1.3418681
-0.29069069 	-0.05 	0.273 	64.937731 	-3.3132993 	1.3385006
-0.28948949 	-0.05 	0.273 	64.960896 	-3.3088231 	1.3351331
-0.28828829 	-0.05 	0.273 	64.984062 	-3.304347 	1.3317657
-0.28708709 	-0.05 	0.273 	65.007227 	-3.2998709 	1.3283982
-0.28588589 	-0.05 	0.273 	65.030393 	-3.2953948 	1.3250307
-0.28468468 	-0.05 	0.273 	65.053558 	-3.2909187 	1.3216633
-0.28348348 	-0.05 	0.273 	65.076724 	-3.2864426 	1.3182958
-0.28228228 	-0.05 	0.273 	65.099889 	-3.2819664 	1.3149283
-0.28108108 	-0.05 	0.273 	65.123055 	-3.2774903 	1.3115608
-0.27987988 	-0.05 	0.273 	65.146162 	-3.2406134 	1.3081128
-0.27867868 	-0.05 	0.273 	65.169183 	-3.1551356 	1.3045438
-0.27747748 	-0.05 	0.273 	65.192204 	-3.0696578 	1.3009749
-0.27627628 	-0.05 	0.273 	65.215225 	-2.9841801 	1.2974059
-0.27507508 	-0.05 	0.273 	65.238246 	-2.8987023 	1.293837
-0.27387387 	-0.05 	0.273 	65.26203 	-2.8129083 	1.2901032
-0.27267267 	-0.05 	0.273 	65.286373 	-2.7268817 	1.2862481
-0.27147147 	-0.05 	0.273 	65.310717 	-2.6408551 	1.282393
-0.27027027 	-0.05 	0.273 	65.335061 	-2.5548284 	1.2785379
-0.26906907 	-0.05 	0.273 	65.359405 	-2.4688018 	1.2746828
-0.26786787 	-0.05 	0.273 	65.390229 	-2.4417209 	1.2709831
-0.26666667 	-0.05 	0.273 	65.423151 	-2.4337157 	1.267335
-0.26546547 	-0.05 	0.273 	65.456072 	-2.4257104 	1.2636868
-0.26426426 	-0.05 	0.273 	65.488994 	-2.4177051 	1.2600387
-0.26306306 	-0.05 	0.273 	65.521916 	-2.4096999 	1.2563905
-0.26186186 	-0.05 	0.273 	65.554838 	-2.4016946 	1.2527424
-0.26066066 	-0.05 	0.273 	65.587759 	-2.3936894 	1.2490942
-0.25945946 	-0.05 	0.273 	65.620681 	-2.3856841 	1.2454461
-0.25825826 	-0.05 	0.273 	65.653603 	-2.3776788 	1.2417979
-0.25705706 	-0.05 	0.273 	65.686525 	-2.3696736 	1.2381498
-0.25585586 	-0.05 	0.273 	65.719446 	-2.3616683 	1.2345016
-0.25465465 	-0.05 	0.273 	65.752368 	-2.3536631 	1.2308535
-0.25345345 	-0.05 	0.273 	65.78529 	-2.3456578 	1.2272053
-0.25225225 	-0.05 	0.273 	65.818212 	-2.3376525 	1.2235572
-0.25105105 	-0.05 	0.273 	65.851133 	-2.3296473 	1.219909
-0.24984985 	-0.05 	0.273 	65.884055 	-2.321642 	1.2162609
-0.24864865 	-0.05 	0.273 	65.92749 	-2.383984 	1.2123375
-0.24744745 	-0.05 	0.273 	65.971027 	-2.4470118 	1.2084115
-0.24624625 	-0.05 	0.273 	66.014564 	-2.5100396 	1.2044854
-0.24504505 	-0.05 	0.273 	66.058102 	-2.5730674 	1.2005593
-0.24384384 	-0.05 	0.273 	66.101454 	-2.6365262 	1.1965772
-0.24264264 	-0.05 	0.273 	66.144036 	-2.7017819 	1.1923614
-0.24144144 	-0.05 	0.273 	66.186619 	-2.7670376 	1.1881455
-0.24024024 	-0.05 	0.273 	66.229201 	-2.8322933 	1.1839297
-0.23903904 	-0.05 	0.273 	66.271783 	-2.897549 	1.1797139
-0.23783784 	-0.05 	0.273 	66.307184 	-2.9367912 	1.1755822
-0.23663664 	-0.05 	0.273 	66.332763 	-2.9402979 	1.1716329
-0.23543544 	-0.05 	0.273 	66.358341 	-2.9438045 	1.1676837
-0.23423423 	-0.05 	0.273 	66.383919 	-2.9473112 	1.1637344
-0.23303303 	-0.05 	0.273 	66.409497 	-2.9508178 	1.1597852
-0.23183183 	-0.05 	0.273 	66.435075 	-2.9543245 	1.1558359
-0.23063063 	-0.05 	0.273 	66.460654 	-2.9578311 	1.1518867
-0.22942943 	-0.05 	0.273 	66.486232 	-2.9613378 	1.1479374
-0.22822823 	-0.05 	0.273 	66.51181 	-2.9648444 	1.1439882
-0.22702703 	-0.05 	0.273 	66.537388 	-2.9683511 	1.1400389
-0.22582583 	-0.05 	0.273 	66.562967 	-2.9718577 	1.1360897
-0.22462462 	-0.05 	0.273 	66.588545 	-2.9753644 	1.1321404
-0.22342342 	-0.05 	0.273 	66.614123 	-2.9788711 	1.1281912
-0.22222222 	-0.05 	0.273 	66.639701 	-2.9823777 	1.1242419
-0.22102102 	-0.05 	0.273 	66.66528 	-2.9858844 	1.1202927
-0.21981982 	-0.05 	0.273 	66.690858 	-2.989391 	1.1163434
-0.21861862 	-0.05 	0.273 	66.706116 	-2.9678568 	1.112249
-0.21741742 	-0.05 	0.273 	66.711979 	-2.923527 	1.1080225
-0.21621622 	-0.05 	0.273 	66.717841 	-2.8791971 	1.1037959
-0.21501502 	-0.05 	0.273 	66.723704 	-2.8348673 	1.0995694
-0.21381381 	-0.05 	0.273 	66.729567 	-2.7905374 	1.0953428
-0.21261261 	-0.05 	0.273 	66.734934 	-2.7431863 	1.0909015
-0.21141141 	-0.05 	0.273 	66.740184 	-2.6951263 	1.0864097
-0.21021021 	-0.05 	0.273 	66.745435 	-2.6470662 	1.0819179
-0.20900901 	-0.05 	0.273 	66.750686 	-2.5990061 	1.0774261
-0.20780781 	-0.05 	0.273 	66.75749 	-2.5543977 	1.0728895
-0.20660661 	-0.05 	0.273 	66.774348 	-2.5312727 	1.0686606
-0.20540541 	-0.05 	0.273 	66.791211 	-2.5081466 	1.0644397
-0.2042042 	-0.05 	0.273 	66.808073 	-2.4850204 	1.0602188
-0.203003 	-0.05 	0.273 	66.824935 	-2.4618943 	1.0559979
-0.2018018 	-0.05 	0.273 	66.841798 	-2.4387681 	1.051777
-0.2006006 	-0.05 	0.273 	66.85866 	-2.415642 	1.0475561
-0.1993994 	-0.05 	0.273 	66.875522 	-2.3925158 	1.0433352
-0.1981982 	-0.05 	0.273 	66.892385 	-2.3693897 	1.0391143
-0.196997 	-0.05 	0.273 	66.909247 	-2.3462635 	1.0348934
-0.1957958 	-0.05 	0.273 	66.92611 	-2.3231374 	1.0306725
-0.19459459 	-0.05 	0.273 	66.942972 	-2.3000112 	1.0264517
-0.19339339 	-0.05 	0.273 	66.959834 	-2.2768851 	1.0222308
-0.19219219 	-0.05 	0.273 	66.976697 	-2.2537589 	1.0180099
-0.19099099 	-0.05 	0.273 	66.993559 	-2.2306328 	1.013789
-0.18978979 	-0.05 	0.273 	67.010422 	-2.2075066 	1.0095681
-0.18858859 	-0.05 	0.273 	67.027421 	-2.1847205 	1.0053416
-0.18738739 	-0.05 	0.273 	67.051515 	-2.1795096 	1.0008272
-0.18618619 	-0.05 	0.273 	67.075609 	-2.1742986 	0.99631281
-0.18498498 	-0.05 	0.273 	67.099703 	-2.1690876 	0.99179841
-0.18378378 	-0.05 	0.273 	67.123796 	-2.1638766 	0.98728401
-0.18258258 	-0.05 	0.273 	67.148751 	-2.1591851 	0.98266561
-0.18138138 	-0.05 	0.273 	67.174865 	-2.1551926 	0.97790729
-0.18018018 	-0.05 	0.273 	67.200979 	-2.1512001 	0.97314898
-0.17897898 	-0.05 	0.273 	67.227092 	-2.1472076 	0.96839067
-0.17777778 	-0.05 	0.273 	67.253206 	-2.1432151 	0.96363235
-0.17657658 	-0.05 	0.273 	67.281468 	-2.1318034 	0.95890458
-0.17537538 	-0.05 	0.273 	67.310197 	-2.1191281 	0.95437188
-0.17417417 	-0.05 	0.273 	67.338926 	-2.1064528 	0.94983919
-0.17297297 	-0.05 	0.273 	67.367655 	-2.0937775 	0.9453065
-0.17177177 	-0.05 	0.273 	67.396384 	-2.0811022 	0.9407738
-0.17057057 	-0.05 	0.273 	67.425113 	-2.068427 	0.93624111
-0.16936937 	-0.05 	0.273 	67.453842 	-2.0557517 	0.93170842
-0.16816817 	-0.05 	0.273 	67.482571 	-2.0430764 	0.92717573
-0.16696697 	-0.05 	0.273 	67.5113 	-2.0304011 	0.92264303
-0.16576577 	-0.05 	0.273 	67.540029 	-2.0177258 	0.91811034
-0.16456456 	-0.05 	0.273 	67.568758 	-2.0050506 	0.91357765
-0.16336336 	-0.05 	0.273 	67.597487 	-1.9923753 	0.90904496
-0.16216216 	-0.05 	0.273 	67.626216 	-1.9797 	0.90451226
-0.16096096 	-0.05 	0.273 	67.654945 	-1.9670247 	0.89997957
-0.15975976 	-0.05 	0.273 	67.683674 	-1.9543494 	0.89544688
-0.15855856 	-0.05 	0.273 	67.712403 	-1.9416742 	0.89091419
-0.15735736 	-0.05 	0.273 	67.742499 	-1.9226184 	0.88613556
-0.15615616 	-0.05 	0.273 	67.773458 	-1.8995346 	0.88120168
-0.15495495 	-0.05 	0.273 	67.804417 	-1.8764508 	0.87626781
-0.15375375 	-0.05 	0.273 	67.835375 	-1.853367 	0.87133393
-0.15255255 	-0.05 	0.273 	67.866391 	-1.8302299 	0.86639123
-0.15135135 	-0.05 	0.273 	67.898713 	-1.8058624 	0.86124493
-0.15015015 	-0.05 	0.273 	67.931035 	-1.7814948 	0.85609862
-0.14894895 	-0.05 	0.273 	67.963357 	-1.7571273 	0.85095232
-0.14774775 	-0.05 	0.273 	67.995679 	-1.7327597 	0.84580602
-0.14654655 	-0.05 	0.273 	68.030502 	-1.7083694 	0.84062995
-0.14534535 	-0.05 	0.273 	68.06824 	-1.683893 	0.83579686
-0.14414414 	-0.05 	0.273 	68.105978 	-1.6594166 	0.83096377
-0.14294294 	-0.05 	0.273 	68.143716 	-1.6349402 	0.82613068
-0.14174174 	-0.05 	0.273 	68.181453 	-1.6104638 	0.82129758
-0.14054054 	-0.05 	0.273 	68.219191 	-1.5859874 	0.81646449
-0.13933934 	-0.05 	0.273 	68.256929 	-1.561511 	0.8116314
-0.13813814 	-0.05 	0.273 	68.294667 	-1.5370346 	0.80679831
-0.13693694 	-0.05 	0.273 	68.332405 	-1.5125583 	0.80196521
-0.13573574 	-0.05 	0.273 	68.370143 	-1.4880819 	0.79713212
-0.13453453 	-0.05 	0.273 	68.40788 	-1.4636055 	0.79229903
-0.13333333 	-0.05 	0.273 	68.445618 	-1.4391291 	0.78746594
-0.13213213 	-0.05 	0.273 	68.483356 	-1.4146527 	0.78263285
-0.13093093 	-0.05 	0.273 	68.521094 	-1.3901763 	0.77779975
-0.12972973 	-0.05 	0.273 	68.558832 	-1.3656999 	0.77296666
-0.12852853 	-0.05 	0.273 	68.596569 	-1.3412235 	0.76813357
-0.12732733 	-0.05 	0.273 	68.634367 	-1.3163386 	0.76323621
-0.12612613 	-0.05 	0.273 	68.672425 	-1.2896605 	0.75805679
-0.12492492 	-0.05 	0.273 	68.710484 	-1.2629825 	0.75287738
-0.12372372 	-0.05 	0.273 	68.748542 	-1.2363045 	0.74769796
-0.12252252 	-0.05 	0.273 	68.7866 	-1.2096264 	0.74251855
-0.12132132 	-0.05 	0.273 	68.825479 	-1.1817679 	0.73723029
-0.12012012 	-0.05 	0.273 	68.864788 	-1.1532888 	0.73188482
-0.11891892 	-0.05 	0.273 	68.904097 	-1.1248097 	0.72653935
-0.11771772 	-0.05 	0.273 	68.943406 	-1.0963306 	0.72119389
-0.11651652 	-0.05 	0.273 	68.983356 	-1.0657664 	0.71577086
-0.11531532 	-0.05 	0.273 	69.02708 	-1.0233892 	0.71053746
-0.11411411 	-0.05 	0.273 	69.07086 	-0.9809207 	0.7054278
-0.11291291 	-0.05 	0.273 	69.11464 	-0.9384522 	0.70031815
-0.11171171 	-0.05 	0.273 	69.15842 	-0.89598371 	0.69520849
-0.11051051 	-0.05 	0.273 	69.202201 	-0.85351521 	0.69009883
-0.10930931 	-0.05 	0.273 	69.245981 	-0.81104671 	0.68498918
-0.10810811 	-0.05 	0.273 	69.289761 	-0.76857822 	0.67987952
-0.10690691 	-0.05 	0.273 	69.333541 	-0.72610972 	0.67476986
-0.10570571 	-0.05 	0.273 	69.377321 	-0.68364123 	0.66966021
-0.1045045 	-0.05 	0.273 	69.421101 	-0.64117273 	0.66455055
-0.1033033 	-0.05 	0.273 	69.464881 	-0.59870423 	0.6594409
-0.1021021 	-0.05 	0.273 	69.508661 	-0.55623574 	0.65433124
-0.1009009 	-0.05 	0.273 	69.552441 	-0.51376724 	0.64922158
-0.0996997 	-0.05 	0.273 	69.596222 	-0.47129875 	0.64411193
-0.098498498 	-0.05 	0.273 	69.640002 	-0.42883025 	0.63900227
-0.097297297 	-0.05 	0.273 	69.683782 	-0.38636175 	0.63389262
-0.096096096 	-0.05 	0.273 	69.724538 	-0.33460491 	0.62854784
-0.094894895 	-0.05 	0.273 	69.763931 	-0.2786584 	0.623097
-0.093693694 	-0.05 	0.273 	69.803323 	-0.22271188 	0.61764616
-0.092492492 	-0.05 	0.273 	69.842716 	-0.16676537 	0.61219532
-0.091291291 	-0.05 	0.273 	69.882203 	-0.10981808 	0.60671313
-0.09009009 	-0.05 	0.273 	69.921953 	-0.050122473 	0.60114483
-0.088888889 	-0.05 	0.273 	69.961702 	0.0095731314 	0.59557654
-0.087687688 	-0.05 	0.273 	70.001452 	0.069268736 	0.59000824
-0.086486486 	-0.05 	0.273 	70.041201 	0.12896434 	0.58443995
-0.085285285 	-0.05 	0.273 	70.087959 	0.20425287 	0.57865969
-0.084084084 	-0.05 	0.273 	70.135758 	0.28169624 	0.57324716
-0.082882883 	-0.05 	0.273 	70.183556 	0.3591396 	0.56783463
-0.081681682 	-0.05 	0.273 	70.231355 	0.43658297 	0.5624221
-0.08048048 	-0.05 	0.273 	70.279153 	0.51402634 	0.55700957
-0.079279279 	-0.05 	0.273 	70.326952 	0.59146971 	0.55159704
-0.078078078 	-0.05 	0.273 	70.37475 	0.66891308 	0.54618451
-0.076876877 	-0.05 	0.273 	70.422549 	0.74635645 	0.54077198
-0.075675676 	-0.05 	0.273 	70.470347 	0.82379981 	0.53535945
-0.074474474 	-0.05 	0.273 	70.518145 	0.90124318 	0.52994692
-0.073273273 	-0.05 	0.273 	70.565944 	0.97868655 	0.52453439
-0.072072072 	-0.05 	0.273 	70.613742 	1.0561299 	0.51912186
-0.070870871 	-0.05 	0.273 	70.661541 	1.1335733 	0.51370933
-0.06966967 	-0.05 	0.273 	70.709339 	1.2110167 	0.5082968
-0.068468468 	-0.05 	0.273 	70.757138 	1.28846 	0.50288427
-0.067267267 	-0.05 	0.273 	70.804936 	1.3659034 	0.49747174
-0.066066066 	-0.05 	0.273 	70.850716 	1.4452013 	0.49200437
-0.064864865 	-0.05 	0.273 	70.88326 	1.5366575 	0.48617748
-0.063663664 	-0.05 	0.273 	70.915805 	1.6281137 	0.48035058
-0.062462462 	-0.05 	0.273 	70.948349 	1.7195699 	0.47452368
-0.061261261 	-0.05 	0.273 	70.980893 	1.8110261 	0.46869678
-0.06006006 	-0.05 	0.273 	71.003147 	1.9125035 	0.46283617
-0.058858859 	-0.05 	0.273 	71.02398 	2.0153636 	0.4569709
-0.057657658 	-0.05 	0.273 	71.044813 	2.1182237 	0.45110564
-0.056456456 	-0.05 	0.273 	71.065646 	2.2210837 	0.44524037
-0.055255255 	-0.05 	0.273 	71.073364 	2.3585761 	0.43907131
-0.054054054 	-0.05 	0.273 	71.070532 	2.5243845 	0.43342159
-0.052852853 	-0.05 	0.273 	71.067699 	2.6901929 	0.42777188
-0.051651652 	-0.05 	0.273 	71.064866 	2.8560014 	0.42212216
-0.05045045 	-0.05 	0.273 	71.062034 	3.0218098 	0.41647244
-0.049249249 	-0.05 	0.273 	71.059201 	3.1876182 	0.41082273
-0.048048048 	-0.05 	0.273 	71.056368 	3.3534267 	0.40517301
-0.046846847 	-0.05 	0.273 	71.053535 	3.5192351 	0.39952329
-0.045645646 	-0.05 	0.273 	71.050703 	3.6850435 	0.39387358
-0.044444444 	-0.05 	0.273 	71.04787 	3.8508519 	0.38822386
-0.043243243 	-0.05 	0.273 	71.045037 	4.0166604 	0.38257414
-0.042042042 	-0.05 	0.273 	71.042205 	4.1824688 	0.37692442
-0.040840841 	-0.05 	0.273 	71.039372 	4.3482772 	0.37127471
-0.03963964 	-0.05 	0.273 	71.036539 	4.5140856 	0.36562499
-0.038438438 	-0.05 	0.273 	71.033707 	4.6798941 	0.35997527
-0.037237237 	-0.05 	0.273 	71.030874 	4.8457025 	0.35432556
-0.036036036 	-0.05 	0.273 	71.024153 	5.015434 	0.34863168
-0.034834835 	-0.05 	0.273 	70.969642 	5.2333837 	0.3423951
-0.033633634 	-0.05 	0.273 	70.915131 	5.4513334 	0.33615851
-0.032432432 	-0.05 	0.273 	70.86062 	5.6692831 	0.32992193
-0.031231231 	-0.05 	0.273 	70.806109 	5.8872328 	0.32368535
-0.03003003 	-0.05 	0.273 	70.716975 	6.1249143 	0.31735443
-0.028828829 	-0.05 	0.273 	70.578215 	6.3908696 	0.31087949
-0.027627628 	-0.05 	0.273 	70.439455 	6.6568248 	0.30440454
-0.026426426 	-0.05 	0.273 	70.300695 	6.92278 	0.2979296
-0.025225225 	-0.05 	0.273 	70.161936 	7.1887352 	0.29145465
-0.024024024 	-0.05 	0.273 	70.034198 	7.3753507 	0.28580465
-0.022822823 	-0.05 	0.273 	69.91484 	7.501643 	0.28078187
-0.021621622 	-0.05 	0.273 	69.795482 	7.6279352 	0.27575908
-0.02042042 	-0.05 	0.273 	69.743621 	7.8702166 	0.26961171
-0.019219219 	-0.05 	0.273 	69.693885 	8.1161486 	0.26342896
-0.018018018 	-0.05 	0.273 	69.644149 	8.3620806 	0.2572462
-0.016816817 	-0.05 	0.273 	69.594412 	8.6080126 	0.25106344
-0.015615616 	-0.05 	0.273 	69.544676 	8.8539446 	0.24488068
-0.014414414 	-0.05 	0.273 	69.49494 	9.0998767 	0.23869792
-0.013213213 	-0.05 	0.273 	69.445204 	9.3458087 	0.23251516
-0.012012012 	-0.05 	0.273 	69.395468 	9.5917407 	0.22633241
-0.010810811 	-0.05 	0.273 	69.180629 	9.5261402 	0.22114985
-0.0096096096 	-0.05 	0.273 	68.949731 	9.4302359 	0.21606458
-0.0084084084 	-0.05 	0.273 	68.718832 	9.3343316 	0.21097931
-0.0072072072 	-0.05 	0.273 	68.487934 	9.2384273 	0.20589405
-0.006006006 	-0.05 	0.273 	68.257035 	9.1425231 	0.20080878
-0.0048048048 	-0.05 	0.273 	68.129911 	9.1000174 	0.19558046
-0.0036036036 	-0.05 	0.273 	68.029644 	9.0713316 	0.19031512
-0.0024024024 	-0.05 	0.273 	67.929377 	9.0426457 	0.18504978
-0.0012012012 	-0.05 	0.273 	67.82911 	9.0139599 	0.17978444
-7.9667108e-15 	-0.05 	0.273 	67.728843 	8.985274 	0.1745191
