-1.2 	-0.05 	0.364 	46.655076 	-2.9520293 	1.5405843
-1.1987988 	-0.05 	0.364 	46.663118 	-2.9526312 	1.5440273
-1.1975976 	-0.05 	0.364 	46.671159 	-2.953233 	1.5474704
-1.1963964 	-0.05 	0.364 	46.679201 	-2.9538349 	1.5509134
-1.1951952 	-0.05 	0.364 	46.687242 	-2.9544368 	1.5543565
-1.193994 	-0.05 	0.364 	46.695284 	-2.9550387 	1.5577995
-1.1927928 	-0.05 	0.364 	46.703325 	-2.9556405 	1.5612425
-1.1915916 	-0.05 	0.364 	46.711366 	-2.9562424 	1.5646856
-1.1903904 	-0.05 	0.364 	46.719408 	-2.9568443 	1.5681286
-1.1891892 	-0.05 	0.364 	46.727449 	-2.9574461 	1.5715717
-1.187988 	-0.05 	0.364 	46.735491 	-2.958048 	1.5750147
-1.1867868 	-0.05 	0.364 	46.743532 	-2.9586499 	1.5784577
-1.1855856 	-0.05 	0.364 	46.751574 	-2.9592518 	1.5819008
-1.1843844 	-0.05 	0.364 	46.759615 	-2.9598536 	1.5853438
-1.1831832 	-0.05 	0.364 	46.767657 	-2.9604555 	1.5887869
-1.181982 	-0.05 	0.364 	46.775698 	-2.9610574 	1.5922299
-1.1807808 	-0.05 	0.364 	46.783739 	-2.9616592 	1.5956729
-1.1795796 	-0.05 	0.364 	46.791781 	-2.9622611 	1.599116
-1.1783784 	-0.05 	0.364 	46.799822 	-2.962863 	1.602559
-1.1771772 	-0.05 	0.364 	46.807864 	-2.9634649 	1.606002
-1.175976 	-0.05 	0.364 	46.815905 	-2.9640667 	1.6094451
-1.1747748 	-0.05 	0.364 	46.823947 	-2.9646686 	1.6128881
-1.1735736 	-0.05 	0.364 	46.831988 	-2.9652705 	1.6163312
-1.1723724 	-0.05 	0.364 	46.84003 	-2.9658723 	1.6197742
-1.1711712 	-0.05 	0.364 	46.848071 	-2.9664742 	1.6232172
-1.16997 	-0.05 	0.364 	46.856112 	-2.9670761 	1.6266603
-1.1687688 	-0.05 	0.364 	46.864154 	-2.967678 	1.6301033
-1.1675676 	-0.05 	0.364 	46.872195 	-2.9682798 	1.6335464
-1.1663664 	-0.05 	0.364 	46.880237 	-2.9688817 	1.6369894
-1.1651652 	-0.05 	0.364 	46.888278 	-2.9694836 	1.6404324
-1.163964 	-0.05 	0.364 	46.89632 	-2.9700855 	1.6438755
-1.1627628 	-0.05 	0.364 	46.904364 	-2.9706356 	1.6473172
-1.1615616 	-0.05 	0.364 	46.91241 	-2.9711597 	1.6507581
-1.1603604 	-0.05 	0.364 	46.920456 	-2.9716839 	1.6541991
-1.1591592 	-0.05 	0.364 	46.928502 	-2.9722081 	1.6576401
-1.157958 	-0.05 	0.364 	46.963856 	-3.0046132 	1.6611015
-1.1567568 	-0.05 	0.364 	47.000673 	-3.0387211 	1.6645748
-1.1555556 	-0.05 	0.364 	47.03749 	-3.072829 	1.668048
-1.1543544 	-0.05 	0.364 	47.074306 	-3.106937 	1.6715213
-1.1531532 	-0.05 	0.364 	47.111123 	-3.1410449 	1.6749945
-1.151952 	-0.05 	0.364 	47.14794 	-3.1751528 	1.6784678
-1.1507508 	-0.05 	0.364 	47.184757 	-3.2092607 	1.681941
-1.1495495 	-0.05 	0.364 	47.221574 	-3.2433686 	1.6854142
-1.1483483 	-0.05 	0.364 	47.25839 	-3.2774765 	1.6888875
-1.1471471 	-0.05 	0.364 	47.295207 	-3.3115844 	1.6923607
-1.1459459 	-0.05 	0.364 	47.332024 	-3.3456923 	1.695834
-1.1447447 	-0.05 	0.364 	47.368841 	-3.3798003 	1.6993072
-1.1435435 	-0.05 	0.364 	47.405658 	-3.4139082 	1.7027805
-1.1423423 	-0.05 	0.364 	47.442474 	-3.4480161 	1.7062537
-1.1411411 	-0.05 	0.364 	47.479291 	-3.482124 	1.709727
-1.1399399 	-0.05 	0.364 	47.516108 	-3.5162319 	1.7132002
-1.1387387 	-0.05 	0.364 	47.552925 	-3.5503398 	1.7166734
-1.1375375 	-0.05 	0.364 	47.589742 	-3.5844477 	1.7201467
-1.1363363 	-0.05 	0.364 	47.626558 	-3.6185557 	1.7236199
-1.1351351 	-0.05 	0.364 	47.663375 	-3.6526636 	1.7270932
-1.1339339 	-0.05 	0.364 	47.700192 	-3.6867715 	1.7305664
-1.1327327 	-0.05 	0.364 	47.737009 	-3.7208794 	1.7340397
-1.1315315 	-0.05 	0.364 	47.773826 	-3.7549873 	1.7375129
-1.1303303 	-0.05 	0.364 	47.810642 	-3.7890952 	1.7409862
-1.1291291 	-0.05 	0.364 	47.847459 	-3.8232031 	1.7444594
-1.1279279 	-0.05 	0.364 	47.884276 	-3.857311 	1.7479327
-1.1267267 	-0.05 	0.364 	47.921093 	-3.891419 	1.7514059
-1.1255255 	-0.05 	0.364 	47.95791 	-3.9255269 	1.7548791
-1.1243243 	-0.05 	0.364 	47.994726 	-3.9596348 	1.7583524
-1.1231231 	-0.05 	0.364 	48.031543 	-3.9937427 	1.7618256
-1.1219219 	-0.05 	0.364 	48.06836 	-4.0278506 	1.7652989
-1.1207207 	-0.05 	0.364 	48.105177 	-4.0619585 	1.7687721
-1.1195195 	-0.05 	0.364 	48.141994 	-4.0960664 	1.7722454
-1.1183183 	-0.05 	0.364 	48.17881 	-4.1301744 	1.7757186
-1.1171171 	-0.05 	0.364 	48.215627 	-4.1642823 	1.7791919
-1.1159159 	-0.05 	0.364 	48.252444 	-4.1983902 	1.7826651
-1.1147147 	-0.05 	0.364 	48.289261 	-4.2324981 	1.7861383
-1.1135135 	-0.05 	0.364 	48.326078 	-4.266606 	1.7896116
-1.1123123 	-0.05 	0.364 	48.362894 	-4.3007139 	1.7930848
-1.1111111 	-0.05 	0.364 	48.399711 	-4.3348218 	1.7965581
-1.1099099 	-0.05 	0.364 	48.436528 	-4.3689297 	1.8000313
-1.1087087 	-0.05 	0.364 	48.473345 	-4.4030377 	1.8035046
-1.1075075 	-0.05 	0.364 	48.510162 	-4.4371456 	1.8069778
-1.1063063 	-0.05 	0.364 	48.509802 	-4.5032476 	1.8107562
-1.1051051 	-0.05 	0.364 	48.508512 	-4.5701399 	1.8145507
-1.1039039 	-0.05 	0.364 	48.507223 	-4.6370323 	1.8183451
-1.1027027 	-0.05 	0.364 	48.505933 	-4.7039247 	1.8221395
-1.1015015 	-0.05 	0.364 	48.504643 	-4.7708171 	1.825934
-1.1003003 	-0.05 	0.364 	48.503353 	-4.8377094 	1.8297284
-1.0990991 	-0.05 	0.364 	48.502064 	-4.9046018 	1.8335229
-1.0978979 	-0.05 	0.364 	48.502495 	-4.9716965 	1.8372068
-1.0966967 	-0.05 	0.364 	48.515372 	-5.0402543 	1.840092
-1.0954955 	-0.05 	0.364 	48.52825 	-5.108812 	1.8429772
-1.0942943 	-0.05 	0.364 	48.541127 	-5.1773698 	1.8458624
-1.0930931 	-0.05 	0.364 	48.555187 	-5.2403193 	1.8487405
-1.0918919 	-0.05 	0.364 	48.588181 	-5.2134859 	1.8515065
-1.0906907 	-0.05 	0.364 	48.621174 	-5.1866525 	1.8542726
-1.0894895 	-0.05 	0.364 	48.654168 	-5.159819 	1.8570386
-1.0882883 	-0.05 	0.364 	48.687148 	-5.1520303 	1.860164
-1.0870871 	-0.05 	0.364 	48.720109 	-5.1716122 	1.863806
-1.0858859 	-0.05 	0.364 	48.75307 	-5.1911941 	1.867448
-1.0846847 	-0.05 	0.364 	48.786031 	-5.210776 	1.87109
-1.0834835 	-0.05 	0.364 	48.818992 	-5.2303579 	1.8747319
-1.0822823 	-0.05 	0.364 	48.851952 	-5.2499398 	1.8783739
-1.0810811 	-0.05 	0.364 	48.884913 	-5.2695218 	1.8820159
-1.0798799 	-0.05 	0.364 	48.917874 	-5.2891037 	1.8856579
-1.0786787 	-0.05 	0.364 	48.950835 	-5.3086856 	1.8892999
-1.0774775 	-0.05 	0.364 	48.983796 	-5.3282675 	1.8929418
-1.0762763 	-0.05 	0.364 	49.016757 	-5.3478494 	1.8965838
-1.0750751 	-0.05 	0.364 	49.049718 	-5.3674313 	1.9002258
-1.0738739 	-0.05 	0.364 	49.082679 	-5.3870132 	1.9038678
-1.0726727 	-0.05 	0.364 	49.11564 	-5.4065951 	1.9075098
-1.0714715 	-0.05 	0.364 	49.1486 	-5.426177 	1.9111517
-1.0702703 	-0.05 	0.364 	49.181561 	-5.445759 	1.9147937
-1.0690691 	-0.05 	0.364 	49.214522 	-5.4653409 	1.9184357
-1.0678679 	-0.05 	0.364 	49.247483 	-5.4849228 	1.9220777
-1.0666667 	-0.05 	0.364 	49.280444 	-5.5045047 	1.9257197
-1.0654655 	-0.05 	0.364 	49.313405 	-5.5240866 	1.9293616
-1.0642643 	-0.05 	0.364 	49.346366 	-5.5436685 	1.9330036
-1.0630631 	-0.05 	0.364 	49.379327 	-5.5632504 	1.9366456
-1.0618619 	-0.05 	0.364 	49.412287 	-5.5828323 	1.9402876
-1.0606607 	-0.05 	0.364 	49.445248 	-5.6024142 	1.9439296
-1.0594595 	-0.05 	0.364 	49.478209 	-5.6219962 	1.9475715
-1.0582583 	-0.05 	0.364 	49.51117 	-5.6415781 	1.9512135
-1.0570571 	-0.05 	0.364 	49.544131 	-5.66116 	1.9548555
-1.0558559 	-0.05 	0.364 	49.577092 	-5.6807419 	1.9584975
-1.0546547 	-0.05 	0.364 	49.610053 	-5.7003238 	1.9621395
-1.0534535 	-0.05 	0.364 	49.643014 	-5.7199057 	1.9657814
-1.0522523 	-0.05 	0.364 	49.675975 	-5.7394876 	1.9694234
-1.0510511 	-0.05 	0.364 	49.708935 	-5.7590695 	1.9730654
-1.0498498 	-0.05 	0.364 	49.741896 	-5.7786514 	1.9767074
-1.0486486 	-0.05 	0.364 	49.774857 	-5.7982334 	1.9803494
-1.0474474 	-0.05 	0.364 	49.807818 	-5.8178153 	1.9839913
-1.0462462 	-0.05 	0.364 	49.840779 	-5.8373972 	1.9876333
-1.045045 	-0.05 	0.364 	49.87374 	-5.8569791 	1.9912753
-1.0438438 	-0.05 	0.364 	49.906701 	-5.876561 	1.9949173
-1.0426426 	-0.05 	0.364 	49.939662 	-5.8961429 	1.9985593
-1.0414414 	-0.05 	0.364 	49.98053 	-5.8781673 	2.002019
-1.0402402 	-0.05 	0.364 	50.033558 	-5.802433 	2.0051985
-1.039039 	-0.05 	0.364 	50.086587 	-5.7266987 	2.008378
-1.0378378 	-0.05 	0.364 	50.139616 	-5.6509644 	2.0115576
-1.0366366 	-0.05 	0.364 	50.191988 	-5.5785533 	2.0146982
-1.0354354 	-0.05 	0.364 	50.243032 	-5.5128606 	2.0177604
-1.0342342 	-0.05 	0.364 	50.294076 	-5.4471679 	2.0208225
-1.033033 	-0.05 	0.364 	50.345121 	-5.3814752 	2.0238846
-1.0318318 	-0.05 	0.364 	50.393097 	-5.3308369 	2.026996
-1.0306306 	-0.05 	0.364 	50.432591 	-5.3218226 	2.0302438
-1.0294294 	-0.05 	0.364 	50.472086 	-5.3128083 	2.0334916
-1.0282282 	-0.05 	0.364 	50.51158 	-5.303794 	2.0367393
-1.027027 	-0.05 	0.364 	50.551074 	-5.2947797 	2.0399871
-1.0258258 	-0.05 	0.364 	50.590568 	-5.2857655 	2.0432349
-1.0246246 	-0.05 	0.364 	50.630063 	-5.2767512 	2.0464826
-1.0234234 	-0.05 	0.364 	50.669557 	-5.2677369 	2.0497304
-1.0222222 	-0.05 	0.364 	50.709051 	-5.2587226 	2.0529782
-1.021021 	-0.05 	0.364 	50.748545 	-5.2497083 	2.0562259
-1.0198198 	-0.05 	0.364 	50.788039 	-5.240694 	2.0594737
-1.0186186 	-0.05 	0.364 	50.827534 	-5.2316797 	2.0627215
-1.0174174 	-0.05 	0.364 	50.867028 	-5.2226655 	2.0659692
-1.0162162 	-0.05 	0.364 	50.906522 	-5.2136512 	2.069217
-1.015015 	-0.05 	0.364 	50.946016 	-5.2046369 	2.0724648
-1.0138138 	-0.05 	0.364 	50.985511 	-5.1956226 	2.0757125
-1.0126126 	-0.05 	0.364 	51.025005 	-5.1866083 	2.0789603
-1.0114114 	-0.05 	0.364 	51.064499 	-5.177594 	2.0822081
-1.0102102 	-0.05 	0.364 	51.103993 	-5.1685797 	2.0854558
-1.009009 	-0.05 	0.364 	51.143487 	-5.1595655 	2.0887036
-1.0078078 	-0.05 	0.364 	51.182982 	-5.1505512 	2.0919514
-1.0066066 	-0.05 	0.364 	51.222476 	-5.1415369 	2.0951991
-1.0054054 	-0.05 	0.364 	51.26197 	-5.1325226 	2.0984469
-1.0042042 	-0.05 	0.364 	51.301464 	-5.1235083 	2.1016947
-1.003003 	-0.05 	0.364 	51.340959 	-5.114494 	2.1049424
-1.0018018 	-0.05 	0.364 	51.380453 	-5.1054798 	2.1081902
-1.0006006 	-0.05 	0.364 	51.419947 	-5.0964655 	2.111438
-0.9993994 	-0.05 	0.364 	51.459441 	-5.0874512 	2.1146857
-0.9981982 	-0.05 	0.364 	51.498936 	-5.0784369 	2.1179335
-0.996997 	-0.05 	0.364 	51.53843 	-5.0694226 	2.1211813
-0.9957958 	-0.05 	0.364 	51.577924 	-5.0604083 	2.124429
-0.99459459 	-0.05 	0.364 	51.617418 	-5.051394 	2.1276768
-0.99339339 	-0.05 	0.364 	51.656912 	-5.0423798 	2.1309246
-0.99219219 	-0.05 	0.364 	51.696407 	-5.0333655 	2.1341723
-0.99099099 	-0.05 	0.364 	51.735901 	-5.0243512 	2.1374201
-0.98978979 	-0.05 	0.364 	51.775395 	-5.0153369 	2.1406679
-0.98858859 	-0.05 	0.364 	51.814889 	-5.0063226 	2.1439156
-0.98738739 	-0.05 	0.364 	51.854384 	-4.9973083 	2.1471634
-0.98618619 	-0.05 	0.364 	51.893878 	-4.9882941 	2.1504111
-0.98498498 	-0.05 	0.364 	51.933372 	-4.9792798 	2.1536589
-0.98378378 	-0.05 	0.364 	51.985019 	-4.9710684 	2.1568503
-0.98258258 	-0.05 	0.364 	52.044244 	-4.9633577 	2.1600066
-0.98138138 	-0.05 	0.364 	52.10347 	-4.955647 	2.1631629
-0.98018018 	-0.05 	0.364 	52.156263 	-4.9800427 	2.1662252
-0.97897898 	-0.05 	0.364 	52.204108 	-5.0291335 	2.1692153
-0.97777778 	-0.05 	0.364 	52.251953 	-5.0782243 	2.1722054
-0.97657658 	-0.05 	0.364 	52.299798 	-5.1273151 	2.1751955
-0.97537538 	-0.05 	0.364 	52.346535 	-5.177968 	2.1781139
-0.97417417 	-0.05 	0.364 	52.392155 	-5.2301949 	2.18096
-0.97297297 	-0.05 	0.364 	52.437775 	-5.2824218 	2.1838062
-0.97177177 	-0.05 	0.364 	52.483396 	-5.3346487 	2.1866523
-0.97057057 	-0.05 	0.364 	52.522854 	-5.3743143 	2.1894842
-0.96936937 	-0.05 	0.364 	52.554297 	-5.397638 	2.1922975
-0.96816817 	-0.05 	0.364 	52.58574 	-5.4209618 	2.1951109
-0.96696697 	-0.05 	0.364 	52.61672 	-5.4392845 	2.1979412
-0.96576577 	-0.05 	0.364 	52.647183 	-5.4520308 	2.2007906
-0.96456456 	-0.05 	0.364 	52.677646 	-5.464777 	2.2036399
-0.96336336 	-0.05 	0.364 	52.70811 	-5.4775232 	2.2064893
-0.96216216 	-0.05 	0.364 	52.738573 	-5.4902695 	2.2093387
-0.96096096 	-0.05 	0.364 	52.769036 	-5.5030157 	2.212188
-0.95975976 	-0.05 	0.364 	52.7995 	-5.515762 	2.2150374
-0.95855856 	-0.05 	0.364 	52.829963 	-5.5285082 	2.2178867
-0.95735736 	-0.05 	0.364 	52.860426 	-5.5412544 	2.2207361
-0.95615616 	-0.05 	0.364 	52.89089 	-5.5540007 	2.2235854
-0.95495495 	-0.05 	0.364 	52.921353 	-5.5667469 	2.2264348
-0.95375375 	-0.05 	0.364 	52.951816 	-5.5794932 	2.2292841
-0.95255255 	-0.05 	0.364 	52.98228 	-5.5922394 	2.2321335
-0.95135135 	-0.05 	0.364 	53.012743 	-5.6049857 	2.2349828
-0.95015015 	-0.05 	0.364 	53.043206 	-5.6177319 	2.2378322
-0.94894895 	-0.05 	0.364 	53.073669 	-5.6304781 	2.2406815
-0.94774775 	-0.05 	0.364 	53.104133 	-5.6432244 	2.2435309
-0.94654655 	-0.05 	0.364 	53.134596 	-5.6559706 	2.2463802
-0.94534535 	-0.05 	0.364 	53.165059 	-5.6687169 	2.2492296
-0.94414414 	-0.05 	0.364 	53.195523 	-5.6814631 	2.2520789
-0.94294294 	-0.05 	0.364 	53.225986 	-5.6942093 	2.2549283
-0.94174174 	-0.05 	0.364 	53.256449 	-5.7069556 	2.2577776
-0.94054054 	-0.05 	0.364 	53.286913 	-5.7197018 	2.260627
-0.93933934 	-0.05 	0.364 	53.317376 	-5.7324481 	2.2634763
-0.93813814 	-0.05 	0.364 	53.347839 	-5.7451943 	2.2663257
-0.93693694 	-0.05 	0.364 	53.378303 	-5.7579406 	2.269175
-0.93573574 	-0.05 	0.364 	53.408766 	-5.7706868 	2.2720244
-0.93453453 	-0.05 	0.364 	53.439229 	-5.783433 	2.2748737
-0.93333333 	-0.05 	0.364 	53.469692 	-5.7961793 	2.2777231
-0.93213213 	-0.05 	0.364 	53.500156 	-5.8089255 	2.2805724
-0.93093093 	-0.05 	0.364 	53.530619 	-5.8216718 	2.2834218
-0.92972973 	-0.05 	0.364 	53.561082 	-5.834418 	2.2862712
-0.92852853 	-0.05 	0.364 	53.591546 	-5.8471642 	2.2891205
-0.92732733 	-0.05 	0.364 	53.622009 	-5.8599105 	2.2919699
-0.92612613 	-0.05 	0.364 	53.652472 	-5.8726567 	2.2948192
-0.92492492 	-0.05 	0.364 	53.682936 	-5.885403 	2.2976686
-0.92372372 	-0.05 	0.364 	53.713399 	-5.8981492 	2.3005179
-0.92252252 	-0.05 	0.364 	53.743862 	-5.9108954 	2.3033673
-0.92132132 	-0.05 	0.364 	53.774326 	-5.9236417 	2.3062166
-0.92012012 	-0.05 	0.364 	53.804789 	-5.9363879 	2.309066
-0.91891892 	-0.05 	0.364 	53.824587 	-5.9270504 	2.311681
-0.91771772 	-0.05 	0.364 	53.841132 	-5.9109783 	2.3142245
-0.91651652 	-0.05 	0.364 	53.857678 	-5.8949062 	2.3167681
-0.91531532 	-0.05 	0.364 	53.874223 	-5.8788342 	2.3193116
-0.91411411 	-0.05 	0.364 	53.890019 	-5.8610704 	2.3217111
-0.91291291 	-0.05 	0.364 	53.905498 	-5.8425923 	2.3240497
-0.91171171 	-0.05 	0.364 	53.920977 	-5.8241142 	2.3263883
-0.91051051 	-0.05 	0.364 	53.936457 	-5.8056361 	2.328727
-0.90930931 	-0.05 	0.364 	53.956653 	-5.7973236 	2.331044
-0.90810811 	-0.05 	0.364 	53.979493 	-5.7947053 	2.333349
-0.90690691 	-0.05 	0.364 	54.002332 	-5.7920871 	2.335654
-0.90570571 	-0.05 	0.364 	54.025171 	-5.7894689 	2.3379589
-0.9045045 	-0.05 	0.364 	54.048011 	-5.7868507 	2.3402639
-0.9033033 	-0.05 	0.364 	54.07085 	-5.7842325 	2.3425689
-0.9021021 	-0.05 	0.364 	54.093689 	-5.7816142 	2.3448738
-0.9009009 	-0.05 	0.364 	54.116529 	-5.778996 	2.3471788
-0.8996997 	-0.05 	0.364 	54.139368 	-5.7763778 	2.3494837
-0.8984985 	-0.05 	0.364 	54.162207 	-5.7737596 	2.3517887
-0.8972973 	-0.05 	0.364 	54.185047 	-5.7711414 	2.3540937
-0.8960961 	-0.05 	0.364 	54.207886 	-5.7685231 	2.3563986
-0.89489489 	-0.05 	0.364 	54.230726 	-5.7659049 	2.3587036
-0.89369369 	-0.05 	0.364 	54.253565 	-5.7632867 	2.3610086
-0.89249249 	-0.05 	0.364 	54.276404 	-5.7606685 	2.3633135
-0.89129129 	-0.05 	0.364 	54.299244 	-5.7580503 	2.3656185
-0.89009009 	-0.05 	0.364 	54.322083 	-5.755432 	2.3679235
-0.88888889 	-0.05 	0.364 	54.344922 	-5.7528138 	2.3702284
-0.88768769 	-0.05 	0.364 	54.367762 	-5.7501956 	2.3725334
-0.88648649 	-0.05 	0.364 	54.390601 	-5.7475774 	2.3748384
-0.88528529 	-0.05 	0.364 	54.41344 	-5.7449592 	2.3771433
-0.88408408 	-0.05 	0.364 	54.43628 	-5.7423409 	2.3794483
-0.88288288 	-0.05 	0.364 	54.459119 	-5.7397227 	2.3817533
-0.88168168 	-0.05 	0.364 	54.481958 	-5.7371045 	2.3840582
-0.88048048 	-0.05 	0.364 	54.504798 	-5.7344863 	2.3863632
-0.87927928 	-0.05 	0.364 	54.527637 	-5.7318681 	2.3886682
-0.87807808 	-0.05 	0.364 	54.550476 	-5.7292498 	2.3909731
-0.87687688 	-0.05 	0.364 	54.573316 	-5.7266316 	2.3932781
-0.87567568 	-0.05 	0.364 	54.596155 	-5.7240134 	2.3955831
-0.87447447 	-0.05 	0.364 	54.618994 	-5.7213952 	2.397888
-0.87327327 	-0.05 	0.364 	54.641834 	-5.718777 	2.400193
-0.87207207 	-0.05 	0.364 	54.664673 	-5.7161587 	2.402498
-0.87087087 	-0.05 	0.364 	54.687513 	-5.7135405 	2.4048029
-0.86966967 	-0.05 	0.364 	54.710352 	-5.7109223 	2.4071079
-0.86846847 	-0.05 	0.364 	54.733191 	-5.7083041 	2.4094129
-0.86726727 	-0.05 	0.364 	54.756031 	-5.7056859 	2.4117178
-0.86606607 	-0.05 	0.364 	54.77887 	-5.7030676 	2.4140228
-0.86486486 	-0.05 	0.364 	54.801709 	-5.7004494 	2.4163278
-0.86366366 	-0.05 	0.364 	54.824549 	-5.6978312 	2.4186327
-0.86246246 	-0.05 	0.364 	54.847388 	-5.695213 	2.4209377
-0.86126126 	-0.05 	0.364 	54.868611 	-5.6903954 	2.4232237
-0.86006006 	-0.05 	0.364 	54.888166 	-5.6833093 	2.42549
-0.85885886 	-0.05 	0.364 	54.907722 	-5.6762233 	2.4277564
-0.85765766 	-0.05 	0.364 	54.934766 	-5.6847268 	2.4297307
-0.85645646 	-0.05 	0.364 	54.961957 	-5.6935341 	2.4316993
-0.85525526 	-0.05 	0.364 	54.989148 	-5.7023414 	2.4336678
-0.85405405 	-0.05 	0.364 	55.016339 	-5.7111487 	2.4356364
-0.85285285 	-0.05 	0.364 	55.043789 	-5.7202275 	2.4374481
-0.85165165 	-0.05 	0.364 	55.071262 	-5.7293308 	2.4392456
-0.85045045 	-0.05 	0.364 	55.098735 	-5.7384341 	2.4410432
-0.84924925 	-0.05 	0.364 	55.126209 	-5.7475374 	2.4428407
-0.84804805 	-0.05 	0.364 	55.152758 	-5.7470937 	2.4445419
-0.84684685 	-0.05 	0.364 	55.179151 	-5.7450336 	2.4462268
-0.84564565 	-0.05 	0.364 	55.203621 	-5.7420156 	2.4479236
-0.84444444 	-0.05 	0.364 	55.225243 	-5.7375801 	2.449638
-0.84324324 	-0.05 	0.364 	55.246865 	-5.7331446 	2.4513523
-0.84204204 	-0.05 	0.364 	55.268488 	-5.7287091 	2.4530667
-0.84084084 	-0.05 	0.364 	55.29011 	-5.7242736 	2.4547811
-0.83963964 	-0.05 	0.364 	55.311732 	-5.7198381 	2.4564955
-0.83843844 	-0.05 	0.364 	55.333355 	-5.7154026 	2.4582098
-0.83723724 	-0.05 	0.364 	55.354977 	-5.7109671 	2.4599242
-0.83603604 	-0.05 	0.364 	55.376599 	-5.7065316 	2.4616386
-0.83483483 	-0.05 	0.364 	55.398222 	-5.7020961 	2.463353
-0.83363363 	-0.05 	0.364 	55.419844 	-5.6976605 	2.4650673
-0.83243243 	-0.05 	0.364 	55.441466 	-5.693225 	2.4667817
-0.83123123 	-0.05 	0.364 	55.463089 	-5.6887895 	2.4684961
-0.83003003 	-0.05 	0.364 	55.484711 	-5.684354 	2.4702105
-0.82882883 	-0.05 	0.364 	55.506334 	-5.6799185 	2.4719248
-0.82762763 	-0.05 	0.364 	55.527956 	-5.675483 	2.4736392
-0.82642643 	-0.05 	0.364 	55.549578 	-5.6710475 	2.4753536
-0.82522523 	-0.05 	0.364 	55.571201 	-5.666612 	2.4770679
-0.82402402 	-0.05 	0.364 	55.592823 	-5.6621765 	2.4787823
-0.82282282 	-0.05 	0.364 	55.614445 	-5.657741 	2.4804967
-0.82162162 	-0.05 	0.364 	55.636068 	-5.6533055 	2.4822111
-0.82042042 	-0.05 	0.364 	55.65769 	-5.64887 	2.4839254
-0.81921922 	-0.05 	0.364 	55.679312 	-5.6444345 	2.4856398
-0.81801802 	-0.05 	0.364 	55.700935 	-5.6399989 	2.4873542
-0.81681682 	-0.05 	0.364 	55.722557 	-5.6355634 	2.4890686
-0.81561562 	-0.05 	0.364 	55.744179 	-5.6311279 	2.4907829
-0.81441441 	-0.05 	0.364 	55.765802 	-5.6266924 	2.4924973
-0.81321321 	-0.05 	0.364 	55.787424 	-5.6222569 	2.4942117
-0.81201201 	-0.05 	0.364 	55.809046 	-5.6178214 	2.4959261
-0.81081081 	-0.05 	0.364 	55.830669 	-5.6133859 	2.4976404
-0.80960961 	-0.05 	0.364 	55.852291 	-5.6089504 	2.4993548
-0.80840841 	-0.05 	0.364 	55.873913 	-5.6045149 	2.5010692
-0.80720721 	-0.05 	0.364 	55.895536 	-5.6000794 	2.5027836
-0.80600601 	-0.05 	0.364 	55.917158 	-5.5956439 	2.5044979
-0.8048048 	-0.05 	0.364 	55.93878 	-5.5912084 	2.5062123
-0.8036036 	-0.05 	0.364 	55.960403 	-5.5867729 	2.5079267
-0.8024024 	-0.05 	0.364 	55.982025 	-5.5823373 	2.5096411
-0.8012012 	-0.05 	0.364 	56.003647 	-5.5779018 	2.5113554
-0.8 	-0.05 	0.364 	56.02527 	-5.5734663 	2.5130698
-0.7987988 	-0.05 	0.364 	56.046892 	-5.5690308 	2.5147842
-0.7975976 	-0.05 	0.364 	56.068362 	-5.5623207 	2.5164435
-0.7963964 	-0.05 	0.364 	56.08924 	-5.5467899 	2.5178895
-0.7951952 	-0.05 	0.364 	56.110118 	-5.5312591 	2.5193356
-0.79399399 	-0.05 	0.364 	56.130995 	-5.5157284 	2.5207816
-0.79279279 	-0.05 	0.364 	56.150312 	-5.500609 	2.5221947
-0.79159159 	-0.05 	0.364 	56.160309 	-5.4879456 	2.5234112
-0.79039039 	-0.05 	0.364 	56.170306 	-5.4752823 	2.5246278
-0.78918919 	-0.05 	0.364 	56.180303 	-5.4626189 	2.5258444
-0.78798799 	-0.05 	0.364 	56.190585 	-5.452899 	2.5270483
-0.78678679 	-0.05 	0.364 	56.204088 	-5.4765311 	2.5281077
-0.78558559 	-0.05 	0.364 	56.217592 	-5.5001632 	2.5291671
-0.78438438 	-0.05 	0.364 	56.231096 	-5.5237953 	2.5302265
-0.78318318 	-0.05 	0.364 	56.244599 	-5.5474273 	2.531286
-0.78198198 	-0.05 	0.364 	56.258103 	-5.5710594 	2.5323454
-0.78078078 	-0.05 	0.364 	56.271607 	-5.5946915 	2.5334048
-0.77957958 	-0.05 	0.364 	56.28511 	-5.6183236 	2.5344642
-0.77837838 	-0.05 	0.364 	56.298614 	-5.6419557 	2.5355236
-0.77717718 	-0.05 	0.364 	56.312117 	-5.6655877 	2.5365831
-0.77597598 	-0.05 	0.364 	56.325621 	-5.6892198 	2.5376425
-0.77477477 	-0.05 	0.364 	56.339125 	-5.7128519 	2.5387019
-0.77357357 	-0.05 	0.364 	56.352628 	-5.736484 	2.5397613
-0.77237237 	-0.05 	0.364 	56.366132 	-5.760116 	2.5408208
-0.77117117 	-0.05 	0.364 	56.379636 	-5.7837481 	2.5418802
-0.76996997 	-0.05 	0.364 	56.393139 	-5.8073802 	2.5429396
-0.76876877 	-0.05 	0.364 	56.406643 	-5.8310123 	2.543999
-0.76756757 	-0.05 	0.364 	56.420146 	-5.8546444 	2.5450585
-0.76636637 	-0.05 	0.364 	56.43365 	-5.8782764 	2.5461179
-0.76516517 	-0.05 	0.364 	56.447154 	-5.9019085 	2.5471773
-0.76396396 	-0.05 	0.364 	56.460657 	-5.9255406 	2.5482367
-0.76276276 	-0.05 	0.364 	56.474161 	-5.9491727 	2.5492962
-0.76156156 	-0.05 	0.364 	56.487665 	-5.9728048 	2.5503556
-0.76036036 	-0.05 	0.364 	56.501168 	-5.9964368 	2.551415
-0.75915916 	-0.05 	0.364 	56.514672 	-6.0200689 	2.5524744
-0.75795796 	-0.05 	0.364 	56.528176 	-6.043701 	2.5535338
-0.75675676 	-0.05 	0.364 	56.541679 	-6.0673331 	2.5545933
-0.75555556 	-0.05 	0.364 	56.555183 	-6.0909652 	2.5556527
-0.75435435 	-0.05 	0.364 	56.568686 	-6.1145972 	2.5567121
-0.75315315 	-0.05 	0.364 	56.58219 	-6.1382293 	2.5577715
-0.75195195 	-0.05 	0.364 	56.595694 	-6.1618614 	2.558831
-0.75075075 	-0.05 	0.364 	56.609197 	-6.1854935 	2.5598904
-0.74954955 	-0.05 	0.364 	56.622701 	-6.2091256 	2.5609498
-0.74834835 	-0.05 	0.364 	56.636205 	-6.2327576 	2.5620092
-0.74714715 	-0.05 	0.364 	56.649708 	-6.2563897 	2.5630687
-0.74594595 	-0.05 	0.364 	56.663212 	-6.2800218 	2.5641281
-0.74474474 	-0.05 	0.364 	56.676716 	-6.3036539 	2.5651875
-0.74354354 	-0.05 	0.364 	56.690219 	-6.327286 	2.5662469
-0.74234234 	-0.05 	0.364 	56.703723 	-6.350918 	2.5673063
-0.74114114 	-0.05 	0.364 	56.717226 	-6.3745501 	2.5683658
-0.73993994 	-0.05 	0.364 	56.73073 	-6.3981822 	2.5694252
-0.73873874 	-0.05 	0.364 	56.742006 	-6.4179453 	2.5704651
-0.73753754 	-0.05 	0.364 	56.75028 	-6.4324931 	2.5714788
-0.73633634 	-0.05 	0.364 	56.700754 	-6.5614178 	2.5727589
-0.73513514 	-0.05 	0.364 	56.688362 	-6.6531561 	2.5736362
-0.73393393 	-0.05 	0.364 	56.67597 	-6.7448945 	2.5745134
-0.73273273 	-0.05 	0.364 	56.663578 	-6.8366328 	2.5753906
-0.73153153 	-0.05 	0.364 	56.66966 	-6.9182904 	2.5761233
-0.73033033 	-0.05 	0.364 	56.709511 	-6.9815223 	2.5765916
-0.72912913 	-0.05 	0.364 	56.748915 	-6.9978605 	2.5770848
-0.72792793 	-0.05 	0.364 	56.787383 	-6.9158154 	2.5776301
-0.72672673 	-0.05 	0.364 	56.82585 	-6.8337702 	2.5781753
-0.72552553 	-0.05 	0.364 	56.864318 	-6.751725 	2.5787206
-0.72432432 	-0.05 	0.364 	56.901609 	-6.6859153 	2.579315
-0.72312312 	-0.05 	0.364 	56.93654 	-6.6526749 	2.5800081
-0.72192192 	-0.05 	0.364 	56.97147 	-6.6194345 	2.5807012
-0.72072072 	-0.05 	0.364 	57.006401 	-6.5861941 	2.5813943
-0.71951952 	-0.05 	0.364 	57.041332 	-6.5529537 	2.5820874
-0.71831832 	-0.05 	0.364 	57.076263 	-6.5197133 	2.5827805
-0.71711712 	-0.05 	0.364 	57.111194 	-6.486473 	2.5834736
-0.71591592 	-0.05 	0.364 	57.146125 	-6.4532326 	2.5841667
-0.71471471 	-0.05 	0.364 	57.181056 	-6.4199922 	2.5848598
-0.71351351 	-0.05 	0.364 	57.215987 	-6.3867518 	2.5855529
-0.71231231 	-0.05 	0.364 	57.250918 	-6.3535114 	2.586246
-0.71111111 	-0.05 	0.364 	57.285849 	-6.320271 	2.5869391
-0.70990991 	-0.05 	0.364 	57.32078 	-6.2870306 	2.5876322
-0.70870871 	-0.05 	0.364 	57.355711 	-6.2537902 	2.5883253
-0.70750751 	-0.05 	0.364 	57.390641 	-6.2205498 	2.5890184
-0.70630631 	-0.05 	0.364 	57.425572 	-6.1873094 	2.5897115
-0.70510511 	-0.05 	0.364 	57.460503 	-6.154069 	2.5904046
-0.7039039 	-0.05 	0.364 	57.495434 	-6.1208286 	2.5910978
-0.7027027 	-0.05 	0.364 	57.529374 	-5.9425761 	2.5918075
-0.7015015 	-0.05 	0.364 	57.563312 	-5.7640706 	2.5925172
-0.7003003 	-0.05 	0.364 	57.632088 	-5.5952249 	2.5927574
-0.6990991 	-0.05 	0.364 	57.70204 	-5.4267051 	2.5929818
-0.6978979 	-0.05 	0.364 	57.748563 	-5.3923098 	2.593218
-0.6966967 	-0.05 	0.364 	57.793495 	-5.3670267 	2.593455
-0.6954955 	-0.05 	0.364 	57.838427 	-5.3417436 	2.5936919
-0.69429429 	-0.05 	0.364 	57.883359 	-5.3164605 	2.5939289
-0.69309309 	-0.05 	0.364 	57.92829 	-5.2911773 	2.5941659
-0.69189189 	-0.05 	0.364 	57.973222 	-5.2658942 	2.5944029
-0.69069069 	-0.05 	0.364 	58.018154 	-5.2406111 	2.5946398
-0.68948949 	-0.05 	0.364 	58.063086 	-5.215328 	2.5948768
-0.68828829 	-0.05 	0.364 	58.108017 	-5.1900449 	2.5951138
-0.68708709 	-0.05 	0.364 	58.152949 	-5.1647618 	2.5953508
-0.68588589 	-0.05 	0.364 	58.197881 	-5.1394787 	2.5955878
-0.68468468 	-0.05 	0.364 	58.242813 	-5.1141955 	2.5958247
-0.68348348 	-0.05 	0.364 	58.287744 	-5.0889124 	2.5960617
-0.68228228 	-0.05 	0.364 	58.332676 	-5.0636293 	2.5962987
-0.68108108 	-0.05 	0.364 	58.377608 	-5.0383462 	2.5965357
-0.67987988 	-0.05 	0.364 	58.42254 	-5.0130631 	2.5967726
-0.67867868 	-0.05 	0.364 	58.467472 	-4.98778 	2.5970096
-0.67747748 	-0.05 	0.364 	58.518105 	-4.9662851 	2.5972445
-0.67627628 	-0.05 	0.364 	58.579909 	-4.9522127 	2.5974751
-0.67507508 	-0.05 	0.364 	58.641713 	-4.9381403 	2.5977057
-0.67387387 	-0.05 	0.364 	58.703518 	-4.9240679 	2.5979364
-0.67267267 	-0.05 	0.364 	58.750235 	-4.9977447 	2.5981397
-0.67147147 	-0.05 	0.364 	58.787406 	-5.1269435 	2.5983256
-0.67027027 	-0.05 	0.364 	58.823904 	-5.2569001 	2.5982569
-0.66906907 	-0.05 	0.364 	58.859917 	-5.3874014 	2.598005
-0.66786787 	-0.05 	0.364 	58.892632 	-5.4418505 	2.5978188
-0.66666667 	-0.05 	0.364 	58.922655 	-5.4342551 	2.5976863
-0.66546547 	-0.05 	0.364 	58.952678 	-5.4266596 	2.5975538
-0.66426426 	-0.05 	0.364 	58.982701 	-5.4190642 	2.5974213
-0.66306306 	-0.05 	0.364 	59.011192 	-5.4074754 	2.597291
-0.66186186 	-0.05 	0.364 	59.039457 	-5.3952995 	2.5971611
-0.66066066 	-0.05 	0.364 	59.067723 	-5.3831237 	2.5970311
-0.65945946 	-0.05 	0.364 	59.095988 	-5.3709478 	2.5969011
-0.65825826 	-0.05 	0.364 	59.124254 	-5.358772 	2.5967711
-0.65705706 	-0.05 	0.364 	59.152519 	-5.3465961 	2.5966411
-0.65585586 	-0.05 	0.364 	59.180785 	-5.3344203 	2.5965111
-0.65465465 	-0.05 	0.364 	59.20905 	-5.3222444 	2.5963811
-0.65345345 	-0.05 	0.364 	59.237316 	-5.3100686 	2.5962511
-0.65225225 	-0.05 	0.364 	59.265582 	-5.2978927 	2.5961212
-0.65105105 	-0.05 	0.364 	59.293847 	-5.2857169 	2.5959912
-0.64984985 	-0.05 	0.364 	59.322113 	-5.273541 	2.5958612
-0.64864865 	-0.05 	0.364 	59.350378 	-5.2613652 	2.5957312
-0.64744745 	-0.05 	0.364 	59.378644 	-5.2491893 	2.5956012
-0.64624625 	-0.05 	0.364 	59.406909 	-5.2370135 	2.5954712
-0.64504505 	-0.05 	0.364 	59.435175 	-5.2248376 	2.5953412
-0.64384384 	-0.05 	0.364 	59.46344 	-5.2126618 	2.5952112
-0.64264264 	-0.05 	0.364 	59.490458 	-5.1697602 	2.5951098
-0.64144144 	-0.05 	0.364 	59.513119 	-5.0195324 	2.5951079
-0.64024024 	-0.05 	0.364 	59.535726 	-4.8692905 	2.5950219
-0.63903904 	-0.05 	0.364 	59.558104 	-4.7189887 	2.5945794
-0.63783784 	-0.05 	0.364 	59.580442 	-4.5909313 	2.5941268
-0.63663664 	-0.05 	0.364 	59.602573 	-4.5795566 	2.593622
-0.63543544 	-0.05 	0.364 	59.624705 	-4.5681819 	2.5931171
-0.63423423 	-0.05 	0.364 	59.646836 	-4.5568072 	2.5926122
-0.63303303 	-0.05 	0.364 	59.668967 	-4.5454325 	2.5921074
-0.63183183 	-0.05 	0.364 	59.691098 	-4.5340578 	2.5916025
-0.63063063 	-0.05 	0.364 	59.71323 	-4.5226831 	2.5910976
-0.62942943 	-0.05 	0.364 	59.735361 	-4.5113083 	2.5905927
-0.62822823 	-0.05 	0.364 	59.757492 	-4.4999336 	2.5900879
-0.62702703 	-0.05 	0.364 	59.779623 	-4.4885589 	2.589583
-0.62582583 	-0.05 	0.364 	59.801755 	-4.4771842 	2.5890781
-0.62462462 	-0.05 	0.364 	59.823886 	-4.4658095 	2.5885733
-0.62342342 	-0.05 	0.364 	59.846017 	-4.4544348 	2.5880684
-0.62222222 	-0.05 	0.364 	59.868148 	-4.4430601 	2.5875635
-0.62102102 	-0.05 	0.364 	59.89028 	-4.4316853 	2.5870587
-0.61981982 	-0.05 	0.364 	59.912411 	-4.4203106 	2.5865538
-0.61861862 	-0.05 	0.364 	59.934542 	-4.4089359 	2.5860489
-0.61741742 	-0.05 	0.364 	59.956673 	-4.3975612 	2.585544
-0.61621622 	-0.05 	0.364 	59.979197 	-4.3860863 	2.5850362
-0.61501502 	-0.05 	0.364 	60.002215 	-4.3744851 	2.5845245
-0.61381381 	-0.05 	0.364 	60.025233 	-4.3628839 	2.5840129
-0.61261261 	-0.05 	0.364 	60.048251 	-4.3512826 	2.5835012
-0.61141141 	-0.05 	0.364 	60.071388 	-4.4556342 	2.5829958
-0.61021021 	-0.05 	0.364 	60.094549 	-4.5829852 	2.5824916
-0.60900901 	-0.05 	0.364 	60.117921 	-4.7110028 	2.5815956
-0.60780781 	-0.05 	0.364 	60.141345 	-4.8391836 	2.5806038
-0.60660661 	-0.05 	0.364 	60.161847 	-4.8660121 	2.5797028
-0.60540541 	-0.05 	0.364 	60.181489 	-4.8629927 	2.5788287
-0.6042042 	-0.05 	0.364 	60.20113 	-4.8599734 	2.5779545
-0.603003 	-0.05 	0.364 	60.220991 	-4.8565693 	2.5770808
-0.6018018 	-0.05 	0.364 	60.241701 	-4.851668 	2.5762089
-0.6006006 	-0.05 	0.364 	60.262411 	-4.8467668 	2.5753369
-0.5993994 	-0.05 	0.364 	60.283122 	-4.8418655 	2.574465
-0.5981982 	-0.05 	0.364 	60.303832 	-4.8369643 	2.573593
-0.596997 	-0.05 	0.364 	60.324542 	-4.8320631 	2.572721
-0.5957958 	-0.05 	0.364 	60.345252 	-4.8271618 	2.5718491
-0.59459459 	-0.05 	0.364 	60.365963 	-4.8222606 	2.5709771
-0.59339339 	-0.05 	0.364 	60.386673 	-4.8173593 	2.5701052
-0.59219219 	-0.05 	0.364 	60.407383 	-4.8124581 	2.5692332
-0.59099099 	-0.05 	0.364 	60.428094 	-4.8075568 	2.5683613
-0.58978979 	-0.05 	0.364 	60.448804 	-4.8026556 	2.5674893
-0.58858859 	-0.05 	0.364 	60.469514 	-4.7977544 	2.5666174
-0.58738739 	-0.05 	0.364 	60.490224 	-4.7928531 	2.5657454
-0.58618619 	-0.05 	0.364 	60.510935 	-4.7879519 	2.5648735
-0.58498498 	-0.05 	0.364 	60.531645 	-4.7830506 	2.5640015
-0.58378378 	-0.05 	0.364 	60.552355 	-4.7781494 	2.5631295
-0.58258258 	-0.05 	0.364 	60.573066 	-4.7732481 	2.5622576
-0.58138138 	-0.05 	0.364 	60.59225 	-4.7094251 	2.5614754
-0.58018018 	-0.05 	0.364 	60.609563 	-4.5733211 	2.5608033
-0.57897898 	-0.05 	0.364 	60.627391 	-4.4366376 	2.5599264
-0.57777778 	-0.05 	0.364 	60.645938 	-4.2991482 	2.558765
-0.57657658 	-0.05 	0.364 	60.66837 	-4.208673 	2.5575683
-0.57537538 	-0.05 	0.364 	60.696945 	-4.1925035 	2.5563158
-0.57417417 	-0.05 	0.364 	60.72552 	-4.1763341 	2.5550633
-0.57297297 	-0.05 	0.364 	60.754096 	-4.1601646 	2.5538108
-0.57177177 	-0.05 	0.364 	60.782671 	-4.1439951 	2.5525584
-0.57057057 	-0.05 	0.364 	60.811246 	-4.1278257 	2.5513059
-0.56936937 	-0.05 	0.364 	60.839821 	-4.1116562 	2.5500534
-0.56816817 	-0.05 	0.364 	60.868396 	-4.0954868 	2.5488009
-0.56696697 	-0.05 	0.364 	60.896971 	-4.0793173 	2.5475485
-0.56576577 	-0.05 	0.364 	60.925546 	-4.0631479 	2.546296
-0.56456456 	-0.05 	0.364 	60.954121 	-4.0469784 	2.5450435
-0.56336336 	-0.05 	0.364 	60.982697 	-4.030809 	2.543791
-0.56216216 	-0.05 	0.364 	61.011272 	-4.0146395 	2.5425385
-0.56096096 	-0.05 	0.364 	61.039847 	-3.99847 	2.5412861
-0.55975976 	-0.05 	0.364 	61.068422 	-3.9823006 	2.5400336
-0.55855856 	-0.05 	0.364 	61.096997 	-3.9661311 	2.5387811
-0.55735736 	-0.05 	0.364 	61.125572 	-3.9499617 	2.5375286
-0.55615616 	-0.05 	0.364 	61.154147 	-3.9337922 	2.5362762
-0.55495495 	-0.05 	0.364 	61.184866 	-3.9139293 	2.5350249
-0.55375375 	-0.05 	0.364 	61.218683 	-3.8887301 	2.5337755
-0.55255255 	-0.05 	0.364 	61.2525 	-3.8635309 	2.532526
-0.55135135 	-0.05 	0.364 	61.287006 	-3.846341 	2.5312768
-0.55015015 	-0.05 	0.364 	61.331267 	-3.9424709 	2.5300316
-0.54894895 	-0.05 	0.364 	61.375469 	-4.0387732 	2.5287703
-0.54774775 	-0.05 	0.364 	61.418067 	-4.1397464 	2.5270737
-0.54654655 	-0.05 	0.364 	61.460553 	-4.2404219 	2.5253772
-0.54534535 	-0.05 	0.364 	61.47923 	-4.2775706 	2.5236905
-0.54414414 	-0.05 	0.364 	61.497908 	-4.3147193 	2.5220037
-0.54294294 	-0.05 	0.364 	61.516585 	-4.351868 	2.5203169
-0.54174174 	-0.05 	0.364 	61.534945 	-4.3767763 	2.5186438
-0.54054054 	-0.05 	0.364 	61.553166 	-4.3963449 	2.5169767
-0.53933934 	-0.05 	0.364 	61.571387 	-4.4159135 	2.5153096
-0.53813814 	-0.05 	0.364 	61.589607 	-4.4354822 	2.5136424
-0.53693694 	-0.05 	0.364 	61.607828 	-4.4550508 	2.5119753
-0.53573574 	-0.05 	0.364 	61.626049 	-4.4746194 	2.5103081
-0.53453453 	-0.05 	0.364 	61.64427 	-4.4941881 	2.508641
-0.53333333 	-0.05 	0.364 	61.66249 	-4.5137567 	2.5069738
-0.53213213 	-0.05 	0.364 	61.680711 	-4.5333254 	2.5053067
-0.53093093 	-0.05 	0.364 	61.698932 	-4.552894 	2.5036396
-0.52972973 	-0.05 	0.364 	61.717153 	-4.5724626 	2.5019724
-0.52852853 	-0.05 	0.364 	61.735373 	-4.5920313 	2.5003053
-0.52732733 	-0.05 	0.364 	61.753594 	-4.6115999 	2.4986381
-0.52612613 	-0.05 	0.364 	61.771815 	-4.6311685 	2.496971
-0.52492492 	-0.05 	0.364 	61.790036 	-4.6507372 	2.4953039
-0.52372372 	-0.05 	0.364 	61.808256 	-4.6703058 	2.4936367
-0.52252252 	-0.05 	0.364 	61.826477 	-4.6898745 	2.4919696
-0.52132132 	-0.05 	0.364 	61.844698 	-4.7094431 	2.4903024
-0.52012012 	-0.05 	0.364 	61.846968 	-4.685766 	2.4887537
-0.51891892 	-0.05 	0.364 	61.841672 	-4.6415743 	2.4872612
-0.51771772 	-0.05 	0.364 	61.835227 	-4.5944517 	2.4854861
-0.51651652 	-0.05 	0.364 	61.828157 	-4.54573 	2.483557
-0.51531532 	-0.05 	0.364 	61.828882 	-4.5186696 	2.4815704
-0.51411411 	-0.05 	0.364 	61.834465 	-4.5051031 	2.479548
-0.51291291 	-0.05 	0.364 	61.840047 	-4.4915366 	2.4775256
-0.51171171 	-0.05 	0.364 	61.845629 	-4.4779702 	2.4755032
-0.51051051 	-0.05 	0.364 	61.851211 	-4.4644037 	2.4734808
-0.50930931 	-0.05 	0.364 	61.856793 	-4.4508372 	2.4714585
-0.50810811 	-0.05 	0.364 	61.862376 	-4.4372707 	2.4694361
-0.50690691 	-0.05 	0.364 	61.867958 	-4.4237043 	2.4674137
-0.50570571 	-0.05 	0.364 	61.87354 	-4.4101378 	2.4653913
-0.5045045 	-0.05 	0.364 	61.879122 	-4.3965713 	2.4633689
-0.5033033 	-0.05 	0.364 	61.884705 	-4.3830049 	2.4613465
-0.5021021 	-0.05 	0.364 	61.890287 	-4.3694384 	2.4593241
-0.5009009 	-0.05 	0.364 	61.895869 	-4.3558719 	2.4573017
-0.4996997 	-0.05 	0.364 	61.901451 	-4.3423054 	2.4552793
-0.4984985 	-0.05 	0.364 	61.907033 	-4.328739 	2.4532569
-0.4972973 	-0.05 	0.364 	61.912616 	-4.3151725 	2.4512345
-0.4960961 	-0.05 	0.364 	61.918198 	-4.301606 	2.4492122
-0.49489489 	-0.05 	0.364 	61.92378 	-4.2880395 	2.4471898
-0.49369369 	-0.05 	0.364 	61.925881 	-4.2704507 	2.4451697
-0.49249249 	-0.05 	0.364 	61.925357 	-4.2498299 	2.4431515
-0.49129129 	-0.05 	0.364 	61.924834 	-4.229209 	2.4411333
-0.49009009 	-0.05 	0.364 	61.928118 	-4.2188607 	2.4391519
-0.48888889 	-0.05 	0.364 	61.940629 	-4.2333964 	2.4372597
-0.48768769 	-0.05 	0.364 	61.953467 	-4.2481113 	2.4352407
-0.48648649 	-0.05 	0.364 	61.96723 	-4.2633328 	2.4328632
-0.48528529 	-0.05 	0.364 	61.980966 	-4.2727685 	2.4304801
-0.48408408 	-0.05 	0.364 	61.994612 	-4.2628851 	2.4280781
-0.48288288 	-0.05 	0.364 	62.008259 	-4.2530016 	2.4256761
-0.48168168 	-0.05 	0.364 	62.021906 	-4.2431182 	2.4232742
-0.48048048 	-0.05 	0.364 	62.034255 	-4.2328829 	2.4208701
-0.47927928 	-0.05 	0.364 	62.046581 	-4.2226411 	2.4184659
-0.47807808 	-0.05 	0.364 	62.058907 	-4.2123993 	2.4160618
-0.47687688 	-0.05 	0.364 	62.071233 	-4.2021575 	2.4136577
-0.47567568 	-0.05 	0.364 	62.083558 	-4.1919157 	2.4112535
-0.47447447 	-0.05 	0.364 	62.095884 	-4.1816739 	2.4088494
-0.47327327 	-0.05 	0.364 	62.10821 	-4.1714321 	2.4064453
-0.47207207 	-0.05 	0.364 	62.120536 	-4.1611903 	2.4040411
-0.47087087 	-0.05 	0.364 	62.132862 	-4.1509485 	2.401637
-0.46966967 	-0.05 	0.364 	62.145187 	-4.1407068 	2.3992329
-0.46846847 	-0.05 	0.364 	62.157513 	-4.130465 	2.3968288
-0.46726727 	-0.05 	0.364 	62.169839 	-4.1202232 	2.3944246
-0.46606607 	-0.05 	0.364 	62.182165 	-4.1099814 	2.3920205
-0.46486486 	-0.05 	0.364 	62.19449 	-4.0997396 	2.3896164
-0.46366366 	-0.05 	0.364 	62.206816 	-4.0894978 	2.3872122
-0.46246246 	-0.05 	0.364 	62.219142 	-4.079256 	2.3848081
-0.46126126 	-0.05 	0.364 	62.231468 	-4.0690142 	2.382404
-0.46006006 	-0.05 	0.364 	62.243794 	-4.0587724 	2.3799998
-0.45885886 	-0.05 	0.364 	62.256376 	-4.0257288 	2.3777855
-0.45765766 	-0.05 	0.364 	62.268984 	-3.9903726 	2.3755904
-0.45645646 	-0.05 	0.364 	62.282087 	-3.9552889 	2.3729727
-0.45525526 	-0.05 	0.364 	62.295261 	-3.9202434 	2.3702958
-0.45405405 	-0.05 	0.364 	62.310139 	-3.9090359 	2.3675235
-0.45285285 	-0.05 	0.364 	62.325326 	-3.9021483 	2.3647338
-0.45165165 	-0.05 	0.364 	62.340513 	-3.8952607 	2.3619441
-0.45045045 	-0.05 	0.364 	62.355701 	-3.888373 	2.3591544
-0.44924925 	-0.05 	0.364 	62.370888 	-3.8814854 	2.3563647
-0.44804805 	-0.05 	0.364 	62.386075 	-3.8745977 	2.353575
-0.44684685 	-0.05 	0.364 	62.401262 	-3.8677101 	2.3507854
-0.44564565 	-0.05 	0.364 	62.41645 	-3.8608225 	2.3479957
-0.44444444 	-0.05 	0.364 	62.431637 	-3.8539348 	2.345206
-0.44324324 	-0.05 	0.364 	62.446824 	-3.8470472 	2.3424163
-0.44204204 	-0.05 	0.364 	62.462011 	-3.8401595 	2.3396266
-0.44084084 	-0.05 	0.364 	62.477199 	-3.8332719 	2.3368369
-0.43963964 	-0.05 	0.364 	62.492386 	-3.8263843 	2.3340473
-0.43843844 	-0.05 	0.364 	62.507573 	-3.8194966 	2.3312576
-0.43723724 	-0.05 	0.364 	62.522761 	-3.812609 	2.3284679
-0.43603604 	-0.05 	0.364 	62.537948 	-3.8057213 	2.3256782
-0.43483483 	-0.05 	0.364 	62.553135 	-3.7988337 	2.3228885
-0.43363363 	-0.05 	0.364 	62.568322 	-3.7919461 	2.3200988
-0.43243243 	-0.05 	0.364 	62.584022 	-3.7839231 	2.3173103
-0.43123123 	-0.05 	0.364 	62.600075 	-3.7751166 	2.3145225
-0.43003003 	-0.05 	0.364 	62.616128 	-3.7663101 	2.3117346
-0.42882883 	-0.05 	0.364 	62.633457 	-3.7723243 	2.3090311
-0.42762763 	-0.05 	0.364 	62.651934 	-3.7916726 	2.3064034
-0.42642643 	-0.05 	0.364 	62.670821 	-3.8111818 	2.3035383
-0.42522523 	-0.05 	0.364 	62.690123 	-3.8308543 	2.3004321
-0.42402402 	-0.05 	0.364 	62.710978 	-3.8385815 	2.2972851
-0.42282282 	-0.05 	0.364 	62.733616 	-3.8325901 	2.294091
-0.42162162 	-0.05 	0.364 	62.756253 	-3.8265987 	2.2908969
-0.42042042 	-0.05 	0.364 	62.777612 	-3.8212482 	2.2877036
-0.41921922 	-0.05 	0.364 	62.797242 	-3.8167651 	2.2845113
-0.41801802 	-0.05 	0.364 	62.816871 	-3.8122819 	2.2813189
-0.41681682 	-0.05 	0.364 	62.836501 	-3.8077987 	2.2781266
-0.41561562 	-0.05 	0.364 	62.85613 	-3.8033156 	2.2749342
-0.41441441 	-0.05 	0.364 	62.875759 	-3.7988324 	2.2717419
-0.41321321 	-0.05 	0.364 	62.895389 	-3.7943492 	2.2685496
-0.41201201 	-0.05 	0.364 	62.915018 	-3.7898661 	2.2653572
-0.41081081 	-0.05 	0.364 	62.934647 	-3.7853829 	2.2621649
-0.40960961 	-0.05 	0.364 	62.954277 	-3.7808998 	2.2589725
-0.40840841 	-0.05 	0.364 	62.973906 	-3.7764166 	2.2557802
-0.40720721 	-0.05 	0.364 	62.993536 	-3.7719334 	2.2525879
-0.40600601 	-0.05 	0.364 	63.013165 	-3.7674503 	2.2493955
-0.4048048 	-0.05 	0.364 	63.032794 	-3.7629671 	2.2462032
-0.4036036 	-0.05 	0.364 	63.052424 	-3.758484 	2.2430108
-0.4024024 	-0.05 	0.364 	63.072053 	-3.7540008 	2.2398185
-0.4012012 	-0.05 	0.364 	63.091682 	-3.7495176 	2.2366262
-0.4 	-0.05 	0.364 	63.111312 	-3.7450345 	2.2334338
-0.3987988 	-0.05 	0.364 	63.131472 	-3.7369206 	2.230271
-0.3975976 	-0.05 	0.364 	63.154851 	-3.7067842 	2.2272874
-0.3963964 	-0.05 	0.364 	63.178187 	-3.6768381 	2.2242565
-0.3951952 	-0.05 	0.364 	63.201181 	-3.6484254 	2.2208443
-0.39399399 	-0.05 	0.364 	63.223345 	-3.6229701 	2.2174176
-0.39279279 	-0.05 	0.364 	63.235922 	-3.6316533 	2.2138227
-0.39159159 	-0.05 	0.364 	63.248499 	-3.6403366 	2.2102279
-0.39039039 	-0.05 	0.364 	63.261075 	-3.6490198 	2.2066331
-0.38918919 	-0.05 	0.364 	63.273652 	-3.657703 	2.2030382
-0.38798799 	-0.05 	0.364 	63.286229 	-3.6663862 	2.1994434
-0.38678679 	-0.05 	0.364 	63.298806 	-3.6750694 	2.1958485
-0.38558559 	-0.05 	0.364 	63.311383 	-3.6837527 	2.1922537
-0.38438438 	-0.05 	0.364 	63.32396 	-3.6924359 	2.1886588
-0.38318318 	-0.05 	0.364 	63.336537 	-3.7011191 	2.185064
-0.38198198 	-0.05 	0.364 	63.349113 	-3.7098023 	2.1814691
-0.38078078 	-0.05 	0.364 	63.36169 	-3.7184856 	2.1778743
-0.37957958 	-0.05 	0.364 	63.374267 	-3.7271688 	2.1742794
-0.37837838 	-0.05 	0.364 	63.386844 	-3.735852 	2.1706846
-0.37717718 	-0.05 	0.364 	63.399421 	-3.7445352 	2.1670897
-0.37597598 	-0.05 	0.364 	63.411998 	-3.7532185 	2.1634949
-0.37477477 	-0.05 	0.364 	63.424575 	-3.7619017 	2.1599
-0.37357357 	-0.05 	0.364 	63.437151 	-3.7705849 	2.1563052
-0.37237237 	-0.05 	0.364 	63.449728 	-3.7792681 	2.1527103
-0.37117117 	-0.05 	0.364 	63.459502 	-3.7945794 	2.1491086
-0.36996997 	-0.05 	0.364 	63.468475 	-3.8117858 	2.145505
-0.36876877 	-0.05 	0.364 	63.477448 	-3.8289923 	2.1419013
-0.36756757 	-0.05 	0.364 	63.478847 	-3.8742583 	2.1384341
-0.36636637 	-0.05 	0.364 	63.477804 	-3.9285771 	2.1350109
-0.36516517 	-0.05 	0.364 	63.477559 	-3.9800365 	2.1312887
-0.36396396 	-0.05 	0.364 	63.477616 	-4.0304119 	2.1274531
-0.36276276 	-0.05 	0.364 	63.484005 	-4.0239686 	2.1235427
-0.36156156 	-0.05 	0.364 	63.493178 	-3.9925398 	2.1195993
-0.36036036 	-0.05 	0.364 	63.50235 	-3.961111 	2.115656
-0.35915916 	-0.05 	0.364 	63.514371 	-3.9357044 	2.1116976
-0.35795796 	-0.05 	0.364 	63.527628 	-3.9129153 	2.1077326
-0.35675676 	-0.05 	0.364 	63.540886 	-3.8901262 	2.1037677
-0.35555556 	-0.05 	0.364 	63.554144 	-3.8673372 	2.0998028
-0.35435435 	-0.05 	0.364 	63.567401 	-3.8445481 	2.0958378
-0.35315315 	-0.05 	0.364 	63.580659 	-3.821759 	2.0918729
-0.35195195 	-0.05 	0.364 	63.593916 	-3.7989699 	2.087908
-0.35075075 	-0.05 	0.364 	63.607174 	-3.7761808 	2.083943
-0.34954955 	-0.05 	0.364 	63.620432 	-3.7533917 	2.0799781
-0.34834835 	-0.05 	0.364 	63.633689 	-3.7306026 	2.0760132
-0.34714715 	-0.05 	0.364 	63.646947 	-3.7078135 	2.0720482
-0.34594595 	-0.05 	0.364 	63.660205 	-3.6850244 	2.0680833
-0.34474474 	-0.05 	0.364 	63.673462 	-3.6622354 	2.0641184
-0.34354354 	-0.05 	0.364 	63.68672 	-3.6394463 	2.0601534
-0.34234234 	-0.05 	0.364 	63.699978 	-3.6166572 	2.0561885
-0.34114114 	-0.05 	0.364 	63.713235 	-3.5938681 	2.0522236
-0.33993994 	-0.05 	0.364 	63.726493 	-3.571079 	2.0482586
-0.33873874 	-0.05 	0.364 	63.739751 	-3.5482899 	2.0442937
-0.33753754 	-0.05 	0.364 	63.756562 	-3.4948907 	2.0404449
-0.33633634 	-0.05 	0.364 	63.779324 	-3.3902287 	2.0367907
-0.33513514 	-0.05 	0.364 	63.802831 	-3.286056 	2.0329821
-0.33393393 	-0.05 	0.364 	63.827766 	-3.1828191 	2.0288783
-0.33273273 	-0.05 	0.364 	63.851668 	-3.1073888 	2.0246869
-0.33153153 	-0.05 	0.364 	63.873299 	-3.0930981 	2.0203029
-0.33033033 	-0.05 	0.364 	63.89493 	-3.0788074 	2.0159188
-0.32912913 	-0.05 	0.364 	63.916561 	-3.0645167 	2.0115348
-0.32792793 	-0.05 	0.364 	63.938191 	-3.050226 	2.0071508
-0.32672673 	-0.05 	0.364 	63.959822 	-3.0359353 	2.0027668
-0.32552553 	-0.05 	0.364 	63.981453 	-3.0216446 	1.9983828
-0.32432432 	-0.05 	0.364 	64.003084 	-3.0073539 	1.9939988
-0.32312312 	-0.05 	0.364 	64.024715 	-2.9930632 	1.9896148
-0.32192192 	-0.05 	0.364 	64.046346 	-2.9787725 	1.9852308
-0.32072072 	-0.05 	0.364 	64.067977 	-2.9644818 	1.9808468
-0.31951952 	-0.05 	0.364 	64.089608 	-2.9501911 	1.9764628
-0.31831832 	-0.05 	0.364 	64.111239 	-2.9359004 	1.9720788
-0.31711712 	-0.05 	0.364 	64.13287 	-2.9216097 	1.9676948
-0.31591592 	-0.05 	0.364 	64.154501 	-2.907319 	1.9633108
-0.31471471 	-0.05 	0.364 	64.176132 	-2.8930283 	1.9589268
-0.31351351 	-0.05 	0.364 	64.197763 	-2.8787376 	1.9545428
-0.31231231 	-0.05 	0.364 	64.219394 	-2.8644469 	1.9501588
-0.31111111 	-0.05 	0.364 	64.241025 	-2.8501562 	1.9457748
-0.30990991 	-0.05 	0.364 	64.265579 	-2.8365618 	1.9414035
-0.30870871 	-0.05 	0.364 	64.29081 	-2.8231289 	1.9370353
-0.30750751 	-0.05 	0.364 	64.316042 	-2.809696 	1.932667
-0.30630631 	-0.05 	0.364 	64.338445 	-2.8845143 	1.9284481
-0.30510511 	-0.05 	0.364 	64.360826 	-2.9600145 	1.9242305
-0.3039039 	-0.05 	0.364 	64.383734 	-3.0364557 	1.9196253
-0.3027027 	-0.05 	0.364 	64.406662 	-3.112934 	1.9150048
-0.3015015 	-0.05 	0.364 	64.429408 	-3.1141485 	1.910213
-0.3003003 	-0.05 	0.364 	64.452142 	-3.1098177 	1.9054085
-0.2990991 	-0.05 	0.364 	64.474778 	-3.1054727 	1.9006033
-0.2978979 	-0.05 	0.364 	64.496796 	-3.1010371 	1.8957931
-0.2966967 	-0.05 	0.364 	64.518815 	-3.0966015 	1.8909829
-0.2954955 	-0.05 	0.364 	64.540834 	-3.0921659 	1.8861727
-0.29429429 	-0.05 	0.364 	64.562853 	-3.0877303 	1.8813625
-0.29309309 	-0.05 	0.364 	64.584871 	-3.0832947 	1.8765523
-0.29189189 	-0.05 	0.364 	64.60689 	-3.0788592 	1.8717421
-0.29069069 	-0.05 	0.364 	64.628909 	-3.0744236 	1.8669319
-0.28948949 	-0.05 	0.364 	64.650928 	-3.069988 	1.8621217
-0.28828829 	-0.05 	0.364 	64.672946 	-3.0655524 	1.8573115
-0.28708709 	-0.05 	0.364 	64.694965 	-3.0611168 	1.8525013
-0.28588589 	-0.05 	0.364 	64.716984 	-3.0566812 	1.8476911
-0.28468468 	-0.05 	0.364 	64.739003 	-3.0522456 	1.8428809
-0.28348348 	-0.05 	0.364 	64.761021 	-3.04781 	1.8380707
-0.28228228 	-0.05 	0.364 	64.78304 	-3.0433744 	1.8332605
-0.28108108 	-0.05 	0.364 	64.805059 	-3.0389388 	1.8284503
-0.27987988 	-0.05 	0.364 	64.827078 	-3.0345032 	1.8236401
-0.27867868 	-0.05 	0.364 	64.849096 	-3.0300676 	1.81883
-0.27747748 	-0.05 	0.364 	64.871115 	-3.025632 	1.8140198
-0.27627628 	-0.05 	0.364 	64.893279 	-2.9721271 	1.809401
-0.27507508 	-0.05 	0.364 	64.915536 	-2.8868864 	1.804906
-0.27387387 	-0.05 	0.364 	64.938575 	-2.8013408 	1.8001894
-0.27267267 	-0.05 	0.364 	64.96219 	-2.715571 	1.7953096
-0.27147147 	-0.05 	0.364 	64.990229 	-2.6722213 	1.7902394
-0.27027027 	-0.05 	0.364 	65.021954 	-2.664207 	1.7850107
-0.26906907 	-0.05 	0.364 	65.053679 	-2.6561927 	1.7797819
-0.26786787 	-0.05 	0.364 	65.085403 	-2.6481785 	1.7745532
-0.26666667 	-0.05 	0.364 	65.117128 	-2.6401642 	1.7693244
-0.26546547 	-0.05 	0.364 	65.148853 	-2.6321499 	1.7640956
-0.26426426 	-0.05 	0.364 	65.180578 	-2.6241357 	1.7588669
-0.26306306 	-0.05 	0.364 	65.212302 	-2.6161214 	1.7536381
-0.26186186 	-0.05 	0.364 	65.244027 	-2.6081071 	1.7484094
-0.26066066 	-0.05 	0.364 	65.275752 	-2.6000929 	1.7431806
-0.25945946 	-0.05 	0.364 	65.307476 	-2.5920786 	1.7379519
-0.25825826 	-0.05 	0.364 	65.339201 	-2.5840643 	1.7327231
-0.25705706 	-0.05 	0.364 	65.370926 	-2.57605 	1.7274944
-0.25585586 	-0.05 	0.364 	65.402651 	-2.5680358 	1.7222656
-0.25465465 	-0.05 	0.364 	65.434375 	-2.5600215 	1.7170369
-0.25345345 	-0.05 	0.364 	65.4661 	-2.5520072 	1.7118081
-0.25225225 	-0.05 	0.364 	65.497825 	-2.543993 	1.7065794
-0.25105105 	-0.05 	0.364 	65.52955 	-2.5359787 	1.7013506
-0.24984985 	-0.05 	0.364 	65.561274 	-2.5279644 	1.6961219
-0.24864865 	-0.05 	0.364 	65.595395 	-2.5133174 	1.69091
-0.24744745 	-0.05 	0.364 	65.629539 	-2.4986031 	1.6856984
-0.24624625 	-0.05 	0.364 	65.6656 	-2.5013004 	1.6805343
-0.24504505 	-0.05 	0.364 	65.70829 	-2.5642505 	1.6755348
-0.24384384 	-0.05 	0.364 	65.750806 	-2.627635 	1.6704592
-0.24264264 	-0.05 	0.364 	65.792596 	-2.6928296 	1.6650662
-0.24144144 	-0.05 	0.364 	65.831165 	-2.7502259 	1.6596264
-0.24024024 	-0.05 	0.364 	65.853169 	-2.7675015 	1.6539453
-0.23903904 	-0.05 	0.364 	65.875173 	-2.7847772 	1.6482642
-0.23783784 	-0.05 	0.364 	65.898223 	-2.7963641 	1.6425795
-0.23663664 	-0.05 	0.364 	65.922709 	-2.8001489 	1.6368898
-0.23543544 	-0.05 	0.364 	65.947195 	-2.8039338 	1.6312001
-0.23423423 	-0.05 	0.364 	65.971681 	-2.8077186 	1.6255104
-0.23303303 	-0.05 	0.364 	65.996167 	-2.8115035 	1.6198207
-0.23183183 	-0.05 	0.364 	66.020652 	-2.8152883 	1.614131
-0.23063063 	-0.05 	0.364 	66.045138 	-2.8190732 	1.6084414
-0.22942943 	-0.05 	0.364 	66.069624 	-2.822858 	1.6027517
-0.22822823 	-0.05 	0.364 	66.09411 	-2.8266429 	1.597062
-0.22702703 	-0.05 	0.364 	66.118596 	-2.8304277 	1.5913723
-0.22582583 	-0.05 	0.364 	66.143082 	-2.8342126 	1.5856826
-0.22462462 	-0.05 	0.364 	66.167568 	-2.8379974 	1.5799929
-0.22342342 	-0.05 	0.364 	66.192054 	-2.8417823 	1.5743032
-0.22222222 	-0.05 	0.364 	66.216539 	-2.8455671 	1.5686136
-0.22102102 	-0.05 	0.364 	66.241025 	-2.849352 	1.5629239
-0.21981982 	-0.05 	0.364 	66.265511 	-2.8531368 	1.5572342
-0.21861862 	-0.05 	0.364 	66.289997 	-2.8569217 	1.5515445
-0.21741742 	-0.05 	0.364 	66.314483 	-2.8607065 	1.5458548
-0.21621622 	-0.05 	0.364 	66.338969 	-2.8644914 	1.5401651
-0.21501502 	-0.05 	0.364 	66.347182 	-2.8279786 	1.5347443
-0.21381381 	-0.05 	0.364 	66.352308 	-2.7838224 	1.5293744
-0.21261261 	-0.05 	0.364 	66.356987 	-2.7366712 	1.523714
-0.21141141 	-0.05 	0.364 	66.36156 	-2.6888171 	1.5179855
-0.21021021 	-0.05 	0.364 	66.374741 	-2.6603785 	1.5119756
-0.20900901 	-0.05 	0.364 	66.390365 	-2.6374488 	1.505886
-0.20780781 	-0.05 	0.364 	66.40599 	-2.6145192 	1.4997963
-0.20660661 	-0.05 	0.364 	66.421614 	-2.5915896 	1.4937067
-0.20540541 	-0.05 	0.364 	66.437238 	-2.56866 	1.487617
-0.2042042 	-0.05 	0.364 	66.452862 	-2.5457304 	1.4815274
-0.203003 	-0.05 	0.364 	66.468486 	-2.5228007 	1.4754377
-0.2018018 	-0.05 	0.364 	66.48411 	-2.4998711 	1.469348
-0.2006006 	-0.05 	0.364 	66.499734 	-2.4769415 	1.4632584
-0.1993994 	-0.05 	0.364 	66.515358 	-2.4540119 	1.4571687
-0.1981982 	-0.05 	0.364 	66.530982 	-2.4310823 	1.4510791
-0.196997 	-0.05 	0.364 	66.546606 	-2.4081526 	1.4449894
-0.1957958 	-0.05 	0.364 	66.56223 	-2.385223 	1.4388998
-0.19459459 	-0.05 	0.364 	66.577855 	-2.3622934 	1.4328101
-0.19339339 	-0.05 	0.364 	66.593479 	-2.3393638 	1.4267205
-0.19219219 	-0.05 	0.364 	66.609103 	-2.3164342 	1.4206308
-0.19099099 	-0.05 	0.364 	66.624727 	-2.2935045 	1.4145412
-0.18978979 	-0.05 	0.364 	66.640351 	-2.2705749 	1.4084515
-0.18858859 	-0.05 	0.364 	66.655896 	-2.2475078 	1.4023627
-0.18738739 	-0.05 	0.364 	66.667611 	-2.2178122 	1.3963174
-0.18618619 	-0.05 	0.364 	66.679327 	-2.1881165 	1.3902721
-0.18498498 	-0.05 	0.364 	66.696292 	-2.1697329 	1.3843571
-0.18378378 	-0.05 	0.364 	66.719497 	-2.1648023 	1.3785971
-0.18258258 	-0.05 	0.364 	66.743592 	-2.1603961 	1.3726954
-0.18138138 	-0.05 	0.364 	66.768883 	-2.1566957 	1.3666028
-0.18018018 	-0.05 	0.364 	66.795022 	-2.1487982 	1.3603363
-0.17897898 	-0.05 	0.364 	66.822457 	-2.1344909 	1.3538042
-0.17777778 	-0.05 	0.364 	66.849893 	-2.1201837 	1.3472721
-0.17657658 	-0.05 	0.364 	66.877367 	-2.107454 	1.3407166
-0.17537538 	-0.05 	0.364 	66.904849 	-2.0949906 	1.3341572
-0.17417417 	-0.05 	0.364 	66.93233 	-2.0825273 	1.3275978
-0.17297297 	-0.05 	0.364 	66.959811 	-2.070064 	1.3210384
-0.17177177 	-0.05 	0.364 	66.987293 	-2.0576007 	1.314479
-0.17057057 	-0.05 	0.364 	67.014774 	-2.0451374 	1.3079195
-0.16936937 	-0.05 	0.364 	67.042255 	-2.0326741 	1.3013601
-0.16816817 	-0.05 	0.364 	67.069737 	-2.0202108 	1.2948007
-0.16696697 	-0.05 	0.364 	67.097218 	-2.0077475 	1.2882413
-0.16576577 	-0.05 	0.364 	67.124699 	-1.9952842 	1.2816818
-0.16456456 	-0.05 	0.364 	67.152181 	-1.9828209 	1.2751224
-0.16336336 	-0.05 	0.364 	67.179662 	-1.9703575 	1.268563
-0.16216216 	-0.05 	0.364 	67.207144 	-1.9578942 	1.2620036
-0.16096096 	-0.05 	0.364 	67.234625 	-1.9454309 	1.2554442
-0.15975976 	-0.05 	0.364 	67.262106 	-1.9329676 	1.2488847
-0.15855856 	-0.05 	0.364 	67.289588 	-1.9205043 	1.2423253
-0.15735736 	-0.05 	0.364 	67.317069 	-1.908041 	1.2357659
-0.15615616 	-0.05 	0.364 	67.34455 	-1.8955777 	1.2292065
-0.15495495 	-0.05 	0.364 	67.372224 	-1.882345 	1.2226661
-0.15375375 	-0.05 	0.364 	67.402359 	-1.8592622 	1.2163693
-0.15255255 	-0.05 	0.364 	67.432553 	-1.8361266 	1.2100605
-0.15135135 	-0.05 	0.364 	67.464121 	-1.8117687 	1.2034757
-0.15015015 	-0.05 	0.364 	67.495741 	-1.7874139 	1.1968862
-0.14894895 	-0.05 	0.364 	67.532294 	-1.7633431 	1.189874
-0.14774775 	-0.05 	0.364 	67.568846 	-1.7392724 	1.1828618
-0.14654655 	-0.05 	0.364 	67.605398 	-1.7152017 	1.1758496
-0.14534535 	-0.05 	0.364 	67.64195 	-1.691131 	1.1688374
-0.14414414 	-0.05 	0.364 	67.678503 	-1.6670602 	1.1618252
-0.14294294 	-0.05 	0.364 	67.715055 	-1.6429895 	1.154813
-0.14174174 	-0.05 	0.364 	67.751607 	-1.6189188 	1.1478008
-0.14054054 	-0.05 	0.364 	67.788159 	-1.5948481 	1.1407886
-0.13933934 	-0.05 	0.364 	67.824712 	-1.5707773 	1.1337764
-0.13813814 	-0.05 	0.364 	67.861264 	-1.5467066 	1.1267642
-0.13693694 	-0.05 	0.364 	67.897816 	-1.5226359 	1.119752
-0.13573574 	-0.05 	0.364 	67.934368 	-1.4985652 	1.1127398
-0.13453453 	-0.05 	0.364 	67.970921 	-1.4744944 	1.1057276
-0.13333333 	-0.05 	0.364 	68.007473 	-1.4504237 	1.0987154
-0.13213213 	-0.05 	0.364 	68.044025 	-1.426353 	1.0917032
-0.13093093 	-0.05 	0.364 	68.080577 	-1.4022823 	1.084691
-0.12972973 	-0.05 	0.364 	68.11713 	-1.3782115 	1.0776788
-0.12852853 	-0.05 	0.364 	68.153682 	-1.3541408 	1.0706666
-0.12732733 	-0.05 	0.364 	68.189413 	-1.3296592 	1.0636638
-0.12612613 	-0.05 	0.364 	68.221528 	-1.3033688 	1.0567023
-0.12492492 	-0.05 	0.364 	68.253644 	-1.2770784 	1.0497408
-0.12372372 	-0.05 	0.364 	68.289392 	-1.2508485 	1.0430067
-0.12252252 	-0.05 	0.364 	68.326798 	-1.2246461 	1.0363763
-0.12132132 	-0.05 	0.364 	68.365093 	-1.1973434 	1.0295887
-0.12012012 	-0.05 	0.364 	68.403855 	-1.1694625 	1.0227185
-0.11891892 	-0.05 	0.364 	68.439904 	-1.1336284 	1.0156383
-0.11771772 	-0.05 	0.364 	68.474321 	-1.0930113 	1.0084318
-0.11651652 	-0.05 	0.364 	68.510012 	-1.052404 	1.0011916
-0.11531532 	-0.05 	0.364 	68.552659 	-1.01185 	0.99376715
-0.11411411 	-0.05 	0.364 	68.595306 	-0.9712961 	0.98634267
-0.11291291 	-0.05 	0.364 	68.637953 	-0.93074217 	0.97891819
-0.11171171 	-0.05 	0.364 	68.6806 	-0.89018824 	0.97149371
-0.11051051 	-0.05 	0.364 	68.723247 	-0.8496343 	0.96406924
-0.10930931 	-0.05 	0.364 	68.765894 	-0.80908037 	0.95664476
-0.10810811 	-0.05 	0.364 	68.808541 	-0.76852643 	0.94922028
-0.10690691 	-0.05 	0.364 	68.851188 	-0.7279725 	0.9417958
-0.10570571 	-0.05 	0.364 	68.893835 	-0.68741856 	0.93437132
-0.1045045 	-0.05 	0.364 	68.936482 	-0.64686463 	0.92694684
-0.1033033 	-0.05 	0.364 	68.979129 	-0.6063107 	0.91952236
-0.1021021 	-0.05 	0.364 	69.021776 	-0.56575676 	0.91209788
-0.1009009 	-0.05 	0.364 	69.064423 	-0.52520283 	0.9046734
-0.0996997 	-0.05 	0.364 	69.10707 	-0.48464889 	0.89724893
-0.098498498 	-0.05 	0.364 	69.149717 	-0.44409496 	0.88982445
-0.097297297 	-0.05 	0.364 	69.192364 	-0.40354102 	0.88239997
-0.096096096 	-0.05 	0.364 	69.235011 	-0.36298709 	0.87497549
-0.094894895 	-0.05 	0.364 	69.277658 	-0.32243316 	0.86755101
-0.093693694 	-0.05 	0.364 	69.319102 	-0.27786773 	0.86026151
-0.092492492 	-0.05 	0.364 	69.357713 	-0.22385602 	0.85328985
-0.091291291 	-0.05 	0.364 	69.39645 	-0.16886169 	0.8462666
-0.09009009 	-0.05 	0.364 	69.435533 	-0.1111689 	0.83910164
-0.088888889 	-0.05 	0.364 	69.476298 	-0.049394277 	0.83177122
-0.087687688 	-0.05 	0.364 	69.522519 	0.025616634 	0.82390428
-0.086486486 	-0.05 	0.364 	69.56874 	0.10062755 	0.81603734
-0.085285285 	-0.05 	0.364 	69.614962 	0.17563846 	0.8081704
-0.084084084 	-0.05 	0.364 	69.661183 	0.25064937 	0.80030345
-0.082882883 	-0.05 	0.364 	69.707404 	0.32566028 	0.79243651
-0.081681682 	-0.05 	0.364 	69.753625 	0.40067119 	0.78456957
-0.08048048 	-0.05 	0.364 	69.799847 	0.4756821 	0.77670263
-0.079279279 	-0.05 	0.364 	69.846068 	0.55069301 	0.76883568
-0.078078078 	-0.05 	0.364 	69.892289 	0.62570392 	0.76096874
-0.076876877 	-0.05 	0.364 	69.938511 	0.70071484 	0.7531018
-0.075675676 	-0.05 	0.364 	69.984732 	0.77572575 	0.74523485
-0.074474474 	-0.05 	0.364 	70.030953 	0.85073666 	0.73736791
-0.073273273 	-0.05 	0.364 	70.077175 	0.92574757 	0.72950097
-0.072072072 	-0.05 	0.364 	70.123396 	1.0007585 	0.72163403
-0.070870871 	-0.05 	0.364 	70.169617 	1.0757694 	0.71376708
-0.06966967 	-0.05 	0.364 	70.215838 	1.1507803 	0.70590014
-0.068468468 	-0.05 	0.364 	70.26206 	1.2257912 	0.6980332
-0.067267267 	-0.05 	0.364 	70.308281 	1.3008021 	0.69016626
-0.066066066 	-0.05 	0.364 	70.351506 	1.3754028 	0.68233728
-0.064864865 	-0.05 	0.364 	70.375132 	1.44732 	0.67475665
-0.063663664 	-0.05 	0.364 	70.398757 	1.5192371 	0.66717603
-0.062462462 	-0.05 	0.364 	70.429341 	1.6077999 	0.65971455
-0.061261261 	-0.05 	0.364 	70.460613 	1.6980071 	0.65226483
-0.06006006 	-0.05 	0.364 	70.482103 	1.7981663 	0.64473211
-0.058858859 	-0.05 	0.364 	70.502244 	1.8996987 	0.63718794
-0.057657658 	-0.05 	0.364 	70.480802 	2.0448418 	0.62905274
-0.056456456 	-0.05 	0.364 	70.451247 	2.1984934 	0.62080222
-0.055255255 	-0.05 	0.364 	70.435331 	2.3591676 	0.61255305
-0.054054054 	-0.05 	0.364 	70.43095 	2.5257822 	0.60430502
-0.052852853 	-0.05 	0.364 	70.426569 	2.6923968 	0.596057
-0.051651652 	-0.05 	0.364 	70.422189 	2.8590114 	0.58780897
-0.05045045 	-0.05 	0.364 	70.417808 	3.025626 	0.57956094
-0.049249249 	-0.05 	0.364 	70.413427 	3.1922406 	0.57131292
-0.048048048 	-0.05 	0.364 	70.409047 	3.3588553 	0.56306489
-0.046846847 	-0.05 	0.364 	70.404666 	3.5254699 	0.55481687
-0.045645646 	-0.05 	0.364 	70.400285 	3.6920845 	0.54656884
-0.044444444 	-0.05 	0.364 	70.395905 	3.8586991 	0.53832081
-0.043243243 	-0.05 	0.364 	70.391524 	4.0253137 	0.53007279
-0.042042042 	-0.05 	0.364 	70.387143 	4.1919283 	0.52182476
-0.040840841 	-0.05 	0.364 	70.382763 	4.358543 	0.51357673
-0.03963964 	-0.05 	0.364 	70.378382 	4.5251576 	0.50532871
-0.038438438 	-0.05 	0.364 	70.374001 	4.6917722 	0.49708068
-0.037237237 	-0.05 	0.364 	70.369621 	4.8583868 	0.48883266
-0.036036036 	-0.05 	0.364 	70.36524 	5.0250014 	0.48058463
-0.034834835 	-0.05 	0.364 	70.360859 	5.191616 	0.4723366
-0.033633634 	-0.05 	0.364 	70.356479 	5.3582307 	0.46408858
-0.032432432 	-0.05 	0.364 	70.329765 	5.5484093 	0.45595935
-0.031231231 	-0.05 	0.364 	70.276105 	5.7670208 	0.44797346
-0.03003003 	-0.05 	0.364 	70.188749 	6.0042059 	0.43986102
-0.028828829 	-0.05 	0.364 	70.053211 	6.2679492 	0.43156763
-0.027627628 	-0.05 	0.364 	69.925237 	6.4791786 	0.42364626
-0.026426426 	-0.05 	0.364 	69.810025 	6.6018157 	0.41635247
-0.025225225 	-0.05 	0.364 	69.694812 	6.7244528 	0.40905869
-0.024024024 	-0.05 	0.364 	69.579599 	6.8470899 	0.40176491
-0.022822823 	-0.05 	0.364 	69.464386 	6.969727 	0.39447112
-0.021621622 	-0.05 	0.364 	69.349174 	7.0923641 	0.38717734
-0.02042042 	-0.05 	0.364 	69.300155 	7.3320304 	0.37820055
-0.019219219 	-0.05 	0.364 	69.251689 	7.5726741 	0.36920969
-0.018018018 	-0.05 	0.364 	69.203222 	7.8133178 	0.36021884
-0.016816817 	-0.05 	0.364 	69.154756 	8.0539615 	0.35122799
-0.015615616 	-0.05 	0.364 	69.10629 	8.2946053 	0.34223714
-0.014414414 	-0.05 	0.364 	69.057824 	8.535249 	0.33324628
-0.013213213 	-0.05 	0.364 	69.009358 	8.7758927 	0.32425543
-0.012012012 	-0.05 	0.364 	68.960892 	9.0165364 	0.31526458
-0.010810811 	-0.05 	0.364 	68.912426 	9.2571801 	0.30627373
-0.0096096096 	-0.05 	0.364 	68.826043 	9.4240028 	0.29763349
-0.0084084084 	-0.05 	0.364 	68.603032 	9.324821 	0.29025664
-0.0072072072 	-0.05 	0.364 	68.380021 	9.2256393 	0.28287979
-0.006006006 	-0.05 	0.364 	68.15701 	9.1264575 	0.27550294
-0.0048048048 	-0.05 	0.364 	67.933999 	9.0272757 	0.26812609
-0.0036036036 	-0.05 	0.364 	67.710988 	8.928094 	0.26074924
-0.0024024024 	-0.05 	0.364 	67.489279 	8.8296113 	0.25338034
-0.0012012012 	-0.05 	0.364 	67.391457 	8.7976397 	0.24676836
-7.9673511e-15 	-0.05 	0.364 	67.293635 	8.7656682 	0.24015637
