-1.2 	-0.05 	0.546 	47.337385 	-3.0936327 	2.4999354
-1.1987988 	-0.05 	0.546 	47.346899 	-3.0922617 	2.5064217
-1.1975976 	-0.05 	0.546 	47.356412 	-3.0908908 	2.512908
-1.1963964 	-0.05 	0.546 	47.365926 	-3.0895198 	2.5193943
-1.1951952 	-0.05 	0.546 	47.375439 	-3.0881488 	2.5258806
-1.193994 	-0.05 	0.546 	47.384953 	-3.0867778 	2.5323669
-1.1927928 	-0.05 	0.546 	47.394466 	-3.0854069 	2.5388532
-1.1915916 	-0.05 	0.546 	47.40398 	-3.0840359 	2.5453396
-1.1903904 	-0.05 	0.546 	47.413493 	-3.0826649 	2.5518259
-1.1891892 	-0.05 	0.546 	47.423007 	-3.0812939 	2.5583122
-1.187988 	-0.05 	0.546 	47.43252 	-3.079923 	2.5647985
-1.1867868 	-0.05 	0.546 	47.442034 	-3.078552 	2.5712848
-1.1855856 	-0.05 	0.546 	47.451547 	-3.077181 	2.5777711
-1.1843844 	-0.05 	0.546 	47.461061 	-3.07581 	2.5842574
-1.1831832 	-0.05 	0.546 	47.470574 	-3.074439 	2.5907438
-1.181982 	-0.05 	0.546 	47.480088 	-3.0730681 	2.5972301
-1.1807808 	-0.05 	0.546 	47.489601 	-3.0716971 	2.6037164
-1.1795796 	-0.05 	0.546 	47.499115 	-3.0703261 	2.6102027
-1.1783784 	-0.05 	0.546 	47.508628 	-3.0689551 	2.616689
-1.1771772 	-0.05 	0.546 	47.518142 	-3.0675842 	2.6231753
-1.175976 	-0.05 	0.546 	47.527655 	-3.0662132 	2.6296616
-1.1747748 	-0.05 	0.546 	47.537169 	-3.0648422 	2.636148
-1.1735736 	-0.05 	0.546 	47.546682 	-3.0634712 	2.6426343
-1.1723724 	-0.05 	0.546 	47.556196 	-3.0621003 	2.6491206
-1.1711712 	-0.05 	0.546 	47.565709 	-3.0607293 	2.6556069
-1.16997 	-0.05 	0.546 	47.575223 	-3.0593583 	2.6620932
-1.1687688 	-0.05 	0.546 	47.584736 	-3.0579873 	2.6685795
-1.1675676 	-0.05 	0.546 	47.59425 	-3.0566164 	2.6750658
-1.1663664 	-0.05 	0.546 	47.603763 	-3.0552454 	2.6815521
-1.1651652 	-0.05 	0.546 	47.613277 	-3.0538744 	2.6880385
-1.163964 	-0.05 	0.546 	47.62279 	-3.0525034 	2.6945248
-1.1627628 	-0.05 	0.546 	47.632304 	-3.0511325 	2.7010111
-1.1615616 	-0.05 	0.546 	47.641817 	-3.0497615 	2.7074974
-1.1603604 	-0.05 	0.546 	47.651331 	-3.0483905 	2.7139837
-1.1591592 	-0.05 	0.546 	47.660844 	-3.0470195 	2.72047
-1.157958 	-0.05 	0.546 	47.69629 	-3.0788858 	2.7264649
-1.1567568 	-0.05 	0.546 	47.733082 	-3.1124761 	2.7326961
-1.1555556 	-0.05 	0.546 	47.769831 	-3.1460115 	2.7391948
-1.1543544 	-0.05 	0.546 	47.80658 	-3.1795468 	2.7456936
-1.1531532 	-0.05 	0.546 	47.84333 	-3.2130821 	2.7521923
-1.151952 	-0.05 	0.546 	47.880079 	-3.2466174 	2.758691
-1.1507508 	-0.05 	0.546 	47.916828 	-3.2801527 	2.7651897
-1.1495495 	-0.05 	0.546 	47.953578 	-3.313688 	2.7716884
-1.1483483 	-0.05 	0.546 	47.990327 	-3.3472233 	2.7781871
-1.1471471 	-0.05 	0.546 	48.027076 	-3.3807586 	2.7846858
-1.1459459 	-0.05 	0.546 	48.063826 	-3.4142939 	2.7911845
-1.1447447 	-0.05 	0.546 	48.100575 	-3.4478292 	2.7976832
-1.1435435 	-0.05 	0.546 	48.137324 	-3.4813645 	2.8041819
-1.1423423 	-0.05 	0.546 	48.174074 	-3.5148999 	2.8106807
-1.1411411 	-0.05 	0.546 	48.210823 	-3.5484352 	2.8171794
-1.1399399 	-0.05 	0.546 	48.247572 	-3.5819705 	2.8236781
-1.1387387 	-0.05 	0.546 	48.284321 	-3.6155058 	2.8301768
-1.1375375 	-0.05 	0.546 	48.321071 	-3.6490411 	2.8366755
-1.1363363 	-0.05 	0.546 	48.35782 	-3.6825764 	2.8431742
-1.1351351 	-0.05 	0.546 	48.394569 	-3.7161117 	2.8496729
-1.1339339 	-0.05 	0.546 	48.431319 	-3.749647 	2.8561716
-1.1327327 	-0.05 	0.546 	48.468068 	-3.7831823 	2.8626703
-1.1315315 	-0.05 	0.546 	48.504817 	-3.8167176 	2.869169
-1.1303303 	-0.05 	0.546 	48.541567 	-3.8502529 	2.8756678
-1.1291291 	-0.05 	0.546 	48.578316 	-3.8837883 	2.8821665
-1.1279279 	-0.05 	0.546 	48.615065 	-3.9173236 	2.8886652
-1.1267267 	-0.05 	0.546 	48.651815 	-3.9508589 	2.8951639
-1.1255255 	-0.05 	0.546 	48.688564 	-3.9843942 	2.9016626
-1.1243243 	-0.05 	0.546 	48.725313 	-4.0179295 	2.9081613
-1.1231231 	-0.05 	0.546 	48.762063 	-4.0514648 	2.91466
-1.1219219 	-0.05 	0.546 	48.798812 	-4.0850001 	2.9211587
-1.1207207 	-0.05 	0.546 	48.835561 	-4.1185354 	2.9276574
-1.1195195 	-0.05 	0.546 	48.87231 	-4.1520707 	2.9341561
-1.1183183 	-0.05 	0.546 	48.90906 	-4.185606 	2.9406549
-1.1171171 	-0.05 	0.546 	48.945809 	-4.2191413 	2.9471536
-1.1159159 	-0.05 	0.546 	48.982558 	-4.2526766 	2.9536523
-1.1147147 	-0.05 	0.546 	49.019308 	-4.286212 	2.960151
-1.1135135 	-0.05 	0.546 	49.056057 	-4.3197473 	2.9666497
-1.1123123 	-0.05 	0.546 	49.092806 	-4.3532826 	2.9731484
-1.1111111 	-0.05 	0.546 	49.129556 	-4.3868179 	2.9796471
-1.1099099 	-0.05 	0.546 	49.166305 	-4.4203532 	2.9861458
-1.1087087 	-0.05 	0.546 	49.203054 	-4.4538885 	2.9926445
-1.1075075 	-0.05 	0.546 	49.239804 	-4.4874238 	2.9991432
-1.1063063 	-0.05 	0.546 	49.239296 	-4.5532333 	3.0062824
-1.1051051 	-0.05 	0.546 	49.237873 	-4.6198353 	3.0134372
-1.1039039 	-0.05 	0.546 	49.23645 	-4.6864372 	3.0205921
-1.1027027 	-0.05 	0.546 	49.235007 	-4.7529918 	3.0276921
-1.1015015 	-0.05 	0.546 	49.233558 	-4.8195337 	3.0347776
-1.1003003 	-0.05 	0.546 	49.232109 	-4.8860757 	3.041863
-1.0990991 	-0.05 	0.546 	49.230659 	-4.9526176 	3.0489485
-1.0978979 	-0.05 	0.546 	49.230927 	-5.0192869 	3.0557952
-1.0966967 	-0.05 	0.546 	49.243612 	-5.0868765 	3.0609162
-1.0954955 	-0.05 	0.546 	49.256296 	-5.1544661 	3.0660372
-1.0942943 	-0.05 	0.546 	49.26898 	-5.2220557 	3.0711581
-1.0930931 	-0.05 	0.546 	49.281664 	-5.2896453 	3.0762791
-1.0918919 	-0.05 	0.546 	49.294348 	-5.357235 	3.0814
-1.0906907 	-0.05 	0.546 	49.319546 	-5.3642925 	3.0866508
-1.0894895 	-0.05 	0.546 	49.351917 	-5.3366443 	3.091976
-1.0882883 	-0.05 	0.546 	49.384163 	-5.3281253 	3.0977209
-1.0870871 	-0.05 	0.546 	49.416227 	-5.3470989 	3.1040691
-1.0858859 	-0.05 	0.546 	49.448291 	-5.3660725 	3.1104173
-1.0846847 	-0.05 	0.546 	49.480356 	-5.3850461 	3.1167655
-1.0834835 	-0.05 	0.546 	49.51242 	-5.4040197 	3.1231137
-1.0822823 	-0.05 	0.546 	49.544484 	-5.4229934 	3.1294619
-1.0810811 	-0.05 	0.546 	49.576548 	-5.441967 	3.1358101
-1.0798799 	-0.05 	0.546 	49.608613 	-5.4609406 	3.1421583
-1.0786787 	-0.05 	0.546 	49.640677 	-5.4799142 	3.1485065
-1.0774775 	-0.05 	0.546 	49.672741 	-5.4988878 	3.1548546
-1.0762763 	-0.05 	0.546 	49.704805 	-5.5178614 	3.1612028
-1.0750751 	-0.05 	0.546 	49.73687 	-5.5368351 	3.167551
-1.0738739 	-0.05 	0.546 	49.768934 	-5.5558087 	3.1738992
-1.0726727 	-0.05 	0.546 	49.800998 	-5.5747823 	3.1802474
-1.0714715 	-0.05 	0.546 	49.833062 	-5.5937559 	3.1865956
-1.0702703 	-0.05 	0.546 	49.865126 	-5.6127295 	3.1929438
-1.0690691 	-0.05 	0.546 	49.897191 	-5.6317031 	3.199292
-1.0678679 	-0.05 	0.546 	49.929255 	-5.6506767 	3.2056402
-1.0666667 	-0.05 	0.546 	49.961319 	-5.6696504 	3.2119884
-1.0654655 	-0.05 	0.546 	49.993383 	-5.688624 	3.2183366
-1.0642643 	-0.05 	0.546 	50.025448 	-5.7075976 	3.2246848
-1.0630631 	-0.05 	0.546 	50.057512 	-5.7265712 	3.231033
-1.0618619 	-0.05 	0.546 	50.089576 	-5.7455448 	3.2373812
-1.0606607 	-0.05 	0.546 	50.12164 	-5.7645184 	3.2437294
-1.0594595 	-0.05 	0.546 	50.153705 	-5.7834921 	3.2500776
-1.0582583 	-0.05 	0.546 	50.185769 	-5.8024657 	3.2564258
-1.0570571 	-0.05 	0.546 	50.217833 	-5.8214393 	3.262774
-1.0558559 	-0.05 	0.546 	50.249897 	-5.8404129 	3.2691222
-1.0546547 	-0.05 	0.546 	50.281962 	-5.8593865 	3.2754703
-1.0534535 	-0.05 	0.546 	50.314026 	-5.8783601 	3.2818185
-1.0522523 	-0.05 	0.546 	50.34609 	-5.8973337 	3.2881667
-1.0510511 	-0.05 	0.546 	50.378154 	-5.9163074 	3.2945149
-1.0498498 	-0.05 	0.546 	50.410219 	-5.935281 	3.3008631
-1.0486486 	-0.05 	0.546 	50.442283 	-5.9542546 	3.3072113
-1.0474474 	-0.05 	0.546 	50.474347 	-5.9732282 	3.3135595
-1.0462462 	-0.05 	0.546 	50.506411 	-5.9922018 	3.3199077
-1.045045 	-0.05 	0.546 	50.538476 	-6.0111754 	3.3262559
-1.0438438 	-0.05 	0.546 	50.57054 	-6.0301491 	3.3326041
-1.0426426 	-0.05 	0.546 	50.618802 	-5.971292 	3.3386591
-1.0414414 	-0.05 	0.546 	50.670683 	-5.8950443 	3.3446486
-1.0402402 	-0.05 	0.546 	50.722564 	-5.8187966 	3.3506381
-1.039039 	-0.05 	0.546 	50.774445 	-5.7425489 	3.3566275
-1.0378378 	-0.05 	0.546 	50.826326 	-5.6663012 	3.362617
-1.0366366 	-0.05 	0.546 	50.877518 	-5.593407 	3.3687107
-1.0354354 	-0.05 	0.546 	50.927317 	-5.527292 	3.375015
-1.0342342 	-0.05 	0.546 	50.977116 	-5.4611771 	3.3813192
-1.033033 	-0.05 	0.546 	51.026914 	-5.3950622 	3.3876235
-1.0318318 	-0.05 	0.546 	51.076713 	-5.3289473 	3.3939277
-1.0306306 	-0.05 	0.546 	51.126512 	-5.2628324 	3.400232
-1.0294294 	-0.05 	0.546 	51.166214 	-5.2441258 	3.4059132
-1.0282282 	-0.05 	0.546 	51.204014 	-5.23435 	3.4114771
-1.027027 	-0.05 	0.546 	51.241814 	-5.2245741 	3.417041
-1.0258258 	-0.05 	0.546 	51.279614 	-5.2147982 	3.4226049
-1.0246246 	-0.05 	0.546 	51.317414 	-5.2050224 	3.4281688
-1.0234234 	-0.05 	0.546 	51.355214 	-5.1952465 	3.4337326
-1.0222222 	-0.05 	0.546 	51.393014 	-5.1854706 	3.4392965
-1.021021 	-0.05 	0.546 	51.430814 	-5.1756948 	3.4448604
-1.0198198 	-0.05 	0.546 	51.468614 	-5.1659189 	3.4504243
-1.0186186 	-0.05 	0.546 	51.506415 	-5.156143 	3.4559881
-1.0174174 	-0.05 	0.546 	51.544215 	-5.1463672 	3.461552
-1.0162162 	-0.05 	0.546 	51.582015 	-5.1365913 	3.4671159
-1.015015 	-0.05 	0.546 	51.619815 	-5.1268154 	3.4726798
-1.0138138 	-0.05 	0.546 	51.657615 	-5.1170396 	3.4782437
-1.0126126 	-0.05 	0.546 	51.695415 	-5.1072637 	3.4838075
-1.0114114 	-0.05 	0.546 	51.733215 	-5.0974878 	3.4893714
-1.0102102 	-0.05 	0.546 	51.771015 	-5.087712 	3.4949353
-1.009009 	-0.05 	0.546 	51.808815 	-5.0779361 	3.5004992
-1.0078078 	-0.05 	0.546 	51.846615 	-5.0681602 	3.506063
-1.0066066 	-0.05 	0.546 	51.884416 	-5.0583844 	3.5116269
-1.0054054 	-0.05 	0.546 	51.922216 	-5.0486085 	3.5171908
-1.0042042 	-0.05 	0.546 	51.960016 	-5.0388326 	3.5227547
-1.003003 	-0.05 	0.546 	51.997816 	-5.0290568 	3.5283186
-1.0018018 	-0.05 	0.546 	52.035616 	-5.0192809 	3.5338824
-1.0006006 	-0.05 	0.546 	52.073416 	-5.009505 	3.5394463
-0.9993994 	-0.05 	0.546 	52.111216 	-4.9997292 	3.5450102
-0.9981982 	-0.05 	0.546 	52.149016 	-4.9899533 	3.5505741
-0.996997 	-0.05 	0.546 	52.186816 	-4.9801774 	3.5561379
-0.9957958 	-0.05 	0.546 	52.224616 	-4.9704016 	3.5617018
-0.99459459 	-0.05 	0.546 	52.262416 	-4.9606257 	3.5672657
-0.99339339 	-0.05 	0.546 	52.300217 	-4.9508499 	3.5728296
-0.99219219 	-0.05 	0.546 	52.338017 	-4.941074 	3.5783934
-0.99099099 	-0.05 	0.546 	52.375817 	-4.9312981 	3.5839573
-0.98978979 	-0.05 	0.546 	52.413617 	-4.9215223 	3.5895212
-0.98858859 	-0.05 	0.546 	52.451417 	-4.9117464 	3.5950851
-0.98738739 	-0.05 	0.546 	52.489217 	-4.9019705 	3.600649
-0.98618619 	-0.05 	0.546 	52.527017 	-4.8921947 	3.6062128
-0.98498498 	-0.05 	0.546 	52.564817 	-4.8824188 	3.6117767
-0.98378378 	-0.05 	0.546 	52.614893 	-4.8734856 	3.6173137
-0.98258258 	-0.05 	0.546 	52.672574 	-4.8650747 	3.622834
-0.98138138 	-0.05 	0.546 	52.718677 	-4.9124836 	3.6272687
-0.98018018 	-0.05 	0.546 	52.764663 	-4.9604566 	3.6316923
-0.97897898 	-0.05 	0.546 	52.810649 	-5.0084296 	3.636116
-0.97777778 	-0.05 	0.546 	52.856635 	-5.0564026 	3.6405396
-0.97657658 	-0.05 	0.546 	52.902621 	-5.1043755 	3.6449633
-0.97537538 	-0.05 	0.546 	52.94759 	-5.1539114 	3.6495402
-0.97417417 	-0.05 	0.546 	52.991536 	-5.2050221 	3.6542714
-0.97297297 	-0.05 	0.546 	53.035481 	-5.2561327 	3.6590027
-0.97177177 	-0.05 	0.546 	53.079427 	-5.3072434 	3.663734
-0.97057057 	-0.05 	0.546 	53.123372 	-5.3583541 	3.6684652
-0.96936937 	-0.05 	0.546 	53.167158 	-5.409149 	3.6731937
-0.96816817 	-0.05 	0.546 	53.196724 	-5.4318644 	3.6776766
-0.96696697 	-0.05 	0.546 	53.225797 	-5.4495745 	3.6822175
-0.96576577 	-0.05 	0.546 	53.254319 	-5.4616948 	3.6868234
-0.96456456 	-0.05 	0.546 	53.282841 	-5.4738152 	3.6914294
-0.96336336 	-0.05 	0.546 	53.311363 	-5.4859355 	3.6960353
-0.96216216 	-0.05 	0.546 	53.339885 	-5.4980559 	3.7006412
-0.96096096 	-0.05 	0.546 	53.368407 	-5.5101762 	3.7052471
-0.95975976 	-0.05 	0.546 	53.396929 	-5.5222966 	3.709853
-0.95855856 	-0.05 	0.546 	53.425451 	-5.5344169 	3.7144589
-0.95735736 	-0.05 	0.546 	53.453974 	-5.5465373 	3.7190648
-0.95615616 	-0.05 	0.546 	53.482496 	-5.5586576 	3.7236707
-0.95495495 	-0.05 	0.546 	53.511018 	-5.570778 	3.7282766
-0.95375375 	-0.05 	0.546 	53.53954 	-5.5828983 	3.7328826
-0.95255255 	-0.05 	0.546 	53.568062 	-5.5950187 	3.7374885
-0.95135135 	-0.05 	0.546 	53.596584 	-5.607139 	3.7420944
-0.95015015 	-0.05 	0.546 	53.625106 	-5.6192594 	3.7467003
-0.94894895 	-0.05 	0.546 	53.653628 	-5.6313797 	3.7513062
-0.94774775 	-0.05 	0.546 	53.68215 	-5.6435001 	3.7559121
-0.94654655 	-0.05 	0.546 	53.710672 	-5.6556204 	3.760518
-0.94534535 	-0.05 	0.546 	53.739194 	-5.6677408 	3.7651239
-0.94414414 	-0.05 	0.546 	53.767716 	-5.6798611 	3.7697298
-0.94294294 	-0.05 	0.546 	53.796238 	-5.6919814 	3.7743357
-0.94174174 	-0.05 	0.546 	53.82476 	-5.7041018 	3.7789417
-0.94054054 	-0.05 	0.546 	53.853282 	-5.7162221 	3.7835476
-0.93933934 	-0.05 	0.546 	53.881804 	-5.7283425 	3.7881535
-0.93813814 	-0.05 	0.546 	53.910326 	-5.7404628 	3.7927594
-0.93693694 	-0.05 	0.546 	53.938849 	-5.7525832 	3.7973653
-0.93573574 	-0.05 	0.546 	53.967371 	-5.7647035 	3.8019712
-0.93453453 	-0.05 	0.546 	53.995893 	-5.7768239 	3.8065771
-0.93333333 	-0.05 	0.546 	54.024415 	-5.7889442 	3.811183
-0.93213213 	-0.05 	0.546 	54.052937 	-5.8010646 	3.8157889
-0.93093093 	-0.05 	0.546 	54.081459 	-5.8131849 	3.8203949
-0.92972973 	-0.05 	0.546 	54.109981 	-5.8253053 	3.8250008
-0.92852853 	-0.05 	0.546 	54.138503 	-5.8374256 	3.8296067
-0.92732733 	-0.05 	0.546 	54.167025 	-5.849546 	3.8342126
-0.92612613 	-0.05 	0.546 	54.195547 	-5.8616663 	3.8388185
-0.92492492 	-0.05 	0.546 	54.224069 	-5.8737867 	3.8434244
-0.92372372 	-0.05 	0.546 	54.252591 	-5.885907 	3.8480303
-0.92252252 	-0.05 	0.546 	54.281113 	-5.8980274 	3.8526362
-0.92132132 	-0.05 	0.546 	54.306976 	-5.904796 	3.8571703
-0.92012012 	-0.05 	0.546 	54.321479 	-5.8887041 	3.8613974
-0.91891892 	-0.05 	0.546 	54.335982 	-5.8726122 	3.8656246
-0.91771772 	-0.05 	0.546 	54.350485 	-5.8565202 	3.8698517
-0.91651652 	-0.05 	0.546 	54.364988 	-5.8404283 	3.8740788
-0.91531532 	-0.05 	0.546 	54.379492 	-5.8243364 	3.878306
-0.91411411 	-0.05 	0.546 	54.393355 	-5.8065311 	3.8826269
-0.91291291 	-0.05 	0.546 	54.406947 	-5.7880024 	3.8869875
-0.91171171 	-0.05 	0.546 	54.42054 	-5.7694737 	3.891348
-0.91051051 	-0.05 	0.546 	54.434133 	-5.750945 	3.8957086
-0.90930931 	-0.05 	0.546 	54.447725 	-5.7324162 	3.9000691
-0.90810811 	-0.05 	0.546 	54.462864 	-5.7172761 	3.9043119
-0.90690691 	-0.05 	0.546 	54.483549 	-5.7142945 	3.908132
-0.90570571 	-0.05 	0.546 	54.504234 	-5.711313 	3.9119522
-0.9045045 	-0.05 	0.546 	54.524919 	-5.7083314 	3.9157723
-0.9033033 	-0.05 	0.546 	54.545605 	-5.7053499 	3.9195925
-0.9021021 	-0.05 	0.546 	54.56629 	-5.7023683 	3.9234126
-0.9009009 	-0.05 	0.546 	54.586975 	-5.6993868 	3.9272327
-0.8996997 	-0.05 	0.546 	54.60766 	-5.6964053 	3.9310529
-0.8984985 	-0.05 	0.546 	54.628346 	-5.6934237 	3.934873
-0.8972973 	-0.05 	0.546 	54.649031 	-5.6904422 	3.9386932
-0.8960961 	-0.05 	0.546 	54.669716 	-5.6874606 	3.9425133
-0.89489489 	-0.05 	0.546 	54.690401 	-5.6844791 	3.9463335
-0.89369369 	-0.05 	0.546 	54.711086 	-5.6814975 	3.9501536
-0.89249249 	-0.05 	0.546 	54.731772 	-5.678516 	3.9539738
-0.89129129 	-0.05 	0.546 	54.752457 	-5.6755344 	3.9577939
-0.89009009 	-0.05 	0.546 	54.773142 	-5.6725529 	3.9616141
-0.88888889 	-0.05 	0.546 	54.793827 	-5.6695713 	3.9654342
-0.88768769 	-0.05 	0.546 	54.814513 	-5.6665898 	3.9692544
-0.88648649 	-0.05 	0.546 	54.835198 	-5.6636083 	3.9730745
-0.88528529 	-0.05 	0.546 	54.855883 	-5.6606267 	3.9768946
-0.88408408 	-0.05 	0.546 	54.876568 	-5.6576452 	3.9807148
-0.88288288 	-0.05 	0.546 	54.897254 	-5.6546636 	3.9845349
-0.88168168 	-0.05 	0.546 	54.917939 	-5.6516821 	3.9883551
-0.88048048 	-0.05 	0.546 	54.938624 	-5.6487005 	3.9921752
-0.87927928 	-0.05 	0.546 	54.959309 	-5.645719 	3.9959954
-0.87807808 	-0.05 	0.546 	54.979994 	-5.6427374 	3.9998155
-0.87687688 	-0.05 	0.546 	55.00068 	-5.6397559 	4.0036357
-0.87567568 	-0.05 	0.546 	55.021365 	-5.6367744 	4.0074558
-0.87447447 	-0.05 	0.546 	55.04205 	-5.6337928 	4.011276
-0.87327327 	-0.05 	0.546 	55.062735 	-5.6308113 	4.0150961
-0.87207207 	-0.05 	0.546 	55.083421 	-5.6278297 	4.0189162
-0.87087087 	-0.05 	0.546 	55.104106 	-5.6248482 	4.0227364
-0.86966967 	-0.05 	0.546 	55.124791 	-5.6218666 	4.0265565
-0.86846847 	-0.05 	0.546 	55.145476 	-5.6188851 	4.0303767
-0.86726727 	-0.05 	0.546 	55.166161 	-5.6159035 	4.0341968
-0.86606607 	-0.05 	0.546 	55.186847 	-5.612922 	4.038017
-0.86486486 	-0.05 	0.546 	55.207532 	-5.6099404 	4.0418371
-0.86366366 	-0.05 	0.546 	55.228217 	-5.6069589 	4.0456573
-0.86246246 	-0.05 	0.546 	55.248902 	-5.6039774 	4.0494774
-0.86126126 	-0.05 	0.546 	55.267994 	-5.5988273 	4.0532829
-0.86006006 	-0.05 	0.546 	55.288446 	-5.5977317 	4.0567185
-0.85885886 	-0.05 	0.546 	55.313307 	-5.6058839 	4.0596316
-0.85765766 	-0.05 	0.546 	55.338168 	-5.614036 	4.0625448
-0.85645646 	-0.05 	0.546 	55.363029 	-5.6221882 	4.0654579
-0.85525526 	-0.05 	0.546 	55.38789 	-5.6303404 	4.068371
-0.85405405 	-0.05 	0.546 	55.412751 	-5.6384926 	4.0712842
-0.85285285 	-0.05 	0.546 	55.437985 	-5.646915 	4.0745283
-0.85165165 	-0.05 	0.546 	55.463253 	-5.6553618 	4.0778023
-0.85045045 	-0.05 	0.546 	55.48852 	-5.6638086 	4.0810764
-0.84924925 	-0.05 	0.546 	55.513788 	-5.6722554 	4.0843504
-0.84804805 	-0.05 	0.546 	55.539056 	-5.6807022 	4.0876244
-0.84684685 	-0.05 	0.546 	55.563764 	-5.6845045 	4.0907061
-0.84564565 	-0.05 	0.546 	55.585852 	-5.6812421 	4.0935466
-0.84444444 	-0.05 	0.546 	55.605144 	-5.6765492 	4.0964042
-0.84324324 	-0.05 	0.546 	55.624436 	-5.6718564 	4.0992618
-0.84204204 	-0.05 	0.546 	55.643728 	-5.6671635 	4.1021195
-0.84084084 	-0.05 	0.546 	55.663021 	-5.6624706 	4.1049771
-0.83963964 	-0.05 	0.546 	55.682313 	-5.6577777 	4.1078347
-0.83843844 	-0.05 	0.546 	55.701605 	-5.6530848 	4.1106924
-0.83723724 	-0.05 	0.546 	55.720897 	-5.6483919 	4.11355
-0.83603604 	-0.05 	0.546 	55.740189 	-5.643699 	4.1164076
-0.83483483 	-0.05 	0.546 	55.759481 	-5.6390062 	4.1192653
-0.83363363 	-0.05 	0.546 	55.778773 	-5.6343133 	4.1221229
-0.83243243 	-0.05 	0.546 	55.798065 	-5.6296204 	4.1249805
-0.83123123 	-0.05 	0.546 	55.817357 	-5.6249275 	4.1278381
-0.83003003 	-0.05 	0.546 	55.836649 	-5.6202346 	4.1306958
-0.82882883 	-0.05 	0.546 	55.855942 	-5.6155417 	4.1335534
-0.82762763 	-0.05 	0.546 	55.875234 	-5.6108488 	4.136411
-0.82642643 	-0.05 	0.546 	55.894526 	-5.606156 	4.1392687
-0.82522523 	-0.05 	0.546 	55.913818 	-5.6014631 	4.1421263
-0.82402402 	-0.05 	0.546 	55.93311 	-5.5967702 	4.1449839
-0.82282282 	-0.05 	0.546 	55.952402 	-5.5920773 	4.1478416
-0.82162162 	-0.05 	0.546 	55.971694 	-5.5873844 	4.1506992
-0.82042042 	-0.05 	0.546 	55.990986 	-5.5826915 	4.1535568
-0.81921922 	-0.05 	0.546 	56.010278 	-5.5779986 	4.1564145
-0.81801802 	-0.05 	0.546 	56.02957 	-5.5733058 	4.1592721
-0.81681682 	-0.05 	0.546 	56.048862 	-5.5686129 	4.1621297
-0.81561562 	-0.05 	0.546 	56.068155 	-5.56392 	4.1649874
-0.81441441 	-0.05 	0.546 	56.087447 	-5.5592271 	4.167845
-0.81321321 	-0.05 	0.546 	56.106739 	-5.5545342 	4.1707026
-0.81201201 	-0.05 	0.546 	56.126031 	-5.5498413 	4.1735603
-0.81081081 	-0.05 	0.546 	56.145323 	-5.5451484 	4.1764179
-0.80960961 	-0.05 	0.546 	56.164615 	-5.5404556 	4.1792755
-0.80840841 	-0.05 	0.546 	56.183907 	-5.5357627 	4.1821332
-0.80720721 	-0.05 	0.546 	56.203199 	-5.5310698 	4.1849908
-0.80600601 	-0.05 	0.546 	56.222491 	-5.5263769 	4.1878484
-0.8048048 	-0.05 	0.546 	56.241783 	-5.521684 	4.1907061
-0.8036036 	-0.05 	0.546 	56.261076 	-5.5169911 	4.1935637
-0.8024024 	-0.05 	0.546 	56.280368 	-5.5122982 	4.1964213
-0.8012012 	-0.05 	0.546 	56.29966 	-5.5076054 	4.199279
-0.8 	-0.05 	0.546 	56.318952 	-5.5029125 	4.2021366
-0.7987988 	-0.05 	0.546 	56.337687 	-5.4915164 	4.2046769
-0.7975976 	-0.05 	0.546 	56.356091 	-5.4761464 	4.207029
-0.7963964 	-0.05 	0.546 	56.374496 	-5.4607764 	4.2093812
-0.7951952 	-0.05 	0.546 	56.3929 	-5.4454063 	4.2117333
-0.79399399 	-0.05 	0.546 	56.411304 	-5.4300363 	4.2140855
-0.79279279 	-0.05 	0.546 	56.428165 	-5.4150629 	4.2164578
-0.79159159 	-0.05 	0.546 	56.435806 	-5.4024575 	4.2189506
-0.79039039 	-0.05 	0.546 	56.443446 	-5.3898521 	4.2214434
-0.78918919 	-0.05 	0.546 	56.451087 	-5.3772467 	4.2239363
-0.78798799 	-0.05 	0.546 	56.458728 	-5.3646413 	4.2264291
-0.78678679 	-0.05 	0.546 	56.466369 	-5.3520359 	4.2289219
-0.78558559 	-0.05 	0.546 	56.476563 	-5.3635873 	4.2310328
-0.78438438 	-0.05 	0.546 	56.488084 	-5.387694 	4.2329452
-0.78318318 	-0.05 	0.546 	56.499605 	-5.4118007 	4.2348577
-0.78198198 	-0.05 	0.546 	56.511126 	-5.4359074 	4.2367701
-0.78078078 	-0.05 	0.546 	56.522647 	-5.4600141 	4.2386825
-0.77957958 	-0.05 	0.546 	56.534168 	-5.4841208 	4.240595
-0.77837838 	-0.05 	0.546 	56.54569 	-5.5082275 	4.2425074
-0.77717718 	-0.05 	0.546 	56.557211 	-5.5323342 	4.2444198
-0.77597598 	-0.05 	0.546 	56.568732 	-5.5564409 	4.2463323
-0.77477477 	-0.05 	0.546 	56.580253 	-5.5805476 	4.2482447
-0.77357357 	-0.05 	0.546 	56.591774 	-5.6046543 	4.2501571
-0.77237237 	-0.05 	0.546 	56.603295 	-5.6287609 	4.2520696
-0.77117117 	-0.05 	0.546 	56.614816 	-5.6528676 	4.253982
-0.76996997 	-0.05 	0.546 	56.626337 	-5.6769743 	4.2558944
-0.76876877 	-0.05 	0.546 	56.637858 	-5.701081 	4.2578068
-0.76756757 	-0.05 	0.546 	56.649379 	-5.7251877 	4.2597193
-0.76636637 	-0.05 	0.546 	56.6609 	-5.7492944 	4.2616317
-0.76516517 	-0.05 	0.546 	56.672421 	-5.7734011 	4.2635441
-0.76396396 	-0.05 	0.546 	56.683942 	-5.7975078 	4.2654566
-0.76276276 	-0.05 	0.546 	56.695464 	-5.8216145 	4.267369
-0.76156156 	-0.05 	0.546 	56.706985 	-5.8457212 	4.2692814
-0.76036036 	-0.05 	0.546 	56.718506 	-5.8698279 	4.2711939
-0.75915916 	-0.05 	0.546 	56.730027 	-5.8939346 	4.2731063
-0.75795796 	-0.05 	0.546 	56.741548 	-5.9180412 	4.2750187
-0.75675676 	-0.05 	0.546 	56.753069 	-5.9421479 	4.2769312
-0.75555556 	-0.05 	0.546 	56.76459 	-5.9662546 	4.2788436
-0.75435435 	-0.05 	0.546 	56.776111 	-5.9903613 	4.280756
-0.75315315 	-0.05 	0.546 	56.787632 	-6.014468 	4.2826684
-0.75195195 	-0.05 	0.546 	56.799153 	-6.0385747 	4.2845809
-0.75075075 	-0.05 	0.546 	56.810674 	-6.0626814 	4.2864933
-0.74954955 	-0.05 	0.546 	56.822195 	-6.0867881 	4.2884057
-0.74834835 	-0.05 	0.546 	56.833717 	-6.1108948 	4.2903182
-0.74714715 	-0.05 	0.546 	56.845238 	-6.1350015 	4.2922306
-0.74594595 	-0.05 	0.546 	56.856759 	-6.1591082 	4.294143
-0.74474474 	-0.05 	0.546 	56.86828 	-6.1832149 	4.2960555
-0.74354354 	-0.05 	0.546 	56.879801 	-6.2073215 	4.2979679
-0.74234234 	-0.05 	0.546 	56.891322 	-6.2314282 	4.2998803
-0.74114114 	-0.05 	0.546 	56.902843 	-6.2555349 	4.3017928
-0.73993994 	-0.05 	0.546 	56.914364 	-6.2796416 	4.3037052
-0.73873874 	-0.05 	0.546 	56.923057 	-6.3001484 	4.3055389
-0.73753754 	-0.05 	0.546 	56.897367 	-6.4023999 	4.3069777
-0.73633634 	-0.05 	0.546 	56.882537 	-6.4937273 	4.3081612
-0.73513514 	-0.05 	0.546 	56.867707 	-6.5850547 	4.3093447
-0.73393393 	-0.05 	0.546 	56.852877 	-6.6763821 	4.3105282
-0.73273273 	-0.05 	0.546 	56.838047 	-6.7677095 	4.3117117
-0.73153153 	-0.05 	0.546 	56.841796 	-6.8473785 	4.3129621
-0.73033033 	-0.05 	0.546 	56.879504 	-6.9057382 	4.3143348
-0.72912913 	-0.05 	0.546 	56.917211 	-6.9640978 	4.3157075
-0.72792793 	-0.05 	0.546 	56.954075 	-6.9363825 	4.3170367
-0.72672673 	-0.05 	0.546 	56.990403 	-6.8539505 	4.318338
-0.72552553 	-0.05 	0.546 	57.02673 	-6.7715185 	4.3196394
-0.72432432 	-0.05 	0.546 	57.061499 	-6.7048732 	4.3209844
-0.72312312 	-0.05 	0.546 	57.093142 	-6.6698959 	4.3224168
-0.72192192 	-0.05 	0.546 	57.124785 	-6.6349186 	4.3238493
-0.72072072 	-0.05 	0.546 	57.156427 	-6.5999414 	4.3252817
-0.71951952 	-0.05 	0.546 	57.18807 	-6.5649641 	4.3267142
-0.71831832 	-0.05 	0.546 	57.219713 	-6.5299868 	4.3281466
-0.71711712 	-0.05 	0.546 	57.251356 	-6.4950096 	4.3295791
-0.71591592 	-0.05 	0.546 	57.282998 	-6.4600323 	4.3310115
-0.71471471 	-0.05 	0.546 	57.314641 	-6.425055 	4.332444
-0.71351351 	-0.05 	0.546 	57.346284 	-6.3900777 	4.3338764
-0.71231231 	-0.05 	0.546 	57.377926 	-6.3551005 	4.3353089
-0.71111111 	-0.05 	0.546 	57.409569 	-6.3201232 	4.3367413
-0.70990991 	-0.05 	0.546 	57.441212 	-6.2851459 	4.3381738
-0.70870871 	-0.05 	0.546 	57.472855 	-6.2501687 	4.3396062
-0.70750751 	-0.05 	0.546 	57.504497 	-6.2151914 	4.3410387
-0.70630631 	-0.05 	0.546 	57.53614 	-6.1802141 	4.3424711
-0.70510511 	-0.05 	0.546 	57.567783 	-6.1452369 	4.3439036
-0.7039039 	-0.05 	0.546 	57.598805 	-6.0105776 	4.3452668
-0.7027027 	-0.05 	0.546 	57.629574 	-5.8351453 	4.3466016
-0.7015015 	-0.05 	0.546 	57.660342 	-5.6597131 	4.3479365
-0.7003003 	-0.05 	0.546 	57.725809 	-5.4939493 	4.3493336
-0.6990991 	-0.05 	0.546 	57.792447 	-5.3285119 	4.3507327
-0.6978979 	-0.05 	0.546 	57.853491 	-5.1946393 	4.3519379
-0.6966967 	-0.05 	0.546 	57.895259 	-5.1695417 	4.3524749
-0.6954955 	-0.05 	0.546 	57.937027 	-5.144444 	4.3530119
-0.69429429 	-0.05 	0.546 	57.978795 	-5.1193464 	4.3535489
-0.69309309 	-0.05 	0.546 	58.020562 	-5.0942488 	4.3540859
-0.69189189 	-0.05 	0.546 	58.06233 	-5.0691511 	4.3546229
-0.69069069 	-0.05 	0.546 	58.104098 	-5.0440535 	4.3551599
-0.68948949 	-0.05 	0.546 	58.145865 	-5.0189559 	4.3556969
-0.68828829 	-0.05 	0.546 	58.187633 	-4.9938582 	4.3562338
-0.68708709 	-0.05 	0.546 	58.229401 	-4.9687606 	4.3567708
-0.68588589 	-0.05 	0.546 	58.271168 	-4.9436629 	4.3573078
-0.68468468 	-0.05 	0.546 	58.312936 	-4.9185653 	4.3578448
-0.68348348 	-0.05 	0.546 	58.354704 	-4.8934677 	4.3583818
-0.68228228 	-0.05 	0.546 	58.396471 	-4.86837 	4.3589188
-0.68108108 	-0.05 	0.546 	58.438239 	-4.8432724 	4.3594558
-0.67987988 	-0.05 	0.546 	58.480007 	-4.8181748 	4.3599928
-0.67867868 	-0.05 	0.546 	58.521774 	-4.7930771 	4.3605298
-0.67747748 	-0.05 	0.546 	58.569198 	-4.7717009 	4.3610772
-0.67627628 	-0.05 	0.546 	58.627712 	-4.7576209 	4.3616453
-0.67507508 	-0.05 	0.546 	58.686225 	-4.7435409 	4.3622134
-0.67387387 	-0.05 	0.546 	58.736881 	-4.7748954 	4.3624472
-0.67267267 	-0.05 	0.546 	58.771132 	-4.9011103 	4.361983
-0.67147147 	-0.05 	0.546 	58.805382 	-5.0273251 	4.3615188
-0.67027027 	-0.05 	0.546 	58.838952 	-5.1543517 	4.3612151
-0.66906907 	-0.05 	0.546 	58.872033 	-5.281962 	4.3610268
-0.66786787 	-0.05 	0.546 	58.905113 	-5.4095723 	4.3608385
-0.66666667 	-0.05 	0.546 	58.933152 	-5.4237445 	4.3607154
-0.66546547 	-0.05 	0.546 	58.960225 	-5.4161848 	4.3606049
-0.66426426 	-0.05 	0.546 	58.987298 	-5.4086251 	4.3604944
-0.66306306 	-0.05 	0.546 	59.012865 	-5.3970977 	4.3603739
-0.66186186 	-0.05 	0.546 	59.03821 	-5.3849888 	4.3602519
-0.66066066 	-0.05 	0.546 	59.063556 	-5.3728799 	4.3601299
-0.65945946 	-0.05 	0.546 	59.088902 	-5.3607709 	4.3600078
-0.65825826 	-0.05 	0.546 	59.114248 	-5.348662 	4.3598858
-0.65705706 	-0.05 	0.546 	59.139594 	-5.336553 	4.3597638
-0.65585586 	-0.05 	0.546 	59.16494 	-5.3244441 	4.3596418
-0.65465465 	-0.05 	0.546 	59.190286 	-5.3123352 	4.3595198
-0.65345345 	-0.05 	0.546 	59.215632 	-5.3002262 	4.3593977
-0.65225225 	-0.05 	0.546 	59.240978 	-5.2881173 	4.3592757
-0.65105105 	-0.05 	0.546 	59.266324 	-5.2760084 	4.3591537
-0.64984985 	-0.05 	0.546 	59.291669 	-5.2638994 	4.3590317
-0.64864865 	-0.05 	0.546 	59.317015 	-5.2517905 	4.3589097
-0.64744745 	-0.05 	0.546 	59.342361 	-5.2396815 	4.3587876
-0.64624625 	-0.05 	0.546 	59.367707 	-5.2275726 	4.3586656
-0.64504505 	-0.05 	0.546 	59.393053 	-5.2154637 	4.3585436
-0.64384384 	-0.05 	0.546 	59.418399 	-5.2033547 	4.3584216
-0.64264264 	-0.05 	0.546 	59.438585 	-5.0649683 	4.3583631
-0.64144144 	-0.05 	0.546 	59.458409 	-4.9176912 	4.358309
-0.64024024 	-0.05 	0.546 	59.478167 	-4.7704158 	4.3583081
-0.63903904 	-0.05 	0.546 	59.497653 	-4.6231469 	4.3585325
-0.63783784 	-0.05 	0.546 	59.517138 	-4.4758781 	4.3587568
-0.63663664 	-0.05 	0.546 	59.536541 	-4.3895569 	4.3585564
-0.63543544 	-0.05 	0.546 	59.555842 	-4.3781322 	4.3578341
-0.63423423 	-0.05 	0.546 	59.575143 	-4.3667075 	4.3571117
-0.63303303 	-0.05 	0.546 	59.594445 	-4.3552827 	4.3563894
-0.63183183 	-0.05 	0.546 	59.613746 	-4.343858 	4.3556671
-0.63063063 	-0.05 	0.546 	59.633048 	-4.3324333 	4.3549448
-0.62942943 	-0.05 	0.546 	59.652349 	-4.3210085 	4.3542224
-0.62822823 	-0.05 	0.546 	59.67165 	-4.3095838 	4.3535001
-0.62702703 	-0.05 	0.546 	59.690952 	-4.2981591 	4.3527778
-0.62582583 	-0.05 	0.546 	59.710253 	-4.2867344 	4.3520555
-0.62462462 	-0.05 	0.546 	59.729554 	-4.2753096 	4.3513331
-0.62342342 	-0.05 	0.546 	59.748856 	-4.2638849 	4.3506108
-0.62222222 	-0.05 	0.546 	59.768157 	-4.2524602 	4.3498885
-0.62102102 	-0.05 	0.546 	59.787458 	-4.2410354 	4.3491661
-0.61981982 	-0.05 	0.546 	59.80676 	-4.2296107 	4.3484438
-0.61861862 	-0.05 	0.546 	59.826061 	-4.218186 	4.3477215
-0.61741742 	-0.05 	0.546 	59.845363 	-4.2067612 	4.3469992
-0.61621622 	-0.05 	0.546 	59.865055 	-4.1952125 	4.3462779
-0.61501502 	-0.05 	0.546 	59.88524 	-4.1835073 	4.3455579
-0.61381381 	-0.05 	0.546 	59.905426 	-4.1718021 	4.344838
-0.61261261 	-0.05 	0.546 	59.925755 	-4.2342901 	4.3436647
-0.61141141 	-0.05 	0.546 	59.946204 	-4.3584704 	4.3421143
-0.61021021 	-0.05 	0.546 	59.966654 	-4.4826507 	4.340564
-0.60900901 	-0.05 	0.546 	59.987244 	-4.6075212 	4.339086
-0.60780781 	-0.05 	0.546 	60.00787 	-4.7325607 	4.3376256
-0.60660661 	-0.05 	0.546 	60.028268 	-4.8497811 	4.3361764
-0.60540541 	-0.05 	0.546 	60.045174 	-4.8467861 	4.3348976
-0.6042042 	-0.05 	0.546 	60.062079 	-4.8437912 	4.3336189
-0.603003 	-0.05 	0.546 	60.079188 	-4.8404108 	4.3323386
-0.6018018 	-0.05 	0.546 	60.097089 	-4.83553 	4.3310523
-0.6006006 	-0.05 	0.546 	60.11499 	-4.8306492 	4.329766
-0.5993994 	-0.05 	0.546 	60.132891 	-4.8257684 	4.3284797
-0.5981982 	-0.05 	0.546 	60.150792 	-4.8208876 	4.3271934
-0.596997 	-0.05 	0.546 	60.168694 	-4.8160069 	4.3259071
-0.5957958 	-0.05 	0.546 	60.186595 	-4.8111261 	4.3246208
-0.59459459 	-0.05 	0.546 	60.204496 	-4.8062453 	4.3233345
-0.59339339 	-0.05 	0.546 	60.222397 	-4.8013645 	4.3220482
-0.59219219 	-0.05 	0.546 	60.240298 	-4.7964837 	4.3207619
-0.59099099 	-0.05 	0.546 	60.258199 	-4.7916029 	4.3194756
-0.58978979 	-0.05 	0.546 	60.2761 	-4.7867221 	4.3181893
-0.58858859 	-0.05 	0.546 	60.294001 	-4.7818413 	4.316903
-0.58738739 	-0.05 	0.546 	60.311902 	-4.7769606 	4.3156167
-0.58618619 	-0.05 	0.546 	60.329804 	-4.7720798 	4.3143304
-0.58498498 	-0.05 	0.546 	60.347705 	-4.767199 	4.3130441
-0.58378378 	-0.05 	0.546 	60.365606 	-4.7623182 	4.3117578
-0.58258258 	-0.05 	0.546 	60.382978 	-4.7368871 	4.310508
-0.58138138 	-0.05 	0.546 	60.397582 	-4.6039518 	4.3094495
-0.58018018 	-0.05 	0.546 	60.412186 	-4.4710166 	4.308391
-0.57897898 	-0.05 	0.546 	60.427237 	-4.3375084 	4.3073691
-0.57777778 	-0.05 	0.546 	60.442912 	-4.2032036 	4.3063981
-0.57657658 	-0.05 	0.546 	60.458587 	-4.0688988 	4.3054271
-0.57537538 	-0.05 	0.546 	60.480866 	-4.0146597 	4.303861
-0.57417417 	-0.05 	0.546 	60.506308 	-3.9987763 	4.30201
-0.57297297 	-0.05 	0.546 	60.531751 	-3.9828929 	4.3001589
-0.57177177 	-0.05 	0.546 	60.557193 	-3.9670095 	4.2983078
-0.57057057 	-0.05 	0.546 	60.582636 	-3.9511261 	4.2964568
-0.56936937 	-0.05 	0.546 	60.608078 	-3.9352427 	4.2946057
-0.56816817 	-0.05 	0.546 	60.633521 	-3.9193593 	4.2927546
-0.56696697 	-0.05 	0.546 	60.658963 	-3.9034759 	4.2909036
-0.56576577 	-0.05 	0.546 	60.684406 	-3.8875925 	4.2890525
-0.56456456 	-0.05 	0.546 	60.709848 	-3.8717091 	4.2872015
-0.56336336 	-0.05 	0.546 	60.735291 	-3.8558258 	4.2853504
-0.56216216 	-0.05 	0.546 	60.760733 	-3.8399424 	4.2834993
-0.56096096 	-0.05 	0.546 	60.786176 	-3.824059 	4.2816483
-0.55975976 	-0.05 	0.546 	60.811618 	-3.8081756 	4.2797972
-0.55855856 	-0.05 	0.546 	60.837061 	-3.7922922 	4.2779461
-0.55735736 	-0.05 	0.546 	60.862503 	-3.7764088 	4.2760951
-0.55615616 	-0.05 	0.546 	60.887946 	-3.7605254 	4.274244
-0.55495495 	-0.05 	0.546 	60.915479 	-3.7410547 	4.2724147
-0.55375375 	-0.05 	0.546 	60.946037 	-3.7163952 	4.270617
-0.55255255 	-0.05 	0.546 	60.976594 	-3.6917357 	4.2688193
-0.55135135 	-0.05 	0.546 	61.015167 	-3.7590197 	4.266322
-0.55015015 	-0.05 	0.546 	61.056036 	-3.8526483 	4.2636243
-0.54894895 	-0.05 	0.546 	61.09684 	-3.9464476 	4.2609342
-0.54774775 	-0.05 	0.546 	61.135883 	-4.0448666 	4.2584512
-0.54654655 	-0.05 	0.546 	61.174927 	-4.1432857 	4.2559681
-0.54534535 	-0.05 	0.546 	61.207117 	-4.2234518 	4.2534188
-0.54414414 	-0.05 	0.546 	61.222788 	-4.2596177 	4.2507098
-0.54294294 	-0.05 	0.546 	61.238459 	-4.2957836 	4.2480009
-0.54174174 	-0.05 	0.546 	61.253828 	-4.319978 	4.2453458
-0.54054054 	-0.05 	0.546 	61.269066 	-4.3389557 	4.2427143
-0.53933934 	-0.05 	0.546 	61.284304 	-4.3579333 	4.2400828
-0.53813814 	-0.05 	0.546 	61.299542 	-4.376911 	4.2374512
-0.53693694 	-0.05 	0.546 	61.31478 	-4.3958887 	4.2348197
-0.53573574 	-0.05 	0.546 	61.330017 	-4.4148663 	4.2321881
-0.53453453 	-0.05 	0.546 	61.345255 	-4.433844 	4.2295566
-0.53333333 	-0.05 	0.546 	61.360493 	-4.4528216 	4.2269251
-0.53213213 	-0.05 	0.546 	61.375731 	-4.4717993 	4.2242935
-0.53093093 	-0.05 	0.546 	61.390969 	-4.4907769 	4.221662
-0.52972973 	-0.05 	0.546 	61.406207 	-4.5097546 	4.2190304
-0.52852853 	-0.05 	0.546 	61.421445 	-4.5287322 	4.2163989
-0.52732733 	-0.05 	0.546 	61.436683 	-4.5477099 	4.2137674
-0.52612613 	-0.05 	0.546 	61.451921 	-4.5666875 	4.2111358
-0.52492492 	-0.05 	0.546 	61.467159 	-4.5856652 	4.2085043
-0.52372372 	-0.05 	0.546 	61.482397 	-4.6046428 	4.2058727
-0.52252252 	-0.05 	0.546 	61.497635 	-4.6236205 	4.2032412
-0.52132132 	-0.05 	0.546 	61.503951 	-4.6183874 	4.2005742
-0.52012012 	-0.05 	0.546 	61.496304 	-4.5752585 	4.1978517
-0.51891892 	-0.05 	0.546 	61.488657 	-4.5321297 	4.1951292
-0.51771772 	-0.05 	0.546 	61.479741 	-4.4862107 	4.1925772
-0.51651652 	-0.05 	0.546 	61.470133 	-4.4387694 	4.1901183
-0.51531532 	-0.05 	0.546 	61.460525 	-4.3913281 	4.1876593
-0.51411411 	-0.05 	0.546 	61.462194 	-4.3747041 	4.184619
-0.51291291 	-0.05 	0.546 	61.465051 	-4.3613246 	4.1815174
-0.51171171 	-0.05 	0.546 	61.467907 	-4.3479451 	4.1784159
-0.51051051 	-0.05 	0.546 	61.470764 	-4.3345657 	4.1753143
-0.50930931 	-0.05 	0.546 	61.473621 	-4.3211862 	4.1722127
-0.50810811 	-0.05 	0.546 	61.476477 	-4.3078068 	4.1691112
-0.50690691 	-0.05 	0.546 	61.479334 	-4.2944273 	4.1660096
-0.50570571 	-0.05 	0.546 	61.482191 	-4.2810478 	4.162908
-0.5045045 	-0.05 	0.546 	61.485048 	-4.2676684 	4.1598065
-0.5033033 	-0.05 	0.546 	61.487904 	-4.2542889 	4.1567049
-0.5021021 	-0.05 	0.546 	61.490761 	-4.2409095 	4.1536034
-0.5009009 	-0.05 	0.546 	61.493618 	-4.22753 	4.1505018
-0.4996997 	-0.05 	0.546 	61.496474 	-4.2141505 	4.1474002
-0.4984985 	-0.05 	0.546 	61.499331 	-4.2007711 	4.1442987
-0.4972973 	-0.05 	0.546 	61.502188 	-4.1873916 	4.1411971
-0.4960961 	-0.05 	0.546 	61.505045 	-4.1740122 	4.1380955
-0.49489489 	-0.05 	0.546 	61.507901 	-4.1606327 	4.134994
-0.49369369 	-0.05 	0.546 	61.507359 	-4.1433292 	4.1319093
-0.49249249 	-0.05 	0.546 	61.504256 	-4.1230685 	4.1288374
-0.49129129 	-0.05 	0.546 	61.5012 	-4.1029317 	4.125764
-0.49009009 	-0.05 	0.546 	61.510962 	-4.1167387 	4.1222731
-0.48888889 	-0.05 	0.546 	61.520724 	-4.1305457 	4.1187822
-0.48768769 	-0.05 	0.546 	61.530738 	-4.1445282 	4.1153063
-0.48648649 	-0.05 	0.546 	61.541461 	-4.1590068 	4.111873
-0.48528529 	-0.05 	0.546 	61.552185 	-4.1734853 	4.1084397
-0.48408408 	-0.05 	0.546 	61.562889 	-4.1754028 	4.1048825
-0.48288288 	-0.05 	0.546 	61.573576 	-4.165681 	4.1012104
-0.48168168 	-0.05 	0.546 	61.584262 	-4.1559592 	4.0975384
-0.48048048 	-0.05 	0.546 	61.593665 	-4.1458712 	4.093847
-0.47927928 	-0.05 	0.546 	61.603045 	-4.1357765 	4.0901553
-0.47807808 	-0.05 	0.546 	61.612424 	-4.1256818 	4.0864636
-0.47687688 	-0.05 	0.546 	61.621804 	-4.115587 	4.0827719
-0.47567568 	-0.05 	0.546 	61.631183 	-4.1054923 	4.0790802
-0.47447447 	-0.05 	0.546 	61.640563 	-4.0953975 	4.0753885
-0.47327327 	-0.05 	0.546 	61.649942 	-4.0853028 	4.0716967
-0.47207207 	-0.05 	0.546 	61.659322 	-4.0752081 	4.068005
-0.47087087 	-0.05 	0.546 	61.668701 	-4.0651133 	4.0643133
-0.46966967 	-0.05 	0.546 	61.678081 	-4.0550186 	4.0606216
-0.46846847 	-0.05 	0.546 	61.68746 	-4.0449239 	4.0569299
-0.46726727 	-0.05 	0.546 	61.696839 	-4.0348291 	4.0532382
-0.46606607 	-0.05 	0.546 	61.706219 	-4.0247344 	4.0495465
-0.46486486 	-0.05 	0.546 	61.715598 	-4.0146397 	4.0458548
-0.46366366 	-0.05 	0.546 	61.724978 	-4.0045449 	4.042163
-0.46246246 	-0.05 	0.546 	61.734357 	-3.9944502 	4.0384713
-0.46126126 	-0.05 	0.546 	61.743737 	-3.9843555 	4.0347796
-0.46006006 	-0.05 	0.546 	61.753386 	-3.9592459 	4.0310385
-0.45885886 	-0.05 	0.546 	61.763201 	-3.924905 	4.027267
-0.45765766 	-0.05 	0.546 	61.773016 	-3.8905642 	4.0234955
-0.45645646 	-0.05 	0.546 	61.783037 	-3.8564838 	4.0197609
-0.45525526 	-0.05 	0.546 	61.793087 	-3.8224399 	4.0160315
-0.45405405 	-0.05 	0.546 	61.803412 	-3.7920847 	4.0122238
-0.45285285 	-0.05 	0.546 	61.815495 	-3.7853233 	4.007916
-0.45165165 	-0.05 	0.546 	61.827579 	-3.7785619 	4.0036082
-0.45045045 	-0.05 	0.546 	61.839663 	-3.7718005 	3.9993004
-0.44924925 	-0.05 	0.546 	61.851746 	-3.7650391 	3.9949925
-0.44804805 	-0.05 	0.546 	61.86383 	-3.7582777 	3.9906847
-0.44684685 	-0.05 	0.546 	61.875914 	-3.7515162 	3.9863769
-0.44564565 	-0.05 	0.546 	61.887998 	-3.7447548 	3.982069
-0.44444444 	-0.05 	0.546 	61.900081 	-3.7379934 	3.9777612
-0.44324324 	-0.05 	0.546 	61.912165 	-3.731232 	3.9734534
-0.44204204 	-0.05 	0.546 	61.924249 	-3.7244706 	3.9691456
-0.44084084 	-0.05 	0.546 	61.936332 	-3.7177092 	3.9648377
-0.43963964 	-0.05 	0.546 	61.948416 	-3.7109478 	3.9605299
-0.43843844 	-0.05 	0.546 	61.9605 	-3.7041864 	3.9562221
-0.43723724 	-0.05 	0.546 	61.972584 	-3.697425 	3.9519142
-0.43603604 	-0.05 	0.546 	61.984667 	-3.6906635 	3.9476064
-0.43483483 	-0.05 	0.546 	61.996751 	-3.6839021 	3.9432986
-0.43363363 	-0.05 	0.546 	62.008835 	-3.6771407 	3.9389908
-0.43243243 	-0.05 	0.546 	62.021415 	-3.669292 	3.9346952
-0.43123123 	-0.05 	0.546 	62.034339 	-3.6606919 	3.9304082
-0.43003003 	-0.05 	0.546 	62.047868 	-3.6585631 	3.9260285
-0.42882883 	-0.05 	0.546 	62.063341 	-3.6771963 	3.9213519
-0.42762763 	-0.05 	0.546 	62.078815 	-3.6958295 	3.9166752
-0.42642643 	-0.05 	0.546 	62.094509 	-3.7146144 	3.9120057
-0.42522523 	-0.05 	0.546 	62.110428 	-3.7335532 	3.9073435
-0.42402402 	-0.05 	0.546 	62.126347 	-3.752492 	3.9026812
-0.42282282 	-0.05 	0.546 	62.144824 	-3.7526434 	3.8977601
-0.42162162 	-0.05 	0.546 	62.164136 	-3.7466681 	3.8927547
-0.42042042 	-0.05 	0.546 	62.182204 	-3.741325 	3.8877484
-0.41921922 	-0.05 	0.546 	62.198592 	-3.7368366 	3.8827409
-0.41801802 	-0.05 	0.546 	62.214981 	-3.7323482 	3.8777334
-0.41681682 	-0.05 	0.546 	62.231369 	-3.7278598 	3.872726
-0.41561562 	-0.05 	0.546 	62.247757 	-3.7233714 	3.8677185
-0.41441441 	-0.05 	0.546 	62.264145 	-3.718883 	3.862711
-0.41321321 	-0.05 	0.546 	62.280533 	-3.7143946 	3.8577036
-0.41201201 	-0.05 	0.546 	62.296921 	-3.7099062 	3.8526961
-0.41081081 	-0.05 	0.546 	62.313309 	-3.7054178 	3.8476886
-0.40960961 	-0.05 	0.546 	62.329697 	-3.7009293 	3.8426811
-0.40840841 	-0.05 	0.546 	62.346085 	-3.6964409 	3.8376737
-0.40720721 	-0.05 	0.546 	62.362473 	-3.6919525 	3.8326662
-0.40600601 	-0.05 	0.546 	62.378861 	-3.6874641 	3.8276587
-0.4048048 	-0.05 	0.546 	62.395249 	-3.6829757 	3.8226513
-0.4036036 	-0.05 	0.546 	62.411637 	-3.6784873 	3.8176438
-0.4024024 	-0.05 	0.546 	62.428025 	-3.6739989 	3.8126363
-0.4012012 	-0.05 	0.546 	62.444413 	-3.6695105 	3.8076289
-0.4 	-0.05 	0.546 	62.460802 	-3.6650221 	3.8026214
-0.3987988 	-0.05 	0.546 	62.480555 	-3.6392463 	3.7974592
-0.3975976 	-0.05 	0.546 	62.500887 	-3.6098029 	3.7922704
-0.3963964 	-0.05 	0.546 	62.521135 	-3.5805542 	3.7870977
-0.3951952 	-0.05 	0.546 	62.540699 	-3.5528731 	3.7820546
-0.39399399 	-0.05 	0.546 	62.560264 	-3.525192 	3.7770116
-0.39279279 	-0.05 	0.546 	62.576145 	-3.5107987 	3.7717174
-0.39159159 	-0.05 	0.546 	62.58571 	-3.5191929 	3.7659927
-0.39039039 	-0.05 	0.546 	62.595275 	-3.5275872 	3.7602681
-0.38918919 	-0.05 	0.546 	62.604841 	-3.5359814 	3.7545434
-0.38798799 	-0.05 	0.546 	62.614406 	-3.5443756 	3.7488187
-0.38678679 	-0.05 	0.546 	62.623971 	-3.5527699 	3.743094
-0.38558559 	-0.05 	0.546 	62.633536 	-3.5611641 	3.7373693
-0.38438438 	-0.05 	0.546 	62.643102 	-3.5695584 	3.7316446
-0.38318318 	-0.05 	0.546 	62.652667 	-3.5779526 	3.7259199
-0.38198198 	-0.05 	0.546 	62.662232 	-3.5863468 	3.7201952
-0.38078078 	-0.05 	0.546 	62.671797 	-3.5947411 	3.7144705
-0.37957958 	-0.05 	0.546 	62.681363 	-3.6031353 	3.7087459
-0.37837838 	-0.05 	0.546 	62.690928 	-3.6115296 	3.7030212
-0.37717718 	-0.05 	0.546 	62.700493 	-3.6199238 	3.6972965
-0.37597598 	-0.05 	0.546 	62.710058 	-3.628318 	3.6915718
-0.37477477 	-0.05 	0.546 	62.719624 	-3.6367123 	3.6858471
-0.37357357 	-0.05 	0.546 	62.729189 	-3.6451065 	3.6801224
-0.37237237 	-0.05 	0.546 	62.738754 	-3.6535008 	3.6743977
-0.37117117 	-0.05 	0.546 	62.745624 	-3.6683396 	3.6686397
-0.36996997 	-0.05 	0.546 	62.751724 	-3.6850196 	3.6628721
-0.36876877 	-0.05 	0.546 	62.753378 	-3.7185957 	3.6569216
-0.36756757 	-0.05 	0.546 	62.749968 	-3.7714148 	3.6507629
-0.36636637 	-0.05 	0.546 	62.746558 	-3.8242338 	3.6446041
-0.36516517 	-0.05 	0.546 	62.743584 	-3.874376 	3.6385594
-0.36396396 	-0.05 	0.546 	62.740774 	-3.9235035 	3.632558
-0.36276276 	-0.05 	0.546 	62.737964 	-3.9726309 	3.6265566
-0.36156156 	-0.05 	0.546 	62.744002 	-3.9435698 	3.620383
-0.36036036 	-0.05 	0.546 	62.75019 	-3.9131763 	3.6142065
-0.35915916 	-0.05 	0.546 	62.759129 	-3.8885808 	3.6079688
-0.35795796 	-0.05 	0.546 	62.769262 	-3.8665054 	3.6017046
-0.35675676 	-0.05 	0.546 	62.779396 	-3.8444301 	3.5954405
-0.35555556 	-0.05 	0.546 	62.78953 	-3.8223547 	3.5891763
-0.35435435 	-0.05 	0.546 	62.799663 	-3.8002794 	3.5829121
-0.35315315 	-0.05 	0.546 	62.809797 	-3.7782041 	3.5766479
-0.35195195 	-0.05 	0.546 	62.819931 	-3.7561287 	3.5703837
-0.35075075 	-0.05 	0.546 	62.830065 	-3.7340534 	3.5641196
-0.34954955 	-0.05 	0.546 	62.840198 	-3.711978 	3.5578554
-0.34834835 	-0.05 	0.546 	62.850332 	-3.6899027 	3.5515912
-0.34714715 	-0.05 	0.546 	62.860466 	-3.6678274 	3.545327
-0.34594595 	-0.05 	0.546 	62.870599 	-3.645752 	3.5390628
-0.34474474 	-0.05 	0.546 	62.880733 	-3.6236767 	3.5327986
-0.34354354 	-0.05 	0.546 	62.890867 	-3.6016014 	3.5265345
-0.34234234 	-0.05 	0.546 	62.901001 	-3.579526 	3.5202703
-0.34114114 	-0.05 	0.546 	62.911134 	-3.5574507 	3.5140061
-0.33993994 	-0.05 	0.546 	62.921268 	-3.5353753 	3.5077419
-0.33873874 	-0.05 	0.546 	62.932208 	-3.5065134 	3.5014947
-0.33753754 	-0.05 	0.546 	62.951806 	-3.404778 	3.4954291
-0.33633634 	-0.05 	0.546 	62.971404 	-3.3030427 	3.4893636
-0.33513514 	-0.05 	0.546 	62.991561 	-3.2017808 	3.4832793
-0.33393393 	-0.05 	0.546 	63.012787 	-3.1014248 	3.477159
-0.33273273 	-0.05 	0.546 	63.034014 	-3.0010687 	3.4710388
-0.33153153 	-0.05 	0.546 	63.053368 	-2.9527379 	3.4643557
-0.33033033 	-0.05 	0.546 	63.07148 	-2.9389105 	3.4572993
-0.32912913 	-0.05 	0.546 	63.089593 	-2.925083 	3.450243
-0.32792793 	-0.05 	0.546 	63.107705 	-2.9112556 	3.4431866
-0.32672673 	-0.05 	0.546 	63.125817 	-2.8974281 	3.4361303
-0.32552553 	-0.05 	0.546 	63.14393 	-2.8836007 	3.4290739
-0.32432432 	-0.05 	0.546 	63.162042 	-2.8697732 	3.4220176
-0.32312312 	-0.05 	0.546 	63.180154 	-2.8559457 	3.4149612
-0.32192192 	-0.05 	0.546 	63.198267 	-2.8421183 	3.4079049
-0.32072072 	-0.05 	0.546 	63.216379 	-2.8282908 	3.4008485
-0.31951952 	-0.05 	0.546 	63.234491 	-2.8144634 	3.3937922
-0.31831832 	-0.05 	0.546 	63.252604 	-2.8006359 	3.3867358
-0.31711712 	-0.05 	0.546 	63.270716 	-2.7868085 	3.3796795
-0.31591592 	-0.05 	0.546 	63.288828 	-2.772981 	3.3726231
-0.31471471 	-0.05 	0.546 	63.306941 	-2.7591536 	3.3655668
-0.31351351 	-0.05 	0.546 	63.325053 	-2.7453261 	3.3585104
-0.31231231 	-0.05 	0.546 	63.343166 	-2.7314987 	3.3514541
-0.31111111 	-0.05 	0.546 	63.361278 	-2.7176712 	3.3443977
-0.30990991 	-0.05 	0.546 	63.382225 	-2.7045652 	3.337376
-0.30870871 	-0.05 	0.546 	63.403831 	-2.6916267 	3.3303624
-0.30750751 	-0.05 	0.546 	63.423708 	-2.7394953 	3.3229032
-0.30630631 	-0.05 	0.546 	63.442858 	-2.8129835 	3.3152562
-0.30510511 	-0.05 	0.546 	63.462007 	-2.8864717 	3.3076091
-0.3039039 	-0.05 	0.546 	63.481134 	-2.9609594 	3.300011
-0.3027027 	-0.05 	0.546 	63.50026 	-3.0354866 	3.2924148
-0.3015015 	-0.05 	0.546 	63.519401 	-3.0926994 	3.2847622
-0.3003003 	-0.05 	0.546 	63.538598 	-3.0885333 	3.27691
-0.2990991 	-0.05 	0.546 	63.557697 	-3.0843544 	3.2690556
-0.2978979 	-0.05 	0.546 	63.576174 	-3.0800932 	3.2611871
-0.2966967 	-0.05 	0.546 	63.59465 	-3.075832 	3.2533186
-0.2954955 	-0.05 	0.546 	63.613127 	-3.0715708 	3.2454501
-0.29429429 	-0.05 	0.546 	63.631603 	-3.0673096 	3.2375816
-0.29309309 	-0.05 	0.546 	63.65008 	-3.0630484 	3.2297131
-0.29189189 	-0.05 	0.546 	63.668556 	-3.0587872 	3.2218446
-0.29069069 	-0.05 	0.546 	63.687033 	-3.0545259 	3.2139761
-0.28948949 	-0.05 	0.546 	63.705509 	-3.0502647 	3.2061075
-0.28828829 	-0.05 	0.546 	63.723986 	-3.0460035 	3.198239
-0.28708709 	-0.05 	0.546 	63.742462 	-3.0417423 	3.1903705
-0.28588589 	-0.05 	0.546 	63.760939 	-3.0374811 	3.182502
-0.28468468 	-0.05 	0.546 	63.779415 	-3.0332199 	3.1746335
-0.28348348 	-0.05 	0.546 	63.797892 	-3.0289587 	3.166765
-0.28228228 	-0.05 	0.546 	63.816368 	-3.0246975 	3.1588965
-0.28108108 	-0.05 	0.546 	63.834845 	-3.0204363 	3.151028
-0.27987988 	-0.05 	0.546 	63.853321 	-3.0161751 	3.1431595
-0.27867868 	-0.05 	0.546 	63.871798 	-3.0119139 	3.135291
-0.27747748 	-0.05 	0.546 	63.890494 	-2.9825616 	3.1274817
-0.27627628 	-0.05 	0.546 	63.909661 	-2.8995914 	3.1197988
-0.27507508 	-0.05 	0.546 	63.928827 	-2.8166212 	3.112116
-0.27387387 	-0.05 	0.546 	63.94841 	-2.7334172 	3.1044517
-0.27267267 	-0.05 	0.546 	63.968299 	-2.6500412 	3.0968011
-0.27147147 	-0.05 	0.546 	63.988188 	-2.5666651 	3.0891504
-0.27027027 	-0.05 	0.546 	64.014782 	-2.5465189 	3.0806349
-0.26906907 	-0.05 	0.546 	64.042708 	-2.538937 	3.0719475
-0.26786787 	-0.05 	0.546 	64.070634 	-2.531355 	3.0632601
-0.26666667 	-0.05 	0.546 	64.098559 	-2.523773 	3.0545727
-0.26546547 	-0.05 	0.546 	64.126485 	-2.516191 	3.0458854
-0.26426426 	-0.05 	0.546 	64.154411 	-2.508609 	3.037198
-0.26306306 	-0.05 	0.546 	64.182337 	-2.501027 	3.0285106
-0.26186186 	-0.05 	0.546 	64.210262 	-2.4934451 	3.0198232
-0.26066066 	-0.05 	0.546 	64.238188 	-2.4858631 	3.0111358
-0.25945946 	-0.05 	0.546 	64.266114 	-2.4782811 	3.0024484
-0.25825826 	-0.05 	0.546 	64.29404 	-2.4706991 	2.993761
-0.25705706 	-0.05 	0.546 	64.321966 	-2.4631171 	2.9850737
-0.25585586 	-0.05 	0.546 	64.349891 	-2.4555352 	2.9763863
-0.25465465 	-0.05 	0.546 	64.377817 	-2.4479532 	2.9676989
-0.25345345 	-0.05 	0.546 	64.405743 	-2.4403712 	2.9590115
-0.25225225 	-0.05 	0.546 	64.433669 	-2.4327892 	2.9503241
-0.25105105 	-0.05 	0.546 	64.461595 	-2.4252072 	2.9416367
-0.24984985 	-0.05 	0.546 	64.48952 	-2.4176252 	2.9329493
-0.24864865 	-0.05 	0.546 	64.51982 	-2.4036695 	2.9243112
-0.24744745 	-0.05 	0.546 	64.550143 	-2.3896498 	2.9156735
-0.24624625 	-0.05 	0.546 	64.588607 	-2.446426 	2.9065975
-0.24504505 	-0.05 	0.546 	64.627632 	-2.5080784 	2.8974914
-0.24384384 	-0.05 	0.546 	64.666366 	-2.5701616 	2.8883628
-0.24264264 	-0.05 	0.546 	64.703886 	-2.6340405 	2.8791409
-0.24144144 	-0.05 	0.546 	64.741406 	-2.6979194 	2.869919
-0.24024024 	-0.05 	0.546 	64.770334 	-2.7407089 	2.8604883
-0.23903904 	-0.05 	0.546 	64.788818 	-2.7578621 	2.8508038
-0.23783784 	-0.05 	0.546 	64.808293 	-2.7694485 	2.8411238
-0.23663664 	-0.05 	0.546 	64.829125 	-2.773397 	2.8314498
-0.23543544 	-0.05 	0.546 	64.849958 	-2.7773456 	2.8217759
-0.23423423 	-0.05 	0.546 	64.870791 	-2.7812941 	2.8121019
-0.23303303 	-0.05 	0.546 	64.891624 	-2.7852426 	2.802428
-0.23183183 	-0.05 	0.546 	64.912457 	-2.7891912 	2.7927541
-0.23063063 	-0.05 	0.546 	64.933289 	-2.7931397 	2.7830801
-0.22942943 	-0.05 	0.546 	64.954122 	-2.7970883 	2.7734062
-0.22822823 	-0.05 	0.546 	64.974955 	-2.8010368 	2.7637323
-0.22702703 	-0.05 	0.546 	64.995788 	-2.8049853 	2.7540583
-0.22582583 	-0.05 	0.546 	65.01662 	-2.8089339 	2.7443844
-0.22462462 	-0.05 	0.546 	65.037453 	-2.8128824 	2.7347105
-0.22342342 	-0.05 	0.546 	65.058286 	-2.816831 	2.7250365
-0.22222222 	-0.05 	0.546 	65.079119 	-2.8207795 	2.7153626
-0.22102102 	-0.05 	0.546 	65.099952 	-2.824728 	2.7056886
-0.21981982 	-0.05 	0.546 	65.120784 	-2.8286766 	2.6960147
-0.21861862 	-0.05 	0.546 	65.141617 	-2.8326251 	2.6863408
-0.21741742 	-0.05 	0.546 	65.16245 	-2.8365737 	2.6766668
-0.21621622 	-0.05 	0.546 	65.173117 	-2.8147656 	2.6670826
-0.21501502 	-0.05 	0.546 	65.17553 	-2.7720468 	2.6575712
-0.21381381 	-0.05 	0.546 	65.177943 	-2.7293279 	2.6480598
-0.21261261 	-0.05 	0.546 	65.179377 	-2.6836995 	2.6384697
-0.21141141 	-0.05 	0.546 	65.180582 	-2.6373884 	2.6288612
-0.21021021 	-0.05 	0.546 	65.182517 	-2.5927356 	2.6192005
-0.20900901 	-0.05 	0.546 	65.194541 	-2.5709883 	2.6088197
-0.20780781 	-0.05 	0.546 	65.206564 	-2.549241 	2.5984388
-0.20660661 	-0.05 	0.546 	65.218588 	-2.5274937 	2.588058
-0.20540541 	-0.05 	0.546 	65.230611 	-2.5057464 	2.5776771
-0.2042042 	-0.05 	0.546 	65.242635 	-2.4839992 	2.5672962
-0.203003 	-0.05 	0.546 	65.254658 	-2.4622519 	2.5569154
-0.2018018 	-0.05 	0.546 	65.266682 	-2.4405046 	2.5465345
-0.2006006 	-0.05 	0.546 	65.278705 	-2.4187573 	2.5361536
-0.1993994 	-0.05 	0.546 	65.290729 	-2.39701 	2.5257728
-0.1981982 	-0.05 	0.546 	65.302752 	-2.3752627 	2.5153919
-0.196997 	-0.05 	0.546 	65.314776 	-2.3535155 	2.505011
-0.1957958 	-0.05 	0.546 	65.326799 	-2.3317682 	2.4946302
-0.19459459 	-0.05 	0.546 	65.338823 	-2.3100209 	2.4842493
-0.19339339 	-0.05 	0.546 	65.350846 	-2.2882736 	2.4738684
-0.19219219 	-0.05 	0.546 	65.36287 	-2.2665263 	2.4634876
-0.19099099 	-0.05 	0.546 	65.374893 	-2.244779 	2.4531067
-0.18978979 	-0.05 	0.546 	65.386917 	-2.2230318 	2.4427259
-0.18858859 	-0.05 	0.546 	65.398865 	-2.2011576 	2.4323474
-0.18738739 	-0.05 	0.546 	65.407111 	-2.1730515 	2.4220854
-0.18618619 	-0.05 	0.546 	65.417273 	-2.1490201 	2.4118027
-0.18498498 	-0.05 	0.546 	65.436926 	-2.1451613 	2.4014177
-0.18378378 	-0.05 	0.546 	65.456579 	-2.1413025 	2.3910326
-0.18258258 	-0.05 	0.546 	65.476816 	-2.1379581 	2.3805965
-0.18138138 	-0.05 	0.546 	65.49784 	-2.1353057 	2.3700917
-0.18018018 	-0.05 	0.546 	65.518863 	-2.1326533 	2.3595869
-0.17897898 	-0.05 	0.546 	65.541614 	-2.1225885 	2.3485949
-0.17777778 	-0.05 	0.546 	65.565161 	-2.1091046 	2.3373782
-0.17657658 	-0.05 	0.546 	65.588723 	-2.097191 	2.3260952
-0.17537538 	-0.05 	0.546 	65.612288 	-2.0855422 	2.3148009
-0.17417417 	-0.05 	0.546 	65.635853 	-2.0738934 	2.3035067
-0.17297297 	-0.05 	0.546 	65.659418 	-2.0622446 	2.2922125
-0.17177177 	-0.05 	0.546 	65.682983 	-2.0505957 	2.2809183
-0.17057057 	-0.05 	0.546 	65.706548 	-2.0389469 	2.269624
-0.16936937 	-0.05 	0.546 	65.730113 	-2.0272981 	2.2583298
-0.16816817 	-0.05 	0.546 	65.753678 	-2.0156493 	2.2470356
-0.16696697 	-0.05 	0.546 	65.777243 	-2.0040005 	2.2357414
-0.16576577 	-0.05 	0.546 	65.800808 	-1.9923517 	2.2244472
-0.16456456 	-0.05 	0.546 	65.824373 	-1.9807029 	2.2131529
-0.16336336 	-0.05 	0.546 	65.847938 	-1.969054 	2.2018587
-0.16216216 	-0.05 	0.546 	65.871502 	-1.9574052 	2.1905645
-0.16096096 	-0.05 	0.546 	65.895067 	-1.9457564 	2.1792703
-0.15975976 	-0.05 	0.546 	65.918632 	-1.9341076 	2.167976
-0.15855856 	-0.05 	0.546 	65.942197 	-1.9224588 	2.1566818
-0.15735736 	-0.05 	0.546 	65.965762 	-1.91081 	2.1453876
-0.15615616 	-0.05 	0.546 	65.989327 	-1.8991612 	2.1340934
-0.15495495 	-0.05 	0.546 	66.015471 	-1.8789274 	2.1227916
-0.15375375 	-0.05 	0.546 	66.042326 	-1.8563271 	2.1114878
-0.15255255 	-0.05 	0.546 	66.06921 	-1.8336793 	2.1001818
-0.15135135 	-0.05 	0.546 	66.096746 	-1.8099353 	2.0888255
-0.15015015 	-0.05 	0.546 	66.124282 	-1.7861913 	2.0774692
-0.14894895 	-0.05 	0.546 	66.15339 	-1.7627939 	2.065856
-0.14774775 	-0.05 	0.546 	66.18618 	-1.7402079 	2.0536413
-0.14654655 	-0.05 	0.546 	66.218969 	-1.7176218 	2.0414266
-0.14534535 	-0.05 	0.546 	66.251758 	-1.6950358 	2.0292118
-0.14414414 	-0.05 	0.546 	66.284548 	-1.6724498 	2.0169971
-0.14294294 	-0.05 	0.546 	66.317337 	-1.6498637 	2.0047823
-0.14174174 	-0.05 	0.546 	66.350126 	-1.6272777 	1.9925676
-0.14054054 	-0.05 	0.546 	66.382916 	-1.6046917 	1.9803529
-0.13933934 	-0.05 	0.546 	66.415705 	-1.5821057 	1.9681381
-0.13813814 	-0.05 	0.546 	66.448494 	-1.5595196 	1.9559234
-0.13693694 	-0.05 	0.546 	66.481283 	-1.5369336 	1.9437086
-0.13573574 	-0.05 	0.546 	66.514073 	-1.5143476 	1.9314939
-0.13453453 	-0.05 	0.546 	66.546862 	-1.4917615 	1.9192792
-0.13333333 	-0.05 	0.546 	66.579651 	-1.4691755 	1.9070644
-0.13213213 	-0.05 	0.546 	66.612441 	-1.4465895 	1.8948497
-0.13093093 	-0.05 	0.546 	66.64523 	-1.4240035 	1.882635
-0.12972973 	-0.05 	0.546 	66.678019 	-1.4014174 	1.8704202
-0.12852853 	-0.05 	0.546 	66.710809 	-1.3788314 	1.8582055
-0.12732733 	-0.05 	0.546 	66.7429 	-1.3558153 	1.8460152
-0.12612613 	-0.05 	0.546 	66.77192 	-1.3309073 	1.8339325
-0.12492492 	-0.05 	0.546 	66.803241 	-1.3063244 	1.8218452
-0.12372372 	-0.05 	0.546 	66.83804 	-1.2822333 	1.809751
-0.12252252 	-0.05 	0.546 	66.87284 	-1.2581423 	1.7976568
-0.12132132 	-0.05 	0.546 	66.908026 	-1.2332365 	1.7854977
-0.12012012 	-0.05 	0.546 	66.943414 	-1.2079025 	1.7733045
-0.11891892 	-0.05 	0.546 	66.978803 	-1.1825685 	1.7611113
-0.11771772 	-0.05 	0.546 	67.010825 	-1.1481012 	1.748325
-0.11651652 	-0.05 	0.546 	67.04366 	-1.1127391 	1.7354333
-0.11531532 	-0.05 	0.546 	67.082675 	-1.0772454 	1.7222753
-0.11411411 	-0.05 	0.546 	67.121691 	-1.0417517 	1.7091172
-0.11291291 	-0.05 	0.546 	67.160707 	-1.006258 	1.6959591
-0.11171171 	-0.05 	0.546 	67.199723 	-0.97076433 	1.682801
-0.11051051 	-0.05 	0.546 	67.238739 	-0.93527063 	1.6696429
-0.10930931 	-0.05 	0.546 	67.277754 	-0.89977693 	1.6564848
-0.10810811 	-0.05 	0.546 	67.31677 	-0.86428323 	1.6433268
-0.10690691 	-0.05 	0.546 	67.355786 	-0.82878953 	1.6301687
-0.10570571 	-0.05 	0.546 	67.394802 	-0.79329583 	1.6170106
-0.1045045 	-0.05 	0.546 	67.433818 	-0.75780213 	1.6038525
-0.1033033 	-0.05 	0.546 	67.472834 	-0.72230843 	1.5906944
-0.1021021 	-0.05 	0.546 	67.511849 	-0.68681473 	1.5775363
-0.1009009 	-0.05 	0.546 	67.550865 	-0.65132103 	1.5643783
-0.0996997 	-0.05 	0.546 	67.589881 	-0.61582733 	1.5512202
-0.098498498 	-0.05 	0.546 	67.628897 	-0.58033363 	1.5380621
-0.097297297 	-0.05 	0.546 	67.667913 	-0.54483993 	1.524904
-0.096096096 	-0.05 	0.546 	67.706928 	-0.50934623 	1.5117459
-0.094894895 	-0.05 	0.546 	67.745914 	-0.47374785 	1.4985907
-0.093693694 	-0.05 	0.546 	67.781747 	-0.4273601 	1.4857272
-0.092492492 	-0.05 	0.546 	67.817579 	-0.38097236 	1.4728637
-0.091291291 	-0.05 	0.546 	67.853313 	-0.33368502 	1.4599506
-0.09009009 	-0.05 	0.546 	67.888774 	-0.28392724 	1.4469012
-0.088888889 	-0.05 	0.546 	67.924236 	-0.23416946 	1.4338517
-0.087687688 	-0.05 	0.546 	67.963056 	-0.17472088 	1.4203281
-0.086486486 	-0.05 	0.546 	68.004926 	-0.10647396 	1.406374
-0.085285285 	-0.05 	0.546 	68.046795 	-0.038227034 	1.3924199
-0.084084084 	-0.05 	0.546 	68.088665 	0.030019889 	1.3784658
-0.082882883 	-0.05 	0.546 	68.130535 	0.098266812 	1.3645116
-0.081681682 	-0.05 	0.546 	68.172404 	0.16651374 	1.3505575
-0.08048048 	-0.05 	0.546 	68.214274 	0.23476066 	1.3366034
-0.079279279 	-0.05 	0.546 	68.256144 	0.30300758 	1.3226493
-0.078078078 	-0.05 	0.546 	68.298013 	0.3712545 	1.3086952
-0.076876877 	-0.05 	0.546 	68.339883 	0.43950143 	1.294741
-0.075675676 	-0.05 	0.546 	68.381753 	0.50774835 	1.2807869
-0.074474474 	-0.05 	0.546 	68.423622 	0.57599527 	1.2668328
-0.073273273 	-0.05 	0.546 	68.465492 	0.6442422 	1.2528787
-0.072072072 	-0.05 	0.546 	68.507362 	0.71248912 	1.2389245
-0.070870871 	-0.05 	0.546 	68.549231 	0.78073604 	1.2249704
-0.06966967 	-0.05 	0.546 	68.591101 	0.84898297 	1.2110163
-0.068468468 	-0.05 	0.546 	68.632971 	0.91722989 	1.1970622
-0.067267267 	-0.05 	0.546 	68.67484 	0.98547681 	1.183108
-0.066066066 	-0.05 	0.546 	68.713804 	1.0532259 	1.1692201
-0.064864865 	-0.05 	0.546 	68.733748 	1.1177156 	1.155765
-0.063663664 	-0.05 	0.546 	68.757996 	1.1944608 	1.1423551
-0.062462462 	-0.05 	0.546 	68.784863 	1.2786637 	1.1289727
-0.061261261 	-0.05 	0.546 	68.81173 	1.3628666 	1.1155903
-0.06006006 	-0.05 	0.546 	68.82981 	1.4567209 	1.1021377
-0.058858859 	-0.05 	0.546 	68.846677 	1.5519068 	1.0886754
-0.057657658 	-0.05 	0.546 	68.858125 	1.653885 	1.0751238
-0.056456456 	-0.05 	0.546 	68.830353 	1.805014 	1.0609257
-0.055255255 	-0.05 	0.546 	68.815124 	1.9655238 	1.0465827
-0.054054054 	-0.05 	0.546 	68.810387 	2.1338801 	1.0321186
-0.052852853 	-0.05 	0.546 	68.805649 	2.3022363 	1.0176545
-0.051651652 	-0.05 	0.546 	68.800912 	2.4705925 	1.0031903
-0.05045045 	-0.05 	0.546 	68.796175 	2.6389487 	0.98872619
-0.049249249 	-0.05 	0.546 	68.791437 	2.807305 	0.97426206
-0.048048048 	-0.05 	0.546 	68.7867 	2.9756612 	0.95979792
-0.046846847 	-0.05 	0.546 	68.781962 	3.1440174 	0.94533378
-0.045645646 	-0.05 	0.546 	68.777225 	3.3123736 	0.93086964
-0.044444444 	-0.05 	0.546 	68.772488 	3.4807299 	0.9164055
-0.043243243 	-0.05 	0.546 	68.76775 	3.6490861 	0.90194137
-0.042042042 	-0.05 	0.546 	68.763013 	3.8174423 	0.88747723
-0.040840841 	-0.05 	0.546 	68.758275 	3.9857986 	0.87301309
-0.03963964 	-0.05 	0.546 	68.753538 	4.1541548 	0.85854895
-0.038438438 	-0.05 	0.546 	68.748801 	4.322511 	0.84408481
-0.037237237 	-0.05 	0.546 	68.744063 	4.4908672 	0.82962068
-0.036036036 	-0.05 	0.546 	68.739326 	4.6592235 	0.81515654
-0.034834835 	-0.05 	0.546 	68.734588 	4.8275797 	0.8006924
-0.033633634 	-0.05 	0.546 	68.72238 	5.0052034 	0.78627441
-0.032432432 	-0.05 	0.546 	68.673273 	5.2285966 	0.77208434
-0.031231231 	-0.05 	0.546 	68.624167 	5.4519898 	0.75789427
-0.03003003 	-0.05 	0.546 	68.544287 	5.6866958 	0.74370644
-0.028828829 	-0.05 	0.546 	68.420405 	5.9375781 	0.72952182
-0.027627628 	-0.05 	0.546 	68.296522 	6.1884604 	0.71533721
-0.026426426 	-0.05 	0.546 	68.186035 	6.3472485 	0.70214804
-0.025225225 	-0.05 	0.546 	68.082517 	6.4581154 	0.68947686
-0.024024024 	-0.05 	0.546 	67.979 	6.5689823 	0.67680569
-0.022822823 	-0.05 	0.546 	67.875483 	6.6798491 	0.66413451
-0.021621622 	-0.05 	0.546 	67.771965 	6.790716 	0.65146333
-0.02042042 	-0.05 	0.546 	67.723118 	7.0090261 	0.63651347
-0.019219219 	-0.05 	0.546 	67.675044 	7.2288558 	0.62153138
-0.018018018 	-0.05 	0.546 	67.62697 	7.4486856 	0.60654929
-0.016816817 	-0.05 	0.546 	67.578896 	7.6685153 	0.5915672
-0.015615616 	-0.05 	0.546 	67.530822 	7.8883451 	0.57658511
-0.014414414 	-0.05 	0.546 	67.482748 	8.1081749 	0.56160302
-0.013213213 	-0.05 	0.546 	67.434673 	8.3280046 	0.54662093
-0.012012012 	-0.05 	0.546 	67.386599 	8.5478344 	0.53163884
-0.010810811 	-0.05 	0.546 	67.338525 	8.7676641 	0.51665675
-0.0096096096 	-0.05 	0.546 	67.19649 	8.7732366 	0.50258706
-0.0084084084 	-0.05 	0.546 	67.003605 	8.6628581 	0.48901113
-0.0072072072 	-0.05 	0.546 	66.81072 	8.5524796 	0.47543521
-0.006006006 	-0.05 	0.546 	66.617835 	8.4421011 	0.46185928
-0.0048048048 	-0.05 	0.546 	66.424951 	8.3317226 	0.44828336
-0.0036036036 	-0.05 	0.546 	66.232066 	8.2213441 	0.43470743
-0.0024024024 	-0.05 	0.546 	66.116037 	8.156782 	0.42217249
-0.0012012012 	-0.05 	0.546 	66.029942 	8.1100636 	0.41004297
-7.9667131e-15 	-0.05 	0.546 	65.943846 	8.0633452 	0.39791345
