-1.2 	-0.05 	0.637 	47.876731 	-3.0647274 	3.0437431
-1.1987988 	-0.05 	0.637 	47.887413 	-3.0625598 	3.0527095
-1.1975976 	-0.05 	0.637 	47.898095 	-3.0603923 	3.061676
-1.1963964 	-0.05 	0.637 	47.908777 	-3.0582248 	3.0706425
-1.1951952 	-0.05 	0.637 	47.919459 	-3.0560573 	3.0796089
-1.193994 	-0.05 	0.637 	47.930141 	-3.0538898 	3.0885754
-1.1927928 	-0.05 	0.637 	47.940823 	-3.0517223 	3.0975419
-1.1915916 	-0.05 	0.637 	47.951505 	-3.0495548 	3.1065083
-1.1903904 	-0.05 	0.637 	47.962188 	-3.0473873 	3.1154748
-1.1891892 	-0.05 	0.637 	47.97287 	-3.0452198 	3.1244412
-1.187988 	-0.05 	0.637 	47.983552 	-3.0430523 	3.1334077
-1.1867868 	-0.05 	0.637 	47.994234 	-3.0408847 	3.1423742
-1.1855856 	-0.05 	0.637 	48.004916 	-3.0387172 	3.1513406
-1.1843844 	-0.05 	0.637 	48.015598 	-3.0365497 	3.1603071
-1.1831832 	-0.05 	0.637 	48.02628 	-3.0343822 	3.1692735
-1.181982 	-0.05 	0.637 	48.036962 	-3.0322147 	3.17824
-1.1807808 	-0.05 	0.637 	48.047644 	-3.0300472 	3.1872065
-1.1795796 	-0.05 	0.637 	48.058326 	-3.0278797 	3.1961729
-1.1783784 	-0.05 	0.637 	48.069008 	-3.0257122 	3.2051394
-1.1771772 	-0.05 	0.637 	48.07969 	-3.0235447 	3.2141059
-1.175976 	-0.05 	0.637 	48.090372 	-3.0213771 	3.2230723
-1.1747748 	-0.05 	0.637 	48.101054 	-3.0192096 	3.2320388
-1.1735736 	-0.05 	0.637 	48.111736 	-3.0170421 	3.2410052
-1.1723724 	-0.05 	0.637 	48.122418 	-3.0148746 	3.2499717
-1.1711712 	-0.05 	0.637 	48.1331 	-3.0127071 	3.2589382
-1.16997 	-0.05 	0.637 	48.143782 	-3.0105396 	3.2679046
-1.1687688 	-0.05 	0.637 	48.154464 	-3.0083721 	3.2768711
-1.1675676 	-0.05 	0.637 	48.165147 	-3.0062046 	3.2858375
-1.1663664 	-0.05 	0.637 	48.175829 	-3.0040371 	3.294804
-1.1651652 	-0.05 	0.637 	48.186511 	-3.0018695 	3.3037705
-1.163964 	-0.05 	0.637 	48.197193 	-2.999702 	3.3127369
-1.1627628 	-0.05 	0.637 	48.207875 	-2.9975345 	3.3217034
-1.1615616 	-0.05 	0.637 	48.218557 	-2.995367 	3.3306698
-1.1603604 	-0.05 	0.637 	48.229239 	-2.9931995 	3.3396363
-1.1591592 	-0.05 	0.637 	48.239921 	-2.991032 	3.3486028
-1.157958 	-0.05 	0.637 	48.274914 	-3.0221456 	3.3573301
-1.1567568 	-0.05 	0.637 	48.311207 	-3.0550397 	3.3660446
-1.1555556 	-0.05 	0.637 	48.347501 	-3.0879337 	3.3747591
-1.1543544 	-0.05 	0.637 	48.383795 	-3.1208278 	3.3834736
-1.1531532 	-0.05 	0.637 	48.420088 	-3.1537219 	3.3921881
-1.151952 	-0.05 	0.637 	48.456382 	-3.1866159 	3.4009026
-1.1507508 	-0.05 	0.637 	48.492675 	-3.21951 	3.4096171
-1.1495495 	-0.05 	0.637 	48.528822 	-3.2522154 	3.418897
-1.1483483 	-0.05 	0.637 	48.564965 	-3.2849167 	3.4281894
-1.1471471 	-0.05 	0.637 	48.601109 	-3.317618 	3.4374818
-1.1459459 	-0.05 	0.637 	48.637252 	-3.3503193 	3.4467742
-1.1447447 	-0.05 	0.637 	48.673396 	-3.3830206 	3.4560666
-1.1435435 	-0.05 	0.637 	48.709539 	-3.4157219 	3.4653589
-1.1423423 	-0.05 	0.637 	48.745682 	-3.4484232 	3.4746513
-1.1411411 	-0.05 	0.637 	48.781826 	-3.4811245 	3.4839437
-1.1399399 	-0.05 	0.637 	48.817969 	-3.5138258 	3.4932361
-1.1387387 	-0.05 	0.637 	48.854113 	-3.5465271 	3.5025285
-1.1375375 	-0.05 	0.637 	48.890256 	-3.5792284 	3.5118209
-1.1363363 	-0.05 	0.637 	48.9264 	-3.6119297 	3.5211133
-1.1351351 	-0.05 	0.637 	48.962543 	-3.644631 	3.5304056
-1.1339339 	-0.05 	0.637 	48.998686 	-3.6773322 	3.539698
-1.1327327 	-0.05 	0.637 	49.03483 	-3.7100335 	3.5489904
-1.1315315 	-0.05 	0.637 	49.070973 	-3.7427348 	3.5582828
-1.1303303 	-0.05 	0.637 	49.107117 	-3.7754361 	3.5675752
-1.1291291 	-0.05 	0.637 	49.14326 	-3.8081374 	3.5768676
-1.1279279 	-0.05 	0.637 	49.179403 	-3.8408387 	3.58616
-1.1267267 	-0.05 	0.637 	49.215547 	-3.87354 	3.5954523
-1.1255255 	-0.05 	0.637 	49.25169 	-3.9062413 	3.6047447
-1.1243243 	-0.05 	0.637 	49.287834 	-3.9389426 	3.6140371
-1.1231231 	-0.05 	0.637 	49.323977 	-3.9716439 	3.6233295
-1.1219219 	-0.05 	0.637 	49.360121 	-4.0043452 	3.6326219
-1.1207207 	-0.05 	0.637 	49.396264 	-4.0370465 	3.6419143
-1.1195195 	-0.05 	0.637 	49.432407 	-4.0697478 	3.6512067
-1.1183183 	-0.05 	0.637 	49.468551 	-4.1024491 	3.660499
-1.1171171 	-0.05 	0.637 	49.504694 	-4.1351504 	3.6697914
-1.1159159 	-0.05 	0.637 	49.540838 	-4.1678516 	3.6790838
-1.1147147 	-0.05 	0.637 	49.576981 	-4.2005529 	3.6883762
-1.1135135 	-0.05 	0.637 	49.613124 	-4.2332542 	3.6976686
-1.1123123 	-0.05 	0.637 	49.649268 	-4.2659555 	3.706961
-1.1111111 	-0.05 	0.637 	49.685411 	-4.2986568 	3.7162534
-1.1099099 	-0.05 	0.637 	49.721555 	-4.3313581 	3.7255457
-1.1087087 	-0.05 	0.637 	49.757698 	-4.3640594 	3.7348381
-1.1075075 	-0.05 	0.637 	49.793842 	-4.3967607 	3.7441305
-1.1063063 	-0.05 	0.637 	49.793821 	-4.4607719 	3.7544618
-1.1051051 	-0.05 	0.637 	49.792913 	-4.5255518 	3.7648186
-1.1039039 	-0.05 	0.637 	49.792005 	-4.5903317 	3.7751754
-1.1027027 	-0.05 	0.637 	49.791097 	-4.6551116 	3.7855322
-1.1015015 	-0.05 	0.637 	49.790189 	-4.7198915 	3.795889
-1.1003003 	-0.05 	0.637 	49.789281 	-4.7846714 	3.8062457
-1.0990991 	-0.05 	0.637 	49.788372 	-4.8494513 	3.8166025
-1.0978979 	-0.05 	0.637 	49.789162 	-4.9142452 	3.8264815
-1.0966967 	-0.05 	0.637 	49.80223 	-4.9791401 	3.8329057
-1.0954955 	-0.05 	0.637 	49.815298 	-5.0440349 	3.8393298
-1.0942943 	-0.05 	0.637 	49.828366 	-5.1089298 	3.845754
-1.0930931 	-0.05 	0.637 	49.841434 	-5.1738246 	3.8521781
-1.0918919 	-0.05 	0.637 	49.854502 	-5.2387195 	3.8586022
-1.0906907 	-0.05 	0.637 	49.86757 	-5.3036144 	3.8650264
-1.0894895 	-0.05 	0.637 	49.880638 	-5.3685092 	3.8714505
-1.0882883 	-0.05 	0.637 	49.901163 	-5.4139594 	3.878575
-1.0870871 	-0.05 	0.637 	49.932408 	-5.4314624 	3.8867059
-1.0858859 	-0.05 	0.637 	49.963652 	-5.4489653 	3.8948369
-1.0846847 	-0.05 	0.637 	49.994896 	-5.4664683 	3.9029679
-1.0834835 	-0.05 	0.637 	50.02614 	-5.4839712 	3.9110989
-1.0822823 	-0.05 	0.637 	50.057384 	-5.5014742 	3.9192299
-1.0810811 	-0.05 	0.637 	50.088628 	-5.5189771 	3.9273609
-1.0798799 	-0.05 	0.637 	50.119872 	-5.5364801 	3.9354919
-1.0786787 	-0.05 	0.637 	50.151116 	-5.553983 	3.9436228
-1.0774775 	-0.05 	0.637 	50.18236 	-5.571486 	3.9517538
-1.0762763 	-0.05 	0.637 	50.213604 	-5.588989 	3.9598848
-1.0750751 	-0.05 	0.637 	50.244848 	-5.6064919 	3.9680158
-1.0738739 	-0.05 	0.637 	50.276093 	-5.6239949 	3.9761468
-1.0726727 	-0.05 	0.637 	50.307337 	-5.6414978 	3.9842778
-1.0714715 	-0.05 	0.637 	50.338581 	-5.6590008 	3.9924088
-1.0702703 	-0.05 	0.637 	50.369825 	-5.6765037 	4.0005397
-1.0690691 	-0.05 	0.637 	50.401069 	-5.6940067 	4.0086707
-1.0678679 	-0.05 	0.637 	50.432313 	-5.7115096 	4.0168017
-1.0666667 	-0.05 	0.637 	50.463557 	-5.7290126 	4.0249327
-1.0654655 	-0.05 	0.637 	50.494801 	-5.7465156 	4.0330637
-1.0642643 	-0.05 	0.637 	50.526045 	-5.7640185 	4.0411947
-1.0630631 	-0.05 	0.637 	50.557289 	-5.7815215 	4.0493257
-1.0618619 	-0.05 	0.637 	50.588534 	-5.7990244 	4.0574566
-1.0606607 	-0.05 	0.637 	50.619778 	-5.8165274 	4.0655876
-1.0594595 	-0.05 	0.637 	50.651022 	-5.8340303 	4.0737186
-1.0582583 	-0.05 	0.637 	50.682266 	-5.8515333 	4.0818496
-1.0570571 	-0.05 	0.637 	50.71351 	-5.8690362 	4.0899806
-1.0558559 	-0.05 	0.637 	50.744754 	-5.8865392 	4.0981116
-1.0546547 	-0.05 	0.637 	50.775998 	-5.9040422 	4.1062426
-1.0534535 	-0.05 	0.637 	50.807242 	-5.9215451 	4.1143735
-1.0522523 	-0.05 	0.637 	50.838486 	-5.9390481 	4.1225045
-1.0510511 	-0.05 	0.637 	50.86973 	-5.956551 	4.1306355
-1.0498498 	-0.05 	0.637 	50.901038 	-5.9740949 	4.1386708
-1.0486486 	-0.05 	0.637 	50.932485 	-5.9917271 	4.1464993
-1.0474474 	-0.05 	0.637 	50.963931 	-6.0093593 	4.1543278
-1.0462462 	-0.05 	0.637 	50.995377 	-6.0269915 	4.1621563
-1.045045 	-0.05 	0.637 	51.040075 	-5.9788158 	4.1706098
-1.0438438 	-0.05 	0.637 	51.089934 	-5.9050121 	4.1793066
-1.0426426 	-0.05 	0.637 	51.139794 	-5.8312084 	4.1880035
-1.0414414 	-0.05 	0.637 	51.189653 	-5.7574047 	4.1967004
-1.0402402 	-0.05 	0.637 	51.239512 	-5.683601 	4.2053972
-1.039039 	-0.05 	0.637 	51.289372 	-5.6097973 	4.2140941
-1.0378378 	-0.05 	0.637 	51.339231 	-5.5359936 	4.2227909
-1.0366366 	-0.05 	0.637 	51.388508 	-5.4653942 	4.2315945
-1.0354354 	-0.05 	0.637 	51.436608 	-5.4012728 	4.240614
-1.0342342 	-0.05 	0.637 	51.484709 	-5.3371513 	4.2496334
-1.033033 	-0.05 	0.637 	51.532809 	-5.2730299 	4.2586528
-1.0318318 	-0.05 	0.637 	51.580909 	-5.2089084 	4.2676723
-1.0306306 	-0.05 	0.637 	51.629009 	-5.144787 	4.2766917
-1.0294294 	-0.05 	0.637 	51.677109 	-5.0806655 	4.2857111
-1.0282282 	-0.05 	0.637 	51.724792 	-5.0184493 	4.2946633
-1.027027 	-0.05 	0.637 	51.760914 	-5.0090169 	4.3017539
-1.0258258 	-0.05 	0.637 	51.797035 	-4.9995844 	4.3088445
-1.0246246 	-0.05 	0.637 	51.833157 	-4.990152 	4.315935
-1.0234234 	-0.05 	0.637 	51.869278 	-4.9807195 	4.3230256
-1.0222222 	-0.05 	0.637 	51.9054 	-4.9712871 	4.3301161
-1.021021 	-0.05 	0.637 	51.941521 	-4.9618546 	4.3372067
-1.0198198 	-0.05 	0.637 	51.977643 	-4.9524222 	4.3442973
-1.0186186 	-0.05 	0.637 	52.013764 	-4.9429897 	4.3513878
-1.0174174 	-0.05 	0.637 	52.049886 	-4.9335573 	4.3584784
-1.0162162 	-0.05 	0.637 	52.086007 	-4.9241248 	4.3655689
-1.015015 	-0.05 	0.637 	52.122129 	-4.9146924 	4.3726595
-1.0138138 	-0.05 	0.637 	52.15825 	-4.9052599 	4.3797501
-1.0126126 	-0.05 	0.637 	52.194371 	-4.8958275 	4.3868406
-1.0114114 	-0.05 	0.637 	52.230493 	-4.886395 	4.3939312
-1.0102102 	-0.05 	0.637 	52.266614 	-4.8769626 	4.4010218
-1.009009 	-0.05 	0.637 	52.302736 	-4.8675301 	4.4081123
-1.0078078 	-0.05 	0.637 	52.338857 	-4.8580977 	4.4152029
-1.0066066 	-0.05 	0.637 	52.374979 	-4.8486652 	4.4222934
-1.0054054 	-0.05 	0.637 	52.4111 	-4.8392328 	4.429384
-1.0042042 	-0.05 	0.637 	52.447222 	-4.8298003 	4.4364746
-1.003003 	-0.05 	0.637 	52.483343 	-4.8203679 	4.4435651
-1.0018018 	-0.05 	0.637 	52.519465 	-4.8109354 	4.4506557
-1.0006006 	-0.05 	0.637 	52.555586 	-4.801503 	4.4577462
-0.9993994 	-0.05 	0.637 	52.591708 	-4.7920705 	4.4648368
-0.9981982 	-0.05 	0.637 	52.627829 	-4.7826381 	4.4719274
-0.996997 	-0.05 	0.637 	52.663951 	-4.7732057 	4.4790179
-0.9957958 	-0.05 	0.637 	52.700072 	-4.7637732 	4.4861085
-0.99459459 	-0.05 	0.637 	52.736193 	-4.7543408 	4.493199
-0.99339339 	-0.05 	0.637 	52.772315 	-4.7449083 	4.5002896
-0.99219219 	-0.05 	0.637 	52.808436 	-4.7354759 	4.5073802
-0.99099099 	-0.05 	0.637 	52.844558 	-4.7260434 	4.5144707
-0.98978979 	-0.05 	0.637 	52.880679 	-4.716611 	4.5215613
-0.98858859 	-0.05 	0.637 	52.916958 	-4.7071421 	4.5285147
-0.98738739 	-0.05 	0.637 	52.953397 	-4.697636 	4.5353274
-0.98618619 	-0.05 	0.637 	52.989836 	-4.6881298 	4.5421401
-0.98498498 	-0.05 	0.637 	53.026275 	-4.6786236 	4.5489529
-0.98378378 	-0.05 	0.637 	53.067381 	-4.7034752 	4.5546648
-0.98258258 	-0.05 	0.637 	53.111357 	-4.7494565 	4.5596998
-0.98138138 	-0.05 	0.637 	53.155334 	-4.7954378 	4.5647347
-0.98018018 	-0.05 	0.637 	53.19931 	-4.8414191 	4.5697696
-0.97897898 	-0.05 	0.637 	53.243287 	-4.8874004 	4.5748046
-0.97777778 	-0.05 	0.637 	53.287263 	-4.9333817 	4.5798395
-0.97657658 	-0.05 	0.637 	53.33124 	-4.9793631 	4.5848744
-0.97537538 	-0.05 	0.637 	53.374225 	-5.0267662 	4.590079
-0.97417417 	-0.05 	0.637 	53.416211 	-5.075602 	4.5954546
-0.97297297 	-0.05 	0.637 	53.458198 	-5.1244379 	4.6008301
-0.97177177 	-0.05 	0.637 	53.500185 	-5.1732737 	4.6062057
-0.97057057 	-0.05 	0.637 	53.542171 	-5.2221095 	4.6115812
-0.96936937 	-0.05 	0.637 	53.584158 	-5.2709454 	4.6169567
-0.96816817 	-0.05 	0.637 	53.626144 	-5.3197812 	4.6223323
-0.96696697 	-0.05 	0.637 	53.66113 	-5.3509285 	4.627703
-0.96576577 	-0.05 	0.637 	53.688283 	-5.3622888 	4.6330684
-0.96456456 	-0.05 	0.637 	53.715436 	-5.3736491 	4.6384338
-0.96336336 	-0.05 	0.637 	53.742589 	-5.3850094 	4.6437991
-0.96216216 	-0.05 	0.637 	53.769592 	-5.3963012 	4.6492344
-0.96096096 	-0.05 	0.637 	53.796451 	-5.4075276 	4.6547363
-0.95975976 	-0.05 	0.637 	53.82331 	-5.418754 	4.6602382
-0.95855856 	-0.05 	0.637 	53.850169 	-5.4299805 	4.6657402
-0.95735736 	-0.05 	0.637 	53.877028 	-5.4412069 	4.6712421
-0.95615616 	-0.05 	0.637 	53.903887 	-5.4524334 	4.676744
-0.95495495 	-0.05 	0.637 	53.930746 	-5.4636598 	4.6822459
-0.95375375 	-0.05 	0.637 	53.957605 	-5.4748863 	4.6877479
-0.95255255 	-0.05 	0.637 	53.984464 	-5.4861127 	4.6932498
-0.95135135 	-0.05 	0.637 	54.011323 	-5.4973391 	4.6987517
-0.95015015 	-0.05 	0.637 	54.038183 	-5.5085656 	4.7042537
-0.94894895 	-0.05 	0.637 	54.065042 	-5.519792 	4.7097556
-0.94774775 	-0.05 	0.637 	54.091901 	-5.5310185 	4.7152575
-0.94654655 	-0.05 	0.637 	54.11876 	-5.5422449 	4.7207594
-0.94534535 	-0.05 	0.637 	54.145619 	-5.5534714 	4.7262614
-0.94414414 	-0.05 	0.637 	54.172478 	-5.5646978 	4.7317633
-0.94294294 	-0.05 	0.637 	54.199337 	-5.5759242 	4.7372652
-0.94174174 	-0.05 	0.637 	54.226196 	-5.5871507 	4.7427671
-0.94054054 	-0.05 	0.637 	54.253055 	-5.5983771 	4.7482691
-0.93933934 	-0.05 	0.637 	54.279914 	-5.6096036 	4.753771
-0.93813814 	-0.05 	0.637 	54.306773 	-5.62083 	4.7592729
-0.93693694 	-0.05 	0.637 	54.333632 	-5.6320564 	4.7647748
-0.93573574 	-0.05 	0.637 	54.360492 	-5.6432829 	4.7702768
-0.93453453 	-0.05 	0.637 	54.387351 	-5.6545093 	4.7757787
-0.93333333 	-0.05 	0.637 	54.41421 	-5.6657358 	4.7812806
-0.93213213 	-0.05 	0.637 	54.441069 	-5.6769622 	4.7867825
-0.93093093 	-0.05 	0.637 	54.467928 	-5.6881887 	4.7922845
-0.92972973 	-0.05 	0.637 	54.494787 	-5.6994151 	4.7977864
-0.92852853 	-0.05 	0.637 	54.521646 	-5.7106415 	4.8032883
-0.92732733 	-0.05 	0.637 	54.548505 	-5.721868 	4.8087902
-0.92612613 	-0.05 	0.637 	54.575364 	-5.7330944 	4.8142922
-0.92492492 	-0.05 	0.637 	54.602223 	-5.7443209 	4.8197941
-0.92372372 	-0.05 	0.637 	54.629082 	-5.7555473 	4.825296
-0.92252252 	-0.05 	0.637 	54.650172 	-5.755452 	4.8307684
-0.92132132 	-0.05 	0.637 	54.663453 	-5.7400334 	4.8362009
-0.92012012 	-0.05 	0.637 	54.676734 	-5.7246147 	4.8416333
-0.91891892 	-0.05 	0.637 	54.690015 	-5.7091961 	4.8470658
-0.91771772 	-0.05 	0.637 	54.703297 	-5.6937774 	4.8524983
-0.91651652 	-0.05 	0.637 	54.716578 	-5.6783588 	4.8579307
-0.91531532 	-0.05 	0.637 	54.729859 	-5.6629402 	4.8633632
-0.91411411 	-0.05 	0.637 	54.742523 	-5.6457308 	4.8688913
-0.91291291 	-0.05 	0.637 	54.754928 	-5.6277653 	4.8744597
-0.91171171 	-0.05 	0.637 	54.767332 	-5.6097998 	4.8800282
-0.91051051 	-0.05 	0.637 	54.779736 	-5.5918343 	4.8855967
-0.90930931 	-0.05 	0.637 	54.79214 	-5.5738688 	4.8911651
-0.90810811 	-0.05 	0.637 	54.804545 	-5.5559033 	4.8967336
-0.90690691 	-0.05 	0.637 	54.817287 	-5.5386675 	4.9022546
-0.90570571 	-0.05 	0.637 	54.836578 	-5.5355509 	4.9068571
-0.9045045 	-0.05 	0.637 	54.85587 	-5.5324343 	4.9114597
-0.9033033 	-0.05 	0.637 	54.875161 	-5.5293178 	4.9160622
-0.9021021 	-0.05 	0.637 	54.894452 	-5.5262012 	4.9206648
-0.9009009 	-0.05 	0.637 	54.913743 	-5.5230847 	4.9252673
-0.8996997 	-0.05 	0.637 	54.933034 	-5.5199681 	4.9298699
-0.8984985 	-0.05 	0.637 	54.952325 	-5.5168516 	4.9344724
-0.8972973 	-0.05 	0.637 	54.971616 	-5.513735 	4.939075
-0.8960961 	-0.05 	0.637 	54.990907 	-5.5106185 	4.9436775
-0.89489489 	-0.05 	0.637 	55.010198 	-5.5075019 	4.9482801
-0.89369369 	-0.05 	0.637 	55.029489 	-5.5043854 	4.9528826
-0.89249249 	-0.05 	0.637 	55.048781 	-5.5012688 	4.9574852
-0.89129129 	-0.05 	0.637 	55.068072 	-5.4981523 	4.9620877
-0.89009009 	-0.05 	0.637 	55.087363 	-5.4950357 	4.9666903
-0.88888889 	-0.05 	0.637 	55.106654 	-5.4919191 	4.9712928
-0.88768769 	-0.05 	0.637 	55.125945 	-5.4888026 	4.9758954
-0.88648649 	-0.05 	0.637 	55.145236 	-5.485686 	4.9804979
-0.88528529 	-0.05 	0.637 	55.164527 	-5.4825695 	4.9851005
-0.88408408 	-0.05 	0.637 	55.183818 	-5.4794529 	4.989703
-0.88288288 	-0.05 	0.637 	55.203109 	-5.4763364 	4.9943056
-0.88168168 	-0.05 	0.637 	55.2224 	-5.4732198 	4.9989081
-0.88048048 	-0.05 	0.637 	55.241692 	-5.4701033 	5.0035107
-0.87927928 	-0.05 	0.637 	55.260983 	-5.4669867 	5.0081132
-0.87807808 	-0.05 	0.637 	55.280274 	-5.4638702 	5.0127158
-0.87687688 	-0.05 	0.637 	55.299565 	-5.4607536 	5.0173183
-0.87567568 	-0.05 	0.637 	55.318856 	-5.4576371 	5.0219209
-0.87447447 	-0.05 	0.637 	55.338147 	-5.4545205 	5.0265234
-0.87327327 	-0.05 	0.637 	55.357438 	-5.4514039 	5.031126
-0.87207207 	-0.05 	0.637 	55.376729 	-5.4482874 	5.0357285
-0.87087087 	-0.05 	0.637 	55.39602 	-5.4451708 	5.0403311
-0.86966967 	-0.05 	0.637 	55.415311 	-5.4420543 	5.0449336
-0.86846847 	-0.05 	0.637 	55.434603 	-5.4389377 	5.0495361
-0.86726727 	-0.05 	0.637 	55.453894 	-5.4358212 	5.0541387
-0.86606607 	-0.05 	0.637 	55.473405 	-5.4327281 	5.0586508
-0.86486486 	-0.05 	0.637 	55.492939 	-5.4296376 	5.0631533
-0.86366366 	-0.05 	0.637 	55.512474 	-5.4265471 	5.0676557
-0.86246246 	-0.05 	0.637 	55.532009 	-5.4234566 	5.0721581
-0.86126126 	-0.05 	0.637 	55.553375 	-5.4255725 	5.0761137
-0.86006006 	-0.05 	0.637 	55.576616 	-5.4330158 	5.0795096
-0.85885886 	-0.05 	0.637 	55.599856 	-5.440459 	5.0829056
-0.85765766 	-0.05 	0.637 	55.623097 	-5.4479022 	5.0863015
-0.85645646 	-0.05 	0.637 	55.646337 	-5.4553454 	5.0896975
-0.85525526 	-0.05 	0.637 	55.669578 	-5.4627886 	5.0930935
-0.85405405 	-0.05 	0.637 	55.692818 	-5.4702318 	5.0964894
-0.85285285 	-0.05 	0.637 	55.716416 	-5.4777671 	5.1002538
-0.85165165 	-0.05 	0.637 	55.740046 	-5.4853107 	5.1040515
-0.85045045 	-0.05 	0.637 	55.763677 	-5.4928544 	5.1078491
-0.84924925 	-0.05 	0.637 	55.787307 	-5.500398 	5.1116468
-0.84804805 	-0.05 	0.637 	55.810937 	-5.5079416 	5.1154445
-0.84684685 	-0.05 	0.637 	55.834567 	-5.5154852 	5.1192421
-0.84564565 	-0.05 	0.637 	55.855848 	-5.5180242 	5.1229112
-0.84444444 	-0.05 	0.637 	55.873642 	-5.5131367 	5.1263893
-0.84324324 	-0.05 	0.637 	55.891437 	-5.5082493 	5.1298675
-0.84204204 	-0.05 	0.637 	55.909231 	-5.5033618 	5.1333456
-0.84084084 	-0.05 	0.637 	55.927025 	-5.4984743 	5.1368238
-0.83963964 	-0.05 	0.637 	55.94482 	-5.4935868 	5.1403019
-0.83843844 	-0.05 	0.637 	55.962614 	-5.4886993 	5.1437801
-0.83723724 	-0.05 	0.637 	55.980408 	-5.4838118 	5.1472583
-0.83603604 	-0.05 	0.637 	55.998202 	-5.4789243 	5.1507364
-0.83483483 	-0.05 	0.637 	56.015997 	-5.4740369 	5.1542146
-0.83363363 	-0.05 	0.637 	56.033791 	-5.4691494 	5.1576927
-0.83243243 	-0.05 	0.637 	56.051585 	-5.4642619 	5.1611709
-0.83123123 	-0.05 	0.637 	56.06938 	-5.4593744 	5.164649
-0.83003003 	-0.05 	0.637 	56.087174 	-5.4544869 	5.1681272
-0.82882883 	-0.05 	0.637 	56.104968 	-5.4495994 	5.1716054
-0.82762763 	-0.05 	0.637 	56.122762 	-5.4447119 	5.1750835
-0.82642643 	-0.05 	0.637 	56.140557 	-5.4398245 	5.1785617
-0.82522523 	-0.05 	0.637 	56.158351 	-5.434937 	5.1820398
-0.82402402 	-0.05 	0.637 	56.176145 	-5.4300495 	5.185518
-0.82282282 	-0.05 	0.637 	56.19394 	-5.425162 	5.1889961
-0.82162162 	-0.05 	0.637 	56.211734 	-5.4202745 	5.1924743
-0.82042042 	-0.05 	0.637 	56.229528 	-5.415387 	5.1959525
-0.81921922 	-0.05 	0.637 	56.247322 	-5.4104995 	5.1994306
-0.81801802 	-0.05 	0.637 	56.265117 	-5.405612 	5.2029088
-0.81681682 	-0.05 	0.637 	56.282911 	-5.4007246 	5.2063869
-0.81561562 	-0.05 	0.637 	56.300705 	-5.3958371 	5.2098651
-0.81441441 	-0.05 	0.637 	56.3185 	-5.3909496 	5.2133432
-0.81321321 	-0.05 	0.637 	56.336294 	-5.3860621 	5.2168214
-0.81201201 	-0.05 	0.637 	56.354088 	-5.3811746 	5.2202995
-0.81081081 	-0.05 	0.637 	56.371882 	-5.3762871 	5.2237777
-0.80960961 	-0.05 	0.637 	56.389677 	-5.3713996 	5.2272559
-0.80840841 	-0.05 	0.637 	56.407471 	-5.3665122 	5.230734
-0.80720721 	-0.05 	0.637 	56.425265 	-5.3616247 	5.2342122
-0.80600601 	-0.05 	0.637 	56.44309 	-5.3567399 	5.2376811
-0.8048048 	-0.05 	0.637 	56.461124 	-5.3518744 	5.241085
-0.8036036 	-0.05 	0.637 	56.479159 	-5.3470089 	5.244489
-0.8024024 	-0.05 	0.637 	56.497193 	-5.3421434 	5.247893
-0.8012012 	-0.05 	0.637 	56.515228 	-5.3372779 	5.2512969
-0.8 	-0.05 	0.637 	56.532794 	-5.328751 	5.2546283
-0.7987988 	-0.05 	0.637 	56.549567 	-5.3140269 	5.2578366
-0.7975976 	-0.05 	0.637 	56.56634 	-5.2993028 	5.261045
-0.7963964 	-0.05 	0.637 	56.583114 	-5.2845788 	5.2642534
-0.7951952 	-0.05 	0.637 	56.599887 	-5.2698547 	5.2674618
-0.79399399 	-0.05 	0.637 	56.616661 	-5.2551306 	5.2706701
-0.79279279 	-0.05 	0.637 	56.631895 	-5.2407754 	5.2738962
-0.79159159 	-0.05 	0.637 	56.637939 	-5.2286227 	5.2772281
-0.79039039 	-0.05 	0.637 	56.643984 	-5.21647 	5.28056
-0.78918919 	-0.05 	0.637 	56.650029 	-5.2043172 	5.2838919
-0.78798799 	-0.05 	0.637 	56.656074 	-5.1921645 	5.2872238
-0.78678679 	-0.05 	0.637 	56.662118 	-5.1800118 	5.2905556
-0.78558559 	-0.05 	0.637 	56.668163 	-5.167859 	5.2938875
-0.78438438 	-0.05 	0.637 	56.67852 	-5.1910775 	5.2966098
-0.78318318 	-0.05 	0.637 	56.688992 	-5.2152404 	5.2993158
-0.78198198 	-0.05 	0.637 	56.699464 	-5.2394032 	5.3020218
-0.78078078 	-0.05 	0.637 	56.709936 	-5.263566 	5.3047278
-0.77957958 	-0.05 	0.637 	56.720408 	-5.2877289 	5.3074338
-0.77837838 	-0.05 	0.637 	56.73088 	-5.3118917 	5.3101398
-0.77717718 	-0.05 	0.637 	56.741352 	-5.3360546 	5.3128458
-0.77597598 	-0.05 	0.637 	56.751824 	-5.3602174 	5.3155518
-0.77477477 	-0.05 	0.637 	56.762296 	-5.3843802 	5.3182578
-0.77357357 	-0.05 	0.637 	56.772768 	-5.4085431 	5.3209638
-0.77237237 	-0.05 	0.637 	56.78324 	-5.4327059 	5.3236698
-0.77117117 	-0.05 	0.637 	56.793711 	-5.4568688 	5.3263758
-0.76996997 	-0.05 	0.637 	56.804183 	-5.4810316 	5.3290818
-0.76876877 	-0.05 	0.637 	56.814655 	-5.5051944 	5.3317878
-0.76756757 	-0.05 	0.637 	56.825127 	-5.5293573 	5.3344938
-0.76636637 	-0.05 	0.637 	56.835599 	-5.5535201 	5.3371998
-0.76516517 	-0.05 	0.637 	56.846071 	-5.5776829 	5.3399058
-0.76396396 	-0.05 	0.637 	56.856543 	-5.6018458 	5.3426118
-0.76276276 	-0.05 	0.637 	56.867015 	-5.6260086 	5.3453178
-0.76156156 	-0.05 	0.637 	56.877487 	-5.6501715 	5.3480238
-0.76036036 	-0.05 	0.637 	56.887959 	-5.6743343 	5.3507298
-0.75915916 	-0.05 	0.637 	56.898431 	-5.6984971 	5.3534358
-0.75795796 	-0.05 	0.637 	56.908903 	-5.72266 	5.3561418
-0.75675676 	-0.05 	0.637 	56.919375 	-5.7468228 	5.3588478
-0.75555556 	-0.05 	0.637 	56.929847 	-5.7709856 	5.3615538
-0.75435435 	-0.05 	0.637 	56.940319 	-5.7951485 	5.3642598
-0.75315315 	-0.05 	0.637 	56.950791 	-5.8193113 	5.3669658
-0.75195195 	-0.05 	0.637 	56.961263 	-5.8434742 	5.3696718
-0.75075075 	-0.05 	0.637 	56.971735 	-5.867637 	5.3723778
-0.74954955 	-0.05 	0.637 	56.982207 	-5.8917998 	5.3750838
-0.74834835 	-0.05 	0.637 	56.992679 	-5.9159627 	5.3777898
-0.74714715 	-0.05 	0.637 	57.00315 	-5.9401255 	5.3804958
-0.74594595 	-0.05 	0.637 	57.013622 	-5.9642884 	5.3832018
-0.74474474 	-0.05 	0.637 	57.024146 	-5.9884789 	5.3858469
-0.74354354 	-0.05 	0.637 	57.034769 	-6.012723 	5.3883742
-0.74234234 	-0.05 	0.637 	57.045392 	-6.0369671 	5.3909014
-0.74114114 	-0.05 	0.637 	57.056015 	-6.0612113 	5.3934286
-0.73993994 	-0.05 	0.637 	57.066638 	-6.0854554 	5.3959559
-0.73873874 	-0.05 	0.637 	57.066024 	-6.1375484 	5.3981532
-0.73753754 	-0.05 	0.637 	57.050365 	-6.2269282 	5.3999088
-0.73633634 	-0.05 	0.637 	57.034706 	-6.316308 	5.4016644
-0.73513514 	-0.05 	0.637 	57.019047 	-6.4056878 	5.4034199
-0.73393393 	-0.05 	0.637 	57.003388 	-6.4950676 	5.4051755
-0.73273273 	-0.05 	0.637 	56.987729 	-6.5844474 	5.4069311
-0.73153153 	-0.05 	0.637 	56.990474 	-6.6608708 	5.4087833
-0.73033033 	-0.05 	0.637 	57.026857 	-6.7136123 	5.4108121
-0.72912913 	-0.05 	0.637 	57.06324 	-6.7663538 	5.4128409
-0.72792793 	-0.05 	0.637 	57.099623 	-6.8190952 	5.4148697
-0.72672673 	-0.05 	0.637 	57.136007 	-6.8718367 	5.4168985
-0.72552553 	-0.05 	0.637 	57.17239 	-6.9245782 	5.4189272
-0.72432432 	-0.05 	0.637 	57.205494 	-6.87714 	5.4212274
-0.72312312 	-0.05 	0.637 	57.234732 	-6.841719 	5.4235967
-0.72192192 	-0.05 	0.637 	57.26397 	-6.8062979 	5.4259659
-0.72072072 	-0.05 	0.637 	57.293208 	-6.7708769 	5.4283352
-0.71951952 	-0.05 	0.637 	57.322446 	-6.7354559 	5.4307045
-0.71831832 	-0.05 	0.637 	57.351685 	-6.7000349 	5.4330737
-0.71711712 	-0.05 	0.637 	57.380923 	-6.6646139 	5.435443
-0.71591592 	-0.05 	0.637 	57.410161 	-6.6291928 	5.4378122
-0.71471471 	-0.05 	0.637 	57.439399 	-6.5937718 	5.4401815
-0.71351351 	-0.05 	0.637 	57.468637 	-6.5583508 	5.4425508
-0.71231231 	-0.05 	0.637 	57.497875 	-6.5229298 	5.44492
-0.71111111 	-0.05 	0.637 	57.527113 	-6.4875087 	5.4472893
-0.70990991 	-0.05 	0.637 	57.556352 	-6.4520877 	5.4496585
-0.70870871 	-0.05 	0.637 	57.58559 	-6.4166667 	5.4520278
-0.70750751 	-0.05 	0.637 	57.614206 	-6.3199737 	5.454492
-0.70630631 	-0.05 	0.637 	57.642085 	-6.1508169 	5.4570684
-0.70510511 	-0.05 	0.637 	57.669965 	-5.9816601 	5.4596448
-0.7039039 	-0.05 	0.637 	57.697845 	-5.8125033 	5.4622213
-0.7027027 	-0.05 	0.637 	57.725725 	-5.6433465 	5.4647977
-0.7015015 	-0.05 	0.637 	57.753605 	-5.4741897 	5.4673742
-0.7003003 	-0.05 	0.637 	57.815825 	-5.3144646 	5.4701571
-0.6990991 	-0.05 	0.637 	57.879204 	-5.1550578 	5.4729471
-0.6978979 	-0.05 	0.637 	57.942583 	-4.995651 	5.475737
-0.6966967 	-0.05 	0.637 	58.005962 	-4.8362443 	5.4785269
-0.6954955 	-0.05 	0.637 	58.069341 	-4.6768375 	5.4813169
-0.69429429 	-0.05 	0.637 	58.121112 	-4.5817612 	5.4832195
-0.69309309 	-0.05 	0.637 	58.160125 	-4.5573906 	5.484147
-0.69189189 	-0.05 	0.637 	58.199137 	-4.53302 	5.4850744
-0.69069069 	-0.05 	0.637 	58.238149 	-4.5086494 	5.4860018
-0.68948949 	-0.05 	0.637 	58.277162 	-4.4842788 	5.4869293
-0.68828829 	-0.05 	0.637 	58.316174 	-4.4599082 	5.4878567
-0.68708709 	-0.05 	0.637 	58.355186 	-4.4355375 	5.4887842
-0.68588589 	-0.05 	0.637 	58.394199 	-4.4111669 	5.4897116
-0.68468468 	-0.05 	0.637 	58.433211 	-4.3867963 	5.4906391
-0.68348348 	-0.05 	0.637 	58.472223 	-4.3624257 	5.4915665
-0.68228228 	-0.05 	0.637 	58.511236 	-4.3380551 	5.4924939
-0.68108108 	-0.05 	0.637 	58.550248 	-4.3136845 	5.4934214
-0.67987988 	-0.05 	0.637 	58.58926 	-4.2893139 	5.4943488
-0.67867868 	-0.05 	0.637 	58.628272 	-4.2649433 	5.4952763
-0.67747748 	-0.05 	0.637 	58.671137 	-4.2538874 	5.4960901
-0.67627628 	-0.05 	0.637 	58.702918 	-4.3751191 	5.4950282
-0.67507508 	-0.05 	0.637 	58.734699 	-4.4963508 	5.4939662
-0.67387387 	-0.05 	0.637 	58.76648 	-4.6175824 	5.4929043
-0.67267267 	-0.05 	0.637 	58.798261 	-4.7388141 	5.4918424
-0.67147147 	-0.05 	0.637 	58.830042 	-4.8600458 	5.4907805
-0.67027027 	-0.05 	0.637 	58.861162 	-4.9819768 	5.4900151
-0.66906907 	-0.05 	0.637 	58.891808 	-5.1044105 	5.4894629
-0.66786787 	-0.05 	0.637 	58.922453 	-5.2268442 	5.4889107
-0.66666667 	-0.05 	0.637 	58.953099 	-5.349278 	5.4883585
-0.66546547 	-0.05 	0.637 	58.983745 	-5.4717117 	5.4878062
-0.66426426 	-0.05 	0.637 	59.013862 	-5.5823808 	5.4873059
-0.66306306 	-0.05 	0.637 	59.037237 	-5.5711224 	5.4872898
-0.66186186 	-0.05 	0.637 	59.060403 	-5.5593056 	5.4872683
-0.66066066 	-0.05 	0.637 	59.08357 	-5.5474888 	5.4872468
-0.65945946 	-0.05 	0.637 	59.106737 	-5.535672 	5.4872254
-0.65825826 	-0.05 	0.637 	59.129903 	-5.5238551 	5.4872039
-0.65705706 	-0.05 	0.637 	59.15307 	-5.5120383 	5.4871824
-0.65585586 	-0.05 	0.637 	59.176237 	-5.5002215 	5.4871609
-0.65465465 	-0.05 	0.637 	59.199403 	-5.4884047 	5.4871394
-0.65345345 	-0.05 	0.637 	59.22257 	-5.4765879 	5.487118
-0.65225225 	-0.05 	0.637 	59.245737 	-5.464771 	5.4870965
-0.65105105 	-0.05 	0.637 	59.268904 	-5.4529542 	5.487075
-0.64984985 	-0.05 	0.637 	59.29207 	-5.4411374 	5.4870535
-0.64864865 	-0.05 	0.637 	59.315237 	-5.4293206 	5.4870321
-0.64744745 	-0.05 	0.637 	59.338404 	-5.4175038 	5.4870106
-0.64624625 	-0.05 	0.637 	59.35786 	-5.3169161 	5.4873634
-0.64504505 	-0.05 	0.637 	59.375598 	-5.1752206 	5.4878895
-0.64384384 	-0.05 	0.637 	59.393336 	-5.0335251 	5.4884156
-0.64264264 	-0.05 	0.637 	59.411074 	-4.8918296 	5.4889418
-0.64144144 	-0.05 	0.637 	59.428812 	-4.7501341 	5.4894679
-0.64024024 	-0.05 	0.637 	59.446485 	-4.6084083 	5.4900959
-0.63903904 	-0.05 	0.637 	59.463887 	-4.4665542 	5.4911552
-0.63783784 	-0.05 	0.637 	59.481289 	-4.3247001 	5.4922145
-0.63663664 	-0.05 	0.637 	59.498691 	-4.1828459 	5.4932738
-0.63543544 	-0.05 	0.637 	59.516093 	-4.0409918 	5.4943331
-0.63423423 	-0.05 	0.637 	59.533495 	-3.8991377 	5.4953924
-0.63303303 	-0.05 	0.637 	59.550881 	-3.8486927 	5.4951735
-0.63183183 	-0.05 	0.637 	59.56826 	-3.8373904 	5.4944073
-0.63063063 	-0.05 	0.637 	59.585639 	-3.826088 	5.4936411
-0.62942943 	-0.05 	0.637 	59.603018 	-3.8147856 	5.4928749
-0.62822823 	-0.05 	0.637 	59.620397 	-3.8034832 	5.4921087
-0.62702703 	-0.05 	0.637 	59.637776 	-3.7921808 	5.4913425
-0.62582583 	-0.05 	0.637 	59.655155 	-3.7808784 	5.4905763
-0.62462462 	-0.05 	0.637 	59.672534 	-3.7695761 	5.4898101
-0.62342342 	-0.05 	0.637 	59.689914 	-3.7582737 	5.4890439
-0.62222222 	-0.05 	0.637 	59.707293 	-3.7469713 	5.4882778
-0.62102102 	-0.05 	0.637 	59.724672 	-3.7356689 	5.4875116
-0.61981982 	-0.05 	0.637 	59.742051 	-3.7243665 	5.4867454
-0.61861862 	-0.05 	0.637 	59.75943 	-3.7130641 	5.4859792
-0.61741742 	-0.05 	0.637 	59.776809 	-3.7017617 	5.485213
-0.61621622 	-0.05 	0.637 	59.794663 	-3.7287814 	5.4839516
-0.61501502 	-0.05 	0.637 	59.813218 	-3.8476874 	5.4814956
-0.61381381 	-0.05 	0.637 	59.831772 	-3.9665935 	5.4790396
-0.61261261 	-0.05 	0.637 	59.850326 	-4.0854996 	5.4765837
-0.61141141 	-0.05 	0.637 	59.868881 	-4.2044056 	5.4741277
-0.61021021 	-0.05 	0.637 	59.887435 	-4.3233117 	5.4716717
-0.60900901 	-0.05 	0.637 	59.906123 	-4.4428038 	5.4694659
-0.60780781 	-0.05 	0.637 	59.924845 	-4.5624394 	5.4673214
-0.60660661 	-0.05 	0.637 	59.943566 	-4.682075 	5.4651768
-0.60540541 	-0.05 	0.637 	59.962288 	-4.8017105 	5.4630322
-0.6042042 	-0.05 	0.637 	59.981009 	-4.9213461 	5.4608876
-0.603003 	-0.05 	0.637 	59.99881 	-5.0022927 	5.4589714
-0.6018018 	-0.05 	0.637 	60.014894 	-4.9975582 	5.4575498
-0.6006006 	-0.05 	0.637 	60.030978 	-4.9928237 	5.4561281
-0.5993994 	-0.05 	0.637 	60.047062 	-4.9880893 	5.4547064
-0.5981982 	-0.05 	0.637 	60.063145 	-4.9833548 	5.4532848
-0.596997 	-0.05 	0.637 	60.079229 	-4.9786203 	5.4518631
-0.5957958 	-0.05 	0.637 	60.095313 	-4.9738859 	5.4504414
-0.59459459 	-0.05 	0.637 	60.111397 	-4.9691514 	5.4490198
-0.59339339 	-0.05 	0.637 	60.127481 	-4.9644169 	5.4475981
-0.59219219 	-0.05 	0.637 	60.143565 	-4.9596825 	5.4461764
-0.59099099 	-0.05 	0.637 	60.159648 	-4.954948 	5.4447548
-0.58978979 	-0.05 	0.637 	60.175732 	-4.9502135 	5.4433331
-0.58858859 	-0.05 	0.637 	60.191816 	-4.945479 	5.4419114
-0.58738739 	-0.05 	0.637 	60.2079 	-4.9407446 	5.4404898
-0.58618619 	-0.05 	0.637 	60.223984 	-4.9360101 	5.4390681
-0.58498498 	-0.05 	0.637 	60.237131 	-4.8199048 	5.438338
-0.58378378 	-0.05 	0.637 	60.249984 	-4.6926116 	5.4376773
-0.58258258 	-0.05 	0.637 	60.262837 	-4.5653183 	5.4370166
-0.58138138 	-0.05 	0.637 	60.275689 	-4.4380251 	5.4363559
-0.58018018 	-0.05 	0.637 	60.288542 	-4.3107318 	5.4356952
-0.57897898 	-0.05 	0.637 	60.301806 	-4.1828264 	5.4351688
-0.57777778 	-0.05 	0.637 	60.315641 	-4.05407 	5.4348293
-0.57657658 	-0.05 	0.637 	60.329476 	-3.9253135 	5.4344898
-0.57537538 	-0.05 	0.637 	60.343311 	-3.7965567 	5.4341496
-0.57417417 	-0.05 	0.637 	60.357146 	-3.6677997 	5.4338093
-0.57297297 	-0.05 	0.637 	60.370982 	-3.5390428 	5.433469
-0.57177177 	-0.05 	0.637 	60.393705 	-3.5185616 	5.4315049
-0.57057057 	-0.05 	0.637 	60.416921 	-3.5040814 	5.4294507
-0.56936937 	-0.05 	0.637 	60.440137 	-3.4896012 	5.4273965
-0.56816817 	-0.05 	0.637 	60.463353 	-3.475121 	5.4253424
-0.56696697 	-0.05 	0.637 	60.486569 	-3.4606408 	5.4232882
-0.56576577 	-0.05 	0.637 	60.509785 	-3.4461606 	5.4212341
-0.56456456 	-0.05 	0.637 	60.533001 	-3.4316804 	5.4191799
-0.56336336 	-0.05 	0.637 	60.556217 	-3.4172003 	5.4171258
-0.56216216 	-0.05 	0.637 	60.579433 	-3.4027201 	5.4150716
-0.56096096 	-0.05 	0.637 	60.60265 	-3.3882399 	5.4130175
-0.55975976 	-0.05 	0.637 	60.625866 	-3.3737597 	5.4109633
-0.55855856 	-0.05 	0.637 	60.649082 	-3.3592795 	5.4089091
-0.55735736 	-0.05 	0.637 	60.672298 	-3.3447993 	5.406855
-0.55615616 	-0.05 	0.637 	60.695514 	-3.3303191 	5.4048008
-0.55495495 	-0.05 	0.637 	60.724741 	-3.3583186 	5.4020777
-0.55375375 	-0.05 	0.637 	60.762579 	-3.4480541 	5.3983757
-0.55255255 	-0.05 	0.637 	60.800418 	-3.5377896 	5.3946737
-0.55135135 	-0.05 	0.637 	60.838256 	-3.627525 	5.3909718
-0.55015015 	-0.05 	0.637 	60.876095 	-3.7172605 	5.3872698
-0.54894895 	-0.05 	0.637 	60.913867 	-3.807155 	5.383584
-0.54774775 	-0.05 	0.637 	60.949855 	-3.9013553 	5.380337
-0.54654655 	-0.05 	0.637 	60.985844 	-3.9955556 	5.3770901
-0.54534535 	-0.05 	0.637 	61.021832 	-4.0897559 	5.3738432
-0.54414414 	-0.05 	0.637 	61.05782 	-4.1839562 	5.3705962
-0.54294294 	-0.05 	0.637 	61.093808 	-4.2781565 	5.3673493
-0.54174174 	-0.05 	0.637 	61.113892 	-4.3193345 	5.3641845
-0.54054054 	-0.05 	0.637 	61.127071 	-4.3374948 	5.3610552
-0.53933934 	-0.05 	0.637 	61.14025 	-4.3556552 	5.357926
-0.53813814 	-0.05 	0.637 	61.153429 	-4.3738156 	5.3547968
-0.53693694 	-0.05 	0.637 	61.166608 	-4.391976 	5.3516675
-0.53573574 	-0.05 	0.637 	61.179787 	-4.4101364 	5.3485383
-0.53453453 	-0.05 	0.637 	61.192966 	-4.4282968 	5.3454091
-0.53333333 	-0.05 	0.637 	61.206145 	-4.4464572 	5.3422799
-0.53213213 	-0.05 	0.637 	61.219324 	-4.4646176 	5.3391506
-0.53093093 	-0.05 	0.637 	61.232503 	-4.4827779 	5.3360214
-0.52972973 	-0.05 	0.637 	61.245683 	-4.5009383 	5.3328922
-0.52852853 	-0.05 	0.637 	61.258862 	-4.5190987 	5.329763
-0.52732733 	-0.05 	0.637 	61.272041 	-4.5372591 	5.3266337
-0.52612613 	-0.05 	0.637 	61.28522 	-4.5554195 	5.3235045
-0.52492492 	-0.05 	0.637 	61.298449 	-4.5736055 	5.3203864
-0.52372372 	-0.05 	0.637 	61.289775 	-4.5330757 	5.3172869
-0.52252252 	-0.05 	0.637 	61.280862 	-4.4919131 	5.3141868
-0.52132132 	-0.05 	0.637 	61.271949 	-4.4507505 	5.3110868
-0.52012012 	-0.05 	0.637 	61.263036 	-4.4095879 	5.3079868
-0.51891892 	-0.05 	0.637 	61.254123 	-4.3684254 	5.3048868
-0.51771772 	-0.05 	0.637 	61.243941 	-4.3244915 	5.3021524
-0.51651652 	-0.05 	0.637 	61.233066 	-4.2790456 	5.2996177
-0.51531532 	-0.05 	0.637 	61.222192 	-4.2335996 	5.2970829
-0.51411411 	-0.05 	0.637 	61.211317 	-4.1881537 	5.2945481
-0.51291291 	-0.05 	0.637 	61.200443 	-4.1427078 	5.2920133
-0.51171171 	-0.05 	0.637 	61.19336 	-4.1073949 	5.289169
-0.51051051 	-0.05 	0.637 	61.194626 	-4.0943945 	5.2856431
-0.50930931 	-0.05 	0.637 	61.195892 	-4.0813941 	5.2821173
-0.50810811 	-0.05 	0.637 	61.197158 	-4.0683938 	5.2785914
-0.50690691 	-0.05 	0.637 	61.198424 	-4.0553934 	5.2750656
-0.50570571 	-0.05 	0.637 	61.19969 	-4.0423931 	5.2715397
-0.5045045 	-0.05 	0.637 	61.200956 	-4.0293927 	5.2680139
-0.5033033 	-0.05 	0.637 	61.202222 	-4.0163924 	5.264488
-0.5021021 	-0.05 	0.637 	61.203488 	-4.003392 	5.2609621
-0.5009009 	-0.05 	0.637 	61.204754 	-3.9903917 	5.2574363
-0.4996997 	-0.05 	0.637 	61.20602 	-3.9773913 	5.2539104
-0.4984985 	-0.05 	0.637 	61.207286 	-3.964391 	5.2503846
-0.4972973 	-0.05 	0.637 	61.208552 	-3.9513906 	5.2468587
-0.4960961 	-0.05 	0.637 	61.209818 	-3.9383903 	5.2433329
-0.49489489 	-0.05 	0.637 	61.211084 	-3.9253899 	5.239807
-0.49369369 	-0.05 	0.637 	61.216158 	-3.9270307 	5.2358525
-0.49249249 	-0.05 	0.637 	61.224015 	-3.9397147 	5.2315579
-0.49129129 	-0.05 	0.637 	61.231873 	-3.9523987 	5.2272634
-0.49009009 	-0.05 	0.637 	61.239731 	-3.9650827 	5.2229689
-0.48888889 	-0.05 	0.637 	61.247589 	-3.9777667 	5.2186744
-0.48768769 	-0.05 	0.637 	61.255669 	-3.9905887 	5.214458
-0.48648649 	-0.05 	0.637 	61.264379 	-4.0038009 	5.2104624
-0.48528529 	-0.05 	0.637 	61.273089 	-4.0170131 	5.2064669
-0.48408408 	-0.05 	0.637 	61.281798 	-4.0302253 	5.2024713
-0.48288288 	-0.05 	0.637 	61.290508 	-4.0434375 	5.1984757
-0.48168168 	-0.05 	0.637 	61.299218 	-4.0566497 	5.1944802
-0.48048048 	-0.05 	0.637 	61.306692 	-4.0471643 	5.1903226
-0.47927928 	-0.05 	0.637 	61.314143 	-4.0372436 	5.1861619
-0.47807808 	-0.05 	0.637 	61.321594 	-4.0273229 	5.1820013
-0.47687688 	-0.05 	0.637 	61.329044 	-4.0174023 	5.1778406
-0.47567568 	-0.05 	0.637 	61.336495 	-4.0074816 	5.1736799
-0.47447447 	-0.05 	0.637 	61.343946 	-3.9975609 	5.1695192
-0.47327327 	-0.05 	0.637 	61.351397 	-3.9876403 	5.1653586
-0.47207207 	-0.05 	0.637 	61.358848 	-3.9777196 	5.1611979
-0.47087087 	-0.05 	0.637 	61.366298 	-3.9677989 	5.1570372
-0.46966967 	-0.05 	0.637 	61.373749 	-3.9578783 	5.1528766
-0.46846847 	-0.05 	0.637 	61.3812 	-3.9479576 	5.1487159
-0.46726727 	-0.05 	0.637 	61.388651 	-3.9380369 	5.1445552
-0.46606607 	-0.05 	0.637 	61.396102 	-3.9281163 	5.1403945
-0.46486486 	-0.05 	0.637 	61.403552 	-3.9181956 	5.1362339
-0.46366366 	-0.05 	0.637 	61.411125 	-3.9059306 	5.1320787
-0.46246246 	-0.05 	0.637 	61.41893 	-3.8733624 	5.127838
-0.46126126 	-0.05 	0.637 	61.426734 	-3.8407942 	5.1235972
-0.46006006 	-0.05 	0.637 	61.434539 	-3.808226 	5.1193565
-0.45885886 	-0.05 	0.637 	61.442344 	-3.7756578 	5.1151157
-0.45765766 	-0.05 	0.637 	61.450148 	-3.7430897 	5.110875
-0.45645646 	-0.05 	0.637 	61.458061 	-3.7106713 	5.1068815
-0.45525526 	-0.05 	0.637 	61.465988 	-3.6782739 	5.1029227
-0.45405405 	-0.05 	0.637 	61.473916 	-3.6458766 	5.0989638
-0.45285285 	-0.05 	0.637 	61.481844 	-3.6134792 	5.0950049
-0.45165165 	-0.05 	0.637 	61.489772 	-3.5810818 	5.0910461
-0.45045045 	-0.05 	0.637 	61.499099 	-3.5669022 	5.0864705
-0.44924925 	-0.05 	0.637 	61.509025 	-3.5605046 	5.0816315
-0.44804805 	-0.05 	0.637 	61.518951 	-3.5541071 	5.0767926
-0.44684685 	-0.05 	0.637 	61.528876 	-3.5477095 	5.0719536
-0.44564565 	-0.05 	0.637 	61.538802 	-3.541312 	5.0671146
-0.44444444 	-0.05 	0.637 	61.548728 	-3.5349144 	5.0622757
-0.44324324 	-0.05 	0.637 	61.558653 	-3.5285168 	5.0574367
-0.44204204 	-0.05 	0.637 	61.568579 	-3.5221193 	5.0525977
-0.44084084 	-0.05 	0.637 	61.578505 	-3.5157217 	5.0477587
-0.43963964 	-0.05 	0.637 	61.58843 	-3.5093242 	5.0429198
-0.43843844 	-0.05 	0.637 	61.598356 	-3.5029266 	5.0380808
-0.43723724 	-0.05 	0.637 	61.608282 	-3.496529 	5.0332418
-0.43603604 	-0.05 	0.637 	61.618207 	-3.4901315 	5.0284028
-0.43483483 	-0.05 	0.637 	61.628133 	-3.4837339 	5.0235639
-0.43363363 	-0.05 	0.637 	61.638059 	-3.4773364 	5.0187249
-0.43243243 	-0.05 	0.637 	61.649998 	-3.4850425 	5.0134383
-0.43123123 	-0.05 	0.637 	61.663083 	-3.5025609 	5.0078085
-0.43003003 	-0.05 	0.637 	61.676168 	-3.5200793 	5.0021788
-0.42882883 	-0.05 	0.637 	61.689254 	-3.5375977 	4.9965491
-0.42762763 	-0.05 	0.637 	61.702339 	-3.5551162 	4.9909194
-0.42642643 	-0.05 	0.637 	61.715576 	-3.5727183 	4.9854079
-0.42522523 	-0.05 	0.637 	61.728968 	-3.5904055 	4.9800164
-0.42402402 	-0.05 	0.637 	61.74236 	-3.6080927 	4.9746249
-0.42282282 	-0.05 	0.637 	61.755752 	-3.6257799 	4.9692334
-0.42162162 	-0.05 	0.637 	61.769144 	-3.6434671 	4.9638419
-0.42042042 	-0.05 	0.637 	61.782776 	-3.6517166 	4.9583256
-0.41921922 	-0.05 	0.637 	61.79673 	-3.6472532 	4.9526414
-0.41801802 	-0.05 	0.637 	61.810685 	-3.6427899 	4.9469571
-0.41681682 	-0.05 	0.637 	61.824639 	-3.6383265 	4.9412729
-0.41561562 	-0.05 	0.637 	61.838593 	-3.6338632 	4.9355886
-0.41441441 	-0.05 	0.637 	61.852548 	-3.6293998 	4.9299044
-0.41321321 	-0.05 	0.637 	61.866502 	-3.6249365 	4.9242201
-0.41201201 	-0.05 	0.637 	61.880457 	-3.6204731 	4.9185358
-0.41081081 	-0.05 	0.637 	61.894411 	-3.6160098 	4.9128516
-0.40960961 	-0.05 	0.637 	61.908365 	-3.6115464 	4.9071673
-0.40840841 	-0.05 	0.637 	61.92232 	-3.6070831 	4.9014831
-0.40720721 	-0.05 	0.637 	61.936274 	-3.6026197 	4.8957988
-0.40600601 	-0.05 	0.637 	61.950228 	-3.5981564 	4.8901146
-0.4048048 	-0.05 	0.637 	61.964183 	-3.593693 	4.8844303
-0.4036036 	-0.05 	0.637 	61.978137 	-3.5892297 	4.8787461
-0.4024024 	-0.05 	0.637 	61.992987 	-3.5802989 	4.8730188
-0.4012012 	-0.05 	0.637 	62.010725 	-3.5521482 	4.8669736
-0.4 	-0.05 	0.637 	62.028463 	-3.5239974 	4.8609284
-0.3987988 	-0.05 	0.637 	62.046202 	-3.4958466 	4.8548832
-0.3975976 	-0.05 	0.637 	62.06394 	-3.4676958 	4.848838
-0.3963964 	-0.05 	0.637 	62.081585 	-3.4397222 	4.8428425
-0.3951952 	-0.05 	0.637 	62.098483 	-3.4131759 	4.8372471
-0.39399399 	-0.05 	0.637 	62.115381 	-3.3866296 	4.8316517
-0.39279279 	-0.05 	0.637 	62.132279 	-3.3600834 	4.8260563
-0.39159159 	-0.05 	0.637 	62.149178 	-3.3335371 	4.8204609
-0.39039039 	-0.05 	0.637 	62.165738 	-3.308224 	4.8148274
-0.38918919 	-0.05 	0.637 	62.173202 	-3.3161552 	4.8081675
-0.38798799 	-0.05 	0.637 	62.180665 	-3.3240863 	4.8015076
-0.38678679 	-0.05 	0.637 	62.188128 	-3.3320174 	4.7948477
-0.38558559 	-0.05 	0.637 	62.195591 	-3.3399486 	4.7881878
-0.38438438 	-0.05 	0.637 	62.203054 	-3.3478797 	4.7815278
-0.38318318 	-0.05 	0.637 	62.210517 	-3.3558109 	4.7748679
-0.38198198 	-0.05 	0.637 	62.217981 	-3.363742 	4.768208
-0.38078078 	-0.05 	0.637 	62.225444 	-3.3716732 	4.7615481
-0.37957958 	-0.05 	0.637 	62.232907 	-3.3796043 	4.7548882
-0.37837838 	-0.05 	0.637 	62.24037 	-3.3875354 	4.7482283
-0.37717718 	-0.05 	0.637 	62.247833 	-3.3954666 	4.7415684
-0.37597598 	-0.05 	0.637 	62.255297 	-3.4033977 	4.7349085
-0.37477477 	-0.05 	0.637 	62.26276 	-3.4113289 	4.7282486
-0.37357357 	-0.05 	0.637 	62.270223 	-3.41926 	4.7215887
-0.37237237 	-0.05 	0.637 	62.277766 	-3.4272185 	4.714953
-0.37117117 	-0.05 	0.637 	62.275743 	-3.468114 	4.7074811
-0.36996997 	-0.05 	0.637 	62.270911 	-3.5183642 	4.699746
-0.36876877 	-0.05 	0.637 	62.26608 	-3.5686143 	4.6920108
-0.36756757 	-0.05 	0.637 	62.261248 	-3.6188644 	4.6842757
-0.36636637 	-0.05 	0.637 	62.256416 	-3.6691146 	4.6765406
-0.36516517 	-0.05 	0.637 	62.251891 	-3.7168008 	4.6691728
-0.36396396 	-0.05 	0.637 	62.247482 	-3.7635151 	4.6619443
-0.36276276 	-0.05 	0.637 	62.243073 	-3.8102293 	4.6547158
-0.36156156 	-0.05 	0.637 	62.238663 	-3.8569436 	4.6474872
-0.36036036 	-0.05 	0.637 	62.234254 	-3.9036579 	4.6402587
-0.35915916 	-0.05 	0.637 	62.238409 	-3.9029885 	4.6330314
-0.35795796 	-0.05 	0.637 	62.246288 	-3.881718 	4.6258046
-0.35675676 	-0.05 	0.637 	62.254167 	-3.8604475 	4.6185778
-0.35555556 	-0.05 	0.637 	62.262045 	-3.839177 	4.611351
-0.35435435 	-0.05 	0.637 	62.269924 	-3.8179065 	4.6041242
-0.35315315 	-0.05 	0.637 	62.277802 	-3.7966361 	4.5968974
-0.35195195 	-0.05 	0.637 	62.285681 	-3.7753656 	4.5896706
-0.35075075 	-0.05 	0.637 	62.29356 	-3.7540951 	4.5824438
-0.34954955 	-0.05 	0.637 	62.301438 	-3.7328246 	4.575217
-0.34834835 	-0.05 	0.637 	62.309317 	-3.7115541 	4.5679903
-0.34714715 	-0.05 	0.637 	62.317195 	-3.6902836 	4.5607635
-0.34594595 	-0.05 	0.637 	62.325074 	-3.6690131 	4.5535367
-0.34474474 	-0.05 	0.637 	62.332953 	-3.6477426 	4.5463099
-0.34354354 	-0.05 	0.637 	62.340831 	-3.6264721 	4.5390831
-0.34234234 	-0.05 	0.637 	62.34871 	-3.6052016 	4.5318563
-0.34114114 	-0.05 	0.637 	62.359616 	-3.5598042 	4.5248337
-0.33993994 	-0.05 	0.637 	62.376335 	-3.4630545 	4.5180526
-0.33873874 	-0.05 	0.637 	62.393055 	-3.3663048 	4.5112716
-0.33753754 	-0.05 	0.637 	62.409775 	-3.269555 	4.5044906
-0.33633634 	-0.05 	0.637 	62.426494 	-3.1728053 	4.4977096
-0.33513514 	-0.05 	0.637 	62.443693 	-3.076465 	4.490975
-0.33393393 	-0.05 	0.637 	62.46181 	-2.9809078 	4.4843292
-0.33273273 	-0.05 	0.637 	62.479926 	-2.8853506 	4.4776835
-0.33153153 	-0.05 	0.637 	62.498043 	-2.7897933 	4.4710378
-0.33033033 	-0.05 	0.637 	62.516159 	-2.6942361 	4.464392
-0.32912913 	-0.05 	0.637 	62.533062 	-2.6328142 	4.4570099
-0.32792793 	-0.05 	0.637 	62.548235 	-2.6199802 	4.4485795
-0.32672673 	-0.05 	0.637 	62.563409 	-2.6071463 	4.4401491
-0.32552553 	-0.05 	0.637 	62.578583 	-2.5943124 	4.4317187
-0.32432432 	-0.05 	0.637 	62.593757 	-2.5814784 	4.4232883
-0.32312312 	-0.05 	0.637 	62.608931 	-2.5686445 	4.4148579
-0.32192192 	-0.05 	0.637 	62.624105 	-2.5558106 	4.4064275
-0.32072072 	-0.05 	0.637 	62.639279 	-2.5429766 	4.3979972
-0.31951952 	-0.05 	0.637 	62.654453 	-2.5301427 	4.3895668
-0.31831832 	-0.05 	0.637 	62.669627 	-2.5173087 	4.3811364
-0.31711712 	-0.05 	0.637 	62.684801 	-2.5044748 	4.372706
-0.31591592 	-0.05 	0.637 	62.699974 	-2.4916409 	4.3642756
-0.31471471 	-0.05 	0.637 	62.715148 	-2.4788069 	4.3558452
-0.31351351 	-0.05 	0.637 	62.730322 	-2.465973 	4.3474148
-0.31231231 	-0.05 	0.637 	62.745496 	-2.4531391 	4.3389845
-0.31111111 	-0.05 	0.637 	62.760923 	-2.440248 	4.3306501
-0.30990991 	-0.05 	0.637 	62.77705 	-2.4943314 	4.3209728
-0.30870871 	-0.05 	0.637 	62.793269 	-2.5640648 	4.3109546
-0.30750751 	-0.05 	0.637 	62.809487 	-2.6337983 	4.3009365
-0.30630631 	-0.05 	0.637 	62.825706 	-2.7035317 	4.2909183
-0.30510511 	-0.05 	0.637 	62.841924 	-2.7732652 	4.2809002
-0.3039039 	-0.05 	0.637 	62.857925 	-2.8439337 	4.2712149
-0.3027027 	-0.05 	0.637 	62.873918 	-2.9146391 	4.2615427
-0.3015015 	-0.05 	0.637 	62.889911 	-2.9853445 	4.2518705
-0.3003003 	-0.05 	0.637 	62.905904 	-3.0560499 	4.2421984
-0.2990991 	-0.05 	0.637 	62.921832 	-3.116511 	4.2325361
-0.2978979 	-0.05 	0.637 	62.937351 	-3.1124901 	4.222936
-0.2966967 	-0.05 	0.637 	62.95287 	-3.1084691 	4.213336
-0.2954955 	-0.05 	0.637 	62.968389 	-3.1044482 	4.2037359
-0.29429429 	-0.05 	0.637 	62.983908 	-3.1004272 	4.1941358
-0.29309309 	-0.05 	0.637 	62.999427 	-3.0964062 	4.1845358
-0.29189189 	-0.05 	0.637 	63.014946 	-3.0923853 	4.1749357
-0.29069069 	-0.05 	0.637 	63.030465 	-3.0883643 	4.1653357
-0.28948949 	-0.05 	0.637 	63.045984 	-3.0843433 	4.1557356
-0.28828829 	-0.05 	0.637 	63.061503 	-3.0803224 	4.1461356
-0.28708709 	-0.05 	0.637 	63.077022 	-3.0763014 	4.1365355
-0.28588589 	-0.05 	0.637 	63.092541 	-3.0722804 	4.1269355
-0.28468468 	-0.05 	0.637 	63.10806 	-3.0682595 	4.1173354
-0.28348348 	-0.05 	0.637 	63.123579 	-3.0642385 	4.1077353
-0.28228228 	-0.05 	0.637 	63.139098 	-3.0602176 	4.0981353
-0.28108108 	-0.05 	0.637 	63.154655 	-3.0561928 	4.0885545
-0.27987988 	-0.05 	0.637 	63.170843 	-3.0220318 	4.0792846
-0.27867868 	-0.05 	0.637 	63.187191 	-2.9433026 	4.0700817
-0.27747748 	-0.05 	0.637 	63.203538 	-2.8645735 	4.0608788
-0.27627628 	-0.05 	0.637 	63.219885 	-2.7858443 	4.0516759
-0.27507508 	-0.05 	0.637 	63.236233 	-2.7071151 	4.042473
-0.27387387 	-0.05 	0.637 	63.252833 	-2.6281632 	4.0334582
-0.27267267 	-0.05 	0.637 	63.269618 	-2.5490475 	4.0245817
-0.27147147 	-0.05 	0.637 	63.286404 	-2.4699317 	4.0157052
-0.27027027 	-0.05 	0.637 	63.30319 	-2.3908159 	4.0068287
-0.26906907 	-0.05 	0.637 	63.319975 	-2.3117001 	3.9979521
-0.26786787 	-0.05 	0.637 	63.342643 	-2.2871357 	3.9876314
-0.26666667 	-0.05 	0.637 	63.367215 	-2.280225 	3.9768434
-0.26546547 	-0.05 	0.637 	63.391787 	-2.2733142 	3.9660553
-0.26426426 	-0.05 	0.637 	63.416359 	-2.2664034 	3.9552672
-0.26306306 	-0.05 	0.637 	63.440931 	-2.2594927 	3.9444792
-0.26186186 	-0.05 	0.637 	63.465503 	-2.2525819 	3.9336911
-0.26066066 	-0.05 	0.637 	63.490075 	-2.2456712 	3.922903
-0.25945946 	-0.05 	0.637 	63.514647 	-2.2387604 	3.9121149
-0.25825826 	-0.05 	0.637 	63.539219 	-2.2318497 	3.9013269
-0.25705706 	-0.05 	0.637 	63.563791 	-2.2249389 	3.8905388
-0.25585586 	-0.05 	0.637 	63.588363 	-2.2180282 	3.8797507
-0.25465465 	-0.05 	0.637 	63.612935 	-2.2111174 	3.8689627
-0.25345345 	-0.05 	0.637 	63.637507 	-2.2042066 	3.8581746
-0.25225225 	-0.05 	0.637 	63.662078 	-2.1972959 	3.8473865
-0.25105105 	-0.05 	0.637 	63.68665 	-2.1903851 	3.8365985
-0.24984985 	-0.05 	0.637 	63.71167 	-2.1833859 	3.8260531
-0.24864865 	-0.05 	0.637 	63.74686 	-2.241594 	3.813935
-0.24744745 	-0.05 	0.637 	63.782148 	-2.3004382 	3.8018005
-0.24624625 	-0.05 	0.637 	63.817435 	-2.3592824 	3.7896661
-0.24504505 	-0.05 	0.637 	63.852722 	-2.4181265 	3.7775316
-0.24384384 	-0.05 	0.637 	63.887674 	-2.4773649 	3.7654083
-0.24264264 	-0.05 	0.637 	63.921225 	-2.5382459 	3.7533315
-0.24144144 	-0.05 	0.637 	63.954777 	-2.599127 	3.7412546
-0.24024024 	-0.05 	0.637 	63.988328 	-2.660008 	3.7291778
-0.23903904 	-0.05 	0.637 	64.02188 	-2.7208891 	3.717101
-0.23783784 	-0.05 	0.637 	64.048745 	-2.7576804 	3.7048987
-0.23663664 	-0.05 	0.637 	64.066425 	-2.7613828 	3.6925238
-0.23543544 	-0.05 	0.637 	64.084105 	-2.7650852 	3.680149
-0.23423423 	-0.05 	0.637 	64.101785 	-2.7687876 	3.6677742
-0.23303303 	-0.05 	0.637 	64.119465 	-2.7724899 	3.6553994
-0.23183183 	-0.05 	0.637 	64.137144 	-2.7761923 	3.6430245
-0.23063063 	-0.05 	0.637 	64.154824 	-2.7798947 	3.6306497
-0.22942943 	-0.05 	0.637 	64.172504 	-2.7835971 	3.6182749
-0.22822823 	-0.05 	0.637 	64.190184 	-2.7872994 	3.6059001
-0.22702703 	-0.05 	0.637 	64.207864 	-2.7910018 	3.5935252
-0.22582583 	-0.05 	0.637 	64.225544 	-2.7947042 	3.5811504
-0.22462462 	-0.05 	0.637 	64.243224 	-2.7984066 	3.5687756
-0.22342342 	-0.05 	0.637 	64.260904 	-2.8021089 	3.5564008
-0.22222222 	-0.05 	0.637 	64.278584 	-2.8058113 	3.5440259
-0.22102102 	-0.05 	0.637 	64.296264 	-2.8095137 	3.5316511
-0.21981982 	-0.05 	0.637 	64.314121 	-2.8132265 	3.5194223
-0.21861862 	-0.05 	0.637 	64.322979 	-2.7939067 	3.5073547
-0.21741742 	-0.05 	0.637 	64.323268 	-2.7535971 	3.4951236
-0.21621622 	-0.05 	0.637 	64.323557 	-2.7132874 	3.4828924
-0.21501502 	-0.05 	0.637 	64.323846 	-2.6729778 	3.4706613
-0.21381381 	-0.05 	0.637 	64.324134 	-2.6326682 	3.4584302
-0.21261261 	-0.05 	0.637 	64.323216 	-2.5894733 	3.4462813
-0.21141141 	-0.05 	0.637 	64.322015 	-2.5456014 	3.4341516
-0.21021021 	-0.05 	0.637 	64.320813 	-2.5017296 	3.422022
-0.20900901 	-0.05 	0.637 	64.319612 	-2.4578577 	3.4098924
-0.20780781 	-0.05 	0.637 	64.319848 	-2.4172327 	3.3976033
-0.20660661 	-0.05 	0.637 	64.329073 	-2.3969016 	3.3843178
-0.20540541 	-0.05 	0.637 	64.338298 	-2.3765705 	3.3710323
-0.2042042 	-0.05 	0.637 	64.347523 	-2.3562394 	3.3577467
-0.203003 	-0.05 	0.637 	64.356748 	-2.3359083 	3.3444612
-0.2018018 	-0.05 	0.637 	64.365973 	-2.3155772 	3.3311757
-0.2006006 	-0.05 	0.637 	64.375198 	-2.295246 	3.3178902
-0.1993994 	-0.05 	0.637 	64.384423 	-2.2749149 	3.3046047
-0.1981982 	-0.05 	0.637 	64.393648 	-2.2545838 	3.2913191
-0.196997 	-0.05 	0.637 	64.402873 	-2.2342527 	3.2780336
-0.1957958 	-0.05 	0.637 	64.412098 	-2.2139216 	3.2647481
-0.19459459 	-0.05 	0.637 	64.421323 	-2.1935905 	3.2514626
-0.19339339 	-0.05 	0.637 	64.430548 	-2.1732593 	3.2381771
-0.19219219 	-0.05 	0.637 	64.439773 	-2.1529282 	3.2248915
-0.19099099 	-0.05 	0.637 	64.448997 	-2.1325971 	3.211606
-0.18978979 	-0.05 	0.637 	64.458222 	-2.112266 	3.1983205
-0.18858859 	-0.05 	0.637 	64.468058 	-2.0920199 	3.1854957
-0.18738739 	-0.05 	0.637 	64.484518 	-2.0887573 	3.1717809
-0.18618619 	-0.05 	0.637 	64.500978 	-2.0854947 	3.1580661
-0.18498498 	-0.05 	0.637 	64.517438 	-2.0822321 	3.1443513
-0.18378378 	-0.05 	0.637 	64.533898 	-2.0789695 	3.1306365
-0.18258258 	-0.05 	0.637 	64.550782 	-2.0761529 	3.1169367
-0.18138138 	-0.05 	0.637 	64.568239 	-2.0739365 	3.1032571
-0.18018018 	-0.05 	0.637 	64.585695 	-2.0717201 	3.0895775
-0.17897898 	-0.05 	0.637 	64.603151 	-2.0695037 	3.0758979
-0.17777778 	-0.05 	0.637 	64.620607 	-2.0672872 	3.0622183
-0.17657658 	-0.05 	0.637 	64.640429 	-2.0577803 	3.0477718
-0.17537538 	-0.05 	0.637 	64.660648 	-2.0470489 	3.0331965
-0.17417417 	-0.05 	0.637 	64.680868 	-2.0363174 	3.0186212
-0.17297297 	-0.05 	0.637 	64.701087 	-2.025586 	3.0040459
-0.17177177 	-0.05 	0.637 	64.721307 	-2.0148545 	2.9894706
-0.17057057 	-0.05 	0.637 	64.741527 	-2.0041231 	2.9748953
-0.16936937 	-0.05 	0.637 	64.761746 	-1.9933916 	2.9603199
-0.16816817 	-0.05 	0.637 	64.781966 	-1.9826602 	2.9457446
-0.16696697 	-0.05 	0.637 	64.802185 	-1.9719287 	2.9311693
-0.16576577 	-0.05 	0.637 	64.822405 	-1.9611973 	2.916594
-0.16456456 	-0.05 	0.637 	64.842624 	-1.9504658 	2.9020187
-0.16336336 	-0.05 	0.637 	64.862844 	-1.9397344 	2.8874434
-0.16216216 	-0.05 	0.637 	64.883063 	-1.9290029 	2.8728681
-0.16096096 	-0.05 	0.637 	64.903283 	-1.9182715 	2.8582928
-0.15975976 	-0.05 	0.637 	64.923502 	-1.90754 	2.8437175
-0.15855856 	-0.05 	0.637 	64.944061 	-1.8967068 	2.829458
-0.15735736 	-0.05 	0.637 	64.966674 	-1.8794715 	2.814964
-0.15615616 	-0.05 	0.637 	64.990396 	-1.8582509 	2.8001468
-0.15495495 	-0.05 	0.637 	65.014119 	-1.8370303 	2.7853296
-0.15375375 	-0.05 	0.637 	65.037841 	-1.8158097 	2.7705124
-0.15255255 	-0.05 	0.637 	65.061575 	-1.7945455 	2.7557017
-0.15135135 	-0.05 	0.637 	65.085576 	-1.7722747 	2.7410399
-0.15015015 	-0.05 	0.637 	65.109578 	-1.7500038 	2.726378
-0.14894895 	-0.05 	0.637 	65.133579 	-1.7277329 	2.7117162
-0.14774775 	-0.05 	0.637 	65.157581 	-1.705462 	2.6970544
-0.14654655 	-0.05 	0.637 	65.184078 	-1.6838024 	2.6817736
-0.14534535 	-0.05 	0.637 	65.213298 	-1.6628102 	2.6658168
-0.14414414 	-0.05 	0.637 	65.242519 	-1.641818 	2.6498601
-0.14294294 	-0.05 	0.637 	65.271739 	-1.6208258 	2.6339033
-0.14174174 	-0.05 	0.637 	65.30096 	-1.5998336 	2.6179466
-0.14054054 	-0.05 	0.637 	65.33018 	-1.5788413 	2.6019898
-0.13933934 	-0.05 	0.637 	65.359401 	-1.5578491 	2.5860331
-0.13813814 	-0.05 	0.637 	65.388621 	-1.5368569 	2.5700763
-0.13693694 	-0.05 	0.637 	65.417842 	-1.5158647 	2.5541196
-0.13573574 	-0.05 	0.637 	65.447062 	-1.4948725 	2.5381629
-0.13453453 	-0.05 	0.637 	65.476283 	-1.4738803 	2.5222061
-0.13333333 	-0.05 	0.637 	65.505504 	-1.4528881 	2.5062494
-0.13213213 	-0.05 	0.637 	65.534724 	-1.4318959 	2.4902926
-0.13093093 	-0.05 	0.637 	65.563945 	-1.4109037 	2.4743359
-0.12972973 	-0.05 	0.637 	65.593165 	-1.3899114 	2.4583791
-0.12852853 	-0.05 	0.637 	65.622489 	-1.3688698 	2.4425219
-0.12732733 	-0.05 	0.637 	65.652719 	-1.3473702 	2.4270609
-0.12612613 	-0.05 	0.637 	65.684269 	-1.3251239 	2.4107934
-0.12492492 	-0.05 	0.637 	65.715818 	-1.3028776 	2.3945259
-0.12372372 	-0.05 	0.637 	65.747368 	-1.2806312 	2.3782584
-0.12252252 	-0.05 	0.637 	65.778917 	-1.2583849 	2.3619909
-0.12132132 	-0.05 	0.637 	65.810413 	-1.2354213 	2.3457095
-0.12012012 	-0.05 	0.637 	65.84188 	-1.2120808 	2.3294207
-0.11891892 	-0.05 	0.637 	65.873347 	-1.1887402 	2.313132
-0.11771772 	-0.05 	0.637 	65.904814 	-1.1653996 	2.2968432
-0.11651652 	-0.05 	0.637 	65.93693 	-1.1407732 	2.2803562
-0.11531532 	-0.05 	0.637 	65.972583 	-1.1091407 	2.2627889
-0.11411411 	-0.05 	0.637 	66.008237 	-1.0775081 	2.2452215
-0.11291291 	-0.05 	0.637 	66.04389 	-1.0458755 	2.2276542
-0.11171171 	-0.05 	0.637 	66.079543 	-1.014243 	2.2100868
-0.11051051 	-0.05 	0.637 	66.115196 	-0.98261042 	2.1925194
-0.10930931 	-0.05 	0.637 	66.15085 	-0.95097785 	2.1749521
-0.10810811 	-0.05 	0.637 	66.186503 	-0.91934529 	2.1573847
-0.10690691 	-0.05 	0.637 	66.222156 	-0.88771273 	2.1398174
-0.10570571 	-0.05 	0.637 	66.257809 	-0.85608017 	2.12225
-0.1045045 	-0.05 	0.637 	66.293463 	-0.82444761 	2.1046827
-0.1033033 	-0.05 	0.637 	66.329116 	-0.79281504 	2.0871153
-0.1021021 	-0.05 	0.637 	66.364769 	-0.76118248 	2.0695479
-0.1009009 	-0.05 	0.637 	66.400422 	-0.72954992 	2.0519806
-0.0996997 	-0.05 	0.637 	66.436075 	-0.69791736 	2.0344132
-0.098498498 	-0.05 	0.637 	66.471729 	-0.66628479 	2.0168459
-0.097297297 	-0.05 	0.637 	66.507893 	-0.63414153 	1.9998867
-0.096096096 	-0.05 	0.637 	66.542438 	-0.5961988 	1.9824866
-0.094894895 	-0.05 	0.637 	66.576179 	-0.55571351 	1.9648004
-0.093693694 	-0.05 	0.637 	66.60992 	-0.51522822 	1.9471141
-0.092492492 	-0.05 	0.637 	66.643661 	-0.47474293 	1.9294278
-0.091291291 	-0.05 	0.637 	66.677115 	-0.43343264 	1.9116905
-0.09009009 	-0.05 	0.637 	66.709785 	-0.38985675 	1.893813
-0.088888889 	-0.05 	0.637 	66.742454 	-0.34628087 	1.8759355
-0.087687688 	-0.05 	0.637 	66.775123 	-0.30270499 	1.858058
-0.086486486 	-0.05 	0.637 	66.807793 	-0.2591291 	1.8401805
-0.085285285 	-0.05 	0.637 	66.846027 	-0.19816963 	1.8214294
-0.084084084 	-0.05 	0.637 	66.884909 	-0.13518834 	1.8025768
-0.082882883 	-0.05 	0.637 	66.923791 	-0.072207053 	1.7837242
-0.081681682 	-0.05 	0.637 	66.962673 	-0.009225763 	1.7648716
-0.08048048 	-0.05 	0.637 	67.001555 	0.053755527 	1.7460189
-0.079279279 	-0.05 	0.637 	67.040437 	0.11673682 	1.7271663
-0.078078078 	-0.05 	0.637 	67.079319 	0.17971811 	1.7083137
-0.076876877 	-0.05 	0.637 	67.1182 	0.2426994 	1.6894611
-0.075675676 	-0.05 	0.637 	67.157082 	0.30568069 	1.6706085
-0.074474474 	-0.05 	0.637 	67.195964 	0.36866198 	1.6517558
-0.073273273 	-0.05 	0.637 	67.234846 	0.43164327 	1.6329032
-0.072072072 	-0.05 	0.637 	67.273728 	0.49462456 	1.6140506
-0.070870871 	-0.05 	0.637 	67.31261 	0.55760585 	1.595198
-0.06966967 	-0.05 	0.637 	67.351491 	0.62058714 	1.5763453
-0.068468468 	-0.05 	0.637 	67.390373 	0.68356843 	1.5574927
-0.067267267 	-0.05 	0.637 	67.429482 	0.7469241 	1.538986
-0.066066066 	-0.05 	0.637 	67.467008 	0.81293721 	1.5210279
-0.064864865 	-0.05 	0.637 	67.491646 	0.89220207 	1.5028135
-0.063663664 	-0.05 	0.637 	67.516283 	0.97146694 	1.4845991
-0.062462462 	-0.05 	0.637 	67.54092 	1.0507318 	1.4663847
-0.061261261 	-0.05 	0.637 	67.565558 	1.1299967 	1.4481703
-0.06006006 	-0.05 	0.637 	67.582017 	1.2185043 	1.4298372
-0.058858859 	-0.05 	0.637 	67.597347 	1.3082871 	1.4114878
-0.057657658 	-0.05 	0.637 	67.612678 	1.3980699 	1.3931383
-0.056456456 	-0.05 	0.637 	67.628008 	1.4878527 	1.3747889
-0.055255255 	-0.05 	0.637 	67.633282 	1.62234 	1.3554885
-0.054054054 	-0.05 	0.637 	67.630351 	1.7933049 	1.3354122
-0.052852853 	-0.05 	0.637 	67.62742 	1.9642698 	1.3153359
-0.051651652 	-0.05 	0.637 	67.624488 	2.1352347 	1.2952597
-0.05045045 	-0.05 	0.637 	67.621557 	2.3061996 	1.2751834
-0.049249249 	-0.05 	0.637 	67.618626 	2.4771645 	1.2551071
-0.048048048 	-0.05 	0.637 	67.615694 	2.6481293 	1.2350309
-0.046846847 	-0.05 	0.637 	67.612763 	2.8190942 	1.2149546
-0.045645646 	-0.05 	0.637 	67.609831 	2.9900591 	1.1948783
-0.044444444 	-0.05 	0.637 	67.6069 	3.161024 	1.174802
-0.043243243 	-0.05 	0.637 	67.603969 	3.3319889 	1.1547258
-0.042042042 	-0.05 	0.637 	67.601037 	3.5029538 	1.1346495
-0.040840841 	-0.05 	0.637 	67.598106 	3.6739187 	1.1145732
-0.03963964 	-0.05 	0.637 	67.595175 	3.8448836 	1.0944969
-0.038438438 	-0.05 	0.637 	67.592243 	4.0158485 	1.0744207
-0.037237237 	-0.05 	0.637 	67.589312 	4.1868134 	1.0543444
-0.036036036 	-0.05 	0.637 	67.583098 	4.361653 	1.0352486
-0.034834835 	-0.05 	0.637 	67.538241 	4.5932658 	1.0160044
-0.033633634 	-0.05 	0.637 	67.493385 	4.8248786 	0.99676032
-0.032432432 	-0.05 	0.637 	67.448528 	5.0564914 	0.9775162
-0.031231231 	-0.05 	0.637 	67.403671 	5.2881042 	0.95827208
-0.03003003 	-0.05 	0.637 	67.329365 	5.5239731 	0.93874759
-0.028828829 	-0.05 	0.637 	67.212948 	5.765928 	0.91882219
-0.027627628 	-0.05 	0.637 	67.096531 	6.0078828 	0.89889679
-0.026426426 	-0.05 	0.637 	66.980114 	6.2498377 	0.87897139
-0.025225225 	-0.05 	0.637 	66.863698 	6.4917925 	0.859046
-0.024024024 	-0.05 	0.637 	66.747281 	6.7337473 	0.8391206
-0.022822823 	-0.05 	0.637 	66.649193 	6.8495309 	0.82212771
-0.021621622 	-0.05 	0.637 	66.55319 	6.9509566 	0.80546853
-0.02042042 	-0.05 	0.637 	66.500688 	7.1521567 	0.78625983
-0.019219219 	-0.05 	0.637 	66.449803 	7.3570643 	0.76695639
-0.018018018 	-0.05 	0.637 	66.398918 	7.5619719 	0.74765296
-0.016816817 	-0.05 	0.637 	66.348033 	7.7668795 	0.72834952
-0.015615616 	-0.05 	0.637 	66.297148 	7.9717871 	0.70904608
-0.014414414 	-0.05 	0.637 	66.246263 	8.1766947 	0.68974265
-0.013213213 	-0.05 	0.637 	66.195378 	8.3816023 	0.67043921
-0.012012012 	-0.05 	0.637 	66.107445 	8.483371 	0.65151692
-0.010810811 	-0.05 	0.637 	65.939427 	8.3621885 	0.63341855
-0.0096096096 	-0.05 	0.637 	65.77141 	8.241006 	0.61532018
-0.0084084084 	-0.05 	0.637 	65.603392 	8.1198234 	0.59722181
-0.0072072072 	-0.05 	0.637 	65.435375 	7.9986409 	0.57912344
-0.006006006 	-0.05 	0.637 	65.308909 	7.9050656 	0.56250884
-0.0048048048 	-0.05 	0.637 	65.231249 	7.8439175 	0.54763707
-0.0036036036 	-0.05 	0.637 	65.153589 	7.7827694 	0.5327653
-0.0024024024 	-0.05 	0.637 	65.075929 	7.7216213 	0.51789353
-0.0012012012 	-0.05 	0.637 	64.998269 	7.6604732 	0.50302175
-7.9671296e-15 	-0.05 	0.637 	64.920609 	7.599325 	0.48814998
