-1.2 	-0.05 	0.728 	48.680559 	-2.744967 	3.4786192
-1.1987988 	-0.05 	0.728 	48.692363 	-2.744142 	3.4910977
-1.1975976 	-0.05 	0.728 	48.704167 	-2.7433171 	3.5035763
-1.1963964 	-0.05 	0.728 	48.715971 	-2.7424921 	3.5160548
-1.1951952 	-0.05 	0.728 	48.727774 	-2.7416672 	3.5285333
-1.193994 	-0.05 	0.728 	48.739578 	-2.7408422 	3.5410118
-1.1927928 	-0.05 	0.728 	48.751382 	-2.7400173 	3.5534903
-1.1915916 	-0.05 	0.728 	48.763185 	-2.7391923 	3.5659688
-1.1903904 	-0.05 	0.728 	48.774989 	-2.7383673 	3.5784473
-1.1891892 	-0.05 	0.728 	48.786793 	-2.7375424 	3.5909258
-1.187988 	-0.05 	0.728 	48.798596 	-2.7367174 	3.6034043
-1.1867868 	-0.05 	0.728 	48.8104 	-2.7358925 	3.6158828
-1.1855856 	-0.05 	0.728 	48.822204 	-2.7350675 	3.6283613
-1.1843844 	-0.05 	0.728 	48.834007 	-2.7342426 	3.6408398
-1.1831832 	-0.05 	0.728 	48.845811 	-2.7334176 	3.6533183
-1.181982 	-0.05 	0.728 	48.857615 	-2.7325926 	3.6657968
-1.1807808 	-0.05 	0.728 	48.869418 	-2.7317677 	3.6782753
-1.1795796 	-0.05 	0.728 	48.881222 	-2.7309427 	3.6907538
-1.1783784 	-0.05 	0.728 	48.893026 	-2.7301178 	3.7032323
-1.1771772 	-0.05 	0.728 	48.904644 	-2.7294759 	3.7157988
-1.175976 	-0.05 	0.728 	48.915378 	-2.7297055 	3.728784
-1.1747748 	-0.05 	0.728 	48.926112 	-2.7299351 	3.7417692
-1.1735736 	-0.05 	0.728 	48.936847 	-2.7301647 	3.7547544
-1.1723724 	-0.05 	0.728 	48.947581 	-2.7303943 	3.7677396
-1.1711712 	-0.05 	0.728 	48.958315 	-2.7306239 	3.7807247
-1.16997 	-0.05 	0.728 	48.96905 	-2.7308535 	3.7937099
-1.1687688 	-0.05 	0.728 	48.979784 	-2.7310831 	3.8066951
-1.1675676 	-0.05 	0.728 	48.990519 	-2.7313127 	3.8196803
-1.1663664 	-0.05 	0.728 	49.001253 	-2.7315423 	3.8326655
-1.1651652 	-0.05 	0.728 	49.011987 	-2.7317719 	3.8456507
-1.163964 	-0.05 	0.728 	49.022722 	-2.7320015 	3.8586359
-1.1627628 	-0.05 	0.728 	49.033456 	-2.732231 	3.8716211
-1.1615616 	-0.05 	0.728 	49.04419 	-2.7324606 	3.8846063
-1.1603604 	-0.05 	0.728 	49.054925 	-2.7326902 	3.8975915
-1.1591592 	-0.05 	0.728 	49.065659 	-2.7329198 	3.9105767
-1.157958 	-0.05 	0.728 	49.098704 	-2.7622716 	3.9256827
-1.1567568 	-0.05 	0.728 	49.132943 	-2.7931812 	3.9409021
-1.1555556 	-0.05 	0.728 	49.167182 	-2.8240909 	3.9561215
-1.1543544 	-0.05 	0.728 	49.201421 	-2.8550006 	3.9713409
-1.1531532 	-0.05 	0.728 	49.235659 	-2.8859103 	3.9865604
-1.151952 	-0.05 	0.728 	49.269898 	-2.91682 	4.0017798
-1.1507508 	-0.05 	0.728 	49.304137 	-2.9477297 	4.0169992
-1.1495495 	-0.05 	0.728 	49.338376 	-2.9786394 	4.0322186
-1.1483483 	-0.05 	0.728 	49.372615 	-3.0095491 	4.0474381
-1.1471471 	-0.05 	0.728 	49.406853 	-3.0404587 	4.0626575
-1.1459459 	-0.05 	0.728 	49.441092 	-3.0713684 	4.0778769
-1.1447447 	-0.05 	0.728 	49.475331 	-3.1022781 	4.0930963
-1.1435435 	-0.05 	0.728 	49.50957 	-3.1331878 	4.1083158
-1.1423423 	-0.05 	0.728 	49.543809 	-3.1640975 	4.1235352
-1.1411411 	-0.05 	0.728 	49.578047 	-3.1950072 	4.1387546
-1.1399399 	-0.05 	0.728 	49.612286 	-3.2259169 	4.153974
-1.1387387 	-0.05 	0.728 	49.646525 	-3.2568265 	4.1691935
-1.1375375 	-0.05 	0.728 	49.680764 	-3.2877362 	4.1844129
-1.1363363 	-0.05 	0.728 	49.715003 	-3.3186459 	4.1996323
-1.1351351 	-0.05 	0.728 	49.749241 	-3.3495556 	4.2148517
-1.1339339 	-0.05 	0.728 	49.78348 	-3.3804653 	4.2300712
-1.1327327 	-0.05 	0.728 	49.817719 	-3.411375 	4.2452906
-1.1315315 	-0.05 	0.728 	49.851958 	-3.4422847 	4.26051
-1.1303303 	-0.05 	0.728 	49.886197 	-3.4731944 	4.2757294
-1.1291291 	-0.05 	0.728 	49.920435 	-3.504104 	4.2909488
-1.1279279 	-0.05 	0.728 	49.954674 	-3.5350137 	4.3061683
-1.1267267 	-0.05 	0.728 	49.988913 	-3.5659234 	4.3213877
-1.1255255 	-0.05 	0.728 	50.023387 	-3.5967206 	4.3369123
-1.1243243 	-0.05 	0.728 	50.058158 	-3.6273758 	4.3528218
-1.1231231 	-0.05 	0.728 	50.092928 	-3.658031 	4.3687314
-1.1219219 	-0.05 	0.728 	50.127699 	-3.6886862 	4.3846409
-1.1207207 	-0.05 	0.728 	50.16247 	-3.7193414 	4.4005505
-1.1195195 	-0.05 	0.728 	50.197241 	-3.7499966 	4.41646
-1.1183183 	-0.05 	0.728 	50.232011 	-3.7806518 	4.4323695
-1.1171171 	-0.05 	0.728 	50.266782 	-3.811307 	4.4482791
-1.1159159 	-0.05 	0.728 	50.301553 	-3.8419622 	4.4641886
-1.1147147 	-0.05 	0.728 	50.336323 	-3.8726174 	4.4800981
-1.1135135 	-0.05 	0.728 	50.371094 	-3.9032726 	4.4960077
-1.1123123 	-0.05 	0.728 	50.405865 	-3.9339278 	4.5119172
-1.1111111 	-0.05 	0.728 	50.440636 	-3.964583 	4.5278268
-1.1099099 	-0.05 	0.728 	50.475406 	-3.9952383 	4.5437363
-1.1087087 	-0.05 	0.728 	50.510177 	-4.0258935 	4.5596458
-1.1075075 	-0.05 	0.728 	50.544948 	-4.0565487 	4.5755554
-1.1063063 	-0.05 	0.728 	50.548132 	-4.1130565 	4.5958645
-1.1051051 	-0.05 	0.728 	50.55054 	-4.1701992 	4.6162817
-1.1039039 	-0.05 	0.728 	50.552948 	-4.2273418 	4.6366989
-1.1027027 	-0.05 	0.728 	50.555357 	-4.2844845 	4.6571161
-1.1015015 	-0.05 	0.728 	50.557765 	-4.3416271 	4.6775333
-1.1003003 	-0.05 	0.728 	50.560174 	-4.3987698 	4.6979505
-1.0990991 	-0.05 	0.728 	50.562582 	-4.4559124 	4.7183676
-1.0978979 	-0.05 	0.728 	50.566519 	-4.5130201 	4.7371167
-1.0966967 	-0.05 	0.728 	50.581513 	-4.5698751 	4.7438032
-1.0954955 	-0.05 	0.728 	50.596506 	-4.6267302 	4.7504898
-1.0942943 	-0.05 	0.728 	50.611499 	-4.6835852 	4.7571764
-1.0930931 	-0.05 	0.728 	50.626492 	-4.7404403 	4.763863
-1.0918919 	-0.05 	0.728 	50.641486 	-4.7972953 	4.7705495
-1.0906907 	-0.05 	0.728 	50.656479 	-4.8541504 	4.7772361
-1.0894895 	-0.05 	0.728 	50.671472 	-4.9110054 	4.7839227
-1.0882883 	-0.05 	0.728 	50.692342 	-4.9508569 	4.7919512
-1.0870871 	-0.05 	0.728 	50.721659 	-4.9662698 	4.8019085
-1.0858859 	-0.05 	0.728 	50.750976 	-4.9816826 	4.8118657
-1.0846847 	-0.05 	0.728 	50.780293 	-4.9970954 	4.821823
-1.0834835 	-0.05 	0.728 	50.80961 	-5.0125083 	4.8317803
-1.0822823 	-0.05 	0.728 	50.838926 	-5.0279211 	4.8417375
-1.0810811 	-0.05 	0.728 	50.868243 	-5.043334 	4.8516948
-1.0798799 	-0.05 	0.728 	50.89756 	-5.0587468 	4.8616521
-1.0786787 	-0.05 	0.728 	50.926877 	-5.0741596 	4.8716094
-1.0774775 	-0.05 	0.728 	50.956194 	-5.0895725 	4.8815666
-1.0762763 	-0.05 	0.728 	50.98551 	-5.1049853 	4.8915239
-1.0750751 	-0.05 	0.728 	51.014827 	-5.1203982 	4.9014812
-1.0738739 	-0.05 	0.728 	51.04439 	-5.1361751 	4.9111434
-1.0726727 	-0.05 	0.728 	51.07402 	-5.1520513 	4.9207252
-1.0714715 	-0.05 	0.728 	51.103649 	-5.1679275 	4.930307
-1.0702703 	-0.05 	0.728 	51.133279 	-5.1838037 	4.9398888
-1.0690691 	-0.05 	0.728 	51.162909 	-5.1996799 	4.9494705
-1.0678679 	-0.05 	0.728 	51.192538 	-5.2155562 	4.9590523
-1.0666667 	-0.05 	0.728 	51.222168 	-5.2314324 	4.9686341
-1.0654655 	-0.05 	0.728 	51.251798 	-5.2473086 	4.9782159
-1.0642643 	-0.05 	0.728 	51.281427 	-5.2631848 	4.9877977
-1.0630631 	-0.05 	0.728 	51.311057 	-5.279061 	4.9973795
-1.0618619 	-0.05 	0.728 	51.340687 	-5.2949372 	5.0069613
-1.0606607 	-0.05 	0.728 	51.370316 	-5.3108134 	5.0165431
-1.0594595 	-0.05 	0.728 	51.399946 	-5.3266896 	5.0261249
-1.0582583 	-0.05 	0.728 	51.429576 	-5.3425658 	5.0357067
-1.0570571 	-0.05 	0.728 	51.459206 	-5.358442 	5.0452885
-1.0558559 	-0.05 	0.728 	51.488835 	-5.3743182 	5.0548703
-1.0546547 	-0.05 	0.728 	51.518465 	-5.3901944 	5.0644521
-1.0534535 	-0.05 	0.728 	51.548095 	-5.4060706 	5.0740339
-1.0522523 	-0.05 	0.728 	51.577724 	-5.4219468 	5.0836157
-1.0510511 	-0.05 	0.728 	51.607354 	-5.437823 	5.0931975
-1.0498498 	-0.05 	0.728 	51.636984 	-5.4536992 	5.1027793
-1.0486486 	-0.05 	0.728 	51.666613 	-5.4695754 	5.1123611
-1.0474474 	-0.05 	0.728 	51.696243 	-5.4854516 	5.1219428
-1.0462462 	-0.05 	0.728 	51.725873 	-5.5013278 	5.1315246
-1.045045 	-0.05 	0.728 	51.766373 	-5.4589441 	5.1453898
-1.0438438 	-0.05 	0.728 	51.811108 	-5.3938718 	5.1609231
-1.0426426 	-0.05 	0.728 	51.855842 	-5.3287995 	5.1764564
-1.0414414 	-0.05 	0.728 	51.900576 	-5.2637272 	5.1919897
-1.0402402 	-0.05 	0.728 	51.94531 	-5.1986549 	5.207523
-1.039039 	-0.05 	0.728 	51.990044 	-5.1335825 	5.2230563
-1.0378378 	-0.05 	0.728 	52.034779 	-5.0685102 	5.2385895
-1.0366366 	-0.05 	0.728 	52.079209 	-5.0061878 	5.2535898
-1.0354354 	-0.05 	0.728 	52.123026 	-4.9494246 	5.2675123
-1.0342342 	-0.05 	0.728 	52.166842 	-4.8926614 	5.2814348
-1.033033 	-0.05 	0.728 	52.210659 	-4.8358982 	5.2953574
-1.0318318 	-0.05 	0.728 	52.254476 	-4.779135 	5.3092799
-1.0306306 	-0.05 	0.728 	52.298292 	-4.7223718 	5.3232024
-1.0294294 	-0.05 	0.728 	52.342109 	-4.6656086 	5.337125
-1.0282282 	-0.05 	0.728 	52.385561 	-4.6105618 	5.3509135
-1.027027 	-0.05 	0.728 	52.418903 	-4.6030645 	5.3609912
-1.0258258 	-0.05 	0.728 	52.452246 	-4.5955672 	5.3710688
-1.0246246 	-0.05 	0.728 	52.485588 	-4.5880699 	5.3811465
-1.0234234 	-0.05 	0.728 	52.518931 	-4.5805726 	5.3912241
-1.0222222 	-0.05 	0.728 	52.552273 	-4.5730754 	5.4013017
-1.021021 	-0.05 	0.728 	52.585616 	-4.5655781 	5.4113794
-1.0198198 	-0.05 	0.728 	52.618958 	-4.5580808 	5.421457
-1.0186186 	-0.05 	0.728 	52.652301 	-4.5505835 	5.4315347
-1.0174174 	-0.05 	0.728 	52.685643 	-4.5430862 	5.4416123
-1.0162162 	-0.05 	0.728 	52.718986 	-4.5355889 	5.4516899
-1.015015 	-0.05 	0.728 	52.752329 	-4.5280916 	5.4617676
-1.0138138 	-0.05 	0.728 	52.785671 	-4.5205944 	5.4718452
-1.0126126 	-0.05 	0.728 	52.819456 	-4.512758 	5.4814625
-1.0114114 	-0.05 	0.728 	52.853251 	-4.5049149 	5.4910705
-1.0102102 	-0.05 	0.728 	52.887045 	-4.4970718 	5.5006785
-1.009009 	-0.05 	0.728 	52.920839 	-4.4892287 	5.5102865
-1.0078078 	-0.05 	0.728 	52.954634 	-4.4813856 	5.5198945
-1.0066066 	-0.05 	0.728 	52.988428 	-4.4735425 	5.5295026
-1.0054054 	-0.05 	0.728 	53.022222 	-4.4656994 	5.5391106
-1.0042042 	-0.05 	0.728 	53.056017 	-4.4578563 	5.5487186
-1.003003 	-0.05 	0.728 	53.089811 	-4.4500132 	5.5583266
-1.0018018 	-0.05 	0.728 	53.123605 	-4.4421701 	5.5679347
-1.0006006 	-0.05 	0.728 	53.157399 	-4.434327 	5.5775427
-0.9993994 	-0.05 	0.728 	53.191194 	-4.4264839 	5.5871507
-0.9981982 	-0.05 	0.728 	53.224988 	-4.4186408 	5.5967587
-0.996997 	-0.05 	0.728 	53.258782 	-4.4107977 	5.6063668
-0.9957958 	-0.05 	0.728 	53.292577 	-4.4029546 	5.6159748
-0.99459459 	-0.05 	0.728 	53.326371 	-4.3951115 	5.6255828
-0.99339339 	-0.05 	0.728 	53.360165 	-4.3872684 	5.6351908
-0.99219219 	-0.05 	0.728 	53.393959 	-4.3794252 	5.6447989
-0.99099099 	-0.05 	0.728 	53.427754 	-4.3715821 	5.6544069
-0.98978979 	-0.05 	0.728 	53.461548 	-4.363739 	5.6640149
-0.98858859 	-0.05 	0.728 	53.495342 	-4.3558959 	5.6736229
-0.98738739 	-0.05 	0.728 	53.529137 	-4.3480528 	5.683231
-0.98618619 	-0.05 	0.728 	53.562931 	-4.3402097 	5.692839
-0.98498498 	-0.05 	0.728 	53.596725 	-4.3323666 	5.702447
-0.98378378 	-0.05 	0.728 	53.634564 	-4.3550382 	5.7103633
-0.98258258 	-0.05 	0.728 	53.67489 	-4.396476 	5.7172391
-0.98138138 	-0.05 	0.728 	53.715216 	-4.4379139 	5.7241149
-0.98018018 	-0.05 	0.728 	53.755543 	-4.4793518 	5.7309908
-0.97897898 	-0.05 	0.728 	53.795869 	-4.5207897 	5.7378666
-0.97777778 	-0.05 	0.728 	53.836195 	-4.5622276 	5.7447424
-0.97657658 	-0.05 	0.728 	53.876521 	-4.6036655 	5.7516183
-0.97537538 	-0.05 	0.728 	53.91547 	-4.6465173 	5.7575686
-0.97417417 	-0.05 	0.728 	53.953032 	-4.6907938 	5.7625864
-0.97297297 	-0.05 	0.728 	53.990595 	-4.7350704 	5.7676042
-0.97177177 	-0.05 	0.728 	54.028157 	-4.7793469 	5.772622
-0.97057057 	-0.05 	0.728 	54.065719 	-4.8236234 	5.7776398
-0.96936937 	-0.05 	0.728 	54.103281 	-4.8679 	5.7826576
-0.96816817 	-0.05 	0.728 	54.140843 	-4.9121765 	5.7876754
-0.96696697 	-0.05 	0.728 	54.172104 	-4.9405221 	5.7933336
-0.96576577 	-0.05 	0.728 	54.196315 	-4.9510466 	5.7997081
-0.96456456 	-0.05 	0.728 	54.220527 	-4.9615712 	5.8060827
-0.96336336 	-0.05 	0.728 	54.244739 	-4.9720958 	5.8124573
-0.96216216 	-0.05 	0.728 	54.268951 	-4.9826204 	5.8188319
-0.96096096 	-0.05 	0.728 	54.293163 	-4.993145 	5.8252064
-0.95975976 	-0.05 	0.728 	54.317374 	-5.0036696 	5.831581
-0.95855856 	-0.05 	0.728 	54.341586 	-5.0141942 	5.8379556
-0.95735736 	-0.05 	0.728 	54.365798 	-5.0247188 	5.8443302
-0.95615616 	-0.05 	0.728 	54.39001 	-5.0352433 	5.8507047
-0.95495495 	-0.05 	0.728 	54.414222 	-5.0457679 	5.8570793
-0.95375375 	-0.05 	0.728 	54.438433 	-5.0562925 	5.8634539
-0.95255255 	-0.05 	0.728 	54.462645 	-5.0668171 	5.8698285
-0.95135135 	-0.05 	0.728 	54.486857 	-5.0773417 	5.876203
-0.95015015 	-0.05 	0.728 	54.511069 	-5.0878663 	5.8825776
-0.94894895 	-0.05 	0.728 	54.535281 	-5.0983909 	5.8889522
-0.94774775 	-0.05 	0.728 	54.559493 	-5.1089154 	5.8953268
-0.94654655 	-0.05 	0.728 	54.583704 	-5.11944 	5.9017013
-0.94534535 	-0.05 	0.728 	54.607916 	-5.1299646 	5.9080759
-0.94414414 	-0.05 	0.728 	54.632128 	-5.1404892 	5.9144505
-0.94294294 	-0.05 	0.728 	54.65634 	-5.1510138 	5.9208251
-0.94174174 	-0.05 	0.728 	54.680552 	-5.1615384 	5.9271996
-0.94054054 	-0.05 	0.728 	54.704763 	-5.172063 	5.9335742
-0.93933934 	-0.05 	0.728 	54.728975 	-5.1825876 	5.9399488
-0.93813814 	-0.05 	0.728 	54.753165 	-5.1931085 	5.9463296
-0.93693694 	-0.05 	0.728 	54.77683 	-5.2035435 	5.9528585
-0.93573574 	-0.05 	0.728 	54.800496 	-5.2139784 	5.9593873
-0.93453453 	-0.05 	0.728 	54.824161 	-5.2244134 	5.9659161
-0.93333333 	-0.05 	0.728 	54.847826 	-5.2348483 	5.9724449
-0.93213213 	-0.05 	0.728 	54.871492 	-5.2452833 	5.9789737
-0.93093093 	-0.05 	0.728 	54.895157 	-5.2557183 	5.9855026
-0.92972973 	-0.05 	0.728 	54.918823 	-5.2661532 	5.9920314
-0.92852853 	-0.05 	0.728 	54.942488 	-5.2765882 	5.9985602
-0.92732733 	-0.05 	0.728 	54.966153 	-5.2870231 	6.005089
-0.92612613 	-0.05 	0.728 	54.989819 	-5.2974581 	6.0116178
-0.92492492 	-0.05 	0.728 	55.013484 	-5.3078931 	6.0181467
-0.92372372 	-0.05 	0.728 	55.03715 	-5.318328 	6.0246755
-0.92252252 	-0.05 	0.728 	55.055648 	-5.3185514 	6.0318212
-0.92132132 	-0.05 	0.728 	55.067153 	-5.3049538 	6.0398019
-0.92012012 	-0.05 	0.728 	55.078659 	-5.2913563 	6.0477826
-0.91891892 	-0.05 	0.728 	55.090164 	-5.2777588 	6.0557632
-0.91771772 	-0.05 	0.728 	55.101669 	-5.2641613 	6.0637439
-0.91651652 	-0.05 	0.728 	55.113174 	-5.2505637 	6.0717246
-0.91531532 	-0.05 	0.728 	55.12468 	-5.2369662 	6.0797053
-0.91411411 	-0.05 	0.728 	55.135349 	-5.2223609 	6.0860888
-0.91291291 	-0.05 	0.728 	55.145665 	-5.2073299 	6.0917979
-0.91171171 	-0.05 	0.728 	55.155981 	-5.192299 	6.097507
-0.91051051 	-0.05 	0.728 	55.166297 	-5.177268 	6.1032161
-0.90930931 	-0.05 	0.728 	55.176614 	-5.1622371 	6.1089252
-0.90810811 	-0.05 	0.728 	55.18693 	-5.1472061 	6.1146343
-0.90690691 	-0.05 	0.728 	55.197553 	-5.132844 	6.1201583
-0.90570571 	-0.05 	0.728 	55.214115 	-5.1314241 	6.1221017
-0.9045045 	-0.05 	0.728 	55.230678 	-5.1300042 	6.1240451
-0.9033033 	-0.05 	0.728 	55.24724 	-5.1285842 	6.1259885
-0.9021021 	-0.05 	0.728 	55.263802 	-5.1271643 	6.1279319
-0.9009009 	-0.05 	0.728 	55.280365 	-5.1257444 	6.1298753
-0.8996997 	-0.05 	0.728 	55.296927 	-5.1243245 	6.1318187
-0.8984985 	-0.05 	0.728 	55.31349 	-5.1229045 	6.1337621
-0.8972973 	-0.05 	0.728 	55.330052 	-5.1214846 	6.1357055
-0.8960961 	-0.05 	0.728 	55.346614 	-5.1200647 	6.1376489
-0.89489489 	-0.05 	0.728 	55.363177 	-5.1186448 	6.1395923
-0.89369369 	-0.05 	0.728 	55.379739 	-5.1172248 	6.1415357
-0.89249249 	-0.05 	0.728 	55.396301 	-5.1158049 	6.1434791
-0.89129129 	-0.05 	0.728 	55.413074 	-5.1141088 	6.1458197
-0.89009009 	-0.05 	0.728 	55.430206 	-5.1119421 	6.1488372
-0.88888889 	-0.05 	0.728 	55.447337 	-5.1097753 	6.1518548
-0.88768769 	-0.05 	0.728 	55.464469 	-5.1076086 	6.1548723
-0.88648649 	-0.05 	0.728 	55.481601 	-5.1054419 	6.1578898
-0.88528529 	-0.05 	0.728 	55.498732 	-5.1032751 	6.1609073
-0.88408408 	-0.05 	0.728 	55.515864 	-5.1011084 	6.1639249
-0.88288288 	-0.05 	0.728 	55.532996 	-5.0989417 	6.1669424
-0.88168168 	-0.05 	0.728 	55.550127 	-5.0967749 	6.1699599
-0.88048048 	-0.05 	0.728 	55.567259 	-5.0946082 	6.1729775
-0.87927928 	-0.05 	0.728 	55.584391 	-5.0924415 	6.175995
-0.87807808 	-0.05 	0.728 	55.601522 	-5.0902747 	6.1790125
-0.87687688 	-0.05 	0.728 	55.618654 	-5.088108 	6.18203
-0.87567568 	-0.05 	0.728 	55.635786 	-5.0859413 	6.1850476
-0.87447447 	-0.05 	0.728 	55.652917 	-5.0837745 	6.1880651
-0.87327327 	-0.05 	0.728 	55.670049 	-5.0816078 	6.1910826
-0.87207207 	-0.05 	0.728 	55.68718 	-5.0794411 	6.1941001
-0.87087087 	-0.05 	0.728 	55.704312 	-5.0772744 	6.1971177
-0.86966967 	-0.05 	0.728 	55.721444 	-5.0751076 	6.2001352
-0.86846847 	-0.05 	0.728 	55.738575 	-5.0729409 	6.2031527
-0.86726727 	-0.05 	0.728 	55.755707 	-5.0707742 	6.2061702
-0.86606607 	-0.05 	0.728 	55.772839 	-5.0686074 	6.2091878
-0.86486486 	-0.05 	0.728 	55.78997 	-5.0664407 	6.2122053
-0.86366366 	-0.05 	0.728 	55.807102 	-5.064274 	6.2152228
-0.86246246 	-0.05 	0.728 	55.824234 	-5.0621072 	6.2182404
-0.86126126 	-0.05 	0.728 	55.843546 	-5.0650397 	6.2209812
-0.86006006 	-0.05 	0.728 	55.865091 	-5.0731896 	6.2234389
-0.85885886 	-0.05 	0.728 	55.886635 	-5.0813394 	6.2258967
-0.85765766 	-0.05 	0.728 	55.90818 	-5.0894893 	6.2283544
-0.85645646 	-0.05 	0.728 	55.929725 	-5.0976392 	6.2308122
-0.85525526 	-0.05 	0.728 	55.951269 	-5.1057891 	6.2332699
-0.85405405 	-0.05 	0.728 	55.972814 	-5.113939 	6.2357277
-0.85285285 	-0.05 	0.728 	55.994304 	-5.1242874 	6.2369675
-0.85165165 	-0.05 	0.728 	56.01579 	-5.1348347 	6.2380971
-0.85045045 	-0.05 	0.728 	56.037275 	-5.1453819 	6.2392268
-0.84924925 	-0.05 	0.728 	56.058761 	-5.1559292 	6.2403564
-0.84804805 	-0.05 	0.728 	56.080247 	-5.1664764 	6.2414861
-0.84684685 	-0.05 	0.728 	56.101732 	-5.1770237 	6.2426157
-0.84564565 	-0.05 	0.728 	56.121791 	-5.182816 	6.2419405
-0.84444444 	-0.05 	0.728 	56.139734 	-5.1815525 	6.2385869
-0.84324324 	-0.05 	0.728 	56.157676 	-5.180289 	6.2352333
-0.84204204 	-0.05 	0.728 	56.175619 	-5.1790255 	6.2318797
-0.84084084 	-0.05 	0.728 	56.193561 	-5.177762 	6.2285261
-0.83963964 	-0.05 	0.728 	56.211503 	-5.1764985 	6.2251726
-0.83843844 	-0.05 	0.728 	56.229446 	-5.1752351 	6.221819
-0.83723724 	-0.05 	0.728 	56.247388 	-5.1739716 	6.2184654
-0.83603604 	-0.05 	0.728 	56.265331 	-5.1727081 	6.2151118
-0.83483483 	-0.05 	0.728 	56.283273 	-5.1714446 	6.2117582
-0.83363363 	-0.05 	0.728 	56.301216 	-5.1701811 	6.2084046
-0.83243243 	-0.05 	0.728 	56.319158 	-5.1689176 	6.205051
-0.83123123 	-0.05 	0.728 	56.3371 	-5.1676541 	6.2016975
-0.83003003 	-0.05 	0.728 	56.354791 	-5.165408 	6.2001462
-0.82882883 	-0.05 	0.728 	56.372304 	-5.1624707 	6.1998628
-0.82762763 	-0.05 	0.728 	56.389817 	-5.1595334 	6.1995794
-0.82642643 	-0.05 	0.728 	56.40733 	-5.1565962 	6.199296
-0.82522523 	-0.05 	0.728 	56.424843 	-5.1536589 	6.1990125
-0.82402402 	-0.05 	0.728 	56.442357 	-5.1507216 	6.1987291
-0.82282282 	-0.05 	0.728 	56.45987 	-5.1477844 	6.1984457
-0.82162162 	-0.05 	0.728 	56.477383 	-5.1448471 	6.1981623
-0.82042042 	-0.05 	0.728 	56.494896 	-5.1419098 	6.1978789
-0.81921922 	-0.05 	0.728 	56.512409 	-5.1389726 	6.1975954
-0.81801802 	-0.05 	0.728 	56.529922 	-5.1360353 	6.197312
-0.81681682 	-0.05 	0.728 	56.547436 	-5.1330981 	6.1970286
-0.81561562 	-0.05 	0.728 	56.564949 	-5.1301608 	6.1967452
-0.81441441 	-0.05 	0.728 	56.582462 	-5.1272235 	6.1964617
-0.81321321 	-0.05 	0.728 	56.599975 	-5.1242863 	6.1961783
-0.81201201 	-0.05 	0.728 	56.617488 	-5.121349 	6.1958949
-0.81081081 	-0.05 	0.728 	56.635001 	-5.1184117 	6.1956115
-0.80960961 	-0.05 	0.728 	56.652515 	-5.1154745 	6.195328
-0.80840841 	-0.05 	0.728 	56.670028 	-5.1125372 	6.1950446
-0.80720721 	-0.05 	0.728 	56.687541 	-5.1096 	6.1947612
-0.80600601 	-0.05 	0.728 	56.705054 	-5.1066627 	6.1944778
-0.8048048 	-0.05 	0.728 	56.722567 	-5.1037254 	6.1941943
-0.8036036 	-0.05 	0.728 	56.74008 	-5.1007882 	6.1939109
-0.8024024 	-0.05 	0.728 	56.757594 	-5.0978509 	6.1936275
-0.8012012 	-0.05 	0.728 	56.775107 	-5.0949136 	6.1933441
-0.8 	-0.05 	0.728 	56.792394 	-5.0886815 	6.1926069
-0.7987988 	-0.05 	0.728 	56.809297 	-5.0768726 	6.1911018
-0.7975976 	-0.05 	0.728 	56.8262 	-5.0650638 	6.1895966
-0.7963964 	-0.05 	0.728 	56.843104 	-5.0532549 	6.1880915
-0.7951952 	-0.05 	0.728 	56.860007 	-5.041446 	6.1865863
-0.79399399 	-0.05 	0.728 	56.876911 	-5.0296371 	6.1850812
-0.79279279 	-0.05 	0.728 	56.892259 	-5.0191339 	6.185687
-0.79159159 	-0.05 	0.728 	56.898322 	-5.0164258 	6.198895
-0.79039039 	-0.05 	0.728 	56.904386 	-5.0137178 	6.212103
-0.78918919 	-0.05 	0.728 	56.910449 	-5.0110097 	6.225311
-0.78798799 	-0.05 	0.728 	56.916512 	-5.0083016 	6.2385191
-0.78678679 	-0.05 	0.728 	56.922576 	-5.0055936 	6.2517271
-0.78558559 	-0.05 	0.728 	56.928639 	-5.0028855 	6.2649351
-0.78438438 	-0.05 	0.728 	56.941764 	-5.0232332 	6.2738436
-0.78318318 	-0.05 	0.728 	56.955078 	-5.0441964 	6.2826372
-0.78198198 	-0.05 	0.728 	56.968392 	-5.0651595 	6.2914309
-0.78078078 	-0.05 	0.728 	56.981706 	-5.0861227 	6.3002246
-0.77957958 	-0.05 	0.728 	56.995019 	-5.1070859 	6.3090182
-0.77837838 	-0.05 	0.728 	57.008333 	-5.1280491 	6.3178119
-0.77717718 	-0.05 	0.728 	57.021647 	-5.1490123 	6.3266056
-0.77597598 	-0.05 	0.728 	57.03496 	-5.1699755 	6.3353992
-0.77477477 	-0.05 	0.728 	57.048274 	-5.1909387 	6.3441929
-0.77357357 	-0.05 	0.728 	57.061588 	-5.2119019 	6.3529866
-0.77237237 	-0.05 	0.728 	57.074902 	-5.2328651 	6.3617803
-0.77117117 	-0.05 	0.728 	57.088215 	-5.2538283 	6.3705739
-0.76996997 	-0.05 	0.728 	57.101529 	-5.2747915 	6.3793676
-0.76876877 	-0.05 	0.728 	57.113874 	-5.2963938 	6.3866969
-0.76756757 	-0.05 	0.728 	57.125989 	-5.3181473 	6.3936799
-0.76636637 	-0.05 	0.728 	57.138105 	-5.3399007 	6.4006629
-0.76516517 	-0.05 	0.728 	57.15022 	-5.3616541 	6.4076459
-0.76396396 	-0.05 	0.728 	57.162336 	-5.3834076 	6.4146289
-0.76276276 	-0.05 	0.728 	57.174451 	-5.405161 	6.4216119
-0.76156156 	-0.05 	0.728 	57.186567 	-5.4269144 	6.428595
-0.76036036 	-0.05 	0.728 	57.198682 	-5.4486679 	6.435578
-0.75915916 	-0.05 	0.728 	57.210798 	-5.4704213 	6.442561
-0.75795796 	-0.05 	0.728 	57.222913 	-5.4921748 	6.449544
-0.75675676 	-0.05 	0.728 	57.235029 	-5.5139282 	6.456527
-0.75555556 	-0.05 	0.728 	57.247145 	-5.5356816 	6.46351
-0.75435435 	-0.05 	0.728 	57.25926 	-5.5574351 	6.470493
-0.75315315 	-0.05 	0.728 	57.271376 	-5.5791885 	6.477476
-0.75195195 	-0.05 	0.728 	57.283491 	-5.6009419 	6.484459
-0.75075075 	-0.05 	0.728 	57.295607 	-5.6226954 	6.491442
-0.74954955 	-0.05 	0.728 	57.307722 	-5.6444488 	6.4984251
-0.74834835 	-0.05 	0.728 	57.319838 	-5.6662022 	6.5054081
-0.74714715 	-0.05 	0.728 	57.331953 	-5.6879557 	6.5123911
-0.74594595 	-0.05 	0.728 	57.344069 	-5.7097091 	6.5193741
-0.74474474 	-0.05 	0.728 	57.356184 	-5.7314625 	6.5263571
-0.74354354 	-0.05 	0.728 	57.3683 	-5.753216 	6.5333401
-0.74234234 	-0.05 	0.728 	57.380415 	-5.7749694 	6.5403231
-0.74114114 	-0.05 	0.728 	57.392531 	-5.7967228 	6.5473061
-0.73993994 	-0.05 	0.728 	57.404646 	-5.8184763 	6.5542891
-0.73873874 	-0.05 	0.728 	57.405463 	-5.8616138 	6.5619393
-0.73753754 	-0.05 	0.728 	57.391152 	-5.9333824 	6.5704826
-0.73633634 	-0.05 	0.728 	57.376841 	-6.005151 	6.5790259
-0.73513514 	-0.05 	0.728 	57.362531 	-6.0769197 	6.5875693
-0.73393393 	-0.05 	0.728 	57.34822 	-6.1486883 	6.5961126
-0.73273273 	-0.05 	0.728 	57.333909 	-6.2204569 	6.604656
-0.73153153 	-0.05 	0.728 	57.337042 	-6.2810868 	6.6122225
-0.73033033 	-0.05 	0.728 	57.372061 	-6.321357 	6.6180036
-0.72912913 	-0.05 	0.728 	57.40708 	-6.3616271 	6.6237846
-0.72792793 	-0.05 	0.728 	57.4421 	-6.4018973 	6.6295657
-0.72672673 	-0.05 	0.728 	57.477119 	-6.4421675 	6.6353468
-0.72552553 	-0.05 	0.728 	57.512138 	-6.4824377 	6.6411279
-0.72432432 	-0.05 	0.728 	57.543603 	-6.4968324 	6.6503804
-0.72312312 	-0.05 	0.728 	57.567939 	-6.4593274 	6.6665957
-0.72192192 	-0.05 	0.728 	57.592276 	-6.4218223 	6.682811
-0.72072072 	-0.05 	0.728 	57.616613 	-6.3843173 	6.6990263
-0.71951952 	-0.05 	0.728 	57.641691 	-6.3479332 	6.7120127
-0.71831832 	-0.05 	0.728 	57.667105 	-6.312055 	6.7235422
-0.71711712 	-0.05 	0.728 	57.692518 	-6.2761768 	6.7350717
-0.71591592 	-0.05 	0.728 	57.717932 	-6.2402986 	6.7466012
-0.71471471 	-0.05 	0.728 	57.743346 	-6.2044203 	6.7581306
-0.71351351 	-0.05 	0.728 	57.768759 	-6.1685421 	6.7696601
-0.71231231 	-0.05 	0.728 	57.794173 	-6.1326639 	6.7811896
-0.71111111 	-0.05 	0.728 	57.819586 	-6.0967856 	6.7927191
-0.70990991 	-0.05 	0.728 	57.845 	-6.0609074 	6.8042485
-0.70870871 	-0.05 	0.728 	57.870414 	-6.0250292 	6.815778
-0.70750751 	-0.05 	0.728 	57.893695 	-5.8805926 	6.8265212
-0.70630631 	-0.05 	0.728 	57.916755 	-5.724907 	6.8371829
-0.70510511 	-0.05 	0.728 	57.939815 	-5.5692213 	6.8478445
-0.7039039 	-0.05 	0.728 	57.962875 	-5.4135356 	6.8585062
-0.7027027 	-0.05 	0.728 	57.985936 	-5.25785 	6.8691679
-0.7015015 	-0.05 	0.728 	58.008996 	-5.1021643 	6.8798296
-0.7003003 	-0.05 	0.728 	58.061311 	-4.9569218 	6.8886454
-0.6990991 	-0.05 	0.728 	58.114614 	-4.8120317 	6.897399
-0.6978979 	-0.05 	0.728 	58.167916 	-4.6671416 	6.9061526
-0.6966967 	-0.05 	0.728 	58.221219 	-4.5222516 	6.9149061
-0.6954955 	-0.05 	0.728 	58.274522 	-4.3773615 	6.9236597
-0.69429429 	-0.05 	0.728 	58.325297 	-4.245954 	6.9319529
-0.69309309 	-0.05 	0.728 	58.355439 	-4.2246051 	6.9364882
-0.69189189 	-0.05 	0.728 	58.385581 	-4.2032561 	6.9410235
-0.69069069 	-0.05 	0.728 	58.415723 	-4.1819072 	6.9455588
-0.68948949 	-0.05 	0.728 	58.44647 	-4.1606092 	6.949805
-0.68828829 	-0.05 	0.728 	58.47861 	-4.1394285 	6.9533847
-0.68708709 	-0.05 	0.728 	58.510749 	-4.1182478 	6.9569645
-0.68588589 	-0.05 	0.728 	58.542889 	-4.0970672 	6.9605442
-0.68468468 	-0.05 	0.728 	58.575028 	-4.0758865 	6.964124
-0.68348348 	-0.05 	0.728 	58.607168 	-4.0547058 	6.9677038
-0.68228228 	-0.05 	0.728 	58.639308 	-4.0335251 	6.9712835
-0.68108108 	-0.05 	0.728 	58.671447 	-4.0123445 	6.9748633
-0.67987988 	-0.05 	0.728 	58.703587 	-3.9911638 	6.978443
-0.67867868 	-0.05 	0.728 	58.735726 	-3.9699831 	6.9820228
-0.67747748 	-0.05 	0.728 	58.765917 	-3.9926292 	6.9837943
-0.67627628 	-0.05 	0.728 	58.792277 	-4.1014487 	6.9820104
-0.67507508 	-0.05 	0.728 	58.818637 	-4.2102682 	6.9802265
-0.67387387 	-0.05 	0.728 	58.844997 	-4.3190878 	6.9784427
-0.67267267 	-0.05 	0.728 	58.871357 	-4.4279073 	6.9766588
-0.67147147 	-0.05 	0.728 	58.897717 	-4.5367268 	6.9748749
-0.67027027 	-0.05 	0.728 	58.92364 	-4.6466057 	6.9724351
-0.66906907 	-0.05 	0.728 	58.949248 	-4.7572463 	6.9695237
-0.66786787 	-0.05 	0.728 	58.974857 	-4.8678868 	6.9666124
-0.66666667 	-0.05 	0.728 	59.000465 	-4.9785274 	6.963701
-0.66546547 	-0.05 	0.728 	59.026073 	-5.0891679 	6.9607896
-0.66426426 	-0.05 	0.728 	59.051682 	-5.1998085 	6.9578783
-0.66306306 	-0.05 	0.728 	59.071493 	-5.2048813 	6.9573508
-0.66186186 	-0.05 	0.728 	59.090466 	-5.1946741 	6.9571684
-0.66066066 	-0.05 	0.728 	59.109438 	-5.1844669 	6.9569859
-0.65945946 	-0.05 	0.728 	59.128411 	-5.1742597 	6.9568035
-0.65825826 	-0.05 	0.728 	59.147945 	-5.1636762 	6.9566589
-0.65705706 	-0.05 	0.728 	59.167531 	-5.1530582 	6.9565178
-0.65585586 	-0.05 	0.728 	59.187117 	-5.1424401 	6.9563767
-0.65465465 	-0.05 	0.728 	59.206703 	-5.1318221 	6.9562356
-0.65345345 	-0.05 	0.728 	59.226289 	-5.1212041 	6.9560945
-0.65225225 	-0.05 	0.728 	59.245874 	-5.1105861 	6.9559534
-0.65105105 	-0.05 	0.728 	59.26546 	-5.0999681 	6.9558123
-0.64984985 	-0.05 	0.728 	59.285046 	-5.08935 	6.9556712
-0.64864865 	-0.05 	0.728 	59.304632 	-5.078732 	6.95553
-0.64744745 	-0.05 	0.728 	59.324218 	-5.068114 	6.9553889
-0.64624625 	-0.05 	0.728 	59.33954 	-4.9539491 	6.9580856
-0.64504505 	-0.05 	0.728 	59.354308 	-4.8263365 	6.9611508
-0.64384384 	-0.05 	0.728 	59.369077 	-4.6987239 	6.964216
-0.64264264 	-0.05 	0.728 	59.383845 	-4.5711113 	6.9672812
-0.64144144 	-0.05 	0.728 	59.398614 	-4.4434987 	6.9703464
-0.64024024 	-0.05 	0.728 	59.413353 	-4.3160099 	6.973235
-0.63903904 	-0.05 	0.728 	59.427967 	-4.1890457 	6.975376
-0.63783784 	-0.05 	0.728 	59.442581 	-4.0620815 	6.977517
-0.63663664 	-0.05 	0.728 	59.457195 	-3.9351173 	6.979658
-0.63543544 	-0.05 	0.728 	59.471809 	-3.8081531 	6.981799
-0.63423423 	-0.05 	0.728 	59.486423 	-3.6811889 	6.98394
-0.63303303 	-0.05 	0.728 	59.501397 	-3.6146567 	6.9842668
-0.63183183 	-0.05 	0.728 	59.516708 	-3.6046793 	6.9828957
-0.63063063 	-0.05 	0.728 	59.532018 	-3.5947019 	6.9815246
-0.62942943 	-0.05 	0.728 	59.547328 	-3.5847244 	6.9801535
-0.62822823 	-0.05 	0.728 	59.562639 	-3.574747 	6.9787823
-0.62702703 	-0.05 	0.728 	59.577949 	-3.5647696 	6.9774112
-0.62582583 	-0.05 	0.728 	59.59326 	-3.5547922 	6.9760401
-0.62462462 	-0.05 	0.728 	59.60857 	-3.5448148 	6.974669
-0.62342342 	-0.05 	0.728 	59.62388 	-3.5348374 	6.9732979
-0.62222222 	-0.05 	0.728 	59.639191 	-3.52486 	6.9719268
-0.62102102 	-0.05 	0.728 	59.654458 	-3.5150992 	6.9705159
-0.61981982 	-0.05 	0.728 	59.669675 	-3.5055839 	6.9690599
-0.61861862 	-0.05 	0.728 	59.684893 	-3.4960686 	6.9676039
-0.61741742 	-0.05 	0.728 	59.70011 	-3.4865533 	6.9661479
-0.61621622 	-0.05 	0.728 	59.715966 	-3.5286643 	6.9635495
-0.61501502 	-0.05 	0.728 	59.732624 	-3.6357604 	6.959513
-0.61381381 	-0.05 	0.728 	59.749282 	-3.7428565 	6.9554764
-0.61261261 	-0.05 	0.728 	59.76594 	-3.8499526 	6.9514399
-0.61141141 	-0.05 	0.728 	59.782599 	-3.9570488 	6.9474034
-0.61021021 	-0.05 	0.728 	59.799257 	-4.0641449 	6.9433668
-0.60900901 	-0.05 	0.728 	59.816235 	-4.171081 	6.9381344
-0.60780781 	-0.05 	0.728 	59.833292 	-4.277978 	6.9326092
-0.60660661 	-0.05 	0.728 	59.850348 	-4.384875 	6.927084
-0.60540541 	-0.05 	0.728 	59.867405 	-4.491772 	6.9215588
-0.6042042 	-0.05 	0.728 	59.884461 	-4.598669 	6.9160336
-0.603003 	-0.05 	0.728 	59.900948 	-4.6829089 	6.911486
-0.6018018 	-0.05 	0.728 	59.915213 	-4.6787589 	6.9107523
-0.6006006 	-0.05 	0.728 	59.929478 	-4.6746089 	6.9100187
-0.5993994 	-0.05 	0.728 	59.943742 	-4.6704588 	6.9092851
-0.5981982 	-0.05 	0.728 	59.958011 	-4.6662838 	6.9084981
-0.596997 	-0.05 	0.728 	59.972309 	-4.661954 	6.9073811
-0.5957958 	-0.05 	0.728 	59.986606 	-4.6576242 	6.9062641
-0.59459459 	-0.05 	0.728 	60.000903 	-4.6532944 	6.905147
-0.59339339 	-0.05 	0.728 	60.0152 	-4.6489646 	6.90403
-0.59219219 	-0.05 	0.728 	60.029497 	-4.6446348 	6.902913
-0.59099099 	-0.05 	0.728 	60.043794 	-4.640305 	6.9017959
-0.58978979 	-0.05 	0.728 	60.058091 	-4.6359752 	6.9006789
-0.58858859 	-0.05 	0.728 	60.072388 	-4.6316454 	6.8995618
-0.58738739 	-0.05 	0.728 	60.086685 	-4.6273156 	6.8984448
-0.58618619 	-0.05 	0.728 	60.100982 	-4.6229858 	6.8973278
-0.58498498 	-0.05 	0.728 	60.112071 	-4.5151559 	6.9009179
-0.58378378 	-0.05 	0.728 	60.123001 	-4.402209 	6.9047407
-0.58258258 	-0.05 	0.728 	60.133931 	-4.2892621 	6.9085635
-0.58138138 	-0.05 	0.728 	60.144861 	-4.1763152 	6.9123864
-0.58018018 	-0.05 	0.728 	60.155791 	-4.0633683 	6.9162092
-0.57897898 	-0.05 	0.728 	60.167155 	-3.9494494 	6.9193256
-0.57777778 	-0.05 	0.728 	60.179124 	-3.8341787 	6.9214596
-0.57657658 	-0.05 	0.728 	60.191092 	-3.7189081 	6.9235937
-0.57537538 	-0.05 	0.728 	60.203061 	-3.6036375 	6.9257278
-0.57417417 	-0.05 	0.728 	60.21503 	-3.4883669 	6.9278619
-0.57297297 	-0.05 	0.728 	60.226998 	-3.3730963 	6.9299959
-0.57177177 	-0.05 	0.728 	60.246256 	-3.3561873 	6.9288085
-0.57057057 	-0.05 	0.728 	60.265917 	-3.3447299 	6.9274369
-0.56936937 	-0.05 	0.728 	60.285579 	-3.3332725 	6.9260653
-0.56816817 	-0.05 	0.728 	60.305241 	-3.3218151 	6.9246938
-0.56696697 	-0.05 	0.728 	60.32524 	-3.3099517 	6.9229123
-0.56576577 	-0.05 	0.728 	60.34535 	-3.2979561 	6.9209973
-0.56456456 	-0.05 	0.728 	60.365459 	-3.2859606 	6.9190824
-0.56336336 	-0.05 	0.728 	60.385568 	-3.273965 	6.9171675
-0.56216216 	-0.05 	0.728 	60.405678 	-3.2619694 	6.9152525
-0.56096096 	-0.05 	0.728 	60.425787 	-3.2499739 	6.9133376
-0.55975976 	-0.05 	0.728 	60.445897 	-3.2379783 	6.9114227
-0.55855856 	-0.05 	0.728 	60.466006 	-3.2259827 	6.9095077
-0.55735736 	-0.05 	0.728 	60.486115 	-3.2139871 	6.9075928
-0.55615616 	-0.05 	0.728 	60.506225 	-3.2019916 	6.9056778
-0.55495495 	-0.05 	0.728 	60.531341 	-3.2281471 	6.9023694
-0.55375375 	-0.05 	0.728 	60.563728 	-3.3097108 	6.8970372
-0.55255255 	-0.05 	0.728 	60.596115 	-3.3912744 	6.891705
-0.55135135 	-0.05 	0.728 	60.628502 	-3.472838 	6.8863728
-0.55015015 	-0.05 	0.728 	60.660889 	-3.5544016 	6.8810406
-0.54894895 	-0.05 	0.728 	60.69322 	-3.6361322 	6.8756717
-0.54774775 	-0.05 	0.728 	60.724051 	-3.7223874 	6.86931
-0.54654655 	-0.05 	0.728 	60.754881 	-3.8086426 	6.8629483
-0.54534535 	-0.05 	0.728 	60.785712 	-3.8948978 	6.8565867
-0.54414414 	-0.05 	0.728 	60.816542 	-3.981153 	6.850225
-0.54294294 	-0.05 	0.728 	60.847373 	-4.0674082 	6.8438633
-0.54174174 	-0.05 	0.728 	60.863813 	-4.1059547 	6.8384965
-0.54054054 	-0.05 	0.728 	60.874007 	-4.1237904 	6.8335617
-0.53933934 	-0.05 	0.728 	60.884201 	-4.1416261 	6.8286268
-0.53813814 	-0.05 	0.728 	60.894394 	-4.1594618 	6.8236919
-0.53693694 	-0.05 	0.728 	60.904767 	-4.1771583 	6.8187813
-0.53573574 	-0.05 	0.728 	60.915442 	-4.194618 	6.8139119
-0.53453453 	-0.05 	0.728 	60.926117 	-4.2120778 	6.8090425
-0.53333333 	-0.05 	0.728 	60.936793 	-4.2295375 	6.8041731
-0.53213213 	-0.05 	0.728 	60.947468 	-4.2469972 	6.7993037
-0.53093093 	-0.05 	0.728 	60.958143 	-4.264457 	6.7944343
-0.52972973 	-0.05 	0.728 	60.968819 	-4.2819167 	6.7895649
-0.52852853 	-0.05 	0.728 	60.979494 	-4.2993764 	6.7846955
-0.52732733 	-0.05 	0.728 	60.990169 	-4.3168362 	6.7798261
-0.52612613 	-0.05 	0.728 	61.000845 	-4.3342959 	6.7749567
-0.52492492 	-0.05 	0.728 	61.01152 	-4.3517556 	6.7700873
-0.52372372 	-0.05 	0.728 	61.001903 	-4.3162075 	6.766729
-0.52252252 	-0.05 	0.728 	60.992068 	-4.2800897 	6.763387
-0.52132132 	-0.05 	0.728 	60.982234 	-4.2439718 	6.7600449
-0.52012012 	-0.05 	0.728 	60.972399 	-4.2078539 	6.7567029
-0.51891892 	-0.05 	0.728 	60.962564 	-4.1717361 	6.7533608
-0.51771772 	-0.05 	0.728 	60.951718 	-4.1336313 	6.7497366
-0.51651652 	-0.05 	0.728 	60.940319 	-4.0944425 	6.7459584
-0.51531532 	-0.05 	0.728 	60.928921 	-4.0552536 	6.7421802
-0.51411411 	-0.05 	0.728 	60.917523 	-4.0160647 	6.738402
-0.51291291 	-0.05 	0.728 	60.906124 	-3.9768758 	6.7346238
-0.51171171 	-0.05 	0.728 	60.898307 	-3.9461859 	6.7300344
-0.51051051 	-0.05 	0.728 	60.898376 	-3.9342104 	6.7236585
-0.50930931 	-0.05 	0.728 	60.898444 	-3.9222349 	6.7172826
-0.50810811 	-0.05 	0.728 	60.898512 	-3.9102593 	6.7109067
-0.50690691 	-0.05 	0.728 	60.898581 	-3.8982838 	6.7045308
-0.50570571 	-0.05 	0.728 	60.898767 	-3.8856124 	6.6989117
-0.5045045 	-0.05 	0.728 	60.898955 	-3.8729287 	6.6933061
-0.5033033 	-0.05 	0.728 	60.899143 	-3.8602449 	6.6877005
-0.5021021 	-0.05 	0.728 	60.899331 	-3.8475612 	6.6820949
-0.5009009 	-0.05 	0.728 	60.899519 	-3.8348774 	6.6764893
-0.4996997 	-0.05 	0.728 	60.899707 	-3.8221937 	6.6708836
-0.4984985 	-0.05 	0.728 	60.899895 	-3.8095099 	6.665278
-0.4972973 	-0.05 	0.728 	60.900084 	-3.7968262 	6.6596724
-0.4960961 	-0.05 	0.728 	60.900272 	-3.7841424 	6.6540668
-0.49489489 	-0.05 	0.728 	60.90046 	-3.7714587 	6.6484612
-0.49369369 	-0.05 	0.728 	60.903916 	-3.7719042 	6.6422018
-0.49249249 	-0.05 	0.728 	60.909833 	-3.7822343 	6.6354501
-0.49129129 	-0.05 	0.728 	60.91575 	-3.7925645 	6.6286985
-0.49009009 	-0.05 	0.728 	60.921666 	-3.8028947 	6.6219468
-0.48888889 	-0.05 	0.728 	60.927583 	-3.8132249 	6.6151952
-0.48768769 	-0.05 	0.728 	60.933843 	-3.823244 	6.6082204
-0.48648649 	-0.05 	0.728 	60.941073 	-3.8323838 	6.6006146
-0.48528529 	-0.05 	0.728 	60.948303 	-3.8415235 	6.5930089
-0.48408408 	-0.05 	0.728 	60.955534 	-3.8506633 	6.5854031
-0.48288288 	-0.05 	0.728 	60.962764 	-3.8598031 	6.5777974
-0.48168168 	-0.05 	0.728 	60.969994 	-3.8689429 	6.5701916
-0.48048048 	-0.05 	0.728 	60.97622 	-3.8591569 	6.5637143
-0.47927928 	-0.05 	0.728 	60.982427 	-3.849008 	6.5572585
-0.47807808 	-0.05 	0.728 	60.988634 	-3.838859 	6.5508028
-0.47687688 	-0.05 	0.728 	60.994841 	-3.8287101 	6.5443471
-0.47567568 	-0.05 	0.728 	61.001011 	-3.8184215 	6.5383425
-0.47447447 	-0.05 	0.728 	61.007156 	-3.8080388 	6.532642
-0.47327327 	-0.05 	0.728 	61.0133 	-3.797656 	6.5269416
-0.47207207 	-0.05 	0.728 	61.019445 	-3.7872732 	6.5212412
-0.47087087 	-0.05 	0.728 	61.02559 	-3.7768904 	6.5155408
-0.46966967 	-0.05 	0.728 	61.031735 	-3.7665077 	6.5098404
-0.46846847 	-0.05 	0.728 	61.037879 	-3.7561249 	6.50414
-0.46726727 	-0.05 	0.728 	61.044024 	-3.7457421 	6.4984395
-0.46606607 	-0.05 	0.728 	61.050169 	-3.7353593 	6.4927391
-0.46486486 	-0.05 	0.728 	61.056314 	-3.7249766 	6.4870387
-0.46366366 	-0.05 	0.728 	61.062462 	-3.7127256 	6.4814868
-0.46246246 	-0.05 	0.728 	61.068638 	-3.6841951 	6.4772288
-0.46126126 	-0.05 	0.728 	61.074815 	-3.6556646 	6.4729709
-0.46006006 	-0.05 	0.728 	61.080991 	-3.6271341 	6.468713
-0.45885886 	-0.05 	0.728 	61.087167 	-3.5986036 	6.464455
-0.45765766 	-0.05 	0.728 	61.093344 	-3.5700731 	6.4601971
-0.45645646 	-0.05 	0.728 	61.099982 	-3.5405069 	6.4557343
-0.45525526 	-0.05 	0.728 	61.106685 	-3.5107957 	6.4512428
-0.45405405 	-0.05 	0.728 	61.113387 	-3.4810845 	6.4467514
-0.45285285 	-0.05 	0.728 	61.12009 	-3.4513734 	6.4422599
-0.45165165 	-0.05 	0.728 	61.126793 	-3.4216622 	6.4377685
-0.45045045 	-0.05 	0.728 	61.13504 	-3.4077122 	6.432435
-0.44924925 	-0.05 	0.728 	61.143947 	-3.4004948 	6.4267418
-0.44804805 	-0.05 	0.728 	61.152855 	-3.3932774 	6.4210486
-0.44684685 	-0.05 	0.728 	61.161762 	-3.38606 	6.4153553
-0.44564565 	-0.05 	0.728 	61.170625 	-3.3788776 	6.4097512
-0.44444444 	-0.05 	0.728 	61.179328 	-3.3718241 	6.4044743
-0.44324324 	-0.05 	0.728 	61.18803 	-3.3647706 	6.3991974
-0.44204204 	-0.05 	0.728 	61.196733 	-3.357717 	6.3939205
-0.44084084 	-0.05 	0.728 	61.205435 	-3.3506635 	6.3886437
-0.43963964 	-0.05 	0.728 	61.214138 	-3.34361 	6.3833668
-0.43843844 	-0.05 	0.728 	61.22284 	-3.3365565 	6.3780899
-0.43723724 	-0.05 	0.728 	61.231542 	-3.3295029 	6.372813
-0.43603604 	-0.05 	0.728 	61.240245 	-3.3224494 	6.3675361
-0.43483483 	-0.05 	0.728 	61.248947 	-3.3153959 	6.3622592
-0.43363363 	-0.05 	0.728 	61.25765 	-3.3083424 	6.3569823
-0.43243243 	-0.05 	0.728 	61.26787 	-3.3136734 	6.3509284
-0.43123123 	-0.05 	0.728 	61.279142 	-3.3275966 	6.3443353
-0.43003003 	-0.05 	0.728 	61.290414 	-3.3415197 	6.3377423
-0.42882883 	-0.05 	0.728 	61.301686 	-3.3554429 	6.3311493
-0.42762763 	-0.05 	0.728 	61.312958 	-3.369366 	6.3245562
-0.42642643 	-0.05 	0.728 	61.32443 	-3.3827169 	6.3179139
-0.42522523 	-0.05 	0.728 	61.336104 	-3.3954868 	6.3112216
-0.42402402 	-0.05 	0.728 	61.347778 	-3.4082566 	6.3045293
-0.42282282 	-0.05 	0.728 	61.359452 	-3.4210264 	6.297837
-0.42162162 	-0.05 	0.728 	61.371126 	-3.4337962 	6.2911447
-0.42042042 	-0.05 	0.728 	61.382861 	-3.4374521 	6.2854061
-0.41921922 	-0.05 	0.728 	61.394678 	-3.4288313 	6.2809519
-0.41801802 	-0.05 	0.728 	61.406495 	-3.4202105 	6.2764978
-0.41681682 	-0.05 	0.728 	61.418312 	-3.4115897 	6.2720437
-0.41561562 	-0.05 	0.728 	61.430129 	-3.4029689 	6.2675896
-0.41441441 	-0.05 	0.728 	61.441925 	-3.3955013 	6.2632893
-0.41321321 	-0.05 	0.728 	61.453716 	-3.3882663 	6.2590202
-0.41201201 	-0.05 	0.728 	61.465507 	-3.3810313 	6.254751
-0.41081081 	-0.05 	0.728 	61.477299 	-3.3737963 	6.2504818
-0.40960961 	-0.05 	0.728 	61.48909 	-3.3665613 	6.2462127
-0.40840841 	-0.05 	0.728 	61.500881 	-3.3593263 	6.2419435
-0.40720721 	-0.05 	0.728 	61.512673 	-3.3520913 	6.2376743
-0.40600601 	-0.05 	0.728 	61.524464 	-3.3448564 	6.2334052
-0.4048048 	-0.05 	0.728 	61.536255 	-3.3376214 	6.229136
-0.4036036 	-0.05 	0.728 	61.548047 	-3.3303864 	6.2248668
-0.4024024 	-0.05 	0.728 	61.5602 	-3.3188294 	6.2208114
-0.4012012 	-0.05 	0.728 	61.573913 	-3.2886874 	6.217675
-0.4 	-0.05 	0.728 	61.587626 	-3.2585455 	6.2145385
-0.3987988 	-0.05 	0.728 	61.601338 	-3.2284035 	6.2114021
-0.3975976 	-0.05 	0.728 	61.615051 	-3.1982615 	6.2082656
-0.3963964 	-0.05 	0.728 	61.62876 	-3.1683784 	6.2050012
-0.3951952 	-0.05 	0.728 	61.642444 	-3.1405799 	6.2007056
-0.39399399 	-0.05 	0.728 	61.656127 	-3.1127815 	6.1964101
-0.39279279 	-0.05 	0.728 	61.669811 	-3.084983 	6.1921145
-0.39159159 	-0.05 	0.728 	61.683495 	-3.0571846 	6.1878189
-0.39039039 	-0.05 	0.728 	61.696841 	-3.0304673 	6.183487
-0.38918919 	-0.05 	0.728 	61.701095 	-3.0328972 	6.1781732
-0.38798799 	-0.05 	0.728 	61.705348 	-3.0353271 	6.1728594
-0.38678679 	-0.05 	0.728 	61.709602 	-3.037757 	6.1675456
-0.38558559 	-0.05 	0.728 	61.713856 	-3.0401869 	6.1622318
-0.38438438 	-0.05 	0.728 	61.718265 	-3.0433447 	6.1569215
-0.38318318 	-0.05 	0.728 	61.722865 	-3.0474054 	6.1516153
-0.38198198 	-0.05 	0.728 	61.727466 	-3.051466 	6.1463092
-0.38078078 	-0.05 	0.728 	61.732067 	-3.0555267 	6.141003
-0.37957958 	-0.05 	0.728 	61.736667 	-3.0595873 	6.1356968
-0.37837838 	-0.05 	0.728 	61.741268 	-3.063648 	6.1303907
-0.37717718 	-0.05 	0.728 	61.745869 	-3.0677086 	6.1250845
-0.37597598 	-0.05 	0.728 	61.750469 	-3.0717693 	6.1197784
-0.37477477 	-0.05 	0.728 	61.75507 	-3.0758299 	6.1144722
-0.37357357 	-0.05 	0.728 	61.759671 	-3.0798906 	6.1091661
-0.37237237 	-0.05 	0.728 	61.764271 	-3.0839512 	6.1038599
-0.37117117 	-0.05 	0.728 	61.759774 	-3.1173359 	6.09611
-0.36996997 	-0.05 	0.728 	61.752685 	-3.1590742 	6.0876639
-0.36876877 	-0.05 	0.728 	61.745595 	-3.2008124 	6.0792178
-0.36756757 	-0.05 	0.728 	61.738506 	-3.2425507 	6.0707716
-0.36636637 	-0.05 	0.728 	61.731416 	-3.2842889 	6.0623255
-0.36516517 	-0.05 	0.728 	61.725159 	-3.3244096 	6.0531689
-0.36396396 	-0.05 	0.728 	61.719218 	-3.3639171 	6.0437429
-0.36276276 	-0.05 	0.728 	61.713276 	-3.4034247 	6.0343169
-0.36156156 	-0.05 	0.728 	61.707335 	-3.4429322 	6.024891
-0.36036036 	-0.05 	0.728 	61.701393 	-3.4824398 	6.015465
-0.35915916 	-0.05 	0.728 	61.702206 	-3.4810356 	6.0074931
-0.35795796 	-0.05 	0.728 	61.705955 	-3.4618442 	6.0001535
-0.35675676 	-0.05 	0.728 	61.709704 	-3.4426528 	5.9928138
-0.35555556 	-0.05 	0.728 	61.713453 	-3.4234614 	5.9854742
-0.35435435 	-0.05 	0.728 	61.717233 	-3.4042633 	5.9781385
-0.35315315 	-0.05 	0.728 	61.721478 	-3.3849644 	5.9708634
-0.35195195 	-0.05 	0.728 	61.725722 	-3.3656655 	5.9635883
-0.35075075 	-0.05 	0.728 	61.729966 	-3.3463666 	5.9563131
-0.34954955 	-0.05 	0.728 	61.734211 	-3.3270677 	5.949038
-0.34834835 	-0.05 	0.728 	61.738455 	-3.3077688 	5.9417629
-0.34714715 	-0.05 	0.728 	61.7427 	-3.2884699 	5.9344877
-0.34594595 	-0.05 	0.728 	61.746944 	-3.269171 	5.9272126
-0.34474474 	-0.05 	0.728 	61.751189 	-3.2498721 	5.9199375
-0.34354354 	-0.05 	0.728 	61.755433 	-3.2305732 	5.9126623
-0.34234234 	-0.05 	0.728 	61.759678 	-3.2112743 	5.9053872
-0.34114114 	-0.05 	0.728 	61.766125 	-3.1714183 	5.8989114
-0.33993994 	-0.05 	0.728 	61.777296 	-3.087472 	5.8941499
-0.33873874 	-0.05 	0.728 	61.788468 	-3.0035258 	5.8893885
-0.33753754 	-0.05 	0.728 	61.799639 	-2.9195795 	5.8846271
-0.33633634 	-0.05 	0.728 	61.810811 	-2.8356333 	5.8798656
-0.33513514 	-0.05 	0.728 	61.822647 	-2.7520845 	5.8745646
-0.33393393 	-0.05 	0.728 	61.835755 	-2.6692957 	5.8682317
-0.33273273 	-0.05 	0.728 	61.848863 	-2.5865069 	5.8618987
-0.33153153 	-0.05 	0.728 	61.861972 	-2.5037181 	5.8555657
-0.33033033 	-0.05 	0.728 	61.87508 	-2.4209294 	5.8492327
-0.32912913 	-0.05 	0.728 	61.887106 	-2.3673758 	5.8415311
-0.32792793 	-0.05 	0.728 	61.897593 	-2.3554357 	5.8318813
-0.32672673 	-0.05 	0.728 	61.90808 	-2.3434955 	5.8222314
-0.32552553 	-0.05 	0.728 	61.918567 	-2.3315553 	5.8125816
-0.32432432 	-0.05 	0.728 	61.929054 	-2.3196151 	5.8029318
-0.32312312 	-0.05 	0.728 	61.939831 	-2.3076624 	5.7933441
-0.32192192 	-0.05 	0.728 	61.950744 	-2.2957038 	5.7837856
-0.32072072 	-0.05 	0.728 	61.961658 	-2.2837451 	5.774227
-0.31951952 	-0.05 	0.728 	61.972571 	-2.2717865 	5.7646685
-0.31831832 	-0.05 	0.728 	61.983484 	-2.2598279 	5.75511
-0.31711712 	-0.05 	0.728 	61.994397 	-2.2478693 	5.7455515
-0.31591592 	-0.05 	0.728 	62.00531 	-2.2359107 	5.7359929
-0.31471471 	-0.05 	0.728 	62.016224 	-2.223952 	5.7264344
-0.31351351 	-0.05 	0.728 	62.027137 	-2.2119934 	5.7168759
-0.31231231 	-0.05 	0.728 	62.03805 	-2.2000348 	5.7073174
-0.31111111 	-0.05 	0.728 	62.048963 	-2.1880762 	5.6977588
-0.30990991 	-0.05 	0.728 	62.060247 	-2.2331904 	5.6853996
-0.30870871 	-0.05 	0.728 	62.071617 	-2.2916272 	5.6723867
-0.30750751 	-0.05 	0.728 	62.082988 	-2.3500641 	5.6593737
-0.30630631 	-0.05 	0.728 	62.094358 	-2.4085009 	5.6463608
-0.30510511 	-0.05 	0.728 	62.105729 	-2.4669377 	5.6333478
-0.3039039 	-0.05 	0.728 	62.117818 	-2.5268117 	5.619221
-0.3027027 	-0.05 	0.728 	62.129935 	-2.5867424 	5.6050503
-0.3015015 	-0.05 	0.728 	62.142052 	-2.6466732 	5.5908795
-0.3003003 	-0.05 	0.728 	62.154169 	-2.7066039 	5.5767087
-0.2990991 	-0.05 	0.728 	62.166164 	-2.7578655 	5.5629572
-0.2978979 	-0.05 	0.728 	62.17739 	-2.7545602 	5.551845
-0.2966967 	-0.05 	0.728 	62.188616 	-2.7512549 	5.5407328
-0.2954955 	-0.05 	0.728 	62.199841 	-2.7479496 	5.5296206
-0.29429429 	-0.05 	0.728 	62.211067 	-2.7446443 	5.5185083
-0.29309309 	-0.05 	0.728 	62.2224 	-2.7413172 	5.5074184
-0.29189189 	-0.05 	0.728 	62.233988 	-2.7379387 	5.4963811
-0.29069069 	-0.05 	0.728 	62.245576 	-2.7345603 	5.4853437
-0.28948949 	-0.05 	0.728 	62.257164 	-2.7311818 	5.4743064
-0.28828829 	-0.05 	0.728 	62.268752 	-2.7278034 	5.4632691
-0.28708709 	-0.05 	0.728 	62.280339 	-2.7244249 	5.4522317
-0.28588589 	-0.05 	0.728 	62.291927 	-2.7210465 	5.4411944
-0.28468468 	-0.05 	0.728 	62.303515 	-2.717668 	5.4301571
-0.28348348 	-0.05 	0.728 	62.315103 	-2.7142896 	5.4191197
-0.28228228 	-0.05 	0.728 	62.326691 	-2.7109111 	5.4080824
-0.28108108 	-0.05 	0.728 	62.338278 	-2.7075327 	5.3970451
-0.27987988 	-0.05 	0.728 	62.349914 	-2.6786469 	5.3872881
-0.27867868 	-0.05 	0.728 	62.361619 	-2.6119722 	5.3794281
-0.27747748 	-0.05 	0.728 	62.373325 	-2.5452974 	5.3715681
-0.27627628 	-0.05 	0.728 	62.385031 	-2.4786226 	5.363708
-0.27507508 	-0.05 	0.728 	62.396737 	-2.4119479 	5.355848
-0.27387387 	-0.05 	0.728 	62.409154 	-2.3454475 	5.3473272
-0.27267267 	-0.05 	0.728 	62.422094 	-2.2790754 	5.3383201
-0.27147147 	-0.05 	0.728 	62.435035 	-2.2127034 	5.3293131
-0.27027027 	-0.05 	0.728 	62.447975 	-2.1463313 	5.320306
-0.26906907 	-0.05 	0.728 	62.460915 	-2.0799593 	5.311299
-0.26786787 	-0.05 	0.728 	62.478434 	-2.0600104 	5.2993362
-0.26666667 	-0.05 	0.728 	62.497436 	-2.0550847 	5.2864169
-0.26546547 	-0.05 	0.728 	62.516437 	-2.050159 	5.2734976
-0.26426426 	-0.05 	0.728 	62.535438 	-2.0452333 	5.2605783
-0.26306306 	-0.05 	0.728 	62.554439 	-2.0403076 	5.247659
-0.26186186 	-0.05 	0.728 	62.573931 	-2.0350851 	5.2349066
-0.26066066 	-0.05 	0.728 	62.593471 	-2.0298342 	5.2221702
-0.25945946 	-0.05 	0.728 	62.613011 	-2.0245834 	5.2094338
-0.25825826 	-0.05 	0.728 	62.63255 	-2.0193326 	5.1966974
-0.25705706 	-0.05 	0.728 	62.65209 	-2.0140817 	5.183961
-0.25585586 	-0.05 	0.728 	62.67163 	-2.0088309 	5.1712246
-0.25465465 	-0.05 	0.728 	62.69117 	-2.0035801 	5.1584882
-0.25345345 	-0.05 	0.728 	62.710709 	-1.9983292 	5.1457518
-0.25225225 	-0.05 	0.728 	62.730249 	-1.9930784 	5.1330154
-0.25105105 	-0.05 	0.728 	62.749789 	-1.9878276 	5.120279
-0.24984985 	-0.05 	0.728 	62.769328 	-1.9825767 	5.1075426
-0.24864865 	-0.05 	0.728 	62.796798 	-2.0330293 	5.0916612
-0.24744745 	-0.05 	0.728 	62.824345 	-2.0840249 	5.0757492
-0.24624625 	-0.05 	0.728 	62.851892 	-2.1350205 	5.0598373
-0.24504505 	-0.05 	0.728 	62.87944 	-2.1860161 	5.0439253
-0.24384384 	-0.05 	0.728 	62.906886 	-2.2373806 	5.0276896
-0.24264264 	-0.05 	0.728 	62.933912 	-2.2902825 	5.0101046
-0.24144144 	-0.05 	0.728 	62.960938 	-2.3431844 	4.9925197
-0.24024024 	-0.05 	0.728 	62.987964 	-2.3960863 	4.9749347
-0.23903904 	-0.05 	0.728 	63.01499 	-2.4489882 	4.9573498
-0.23783784 	-0.05 	0.728 	63.036044 	-2.4808701 	4.9404178
-0.23663664 	-0.05 	0.728 	63.048897 	-2.4838794 	4.9243829
-0.23543544 	-0.05 	0.728 	63.061749 	-2.4868887 	4.908348
-0.23423423 	-0.05 	0.728 	63.074602 	-2.4898981 	4.8923131
-0.23303303 	-0.05 	0.728 	63.087454 	-2.4929074 	4.8762782
-0.23183183 	-0.05 	0.728 	63.100538 	-2.4959893 	4.8604218
-0.23063063 	-0.05 	0.728 	63.113827 	-2.4991357 	4.8447241
-0.22942943 	-0.05 	0.728 	63.127116 	-2.502282 	4.8290263
-0.22822823 	-0.05 	0.728 	63.140405 	-2.5054284 	4.8133286
-0.22702703 	-0.05 	0.728 	63.153694 	-2.5085747 	4.7976308
-0.22582583 	-0.05 	0.728 	63.166983 	-2.5117211 	4.781933
-0.22462462 	-0.05 	0.728 	63.180272 	-2.5148675 	4.7662353
-0.22342342 	-0.05 	0.728 	63.193561 	-2.5180138 	4.7505375
-0.22222222 	-0.05 	0.728 	63.20685 	-2.5211602 	4.7348398
-0.22102102 	-0.05 	0.728 	63.220139 	-2.5243065 	4.719142
-0.21981982 	-0.05 	0.728 	63.233429 	-2.5274529 	4.7034443
-0.21861862 	-0.05 	0.728 	63.238217 	-2.5105963 	4.6884075
-0.21741742 	-0.05 	0.728 	63.235268 	-2.4755301 	4.6739726
-0.21621622 	-0.05 	0.728 	63.232319 	-2.440464 	4.6595376
-0.21501502 	-0.05 	0.728 	63.22937 	-2.4053978 	4.6451027
-0.21381381 	-0.05 	0.728 	63.22642 	-2.3703317 	4.6306677
-0.21261261 	-0.05 	0.728 	63.223341 	-2.3328316 	4.6151727
-0.21141141 	-0.05 	0.728 	63.220231 	-2.2947602 	4.5994289
-0.21021021 	-0.05 	0.728 	63.217121 	-2.2566889 	4.5836851
-0.20900901 	-0.05 	0.728 	63.214011 	-2.2186176 	4.5679413
-0.20780781 	-0.05 	0.728 	63.212077 	-2.1832866 	4.5520543
-0.20660661 	-0.05 	0.728 	63.217491 	-2.1650827 	4.5352723
-0.20540541 	-0.05 	0.728 	63.222905 	-2.1468787 	4.5184903
-0.2042042 	-0.05 	0.728 	63.228319 	-2.1286748 	4.5017083
-0.203003 	-0.05 	0.728 	63.233733 	-2.1104709 	4.4849263
-0.2018018 	-0.05 	0.728 	63.239193 	-2.0922462 	4.4681785
-0.2006006 	-0.05 	0.728 	63.244917 	-2.0739001 	4.4516314
-0.1993994 	-0.05 	0.728 	63.250642 	-2.0555541 	4.4350843
-0.1981982 	-0.05 	0.728 	63.256367 	-2.037208 	4.4185371
-0.196997 	-0.05 	0.728 	63.262092 	-2.0188619 	4.40199
-0.1957958 	-0.05 	0.728 	63.267817 	-2.0005158 	4.3854428
-0.19459459 	-0.05 	0.728 	63.273542 	-1.9821697 	4.3688957
-0.19339339 	-0.05 	0.728 	63.279267 	-1.9638237 	4.3523486
-0.19219219 	-0.05 	0.728 	63.284992 	-1.9454776 	4.3358014
-0.19099099 	-0.05 	0.728 	63.290717 	-1.9271315 	4.3192543
-0.18978979 	-0.05 	0.728 	63.296442 	-1.9087854 	4.3027072
-0.18858859 	-0.05 	0.728 	63.302268 	-1.8907144 	4.286146
-0.18738739 	-0.05 	0.728 	63.313307 	-1.8868572 	4.2688601
-0.18618619 	-0.05 	0.728 	63.324347 	-1.883 	4.2515741
-0.18498498 	-0.05 	0.728 	63.335387 	-1.8791427 	4.2342882
-0.18378378 	-0.05 	0.728 	63.346427 	-1.8752855 	4.2170022
-0.18258258 	-0.05 	0.728 	63.358405 	-1.8718982 	4.199134
-0.18138138 	-0.05 	0.728 	63.371646 	-1.8691431 	4.1804824
-0.18018018 	-0.05 	0.728 	63.384887 	-1.8663881 	4.1618308
-0.17897898 	-0.05 	0.728 	63.398129 	-1.863633 	4.1431792
-0.17777778 	-0.05 	0.728 	63.41137 	-1.8608779 	4.1245276
-0.17657658 	-0.05 	0.728 	63.426341 	-1.8527594 	4.1057786
-0.17537538 	-0.05 	0.728 	63.441604 	-1.8437401 	4.0870133
-0.17417417 	-0.05 	0.728 	63.456866 	-1.8347207 	4.0682481
-0.17297297 	-0.05 	0.728 	63.472128 	-1.8257013 	4.0494828
-0.17177177 	-0.05 	0.728 	63.48739 	-1.8166819 	4.0307175
-0.17057057 	-0.05 	0.728 	63.503003 	-1.8075199 	4.0122131
-0.16936937 	-0.05 	0.728 	63.518725 	-1.7983134 	3.9937899
-0.16816817 	-0.05 	0.728 	63.534447 	-1.789107 	3.9753667
-0.16696697 	-0.05 	0.728 	63.550169 	-1.7799005 	3.9569436
-0.16576577 	-0.05 	0.728 	63.565892 	-1.770694 	3.9385204
-0.16456456 	-0.05 	0.728 	63.581614 	-1.7614876 	3.9200972
-0.16336336 	-0.05 	0.728 	63.597336 	-1.7522811 	3.9016741
-0.16216216 	-0.05 	0.728 	63.613058 	-1.7430747 	3.8832509
-0.16096096 	-0.05 	0.728 	63.62878 	-1.7338682 	3.8648278
-0.15975976 	-0.05 	0.728 	63.644502 	-1.7246617 	3.8464046
-0.15855856 	-0.05 	0.728 	63.660224 	-1.7154553 	3.8279814
-0.15735736 	-0.05 	0.728 	63.677365 	-1.7014011 	3.8095407
-0.15615616 	-0.05 	0.728 	63.695402 	-1.6842866 	3.7910889
-0.15495495 	-0.05 	0.728 	63.713438 	-1.6671721 	3.7726371
-0.15375375 	-0.05 	0.728 	63.731475 	-1.6500576 	3.7541854
-0.15255255 	-0.05 	0.728 	63.749579 	-1.6329114 	3.7356971
-0.15135135 	-0.05 	0.728 	63.76924 	-1.6150344 	3.716366
-0.15015015 	-0.05 	0.728 	63.788901 	-1.5971575 	3.6970348
-0.14894895 	-0.05 	0.728 	63.808563 	-1.5792805 	3.6777037
-0.14774775 	-0.05 	0.728 	63.828224 	-1.5614036 	3.6583726
-0.14654655 	-0.05 	0.728 	63.849585 	-1.5436225 	3.6382618
-0.14534535 	-0.05 	0.728 	63.872803 	-1.525946 	3.6172996
-0.14414414 	-0.05 	0.728 	63.89602 	-1.5082695 	3.5963373
-0.14294294 	-0.05 	0.728 	63.919238 	-1.490593 	3.5753751
-0.14174174 	-0.05 	0.728 	63.942456 	-1.4729166 	3.5544129
-0.14054054 	-0.05 	0.728 	63.965892 	-1.4550915 	3.5336218
-0.13933934 	-0.05 	0.728 	63.989688 	-1.4370212 	3.5131134
-0.13813814 	-0.05 	0.728 	64.013485 	-1.4189508 	3.492605
-0.13693694 	-0.05 	0.728 	64.037282 	-1.4008804 	3.4720965
-0.13573574 	-0.05 	0.728 	64.061079 	-1.3828101 	3.4515881
-0.13453453 	-0.05 	0.728 	64.084876 	-1.3647397 	3.4310797
-0.13333333 	-0.05 	0.728 	64.108672 	-1.3466693 	3.4105713
-0.13213213 	-0.05 	0.728 	64.132469 	-1.328599 	3.3900628
-0.13093093 	-0.05 	0.728 	64.156266 	-1.3105286 	3.3695544
-0.12972973 	-0.05 	0.728 	64.180063 	-1.2924582 	3.349046
-0.12852853 	-0.05 	0.728 	64.20386 	-1.2743879 	3.3285376
-0.12732733 	-0.05 	0.728 	64.227696 	-1.2560933 	3.3078722
-0.12612613 	-0.05 	0.728 	64.251705 	-1.2368147 	3.2865181
-0.12492492 	-0.05 	0.728 	64.275714 	-1.2175361 	3.265164
-0.12372372 	-0.05 	0.728 	64.299723 	-1.1982576 	3.2438099
-0.12252252 	-0.05 	0.728 	64.323732 	-1.178979 	3.2224557
-0.12132132 	-0.05 	0.728 	64.34865 	-1.158996 	3.2003116
-0.12012012 	-0.05 	0.728 	64.374045 	-1.1386428 	3.1777522
-0.11891892 	-0.05 	0.728 	64.399441 	-1.1182895 	3.1551927
-0.11771772 	-0.05 	0.728 	64.424837 	-1.0979363 	3.1326333
-0.11651652 	-0.05 	0.728 	64.450895 	-1.0764068 	3.109842
-0.11531532 	-0.05 	0.728 	64.480562 	-1.0484679 	3.0857873
-0.11411411 	-0.05 	0.728 	64.510229 	-1.020529 	3.0617326
-0.11291291 	-0.05 	0.728 	64.539897 	-0.99259011 	3.0376779
-0.11171171 	-0.05 	0.728 	64.569564 	-0.96465121 	3.0136231
-0.11051051 	-0.05 	0.728 	64.599232 	-0.93671231 	2.9895684
-0.10930931 	-0.05 	0.728 	64.629458 	-0.90850958 	2.9661226
-0.10810811 	-0.05 	0.728 	64.65969 	-0.8803042 	2.942683
-0.10690691 	-0.05 	0.728 	64.689922 	-0.85209882 	2.9192434
-0.10570571 	-0.05 	0.728 	64.720154 	-0.82389343 	2.8958038
-0.1045045 	-0.05 	0.728 	64.750386 	-0.79568805 	2.8723642
-0.1033033 	-0.05 	0.728 	64.780617 	-0.76748266 	2.8489246
-0.1021021 	-0.05 	0.728 	64.810849 	-0.73927728 	2.8254849
-0.1009009 	-0.05 	0.728 	64.841081 	-0.7110719 	2.8020453
-0.0996997 	-0.05 	0.728 	64.871313 	-0.68286651 	2.7786057
-0.098498498 	-0.05 	0.728 	64.901545 	-0.65466113 	2.7551661
-0.097297297 	-0.05 	0.728 	64.931777 	-0.62645575 	2.7317265
-0.096096096 	-0.05 	0.728 	64.96081 	-0.5927765 	2.7075359
-0.094894895 	-0.05 	0.728 	64.989302 	-0.55662818 	2.6830065
-0.093693694 	-0.05 	0.728 	65.017794 	-0.52047986 	2.6584772
-0.092492492 	-0.05 	0.728 	65.046286 	-0.48433153 	2.6339478
-0.091291291 	-0.05 	0.728 	65.074969 	-0.44748761 	2.6092163
-0.09009009 	-0.05 	0.728 	65.104178 	-0.40873344 	2.5839298
-0.088888889 	-0.05 	0.728 	65.133387 	-0.36997927 	2.5586432
-0.087687688 	-0.05 	0.728 	65.162596 	-0.3312251 	2.5333567
-0.086486486 	-0.05 	0.728 	65.191805 	-0.29247093 	2.5080702
-0.085285285 	-0.05 	0.728 	65.225205 	-0.2393364 	2.4822527
-0.084084084 	-0.05 	0.728 	65.259093 	-0.18452934 	2.4563736
-0.082882883 	-0.05 	0.728 	65.29298 	-0.12972228 	2.4304944
-0.081681682 	-0.05 	0.728 	65.326868 	-0.074915225 	2.4046152
-0.08048048 	-0.05 	0.728 	65.360755 	-0.020108165 	2.3787361
-0.079279279 	-0.05 	0.728 	65.394883 	0.035246223 	2.3531381
-0.078078078 	-0.05 	0.728 	65.42917 	0.090963355 	2.3277265
-0.076876877 	-0.05 	0.728 	65.463458 	0.14668049 	2.3023149
-0.075675676 	-0.05 	0.728 	65.497745 	0.20239762 	2.2769032
-0.074474474 	-0.05 	0.728 	65.532032 	0.25811475 	2.2514916
-0.073273273 	-0.05 	0.728 	65.566319 	0.31383188 	2.22608
-0.072072072 	-0.05 	0.728 	65.600606 	0.36954901 	2.2006684
-0.070870871 	-0.05 	0.728 	65.634893 	0.42526615 	2.1752567
-0.06966967 	-0.05 	0.728 	65.66918 	0.48098328 	2.1498451
-0.068468468 	-0.05 	0.728 	65.703468 	0.53670041 	2.1244335
-0.067267267 	-0.05 	0.728 	65.737755 	0.59241754 	2.0990219
-0.066066066 	-0.05 	0.728 	65.770321 	0.64978387 	2.073675
-0.064864865 	-0.05 	0.728 	65.791607 	0.71796239 	2.048753
-0.063663664 	-0.05 	0.728 	65.812892 	0.78614092 	2.023831
-0.062462462 	-0.05 	0.728 	65.834178 	0.85431944 	1.998909
-0.061261261 	-0.05 	0.728 	65.855464 	0.92249797 	1.973987
-0.06006006 	-0.05 	0.728 	65.87043 	0.99897399 	1.9488916
-0.058858859 	-0.05 	0.728 	65.884524 	1.0765948 	1.9237724
-0.057657658 	-0.05 	0.728 	65.898619 	1.1542156 	1.8986531
-0.056456456 	-0.05 	0.728 	65.912713 	1.2318365 	1.8735338
-0.055255255 	-0.05 	0.728 	65.918489 	1.3624048 	1.8460187
-0.054054054 	-0.05 	0.728 	65.917476 	1.5361768 	1.8165488
-0.052852853 	-0.05 	0.728 	65.916464 	1.7099489 	1.7870788
-0.051651652 	-0.05 	0.728 	65.915451 	1.8837209 	1.7576089
-0.05045045 	-0.05 	0.728 	65.914439 	2.0574929 	1.728139
-0.049249249 	-0.05 	0.728 	65.913264 	2.2309837 	1.6989329
-0.048048048 	-0.05 	0.728 	65.911352 	2.403191 	1.6709309
-0.046846847 	-0.05 	0.728 	65.909439 	2.5753984 	1.6429289
-0.045645646 	-0.05 	0.728 	65.907526 	2.7476057 	1.6149269
-0.044444444 	-0.05 	0.728 	65.905614 	2.9198131 	1.5869249
-0.043243243 	-0.05 	0.728 	65.903701 	3.0920204 	1.5589228
-0.042042042 	-0.05 	0.728 	65.901789 	3.2642278 	1.5309208
-0.040840841 	-0.05 	0.728 	65.899876 	3.4364351 	1.5029188
-0.03963964 	-0.05 	0.728 	65.897963 	3.6086425 	1.4749168
-0.038438438 	-0.05 	0.728 	65.896051 	3.7808499 	1.4469148
-0.037237237 	-0.05 	0.728 	65.894138 	3.9530572 	1.4189128
-0.036036036 	-0.05 	0.728 	65.889366 	4.1306023 	1.3911772
-0.034834835 	-0.05 	0.728 	65.849442 	4.3737533 	1.3667172
-0.033633634 	-0.05 	0.728 	65.809519 	4.6169043 	1.3422571
-0.032432432 	-0.05 	0.728 	65.769596 	4.8600552 	1.317797
-0.031231231 	-0.05 	0.728 	65.729672 	5.1032062 	1.2933369
-0.03003003 	-0.05 	0.728 	65.662957 	5.3413485 	1.2720741
-0.028828829 	-0.05 	0.728 	65.557931 	5.572329 	1.255383
-0.027627628 	-0.05 	0.728 	65.452906 	5.8033096 	1.238692
-0.026426426 	-0.05 	0.728 	65.34788 	6.0342901 	1.2220009
-0.025225225 	-0.05 	0.728 	65.242854 	6.2652707 	1.2053098
-0.024024024 	-0.05 	0.728 	65.137829 	6.4962512 	1.1886188
-0.022822823 	-0.05 	0.728 	65.032803 	6.7272317 	1.1719277
-0.021621622 	-0.05 	0.728 	64.927777 	6.9582123 	1.1552366
-0.02042042 	-0.05 	0.728 	64.86449 	7.194019 	1.1353216
-0.019219219 	-0.05 	0.728 	64.803459 	7.4300866 	1.1152323
-0.018018018 	-0.05 	0.728 	64.742428 	7.6661542 	1.095143
-0.016816817 	-0.05 	0.728 	64.681396 	7.9022218 	1.0750537
-0.015615616 	-0.05 	0.728 	64.620365 	8.1382894 	1.0549644
-0.014414414 	-0.05 	0.728 	64.493359 	8.1320792 	1.0297475
-0.013213213 	-0.05 	0.728 	64.345722 	7.9934776 	1.0012953
-0.012012012 	-0.05 	0.728 	64.206266 	7.8609899 	0.9724306
-0.010810811 	-0.05 	0.728 	64.10922 	7.7601972 	0.94142791
-0.0096096096 	-0.05 	0.728 	64.038043 	7.6787379 	0.90912107
-0.0084084084 	-0.05 	0.728 	63.966865 	7.5972785 	0.87681423
-0.0072072072 	-0.05 	0.728 	63.895688 	7.5158192 	0.84450739
-0.006006006 	-0.05 	0.728 	63.824511 	7.4343599 	0.81220055
-0.0048048048 	-0.05 	0.728 	63.753334 	7.3529005 	0.77989371
-0.0036036036 	-0.05 	0.728 	63.682156 	7.2714412 	0.74758687
-0.0024024024 	-0.05 	0.728 	63.610979 	7.1899818 	0.71528003
-0.0012012012 	-0.05 	0.728 	63.539802 	7.1085225 	0.6829732
-7.9669196e-15 	-0.05 	0.728 	63.468625 	7.0270632 	0.65066636
