-1.2 	-0.05 	0.819 	50.101624 	-2.8926346 	3.7365244
-1.1987988 	-0.05 	0.819 	50.110141 	-2.9026069 	3.7569967
-1.1975976 	-0.05 	0.819 	50.118657 	-2.9125791 	3.7774689
-1.1963964 	-0.05 	0.819 	50.127174 	-2.9225514 	3.7979412
-1.1951952 	-0.05 	0.819 	50.13569 	-2.9325237 	3.8184135
-1.193994 	-0.05 	0.819 	50.144207 	-2.9424959 	3.8388857
-1.1927928 	-0.05 	0.819 	50.152723 	-2.9524682 	3.859358
-1.1915916 	-0.05 	0.819 	50.161239 	-2.9624405 	3.8798303
-1.1903904 	-0.05 	0.819 	50.169756 	-2.9724127 	3.9003025
-1.1891892 	-0.05 	0.819 	50.178272 	-2.982385 	3.9207748
-1.187988 	-0.05 	0.819 	50.186789 	-2.9923573 	3.9412471
-1.1867868 	-0.05 	0.819 	50.195305 	-3.0023296 	3.9617193
-1.1855856 	-0.05 	0.819 	50.203822 	-3.0123018 	3.9821916
-1.1843844 	-0.05 	0.819 	50.212338 	-3.0222741 	4.0026638
-1.1831832 	-0.05 	0.819 	50.220855 	-3.0322464 	4.0231361
-1.181982 	-0.05 	0.819 	50.229371 	-3.0422186 	4.0436084
-1.1807808 	-0.05 	0.819 	50.237887 	-3.0521909 	4.0640806
-1.1795796 	-0.05 	0.819 	50.246404 	-3.0621632 	4.0845529
-1.1783784 	-0.05 	0.819 	50.25492 	-3.0721354 	4.1050252
-1.1771772 	-0.05 	0.819 	50.263437 	-3.0821077 	4.1254974
-1.175976 	-0.05 	0.819 	50.271953 	-3.09208 	4.1459697
-1.1747748 	-0.05 	0.819 	50.28047 	-3.1020523 	4.166442
-1.1735736 	-0.05 	0.819 	50.288986 	-3.1120245 	4.1869142
-1.1723724 	-0.05 	0.819 	50.297503 	-3.1219968 	4.2073865
-1.1711712 	-0.05 	0.819 	50.306019 	-3.1319691 	4.2278588
-1.16997 	-0.05 	0.819 	50.314535 	-3.1419413 	4.248331
-1.1687688 	-0.05 	0.819 	50.32298 	-3.1455331 	4.2706276
-1.1675676 	-0.05 	0.819 	50.331063 	-3.1171057 	4.3020789
-1.1663664 	-0.05 	0.819 	50.339147 	-3.0886783 	4.3335302
-1.1651652 	-0.05 	0.819 	50.34723 	-3.060251 	4.3649815
-1.163964 	-0.05 	0.819 	50.355313 	-3.0318236 	4.3964328
-1.1627628 	-0.05 	0.819 	50.363396 	-3.0033963 	4.4278841
-1.1615616 	-0.05 	0.819 	50.37148 	-2.9749689 	4.4593355
-1.1603604 	-0.05 	0.819 	50.379563 	-2.9465415 	4.4907868
-1.1591592 	-0.05 	0.819 	50.387646 	-2.9181142 	4.5222381
-1.157958 	-0.05 	0.819 	50.411817 	-2.9015551 	4.5571844
-1.1567568 	-0.05 	0.819 	50.436148 	-2.8851142 	4.5921655
-1.1555556 	-0.05 	0.819 	50.460479 	-2.8686732 	4.6271467
-1.1543544 	-0.05 	0.819 	50.48481 	-2.8522322 	4.6621278
-1.1531532 	-0.05 	0.819 	50.509141 	-2.8357913 	4.6971089
-1.151952 	-0.05 	0.819 	50.533471 	-2.8193503 	4.73209
-1.1507508 	-0.05 	0.819 	50.557802 	-2.8029094 	4.7670711
-1.1495495 	-0.05 	0.819 	50.582133 	-2.7864684 	4.8020523
-1.1483483 	-0.05 	0.819 	50.605251 	-2.7949812 	4.8253016
-1.1471471 	-0.05 	0.819 	50.628282 	-2.8052769 	4.8477128
-1.1459459 	-0.05 	0.819 	50.651313 	-2.8155725 	4.8701239
-1.1447447 	-0.05 	0.819 	50.674343 	-2.8258682 	4.8925351
-1.1435435 	-0.05 	0.819 	50.697374 	-2.8361639 	4.9149462
-1.1423423 	-0.05 	0.819 	50.720405 	-2.8464595 	4.9373574
-1.1411411 	-0.05 	0.819 	50.743436 	-2.8567552 	4.9597685
-1.1399399 	-0.05 	0.819 	50.766467 	-2.8670508 	4.9821797
-1.1387387 	-0.05 	0.819 	50.789498 	-2.8773465 	5.0045909
-1.1375375 	-0.05 	0.819 	50.812529 	-2.8876422 	5.027002
-1.1363363 	-0.05 	0.819 	50.835559 	-2.8979378 	5.0494132
-1.1351351 	-0.05 	0.819 	50.85859 	-2.9082335 	5.0718243
-1.1339339 	-0.05 	0.819 	50.881621 	-2.9185292 	5.0942355
-1.1327327 	-0.05 	0.819 	50.904652 	-2.9288248 	5.1166466
-1.1315315 	-0.05 	0.819 	50.927683 	-2.9391205 	5.1390578
-1.1303303 	-0.05 	0.819 	50.950714 	-2.9494161 	5.161469
-1.1291291 	-0.05 	0.819 	50.973745 	-2.9597118 	5.1838801
-1.1279279 	-0.05 	0.819 	50.996776 	-2.9700075 	5.2062913
-1.1267267 	-0.05 	0.819 	51.019806 	-2.9803031 	5.2287024
-1.1255255 	-0.05 	0.819 	51.042837 	-2.9905988 	5.2511136
-1.1243243 	-0.05 	0.819 	51.065868 	-3.0008944 	5.2735247
-1.1231231 	-0.05 	0.819 	51.088899 	-3.0111901 	5.2959359
-1.1219219 	-0.05 	0.819 	51.11193 	-3.0214858 	5.318347
-1.1207207 	-0.05 	0.819 	51.134961 	-3.0317814 	5.3407582
-1.1195195 	-0.05 	0.819 	51.157992 	-3.0420771 	5.3631694
-1.1183183 	-0.05 	0.819 	51.181023 	-3.0523727 	5.3855805
-1.1171171 	-0.05 	0.819 	51.204053 	-3.0626684 	5.4079917
-1.1159159 	-0.05 	0.819 	51.226484 	-3.0737514 	5.4283911
-1.1147147 	-0.05 	0.819 	51.248582 	-3.0852691 	5.4476799
-1.1135135 	-0.05 	0.819 	51.270681 	-3.0967868 	5.4669687
-1.1123123 	-0.05 	0.819 	51.29278 	-3.1083044 	5.4862575
-1.1111111 	-0.05 	0.819 	51.314878 	-3.1198221 	5.5055463
-1.1099099 	-0.05 	0.819 	51.336977 	-3.1313398 	5.5248352
-1.1087087 	-0.05 	0.819 	51.359076 	-3.1428574 	5.544124
-1.1075075 	-0.05 	0.819 	51.381174 	-3.1543751 	5.5634128
-1.1063063 	-0.05 	0.819 	51.406159 	-3.1982373 	5.5751078
-1.1051051 	-0.05 	0.819 	51.431369 	-3.2446197 	5.586211
-1.1039039 	-0.05 	0.819 	51.456579 	-3.2910022 	5.5973143
-1.1027027 	-0.05 	0.819 	51.481789 	-3.3373846 	5.6084175
-1.1015015 	-0.05 	0.819 	51.506999 	-3.383767 	5.6195208
-1.1003003 	-0.05 	0.819 	51.532209 	-3.4301495 	5.630624
-1.0990991 	-0.05 	0.819 	51.557418 	-3.4765319 	5.6417273
-1.0978979 	-0.05 	0.819 	51.582687 	-3.5225454 	5.6525496
-1.0966967 	-0.05 	0.819 	51.608388 	-3.565856 	5.6613138
-1.0954955 	-0.05 	0.819 	51.634088 	-3.6091666 	5.6700781
-1.0942943 	-0.05 	0.819 	51.659789 	-3.6524772 	5.6788423
-1.0930931 	-0.05 	0.819 	51.685489 	-3.6957878 	5.6876066
-1.0918919 	-0.05 	0.819 	51.71119 	-3.7390984 	5.6963709
-1.0906907 	-0.05 	0.819 	51.73689 	-3.782409 	5.7051351
-1.0894895 	-0.05 	0.819 	51.762591 	-3.8257196 	5.7138994
-1.0882883 	-0.05 	0.819 	51.789404 	-3.8522339 	5.7249931
-1.0870871 	-0.05 	0.819 	51.817608 	-3.8577534 	5.7389985
-1.0858859 	-0.05 	0.819 	51.845813 	-3.8632729 	5.753004
-1.0846847 	-0.05 	0.819 	51.874017 	-3.8687923 	5.7670094
-1.0834835 	-0.05 	0.819 	51.902222 	-3.8743118 	5.7810148
-1.0822823 	-0.05 	0.819 	51.930426 	-3.8798312 	5.7950203
-1.0810811 	-0.05 	0.819 	51.958631 	-3.8853507 	5.8090257
-1.0798799 	-0.05 	0.819 	51.986835 	-3.8908702 	5.8230312
-1.0786787 	-0.05 	0.819 	52.015945 	-3.895694 	5.8362191
-1.0774775 	-0.05 	0.819 	52.045594 	-3.9001026 	5.8489191
-1.0762763 	-0.05 	0.819 	52.075243 	-3.9045113 	5.8616192
-1.0750751 	-0.05 	0.819 	52.104892 	-3.90892 	5.8743193
-1.0738739 	-0.05 	0.819 	52.134541 	-3.9133286 	5.8870194
-1.0726727 	-0.05 	0.819 	52.16419 	-3.9177373 	5.8997195
-1.0714715 	-0.05 	0.819 	52.193839 	-3.922146 	5.9124195
-1.0702703 	-0.05 	0.819 	52.223488 	-3.9265546 	5.9251196
-1.0690691 	-0.05 	0.819 	52.253137 	-3.9309633 	5.9378197
-1.0678679 	-0.05 	0.819 	52.282786 	-3.935372 	5.9505198
-1.0666667 	-0.05 	0.819 	52.312435 	-3.9397806 	5.9632198
-1.0654655 	-0.05 	0.819 	52.342084 	-3.9441893 	5.9759199
-1.0642643 	-0.05 	0.819 	52.371734 	-3.948598 	5.98862
-1.0630631 	-0.05 	0.819 	52.401383 	-3.9530066 	6.0013201
-1.0618619 	-0.05 	0.819 	52.431032 	-3.9574153 	6.0140201
-1.0606607 	-0.05 	0.819 	52.460681 	-3.961824 	6.0267202
-1.0594595 	-0.05 	0.819 	52.49033 	-3.9662326 	6.0394203
-1.0582583 	-0.05 	0.819 	52.519979 	-3.9706413 	6.0521204
-1.0570571 	-0.05 	0.819 	52.549628 	-3.97505 	6.0648204
-1.0558559 	-0.05 	0.819 	52.579277 	-3.9794586 	6.0775205
-1.0546547 	-0.05 	0.819 	52.608926 	-3.9838673 	6.0902206
-1.0534535 	-0.05 	0.819 	52.638575 	-3.988276 	6.1029207
-1.0522523 	-0.05 	0.819 	52.668224 	-3.9926846 	6.1156208
-1.0510511 	-0.05 	0.819 	52.697873 	-3.9970933 	6.1283208
-1.0498498 	-0.05 	0.819 	52.727523 	-4.001502 	6.1410209
-1.0486486 	-0.05 	0.819 	52.757172 	-4.0059106 	6.153721
-1.0474474 	-0.05 	0.819 	52.786821 	-4.0103193 	6.1664211
-1.0462462 	-0.05 	0.819 	52.81647 	-4.014728 	6.1791211
-1.045045 	-0.05 	0.819 	52.846392 	-3.9901344 	6.1958684
-1.0438438 	-0.05 	0.819 	52.876433 	-3.9530115 	6.2143641
-1.0426426 	-0.05 	0.819 	52.906474 	-3.9158885 	6.2328598
-1.0414414 	-0.05 	0.819 	52.936515 	-3.8787656 	6.2513555
-1.0402402 	-0.05 	0.819 	52.966555 	-3.8416426 	6.2698513
-1.039039 	-0.05 	0.819 	52.996596 	-3.8045197 	6.288347
-1.0378378 	-0.05 	0.819 	53.026637 	-3.7673968 	6.3068427
-1.0366366 	-0.05 	0.819 	53.056766 	-3.730439 	6.3251737
-1.0354354 	-0.05 	0.819 	53.08707 	-3.6938053 	6.3431813
-1.0342342 	-0.05 	0.819 	53.117373 	-3.6571717 	6.361189
-1.033033 	-0.05 	0.819 	53.147677 	-3.6205381 	6.3791967
-1.0318318 	-0.05 	0.819 	53.17798 	-3.5839044 	6.3972043
-1.0306306 	-0.05 	0.819 	53.208284 	-3.5472708 	6.415212
-1.0294294 	-0.05 	0.819 	53.238587 	-3.5106371 	6.4332197
-1.0282282 	-0.05 	0.819 	53.268915 	-3.476318 	6.4508044
-1.027027 	-0.05 	0.819 	53.299587 	-3.474195 	6.4625056
-1.0258258 	-0.05 	0.819 	53.330258 	-3.472072 	6.4742068
-1.0246246 	-0.05 	0.819 	53.36093 	-3.4699489 	6.485908
-1.0234234 	-0.05 	0.819 	53.391602 	-3.4678259 	6.4976092
-1.0222222 	-0.05 	0.819 	53.422273 	-3.4657029 	6.5093104
-1.021021 	-0.05 	0.819 	53.452945 	-3.4635798 	6.5210116
-1.0198198 	-0.05 	0.819 	53.483617 	-3.4614568 	6.5327128
-1.0186186 	-0.05 	0.819 	53.514288 	-3.4593338 	6.5444139
-1.0174174 	-0.05 	0.819 	53.54496 	-3.4572107 	6.5561151
-1.0162162 	-0.05 	0.819 	53.575631 	-3.4550877 	6.5678163
-1.015015 	-0.05 	0.819 	53.606303 	-3.4529647 	6.5795175
-1.0138138 	-0.05 	0.819 	53.636975 	-3.4508417 	6.5912187
-1.0126126 	-0.05 	0.819 	53.667646 	-3.4487186 	6.6029199
-1.0114114 	-0.05 	0.819 	53.698318 	-3.4465956 	6.6146211
-1.0102102 	-0.05 	0.819 	53.72899 	-3.4444726 	6.6263223
-1.009009 	-0.05 	0.819 	53.759661 	-3.4423495 	6.6380235
-1.0078078 	-0.05 	0.819 	53.790333 	-3.4402265 	6.6497247
-1.0066066 	-0.05 	0.819 	53.821004 	-3.4381035 	6.6614259
-1.0054054 	-0.05 	0.819 	53.851676 	-3.4359804 	6.6731271
-1.0042042 	-0.05 	0.819 	53.882348 	-3.4338574 	6.6848283
-1.003003 	-0.05 	0.819 	53.913019 	-3.4317344 	6.6965295
-1.0018018 	-0.05 	0.819 	53.943691 	-3.4296113 	6.7082307
-1.0006006 	-0.05 	0.819 	53.974362 	-3.4274883 	6.7199319
-0.9993994 	-0.05 	0.819 	54.005034 	-3.4253653 	6.7316331
-0.9981982 	-0.05 	0.819 	54.035706 	-3.4232422 	6.7433343
-0.996997 	-0.05 	0.819 	54.066377 	-3.4211192 	6.7550355
-0.9957958 	-0.05 	0.819 	54.097049 	-3.4189962 	6.7667367
-0.99459459 	-0.05 	0.819 	54.12771 	-3.4168759 	6.77844
-0.99339339 	-0.05 	0.819 	54.157528 	-3.4149839 	6.7903205
-0.99219219 	-0.05 	0.819 	54.187346 	-3.4130919 	6.8022009
-0.99099099 	-0.05 	0.819 	54.217164 	-3.4111999 	6.8140814
-0.98978979 	-0.05 	0.819 	54.246982 	-3.4093079 	6.8259618
-0.98858859 	-0.05 	0.819 	54.2768 	-3.4074159 	6.8378423
-0.98738739 	-0.05 	0.819 	54.306618 	-3.4055239 	6.8497227
-0.98618619 	-0.05 	0.819 	54.336436 	-3.4036319 	6.8616031
-0.98498498 	-0.05 	0.819 	54.366254 	-3.4017399 	6.8734836
-0.98378378 	-0.05 	0.819 	54.397215 	-3.4202703 	6.8816267
-0.98258258 	-0.05 	0.819 	54.428985 	-3.453265 	6.8871227
-0.98138138 	-0.05 	0.819 	54.460756 	-3.4862598 	6.8926188
-0.98018018 	-0.05 	0.819 	54.492526 	-3.5192546 	6.8981148
-0.97897898 	-0.05 	0.819 	54.524297 	-3.5522494 	6.9036109
-0.97777778 	-0.05 	0.819 	54.556067 	-3.5852442 	6.9091069
-0.97657658 	-0.05 	0.819 	54.587837 	-3.6182389 	6.914603
-0.97537538 	-0.05 	0.819 	54.619052 	-3.6515723 	6.9201727
-0.97417417 	-0.05 	0.819 	54.649709 	-3.6852459 	6.9258165
-0.97297297 	-0.05 	0.819 	54.680365 	-3.7189194 	6.9314602
-0.97177177 	-0.05 	0.819 	54.711021 	-3.7525929 	6.937104
-0.97057057 	-0.05 	0.819 	54.741678 	-3.7862665 	6.9427478
-0.96936937 	-0.05 	0.819 	54.772334 	-3.81994 	6.9483915
-0.96816817 	-0.05 	0.819 	54.802991 	-3.8536136 	6.9540353
-0.96696697 	-0.05 	0.819 	54.826927 	-3.8742237 	6.9610083
-0.96576577 	-0.05 	0.819 	54.844428 	-3.8823262 	6.9692538
-0.96456456 	-0.05 	0.819 	54.861929 	-3.8904287 	6.9774994
-0.96336336 	-0.05 	0.819 	54.87943 	-3.8985313 	6.985745
-0.96216216 	-0.05 	0.819 	54.896931 	-3.9066338 	6.9939905
-0.96096096 	-0.05 	0.819 	54.914432 	-3.9147363 	7.0022361
-0.95975976 	-0.05 	0.819 	54.931933 	-3.9228388 	7.0104817
-0.95855856 	-0.05 	0.819 	54.949434 	-3.9309414 	7.0187272
-0.95735736 	-0.05 	0.819 	54.966936 	-3.9390451 	7.0269724
-0.95615616 	-0.05 	0.819 	54.985085 	-3.9480445 	7.034935
-0.95495495 	-0.05 	0.819 	55.003234 	-3.9570439 	7.0428976
-0.95375375 	-0.05 	0.819 	55.021383 	-3.9660433 	7.0508602
-0.95255255 	-0.05 	0.819 	55.039532 	-3.9750427 	7.0588228
-0.95135135 	-0.05 	0.819 	55.057681 	-3.9840421 	7.0667854
-0.95015015 	-0.05 	0.819 	55.075829 	-3.9930414 	7.074748
-0.94894895 	-0.05 	0.819 	55.093978 	-4.0020408 	7.0827106
-0.94774775 	-0.05 	0.819 	55.112127 	-4.0110402 	7.0906732
-0.94654655 	-0.05 	0.819 	55.130276 	-4.0200396 	7.0986358
-0.94534535 	-0.05 	0.819 	55.148425 	-4.029039 	7.1065984
-0.94414414 	-0.05 	0.819 	55.166574 	-4.0380384 	7.114561
-0.94294294 	-0.05 	0.819 	55.184723 	-4.0470378 	7.1225236
-0.94174174 	-0.05 	0.819 	55.202872 	-4.0560372 	7.1304862
-0.94054054 	-0.05 	0.819 	55.221021 	-4.0650366 	7.1384488
-0.93933934 	-0.05 	0.819 	55.23917 	-4.074036 	7.1464114
-0.93813814 	-0.05 	0.819 	55.257319 	-4.0830354 	7.154374
-0.93693694 	-0.05 	0.819 	55.275468 	-4.0920348 	7.1623366
-0.93573574 	-0.05 	0.819 	55.293617 	-4.1010342 	7.1702992
-0.93453453 	-0.05 	0.819 	55.311766 	-4.1100336 	7.1782618
-0.93333333 	-0.05 	0.819 	55.329915 	-4.119033 	7.1862244
-0.93213213 	-0.05 	0.819 	55.348064 	-4.1280324 	7.194187
-0.93093093 	-0.05 	0.819 	55.366213 	-4.1370318 	7.2021496
-0.92972973 	-0.05 	0.819 	55.384362 	-4.1460312 	7.2101122
-0.92852853 	-0.05 	0.819 	55.402511 	-4.1550306 	7.2180748
-0.92732733 	-0.05 	0.819 	55.420659 	-4.16403 	7.2260374
-0.92612613 	-0.05 	0.819 	55.438808 	-4.1730294 	7.234
-0.92492492 	-0.05 	0.819 	55.456957 	-4.1820288 	7.2419626
-0.92372372 	-0.05 	0.819 	55.475106 	-4.1910282 	7.2499252
-0.92252252 	-0.05 	0.819 	55.48992 	-4.1929932 	7.2587412
-0.92132132 	-0.05 	0.819 	55.49934 	-4.1835824 	7.2689374
-0.92012012 	-0.05 	0.819 	55.50876 	-4.1741715 	7.2791337
-0.91891892 	-0.05 	0.819 	55.51818 	-4.1647607 	7.2893299
-0.91771772 	-0.05 	0.819 	55.5276 	-4.1553498 	7.2995261
-0.91651652 	-0.05 	0.819 	55.53702 	-4.1459389 	7.3097224
-0.91531532 	-0.05 	0.819 	55.54644 	-4.1365281 	7.3199186
-0.91411411 	-0.05 	0.819 	55.562511 	-4.128199 	7.3294688
-0.91291291 	-0.05 	0.819 	55.581358 	-4.1203214 	7.3387494
-0.91171171 	-0.05 	0.819 	55.600205 	-4.1124439 	7.34803
-0.91051051 	-0.05 	0.819 	55.619052 	-4.1045663 	7.3573106
-0.90930931 	-0.05 	0.819 	55.637899 	-4.0966887 	7.3665912
-0.90810811 	-0.05 	0.819 	55.656745 	-4.0888111 	7.3758718
-0.90690691 	-0.05 	0.819 	55.673214 	-4.0834852 	7.3850872
-0.90570571 	-0.05 	0.819 	55.6685 	-4.1008871 	7.3937214
-0.9045045 	-0.05 	0.819 	55.663786 	-4.1182891 	7.4023555
-0.9033033 	-0.05 	0.819 	55.659072 	-4.135691 	7.4109897
-0.9021021 	-0.05 	0.819 	55.654359 	-4.1530929 	7.4196239
-0.9009009 	-0.05 	0.819 	55.649645 	-4.1704948 	7.428258
-0.8996997 	-0.05 	0.819 	55.644931 	-4.1878968 	7.4368922
-0.8984985 	-0.05 	0.819 	55.640217 	-4.2052987 	7.4455264
-0.8972973 	-0.05 	0.819 	55.635503 	-4.2227006 	7.4541605
-0.8960961 	-0.05 	0.819 	55.627478 	-4.2448218 	7.4628613
-0.89489489 	-0.05 	0.819 	55.606864 	-4.2848825 	7.4718152
-0.89369369 	-0.05 	0.819 	55.586251 	-4.3249432 	7.4807691
-0.89249249 	-0.05 	0.819 	55.565637 	-4.3650039 	7.489723
-0.89129129 	-0.05 	0.819 	55.545024 	-4.4050646 	7.4986768
-0.89009009 	-0.05 	0.819 	55.52441 	-4.4451253 	7.5076307
-0.88888889 	-0.05 	0.819 	55.503797 	-4.485186 	7.5165846
-0.88768769 	-0.05 	0.819 	55.483184 	-4.5252467 	7.5255385
-0.88648649 	-0.05 	0.819 	55.46257 	-4.5653074 	7.5344924
-0.88528529 	-0.05 	0.819 	55.445969 	-4.5994927 	7.5426943
-0.88408408 	-0.05 	0.819 	55.439938 	-4.6181975 	7.5489147
-0.88288288 	-0.05 	0.819 	55.433908 	-4.6369023 	7.5551352
-0.88168168 	-0.05 	0.819 	55.427878 	-4.6556071 	7.5613556
-0.88048048 	-0.05 	0.819 	55.421847 	-4.6743119 	7.5675761
-0.87927928 	-0.05 	0.819 	55.415817 	-4.6930168 	7.5737965
-0.87807808 	-0.05 	0.819 	55.409787 	-4.7117216 	7.580017
-0.87687688 	-0.05 	0.819 	55.403756 	-4.7304264 	7.5862374
-0.87567568 	-0.05 	0.819 	55.397726 	-4.7491312 	7.5924579
-0.87447447 	-0.05 	0.819 	55.391695 	-4.767836 	7.5986783
-0.87327327 	-0.05 	0.819 	55.385665 	-4.7865408 	7.6048988
-0.87207207 	-0.05 	0.819 	55.379635 	-4.8052456 	7.6111192
-0.87087087 	-0.05 	0.819 	55.373604 	-4.8239504 	7.6173396
-0.86966967 	-0.05 	0.819 	55.367574 	-4.8426552 	7.6235601
-0.86846847 	-0.05 	0.819 	55.361544 	-4.86136 	7.6297805
-0.86726727 	-0.05 	0.819 	55.355513 	-4.8800648 	7.636001
-0.86606607 	-0.05 	0.819 	55.349483 	-4.8987697 	7.6422214
-0.86486486 	-0.05 	0.819 	55.343452 	-4.9174745 	7.6484419
-0.86366366 	-0.05 	0.819 	55.337422 	-4.9361793 	7.6546623
-0.86246246 	-0.05 	0.819 	55.331392 	-4.9548841 	7.6608828
-0.86126126 	-0.05 	0.819 	55.455204 	-4.7803693 	7.6415083
-0.86006006 	-0.05 	0.819 	55.445013 	-4.7976411 	7.6454304
-0.85885886 	-0.05 	0.819 	55.434823 	-4.8149129 	7.6493526
-0.85765766 	-0.05 	0.819 	55.424632 	-4.8321846 	7.6532747
-0.85645646 	-0.05 	0.819 	55.414441 	-4.8494564 	7.6571968
-0.85525526 	-0.05 	0.819 	55.40425 	-4.8667282 	7.661119
-0.85405405 	-0.05 	0.819 	55.39406 	-4.8839999 	7.6650411
-0.85285285 	-0.05 	0.819 	55.436849 	-4.8555387 	7.6723282
-0.85165165 	-0.05 	0.819 	55.484594 	-4.8227987 	7.6799302
-0.85045045 	-0.05 	0.819 	55.532339 	-4.7900588 	7.6875321
-0.84924925 	-0.05 	0.819 	55.580085 	-4.7573188 	7.695134
-0.84804805 	-0.05 	0.819 	55.62783 	-4.7245789 	7.702736
-0.84684685 	-0.05 	0.819 	55.675576 	-4.691839 	7.7103379
-0.84564565 	-0.05 	0.819 	55.586422 	-4.8361617 	7.7454343
-0.84444444 	-0.05 	0.819 	55.624914 	-4.7678998 	7.758698
-0.84324324 	-0.05 	0.819 	55.663406 	-4.6996378 	7.7719616
-0.84204204 	-0.05 	0.819 	55.701898 	-4.6313758 	7.7852252
-0.84084084 	-0.05 	0.819 	55.74039 	-4.5631138 	7.7984888
-0.83963964 	-0.05 	0.819 	55.778882 	-4.4948519 	7.8117525
-0.83843844 	-0.05 	0.819 	55.817374 	-4.4265899 	7.8250161
-0.83723724 	-0.05 	0.819 	55.855866 	-4.3583279 	7.8382797
-0.83603604 	-0.05 	0.819 	55.894358 	-4.2900659 	7.8515434
-0.83483483 	-0.05 	0.819 	55.928898 	-4.228741 	7.8647124
-0.83363363 	-0.05 	0.819 	55.958019 	-4.1769289 	7.8777516
-0.83243243 	-0.05 	0.819 	55.98714 	-4.1251168 	7.8907908
-0.83123123 	-0.05 	0.819 	56.016261 	-4.0733047 	7.90383
-0.83003003 	-0.05 	0.819 	56.045381 	-4.0214927 	7.9168693
-0.82882883 	-0.05 	0.819 	56.074502 	-3.9696806 	7.9299085
-0.82762763 	-0.05 	0.819 	56.103623 	-3.9178685 	7.9429477
-0.82642643 	-0.05 	0.819 	56.132744 	-3.8660564 	7.9559869
-0.82522523 	-0.05 	0.819 	56.161865 	-3.8142443 	7.9690261
-0.82402402 	-0.05 	0.819 	56.190986 	-3.7624322 	7.9820654
-0.82282282 	-0.05 	0.819 	56.232206 	-3.7306903 	7.9946444
-0.82162162 	-0.05 	0.819 	56.284395 	-3.7171459 	8.0068063
-0.82042042 	-0.05 	0.819 	56.336584 	-3.7036014 	8.0189681
-0.81921922 	-0.05 	0.819 	56.388773 	-3.690057 	8.03113
-0.81801802 	-0.05 	0.819 	56.440962 	-3.6765126 	8.0432918
-0.81681682 	-0.05 	0.819 	56.493151 	-3.6629682 	8.0554537
-0.81561562 	-0.05 	0.819 	56.54534 	-3.6494238 	8.0676155
-0.81441441 	-0.05 	0.819 	56.597529 	-3.6358794 	8.0797774
-0.81321321 	-0.05 	0.819 	56.649718 	-3.6223349 	8.0919392
-0.81201201 	-0.05 	0.819 	56.701907 	-3.6087905 	8.104101
-0.81081081 	-0.05 	0.819 	56.757441 	-3.5935451 	8.1169019
-0.80960961 	-0.05 	0.819 	56.814935 	-3.5773035 	8.1300769
-0.80840841 	-0.05 	0.819 	56.872429 	-3.561062 	8.1432519
-0.80720721 	-0.05 	0.819 	56.929923 	-3.5448204 	8.1564269
-0.80600601 	-0.05 	0.819 	56.987417 	-3.5285788 	8.1696019
-0.8048048 	-0.05 	0.819 	57.04491 	-3.5123372 	8.182777
-0.8036036 	-0.05 	0.819 	57.102404 	-3.4960956 	8.195952
-0.8024024 	-0.05 	0.819 	57.159898 	-3.479854 	8.209127
-0.8012012 	-0.05 	0.819 	57.217392 	-3.4636124 	8.222302
-0.8 	-0.05 	0.819 	57.261632 	-3.4504956 	8.2371135
-0.7987988 	-0.05 	0.819 	57.272173 	-3.4453243 	8.2560862
-0.7975976 	-0.05 	0.819 	57.282714 	-3.4401529 	8.2750588
-0.7963964 	-0.05 	0.819 	57.293255 	-3.4349816 	8.2940315
-0.7951952 	-0.05 	0.819 	57.303795 	-3.4298102 	8.3130041
-0.79399399 	-0.05 	0.819 	57.314336 	-3.4246389 	8.3319768
-0.79279279 	-0.05 	0.819 	57.322634 	-3.4193578 	8.3476873
-0.79159159 	-0.05 	0.819 	57.31706 	-3.4133985 	8.3432264
-0.79039039 	-0.05 	0.819 	57.311487 	-3.4074392 	8.3387655
-0.78918919 	-0.05 	0.819 	57.305913 	-3.4014799 	8.3343046
-0.78798799 	-0.05 	0.819 	57.30034 	-3.3955206 	8.3298437
-0.78678679 	-0.05 	0.819 	57.294766 	-3.3895613 	8.3253827
-0.78558559 	-0.05 	0.819 	57.290809 	-3.3836467 	8.3214257
-0.78438438 	-0.05 	0.819 	57.31538 	-3.3785215 	8.3263622
-0.78318318 	-0.05 	0.819 	57.339951 	-3.3733962 	8.3312987
-0.78198198 	-0.05 	0.819 	57.364522 	-3.368271 	8.3362352
-0.78078078 	-0.05 	0.819 	57.389093 	-3.3631458 	8.3411717
-0.77957958 	-0.05 	0.819 	57.413664 	-3.3580206 	8.3461082
-0.77837838 	-0.05 	0.819 	57.438236 	-3.3528954 	8.3510447
-0.77717718 	-0.05 	0.819 	57.462807 	-3.3477702 	8.3559812
-0.77597598 	-0.05 	0.819 	57.487378 	-3.3426449 	8.3609177
-0.77477477 	-0.05 	0.819 	57.511949 	-3.3375197 	8.3658542
-0.77357357 	-0.05 	0.819 	57.535863 	-3.3326477 	8.3719373
-0.77237237 	-0.05 	0.819 	57.559416 	-3.3279147 	8.3786502
-0.77117117 	-0.05 	0.819 	57.582969 	-3.3231818 	8.385363
-0.76996997 	-0.05 	0.819 	57.606522 	-3.3184488 	8.3920759
-0.76876877 	-0.05 	0.819 	57.630075 	-3.3137159 	8.3987887
-0.76756757 	-0.05 	0.819 	57.653628 	-3.3089829 	8.4055016
-0.76636637 	-0.05 	0.819 	57.677182 	-3.3042499 	8.4122144
-0.76516517 	-0.05 	0.819 	57.700735 	-3.299517 	8.4189273
-0.76396396 	-0.05 	0.819 	57.724288 	-3.294784 	8.4256401
-0.76276276 	-0.05 	0.819 	57.747841 	-3.2900511 	8.432353
-0.76156156 	-0.05 	0.819 	57.774608 	-3.2988232 	8.4385364
-0.76036036 	-0.05 	0.819 	57.802456 	-3.3121359 	8.4445418
-0.75915916 	-0.05 	0.819 	57.830305 	-3.3254486 	8.4505473
-0.75795796 	-0.05 	0.819 	57.858153 	-3.3387613 	8.4565527
-0.75675676 	-0.05 	0.819 	57.886001 	-3.352074 	8.4625581
-0.75555556 	-0.05 	0.819 	57.913849 	-3.3653867 	8.4685636
-0.75435435 	-0.05 	0.819 	57.941697 	-3.3786994 	8.474569
-0.75315315 	-0.05 	0.819 	57.969545 	-3.3920121 	8.4805745
-0.75195195 	-0.05 	0.819 	57.997394 	-3.4053248 	8.4865799
-0.75075075 	-0.05 	0.819 	58.025242 	-3.4186375 	8.4925853
-0.74954955 	-0.05 	0.819 	58.052976 	-3.432138 	8.4972978
-0.74834835 	-0.05 	0.819 	58.080691 	-3.4456716 	8.5017836
-0.74714715 	-0.05 	0.819 	58.108405 	-3.4592051 	8.5062694
-0.74594595 	-0.05 	0.819 	58.13612 	-3.4727386 	8.5107552
-0.74474474 	-0.05 	0.819 	58.163834 	-3.4862721 	8.515241
-0.74354354 	-0.05 	0.819 	58.191548 	-3.4998057 	8.5197269
-0.74234234 	-0.05 	0.819 	58.219263 	-3.5133392 	8.5242127
-0.74114114 	-0.05 	0.819 	58.246977 	-3.5268727 	8.5286985
-0.73993994 	-0.05 	0.819 	58.274692 	-3.5404062 	8.5331843
-0.73873874 	-0.05 	0.819 	58.291763 	-3.5753275 	8.5386791
-0.73753754 	-0.05 	0.819 	58.288337 	-3.6514388 	8.5461172
-0.73633634 	-0.05 	0.819 	58.284911 	-3.7275501 	8.5535553
-0.73513514 	-0.05 	0.819 	58.281484 	-3.8036614 	8.5609933
-0.73393393 	-0.05 	0.819 	58.278058 	-3.8797727 	8.5684314
-0.73273273 	-0.05 	0.819 	58.274632 	-3.9558841 	8.5758695
-0.73153153 	-0.05 	0.819 	58.276048 	-4.0342595 	8.580635
-0.73033033 	-0.05 	0.819 	58.286314 	-4.1167735 	8.5805153
-0.72912913 	-0.05 	0.819 	58.29658 	-4.1992875 	8.5803957
-0.72792793 	-0.05 	0.819 	58.306847 	-4.2818015 	8.580276
-0.72672673 	-0.05 	0.819 	58.317113 	-4.3643155 	8.5801564
-0.72552553 	-0.05 	0.819 	58.32738 	-4.4468295 	8.5800367
-0.72432432 	-0.05 	0.819 	58.33765 	-4.4978123 	8.5800803
-0.72312312 	-0.05 	0.819 	58.347927 	-4.5041227 	8.5803551
-0.72192192 	-0.05 	0.819 	58.358203 	-4.5104331 	8.58063
-0.72072072 	-0.05 	0.819 	58.36848 	-4.5167436 	8.5809048
-0.71951952 	-0.05 	0.819 	58.378756 	-4.523054 	8.5811797
-0.71831832 	-0.05 	0.819 	58.389033 	-4.5293644 	8.5814545
-0.71711712 	-0.05 	0.819 	58.399309 	-4.5356748 	8.5817293
-0.71591592 	-0.05 	0.819 	58.409586 	-4.5419853 	8.5820042
-0.71471471 	-0.05 	0.819 	58.419862 	-4.5482957 	8.582279
-0.71351351 	-0.05 	0.819 	58.430139 	-4.5546061 	8.5825539
-0.71231231 	-0.05 	0.819 	58.444049 	-4.562346 	8.5840766
-0.71111111 	-0.05 	0.819 	58.458537 	-4.5703135 	8.5857982
-0.70990991 	-0.05 	0.819 	58.473026 	-4.5782811 	8.5875198
-0.70870871 	-0.05 	0.819 	58.487515 	-4.5862487 	8.5892414
-0.70750751 	-0.05 	0.819 	58.518087 	-4.4722944 	8.598836
-0.70630631 	-0.05 	0.819 	58.551772 	-4.3347528 	8.6099538
-0.70510511 	-0.05 	0.819 	58.585456 	-4.1972113 	8.6210715
-0.7039039 	-0.05 	0.819 	58.61914 	-4.0596697 	8.6321892
-0.7027027 	-0.05 	0.819 	58.652825 	-3.9221281 	8.6433069
-0.7015015 	-0.05 	0.819 	58.686509 	-3.7845865 	8.6544247
-0.7003003 	-0.05 	0.819 	58.719777 	-3.6686384 	8.6645736
-0.6990991 	-0.05 	0.819 	58.753032 	-3.553394 	8.6746911
-0.6978979 	-0.05 	0.819 	58.786286 	-3.4381496 	8.6848085
-0.6966967 	-0.05 	0.819 	58.819541 	-3.3229052 	8.6949259
-0.6954955 	-0.05 	0.819 	58.852795 	-3.2076609 	8.7050433
-0.69429429 	-0.05 	0.819 	58.88204 	-3.108609 	8.7136724
-0.69309309 	-0.05 	0.819 	58.892259 	-3.0863973 	8.7152384
-0.69189189 	-0.05 	0.819 	58.902478 	-3.0641857 	8.7168045
-0.69069069 	-0.05 	0.819 	58.912697 	-3.041974 	8.7183705
-0.68948949 	-0.05 	0.819 	58.922913 	-3.0198411 	8.7199845
-0.68828829 	-0.05 	0.819 	58.933086 	-2.9986878 	8.7221943
-0.68708709 	-0.05 	0.819 	58.94326 	-2.9775346 	8.7244041
-0.68588589 	-0.05 	0.819 	58.953433 	-2.9563813 	8.7266138
-0.68468468 	-0.05 	0.819 	58.963607 	-2.935228 	8.7288236
-0.68348348 	-0.05 	0.819 	58.97378 	-2.9140747 	8.7310334
-0.68228228 	-0.05 	0.819 	58.983954 	-2.8929215 	8.7332432
-0.68108108 	-0.05 	0.819 	58.994127 	-2.8717682 	8.735453
-0.67987988 	-0.05 	0.819 	59.004301 	-2.8506149 	8.7376628
-0.67867868 	-0.05 	0.819 	59.014474 	-2.8294617 	8.7398726
-0.67747748 	-0.05 	0.819 	59.027818 	-2.8343271 	8.7399329
-0.67627628 	-0.05 	0.819 	59.049592 	-2.9083734 	8.7342781
-0.67507508 	-0.05 	0.819 	59.071367 	-2.9824198 	8.7286233
-0.67387387 	-0.05 	0.819 	59.093141 	-3.0564661 	8.7229685
-0.67267267 	-0.05 	0.819 	59.114915 	-3.1305124 	8.7173137
-0.67147147 	-0.05 	0.819 	59.136689 	-3.2045588 	8.7116588
-0.67027027 	-0.05 	0.819 	59.157647 	-3.2793382 	8.7063303
-0.66906907 	-0.05 	0.819 	59.178024 	-3.3546381 	8.7012334
-0.66786787 	-0.05 	0.819 	59.198401 	-3.4299381 	8.6961366
-0.66666667 	-0.05 	0.819 	59.218779 	-3.5052381 	8.6910397
-0.66546547 	-0.05 	0.819 	59.239156 	-3.5805381 	8.6859429
-0.66426426 	-0.05 	0.819 	59.259533 	-3.6558381 	8.680846
-0.66306306 	-0.05 	0.819 	59.274181 	-3.6502855 	8.6825235
-0.66186186 	-0.05 	0.819 	59.288491 	-3.639976 	8.6845996
-0.66066066 	-0.05 	0.819 	59.302801 	-3.6296664 	8.6866756
-0.65945946 	-0.05 	0.819 	59.317111 	-3.6193568 	8.6887517
-0.65825826 	-0.05 	0.819 	59.331421 	-3.6090472 	8.6908277
-0.65705706 	-0.05 	0.819 	59.345731 	-3.5987377 	8.6929038
-0.65585586 	-0.05 	0.819 	59.360041 	-3.5884281 	8.6949798
-0.65465465 	-0.05 	0.819 	59.374351 	-3.5781185 	8.6970559
-0.65345345 	-0.05 	0.819 	59.388662 	-3.5678089 	8.6991319
-0.65225225 	-0.05 	0.819 	59.402988 	-3.557461 	8.7012187
-0.65105105 	-0.05 	0.819 	59.417479 	-3.5467297 	8.703413
-0.64984985 	-0.05 	0.819 	59.43197 	-3.5359984 	8.7056072
-0.64864865 	-0.05 	0.819 	59.446461 	-3.5252671 	8.7078014
-0.64744745 	-0.05 	0.819 	59.460952 	-3.5145358 	8.7099957
-0.64624625 	-0.05 	0.819 	59.472227 	-3.4372417 	8.7187604
-0.64504505 	-0.05 	0.819 	59.482779 	-3.3449808 	8.7290025
-0.64384384 	-0.05 	0.819 	59.493331 	-3.2527198 	8.7392447
-0.64264264 	-0.05 	0.819 	59.503883 	-3.1604589 	8.7494868
-0.64144144 	-0.05 	0.819 	59.514435 	-3.0681979 	8.7597289
-0.64024024 	-0.05 	0.819 	59.524949 	-2.9756704 	8.7698222
-0.63903904 	-0.05 	0.819 	59.535302 	-2.8820343 	8.7792964
-0.63783784 	-0.05 	0.819 	59.545655 	-2.7883982 	8.7887706
-0.63663664 	-0.05 	0.819 	59.556008 	-2.6947621 	8.7982448
-0.63543544 	-0.05 	0.819 	59.566362 	-2.601126 	8.807719
-0.63423423 	-0.05 	0.819 	59.576715 	-2.5074899 	8.8171932
-0.63303303 	-0.05 	0.819 	59.587085 	-2.4626292 	8.8214915
-0.63183183 	-0.05 	0.819 	59.597465 	-2.4511292 	8.8222496
-0.63063063 	-0.05 	0.819 	59.607846 	-2.4396292 	8.8230077
-0.62942943 	-0.05 	0.819 	59.618226 	-2.4281292 	8.8237658
-0.62822823 	-0.05 	0.819 	59.628495 	-2.4166733 	8.8245876
-0.62702703 	-0.05 	0.819 	59.638499 	-2.405321 	8.8255585
-0.62582583 	-0.05 	0.819 	59.648504 	-2.3939686 	8.8265294
-0.62462462 	-0.05 	0.819 	59.658509 	-2.3826163 	8.8275004
-0.62342342 	-0.05 	0.819 	59.668514 	-2.3712639 	8.8284713
-0.62222222 	-0.05 	0.819 	59.678519 	-2.3599116 	8.8294423
-0.62102102 	-0.05 	0.819 	59.688524 	-2.3485592 	8.8304132
-0.61981982 	-0.05 	0.819 	59.698528 	-2.3372069 	8.8313841
-0.61861862 	-0.05 	0.819 	59.708533 	-2.3258545 	8.8323551
-0.61741742 	-0.05 	0.819 	59.718538 	-2.3145022 	8.833326
-0.61621622 	-0.05 	0.819 	59.729081 	-2.3325702 	8.8309175
-0.61501502 	-0.05 	0.819 	59.74056 	-2.4018448 	8.822627
-0.61381381 	-0.05 	0.819 	59.752039 	-2.4711194 	8.8143366
-0.61261261 	-0.05 	0.819 	59.763518 	-2.540394 	8.8060461
-0.61141141 	-0.05 	0.819 	59.774998 	-2.6096685 	8.7977557
-0.61021021 	-0.05 	0.819 	59.786477 	-2.6789431 	8.7894652
-0.60900901 	-0.05 	0.819 	59.798235 	-2.7490685 	8.7816356
-0.60780781 	-0.05 	0.819 	59.81006 	-2.8193986 	8.7739168
-0.60660661 	-0.05 	0.819 	59.821886 	-2.8897287 	8.7661981
-0.60540541 	-0.05 	0.819 	59.833711 	-2.9600588 	8.7584793
-0.6042042 	-0.05 	0.819 	59.845536 	-3.0303889 	8.7507606
-0.603003 	-0.05 	0.819 	59.85736 	-3.0803188 	8.7453627
-0.6018018 	-0.05 	0.819 	59.869182 	-3.0807489 	8.7455962
-0.6006006 	-0.05 	0.819 	59.881003 	-3.081179 	8.7458297
-0.5993994 	-0.05 	0.819 	59.892825 	-3.0816091 	8.7460632
-0.5981982 	-0.05 	0.819 	59.904646 	-3.0820392 	8.7462967
-0.596997 	-0.05 	0.819 	59.916468 	-3.0824693 	8.7465303
-0.5957958 	-0.05 	0.819 	59.928289 	-3.0828994 	8.7467638
-0.59459459 	-0.05 	0.819 	59.940111 	-3.0833295 	8.7469973
-0.59339339 	-0.05 	0.819 	59.951932 	-3.0837596 	8.7472308
-0.59219219 	-0.05 	0.819 	59.963754 	-3.0841897 	8.7474643
-0.59099099 	-0.05 	0.819 	59.975721 	-3.0846494 	8.747403
-0.58978979 	-0.05 	0.819 	59.988007 	-3.0851737 	8.7466984
-0.58858859 	-0.05 	0.819 	60.000292 	-3.085698 	8.7459938
-0.58738739 	-0.05 	0.819 	60.012578 	-3.0862222 	8.7452891
-0.58618619 	-0.05 	0.819 	60.024863 	-3.0867465 	8.7445845
-0.58498498 	-0.05 	0.819 	60.037034 	-3.0272066 	8.7513696
-0.58378378 	-0.05 	0.819 	60.049186 	-2.9578273 	8.7593815
-0.58258258 	-0.05 	0.819 	60.061338 	-2.888448 	8.7673935
-0.58138138 	-0.05 	0.819 	60.073489 	-2.8190687 	8.7754055
-0.58018018 	-0.05 	0.819 	60.085641 	-2.7496894 	8.7834175
-0.57897898 	-0.05 	0.819 	60.098054 	-2.6792839 	8.7910164
-0.57777778 	-0.05 	0.819 	60.110829 	-2.6074582 	8.7980435
-0.57657658 	-0.05 	0.819 	60.123603 	-2.5356325 	8.8050707
-0.57537538 	-0.05 	0.819 	60.136378 	-2.4638067 	8.8120978
-0.57417417 	-0.05 	0.819 	60.149153 	-2.391981 	8.819125
-0.57297297 	-0.05 	0.819 	60.162116 	-2.3230097 	8.8257085
-0.57177177 	-0.05 	0.819 	60.178812 	-2.3105541 	8.8235101
-0.57057057 	-0.05 	0.819 	60.195508 	-2.2980984 	8.8213116
-0.56936937 	-0.05 	0.819 	60.212204 	-2.2856427 	8.8191131
-0.56816817 	-0.05 	0.819 	60.2289 	-2.273187 	8.8169147
-0.56696697 	-0.05 	0.819 	60.24511 	-2.2612035 	8.8149285
-0.56576577 	-0.05 	0.819 	60.260883 	-2.2496439 	8.8131329
-0.56456456 	-0.05 	0.819 	60.276657 	-2.2380844 	8.8113373
-0.56336336 	-0.05 	0.819 	60.29243 	-2.2265248 	8.8095417
-0.56216216 	-0.05 	0.819 	60.308204 	-2.2149652 	8.8077462
-0.56096096 	-0.05 	0.819 	60.323977 	-2.2034056 	8.8059506
-0.55975976 	-0.05 	0.819 	60.339751 	-2.191846 	8.804155
-0.55855856 	-0.05 	0.819 	60.355524 	-2.1802864 	8.8023594
-0.55735736 	-0.05 	0.819 	60.371297 	-2.1687268 	8.8005639
-0.55615616 	-0.05 	0.819 	60.387071 	-2.1571673 	8.7987683
-0.55495495 	-0.05 	0.819 	60.40477 	-2.1622629 	8.7942619
-0.55375375 	-0.05 	0.819 	60.426877 	-2.2055034 	8.783547
-0.55255255 	-0.05 	0.819 	60.448985 	-2.248744 	8.7728322
-0.55135135 	-0.05 	0.819 	60.471092 	-2.2919845 	8.7621174
-0.55015015 	-0.05 	0.819 	60.4932 	-2.3352251 	8.7514025
-0.54894895 	-0.05 	0.819 	60.515236 	-2.3785739 	8.740702
-0.54774775 	-0.05 	0.819 	60.535502 	-2.4246098 	8.7303581
-0.54654655 	-0.05 	0.819 	60.555768 	-2.4706456 	8.7200143
-0.54534535 	-0.05 	0.819 	60.576035 	-2.5166814 	8.7096704
-0.54414414 	-0.05 	0.819 	60.596301 	-2.5627173 	8.6993265
-0.54294294 	-0.05 	0.819 	60.616567 	-2.6087531 	8.6889826
-0.54174174 	-0.05 	0.819 	60.623729 	-2.6234508 	8.6822215
-0.54054054 	-0.05 	0.819 	60.627834 	-2.6308369 	8.6762963
-0.53933934 	-0.05 	0.819 	60.63194 	-2.638223 	8.6703712
-0.53813814 	-0.05 	0.819 	60.636045 	-2.6456091 	8.664446
-0.53693694 	-0.05 	0.819 	60.64015 	-2.6529952 	8.6585208
-0.53573574 	-0.05 	0.819 	60.644256 	-2.6603813 	8.6525957
-0.53453453 	-0.05 	0.819 	60.648361 	-2.6677673 	8.6466705
-0.53333333 	-0.05 	0.819 	60.652466 	-2.6751534 	8.6407453
-0.53213213 	-0.05 	0.819 	60.656571 	-2.6825395 	8.6348201
-0.53093093 	-0.05 	0.819 	60.660677 	-2.6899256 	8.628895
-0.52972973 	-0.05 	0.819 	60.664861 	-2.6975576 	8.6230835
-0.52852853 	-0.05 	0.819 	60.66911 	-2.7053934 	8.6173664
-0.52732733 	-0.05 	0.819 	60.673359 	-2.7132293 	8.6116493
-0.52612613 	-0.05 	0.819 	60.677608 	-2.7210652 	8.6059321
-0.52492492 	-0.05 	0.819 	60.681857 	-2.728901 	8.600215
-0.52372372 	-0.05 	0.819 	60.67285 	-2.7136532 	8.5985124
-0.52252252 	-0.05 	0.819 	60.661928 	-2.6950689 	8.59739
-0.52132132 	-0.05 	0.819 	60.651006 	-2.6764846 	8.5962676
-0.52012012 	-0.05 	0.819 	60.640083 	-2.6579003 	8.5951452
-0.51891892 	-0.05 	0.819 	60.629161 	-2.6393161 	8.5940228
-0.51771772 	-0.05 	0.819 	60.617494 	-2.6188314 	8.5925443
-0.51651652 	-0.05 	0.819 	60.605427 	-2.597327 	8.5908746
-0.51531532 	-0.05 	0.819 	60.59336 	-2.5758226 	8.5892049
-0.51411411 	-0.05 	0.819 	60.581294 	-2.5543181 	8.5875353
-0.51291291 	-0.05 	0.819 	60.569227 	-2.5328137 	8.5858656
-0.51171171 	-0.05 	0.819 	60.56149 	-2.5190096 	8.583614
-0.51051051 	-0.05 	0.819 	60.559249 	-2.5149802 	8.5806237
-0.50930931 	-0.05 	0.819 	60.557008 	-2.5109509 	8.5776335
-0.50810811 	-0.05 	0.819 	60.554767 	-2.5069216 	8.5746432
-0.50690691 	-0.05 	0.819 	60.552526 	-2.5028922 	8.5716529
-0.50570571 	-0.05 	0.819 	60.55073 	-2.4988947 	8.5689619
-0.5045045 	-0.05 	0.819 	60.549078 	-2.4949073 	8.5663671
-0.5033033 	-0.05 	0.819 	60.547426 	-2.4909199 	8.5637723
-0.5021021 	-0.05 	0.819 	60.545774 	-2.4869326 	8.5611775
-0.5009009 	-0.05 	0.819 	60.544122 	-2.4829452 	8.5585828
-0.4996997 	-0.05 	0.819 	60.54247 	-2.4789578 	8.555988
-0.4984985 	-0.05 	0.819 	60.540817 	-2.4749704 	8.5533932
-0.4972973 	-0.05 	0.819 	60.539165 	-2.4709831 	8.5507984
-0.4960961 	-0.05 	0.819 	60.537513 	-2.4669957 	8.5482036
-0.49489489 	-0.05 	0.819 	60.535861 	-2.4630083 	8.5456088
-0.49369369 	-0.05 	0.819 	60.537117 	-2.4635067 	8.5420757
-0.49249249 	-0.05 	0.819 	60.54205 	-2.4696755 	8.5373563
-0.49129129 	-0.05 	0.819 	60.546982 	-2.4758443 	8.532637
-0.49009009 	-0.05 	0.819 	60.551915 	-2.482013 	8.5279177
-0.48888889 	-0.05 	0.819 	60.556847 	-2.4881818 	8.5231984
-0.48768769 	-0.05 	0.819 	60.562074 	-2.4945172 	8.5187553
-0.48648649 	-0.05 	0.819 	60.568115 	-2.5013133 	8.5150765
-0.48528529 	-0.05 	0.819 	60.574155 	-2.5081095 	8.5113977
-0.48408408 	-0.05 	0.819 	60.580196 	-2.5149057 	8.507719
-0.48288288 	-0.05 	0.819 	60.586237 	-2.5217019 	8.5040402
-0.48168168 	-0.05 	0.819 	60.592157 	-2.526932 	8.5005667
-0.48048048 	-0.05 	0.819 	60.597211 	-2.520857 	8.4985744
-0.47927928 	-0.05 	0.819 	60.602264 	-2.5147821 	8.4965822
-0.47807808 	-0.05 	0.819 	60.607318 	-2.5087072 	8.49459
-0.47687688 	-0.05 	0.819 	60.612371 	-2.5026322 	8.4925977
-0.47567568 	-0.05 	0.819 	60.617425 	-2.4965573 	8.4906055
-0.47447447 	-0.05 	0.819 	60.622478 	-2.4904824 	8.4886133
-0.47327327 	-0.05 	0.819 	60.627532 	-2.4844074 	8.486621
-0.47207207 	-0.05 	0.819 	60.632585 	-2.4783325 	8.4846288
-0.47087087 	-0.05 	0.819 	60.637639 	-2.4722576 	8.4826366
-0.46966967 	-0.05 	0.819 	60.642692 	-2.4661826 	8.4806443
-0.46846847 	-0.05 	0.819 	60.647797 	-2.4603433 	8.4782685
-0.46726727 	-0.05 	0.819 	60.652917 	-2.4545723 	8.4757815
-0.46606607 	-0.05 	0.819 	60.658037 	-2.4488014 	8.4732944
-0.46486486 	-0.05 	0.819 	60.663157 	-2.4430304 	8.4708074
-0.46366366 	-0.05 	0.819 	60.668277 	-2.4372595 	8.4683203
-0.46246246 	-0.05 	0.819 	60.672694 	-2.419636 	8.4681613
-0.46126126 	-0.05 	0.819 	60.677086 	-2.4015735 	8.4680884
-0.46006006 	-0.05 	0.819 	60.681477 	-2.3835111 	8.4680156
-0.45885886 	-0.05 	0.819 	60.685868 	-2.3654486 	8.4679428
-0.45765766 	-0.05 	0.819 	60.690259 	-2.3473862 	8.46787
-0.45645646 	-0.05 	0.819 	60.694758 	-2.3290573 	8.4668036
-0.45525526 	-0.05 	0.819 	60.699272 	-2.3106925 	8.4656037
-0.45405405 	-0.05 	0.819 	60.703786 	-2.2923278 	8.4644038
-0.45285285 	-0.05 	0.819 	60.7083 	-2.2739631 	8.463204
-0.45165165 	-0.05 	0.819 	60.712813 	-2.2555984 	8.4620041
-0.45045045 	-0.05 	0.819 	60.716673 	-2.2481547 	8.4589077
-0.44924925 	-0.05 	0.819 	60.720415 	-2.2426644 	8.4554722
-0.44804805 	-0.05 	0.819 	60.724157 	-2.237174 	8.4520366
-0.44684685 	-0.05 	0.819 	60.7279 	-2.2316837 	8.4486011
-0.44564565 	-0.05 	0.819 	60.731642 	-2.2261934 	8.4451655
-0.44444444 	-0.05 	0.819 	60.734968 	-2.2206701 	8.4421124
-0.44324324 	-0.05 	0.819 	60.738289 	-2.2151465 	8.4390638
-0.44204204 	-0.05 	0.819 	60.74161 	-2.2096229 	8.4360152
-0.44084084 	-0.05 	0.819 	60.744931 	-2.2040993 	8.4329665
-0.43963964 	-0.05 	0.819 	60.748252 	-2.1985757 	8.4299179
-0.43843844 	-0.05 	0.819 	60.751573 	-2.1930521 	8.4268693
-0.43723724 	-0.05 	0.819 	60.754894 	-2.1875284 	8.4238207
-0.43603604 	-0.05 	0.819 	60.758215 	-2.1820048 	8.4207721
-0.43483483 	-0.05 	0.819 	60.761536 	-2.1764812 	8.4177235
-0.43363363 	-0.05 	0.819 	60.764857 	-2.1709576 	8.4146749
-0.43243243 	-0.05 	0.819 	60.768354 	-2.1709693 	8.410211
-0.43123123 	-0.05 	0.819 	60.772067 	-2.1777628 	8.404013
-0.43003003 	-0.05 	0.819 	60.77578 	-2.1845562 	8.3978151
-0.42882883 	-0.05 	0.819 	60.779493 	-2.1913497 	8.3916172
-0.42762763 	-0.05 	0.819 	60.783206 	-2.1981431 	8.3854193
-0.42642643 	-0.05 	0.819 	60.786945 	-2.2053336 	8.3796541
-0.42522523 	-0.05 	0.819 	60.79071 	-2.2129208 	8.3743211
-0.42402402 	-0.05 	0.819 	60.794475 	-2.220508 	8.3689882
-0.42282282 	-0.05 	0.819 	60.79824 	-2.2280952 	8.3636552
-0.42162162 	-0.05 	0.819 	60.802005 	-2.2356824 	8.3583223
-0.42042042 	-0.05 	0.819 	60.806596 	-2.2404952 	8.3535088
-0.41921922 	-0.05 	0.819 	60.811803 	-2.2432355 	8.3490834
-0.41801802 	-0.05 	0.819 	60.817011 	-2.2459757 	8.344658
-0.41681682 	-0.05 	0.819 	60.822219 	-2.248716 	8.3402326
-0.41561562 	-0.05 	0.819 	60.827427 	-2.2514562 	8.3358073
-0.41441441 	-0.05 	0.819 	60.832634 	-2.2541965 	8.3313819
-0.41321321 	-0.05 	0.819 	60.837842 	-2.2569367 	8.3269565
-0.41201201 	-0.05 	0.819 	60.84305 	-2.259677 	8.3225311
-0.41081081 	-0.05 	0.819 	60.848258 	-2.2624172 	8.3181057
-0.40960961 	-0.05 	0.819 	60.853465 	-2.2651575 	8.3136803
-0.40840841 	-0.05 	0.819 	60.858677 	-2.2678817 	8.3092484
-0.40720721 	-0.05 	0.819 	60.864278 	-2.2688048 	8.3040824
-0.40600601 	-0.05 	0.819 	60.869878 	-2.269728 	8.2989164
-0.4048048 	-0.05 	0.819 	60.875479 	-2.2706511 	8.2937503
-0.4036036 	-0.05 	0.819 	60.88108 	-2.2715743 	8.2885843
-0.4024024 	-0.05 	0.819 	60.886807 	-2.2720625 	8.2835953
-0.4012012 	-0.05 	0.819 	60.894589 	-2.2654586 	8.281494
-0.4 	-0.05 	0.819 	60.902371 	-2.2588546 	8.2793926
-0.3987988 	-0.05 	0.819 	60.910153 	-2.2522506 	8.2772912
-0.3975976 	-0.05 	0.819 	60.917935 	-2.2456466 	8.2751899
-0.3963964 	-0.05 	0.819 	60.92578 	-2.2389903 	8.2731169
-0.3951952 	-0.05 	0.819 	60.934115 	-2.2319265 	8.271265
-0.39399399 	-0.05 	0.819 	60.94245 	-2.2248627 	8.269413
-0.39279279 	-0.05 	0.819 	60.950785 	-2.2177989 	8.2675611
-0.39159159 	-0.05 	0.819 	60.959121 	-2.2107352 	8.2657092
-0.39039039 	-0.05 	0.819 	60.967243 	-2.2053561 	8.2630195
-0.38918919 	-0.05 	0.819 	60.974309 	-2.2083616 	8.2561607
-0.38798799 	-0.05 	0.819 	60.981375 	-2.211367 	8.2493019
-0.38678679 	-0.05 	0.819 	60.988441 	-2.2143725 	8.242443
-0.38558559 	-0.05 	0.819 	60.995507 	-2.217378 	8.2355842
-0.38438438 	-0.05 	0.819 	61.002501 	-2.2208454 	8.229431
-0.38318318 	-0.05 	0.819 	61.00924 	-2.2259584 	8.2257917
-0.38198198 	-0.05 	0.819 	61.015978 	-2.2310714 	8.2221524
-0.38078078 	-0.05 	0.819 	61.022716 	-2.2361844 	8.2185132
-0.37957958 	-0.05 	0.819 	61.029454 	-2.2412975 	8.2148739
-0.37837838 	-0.05 	0.819 	61.036193 	-2.2464105 	8.2112347
-0.37717718 	-0.05 	0.819 	61.042931 	-2.2515235 	8.2075954
-0.37597598 	-0.05 	0.819 	61.049669 	-2.2566366 	8.2039561
-0.37477477 	-0.05 	0.819 	61.056407 	-2.2617496 	8.2003169
-0.37357357 	-0.05 	0.819 	61.063146 	-2.2668626 	8.1966776
-0.37237237 	-0.05 	0.819 	61.069884 	-2.2719756 	8.1930383
-0.37117117 	-0.05 	0.819 	61.074486 	-2.2787708 	8.1907506
-0.36996997 	-0.05 	0.819 	61.078023 	-2.2864049 	8.1891367
-0.36876877 	-0.05 	0.819 	61.081561 	-2.2940389 	8.1875229
-0.36756757 	-0.05 	0.819 	61.085098 	-2.3016729 	8.1859091
-0.36636637 	-0.05 	0.819 	61.088635 	-2.309307 	8.1842952
-0.36516517 	-0.05 	0.819 	61.092155 	-2.3173776 	8.175449
-0.36396396 	-0.05 	0.819 	61.095668 	-2.3256114 	8.163901
-0.36276276 	-0.05 	0.819 	61.099181 	-2.3338451 	8.1523529
-0.36156156 	-0.05 	0.819 	61.102694 	-2.3420789 	8.1408049
-0.36036036 	-0.05 	0.819 	61.106207 	-2.3503126 	8.1292569
-0.35915916 	-0.05 	0.819 	61.112701 	-2.3418654 	8.1211288
-0.35795796 	-0.05 	0.819 	61.119914 	-2.3293945 	8.1138256
-0.35675676 	-0.05 	0.819 	61.127127 	-2.3169236 	8.1065225
-0.35555556 	-0.05 	0.819 	61.13434 	-2.3044527 	8.0992193
-0.35435435 	-0.05 	0.819 	61.141553 	-2.2919818 	8.0919162
-0.35315315 	-0.05 	0.819 	61.148766 	-2.2795109 	8.084613
-0.35195195 	-0.05 	0.819 	61.155979 	-2.26704 	8.0773099
-0.35075075 	-0.05 	0.819 	61.163192 	-2.2545691 	8.0700067
-0.34954955 	-0.05 	0.819 	61.170405 	-2.2420982 	8.0627036
-0.34834835 	-0.05 	0.819 	61.177618 	-2.2296274 	8.0554004
-0.34714715 	-0.05 	0.819 	61.184926 	-2.2166426 	8.0483253
-0.34594595 	-0.05 	0.819 	61.192539 	-2.2020158 	8.041979
-0.34474474 	-0.05 	0.819 	61.200151 	-2.187389 	8.0356327
-0.34354354 	-0.05 	0.819 	61.207764 	-2.1727622 	8.0292864
-0.34234234 	-0.05 	0.819 	61.215377 	-2.1581354 	8.0229401
-0.34114114 	-0.05 	0.819 	61.223817 	-2.1393345 	8.0163627
-0.33993994 	-0.05 	0.819 	61.235083 	-2.1062944 	8.0089972
-0.33873874 	-0.05 	0.819 	61.246348 	-2.0732544 	8.0016318
-0.33753754 	-0.05 	0.819 	61.257614 	-2.0402143 	7.9942663
-0.33633634 	-0.05 	0.819 	61.268879 	-2.0071742 	7.9869008
-0.33513514 	-0.05 	0.819 	61.281224 	-1.9726991 	7.981519
-0.33393393 	-0.05 	0.819 	61.295611 	-1.9355084 	7.9798909
-0.33273273 	-0.05 	0.819 	61.309999 	-1.8983177 	7.9782628
-0.33153153 	-0.05 	0.819 	61.324386 	-1.861127 	7.9766347
-0.33033033 	-0.05 	0.819 	61.338773 	-1.8239363 	7.9750066
-0.32912913 	-0.05 	0.819 	61.348394 	-1.8055847 	7.9717442
-0.32792793 	-0.05 	0.819 	61.35329 	-1.8059128 	7.9668614
-0.32672673 	-0.05 	0.819 	61.358185 	-1.806241 	7.9619785
-0.32552553 	-0.05 	0.819 	61.36308 	-1.8065691 	7.9570957
-0.32432432 	-0.05 	0.819 	61.367975 	-1.8068973 	7.9522128
-0.32312312 	-0.05 	0.819 	61.372458 	-1.8092433 	7.9435223
-0.32192192 	-0.05 	0.819 	61.37644 	-1.8140331 	7.9302204
-0.32072072 	-0.05 	0.819 	61.380423 	-1.8188229 	7.9169185
-0.31951952 	-0.05 	0.819 	61.384406 	-1.8236127 	7.9036166
-0.31831832 	-0.05 	0.819 	61.388388 	-1.8284025 	7.8903147
-0.31711712 	-0.05 	0.819 	61.392371 	-1.8331924 	7.8770128
-0.31591592 	-0.05 	0.819 	61.396353 	-1.8379822 	7.8637109
-0.31471471 	-0.05 	0.819 	61.400336 	-1.842772 	7.8504089
-0.31351351 	-0.05 	0.819 	61.404318 	-1.8475618 	7.837107
-0.31231231 	-0.05 	0.819 	61.408301 	-1.8523516 	7.8238051
-0.31111111 	-0.05 	0.819 	61.412284 	-1.8571414 	7.8105032
-0.30990991 	-0.05 	0.819 	61.412313 	-1.9046522 	7.798295
-0.30870871 	-0.05 	0.819 	61.410905 	-1.967695 	7.7864845
-0.30750751 	-0.05 	0.819 	61.409497 	-2.0307379 	7.774674
-0.30630631 	-0.05 	0.819 	61.408089 	-2.0937807 	7.7628635
-0.30510511 	-0.05 	0.819 	61.406682 	-2.1568236 	7.7510529
-0.3039039 	-0.05 	0.819 	61.404178 	-2.2272244 	7.7462925
-0.3027027 	-0.05 	0.819 	61.401635 	-2.2978991 	7.7417944
-0.3015015 	-0.05 	0.819 	61.399091 	-2.3685737 	7.7372963
-0.3003003 	-0.05 	0.819 	61.396547 	-2.4392484 	7.7327982
-0.2990991 	-0.05 	0.819 	61.394123 	-2.4945969 	7.7264728
-0.2978979 	-0.05 	0.819 	61.392137 	-2.4939314 	7.7134688
-0.2966967 	-0.05 	0.819 	61.390151 	-2.493266 	7.7004647
-0.2954955 	-0.05 	0.819 	61.388165 	-2.4926006 	7.6874607
-0.29429429 	-0.05 	0.819 	61.386179 	-2.4919352 	7.6744567
-0.29309309 	-0.05 	0.819 	61.384192 	-2.4912698 	7.6614526
-0.29189189 	-0.05 	0.819 	61.382206 	-2.4906044 	7.6484486
-0.29069069 	-0.05 	0.819 	61.38022 	-2.489939 	7.6354445
-0.28948949 	-0.05 	0.819 	61.378234 	-2.4892736 	7.6224405
-0.28828829 	-0.05 	0.819 	61.376248 	-2.4886082 	7.6094365
-0.28708709 	-0.05 	0.819 	61.374262 	-2.4879428 	7.5964324
-0.28588589 	-0.05 	0.819 	61.373254 	-2.4870916 	7.5839895
-0.28468468 	-0.05 	0.819 	61.373338 	-2.4860333 	7.5721723
-0.28348348 	-0.05 	0.819 	61.373422 	-2.484975 	7.5603551
-0.28228228 	-0.05 	0.819 	61.373506 	-2.4839168 	7.5485379
-0.28108108 	-0.05 	0.819 	61.37359 	-2.4828585 	7.5367207
-0.27987988 	-0.05 	0.819 	61.372233 	-2.4563192 	7.5244633
-0.27867868 	-0.05 	0.819 	61.367991 	-2.3788053 	7.5113252
-0.27747748 	-0.05 	0.819 	61.36375 	-2.3012915 	7.4981872
-0.27627628 	-0.05 	0.819 	61.359508 	-2.2237776 	7.4850491
-0.27507508 	-0.05 	0.819 	61.355267 	-2.1462637 	7.471911
-0.27387387 	-0.05 	0.819 	61.350358 	-2.0818123 	7.4552647
-0.27267267 	-0.05 	0.819 	61.344962 	-2.0269066 	7.4360547
-0.27147147 	-0.05 	0.819 	61.339565 	-1.9720008 	7.4168447
-0.27027027 	-0.05 	0.819 	61.334169 	-1.9170951 	7.3976347
-0.26906907 	-0.05 	0.819 	61.328772 	-1.8621894 	7.3784247
-0.26786787 	-0.05 	0.819 	61.335132 	-1.8429447 	7.3568929
-0.26666667 	-0.05 	0.819 	61.34396 	-1.8311843 	7.3348738
-0.26546547 	-0.05 	0.819 	61.352787 	-1.8194239 	7.3128547
-0.26426426 	-0.05 	0.819 	61.361614 	-1.8076635 	7.2908355
-0.26306306 	-0.05 	0.819 	61.370441 	-1.7959031 	7.2688164
-0.26186186 	-0.05 	0.819 	61.378 	-1.7820725 	7.2509599
-0.26066066 	-0.05 	0.819 	61.384974 	-1.7672888 	7.2350202
-0.25945946 	-0.05 	0.819 	61.391948 	-1.752505 	7.2190805
-0.25825826 	-0.05 	0.819 	61.398922 	-1.7377213 	7.2031408
-0.25705706 	-0.05 	0.819 	61.405896 	-1.7229375 	7.1872011
-0.25585586 	-0.05 	0.819 	61.41287 	-1.7081538 	7.1712613
-0.25465465 	-0.05 	0.819 	61.419844 	-1.69337 	7.1553216
-0.25345345 	-0.05 	0.819 	61.426818 	-1.6785863 	7.1393819
-0.25225225 	-0.05 	0.819 	61.433792 	-1.6638025 	7.1234422
-0.25105105 	-0.05 	0.819 	61.440766 	-1.6490188 	7.1075025
-0.24984985 	-0.05 	0.819 	61.44774 	-1.634235 	7.0915627
-0.24864865 	-0.05 	0.819 	61.46611 	-1.6464841 	7.0657717
-0.24744745 	-0.05 	0.819 	61.485404 	-1.6609252 	7.0391818
-0.24624625 	-0.05 	0.819 	61.504698 	-1.6753663 	7.0125919
-0.24504505 	-0.05 	0.819 	61.523992 	-1.6898074 	6.986002
-0.24384384 	-0.05 	0.819 	61.543411 	-1.7044995 	6.9591898
-0.24264264 	-0.05 	0.819 	61.563342 	-1.7202282 	6.9314597
-0.24144144 	-0.05 	0.819 	61.583273 	-1.7359569 	6.9037297
-0.24024024 	-0.05 	0.819 	61.603205 	-1.7516856 	6.8759996
-0.23903904 	-0.05 	0.819 	61.623136 	-1.7674143 	6.8482696
-0.23783784 	-0.05 	0.819 	61.638376 	-1.771642 	6.8223498
-0.23663664 	-0.05 	0.819 	61.648689 	-1.7637949 	6.7983308
-0.23543544 	-0.05 	0.819 	61.659002 	-1.7559478 	6.7743117
-0.23423423 	-0.05 	0.819 	61.669315 	-1.7481007 	6.7502926
-0.23303303 	-0.05 	0.819 	61.679628 	-1.7402536 	6.7262736
-0.23183183 	-0.05 	0.819 	61.689941 	-1.7324065 	6.7022545
-0.23063063 	-0.05 	0.819 	61.700255 	-1.7245594 	6.6782354
-0.22942943 	-0.05 	0.819 	61.710568 	-1.7167123 	6.6542163
-0.22822823 	-0.05 	0.819 	61.720881 	-1.7088652 	6.6301973
-0.22702703 	-0.05 	0.819 	61.731194 	-1.7010181 	6.6061782
-0.22582583 	-0.05 	0.819 	61.741507 	-1.693171 	6.5821591
-0.22462462 	-0.05 	0.819 	61.751799 	-1.6877322 	6.5588206
-0.22342342 	-0.05 	0.819 	61.762082 	-1.6833025 	6.5357672
-0.22222222 	-0.05 	0.819 	61.772364 	-1.6788729 	6.5127137
-0.22102102 	-0.05 	0.819 	61.782647 	-1.6744432 	6.4896603
-0.21981982 	-0.05 	0.819 	61.79293 	-1.6700136 	6.4666069
-0.21861862 	-0.05 	0.819 	61.799732 	-1.6579786 	6.4431913
-0.21741742 	-0.05 	0.819 	61.802481 	-1.6370888 	6.419354
-0.21621622 	-0.05 	0.819 	61.80523 	-1.6161989 	6.3955166
-0.21501502 	-0.05 	0.819 	61.807979 	-1.5953091 	6.3716793
-0.21381381 	-0.05 	0.819 	61.810728 	-1.5744193 	6.347842
-0.21261261 	-0.05 	0.819 	61.81219 	-1.5508912 	6.3270038
-0.21141141 	-0.05 	0.819 	61.813352 	-1.5267496 	6.3068629
-0.21021021 	-0.05 	0.819 	61.814515 	-1.5026081 	6.2867221
-0.20900901 	-0.05 	0.819 	61.815678 	-1.4784666 	6.2665812
-0.20780781 	-0.05 	0.819 	61.817167 	-1.4562572 	6.2465505
-0.20660661 	-0.05 	0.819 	61.819954 	-1.4417229 	6.2269579
-0.20540541 	-0.05 	0.819 	61.82274 	-1.4271886 	6.2073652
-0.2042042 	-0.05 	0.819 	61.825527 	-1.4126544 	6.1877726
-0.203003 	-0.05 	0.819 	61.828313 	-1.3981201 	6.1681799
-0.2018018 	-0.05 	0.819 	61.8311 	-1.3835859 	6.1485873
-0.2006006 	-0.05 	0.819 	61.833938 	-1.3670332 	6.1260418
-0.1993994 	-0.05 	0.819 	61.83678 	-1.3502983 	6.1032295
-0.1981982 	-0.05 	0.819 	61.839623 	-1.3335633 	6.0804173
-0.196997 	-0.05 	0.819 	61.842466 	-1.3168284 	6.0576051
-0.1957958 	-0.05 	0.819 	61.845308 	-1.3000934 	6.0347929
-0.19459459 	-0.05 	0.819 	61.848151 	-1.2833585 	6.0119806
-0.19339339 	-0.05 	0.819 	61.850994 	-1.2666235 	5.9891684
-0.19219219 	-0.05 	0.819 	61.853836 	-1.2498886 	5.9663562
-0.19099099 	-0.05 	0.819 	61.856679 	-1.2331536 	5.943544
-0.18978979 	-0.05 	0.819 	61.859522 	-1.2164187 	5.9207317
-0.18858859 	-0.05 	0.819 	61.862364 	-1.1996837 	5.8979195
-0.18738739 	-0.05 	0.819 	61.865367 	-1.1945842 	5.8793189
-0.18618619 	-0.05 	0.819 	61.868376 	-1.1899994 	5.8609047
-0.18498498 	-0.05 	0.819 	61.871386 	-1.1854147 	5.8424904
-0.18378378 	-0.05 	0.819 	61.874396 	-1.18083 	5.8240762
-0.18258258 	-0.05 	0.819 	61.877644 	-1.1758446 	5.8046876
-0.18138138 	-0.05 	0.819 	61.881211 	-1.1703231 	5.783995
-0.18018018 	-0.05 	0.819 	61.884778 	-1.1648016 	5.7633024
-0.17897898 	-0.05 	0.819 	61.888345 	-1.15928 	5.7426099
-0.17777778 	-0.05 	0.819 	61.891913 	-1.1537585 	5.7219173
-0.17657658 	-0.05 	0.819 	61.897777 	-1.1455234 	5.6993527
-0.17537538 	-0.05 	0.819 	61.903838 	-1.1370568 	5.6766285
-0.17417417 	-0.05 	0.819 	61.909898 	-1.1285902 	5.6539043
-0.17297297 	-0.05 	0.819 	61.915959 	-1.1201237 	5.6311801
-0.17177177 	-0.05 	0.819 	61.922019 	-1.1116571 	5.6084559
-0.17057057 	-0.05 	0.819 	61.92808 	-1.1031905 	5.5857317
-0.16936937 	-0.05 	0.819 	61.93414 	-1.094724 	5.5630075
-0.16816817 	-0.05 	0.819 	61.940201 	-1.0862574 	5.5402833
-0.16696697 	-0.05 	0.819 	61.946261 	-1.0777908 	5.5175591
-0.16576577 	-0.05 	0.819 	61.952322 	-1.0693242 	5.4948349
-0.16456456 	-0.05 	0.819 	61.958382 	-1.0608577 	5.4721107
-0.16336336 	-0.05 	0.819 	61.965605 	-1.0530734 	5.4491453
-0.16216216 	-0.05 	0.819 	61.972906 	-1.0453345 	5.4261639
-0.16096096 	-0.05 	0.819 	61.980206 	-1.0375956 	5.4031824
-0.15975976 	-0.05 	0.819 	61.987506 	-1.0298567 	5.380201
-0.15855856 	-0.05 	0.819 	61.994806 	-1.0221178 	5.3572195
-0.15735736 	-0.05 	0.819 	62.003701 	-1.0103571 	5.3308835
-0.15615616 	-0.05 	0.819 	62.013921 	-0.99525585 	5.3017609
-0.15495495 	-0.05 	0.819 	62.024142 	-0.98015458 	5.2726383
-0.15375375 	-0.05 	0.819 	62.034362 	-0.96505331 	5.2435158
-0.15255255 	-0.05 	0.819 	62.0446 	-0.95005083 	5.2145479
-0.15135135 	-0.05 	0.819 	62.055238 	-0.93721622 	5.1889738
-0.15015015 	-0.05 	0.819 	62.065876 	-0.92438162 	5.1633998
-0.14894895 	-0.05 	0.819 	62.076513 	-0.91154701 	5.1378258
-0.14774775 	-0.05 	0.819 	62.087151 	-0.89871241 	5.1122517
-0.14654655 	-0.05 	0.819 	62.098403 	-0.8860894 	5.085695
-0.14534535 	-0.05 	0.819 	62.110149 	-0.87363717 	5.0583452
-0.14414414 	-0.05 	0.819 	62.121895 	-0.86118494 	5.0309954
-0.14294294 	-0.05 	0.819 	62.133641 	-0.8487327 	5.0036457
-0.14174174 	-0.05 	0.819 	62.145388 	-0.83628047 	4.9762959
-0.14054054 	-0.05 	0.819 	62.156906 	-0.82380847 	4.9489282
-0.13933934 	-0.05 	0.819 	62.167132 	-0.81122442 	4.9214594
-0.13813814 	-0.05 	0.819 	62.177358 	-0.79864038 	4.8939905
-0.13693694 	-0.05 	0.819 	62.187584 	-0.78605634 	4.8665217
-0.13573574 	-0.05 	0.819 	62.19781 	-0.77347229 	4.8390529
-0.13453453 	-0.05 	0.819 	62.208036 	-0.76088825 	4.811584
-0.13333333 	-0.05 	0.819 	62.218262 	-0.74830421 	4.7841152
-0.13213213 	-0.05 	0.819 	62.228488 	-0.73572016 	4.7566464
-0.13093093 	-0.05 	0.819 	62.238713 	-0.72313612 	4.7291775
-0.12972973 	-0.05 	0.819 	62.248939 	-0.71055207 	4.7017087
-0.12852853 	-0.05 	0.819 	62.259165 	-0.69796803 	4.6742398
-0.12732733 	-0.05 	0.819 	62.269552 	-0.68558435 	4.6467642
-0.12612613 	-0.05 	0.819 	62.281341 	-0.67495237 	4.6192291
-0.12492492 	-0.05 	0.819 	62.29313 	-0.6643204 	4.5916939
-0.12372372 	-0.05 	0.819 	62.304919 	-0.65368842 	4.5641588
-0.12252252 	-0.05 	0.819 	62.316707 	-0.64305645 	4.5366237
-0.12132132 	-0.05 	0.819 	62.33374 	-0.63255423 	4.5081171
-0.12012012 	-0.05 	0.819 	62.353489 	-0.62211923 	4.4791073
-0.11891892 	-0.05 	0.819 	62.373238 	-0.61168423 	4.4500975
-0.11771772 	-0.05 	0.819 	62.392987 	-0.60124922 	4.4210877
-0.11651652 	-0.05 	0.819 	62.408576 	-0.59018626 	4.3917733
-0.11531532 	-0.05 	0.819 	62.411917 	-0.57727421 	4.3615618
-0.11411411 	-0.05 	0.819 	62.415257 	-0.56436217 	4.3313502
-0.11291291 	-0.05 	0.819 	62.418597 	-0.55145012 	4.3011387
-0.11171171 	-0.05 	0.819 	62.421937 	-0.53853807 	4.2709272
-0.11051051 	-0.05 	0.819 	62.425277 	-0.52562602 	4.2407157
-0.10930931 	-0.05 	0.819 	62.428618 	-0.51271397 	4.2105041
-0.10810811 	-0.05 	0.819 	62.431958 	-0.49980192 	4.1802926
-0.10690691 	-0.05 	0.819 	62.435298 	-0.48688987 	4.1500811
-0.10570571 	-0.05 	0.819 	62.438638 	-0.47397782 	4.1198696
-0.1045045 	-0.05 	0.819 	62.441979 	-0.46106577 	4.0896581
-0.1033033 	-0.05 	0.819 	62.443569 	-0.44909762 	4.0580988
-0.1021021 	-0.05 	0.819 	62.436486 	-0.44180721 	4.0198602
-0.1009009 	-0.05 	0.819 	62.429403 	-0.43451679 	3.9816216
-0.0996997 	-0.05 	0.819 	62.42232 	-0.42722638 	3.9433831
-0.098498498 	-0.05 	0.819 	62.415237 	-0.41993597 	3.9051445
-0.097297297 	-0.05 	0.819 	62.408154 	-0.41264555 	3.866906
-0.096096096 	-0.05 	0.819 	62.400337 	-0.39549077 	3.8267558
-0.094894895 	-0.05 	0.819 	62.391969 	-0.37094978 	3.7851744
-0.093693694 	-0.05 	0.819 	62.383601 	-0.34640879 	3.7435929
-0.092492492 	-0.05 	0.819 	62.375233 	-0.3218678 	3.7020114
-0.091291291 	-0.05 	0.819 	62.389265 	-0.28787643 	3.6639126
-0.09009009 	-0.05 	0.819 	62.463199 	-0.22861208 	3.6351273
-0.088888889 	-0.05 	0.819 	62.537133 	-0.16934772 	3.606342
-0.087687688 	-0.05 	0.819 	62.611068 	-0.11008337 	3.5775568
-0.086486486 	-0.05 	0.819 	62.684187 	-0.05110731 	3.5488435
-0.085285285 	-0.05 	0.819 	62.732642 	-0.00085732216 	3.5223094
-0.084084084 	-0.05 	0.819 	62.781098 	0.049392666 	3.4957753
-0.082882883 	-0.05 	0.819 	62.829553 	0.099642654 	3.4692413
-0.081681682 	-0.05 	0.819 	62.878008 	0.14989264 	3.4427072
-0.08048048 	-0.05 	0.819 	62.926463 	0.20014263 	3.4161732
-0.079279279 	-0.05 	0.819 	62.971888 	0.24964784 	3.3872121
-0.078078078 	-0.05 	0.819 	63.012373 	0.29793929 	3.354296
-0.076876877 	-0.05 	0.819 	63.052859 	0.34623074 	3.3213799
-0.075675676 	-0.05 	0.819 	63.106649 	0.3905025 	3.2858385
-0.074474474 	-0.05 	0.819 	63.169975 	0.43189323 	3.2484154
-0.073273273 	-0.05 	0.819 	63.233301 	0.47328396 	3.2109923
-0.072072072 	-0.05 	0.819 	63.302736 	0.51825629 	3.1733138
-0.070870871 	-0.05 	0.819 	63.373851 	0.56421333 	3.1355649
-0.06966967 	-0.05 	0.819 	63.444965 	0.61017036 	3.0978161
-0.068468468 	-0.05 	0.819 	63.51608 	0.6561274 	3.0600673
-0.067267267 	-0.05 	0.819 	63.587195 	0.70208444 	3.0223185
-0.066066066 	-0.05 	0.819 	63.65831 	0.74804148 	2.9845697
-0.064864865 	-0.05 	0.819 	63.67736 	0.75668634 	2.9372183
-0.063663664 	-0.05 	0.819 	63.696256 	0.76522126 	2.8898387
-0.062462462 	-0.05 	0.819 	63.715153 	0.77375619 	2.8424591
-0.061261261 	-0.05 	0.819 	63.734049 	0.78229111 	2.7950794
-0.06006006 	-0.05 	0.819 	63.754937 	0.79347871 	2.7662277
-0.058858859 	-0.05 	0.819 	63.776069 	0.80499095 	2.7396435
-0.057657658 	-0.05 	0.819 	63.798046 	0.82185731 	2.7119357
-0.056456456 	-0.05 	0.819 	63.828254 	0.89092249 	2.6732741
-0.055255255 	-0.05 	0.819 	63.858462 	0.95998768 	2.6346124
-0.054054054 	-0.05 	0.819 	63.88867 	1.0290529 	2.5959508
-0.052852853 	-0.05 	0.819 	63.918878 	1.0981181 	2.5572892
-0.051651652 	-0.05 	0.819 	63.949086 	1.1671832 	2.5186276
-0.05045045 	-0.05 	0.819 	63.972692 	1.2386763 	2.482693
-0.049249249 	-0.05 	0.819 	63.970616 	1.3196152 	2.457368
-0.048048048 	-0.05 	0.819 	63.980593 	1.4565095 	2.4176932
-0.046846847 	-0.05 	0.819 	63.990606 	1.5935719 	2.3779752
-0.045645646 	-0.05 	0.819 	63.998655 	1.7331604 	2.3383155
-0.044444444 	-0.05 	0.819 	63.998749 	1.8829792 	2.2988916
-0.043243243 	-0.05 	0.819 	63.998843 	2.0327979 	2.2594677
-0.042042042 	-0.05 	0.819 	63.994981 	2.2255985 	2.221554
-0.040840841 	-0.05 	0.819 	63.987051 	2.4841293 	2.1857331
-0.03963964 	-0.05 	0.819 	64.002706 	2.748516 	2.1474781
-0.038438438 	-0.05 	0.819 	64.018361 	3.0129027 	2.1092232
-0.037237237 	-0.05 	0.819 	64.034016 	3.2772894 	2.0709682
-0.036036036 	-0.05 	0.819 	64.049671 	3.5416761 	2.0327132
-0.034834835 	-0.05 	0.819 	64.065326 	3.8060627 	1.9944582
-0.033633634 	-0.05 	0.819 	64.077305 	4.1013108 	1.9571343
-0.032432432 	-0.05 	0.819 	64.080575 	4.4696825 	1.9220167
-0.031231231 	-0.05 	0.819 	64.083846 	4.8380542 	1.886899
-0.03003003 	-0.05 	0.819 	64.052709 	5.2107011 	1.85782
-0.028828829 	-0.05 	0.819 	63.98669 	5.5876824 	1.8348628
-0.027627628 	-0.05 	0.819 	63.920671 	5.9646636 	1.8119057
-0.026426426 	-0.05 	0.819 	63.816746 	6.1338273 	1.7712909
-0.025225225 	-0.05 	0.819 	63.694021 	6.1999284 	1.7219191
-0.024024024 	-0.05 	0.819 	63.571296 	6.2660295 	1.6725472
-0.022822823 	-0.05 	0.819 	63.461331 	6.4059454 	1.6275523
-0.021621622 	-0.05 	0.819 	63.373939 	6.6764443 	1.5903002
-0.02042042 	-0.05 	0.819 	63.286548 	6.9469433 	1.5530481
-0.019219219 	-0.05 	0.819 	63.199156 	7.2174422 	1.515796
-0.018018018 	-0.05 	0.819 	63.083887 	7.3337922 	1.463888
-0.016816817 	-0.05 	0.819 	62.940611 	7.2952741 	1.3972556
-0.015615616 	-0.05 	0.819 	62.797335 	7.2567561 	1.3306232
-0.014414414 	-0.05 	0.819 	62.535042 	7.4513652 	1.2739853
-0.013213213 	-0.05 	0.819 	62.215109 	7.7588785 	1.2221876
-0.012012012 	-0.05 	0.819 	61.895176 	8.0663917 	1.1703899
-0.010810811 	-0.05 	0.819 	61.777614 	7.9848538 	1.1317076
-0.0096096096 	-0.05 	0.819 	61.700688 	7.8251945 	1.095659
-0.0084084084 	-0.05 	0.819 	61.623762 	7.6655352 	1.0596104
-0.0072072072 	-0.05 	0.819 	61.546836 	7.5058759 	1.0235617
-0.006006006 	-0.05 	0.819 	61.46991 	7.3462166 	0.98751311
-0.0048048048 	-0.05 	0.819 	61.392984 	7.1865573 	0.95146448
-0.0036036036 	-0.05 	0.819 	61.31276 	7.0664375 	0.91358517
-0.0024024024 	-0.05 	0.819 	61.226051 	7.0401452 	0.87094635
-0.0012012012 	-0.05 	0.819 	61.13967 	7.0142785 	0.82817544
-7.966687e-15 	-0.05 	0.819 	60.933879 	6.7429406 	0.78522132
