-1.2 	-0.05 	0.91 	51.400623 	-1.6886338 	4.7455348
-1.1987988 	-0.05 	0.91 	51.410416 	-1.6865936 	4.7552633
-1.1975976 	-0.05 	0.91 	51.42021 	-1.6845533 	4.7649918
-1.1963964 	-0.05 	0.91 	51.430003 	-1.6825131 	4.7747203
-1.1951952 	-0.05 	0.91 	51.439796 	-1.6804728 	4.7844488
-1.193994 	-0.05 	0.91 	51.44959 	-1.6784326 	4.7941773
-1.1927928 	-0.05 	0.91 	51.459383 	-1.6763924 	4.8039059
-1.1915916 	-0.05 	0.91 	51.469176 	-1.6743521 	4.8136344
-1.1903904 	-0.05 	0.91 	51.47897 	-1.6723119 	4.8233629
-1.1891892 	-0.05 	0.91 	51.488763 	-1.6702717 	4.8330914
-1.187988 	-0.05 	0.91 	51.498556 	-1.6682314 	4.8428199
-1.1867868 	-0.05 	0.91 	51.508349 	-1.6661912 	4.8525484
-1.1855856 	-0.05 	0.91 	51.518143 	-1.664151 	4.8622769
-1.1843844 	-0.05 	0.91 	51.527936 	-1.6621107 	4.8720054
-1.1831832 	-0.05 	0.91 	51.537729 	-1.6600705 	4.8817339
-1.181982 	-0.05 	0.91 	51.547523 	-1.6580303 	4.8914625
-1.1807808 	-0.05 	0.91 	51.557316 	-1.65599 	4.901191
-1.1795796 	-0.05 	0.91 	51.567109 	-1.6539498 	4.9109195
-1.1783784 	-0.05 	0.91 	51.576903 	-1.6519096 	4.920648
-1.1771772 	-0.05 	0.91 	51.586696 	-1.6498693 	4.9303765
-1.175976 	-0.05 	0.91 	51.596489 	-1.6478291 	4.940105
-1.1747748 	-0.05 	0.91 	51.606283 	-1.6457888 	4.9498335
-1.1735736 	-0.05 	0.91 	51.616076 	-1.6437486 	4.959562
-1.1723724 	-0.05 	0.91 	51.626023 	-1.6431346 	4.9707246
-1.1711712 	-0.05 	0.91 	51.636539 	-1.6477744 	4.98717
-1.16997 	-0.05 	0.91 	51.647055 	-1.6524143 	5.0036155
-1.1687688 	-0.05 	0.91 	51.657074 	-1.6530906 	5.0189255
-1.1675676 	-0.05 	0.91 	51.6643 	-1.6314679 	5.0278477
-1.1663664 	-0.05 	0.91 	51.671526 	-1.6098451 	5.0367699
-1.1651652 	-0.05 	0.91 	51.678752 	-1.5882224 	5.045692
-1.163964 	-0.05 	0.91 	51.685977 	-1.5665997 	5.0546142
-1.1627628 	-0.05 	0.91 	51.693203 	-1.5449769 	5.0635364
-1.1615616 	-0.05 	0.91 	51.700429 	-1.5233542 	5.0724585
-1.1603604 	-0.05 	0.91 	51.707654 	-1.5017315 	5.0813807
-1.1591592 	-0.05 	0.91 	51.71488 	-1.4801087 	5.0903028
-1.157958 	-0.05 	0.91 	51.738193 	-1.4639958 	5.0983946
-1.1567568 	-0.05 	0.91 	51.761557 	-1.4479003 	5.1064837
-1.1555556 	-0.05 	0.91 	51.78492 	-1.4318048 	5.1145728
-1.1543544 	-0.05 	0.91 	51.808284 	-1.4157094 	5.1226619
-1.1531532 	-0.05 	0.91 	51.831647 	-1.3996139 	5.130751
-1.151952 	-0.05 	0.91 	51.855011 	-1.3835184 	5.1388401
-1.1507508 	-0.05 	0.91 	51.878374 	-1.3674229 	5.1469292
-1.1495495 	-0.05 	0.91 	51.901738 	-1.3513274 	5.1550183
-1.1483483 	-0.05 	0.91 	51.922787 	-1.3583705 	5.1704305
-1.1471471 	-0.05 	0.91 	51.943732 	-1.3664516 	5.1861714
-1.1459459 	-0.05 	0.91 	51.964677 	-1.3745328 	5.2019122
-1.1447447 	-0.05 	0.91 	51.986151 	-1.3807392 	5.2166224
-1.1435435 	-0.05 	0.91 	52.0078 	-1.3863206 	5.230989
-1.1423423 	-0.05 	0.91 	52.02945 	-1.391902 	5.2453556
-1.1411411 	-0.05 	0.91 	52.0511 	-1.3974835 	5.2597222
-1.1399399 	-0.05 	0.91 	52.072749 	-1.4030649 	5.2740888
-1.1387387 	-0.05 	0.91 	52.094399 	-1.4086463 	5.2884554
-1.1375375 	-0.05 	0.91 	52.116049 	-1.4142278 	5.302822
-1.1363363 	-0.05 	0.91 	52.137698 	-1.4198092 	5.3171887
-1.1351351 	-0.05 	0.91 	52.159348 	-1.4253906 	5.3315553
-1.1339339 	-0.05 	0.91 	52.180997 	-1.4309721 	5.3459219
-1.1327327 	-0.05 	0.91 	52.202647 	-1.4365535 	5.3602885
-1.1315315 	-0.05 	0.91 	52.224297 	-1.4421349 	5.3746551
-1.1303303 	-0.05 	0.91 	52.245946 	-1.4477164 	5.3890217
-1.1291291 	-0.05 	0.91 	52.267596 	-1.4532978 	5.4033883
-1.1279279 	-0.05 	0.91 	52.289246 	-1.4588792 	5.4177549
-1.1267267 	-0.05 	0.91 	52.310895 	-1.4644607 	5.4321216
-1.1255255 	-0.05 	0.91 	52.332545 	-1.4700421 	5.4464882
-1.1243243 	-0.05 	0.91 	52.354195 	-1.4756235 	5.4608548
-1.1231231 	-0.05 	0.91 	52.375844 	-1.481205 	5.4752214
-1.1219219 	-0.05 	0.91 	52.397494 	-1.4867864 	5.489588
-1.1207207 	-0.05 	0.91 	52.419143 	-1.4923678 	5.5039546
-1.1195195 	-0.05 	0.91 	52.440793 	-1.4979493 	5.5183212
-1.1183183 	-0.05 	0.91 	52.462443 	-1.5035307 	5.5326879
-1.1171171 	-0.05 	0.91 	52.484092 	-1.5091121 	5.5470545
-1.1159159 	-0.05 	0.91 	52.505742 	-1.5146936 	5.5614211
-1.1147147 	-0.05 	0.91 	52.527392 	-1.520275 	5.5757877
-1.1135135 	-0.05 	0.91 	52.549041 	-1.5258564 	5.5901543
-1.1123123 	-0.05 	0.91 	52.570691 	-1.5314379 	5.6045209
-1.1111111 	-0.05 	0.91 	52.59234 	-1.5370193 	5.6188875
-1.1099099 	-0.05 	0.91 	52.61399 	-1.5426007 	5.6332542
-1.1087087 	-0.05 	0.91 	52.63564 	-1.5481822 	5.6476208
-1.1075075 	-0.05 	0.91 	52.657289 	-1.5537636 	5.6619874
-1.1063063 	-0.05 	0.91 	52.681232 	-1.5839276 	5.6798156
-1.1051051 	-0.05 	0.91 	52.705391 	-1.6164057 	5.6979696
-1.1039039 	-0.05 	0.91 	52.729549 	-1.6488838 	5.7161237
-1.1027027 	-0.05 	0.91 	52.753708 	-1.6813619 	5.7342777
-1.1015015 	-0.05 	0.91 	52.777867 	-1.71384 	5.7524317
-1.1003003 	-0.05 	0.91 	52.802025 	-1.7463181 	5.7705858
-1.0990991 	-0.05 	0.91 	52.826184 	-1.7787962 	5.7887398
-1.0978979 	-0.05 	0.91 	52.850461 	-1.8109945 	5.8071513
-1.0966967 	-0.05 	0.91 	52.875634 	-1.8410831 	5.8275043
-1.0954955 	-0.05 	0.91 	52.900808 	-1.8711717 	5.8478572
-1.0942943 	-0.05 	0.91 	52.925981 	-1.9012603 	5.8682101
-1.0930931 	-0.05 	0.91 	52.951154 	-1.9313489 	5.8885631
-1.0918919 	-0.05 	0.91 	52.976327 	-1.9614375 	5.908916
-1.0906907 	-0.05 	0.91 	53.001501 	-1.9915262 	5.9292689
-1.0894895 	-0.05 	0.91 	53.026674 	-2.0216148 	5.9496219
-1.0882883 	-0.05 	0.91 	53.052007 	-2.0406483 	5.9702227
-1.0870871 	-0.05 	0.91 	53.077532 	-2.0463681 	5.9911221
-1.0858859 	-0.05 	0.91 	53.103058 	-2.0520879 	6.0120215
-1.0846847 	-0.05 	0.91 	53.128584 	-2.0578077 	6.0329209
-1.0834835 	-0.05 	0.91 	53.154109 	-2.0635274 	6.0538203
-1.0822823 	-0.05 	0.91 	53.179635 	-2.0692472 	6.0747197
-1.0810811 	-0.05 	0.91 	53.20516 	-2.074967 	6.0956191
-1.0798799 	-0.05 	0.91 	53.230686 	-2.0806868 	6.1165185
-1.0786787 	-0.05 	0.91 	53.256211 	-2.0864066 	6.1374179
-1.0774775 	-0.05 	0.91 	53.281737 	-2.0921264 	6.1583173
-1.0762763 	-0.05 	0.91 	53.307262 	-2.0978461 	6.1792167
-1.0750751 	-0.05 	0.91 	53.332788 	-2.1035659 	6.2001161
-1.0738739 	-0.05 	0.91 	53.358313 	-2.1092857 	6.2210155
-1.0726727 	-0.05 	0.91 	53.383839 	-2.1150055 	6.241915
-1.0714715 	-0.05 	0.91 	53.409365 	-2.1207253 	6.2628144
-1.0702703 	-0.05 	0.91 	53.43489 	-2.1264451 	6.2837138
-1.0690691 	-0.05 	0.91 	53.460416 	-2.1321648 	6.3046132
-1.0678679 	-0.05 	0.91 	53.485941 	-2.1378846 	6.3255126
-1.0666667 	-0.05 	0.91 	53.511467 	-2.1436044 	6.346412
-1.0654655 	-0.05 	0.91 	53.536992 	-2.1493242 	6.3673114
-1.0642643 	-0.05 	0.91 	53.562518 	-2.155044 	6.3882108
-1.0630631 	-0.05 	0.91 	53.588043 	-2.1607638 	6.4091102
-1.0618619 	-0.05 	0.91 	53.613569 	-2.1664835 	6.4300096
-1.0606607 	-0.05 	0.91 	53.639094 	-2.1722033 	6.450909
-1.0594595 	-0.05 	0.91 	53.66462 	-2.1779231 	6.4718084
-1.0582583 	-0.05 	0.91 	53.690145 	-2.1836429 	6.4927078
-1.0570571 	-0.05 	0.91 	53.715671 	-2.1893627 	6.5136072
-1.0558559 	-0.05 	0.91 	53.741197 	-2.1950825 	6.5345066
-1.0546547 	-0.05 	0.91 	53.766722 	-2.2008022 	6.555406
-1.0534535 	-0.05 	0.91 	53.792248 	-2.206522 	6.5763054
-1.0522523 	-0.05 	0.91 	53.817773 	-2.2122418 	6.5972048
-1.0510511 	-0.05 	0.91 	53.843299 	-2.2179616 	6.6181042
-1.0498498 	-0.05 	0.91 	53.86902 	-2.2234765 	6.6376857
-1.0486486 	-0.05 	0.91 	53.89488 	-2.2288476 	6.6563426
-1.0474474 	-0.05 	0.91 	53.920739 	-2.2342187 	6.6749996
-1.0462462 	-0.05 	0.91 	53.946599 	-2.2395898 	6.6936565
-1.045045 	-0.05 	0.91 	53.972002 	-2.2253688 	6.714006
-1.0438438 	-0.05 	0.91 	53.997194 	-2.2020418 	6.7351422
-1.0426426 	-0.05 	0.91 	54.022386 	-2.1787149 	6.7562784
-1.0414414 	-0.05 	0.91 	54.047578 	-2.1553879 	6.7774146
-1.0402402 	-0.05 	0.91 	54.07277 	-2.132061 	6.7985508
-1.039039 	-0.05 	0.91 	54.097962 	-2.1087341 	6.8196869
-1.0378378 	-0.05 	0.91 	54.123154 	-2.0854071 	6.8408231
-1.0366366 	-0.05 	0.91 	54.148331 	-2.0623588 	6.8615375
-1.0354354 	-0.05 	0.91 	54.173478 	-2.0398603 	6.8814193
-1.0342342 	-0.05 	0.91 	54.198625 	-2.0173619 	6.901301
-1.033033 	-0.05 	0.91 	54.223772 	-1.9948634 	6.9211828
-1.0318318 	-0.05 	0.91 	54.248919 	-1.972365 	6.9410645
-1.0306306 	-0.05 	0.91 	54.274066 	-1.9498666 	6.9609463
-1.0294294 	-0.05 	0.91 	54.299213 	-1.9273681 	6.980828
-1.0282282 	-0.05 	0.91 	54.324433 	-1.9064638 	7.0001688
-1.027027 	-0.05 	0.91 	54.350512 	-1.9041785 	7.0131902
-1.0258258 	-0.05 	0.91 	54.37659 	-1.9018933 	7.0262117
-1.0246246 	-0.05 	0.91 	54.402668 	-1.8996081 	7.0392332
-1.0234234 	-0.05 	0.91 	54.428623 	-1.8973086 	7.0522552
-1.0222222 	-0.05 	0.91 	54.452972 	-1.8948232 	7.0652849
-1.021021 	-0.05 	0.91 	54.477321 	-1.8923378 	7.0783146
-1.0198198 	-0.05 	0.91 	54.50167 	-1.8898523 	7.0913442
-1.0186186 	-0.05 	0.91 	54.526019 	-1.8873669 	7.1043739
-1.0174174 	-0.05 	0.91 	54.550368 	-1.8848815 	7.1174036
-1.0162162 	-0.05 	0.91 	54.574717 	-1.882396 	7.1304332
-1.015015 	-0.05 	0.91 	54.599066 	-1.8799106 	7.1434629
-1.0138138 	-0.05 	0.91 	54.623415 	-1.8774252 	7.1564926
-1.0126126 	-0.05 	0.91 	54.647764 	-1.8749397 	7.1695222
-1.0114114 	-0.05 	0.91 	54.672113 	-1.8724543 	7.1825519
-1.0102102 	-0.05 	0.91 	54.696462 	-1.8699689 	7.1955816
-1.009009 	-0.05 	0.91 	54.720811 	-1.8674834 	7.2086112
-1.0078078 	-0.05 	0.91 	54.74516 	-1.864998 	7.2216409
-1.0066066 	-0.05 	0.91 	54.769509 	-1.8625126 	7.2346706
-1.0054054 	-0.05 	0.91 	54.793858 	-1.8600271 	7.2477003
-1.0042042 	-0.05 	0.91 	54.818207 	-1.8575417 	7.2607299
-1.003003 	-0.05 	0.91 	54.842556 	-1.8550562 	7.2737596
-1.0018018 	-0.05 	0.91 	54.866905 	-1.8525708 	7.2867893
-1.0006006 	-0.05 	0.91 	54.891254 	-1.8500854 	7.2998189
-0.9993994 	-0.05 	0.91 	54.915603 	-1.8475999 	7.3128486
-0.9981982 	-0.05 	0.91 	54.939952 	-1.8451145 	7.3258783
-0.996997 	-0.05 	0.91 	54.964301 	-1.8426291 	7.3389079
-0.9957958 	-0.05 	0.91 	54.98865 	-1.8401436 	7.3519376
-0.99459459 	-0.05 	0.91 	55.012999 	-1.8376582 	7.3649673
-0.99339339 	-0.05 	0.91 	55.037348 	-1.8351728 	7.3779969
-0.99219219 	-0.05 	0.91 	55.061697 	-1.8326873 	7.3910266
-0.99099099 	-0.05 	0.91 	55.086046 	-1.8302019 	7.4040563
-0.98978979 	-0.05 	0.91 	55.110394 	-1.8277165 	7.417086
-0.98858859 	-0.05 	0.91 	55.134743 	-1.825231 	7.4301156
-0.98738739 	-0.05 	0.91 	55.159092 	-1.8227456 	7.4431453
-0.98618619 	-0.05 	0.91 	55.183441 	-1.8202602 	7.456175
-0.98498498 	-0.05 	0.91 	55.20779 	-1.8177747 	7.4692046
-0.98378378 	-0.05 	0.91 	55.232824 	-1.8279338 	7.4778662
-0.98258258 	-0.05 	0.91 	55.25836 	-1.8473966 	7.4833136
-0.98138138 	-0.05 	0.91 	55.283897 	-1.8668594 	7.4887611
-0.98018018 	-0.05 	0.91 	55.309434 	-1.8863223 	7.4942085
-0.97897898 	-0.05 	0.91 	55.334971 	-1.9057851 	7.4996559
-0.97777778 	-0.05 	0.91 	55.360508 	-1.9252479 	7.5051034
-0.97657658 	-0.05 	0.91 	55.386044 	-1.9447108 	7.5105508
-0.97537538 	-0.05 	0.91 	55.411234 	-1.9635698 	7.5161601
-0.97417417 	-0.05 	0.91 	55.436075 	-1.9818252 	7.5219311
-0.97297297 	-0.05 	0.91 	55.460917 	-2.0000805 	7.5277021
-0.97177177 	-0.05 	0.91 	55.485758 	-2.0183359 	7.5334731
-0.97057057 	-0.05 	0.91 	55.5106 	-2.0365912 	7.5392442
-0.96936937 	-0.05 	0.91 	55.535441 	-2.0548466 	7.5450152
-0.96816817 	-0.05 	0.91 	55.560283 	-2.0731019 	7.5507862
-0.96696697 	-0.05 	0.91 	55.580535 	-2.0829179 	7.5583232
-0.96576577 	-0.05 	0.91 	55.59659 	-2.0850179 	7.5674747
-0.96456456 	-0.05 	0.91 	55.612645 	-2.0871178 	7.5766262
-0.96336336 	-0.05 	0.91 	55.6287 	-2.0892177 	7.5857777
-0.96216216 	-0.05 	0.91 	55.644756 	-2.0913176 	7.5949293
-0.96096096 	-0.05 	0.91 	55.660811 	-2.0934175 	7.6040808
-0.95975976 	-0.05 	0.91 	55.676866 	-2.0955175 	7.6132323
-0.95855856 	-0.05 	0.91 	55.692922 	-2.0976174 	7.6223839
-0.95735736 	-0.05 	0.91 	55.708977 	-2.0997173 	7.6315354
-0.95615616 	-0.05 	0.91 	55.725032 	-2.1018172 	7.6406869
-0.95495495 	-0.05 	0.91 	55.741088 	-2.1039172 	7.6498385
-0.95375375 	-0.05 	0.91 	55.757143 	-2.1060171 	7.65899
-0.95255255 	-0.05 	0.91 	55.773198 	-2.108117 	7.6681415
-0.95135135 	-0.05 	0.91 	55.789253 	-2.1102169 	7.677293
-0.95015015 	-0.05 	0.91 	55.805309 	-2.1123168 	7.6864446
-0.94894895 	-0.05 	0.91 	55.821364 	-2.1144168 	7.6955961
-0.94774775 	-0.05 	0.91 	55.837419 	-2.1165167 	7.7047476
-0.94654655 	-0.05 	0.91 	55.853475 	-2.1186166 	7.7138992
-0.94534535 	-0.05 	0.91 	55.86953 	-2.1207165 	7.7230507
-0.94414414 	-0.05 	0.91 	55.885585 	-2.1228165 	7.7322022
-0.94294294 	-0.05 	0.91 	55.901641 	-2.1249164 	7.7413537
-0.94174174 	-0.05 	0.91 	55.917696 	-2.1270163 	7.7505053
-0.94054054 	-0.05 	0.91 	55.933751 	-2.1291162 	7.7596568
-0.93933934 	-0.05 	0.91 	55.949806 	-2.1312161 	7.7688083
-0.93813814 	-0.05 	0.91 	55.965862 	-2.1333161 	7.7779599
-0.93693694 	-0.05 	0.91 	55.981917 	-2.135416 	7.7871114
-0.93573574 	-0.05 	0.91 	55.997972 	-2.1375159 	7.7962629
-0.93453453 	-0.05 	0.91 	56.014028 	-2.1396158 	7.8054145
-0.93333333 	-0.05 	0.91 	56.030083 	-2.1417158 	7.814566
-0.93213213 	-0.05 	0.91 	56.046138 	-2.1438157 	7.8237175
-0.93093093 	-0.05 	0.91 	56.062194 	-2.1459156 	7.832869
-0.92972973 	-0.05 	0.91 	56.078249 	-2.1480155 	7.8420206
-0.92852853 	-0.05 	0.91 	56.094304 	-2.1501154 	7.8511721
-0.92732733 	-0.05 	0.91 	56.110624 	-2.153871 	7.8602615
-0.92612613 	-0.05 	0.91 	56.126973 	-2.1578114 	7.8693439
-0.92492492 	-0.05 	0.91 	56.143322 	-2.1617518 	7.8784264
-0.92372372 	-0.05 	0.91 	56.159672 	-2.1656923 	7.8875088
-0.92252252 	-0.05 	0.91 	56.173919 	-2.164566 	7.8974119
-0.92132132 	-0.05 	0.91 	56.185031 	-2.1558842 	7.9085387
-0.92012012 	-0.05 	0.91 	56.196142 	-2.1472023 	7.9196656
-0.91891892 	-0.05 	0.91 	56.207254 	-2.1385204 	7.9307925
-0.91771772 	-0.05 	0.91 	56.218366 	-2.1298385 	7.9419193
-0.91651652 	-0.05 	0.91 	56.229478 	-2.1211566 	7.9530462
-0.91531532 	-0.05 	0.91 	56.24059 	-2.1124748 	7.964173
-0.91411411 	-0.05 	0.91 	56.256356 	-2.1055294 	7.9748191
-0.91291291 	-0.05 	0.91 	56.273946 	-2.0992646 	7.9852767
-0.91171171 	-0.05 	0.91 	56.291537 	-2.0929999 	7.9957343
-0.91051051 	-0.05 	0.91 	56.309127 	-2.0867352 	8.006192
-0.90930931 	-0.05 	0.91 	56.326717 	-2.0804704 	8.0166496
-0.90810811 	-0.05 	0.91 	56.344307 	-2.0742057 	8.0271072
-0.90690691 	-0.05 	0.91 	56.360152 	-2.0693254 	8.0375988
-0.90570571 	-0.05 	0.91 	56.360882 	-2.0764302 	8.0483845
-0.9045045 	-0.05 	0.91 	56.361613 	-2.083535 	8.0591702
-0.9033033 	-0.05 	0.91 	56.362343 	-2.0906399 	8.0699559
-0.9021021 	-0.05 	0.91 	56.363073 	-2.0977447 	8.0807416
-0.9009009 	-0.05 	0.91 	56.364982 	-2.1022757 	8.0919972
-0.8996997 	-0.05 	0.91 	56.367922 	-2.104552 	8.1036646
-0.8984985 	-0.05 	0.91 	56.370862 	-2.1068284 	8.1153319
-0.8972973 	-0.05 	0.91 	56.373802 	-2.1091047 	8.1269992
-0.8960961 	-0.05 	0.91 	56.376742 	-2.111381 	8.1386665
-0.89489489 	-0.05 	0.91 	56.379682 	-2.1136574 	8.1503338
-0.89369369 	-0.05 	0.91 	56.382623 	-2.1159337 	8.1620011
-0.89249249 	-0.05 	0.91 	56.385563 	-2.11821 	8.1736684
-0.89129129 	-0.05 	0.91 	56.388503 	-2.1204864 	8.1853357
-0.89009009 	-0.05 	0.91 	56.391443 	-2.1227627 	8.1970031
-0.88888889 	-0.05 	0.91 	56.394383 	-2.125039 	8.2086704
-0.88768769 	-0.05 	0.91 	56.397324 	-2.1273154 	8.2203377
-0.88648649 	-0.05 	0.91 	56.400264 	-2.1295917 	8.232005
-0.88528529 	-0.05 	0.91 	56.403204 	-2.131868 	8.2436723
-0.88408408 	-0.05 	0.91 	56.406144 	-2.1341444 	8.2553396
-0.88288288 	-0.05 	0.91 	56.409084 	-2.1364207 	8.2670069
-0.88168168 	-0.05 	0.91 	56.412024 	-2.138697 	8.2786743
-0.88048048 	-0.05 	0.91 	56.414965 	-2.1409734 	8.2903416
-0.87927928 	-0.05 	0.91 	56.417905 	-2.1432497 	8.3020089
-0.87807808 	-0.05 	0.91 	56.420845 	-2.145526 	8.3136762
-0.87687688 	-0.05 	0.91 	56.423785 	-2.1478024 	8.3253435
-0.87567568 	-0.05 	0.91 	56.426725 	-2.1500787 	8.3370108
-0.87447447 	-0.05 	0.91 	56.429665 	-2.152355 	8.3486781
-0.87327327 	-0.05 	0.91 	56.432606 	-2.1546314 	8.3603454
-0.87207207 	-0.05 	0.91 	56.435546 	-2.1569077 	8.3720128
-0.87087087 	-0.05 	0.91 	56.438486 	-2.1591841 	8.3836801
-0.86966967 	-0.05 	0.91 	56.441426 	-2.1614604 	8.3953474
-0.86846847 	-0.05 	0.91 	56.444366 	-2.1637367 	8.4070147
-0.86726727 	-0.05 	0.91 	56.447306 	-2.1660131 	8.418682
-0.86606607 	-0.05 	0.91 	56.450247 	-2.1682894 	8.4303493
-0.86486486 	-0.05 	0.91 	56.453187 	-2.1705657 	8.4420166
-0.86366366 	-0.05 	0.91 	56.456127 	-2.1728421 	8.4536839
-0.86246246 	-0.05 	0.91 	56.459067 	-2.1751184 	8.4653513
-0.86126126 	-0.05 	0.91 	56.421474 	-2.2225498 	8.4984635
-0.86006006 	-0.05 	0.91 	56.421514 	-2.2215769 	8.5079431
-0.85885886 	-0.05 	0.91 	56.421553 	-2.2206039 	8.5174226
-0.85765766 	-0.05 	0.91 	56.421592 	-2.219631 	8.5269022
-0.85645646 	-0.05 	0.91 	56.421632 	-2.2186581 	8.5363818
-0.85525526 	-0.05 	0.91 	56.421671 	-2.2176852 	8.5458613
-0.85405405 	-0.05 	0.91 	56.42171 	-2.2167123 	8.5553409
-0.85285285 	-0.05 	0.91 	56.453509 	-2.2002436 	8.5586815
-0.85165165 	-0.05 	0.91 	56.488212 	-2.1823574 	8.5614605
-0.85045045 	-0.05 	0.91 	56.522915 	-2.1644712 	8.5642395
-0.84924925 	-0.05 	0.91 	56.557619 	-2.1465849 	8.5670186
-0.84804805 	-0.05 	0.91 	56.592322 	-2.1286987 	8.5697976
-0.84684685 	-0.05 	0.91 	56.627026 	-2.1108125 	8.5725766
-0.84564565 	-0.05 	0.91 	56.659957 	-2.0834069 	8.5827308
-0.84444444 	-0.05 	0.91 	56.691153 	-2.0466848 	8.6001031
-0.84324324 	-0.05 	0.91 	56.722349 	-2.0099627 	8.6174753
-0.84204204 	-0.05 	0.91 	56.753545 	-1.9732406 	8.6348476
-0.84084084 	-0.05 	0.91 	56.784741 	-1.9365186 	8.6522198
-0.83963964 	-0.05 	0.91 	56.811856 	-1.9079652 	8.6700141
-0.83843844 	-0.05 	0.91 	56.837369 	-1.8826167 	8.687974
-0.83723724 	-0.05 	0.91 	56.862883 	-1.8572683 	8.7059339
-0.83603604 	-0.05 	0.91 	56.888396 	-1.8319199 	8.7238938
-0.83483483 	-0.05 	0.91 	56.91391 	-1.8065714 	8.7418537
-0.83363363 	-0.05 	0.91 	56.939424 	-1.781223 	8.7598135
-0.83243243 	-0.05 	0.91 	56.964937 	-1.7558746 	8.7777734
-0.83123123 	-0.05 	0.91 	56.990451 	-1.7305261 	8.7957333
-0.83003003 	-0.05 	0.91 	57.015965 	-1.7051777 	8.8136932
-0.82882883 	-0.05 	0.91 	57.041478 	-1.6798293 	8.8316531
-0.82762763 	-0.05 	0.91 	57.066992 	-1.6544808 	8.849613
-0.82642643 	-0.05 	0.91 	57.092505 	-1.6291324 	8.8675728
-0.82522523 	-0.05 	0.91 	57.118019 	-1.603784 	8.8855327
-0.82402402 	-0.05 	0.91 	57.143533 	-1.5784356 	8.9034926
-0.82282282 	-0.05 	0.91 	57.175059 	-1.5585963 	8.9186644
-0.82162162 	-0.05 	0.91 	57.212014 	-1.54373 	8.9313194
-0.82042042 	-0.05 	0.91 	57.248969 	-1.5288638 	8.9439743
-0.81921922 	-0.05 	0.91 	57.285923 	-1.5139975 	8.9566293
-0.81801802 	-0.05 	0.91 	57.322878 	-1.4991313 	8.9692843
-0.81681682 	-0.05 	0.91 	57.359832 	-1.484265 	8.9819393
-0.81561562 	-0.05 	0.91 	57.396787 	-1.4693987 	8.9945943
-0.81441441 	-0.05 	0.91 	57.433742 	-1.4545325 	9.0072493
-0.81321321 	-0.05 	0.91 	57.470696 	-1.4396662 	9.0199043
-0.81201201 	-0.05 	0.91 	57.507651 	-1.4248 	9.0325593
-0.81081081 	-0.05 	0.91 	57.544606 	-1.4099337 	9.0452142
-0.80960961 	-0.05 	0.91 	57.58156 	-1.3950674 	9.0578692
-0.80840841 	-0.05 	0.91 	57.618515 	-1.3802012 	9.0705242
-0.80720721 	-0.05 	0.91 	57.655469 	-1.3653349 	9.0831792
-0.80600601 	-0.05 	0.91 	57.694261 	-1.3501057 	9.0966007
-0.8048048 	-0.05 	0.91 	57.737763 	-1.3339454 	9.1119889
-0.8036036 	-0.05 	0.91 	57.781266 	-1.3177851 	9.127377
-0.8024024 	-0.05 	0.91 	57.824768 	-1.3016248 	9.1427652
-0.8012012 	-0.05 	0.91 	57.868271 	-1.2854645 	9.1581533
-0.8 	-0.05 	0.91 	57.903476 	-1.2720654 	9.176045
-0.7987988 	-0.05 	0.91 	57.915104 	-1.2665123 	9.2010502
-0.7975976 	-0.05 	0.91 	57.926732 	-1.2609591 	9.2260554
-0.7963964 	-0.05 	0.91 	57.93836 	-1.2554059 	9.2510606
-0.7951952 	-0.05 	0.91 	57.949988 	-1.2498528 	9.2760658
-0.79399399 	-0.05 	0.91 	57.961616 	-1.2442996 	9.3010711
-0.79279279 	-0.05 	0.91 	57.971129 	-1.2387258 	9.3216349
-0.79159159 	-0.05 	0.91 	57.967416 	-1.2330227 	9.3144222
-0.79039039 	-0.05 	0.91 	57.963702 	-1.2273197 	9.3072094
-0.78918919 	-0.05 	0.91 	57.959989 	-1.2216167 	9.2999967
-0.78798799 	-0.05 	0.91 	57.956275 	-1.2159136 	9.292784
-0.78678679 	-0.05 	0.91 	57.952562 	-1.2102106 	9.2855712
-0.78558559 	-0.05 	0.91 	57.950486 	-1.2046756 	9.2791667
-0.78438438 	-0.05 	0.91 	57.969693 	-1.2013252 	9.283267
-0.78318318 	-0.05 	0.91 	57.9889 	-1.1979748 	9.2873674
-0.78198198 	-0.05 	0.91 	58.008107 	-1.1946244 	9.2914677
-0.78078078 	-0.05 	0.91 	58.027314 	-1.1912739 	9.2955681
-0.77957958 	-0.05 	0.91 	58.046521 	-1.1879235 	9.2996684
-0.77837838 	-0.05 	0.91 	58.064367 	-1.1843894 	9.3058153
-0.77717718 	-0.05 	0.91 	58.082202 	-1.1808537 	9.3119795
-0.77597598 	-0.05 	0.91 	58.100037 	-1.1773181 	9.3181437
-0.77477477 	-0.05 	0.91 	58.117872 	-1.1737824 	9.3243079
-0.77357357 	-0.05 	0.91 	58.135707 	-1.1702468 	9.3304721
-0.77237237 	-0.05 	0.91 	58.153542 	-1.1667111 	9.3366363
-0.77117117 	-0.05 	0.91 	58.171377 	-1.1631755 	9.3428005
-0.76996997 	-0.05 	0.91 	58.189212 	-1.1596398 	9.3489648
-0.76876877 	-0.05 	0.91 	58.207047 	-1.1561041 	9.355129
-0.76756757 	-0.05 	0.91 	58.224881 	-1.1525685 	9.3612932
-0.76636637 	-0.05 	0.91 	58.242716 	-1.1490328 	9.3674574
-0.76516517 	-0.05 	0.91 	58.260551 	-1.1454972 	9.3736216
-0.76396396 	-0.05 	0.91 	58.278386 	-1.1419615 	9.3797858
-0.76276276 	-0.05 	0.91 	58.296221 	-1.1384259 	9.38595
-0.76156156 	-0.05 	0.91 	58.316436 	-1.1395711 	9.3949422
-0.76036036 	-0.05 	0.91 	58.337456 	-1.1423026 	9.4048927
-0.75915916 	-0.05 	0.91 	58.358477 	-1.145034 	9.4148431
-0.75795796 	-0.05 	0.91 	58.379498 	-1.1477655 	9.4247936
-0.75675676 	-0.05 	0.91 	58.400519 	-1.1504969 	9.434744
-0.75555556 	-0.05 	0.91 	58.42154 	-1.1532284 	9.4446945
-0.75435435 	-0.05 	0.91 	58.442561 	-1.1559599 	9.454645
-0.75315315 	-0.05 	0.91 	58.463582 	-1.1586913 	9.4645954
-0.75195195 	-0.05 	0.91 	58.484603 	-1.1614228 	9.4745459
-0.75075075 	-0.05 	0.91 	58.505624 	-1.1641542 	9.4844964
-0.74954955 	-0.05 	0.91 	58.526645 	-1.1668857 	9.4944468
-0.74834835 	-0.05 	0.91 	58.547665 	-1.1696172 	9.5043973
-0.74714715 	-0.05 	0.91 	58.568686 	-1.1723486 	9.5143477
-0.74594595 	-0.05 	0.91 	58.589707 	-1.1750801 	9.5242982
-0.74474474 	-0.05 	0.91 	58.611408 	-1.1784383 	9.5335483
-0.74354354 	-0.05 	0.91 	58.633756 	-1.1823933 	9.5421316
-0.74234234 	-0.05 	0.91 	58.656105 	-1.1863483 	9.550715
-0.74114114 	-0.05 	0.91 	58.678453 	-1.1903033 	9.5592983
-0.73993994 	-0.05 	0.91 	58.700801 	-1.1942583 	9.5678816
-0.73873874 	-0.05 	0.91 	58.719398 	-1.2047072 	9.5788782
-0.73753754 	-0.05 	0.91 	58.730395 	-1.2283139 	9.5947643
-0.73633634 	-0.05 	0.91 	58.741391 	-1.2519206 	9.6106504
-0.73513514 	-0.05 	0.91 	58.752387 	-1.2755272 	9.6265365
-0.73393393 	-0.05 	0.91 	58.763383 	-1.2991339 	9.6424226
-0.73273273 	-0.05 	0.91 	58.774379 	-1.3227406 	9.6583088
-0.73153153 	-0.05 	0.91 	58.790061 	-1.3473987 	9.6693153
-0.73033033 	-0.05 	0.91 	58.814262 	-1.3739682 	9.671451
-0.72912913 	-0.05 	0.91 	58.838462 	-1.4005377 	9.6735867
-0.72792793 	-0.05 	0.91 	58.862663 	-1.4271073 	9.6757224
-0.72672673 	-0.05 	0.91 	58.886863 	-1.4536768 	9.6778581
-0.72552553 	-0.05 	0.91 	58.911063 	-1.4802463 	9.6799938
-0.72432432 	-0.05 	0.91 	58.928461 	-1.4954202 	9.682015
-0.72312312 	-0.05 	0.91 	58.936536 	-1.4949782 	9.6838793
-0.72192192 	-0.05 	0.91 	58.944611 	-1.4945361 	9.6857436
-0.72072072 	-0.05 	0.91 	58.952686 	-1.4940941 	9.687608
-0.71951952 	-0.05 	0.91 	58.960761 	-1.4936521 	9.6894723
-0.71831832 	-0.05 	0.91 	58.969379 	-1.4929537 	9.6920108
-0.71711712 	-0.05 	0.91 	58.980221 	-1.4912036 	9.6973159
-0.71591592 	-0.05 	0.91 	58.991064 	-1.4894535 	9.7026211
-0.71471471 	-0.05 	0.91 	59.001906 	-1.4877034 	9.7079262
-0.71351351 	-0.05 	0.91 	59.012749 	-1.4859533 	9.7132314
-0.71231231 	-0.05 	0.91 	59.023592 	-1.4842032 	9.7185365
-0.71111111 	-0.05 	0.91 	59.034434 	-1.482453 	9.7238417
-0.70990991 	-0.05 	0.91 	59.045277 	-1.4807029 	9.7291468
-0.70870871 	-0.05 	0.91 	59.056119 	-1.4789528 	9.734452
-0.70750751 	-0.05 	0.91 	59.065317 	-1.4364818 	9.7485822
-0.70630631 	-0.05 	0.91 	59.074164 	-1.3853643 	9.7645863
-0.70510511 	-0.05 	0.91 	59.083012 	-1.3342468 	9.7805904
-0.7039039 	-0.05 	0.91 	59.09186 	-1.2831293 	9.7965945
-0.7027027 	-0.05 	0.91 	59.100707 	-1.2320119 	9.8125985
-0.7015015 	-0.05 	0.91 	59.109555 	-1.1808944 	9.8286026
-0.7003003 	-0.05 	0.91 	59.127236 	-1.1376141 	9.8440171
-0.6990991 	-0.05 	0.91 	59.145199 	-1.0945841 	9.8594128
-0.6978979 	-0.05 	0.91 	59.163162 	-1.0515541 	9.8748085
-0.6966967 	-0.05 	0.91 	59.181124 	-1.0085241 	9.8902041
-0.6954955 	-0.05 	0.91 	59.199087 	-0.96549407 	9.9055998
-0.69429429 	-0.05 	0.91 	59.21518 	-0.92722171 	9.9191767
-0.69309309 	-0.05 	0.91 	59.222982 	-0.9100349 	9.9246928
-0.69189189 	-0.05 	0.91 	59.230784 	-0.89284809 	9.9302088
-0.69069069 	-0.05 	0.91 	59.238586 	-0.87566128 	9.9357249
-0.68948949 	-0.05 	0.91 	59.246389 	-0.85847447 	9.941241
-0.68828829 	-0.05 	0.91 	59.254191 	-0.84128766 	9.9467571
-0.68708709 	-0.05 	0.91 	59.261993 	-0.82410085 	9.9522732
-0.68588589 	-0.05 	0.91 	59.269796 	-0.80691405 	9.9577893
-0.68468468 	-0.05 	0.91 	59.277598 	-0.78972724 	9.9633054
-0.68348348 	-0.05 	0.91 	59.285778 	-0.77222489 	9.9687443
-0.68228228 	-0.05 	0.91 	59.294061 	-0.75463621 	9.9741621
-0.68108108 	-0.05 	0.91 	59.302345 	-0.73704753 	9.9795799
-0.67987988 	-0.05 	0.91 	59.310628 	-0.71945885 	9.9849977
-0.67867868 	-0.05 	0.91 	59.318912 	-0.70187016 	9.9904154
-0.67747748 	-0.05 	0.91 	59.329198 	-0.6907076 	9.993446
-0.67627628 	-0.05 	0.91 	59.345052 	-0.69740535 	9.9898414
-0.67507508 	-0.05 	0.91 	59.360905 	-0.70410309 	9.9862368
-0.67387387 	-0.05 	0.91 	59.376758 	-0.71080083 	9.9826323
-0.67267267 	-0.05 	0.91 	59.392612 	-0.71749858 	9.9790277
-0.67147147 	-0.05 	0.91 	59.408465 	-0.72419632 	9.9754231
-0.67027027 	-0.05 	0.91 	59.424331 	-0.73341429 	9.9716748
-0.66906907 	-0.05 	0.91 	59.440205 	-0.74442924 	9.967824
-0.66786787 	-0.05 	0.91 	59.456079 	-0.75544419 	9.9639732
-0.66666667 	-0.05 	0.91 	59.471954 	-0.76645914 	9.9601224
-0.66546547 	-0.05 	0.91 	59.487828 	-0.77747409 	9.9562716
-0.66426426 	-0.05 	0.91 	59.503703 	-0.78848904 	9.9524208
-0.66306306 	-0.05 	0.91 	59.515968 	-0.77978132 	9.9549563
-0.66186186 	-0.05 	0.91 	59.528056 	-0.77010302 	9.9578062
-0.66066066 	-0.05 	0.91 	59.540144 	-0.76042472 	9.960656
-0.65945946 	-0.05 	0.91 	59.552232 	-0.75074643 	9.9635058
-0.65825826 	-0.05 	0.91 	59.56432 	-0.74106813 	9.9663556
-0.65705706 	-0.05 	0.91 	59.576338 	-0.7316256 	9.9688695
-0.65585586 	-0.05 	0.91 	59.588245 	-0.72255238 	9.970857
-0.65465465 	-0.05 	0.91 	59.600152 	-0.71347915 	9.9728446
-0.65345345 	-0.05 	0.91 	59.61206 	-0.70440592 	9.9748321
-0.65225225 	-0.05 	0.91 	59.623967 	-0.6953327 	9.9768197
-0.65105105 	-0.05 	0.91 	59.635874 	-0.68625947 	9.9788072
-0.64984985 	-0.05 	0.91 	59.647781 	-0.67718625 	9.9807948
-0.64864865 	-0.05 	0.91 	59.659689 	-0.66811302 	9.9827823
-0.64744745 	-0.05 	0.91 	59.671596 	-0.65903979 	9.9847699
-0.64624625 	-0.05 	0.91 	59.681752 	-0.63726484 	9.991671
-0.64504505 	-0.05 	0.91 	59.691492 	-0.61247347 	9.999739
-0.64384384 	-0.05 	0.91 	59.701231 	-0.58768211 	10.007807
-0.64264264 	-0.05 	0.91 	59.710971 	-0.56289074 	10.015875
-0.64144144 	-0.05 	0.91 	59.720711 	-0.53809938 	10.023943
-0.64024024 	-0.05 	0.91 	59.730305 	-0.512867 	10.03207
-0.63903904 	-0.05 	0.91 	59.739297 	-0.48581113 	10.040441
-0.63783784 	-0.05 	0.91 	59.748289 	-0.45875526 	10.048812
-0.63663664 	-0.05 	0.91 	59.757282 	-0.43169939 	10.057183
-0.63543544 	-0.05 	0.91 	59.766274 	-0.40464352 	10.065554
-0.63423423 	-0.05 	0.91 	59.775266 	-0.37758765 	10.073924
-0.63303303 	-0.05 	0.91 	59.784116 	-0.36157182 	10.079975
-0.63183183 	-0.05 	0.91 	59.792873 	-0.35278639 	10.084506
-0.63063063 	-0.05 	0.91 	59.801631 	-0.34400096 	10.089036
-0.62942943 	-0.05 	0.91 	59.810388 	-0.33521553 	10.093567
-0.62822823 	-0.05 	0.91 	59.819145 	-0.3264301 	10.098098
-0.62702703 	-0.05 	0.91 	59.827903 	-0.31764467 	10.102628
-0.62582583 	-0.05 	0.91 	59.83666 	-0.30885924 	10.107159
-0.62462462 	-0.05 	0.91 	59.845417 	-0.30007381 	10.11169
-0.62342342 	-0.05 	0.91 	59.854175 	-0.29128838 	10.11622
-0.62222222 	-0.05 	0.91 	59.863305 	-0.27955545 	10.12036
-0.62102102 	-0.05 	0.91 	59.872438 	-0.26780558 	10.124498
-0.61981982 	-0.05 	0.91 	59.881571 	-0.25605571 	10.128635
-0.61861862 	-0.05 	0.91 	59.890703 	-0.24430583 	10.132773
-0.61741742 	-0.05 	0.91 	59.899836 	-0.23255596 	10.13691
-0.61621622 	-0.05 	0.91 	59.908954 	-0.22609821 	10.140259
-0.61501502 	-0.05 	0.91 	59.918046 	-0.22920646 	10.142181
-0.61381381 	-0.05 	0.91 	59.927138 	-0.2323147 	10.144103
-0.61261261 	-0.05 	0.91 	59.93623 	-0.23542295 	10.146025
-0.61141141 	-0.05 	0.91 	59.945322 	-0.23853119 	10.147947
-0.61021021 	-0.05 	0.91 	59.954414 	-0.24163944 	10.14987
-0.60900901 	-0.05 	0.91 	59.963353 	-0.24441799 	10.15131
-0.60780781 	-0.05 	0.91 	59.972257 	-0.24711785 	10.152635
-0.60660661 	-0.05 	0.91 	59.98116 	-0.24981771 	10.153961
-0.60540541 	-0.05 	0.91 	59.990063 	-0.25251758 	10.155286
-0.6042042 	-0.05 	0.91 	59.998967 	-0.25521744 	10.156611
-0.603003 	-0.05 	0.91 	60.008006 	-0.25610643 	10.157789
-0.6018018 	-0.05 	0.91 	60.017362 	-0.25277097 	10.158622
-0.6006006 	-0.05 	0.91 	60.026718 	-0.2494355 	10.159455
-0.5993994 	-0.05 	0.91 	60.036075 	-0.24610004 	10.160288
-0.5981982 	-0.05 	0.91 	60.045431 	-0.24276458 	10.161121
-0.596997 	-0.05 	0.91 	60.054787 	-0.23942911 	10.161954
-0.5957958 	-0.05 	0.91 	60.063249 	-0.23410431 	10.162507
-0.59459459 	-0.05 	0.91 	60.071131 	-0.22748785 	10.162878
-0.59339339 	-0.05 	0.91 	60.079014 	-0.22087139 	10.16325
-0.59219219 	-0.05 	0.91 	60.086896 	-0.21425494 	10.163621
-0.59099099 	-0.05 	0.91 	60.094778 	-0.20763848 	10.163992
-0.58978979 	-0.05 	0.91 	60.10266 	-0.20102202 	10.164363
-0.58858859 	-0.05 	0.91 	60.110542 	-0.19440556 	10.164735
-0.58738739 	-0.05 	0.91 	60.118424 	-0.18778911 	10.165106
-0.58618619 	-0.05 	0.91 	60.126307 	-0.18117265 	10.165477
-0.58498498 	-0.05 	0.91 	60.135251 	-0.17247067 	10.163807
-0.58378378 	-0.05 	0.91 	60.14438 	-0.163406 	10.161782
-0.58258258 	-0.05 	0.91 	60.153509 	-0.15434133 	10.159758
-0.58138138 	-0.05 	0.91 	60.162639 	-0.14527666 	10.157733
-0.58018018 	-0.05 	0.91 	60.171768 	-0.13621199 	10.155708
-0.57897898 	-0.05 	0.91 	60.180618 	-0.12757255 	10.153108
-0.57777778 	-0.05 	0.91 	60.189085 	-0.11951505 	10.149722
-0.57657658 	-0.05 	0.91 	60.197553 	-0.11145755 	10.146336
-0.57537538 	-0.05 	0.91 	60.20602 	-0.10340005 	10.142949
-0.57417417 	-0.05 	0.91 	60.214487 	-0.095342553 	10.139563
-0.57297297 	-0.05 	0.91 	60.222823 	-0.087247874 	10.136098
-0.57177177 	-0.05 	0.91 	60.229046 	-0.078558019 	10.131372
-0.57057057 	-0.05 	0.91 	60.235268 	-0.069868164 	10.126647
-0.56936937 	-0.05 	0.91 	60.241491 	-0.06117831 	10.121921
-0.56816817 	-0.05 	0.91 	60.247714 	-0.052488455 	10.117195
-0.56696697 	-0.05 	0.91 	60.253937 	-0.043798601 	10.11247
-0.56576577 	-0.05 	0.91 	60.260159 	-0.035108746 	10.107744
-0.56456456 	-0.05 	0.91 	60.266382 	-0.026418891 	10.103018
-0.56336336 	-0.05 	0.91 	60.272605 	-0.017729037 	10.098293
-0.56216216 	-0.05 	0.91 	60.279055 	-0.0092226734 	10.093957
-0.56096096 	-0.05 	0.91 	60.286141 	-0.0012308889 	10.090715
-0.55975976 	-0.05 	0.91 	60.293228 	0.0067608957 	10.087472
-0.55855856 	-0.05 	0.91 	60.300314 	0.01475268 	10.08423
-0.55735736 	-0.05 	0.91 	60.307401 	0.022744465 	10.080988
-0.55615616 	-0.05 	0.91 	60.314487 	0.030736249 	10.077745
-0.55495495 	-0.05 	0.91 	60.321079 	0.038101199 	10.074511
-0.55375375 	-0.05 	0.91 	60.326489 	0.043969739 	10.071294
-0.55255255 	-0.05 	0.91 	60.331898 	0.049838278 	10.068077
-0.55135135 	-0.05 	0.91 	60.337308 	0.055706818 	10.06486
-0.55015015 	-0.05 	0.91 	60.342718 	0.061575358 	10.061643
-0.54894895 	-0.05 	0.91 	60.348062 	0.067107433 	10.0583
-0.54774775 	-0.05 	0.91 	60.351804 	0.064477647 	10.051883
-0.54654655 	-0.05 	0.91 	60.355546 	0.06184786 	10.045466
-0.54534535 	-0.05 	0.91 	60.359288 	0.059218074 	10.039049
-0.54414414 	-0.05 	0.91 	60.36303 	0.056588288 	10.032632
-0.54294294 	-0.05 	0.91 	60.366772 	0.053958501 	10.026215
-0.54174174 	-0.05 	0.91 	60.368576 	0.059771359 	10.020613
-0.54054054 	-0.05 	0.91 	60.369964 	0.067400625 	10.015186
-0.53933934 	-0.05 	0.91 	60.371351 	0.075029891 	10.009759
-0.53813814 	-0.05 	0.91 	60.372739 	0.082659157 	10.004333
-0.53693694 	-0.05 	0.91 	60.374126 	0.090288423 	9.9989056
-0.53573574 	-0.05 	0.91 	60.375513 	0.097917689 	9.9934787
-0.53453453 	-0.05 	0.91 	60.377495 	0.10603289 	9.98866
-0.53333333 	-0.05 	0.91 	60.379615 	0.11426148 	9.9839834
-0.53213213 	-0.05 	0.91 	60.381735 	0.12249007 	9.9793067
-0.53093093 	-0.05 	0.91 	60.383856 	0.13071866 	9.97463
-0.52972973 	-0.05 	0.91 	60.385976 	0.13894726 	9.9699534
-0.52852853 	-0.05 	0.91 	60.388096 	0.14717585 	9.9652767
-0.52732733 	-0.05 	0.91 	60.390216 	0.15540444 	9.9606
-0.52612613 	-0.05 	0.91 	60.392337 	0.16363303 	9.9559233
-0.52492492 	-0.05 	0.91 	60.394457 	0.17186162 	9.9512467
-0.52372372 	-0.05 	0.91 	60.393918 	0.18767893 	9.9454512
-0.52252252 	-0.05 	0.91 	60.392932 	0.20477096 	9.9394679
-0.52132132 	-0.05 	0.91 	60.391946 	0.22186298 	9.9334845
-0.52012012 	-0.05 	0.91 	60.39096 	0.23895501 	9.9275011
-0.51891892 	-0.05 	0.91 	60.389974 	0.25604704 	9.9215178
-0.51771772 	-0.05 	0.91 	60.389083 	0.27294639 	9.9167174
-0.51651652 	-0.05 	0.91 	60.388243 	0.28974243 	9.9125513
-0.51531532 	-0.05 	0.91 	60.387403 	0.30653847 	9.9083852
-0.51411411 	-0.05 	0.91 	60.386563 	0.32333451 	9.9042191
-0.51291291 	-0.05 	0.91 	60.385723 	0.34013056 	9.9000531
-0.51171171 	-0.05 	0.91 	60.387072 	0.35328027 	9.8975855
-0.51051051 	-0.05 	0.91 	60.391005 	0.36212473 	9.8971234
-0.50930931 	-0.05 	0.91 	60.394938 	0.37096918 	9.8966613
-0.50810811 	-0.05 	0.91 	60.398872 	0.37981363 	9.8961992
-0.50690691 	-0.05 	0.91 	60.402805 	0.38865808 	9.8957372
-0.50570571 	-0.05 	0.91 	60.406738 	0.39750253 	9.8952751
-0.5045045 	-0.05 	0.91 	60.410671 	0.40634698 	9.894813
-0.5033033 	-0.05 	0.91 	60.414604 	0.41519143 	9.8943509
-0.5021021 	-0.05 	0.91 	60.418538 	0.42403588 	9.8938888
-0.5009009 	-0.05 	0.91 	60.422763 	0.4313145 	9.8942058
-0.4996997 	-0.05 	0.91 	60.42724 	0.43723849 	9.8951967
-0.4984985 	-0.05 	0.91 	60.431718 	0.44316249 	9.8961876
-0.4972973 	-0.05 	0.91 	60.436196 	0.44908648 	9.8971785
-0.4960961 	-0.05 	0.91 	60.440673 	0.45501047 	9.8981695
-0.49489489 	-0.05 	0.91 	60.445151 	0.46093446 	9.8991604
-0.49369369 	-0.05 	0.91 	60.450233 	0.46462592 	9.9016635
-0.49249249 	-0.05 	0.91 	60.456168 	0.46517137 	9.9062977
-0.49129129 	-0.05 	0.91 	60.462102 	0.46571682 	9.9109318
-0.49009009 	-0.05 	0.91 	60.468037 	0.46626226 	9.9155659
-0.48888889 	-0.05 	0.91 	60.473971 	0.46680771 	9.9202
-0.48768769 	-0.05 	0.91 	60.478862 	0.46837549 	9.9242954
-0.48648649 	-0.05 	0.91 	60.480846 	0.47279044 	9.9268902
-0.48528529 	-0.05 	0.91 	60.48283 	0.47720538 	9.9294851
-0.48408408 	-0.05 	0.91 	60.484815 	0.48162033 	9.9320799
-0.48288288 	-0.05 	0.91 	60.486799 	0.48603527 	9.9346747
-0.48168168 	-0.05 	0.91 	60.485017 	0.48765167 	9.9302346
-0.48048048 	-0.05 	0.91 	60.462335 	0.47373932 	9.8867583
-0.47927928 	-0.05 	0.91 	60.439653 	0.45982698 	9.843282
-0.47807808 	-0.05 	0.91 	60.416971 	0.44591463 	9.7998057
-0.47687688 	-0.05 	0.91 	60.394289 	0.43200228 	9.7563294
-0.47567568 	-0.05 	0.91 	60.371607 	0.41808994 	9.7128531
-0.47447447 	-0.05 	0.91 	60.348712 	0.40392834 	9.6699975
-0.47327327 	-0.05 	0.91 	60.312475 	0.37413527 	9.6660677
-0.47207207 	-0.05 	0.91 	60.276239 	0.34434221 	9.6621379
-0.47087087 	-0.05 	0.91 	60.240002 	0.31454915 	9.6582081
-0.46966967 	-0.05 	0.91 	60.203766 	0.28475608 	9.6542783
-0.46846847 	-0.05 	0.91 	60.167529 	0.25496302 	9.6503485
-0.46726727 	-0.05 	0.91 	60.131293 	0.22516996 	9.6464188
-0.46606607 	-0.05 	0.91 	60.112016 	0.20915509 	9.6427273
-0.46486486 	-0.05 	0.91 	60.093843 	0.19403801 	9.6390514
-0.46366366 	-0.05 	0.91 	60.075671 	0.17892093 	9.6353755
-0.46246246 	-0.05 	0.91 	60.059777 	0.1682002 	9.6292508
-0.46126126 	-0.05 	0.91 	60.044086 	0.15787109 	9.622908
-0.46006006 	-0.05 	0.91 	60.028395 	0.14754199 	9.6165652
-0.45885886 	-0.05 	0.91 	60.012704 	0.13721288 	9.6102224
-0.45765766 	-0.05 	0.91 	59.997013 	0.12688377 	9.6038796
-0.45645646 	-0.05 	0.91 	60.015257 	0.15337936 	9.5940787
-0.45525526 	-0.05 	0.91 	60.037986 	0.18474141 	9.5838208
-0.45405405 	-0.05 	0.91 	60.060715 	0.21610346 	9.5735629
-0.45285285 	-0.05 	0.91 	60.083443 	0.24746551 	9.563305
-0.45165165 	-0.05 	0.91 	60.106172 	0.27882756 	9.5530471
-0.45045045 	-0.05 	0.91 	60.112795 	0.33206382 	9.5807154
-0.44924925 	-0.05 	0.91 	60.117787 	0.38751606 	9.6122258
-0.44804805 	-0.05 	0.91 	60.122779 	0.44296829 	9.6437363
-0.44684685 	-0.05 	0.91 	60.127771 	0.49842053 	9.6752467
-0.44564565 	-0.05 	0.91 	60.132762 	0.55387276 	9.7067571
-0.44444444 	-0.05 	0.91 	60.137754 	0.609325 	9.7382676
-0.44324324 	-0.05 	0.91 	60.136848 	0.65464924 	9.7442124
-0.44204204 	-0.05 	0.91 	60.142196 	0.69155917 	9.7458446
-0.44084084 	-0.05 	0.91 	60.182621 	0.70880933 	9.7684587
-0.43963964 	-0.05 	0.91 	60.227953 	0.72987256 	9.8119873
-0.43843844 	-0.05 	0.91 	60.275916 	0.75298062 	9.8667316
-0.43723724 	-0.05 	0.91 	60.32388 	0.77608867 	9.921476
-0.43603604 	-0.05 	0.91 	60.371843 	0.79919672 	9.9762203
-0.43483483 	-0.05 	0.91 	60.419807 	0.82230478 	10.030965
-0.43363363 	-0.05 	0.91 	60.467771 	0.84541283 	10.085709
-0.43243243 	-0.05 	0.91 	60.494559 	0.86184763 	10.134663
-0.43123123 	-0.05 	0.91 	60.486322 	0.86724436 	10.174038
-0.43003003 	-0.05 	0.91 	60.478085 	0.8726411 	10.213413
-0.42882883 	-0.05 	0.91 	60.47068 	0.87804224 	10.250131
-0.42762763 	-0.05 	0.91 	60.466249 	0.88345913 	10.27736
-0.42642643 	-0.05 	0.91 	60.468481 	0.88524069 	10.275536
-0.42522523 	-0.05 	0.91 	60.477331 	0.88341166 	10.244858
-0.42402402 	-0.05 	0.91 	60.489233 	0.8815991 	10.204437
-0.42282282 	-0.05 	0.91 	60.501914 	0.87979073 	10.161531
-0.42162162 	-0.05 	0.91 	60.514595 	0.87798237 	10.118625
-0.42042042 	-0.05 	0.91 	60.53757 	0.87608768 	10.088768
-0.41921922 	-0.05 	0.91 	60.56587 	0.87414834 	10.065661
-0.41801802 	-0.05 	0.91 	60.594169 	0.872209 	10.042555
-0.41681682 	-0.05 	0.91 	60.622468 	0.87026966 	10.019448
-0.41561562 	-0.05 	0.91 	60.650767 	0.86833032 	9.9963407
-0.41441441 	-0.05 	0.91 	60.679066 	0.86639099 	9.9732338
-0.41321321 	-0.05 	0.91 	60.704171 	0.8660925 	9.9572942
-0.41201201 	-0.05 	0.91 	60.723465 	0.86877872 	9.954392
-0.41081081 	-0.05 	0.91 	60.724497 	0.87100759 	9.9509665
-0.40960961 	-0.05 	0.91 	60.721121 	0.87232997 	9.9488239
-0.40840841 	-0.05 	0.91 	60.717551 	0.8714368 	9.9505893
-0.40720721 	-0.05 	0.91 	60.713982 	0.87054363 	9.9523547
-0.40600601 	-0.05 	0.91 	60.710412 	0.86965046 	9.9541201
-0.4048048 	-0.05 	0.91 	60.706843 	0.86875729 	9.9558856
-0.4036036 	-0.05 	0.91 	60.703273 	0.86786412 	9.957651
-0.4024024 	-0.05 	0.91 	60.699704 	0.86697096 	9.9594164
-0.4012012 	-0.05 	0.91 	60.70537 	0.87544246 	9.9639122
-0.4 	-0.05 	0.91 	60.711477 	0.88436159 	9.9685385
-0.3987988 	-0.05 	0.91 	60.717585 	0.89328072 	9.9731648
-0.3975976 	-0.05 	0.91 	60.723692 	0.90219986 	9.9777911
-0.3963964 	-0.05 	0.91 	60.729058 	0.91212372 	9.9784515
-0.3951952 	-0.05 	0.91 	60.728846 	0.92961363 	9.9492472
-0.39399399 	-0.05 	0.91 	60.728633 	0.94710354 	9.9200429
-0.39279279 	-0.05 	0.91 	60.72842 	0.96459345 	9.8908386
-0.39159159 	-0.05 	0.91 	60.728207 	0.98208337 	9.8616344
-0.39039039 	-0.05 	0.91 	60.727232 	1.0008406 	9.8363528
-0.38918919 	-0.05 	0.91 	60.724397 	1.0226842 	9.8206237
-0.38798799 	-0.05 	0.91 	60.721563 	1.0445277 	9.8048946
-0.38678679 	-0.05 	0.91 	60.718728 	1.0663712 	9.7891655
-0.38558559 	-0.05 	0.91 	60.715894 	1.0882148 	9.7734364
-0.38438438 	-0.05 	0.91 	60.713059 	1.1100583 	9.7577073
-0.38318318 	-0.05 	0.91 	60.710225 	1.1319018 	9.7419782
-0.38198198 	-0.05 	0.91 	60.708002 	1.1555571 	9.7306993
-0.38078078 	-0.05 	0.91 	60.710559 	1.1707679 	9.7232733
-0.37957958 	-0.05 	0.91 	60.719549 	1.1744812 	9.7208473
-0.37837838 	-0.05 	0.91 	60.728989 	1.1781723 	9.7220248
-0.37717718 	-0.05 	0.91 	60.738489 	1.1818604 	9.7236759
-0.37597598 	-0.05 	0.91 	60.747989 	1.1855485 	9.725327
-0.37477477 	-0.05 	0.91 	60.757488 	1.1892367 	9.726978
-0.37357357 	-0.05 	0.91 	60.766988 	1.1929248 	9.7286291
-0.37237237 	-0.05 	0.91 	60.776488 	1.196613 	9.7302802
-0.37117117 	-0.05 	0.91 	60.784721 	1.198017 	9.7417577
-0.36996997 	-0.05 	0.91 	60.791783 	1.1973112 	9.7623115
-0.36876877 	-0.05 	0.91 	60.798845 	1.1966055 	9.7828654
-0.36756757 	-0.05 	0.91 	60.806175 	1.1960776 	9.801391
-0.36636637 	-0.05 	0.91 	60.813905 	1.1958148 	9.8168956
-0.36516517 	-0.05 	0.91 	60.831543 	1.1941084 	9.7962765
-0.36396396 	-0.05 	0.91 	60.852853 	1.1919034 	9.7620937
-0.36276276 	-0.05 	0.91 	60.874787 	1.1901128 	9.7231878
-0.36156156 	-0.05 	0.91 	60.896722 	1.1883223 	9.6842819
-0.36036036 	-0.05 	0.91 	60.918656 	1.1865317 	9.6453759
-0.35915916 	-0.05 	0.91 	60.923878 	1.1821067 	9.6230987
-0.35795796 	-0.05 	0.91 	60.928605 	1.1776039 	9.6013135
-0.35675676 	-0.05 	0.91 	60.933332 	1.1731011 	9.5795282
-0.35555556 	-0.05 	0.91 	60.938059 	1.1685982 	9.5577429
-0.35435435 	-0.05 	0.91 	60.942786 	1.1640954 	9.5359576
-0.35315315 	-0.05 	0.91 	60.947513 	1.1595925 	9.5141724
-0.35195195 	-0.05 	0.91 	60.950046 	1.1561414 	9.4952271
-0.35075075 	-0.05 	0.91 	60.950208 	1.1532528 	9.4778985
-0.34954955 	-0.05 	0.91 	60.9348 	1.1432117 	9.4437397
-0.34834835 	-0.05 	0.91 	60.91639 	1.12229 	9.398136
-0.34714715 	-0.05 	0.91 	60.895316 	1.0917129 	9.3423761
-0.34594595 	-0.05 	0.91 	60.874241 	1.0611358 	9.2866162
-0.34474474 	-0.05 	0.91 	60.853167 	1.0305588 	9.2308563
-0.34354354 	-0.05 	0.91 	60.832093 	0.9999817 	9.1750964
-0.34234234 	-0.05 	0.91 	60.811019 	0.96940463 	9.1193365
-0.34114114 	-0.05 	0.91 	60.787402 	0.936341 	9.0632117
-0.33993994 	-0.05 	0.91 	60.696039 	0.83702708 	8.9973649
-0.33873874 	-0.05 	0.91 	60.604675 	0.73771317 	8.931518
-0.33753754 	-0.05 	0.91 	60.513312 	0.63839925 	8.8656711
-0.33633634 	-0.05 	0.91 	60.421948 	0.53908533 	8.7998242
-0.33513514 	-0.05 	0.91 	60.375735 	0.44777841 	8.7559716
-0.33393393 	-0.05 	0.91 	60.413299 	0.37132855 	8.7529294
-0.33273273 	-0.05 	0.91 	60.401773 	0.38079188 	8.7634823
-0.33153153 	-0.05 	0.91 	60.377508 	0.4125497 	8.777563
-0.33033033 	-0.05 	0.91 	60.353243 	0.44430753 	8.7916438
-0.32912913 	-0.05 	0.91 	60.328977 	0.47606535 	8.8057245
-0.32792793 	-0.05 	0.91 	60.304712 	0.50782318 	8.8198053
-0.32672673 	-0.05 	0.91 	60.280447 	0.539581 	8.833886
-0.32552553 	-0.05 	0.91 	60.262017 	0.59213185 	8.8566546
-0.32432432 	-0.05 	0.91 	60.258479 	0.6977397 	8.9015915
-0.32312312 	-0.05 	0.91 	60.254942 	0.80334755 	8.9465284
-0.32192192 	-0.05 	0.91 	60.24021 	0.92849847 	8.9923035
-0.32072072 	-0.05 	0.91 	60.18487 	1.1245427 	9.0411192
-0.31951952 	-0.05 	0.91 	60.165905 	1.3193141 	9.0905541
-0.31831832 	-0.05 	0.91 	60.169539 	1.4972716 	9.1404379
-0.31711712 	-0.05 	0.91 	60.206703 	1.5346094 	9.1914509
-0.31591592 	-0.05 	0.91 	60.243867 	1.5719473 	9.242464
-0.31471471 	-0.05 	0.91 	60.278155 	1.6099849 	9.2916595
-0.31351351 	-0.05 	0.91 	60.284636 	1.654786 	9.3232843
-0.31231231 	-0.05 	0.91 	60.291117 	1.6995871 	9.3549092
-0.31111111 	-0.05 	0.91 	60.297598 	1.7443882 	9.3865341
-0.30990991 	-0.05 	0.91 	60.304079 	1.7891893 	9.4181589
-0.30870871 	-0.05 	0.91 	60.310561 	1.8339904 	9.4497838
-0.30750751 	-0.05 	0.91 	60.317042 	1.8787915 	9.4814086
-0.30630631 	-0.05 	0.91 	60.339953 	1.8396574 	9.504941
-0.30510511 	-0.05 	0.91 	60.377257 	1.7269925 	9.5213842
-0.3039039 	-0.05 	0.91 	60.417019 	1.6013653 	9.5254226
-0.3027027 	-0.05 	0.91 	60.448277 	1.5269879 	9.5207855
-0.3015015 	-0.05 	0.91 	60.466993 	1.528101 	9.5040247
-0.3003003 	-0.05 	0.91 	60.485709 	1.5292141 	9.4872639
-0.2990991 	-0.05 	0.91 	60.504425 	1.5303271 	9.470503
-0.2978979 	-0.05 	0.91 	60.523141 	1.5314402 	9.4537422
-0.2966967 	-0.05 	0.91 	60.541858 	1.5325533 	9.4369813
-0.2954955 	-0.05 	0.91 	60.560574 	1.5336663 	9.4202205
-0.29429429 	-0.05 	0.91 	60.584924 	1.5340988 	9.3984621
-0.29309309 	-0.05 	0.91 	60.610753 	1.5343527 	9.3753925
-0.29189189 	-0.05 	0.91 	60.636581 	1.5346066 	9.3523229
-0.29069069 	-0.05 	0.91 	60.639892 	1.6378806 	9.3219216
-0.28948949 	-0.05 	0.91 	60.638117 	1.7617895 	9.290335
-0.28828829 	-0.05 	0.91 	60.634584 	1.8868415 	9.2594103
-0.28708709 	-0.05 	0.91 	60.62734 	1.9231039 	9.2448141
-0.28588589 	-0.05 	0.91 	60.618599 	1.9235088 	9.2368122
-0.28468468 	-0.05 	0.91 	60.609857 	1.9239137 	9.2288102
-0.28348348 	-0.05 	0.91 	60.603317 	1.9269539 	9.2206334
-0.28228228 	-0.05 	0.91 	60.597456 	1.9308058 	9.2124027
-0.28108108 	-0.05 	0.91 	60.591594 	1.9346576 	9.204172
-0.27987988 	-0.05 	0.91 	60.585732 	1.9385095 	9.1959413
-0.27867868 	-0.05 	0.91 	60.57987 	1.9423614 	9.1877106
-0.27747748 	-0.05 	0.91 	60.574009 	1.9462133 	9.1794799
-0.27627628 	-0.05 	0.91 	60.567424 	1.9310383 	9.1749302
-0.27507508 	-0.05 	0.91 	60.556972 	1.8141113 	9.1900657
-0.27387387 	-0.05 	0.91 	60.546558 	1.6945298 	9.204781
-0.27267267 	-0.05 	0.91 	60.536243 	1.5748125 	9.2189047
-0.27147147 	-0.05 	0.91 	60.531467 	1.5905492 	9.2105642
-0.27027027 	-0.05 	0.91 	60.52669 	1.6062858 	9.2022237
-0.26906907 	-0.05 	0.91 	60.521914 	1.6220224 	9.1938832
-0.26786787 	-0.05 	0.91 	60.517137 	1.6377591 	9.1855428
-0.26666667 	-0.05 	0.91 	60.512361 	1.6534957 	9.1772023
-0.26546547 	-0.05 	0.91 	60.507584 	1.6692323 	9.1688618
-0.26426426 	-0.05 	0.91 	60.502759 	1.686661 	9.160073
-0.26306306 	-0.05 	0.91 	60.497854 	1.7068126 	9.1505627
-0.26186186 	-0.05 	0.91 	60.49295 	1.7269642 	9.1410525
-0.26066066 	-0.05 	0.91 	60.490588 	1.8065047 	9.1213001
-0.25945946 	-0.05 	0.91 	60.491446 	1.9612332 	9.088581
-0.25825826 	-0.05 	0.91 	60.492925 	2.1156449 	9.0576019
-0.25705706 	-0.05 	0.91 	60.493708 	2.2167788 	9.0347968
-0.25585586 	-0.05 	0.91 	60.493068 	2.2197297 	9.0266785
-0.25465465 	-0.05 	0.91 	60.492428 	2.2226805 	9.0185603
-0.25345345 	-0.05 	0.91 	60.49089 	2.2259899 	9.0110428
-0.25225225 	-0.05 	0.91 	60.488079 	2.2298078 	9.0043778
-0.25105105 	-0.05 	0.91 	60.485268 	2.2336256 	8.9977128
-0.24984985 	-0.05 	0.91 	60.482456 	2.2374435 	8.9910478
-0.24864865 	-0.05 	0.91 	60.479645 	2.2412614 	8.9843828
-0.24744745 	-0.05 	0.91 	60.476834 	2.2450793 	8.9777178
-0.24624625 	-0.05 	0.91 	60.474023 	2.2488972 	8.9710528
-0.24504505 	-0.05 	0.91 	60.469443 	2.1449133 	8.9825982
-0.24384384 	-0.05 	0.91 	60.464067 	2.0022656 	9.0001879
-0.24264264 	-0.05 	0.91 	60.457966 	1.8544287 	9.0167208
-0.24144144 	-0.05 	0.91 	60.453465 	1.8067834 	9.0139206
-0.24024024 	-0.05 	0.91 	60.449796 	1.811264 	9.0010622
-0.23903904 	-0.05 	0.91 	60.446127 	1.8157445 	8.9882037
-0.23783784 	-0.05 	0.91 	60.442458 	1.8202251 	8.9753453
-0.23663664 	-0.05 	0.91 	60.438789 	1.8247056 	8.9624869
-0.23543544 	-0.05 	0.91 	60.43512 	1.8291862 	8.9496285
-0.23423423 	-0.05 	0.91 	60.431451 	1.8336667 	8.9367701
-0.23303303 	-0.05 	0.91 	60.427695 	1.838402 	8.9232947
-0.23183183 	-0.05 	0.91 	60.423933 	1.8431541 	8.9097786
-0.23063063 	-0.05 	0.91 	60.420185 	1.8563846 	8.8945038
-0.22942943 	-0.05 	0.91 	60.416664 	2.0090583 	8.850303
-0.22822823 	-0.05 	0.91 	60.412551 	2.1629051 	8.8069169
-0.22702703 	-0.05 	0.91 	60.407864 	2.317892 	8.7643223
-0.22582583 	-0.05 	0.91 	60.399981 	2.326151 	8.7452512
-0.22462462 	-0.05 	0.91 	60.391962 	2.3281893 	8.7271773
-0.22342342 	-0.05 	0.91 	60.384144 	2.3307505 	8.7089011
-0.22222222 	-0.05 	0.91 	60.37793 	2.3374824 	8.689011
-0.22102102 	-0.05 	0.91 	60.371716 	2.3442144 	8.669121
-0.21981982 	-0.05 	0.91 	60.365503 	2.3509463 	8.6492309
-0.21861862 	-0.05 	0.91 	60.359289 	2.3576782 	8.6293408
-0.21741742 	-0.05 	0.91 	60.353075 	2.3644102 	8.6094507
-0.21621622 	-0.05 	0.91 	60.346861 	2.3711421 	8.5895606
-0.21501502 	-0.05 	0.91 	60.33884 	2.3248056 	8.5783906
-0.21381381 	-0.05 	0.91 	60.327433 	2.1790444 	8.5835577
-0.21261261 	-0.05 	0.91 	60.316326 	2.0309506 	8.5875649
-0.21141141 	-0.05 	0.91 	60.306788 	1.9282433 	8.5840533
-0.21021021 	-0.05 	0.91 	60.301092 	1.9430404 	8.5619681
-0.20900901 	-0.05 	0.91 	60.295396 	1.9578376 	8.5398829
-0.20780781 	-0.05 	0.91 	60.289699 	1.9726347 	8.5177977
-0.20660661 	-0.05 	0.91 	60.284003 	1.9874319 	8.4957125
-0.20540541 	-0.05 	0.91 	60.278307 	2.0022291 	8.4736274
-0.2042042 	-0.05 	0.91 	60.27261 	2.0170262 	8.4515422
-0.203003 	-0.05 	0.91 	60.266563 	2.0332615 	8.4297271
-0.2018018 	-0.05 	0.91 	60.260086 	2.0512587 	8.4082429
-0.2006006 	-0.05 	0.91 	60.253609 	2.0692558 	8.3867587
-0.1993994 	-0.05 	0.91 	60.25076 	2.1967685 	8.3458889
-0.1981982 	-0.05 	0.91 	60.249649 	2.3759775 	8.2961138
-0.196997 	-0.05 	0.91 	60.248712 	2.5550154 	8.2480735
-0.1957958 	-0.05 	0.91 	60.248921 	2.6365254 	8.2144734
-0.19459459 	-0.05 	0.91 	60.249977 	2.645946 	8.1915469
-0.19339339 	-0.05 	0.91 	60.251032 	2.6553666 	8.1686204
-0.19219219 	-0.05 	0.91 	60.25008 	2.6654265 	8.1461712
-0.19099099 	-0.05 	0.91 	60.248764 	2.675602 	8.1238082
-0.18978979 	-0.05 	0.91 	60.247448 	2.6857775 	8.1014453
-0.18858859 	-0.05 	0.91 	60.246132 	2.695953 	8.0790823
-0.18738739 	-0.05 	0.91 	60.244817 	2.7061285 	8.0567194
-0.18618619 	-0.05 	0.91 	60.243501 	2.7163039 	8.0343564
-0.18498498 	-0.05 	0.91 	60.242185 	2.7264794 	8.0119934
-0.18378378 	-0.05 	0.91 	60.242106 	2.5784064 	8.0138183
-0.18258258 	-0.05 	0.91 	60.241447 	2.4199337 	8.0163499
-0.18138138 	-0.05 	0.91 	60.239957 	2.2575548 	8.0183242
-0.18018018 	-0.05 	0.91 	60.230953 	2.2471598 	7.9955571
-0.17897898 	-0.05 	0.91 	60.221211 	2.2517177 	7.9703558
-0.17777778 	-0.05 	0.91 	60.211469 	2.2562757 	7.9451545
-0.17657658 	-0.05 	0.91 	60.201727 	2.2608337 	7.9199532
-0.17537538 	-0.05 	0.91 	60.191984 	2.2653917 	7.8947519
-0.17417417 	-0.05 	0.91 	60.182242 	2.2699497 	7.8695506
-0.17297297 	-0.05 	0.91 	60.1725 	2.2745077 	7.8443493
-0.17177177 	-0.05 	0.91 	60.16058 	2.2716697 	7.81712
-0.17057057 	-0.05 	0.91 	60.148605 	2.2686447 	7.7898395
-0.16936937 	-0.05 	0.91 	60.132674 	2.3146698 	7.754241
-0.16816817 	-0.05 	0.91 	60.107388 	2.4766359 	7.6989808
-0.16696697 	-0.05 	0.91 	60.084263 	2.642527 	7.6427869
-0.16576577 	-0.05 	0.91 	60.064161 	2.7865691 	7.5868502
-0.16456456 	-0.05 	0.91 	60.0551 	2.8177231 	7.5337453
-0.16336336 	-0.05 	0.91 	60.046039 	2.848877 	7.4806405
-0.16216216 	-0.05 	0.91 	60.036429 	2.8739529 	7.4358445
-0.16096096 	-0.05 	0.91 	60.026293 	2.8931787 	7.3990456
-0.15975976 	-0.05 	0.91 	60.016157 	2.9124045 	7.3622468
-0.15855856 	-0.05 	0.91 	60.00602 	2.9316302 	7.3254479
-0.15735736 	-0.05 	0.91 	59.995884 	2.950856 	7.288649
-0.15615616 	-0.05 	0.91 	59.985748 	2.9700818 	7.2518501
-0.15495495 	-0.05 	0.91 	59.975611 	2.9893076 	7.2150513
-0.15375375 	-0.05 	0.91 	59.97527 	2.9329279 	7.1830147
-0.15255255 	-0.05 	0.91 	59.980298 	2.8343863 	7.1538399
-0.15135135 	-0.05 	0.91 	59.983587 	2.7354433 	7.1287149
-0.15015015 	-0.05 	0.91 	59.981431 	2.6825497 	7.1031806
-0.14894895 	-0.05 	0.91 	59.973204 	2.6810051 	7.0771898
-0.14774775 	-0.05 	0.91 	59.964977 	2.6794604 	7.0511991
-0.14654655 	-0.05 	0.91 	59.95675 	2.6779157 	7.0252083
-0.14534535 	-0.05 	0.91 	59.948522 	2.676371 	6.9992176
-0.14414414 	-0.05 	0.91 	59.940295 	2.6748263 	6.9732268
-0.14294294 	-0.05 	0.91 	59.932068 	2.6732816 	6.9472361
-0.14174174 	-0.05 	0.91 	59.923702 	2.6647978 	6.9253696
-0.14054054 	-0.05 	0.91 	59.915231 	2.6510213 	6.9066488
-0.13933934 	-0.05 	0.91 	59.906759 	2.6372448 	6.8879281
-0.13813814 	-0.05 	0.91 	59.89132 	2.6991443 	6.8657983
-0.13693694 	-0.05 	0.91 	59.873339 	2.7750979 	6.8432793
-0.13573574 	-0.05 	0.91 	59.852798 	2.8541226 	6.8210667
-0.13453453 	-0.05 	0.91 	59.845117 	2.88811 	6.8011481
-0.13333333 	-0.05 	0.91 	59.839485 	2.9149238 	6.781595
-0.13213213 	-0.05 	0.91 	59.834151 	2.9408237 	6.7600904
-0.13093093 	-0.05 	0.91 	59.83046 	2.9616727 	6.7278004
-0.12972973 	-0.05 	0.91 	59.826769 	2.9825216 	6.6955103
-0.12852853 	-0.05 	0.91 	59.823078 	3.0033705 	6.6632203
-0.12732733 	-0.05 	0.91 	59.819388 	3.0242195 	6.6309302
-0.12612613 	-0.05 	0.91 	59.815697 	3.0450684 	6.5986402
-0.12492492 	-0.05 	0.91 	59.812006 	3.0659174 	6.5663502
-0.12372372 	-0.05 	0.91 	59.810131 	3.0755964 	6.5341971
-0.12252252 	-0.05 	0.91 	59.81702 	3.0313769 	6.5027051
-0.12132132 	-0.05 	0.91 	59.825311 	2.9840351 	6.4686148
-0.12012012 	-0.05 	0.91 	59.833555 	2.9429645 	6.4326076
-0.11891892 	-0.05 	0.91 	59.837379 	2.9476658 	6.3931161
-0.11771772 	-0.05 	0.91 	59.841204 	2.9523671 	6.3536245
-0.11651652 	-0.05 	0.91 	59.845028 	2.9570684 	6.314133
-0.11531532 	-0.05 	0.91 	59.848853 	2.9617697 	6.2746415
-0.11411411 	-0.05 	0.91 	59.852677 	2.966471 	6.23515
-0.11291291 	-0.05 	0.91 	59.856502 	2.9711723 	6.1956584
-0.11171171 	-0.05 	0.91 	59.859894 	2.9758505 	6.1557725
-0.11051051 	-0.05 	0.91 	59.860608 	2.9803862 	6.1134399
-0.10930931 	-0.05 	0.91 	59.861322 	2.9849218 	6.0711073
-0.10810811 	-0.05 	0.91 	59.858043 	3.0176069 	6.0275326
-0.10690691 	-0.05 	0.91 	59.850593 	3.0797072 	5.9826599
-0.10570571 	-0.05 	0.91 	59.84662 	3.1481842 	5.9403569
-0.1045045 	-0.05 	0.91 	59.844719 	3.2178769 	5.8963223
-0.1033033 	-0.05 	0.91 	59.845275 	3.2888504 	5.850032
-0.1021021 	-0.05 	0.91 	59.845831 	3.3598239 	5.8037417
-0.1009009 	-0.05 	0.91 	59.848446 	3.4284251 	5.7719597
-0.0996997 	-0.05 	0.91 	59.851978 	3.4959705 	5.7466346
-0.098498498 	-0.05 	0.91 	59.85551 	3.5635159 	5.7213094
-0.097297297 	-0.05 	0.91 	59.859043 	3.6310612 	5.6959843
-0.096096096 	-0.05 	0.91 	59.862575 	3.6986066 	5.6706591
-0.094894895 	-0.05 	0.91 	59.866107 	3.766152 	5.645334
-0.093693694 	-0.05 	0.91 	59.869639 	3.8336974 	5.6200089
-0.092492492 	-0.05 	0.91 	59.875319 	3.9435639 	5.5890607
-0.091291291 	-0.05 	0.91 	59.882645 	4.0718047 	5.5535352
-0.09009009 	-0.05 	0.91 	59.893077 	4.2232567 	5.5091533
-0.088888889 	-0.05 	0.91 	59.890392 	4.3078847 	5.4615933
-0.087687688 	-0.05 	0.91 	59.882297 	4.3649553 	5.4127228
-0.086486486 	-0.05 	0.91 	59.874203 	4.4220258 	5.3638523
-0.085285285 	-0.05 	0.91 	59.866109 	4.4790964 	5.3149818
-0.084084084 	-0.05 	0.91 	59.858014 	4.536167 	5.2661112
-0.082882883 	-0.05 	0.91 	59.853496 	4.5837112 	5.2198821
-0.081681682 	-0.05 	0.91 	59.856735 	4.6105973 	5.1793808
-0.08048048 	-0.05 	0.91 	59.859973 	4.6374834 	5.1388795
-0.079279279 	-0.05 	0.91 	59.863211 	4.6643694 	5.0983782
-0.078078078 	-0.05 	0.91 	59.86423 	4.6772021 	5.0558663
-0.076876877 	-0.05 	0.91 	59.849224 	4.5885605 	4.9988368
-0.075675676 	-0.05 	0.91 	59.834493 	4.5179471 	4.9341128
-0.074474474 	-0.05 	0.91 	59.819994 	4.4624451 	4.8629391
-0.073273273 	-0.05 	0.91 	59.801783 	4.429921 	4.8161593
-0.072072072 	-0.05 	0.91 	59.783397 	4.3984772 	4.7705264
-0.070870871 	-0.05 	0.91 	59.765011 	4.3670335 	4.7248935
-0.06966967 	-0.05 	0.91 	59.746626 	4.3355897 	4.6792606
-0.068468468 	-0.05 	0.91 	59.72824 	4.304146 	4.6336276
-0.067267267 	-0.05 	0.91 	59.709854 	4.2727022 	4.5879947
-0.066066066 	-0.05 	0.91 	59.692442 	4.2425082 	4.5371914
-0.064864865 	-0.05 	0.91 	59.678788 	4.2171413 	4.4664162
-0.063663664 	-0.05 	0.91 	59.665135 	4.1917744 	4.395641
-0.062462462 	-0.05 	0.91 	59.64835 	4.1473203 	4.3320629
-0.061261261 	-0.05 	0.91 	59.627427 	4.0776391 	4.2779971
-0.06006006 	-0.05 	0.91 	59.59222 	4.0342743 	4.2336924
-0.058858859 	-0.05 	0.91 	59.547783 	3.9858219 	4.1747811
-0.057657658 	-0.05 	0.91 	59.480627 	3.8968908 	4.0534531
-0.056456456 	-0.05 	0.91 	59.420068 	3.8231389 	3.9408766
-0.055255255 	-0.05 	0.91 	59.395436 	3.8320521 	3.8759608
-0.054054054 	-0.05 	0.91 	59.370805 	3.8409653 	3.8110449
-0.052852853 	-0.05 	0.91 	59.346174 	3.8498785 	3.7461291
-0.051651652 	-0.05 	0.91 	59.321543 	3.8587918 	3.6812132
-0.05045045 	-0.05 	0.91 	59.296911 	3.867705 	3.6162973
-0.049249249 	-0.05 	0.91 	59.27228 	3.8766182 	3.5513815
-0.048048048 	-0.05 	0.91 	59.247649 	3.8855314 	3.4864656
-0.046846847 	-0.05 	0.91 	59.126199 	3.6991382 	3.2973176
-0.045645646 	-0.05 	0.91 	59.005624 	3.5197467 	3.1037576
-0.044444444 	-0.05 	0.91 	59.125461 	3.8606357 	3.1813461
-0.043243243 	-0.05 	0.91 	59.176508 	4.029044 	3.1813959
-0.042042042 	-0.05 	0.91 	59.16511 	4.0408839 	3.1110606
-0.040840841 	-0.05 	0.91 	59.153713 	4.0527237 	3.0407252
-0.03963964 	-0.05 	0.91 	59.142315 	4.0645636 	2.9703898
-0.038438438 	-0.05 	0.91 	59.130918 	4.0764035 	2.9000544
-0.037237237 	-0.05 	0.91 	59.11952 	4.0882434 	2.829719
-0.036036036 	-0.05 	0.91 	59.108123 	4.1000832 	2.7593836
-0.034834835 	-0.05 	0.91 	59.096643 	4.1459041 	2.7101272
-0.033633634 	-0.05 	0.91 	59.091126 	4.3484562 	2.768818
-0.032432432 	-0.05 	0.91 	59.147465 	4.2247474 	2.7303795
-0.031231231 	-0.05 	0.91 	59.171104 	4.2839462 	2.815574
-0.03003003 	-0.05 	0.91 	59.187889 	4.2629756 	2.772683
-0.028828829 	-0.05 	0.91 	59.195813 	4.138362 	2.5642024
-0.027627628 	-0.05 	0.91 	59.16367 	4.0931066 	2.4059524
-0.026426426 	-0.05 	0.91 	59.133804 	4.2674678 	2.3346069
-0.025225225 	-0.05 	0.91 	59.106314 	4.4254195 	2.2665305
-0.024024024 	-0.05 	0.91 	59.078605 	4.5495627 	2.1897983
-0.022822823 	-0.05 	0.91 	59.050897 	4.6737059 	2.1130662
-0.021621622 	-0.05 	0.91 	59.023188 	4.7978491 	2.036334
-0.02042042 	-0.05 	0.91 	58.995479 	4.9219923 	1.9596018
-0.019219219 	-0.05 	0.91 	58.967771 	5.0461356 	1.8828696
-0.018018018 	-0.05 	0.91 	58.940062 	5.1702788 	1.8061374
-0.016816817 	-0.05 	0.91 	58.896413 	5.3214233 	1.7279948
-0.015615616 	-0.05 	0.91 	58.80219 	5.5582295 	1.6453773
-0.014414414 	-0.05 	0.91 	58.836965 	5.8990814 	1.5218007
-0.013213213 	-0.05 	0.91 	58.916526 	6.2949043 	1.3739119
-0.012012012 	-0.05 	0.91 	58.816002 	6.485606 	1.2284127
-0.010810811 	-0.05 	0.91 	58.666927 	5.9715628 	1.1583261
-0.0096096096 	-0.05 	0.91 	58.561175 	5.9267762 	1.0841379
-0.0084084084 	-0.05 	0.91 	58.446018 	5.8563503 	1.0102227
-0.0072072072 	-0.05 	0.91 	58.228075 	5.5057464 	0.93929211
-0.006006006 	-0.05 	0.91 	58.010133 	5.1551424 	0.86836149
-0.0048048048 	-0.05 	0.91 	57.792191 	4.8045384 	0.79743087
-0.0036036036 	-0.05 	0.91 	57.602861 	4.5734382 	0.72120351
-0.0024024024 	-0.05 	0.91 	57.490472 	4.6636986 	0.63073256
-0.0012012012 	-0.05 	0.91 	57.378084 	4.7539589 	0.5402616
-7.9670765e-15 	-0.05 	0.91 	57.311408 	4.5096784 	0.48827631
