-1.2 	-0.05 	0.091 	44.031547 	-1.5043679 	0.51679827
-1.1987988 	-0.05 	0.091 	44.026299 	-1.5302854 	0.51779943
-1.1975976 	-0.05 	0.091 	44.021133 	-1.5561842 	0.51923891
-1.1963964 	-0.05 	0.091 	44.015985 	-1.5820791 	0.5207691
-1.1951952 	-0.05 	0.091 	44.010836 	-1.6079741 	0.52229928
-1.193994 	-0.05 	0.091 	44.005687 	-1.633869 	0.52382947
-1.1927928 	-0.05 	0.091 	44.000539 	-1.659764 	0.52535966
-1.1915916 	-0.05 	0.091 	43.99539 	-1.6856589 	0.52688985
-1.1903904 	-0.05 	0.091 	43.990241 	-1.7115539 	0.52842004
-1.1891892 	-0.05 	0.091 	43.985092 	-1.7374489 	0.52995023
-1.187988 	-0.05 	0.091 	43.979944 	-1.7633438 	0.53148042
-1.1867868 	-0.05 	0.091 	43.974795 	-1.7892388 	0.5330106
-1.1855856 	-0.05 	0.091 	43.969646 	-1.8151337 	0.53454079
-1.1843844 	-0.05 	0.091 	43.964498 	-1.8410287 	0.53607098
-1.1831832 	-0.05 	0.091 	43.959349 	-1.8669236 	0.53760117
-1.181982 	-0.05 	0.091 	43.9542 	-1.8928186 	0.53913136
-1.1807808 	-0.05 	0.091 	43.949052 	-1.9187135 	0.54066155
-1.1795796 	-0.05 	0.091 	43.943903 	-1.9446085 	0.54219173
-1.1783784 	-0.05 	0.091 	43.938754 	-1.9705034 	0.54372192
-1.1771772 	-0.05 	0.091 	43.933606 	-1.9963984 	0.54525211
-1.175976 	-0.05 	0.091 	43.928457 	-2.0222933 	0.5467823
-1.1747748 	-0.05 	0.091 	43.923308 	-2.0481883 	0.54831249
-1.1735736 	-0.05 	0.091 	43.918159 	-2.0740833 	0.54984268
-1.1723724 	-0.05 	0.091 	43.913011 	-2.0999782 	0.55137286
-1.1711712 	-0.05 	0.091 	43.907862 	-2.1258732 	0.55290305
-1.16997 	-0.05 	0.091 	43.902713 	-2.1517681 	0.55443324
-1.1687688 	-0.05 	0.091 	43.897565 	-2.1776631 	0.55596343
-1.1675676 	-0.05 	0.091 	43.892416 	-2.203558 	0.55749362
-1.1663664 	-0.05 	0.091 	43.887267 	-2.229453 	0.55902381
-1.1651652 	-0.05 	0.091 	43.882119 	-2.2553479 	0.560554
-1.163964 	-0.05 	0.091 	43.87697 	-2.2812429 	0.56208418
-1.1627628 	-0.05 	0.091 	43.871821 	-2.3071378 	0.56361437
-1.1615616 	-0.05 	0.091 	43.866673 	-2.3330328 	0.56514456
-1.1603604 	-0.05 	0.091 	43.861524 	-2.3589278 	0.56667475
-1.1591592 	-0.05 	0.091 	43.856375 	-2.3848227 	0.56820494
-1.157958 	-0.05 	0.091 	43.86719 	-2.4096884 	0.5693972
-1.1567568 	-0.05 	0.091 	43.878859 	-2.434499 	0.57057138
-1.1555556 	-0.05 	0.091 	43.890528 	-2.4593096 	0.57174556
-1.1543544 	-0.05 	0.091 	43.902197 	-2.4841202 	0.57291974
-1.1531532 	-0.05 	0.091 	43.913866 	-2.5089308 	0.57409393
-1.151952 	-0.05 	0.091 	43.925535 	-2.5337414 	0.57526811
-1.1507508 	-0.05 	0.091 	43.937203 	-2.558552 	0.57644229
-1.1495495 	-0.05 	0.091 	43.948872 	-2.5833626 	0.57761647
-1.1483483 	-0.05 	0.091 	43.960541 	-2.6081732 	0.57879065
-1.1471471 	-0.05 	0.091 	43.972236 	-2.6329681 	0.5801056
-1.1459459 	-0.05 	0.091 	43.984014 	-2.6577138 	0.58186239
-1.1447447 	-0.05 	0.091 	43.995791 	-2.6824595 	0.58361919
-1.1435435 	-0.05 	0.091 	44.007568 	-2.7072052 	0.58537598
-1.1423423 	-0.05 	0.091 	44.019346 	-2.731951 	0.58713278
-1.1411411 	-0.05 	0.091 	44.031123 	-2.7566967 	0.58888957
-1.1399399 	-0.05 	0.091 	44.042901 	-2.7814424 	0.59064636
-1.1387387 	-0.05 	0.091 	44.054678 	-2.8061881 	0.59240316
-1.1375375 	-0.05 	0.091 	44.066455 	-2.8309338 	0.59415995
-1.1363363 	-0.05 	0.091 	44.078233 	-2.8556796 	0.59591675
-1.1351351 	-0.05 	0.091 	44.09001 	-2.8804253 	0.59767354
-1.1339339 	-0.05 	0.091 	44.101787 	-2.905171 	0.59943034
-1.1327327 	-0.05 	0.091 	44.113565 	-2.9299167 	0.60118713
-1.1315315 	-0.05 	0.091 	44.125342 	-2.9546624 	0.60294393
-1.1303303 	-0.05 	0.091 	44.137119 	-2.9794082 	0.60470072
-1.1291291 	-0.05 	0.091 	44.148897 	-3.0041539 	0.60645751
-1.1279279 	-0.05 	0.091 	44.160674 	-3.0288996 	0.60821431
-1.1267267 	-0.05 	0.091 	44.172452 	-3.0536453 	0.6099711
-1.1255255 	-0.05 	0.091 	44.184229 	-3.078391 	0.6117279
-1.1243243 	-0.05 	0.091 	44.196006 	-3.1031368 	0.61348469
-1.1231231 	-0.05 	0.091 	44.207784 	-3.1278825 	0.61524149
-1.1219219 	-0.05 	0.091 	44.219561 	-3.1526282 	0.61699828
-1.1207207 	-0.05 	0.091 	44.231338 	-3.1773739 	0.61875508
-1.1195195 	-0.05 	0.091 	44.243116 	-3.2021196 	0.62051187
-1.1183183 	-0.05 	0.091 	44.254893 	-3.2268654 	0.62226866
-1.1171171 	-0.05 	0.091 	44.266671 	-3.2516111 	0.62402546
-1.1159159 	-0.05 	0.091 	44.278448 	-3.2763568 	0.62578225
-1.1147147 	-0.05 	0.091 	44.290225 	-3.3011025 	0.62753905
-1.1135135 	-0.05 	0.091 	44.302003 	-3.3258482 	0.62929584
-1.1123123 	-0.05 	0.091 	44.31378 	-3.350594 	0.63105264
-1.1111111 	-0.05 	0.091 	44.325557 	-3.3753397 	0.63280943
-1.1099099 	-0.05 	0.091 	44.337335 	-3.4000854 	0.63456623
-1.1087087 	-0.05 	0.091 	44.349112 	-3.4248311 	0.63632302
-1.1075075 	-0.05 	0.091 	44.360889 	-3.4495768 	0.63807981
-1.1063063 	-0.05 	0.091 	44.3725 	-3.4811096 	0.63969342
-1.1051051 	-0.05 	0.091 	44.384107 	-3.5128089 	0.6413035
-1.1039039 	-0.05 	0.091 	44.395714 	-3.5445083 	0.64291358
-1.1027027 	-0.05 	0.091 	44.40732 	-3.5762077 	0.64452367
-1.1015015 	-0.05 	0.091 	44.418927 	-3.607907 	0.64613375
-1.1003003 	-0.05 	0.091 	44.430534 	-3.6396064 	0.64774384
-1.0990991 	-0.05 	0.091 	44.44214 	-3.6713058 	0.64935392
-1.0978979 	-0.05 	0.091 	44.453758 	-3.7004007 	0.65093597
-1.0966967 	-0.05 	0.091 	44.465455 	-3.7106632 	0.65231529
-1.0954955 	-0.05 	0.091 	44.477151 	-3.7209256 	0.6536946
-1.0942943 	-0.05 	0.091 	44.488848 	-3.731188 	0.65507392
-1.0930931 	-0.05 	0.091 	44.500544 	-3.7414504 	0.65645323
-1.0918919 	-0.05 	0.091 	44.512241 	-3.7517128 	0.65783255
-1.0906907 	-0.05 	0.091 	44.523937 	-3.7619753 	0.65921186
-1.0894895 	-0.05 	0.091 	44.535634 	-3.7722377 	0.66059118
-1.0882883 	-0.05 	0.091 	44.552547 	-3.7852171 	0.66221739
-1.0870871 	-0.05 	0.091 	44.576958 	-3.8021015 	0.66419844
-1.0858859 	-0.05 	0.091 	44.601368 	-3.818986 	0.6661795
-1.0846847 	-0.05 	0.091 	44.625779 	-3.8358704 	0.66816055
-1.0834835 	-0.05 	0.091 	44.650189 	-3.8527549 	0.67014161
-1.0822823 	-0.05 	0.091 	44.6746 	-3.8696393 	0.67212266
-1.0810811 	-0.05 	0.091 	44.69901 	-3.8865238 	0.67410372
-1.0798799 	-0.05 	0.091 	44.723421 	-3.9034082 	0.67608478
-1.0786787 	-0.05 	0.091 	44.747831 	-3.9202927 	0.67806583
-1.0774775 	-0.05 	0.091 	44.772242 	-3.9371771 	0.68004689
-1.0762763 	-0.05 	0.091 	44.796652 	-3.9540616 	0.68202794
-1.0750751 	-0.05 	0.091 	44.821063 	-3.970946 	0.684009
-1.0738739 	-0.05 	0.091 	44.845474 	-3.9878305 	0.68599005
-1.0726727 	-0.05 	0.091 	44.869884 	-4.0047149 	0.68797111
-1.0714715 	-0.05 	0.091 	44.894295 	-4.0215994 	0.68995216
-1.0702703 	-0.05 	0.091 	44.918705 	-4.0384838 	0.69193322
-1.0690691 	-0.05 	0.091 	44.943116 	-4.0553683 	0.69391428
-1.0678679 	-0.05 	0.091 	44.967526 	-4.0722527 	0.69589533
-1.0666667 	-0.05 	0.091 	44.991937 	-4.0891372 	0.69787639
-1.0654655 	-0.05 	0.091 	45.016347 	-4.1060216 	0.69985744
-1.0642643 	-0.05 	0.091 	45.040758 	-4.1229061 	0.7018385
-1.0630631 	-0.05 	0.091 	45.065169 	-4.1397905 	0.70381955
-1.0618619 	-0.05 	0.091 	45.089579 	-4.156675 	0.70580061
-1.0606607 	-0.05 	0.091 	45.11399 	-4.1735594 	0.70778166
-1.0594595 	-0.05 	0.091 	45.1384 	-4.1904439 	0.70976272
-1.0582583 	-0.05 	0.091 	45.162811 	-4.2073283 	0.71174378
-1.0570571 	-0.05 	0.091 	45.187221 	-4.2242128 	0.71372483
-1.0558559 	-0.05 	0.091 	45.211632 	-4.2410972 	0.71570589
-1.0546547 	-0.05 	0.091 	45.236042 	-4.2579817 	0.71768694
-1.0534535 	-0.05 	0.091 	45.260451 	-4.2748659 	0.7196395
-1.0522523 	-0.05 	0.091 	45.284817 	-4.2917458 	0.72097714
-1.0510511 	-0.05 	0.091 	45.309184 	-4.3086257 	0.72231477
-1.0498498 	-0.05 	0.091 	45.33355 	-4.3255055 	0.7236524
-1.0486486 	-0.05 	0.091 	45.357916 	-4.3423854 	0.72499003
-1.0474474 	-0.05 	0.091 	45.382282 	-4.3592652 	0.72632766
-1.0462462 	-0.05 	0.091 	45.406648 	-4.3761451 	0.7276653
-1.045045 	-0.05 	0.091 	45.434188 	-4.3933596 	0.72927951
-1.0438438 	-0.05 	0.091 	45.462963 	-4.4107043 	0.73100143
-1.0426426 	-0.05 	0.091 	45.491738 	-4.4280491 	0.73272336
-1.0414414 	-0.05 	0.091 	45.520513 	-4.4453939 	0.73444528
-1.0402402 	-0.05 	0.091 	45.549288 	-4.4627387 	0.73616721
-1.039039 	-0.05 	0.091 	45.578063 	-4.4800835 	0.73788913
-1.0378378 	-0.05 	0.091 	45.606838 	-4.4974283 	0.73961106
-1.0366366 	-0.05 	0.091 	45.634378 	-4.5104414 	0.74132308
-1.0354354 	-0.05 	0.091 	45.659421 	-4.5146976 	0.74301507
-1.0342342 	-0.05 	0.091 	45.684465 	-4.5189538 	0.74470707
-1.033033 	-0.05 	0.091 	45.709508 	-4.52321 	0.74639907
-1.0318318 	-0.05 	0.091 	45.734551 	-4.5274662 	0.74809106
-1.0306306 	-0.05 	0.091 	45.759594 	-4.5317225 	0.74978306
-1.0294294 	-0.05 	0.091 	45.784637 	-4.5359787 	0.75147505
-1.0282282 	-0.05 	0.091 	45.80989 	-4.5403768 	0.75317665
-1.027027 	-0.05 	0.091 	45.840977 	-4.5487063 	0.75514416
-1.0258258 	-0.05 	0.091 	45.872063 	-4.5570358 	0.75711167
-1.0246246 	-0.05 	0.091 	45.90315 	-4.5653653 	0.75907918
-1.0234234 	-0.05 	0.091 	45.934236 	-4.5736948 	0.76104669
-1.0222222 	-0.05 	0.091 	45.965323 	-4.5820243 	0.7630142
-1.021021 	-0.05 	0.091 	45.996409 	-4.5903538 	0.76498171
-1.0198198 	-0.05 	0.091 	46.027496 	-4.5986833 	0.76694923
-1.0186186 	-0.05 	0.091 	46.058582 	-4.6070128 	0.76891674
-1.0174174 	-0.05 	0.091 	46.089669 	-4.6153423 	0.77088425
-1.0162162 	-0.05 	0.091 	46.120755 	-4.6236717 	0.77285176
-1.015015 	-0.05 	0.091 	46.151842 	-4.6320012 	0.77481927
-1.0138138 	-0.05 	0.091 	46.182928 	-4.6403307 	0.77678678
-1.0126126 	-0.05 	0.091 	46.214015 	-4.6486602 	0.77875429
-1.0114114 	-0.05 	0.091 	46.245101 	-4.6569897 	0.7807218
-1.0102102 	-0.05 	0.091 	46.276188 	-4.6653192 	0.78268931
-1.009009 	-0.05 	0.091 	46.307274 	-4.6736487 	0.78465682
-1.0078078 	-0.05 	0.091 	46.33836 	-4.6819782 	0.78662433
-1.0066066 	-0.05 	0.091 	46.369447 	-4.6903077 	0.78859185
-1.0054054 	-0.05 	0.091 	46.400533 	-4.6986372 	0.79055936
-1.0042042 	-0.05 	0.091 	46.43162 	-4.7069667 	0.79252687
-1.003003 	-0.05 	0.091 	46.462706 	-4.7152962 	0.79449438
-1.0018018 	-0.05 	0.091 	46.493793 	-4.7236257 	0.79646189
-1.0006006 	-0.05 	0.091 	46.524879 	-4.7319552 	0.7984294
-0.9993994 	-0.05 	0.091 	46.555966 	-4.7402847 	0.80039691
-0.9981982 	-0.05 	0.091 	46.587052 	-4.7486142 	0.80236442
-0.996997 	-0.05 	0.091 	46.618139 	-4.7569437 	0.80433193
-0.9957958 	-0.05 	0.091 	46.649225 	-4.7652732 	0.80629944
-0.99459459 	-0.05 	0.091 	46.680312 	-4.7736027 	0.80826695
-0.99339339 	-0.05 	0.091 	46.711398 	-4.7819322 	0.81023447
-0.99219219 	-0.05 	0.091 	46.742491 	-4.7902629 	0.81205675
-0.99099099 	-0.05 	0.091 	46.773607 	-4.7985979 	0.81337617
-0.98978979 	-0.05 	0.091 	46.804723 	-4.8069329 	0.81469558
-0.98858859 	-0.05 	0.091 	46.835839 	-4.8152678 	0.81601499
-0.98738739 	-0.05 	0.091 	46.866955 	-4.8236028 	0.81733441
-0.98618619 	-0.05 	0.091 	46.898071 	-4.8319378 	0.81865382
-0.98498498 	-0.05 	0.091 	46.929187 	-4.8402728 	0.81997323
-0.98378378 	-0.05 	0.091 	46.961609 	-4.8489657 	0.82146321
-0.98258258 	-0.05 	0.091 	46.994834 	-4.8578786 	0.82305807
-0.98138138 	-0.05 	0.091 	47.028059 	-4.8667915 	0.82465294
-0.98018018 	-0.05 	0.091 	47.061283 	-4.8757045 	0.82624781
-0.97897898 	-0.05 	0.091 	47.094508 	-4.8846174 	0.82784267
-0.97777778 	-0.05 	0.091 	47.127733 	-4.8935303 	0.82943754
-0.97657658 	-0.05 	0.091 	47.160958 	-4.9024433 	0.83103241
-0.97537538 	-0.05 	0.091 	47.190866 	-4.9096471 	0.83255955
-0.97417417 	-0.05 	0.091 	47.217433 	-4.9151288 	0.83401844
-0.97297297 	-0.05 	0.091 	47.244 	-4.9206104 	0.83547733
-0.97177177 	-0.05 	0.091 	47.270566 	-4.9260921 	0.83693623
-0.97057057 	-0.05 	0.091 	47.297133 	-4.9315737 	0.83839512
-0.96936937 	-0.05 	0.091 	47.323699 	-4.9370554 	0.83985402
-0.96816817 	-0.05 	0.091 	47.350266 	-4.942537 	0.84131291
-0.96696697 	-0.05 	0.091 	47.378152 	-4.9473416 	0.8426619
-0.96576577 	-0.05 	0.091 	47.407514 	-4.9513886 	0.84388794
-0.96456456 	-0.05 	0.091 	47.436877 	-4.9554357 	0.84511399
-0.96336336 	-0.05 	0.091 	47.466239 	-4.9594828 	0.84634003
-0.96216216 	-0.05 	0.091 	47.495601 	-4.9635298 	0.84756608
-0.96096096 	-0.05 	0.091 	47.524964 	-4.9675769 	0.84879212
-0.95975976 	-0.05 	0.091 	47.554326 	-4.9716239 	0.85001817
-0.95855856 	-0.05 	0.091 	47.583662 	-4.9756394 	0.85173246
-0.95735736 	-0.05 	0.091 	47.612992 	-4.9796461 	0.85358164
-0.95615616 	-0.05 	0.091 	47.642321 	-4.9836528 	0.85543083
-0.95495495 	-0.05 	0.091 	47.67165 	-4.9876595 	0.85728001
-0.95375375 	-0.05 	0.091 	47.700979 	-4.9916662 	0.85912919
-0.95255255 	-0.05 	0.091 	47.730308 	-4.9956729 	0.86097838
-0.95135135 	-0.05 	0.091 	47.759638 	-4.9996796 	0.86282756
-0.95015015 	-0.05 	0.091 	47.788967 	-5.0036863 	0.86467674
-0.94894895 	-0.05 	0.091 	47.818296 	-5.007693 	0.86652593
-0.94774775 	-0.05 	0.091 	47.847625 	-5.0116997 	0.86837511
-0.94654655 	-0.05 	0.091 	47.876955 	-5.0157064 	0.87022429
-0.94534535 	-0.05 	0.091 	47.906284 	-5.0197131 	0.87207348
-0.94414414 	-0.05 	0.091 	47.935613 	-5.0237198 	0.87392266
-0.94294294 	-0.05 	0.091 	47.964942 	-5.0277265 	0.87577184
-0.94174174 	-0.05 	0.091 	47.994271 	-5.0317332 	0.87762103
-0.94054054 	-0.05 	0.091 	48.023601 	-5.0357399 	0.87947021
-0.93933934 	-0.05 	0.091 	48.05293 	-5.0397466 	0.88131939
-0.93813814 	-0.05 	0.091 	48.082259 	-5.0437533 	0.88316858
-0.93693694 	-0.05 	0.091 	48.111588 	-5.04776 	0.88501776
-0.93573574 	-0.05 	0.091 	48.140918 	-5.0517667 	0.88686694
-0.93453453 	-0.05 	0.091 	48.170247 	-5.0557734 	0.88871613
-0.93333333 	-0.05 	0.091 	48.199576 	-5.0597801 	0.89056531
-0.93213213 	-0.05 	0.091 	48.228905 	-5.0637868 	0.89241449
-0.93093093 	-0.05 	0.091 	48.258234 	-5.0677935 	0.89426368
-0.92972973 	-0.05 	0.091 	48.287564 	-5.0718002 	0.89611286
-0.92852853 	-0.05 	0.091 	48.316893 	-5.0758069 	0.89796204
-0.92732733 	-0.05 	0.091 	48.346222 	-5.0798136 	0.89981122
-0.92612613 	-0.05 	0.091 	48.375551 	-5.0838203 	0.90166041
-0.92492492 	-0.05 	0.091 	48.404881 	-5.087827 	0.90350959
-0.92372372 	-0.05 	0.091 	48.43421 	-5.0918337 	0.90535877
-0.92252252 	-0.05 	0.091 	48.463675 	-5.0953377 	0.90709409
-0.92132132 	-0.05 	0.091 	48.493323 	-5.0981614 	0.90867531
-0.92012012 	-0.05 	0.091 	48.522971 	-5.1009851 	0.91025652
-0.91891892 	-0.05 	0.091 	48.552619 	-5.1038089 	0.91183773
-0.91771772 	-0.05 	0.091 	48.582268 	-5.1066326 	0.91341895
-0.91651652 	-0.05 	0.091 	48.611916 	-5.1094563 	0.91500016
-0.91531532 	-0.05 	0.091 	48.641564 	-5.11228 	0.91658137
-0.91411411 	-0.05 	0.091 	48.667324 	-5.1149581 	0.91808836
-0.91291291 	-0.05 	0.091 	48.691442 	-5.1175748 	0.919564
-0.91171171 	-0.05 	0.091 	48.71556 	-5.1201914 	0.92103964
-0.91051051 	-0.05 	0.091 	48.739678 	-5.1228081 	0.92251529
-0.90930931 	-0.05 	0.091 	48.763796 	-5.1254247 	0.92399093
-0.90810811 	-0.05 	0.091 	48.787914 	-5.1280414 	0.92546657
-0.90690691 	-0.05 	0.091 	48.812065 	-5.1305029 	0.92695807
-0.90570571 	-0.05 	0.091 	48.83686 	-5.1299627 	0.92875654
-0.9045045 	-0.05 	0.091 	48.861655 	-5.1294224 	0.930555
-0.9033033 	-0.05 	0.091 	48.88645 	-5.1288822 	0.93235347
-0.9021021 	-0.05 	0.091 	48.911245 	-5.128342 	0.93415193
-0.9009009 	-0.05 	0.091 	48.93604 	-5.1278017 	0.9359504
-0.8996997 	-0.05 	0.091 	48.960835 	-5.1272615 	0.93774886
-0.8984985 	-0.05 	0.091 	48.98563 	-5.1267213 	0.93954733
-0.8972973 	-0.05 	0.091 	49.010425 	-5.126181 	0.94134579
-0.8960961 	-0.05 	0.091 	49.03522 	-5.1256408 	0.94314426
-0.89489489 	-0.05 	0.091 	49.060015 	-5.1251005 	0.94494272
-0.89369369 	-0.05 	0.091 	49.08481 	-5.1245603 	0.94674119
-0.89249249 	-0.05 	0.091 	49.109605 	-5.1240201 	0.94853965
-0.89129129 	-0.05 	0.091 	49.1344 	-5.1234798 	0.95033812
-0.89009009 	-0.05 	0.091 	49.159195 	-5.1229396 	0.95213658
-0.88888889 	-0.05 	0.091 	49.18399 	-5.1223994 	0.95393505
-0.88768769 	-0.05 	0.091 	49.208785 	-5.1218591 	0.95573351
-0.88648649 	-0.05 	0.091 	49.23358 	-5.1213189 	0.95753198
-0.88528529 	-0.05 	0.091 	49.258375 	-5.1207787 	0.95933044
-0.88408408 	-0.05 	0.091 	49.28317 	-5.1202384 	0.96112891
-0.88288288 	-0.05 	0.091 	49.307964 	-5.1196982 	0.96292737
-0.88168168 	-0.05 	0.091 	49.332759 	-5.1191579 	0.96472584
-0.88048048 	-0.05 	0.091 	49.357554 	-5.1186177 	0.9665243
-0.87927928 	-0.05 	0.091 	49.382349 	-5.1180775 	0.96832277
-0.87807808 	-0.05 	0.091 	49.407144 	-5.1175372 	0.97012123
-0.87687688 	-0.05 	0.091 	49.431939 	-5.116997 	0.9719197
-0.87567568 	-0.05 	0.091 	49.456734 	-5.1164568 	0.97371816
-0.87447447 	-0.05 	0.091 	49.481529 	-5.1159165 	0.97551662
-0.87327327 	-0.05 	0.091 	49.506324 	-5.1153763 	0.97731509
-0.87207207 	-0.05 	0.091 	49.531119 	-5.1148361 	0.97911355
-0.87087087 	-0.05 	0.091 	49.555914 	-5.1142958 	0.98091202
-0.86966967 	-0.05 	0.091 	49.580715 	-5.1137635 	0.982329
-0.86846847 	-0.05 	0.091 	49.605519 	-5.1132359 	0.9835226
-0.86726727 	-0.05 	0.091 	49.630324 	-5.1127082 	0.9847162
-0.86606607 	-0.05 	0.091 	49.655128 	-5.1121805 	0.98590981
-0.86486486 	-0.05 	0.091 	49.679932 	-5.1116529 	0.98710341
-0.86366366 	-0.05 	0.091 	49.704736 	-5.1111252 	0.98829701
-0.86246246 	-0.05 	0.091 	49.729541 	-5.1105976 	0.98949061
-0.86126126 	-0.05 	0.091 	49.754148 	-5.1088906 	0.99085331
-0.86006006 	-0.05 	0.091 	49.778552 	-5.105977 	0.99238901
-0.85885886 	-0.05 	0.091 	49.802957 	-5.1030633 	0.99392472
-0.85765766 	-0.05 	0.091 	49.827362 	-5.1001497 	0.99546042
-0.85645646 	-0.05 	0.091 	49.851767 	-5.0972361 	0.99699613
-0.85525526 	-0.05 	0.091 	49.876172 	-5.0943224 	0.99853184
-0.85405405 	-0.05 	0.091 	49.900576 	-5.0914088 	1.0000675
-0.85285285 	-0.05 	0.091 	49.922855 	-5.0904865 	1.0015402
-0.85165165 	-0.05 	0.091 	49.944942 	-5.0897442 	1.0030072
-0.85045045 	-0.05 	0.091 	49.967028 	-5.0890019 	1.0044742
-0.84924925 	-0.05 	0.091 	49.989115 	-5.0882596 	1.0059412
-0.84804805 	-0.05 	0.091 	50.011201 	-5.0875173 	1.0074082
-0.84684685 	-0.05 	0.091 	50.033288 	-5.086775 	1.0088751
-0.84564565 	-0.05 	0.091 	50.054592 	-5.0848936 	1.0104613
-0.84444444 	-0.05 	0.091 	50.074736 	-5.0813218 	1.0122243
-0.84324324 	-0.05 	0.091 	50.094879 	-5.0777501 	1.0139874
-0.84204204 	-0.05 	0.091 	50.115023 	-5.0741783 	1.0157504
-0.84084084 	-0.05 	0.091 	50.135167 	-5.0706066 	1.0175134
-0.83963964 	-0.05 	0.091 	50.155311 	-5.0670348 	1.0192765
-0.83843844 	-0.05 	0.091 	50.175454 	-5.063463 	1.0210395
-0.83723724 	-0.05 	0.091 	50.195598 	-5.0598913 	1.0228025
-0.83603604 	-0.05 	0.091 	50.215742 	-5.0563195 	1.0245656
-0.83483483 	-0.05 	0.091 	50.235886 	-5.0527477 	1.0263286
-0.83363363 	-0.05 	0.091 	50.256029 	-5.049176 	1.0280917
-0.83243243 	-0.05 	0.091 	50.276173 	-5.0456042 	1.0298547
-0.83123123 	-0.05 	0.091 	50.296317 	-5.0420325 	1.0316177
-0.83003003 	-0.05 	0.091 	50.31646 	-5.0384607 	1.0333808
-0.82882883 	-0.05 	0.091 	50.336604 	-5.0348889 	1.0351438
-0.82762763 	-0.05 	0.091 	50.356748 	-5.0313172 	1.0369068
-0.82642643 	-0.05 	0.091 	50.376892 	-5.0277454 	1.0386699
-0.82522523 	-0.05 	0.091 	50.397035 	-5.0241736 	1.0404329
-0.82402402 	-0.05 	0.091 	50.417179 	-5.0206019 	1.0421959
-0.82282282 	-0.05 	0.091 	50.437323 	-5.0170301 	1.043959
-0.82162162 	-0.05 	0.091 	50.457467 	-5.0134584 	1.045722
-0.82042042 	-0.05 	0.091 	50.47761 	-5.0098866 	1.047485
-0.81921922 	-0.05 	0.091 	50.497754 	-5.0063148 	1.0492481
-0.81801802 	-0.05 	0.091 	50.517898 	-5.0027431 	1.0510111
-0.81681682 	-0.05 	0.091 	50.538042 	-4.9991713 	1.0527741
-0.81561562 	-0.05 	0.091 	50.558185 	-4.9955995 	1.0545372
-0.81441441 	-0.05 	0.091 	50.578329 	-4.9920278 	1.0563002
-0.81321321 	-0.05 	0.091 	50.598473 	-4.988456 	1.0580632
-0.81201201 	-0.05 	0.091 	50.618617 	-4.9848843 	1.0598263
-0.81081081 	-0.05 	0.091 	50.63876 	-4.9813125 	1.0615893
-0.80960961 	-0.05 	0.091 	50.658904 	-4.9777407 	1.0633523
-0.80840841 	-0.05 	0.091 	50.679066 	-4.9741521 	1.0646247
-0.80720721 	-0.05 	0.091 	50.699232 	-4.9705605 	1.0658117
-0.80600601 	-0.05 	0.091 	50.719398 	-4.966969 	1.0669987
-0.8048048 	-0.05 	0.091 	50.739563 	-4.9633774 	1.0681857
-0.8036036 	-0.05 	0.091 	50.759729 	-4.9597858 	1.0693727
-0.8024024 	-0.05 	0.091 	50.779894 	-4.9561943 	1.0705597
-0.8012012 	-0.05 	0.091 	50.80006 	-4.9526027 	1.0717467
-0.8 	-0.05 	0.091 	50.819619 	-4.9485803 	1.0730295
-0.7987988 	-0.05 	0.091 	50.838152 	-4.9438287 	1.0744744
-0.7975976 	-0.05 	0.091 	50.856685 	-4.939077 	1.0759193
-0.7963964 	-0.05 	0.091 	50.875218 	-4.9343254 	1.0773642
-0.7951952 	-0.05 	0.091 	50.893751 	-4.9295738 	1.0788091
-0.79399399 	-0.05 	0.091 	50.912284 	-4.9248222 	1.080254
-0.79279279 	-0.05 	0.091 	50.930855 	-4.9205294 	1.0817021
-0.79159159 	-0.05 	0.091 	50.949652 	-4.9189761 	1.0831692
-0.79039039 	-0.05 	0.091 	50.968448 	-4.9174228 	1.0846363
-0.78918919 	-0.05 	0.091 	50.987245 	-4.9158694 	1.0861035
-0.78798799 	-0.05 	0.091 	51.006042 	-4.9143161 	1.0875706
-0.78678679 	-0.05 	0.091 	51.024839 	-4.9127627 	1.0890377
-0.78558559 	-0.05 	0.091 	51.043636 	-4.9112094 	1.0905048
-0.78438438 	-0.05 	0.091 	51.060732 	-4.9065785 	1.0921907
-0.78318318 	-0.05 	0.091 	51.077782 	-4.9018654 	1.0938825
-0.78198198 	-0.05 	0.091 	51.094833 	-4.8971523 	1.0955742
-0.78078078 	-0.05 	0.091 	51.111884 	-4.8924392 	1.0972659
-0.77957958 	-0.05 	0.091 	51.128934 	-4.8877261 	1.0989577
-0.77837838 	-0.05 	0.091 	51.145985 	-4.883013 	1.1006494
-0.77717718 	-0.05 	0.091 	51.163036 	-4.8782998 	1.1023411
-0.77597598 	-0.05 	0.091 	51.180086 	-4.8735867 	1.1040329
-0.77477477 	-0.05 	0.091 	51.197137 	-4.8688736 	1.1057246
-0.77357357 	-0.05 	0.091 	51.214188 	-4.8641605 	1.1074164
-0.77237237 	-0.05 	0.091 	51.231238 	-4.8594474 	1.1091081
-0.77117117 	-0.05 	0.091 	51.248289 	-4.8547343 	1.1107998
-0.76996997 	-0.05 	0.091 	51.26534 	-4.8500212 	1.1124916
-0.76876877 	-0.05 	0.091 	51.28239 	-4.8453081 	1.1141833
-0.76756757 	-0.05 	0.091 	51.299441 	-4.840595 	1.1158751
-0.76636637 	-0.05 	0.091 	51.316492 	-4.8358819 	1.1175668
-0.76516517 	-0.05 	0.091 	51.333542 	-4.8311688 	1.1192585
-0.76396396 	-0.05 	0.091 	51.350593 	-4.8264557 	1.1209503
-0.76276276 	-0.05 	0.091 	51.367644 	-4.8217426 	1.122642
-0.76156156 	-0.05 	0.091 	51.384694 	-4.8170295 	1.1243338
-0.76036036 	-0.05 	0.091 	51.401745 	-4.8123164 	1.1260255
-0.75915916 	-0.05 	0.091 	51.418796 	-4.8076033 	1.1277172
-0.75795796 	-0.05 	0.091 	51.435846 	-4.8028902 	1.129409
-0.75675676 	-0.05 	0.091 	51.452897 	-4.7981771 	1.1311007
-0.75555556 	-0.05 	0.091 	51.469948 	-4.793464 	1.1327925
-0.75435435 	-0.05 	0.091 	51.486998 	-4.7887508 	1.1344842
-0.75315315 	-0.05 	0.091 	51.504049 	-4.7840377 	1.1361759
-0.75195195 	-0.05 	0.091 	51.5211 	-4.7793246 	1.1378677
-0.75075075 	-0.05 	0.091 	51.53815 	-4.7746115 	1.1395594
-0.74954955 	-0.05 	0.091 	51.555201 	-4.7698984 	1.1412512
-0.74834835 	-0.05 	0.091 	51.572256 	-4.7651861 	1.1429048
-0.74714715 	-0.05 	0.091 	51.589362 	-4.7604849 	1.1440379
-0.74594595 	-0.05 	0.091 	51.606468 	-4.7557837 	1.145171
-0.74474474 	-0.05 	0.091 	51.623574 	-4.7510824 	1.1463041
-0.74354354 	-0.05 	0.091 	51.64068 	-4.7463812 	1.1474372
-0.74234234 	-0.05 	0.091 	51.657786 	-4.7416799 	1.1485703
-0.74114114 	-0.05 	0.091 	51.674892 	-4.7369787 	1.1497034
-0.73993994 	-0.05 	0.091 	51.691998 	-4.7322775 	1.1508365
-0.73873874 	-0.05 	0.091 	51.710505 	-4.7268919 	1.152248
-0.73753754 	-0.05 	0.091 	51.730885 	-4.72059 	1.1540323
-0.73633634 	-0.05 	0.091 	51.751266 	-4.7142881 	1.1558165
-0.73513514 	-0.05 	0.091 	51.771646 	-4.7079862 	1.1576008
-0.73393393 	-0.05 	0.091 	51.792027 	-4.7016843 	1.159385
-0.73273273 	-0.05 	0.091 	51.812408 	-4.6953824 	1.1611693
-0.73153153 	-0.05 	0.091 	51.831761 	-4.6890921 	1.1628128
-0.73033033 	-0.05 	0.091 	51.849239 	-4.682823 	1.1641991
-0.72912913 	-0.05 	0.091 	51.866716 	-4.6765538 	1.1655855
-0.72792793 	-0.05 	0.091 	51.884193 	-4.6702847 	1.1669718
-0.72672673 	-0.05 	0.091 	51.90167 	-4.6640156 	1.1683581
-0.72552553 	-0.05 	0.091 	51.919148 	-4.6577465 	1.1697444
-0.72432432 	-0.05 	0.091 	51.936249 	-4.6516278 	1.1712919
-0.72312312 	-0.05 	0.091 	51.952596 	-4.6458108 	1.1731629
-0.72192192 	-0.05 	0.091 	51.968944 	-4.6399938 	1.1750339
-0.72072072 	-0.05 	0.091 	51.985291 	-4.6341768 	1.1769049
-0.71951952 	-0.05 	0.091 	52.001639 	-4.6283598 	1.1787759
-0.71831832 	-0.05 	0.091 	52.017986 	-4.6225428 	1.1806469
-0.71711712 	-0.05 	0.091 	52.034334 	-4.6167258 	1.1825179
-0.71591592 	-0.05 	0.091 	52.050681 	-4.6109088 	1.1843889
-0.71471471 	-0.05 	0.091 	52.067028 	-4.6050918 	1.1862599
-0.71351351 	-0.05 	0.091 	52.083376 	-4.5992748 	1.1881309
-0.71231231 	-0.05 	0.091 	52.099723 	-4.5934578 	1.1900019
-0.71111111 	-0.05 	0.091 	52.116071 	-4.5876408 	1.1918728
-0.70990991 	-0.05 	0.091 	52.132418 	-4.5818238 	1.1937438
-0.70870871 	-0.05 	0.091 	52.148814 	-4.5760449 	1.1950928
-0.70750751 	-0.05 	0.091 	52.161111 	-4.5709186 	1.1964089
-0.70630631 	-0.05 	0.091 	52.172983 	-4.5658589 	1.1977332
-0.70510511 	-0.05 	0.091 	52.184854 	-4.5607993 	1.1990575
-0.7039039 	-0.05 	0.091 	52.196725 	-4.5557396 	1.2003819
-0.7027027 	-0.05 	0.091 	52.208596 	-4.55068 	1.2017062
-0.7015015 	-0.05 	0.091 	52.220467 	-4.5456203 	1.2030305
-0.7003003 	-0.05 	0.091 	52.232478 	-4.5408277 	1.2044393
-0.6990991 	-0.05 	0.091 	52.244493 	-4.5360442 	1.2058509
-0.6978979 	-0.05 	0.091 	52.256509 	-4.5312606 	1.2072625
-0.6966967 	-0.05 	0.091 	52.268524 	-4.526477 	1.2086741
-0.6954955 	-0.05 	0.091 	52.28054 	-4.5216934 	1.2100857
-0.69429429 	-0.05 	0.091 	52.292432 	-4.5168984 	1.2115167
-0.69309309 	-0.05 	0.091 	52.303315 	-4.5120095 	1.213106
-0.69189189 	-0.05 	0.091 	52.314199 	-4.5071206 	1.2146953
-0.69069069 	-0.05 	0.091 	52.325082 	-4.5022317 	1.2162846
-0.68948949 	-0.05 	0.091 	52.335965 	-4.4973428 	1.217874
-0.68828829 	-0.05 	0.091 	52.346849 	-4.4924539 	1.2194633
-0.68708709 	-0.05 	0.091 	52.357732 	-4.487565 	1.2210526
-0.68588589 	-0.05 	0.091 	52.368616 	-4.4826761 	1.222642
-0.68468468 	-0.05 	0.091 	52.379499 	-4.4777872 	1.2242313
-0.68348348 	-0.05 	0.091 	52.390383 	-4.4728983 	1.2258206
-0.68228228 	-0.05 	0.091 	52.401266 	-4.4680094 	1.2274099
-0.68108108 	-0.05 	0.091 	52.412149 	-4.4631205 	1.2289993
-0.67987988 	-0.05 	0.091 	52.423033 	-4.4582316 	1.2305886
-0.67867868 	-0.05 	0.091 	52.433934 	-4.4533488 	1.2319461
-0.67747748 	-0.05 	0.091 	52.444652 	-4.4481366 	1.2330837
-0.67627628 	-0.05 	0.091 	52.454964 	-4.4422608 	1.2343795
-0.67507508 	-0.05 	0.091 	52.465276 	-4.4363851 	1.2356754
-0.67387387 	-0.05 	0.091 	52.475587 	-4.4305093 	1.2369712
-0.67267267 	-0.05 	0.091 	52.485899 	-4.4246336 	1.2382671
-0.67147147 	-0.05 	0.091 	52.496211 	-4.4187578 	1.2395629
-0.67027027 	-0.05 	0.091 	52.506207 	-4.4146527 	1.2408392
-0.66906907 	-0.05 	0.091 	52.515977 	-4.4118206 	1.2421014
-0.66786787 	-0.05 	0.091 	52.525746 	-4.4089884 	1.2433637
-0.66666667 	-0.05 	0.091 	52.535516 	-4.4061563 	1.2446259
-0.66546547 	-0.05 	0.091 	52.545285 	-4.4033242 	1.2458881
-0.66426426 	-0.05 	0.091 	52.555055 	-4.4004921 	1.2471503
-0.66306306 	-0.05 	0.091 	52.564297 	-4.3959061 	1.2486239
-0.66186186 	-0.05 	0.091 	52.573462 	-4.3910662 	1.2501281
-0.66066066 	-0.05 	0.091 	52.582628 	-4.3862264 	1.2516323
-0.65945946 	-0.05 	0.091 	52.591793 	-4.3813865 	1.2531364
-0.65825826 	-0.05 	0.091 	52.600959 	-4.3765467 	1.2546406
-0.65705706 	-0.05 	0.091 	52.610125 	-4.3717068 	1.2561448
-0.65585586 	-0.05 	0.091 	52.61929 	-4.366867 	1.257649
-0.65465465 	-0.05 	0.091 	52.628456 	-4.3620271 	1.2591532
-0.65345345 	-0.05 	0.091 	52.637621 	-4.3571872 	1.2606574
-0.65225225 	-0.05 	0.091 	52.646787 	-4.3523474 	1.2621615
-0.65105105 	-0.05 	0.091 	52.655952 	-4.3475075 	1.2636657
-0.64984985 	-0.05 	0.091 	52.665118 	-4.3426677 	1.2651699
-0.64864865 	-0.05 	0.091 	52.674286 	-4.3378287 	1.2666503
-0.64744745 	-0.05 	0.091 	52.683499 	-4.3330072 	1.2676512
-0.64624625 	-0.05 	0.091 	52.692454 	-4.3267531 	1.2688721
-0.64504505 	-0.05 	0.091 	52.701375 	-4.3203129 	1.2701215
-0.64384384 	-0.05 	0.091 	52.710297 	-4.3138728 	1.271371
-0.64264264 	-0.05 	0.091 	52.719218 	-4.3074327 	1.2726204
-0.64144144 	-0.05 	0.091 	52.72814 	-4.3009925 	1.2738698
-0.64024024 	-0.05 	0.091 	52.736892 	-4.2953375 	1.2751085
-0.63903904 	-0.05 	0.091 	52.74493 	-4.2930066 	1.2763018
-0.63783784 	-0.05 	0.091 	52.752967 	-4.2906756 	1.2774951
-0.63663664 	-0.05 	0.091 	52.761004 	-4.2883447 	1.2786884
-0.63543544 	-0.05 	0.091 	52.769041 	-4.2860138 	1.2798816
-0.63423423 	-0.05 	0.091 	52.777078 	-4.2836829 	1.2810749
-0.63303303 	-0.05 	0.091 	52.785002 	-4.2799071 	1.2821477
-0.63183183 	-0.05 	0.091 	52.792805 	-4.2747706 	1.2832704
-0.63063063 	-0.05 	0.091 	52.800578 	-4.2696173 	1.2847133
-0.62942943 	-0.05 	0.091 	52.808352 	-4.264464 	1.2861561
-0.62822823 	-0.05 	0.091 	52.816125 	-4.2593108 	1.287599
-0.62702703 	-0.05 	0.091 	52.823898 	-4.2541575 	1.2890419
-0.62582583 	-0.05 	0.091 	52.831671 	-4.2490042 	1.2904848
-0.62462462 	-0.05 	0.091 	52.839444 	-4.243851 	1.2919277
-0.62342342 	-0.05 	0.091 	52.847218 	-4.2386977 	1.2933706
-0.62222222 	-0.05 	0.091 	52.854991 	-4.2335444 	1.2948134
-0.62102102 	-0.05 	0.091 	52.862764 	-4.2283912 	1.2962563
-0.61981982 	-0.05 	0.091 	52.870537 	-4.2232379 	1.2976992
-0.61861862 	-0.05 	0.091 	52.87831 	-4.2180846 	1.2991421
-0.61741742 	-0.05 	0.091 	52.886084 	-4.2129314 	1.300585
-0.61621622 	-0.05 	0.091 	52.893836 	-4.2068381 	1.3019016
-0.61501502 	-0.05 	0.091 	52.901563 	-4.1995616 	1.3030595
-0.61381381 	-0.05 	0.091 	52.90929 	-4.1922851 	1.3042173
-0.61261261 	-0.05 	0.091 	52.917017 	-4.1850086 	1.3053751
-0.61141141 	-0.05 	0.091 	52.924744 	-4.1777321 	1.306533
-0.61021021 	-0.05 	0.091 	52.932472 	-4.1704556 	1.3076908
-0.60900901 	-0.05 	0.091 	52.939277 	-4.1661771 	1.3088569
-0.60780781 	-0.05 	0.091 	52.945857 	-4.1626324 	1.310025
-0.60660661 	-0.05 	0.091 	52.952436 	-4.1590877 	1.3111931
-0.60540541 	-0.05 	0.091 	52.959016 	-4.1555429 	1.3123612
-0.6042042 	-0.05 	0.091 	52.965596 	-4.1519982 	1.3135293
-0.603003 	-0.05 	0.091 	52.972154 	-4.148134 	1.3147451
-0.6018018 	-0.05 	0.091 	52.978628 	-4.1430233 	1.316147
-0.6006006 	-0.05 	0.091 	52.985103 	-4.1379126 	1.3175488
-0.5993994 	-0.05 	0.091 	52.991577 	-4.1328019 	1.3189507
-0.5981982 	-0.05 	0.091 	52.998051 	-4.1276912 	1.3203525
-0.596997 	-0.05 	0.091 	53.004525 	-4.1225805 	1.3217544
-0.5957958 	-0.05 	0.091 	53.010999 	-4.1174698 	1.3231562
-0.59459459 	-0.05 	0.091 	53.017474 	-4.1123591 	1.3245581
-0.59339339 	-0.05 	0.091 	53.023948 	-4.1072484 	1.3259599
-0.59219219 	-0.05 	0.091 	53.030422 	-4.1021377 	1.3273618
-0.59099099 	-0.05 	0.091 	53.036896 	-4.097027 	1.3287636
-0.58978979 	-0.05 	0.091 	53.04337 	-4.0919162 	1.3301655
-0.58858859 	-0.05 	0.091 	53.049844 	-4.0868055 	1.3315673
-0.58738739 	-0.05 	0.091 	53.056329 	-4.0817032 	1.3328419
-0.58618619 	-0.05 	0.091 	53.062841 	-4.0766232 	1.3337761
-0.58498498 	-0.05 	0.091 	53.069308 	-4.0707753 	1.3349143
-0.58378378 	-0.05 	0.091 	53.075772 	-4.0648894 	1.3360626
-0.58258258 	-0.05 	0.091 	53.082235 	-4.0590034 	1.3372109
-0.58138138 	-0.05 	0.091 	53.088699 	-4.0531175 	1.3383591
-0.58018018 	-0.05 	0.091 	53.095163 	-4.0472316 	1.3395074
-0.57897898 	-0.05 	0.091 	53.101009 	-4.0426064 	1.3406475
-0.57777778 	-0.05 	0.091 	53.105994 	-4.0397341 	1.3417762
-0.57657658 	-0.05 	0.091 	53.11098 	-4.0368617 	1.3429048
-0.57537538 	-0.05 	0.091 	53.115966 	-4.0339894 	1.3440334
-0.57417417 	-0.05 	0.091 	53.120951 	-4.0311171 	1.3451621
-0.57297297 	-0.05 	0.091 	53.125937 	-4.0282448 	1.3462907
-0.57177177 	-0.05 	0.091 	53.131009 	-4.02323 	1.3476524
-0.57057057 	-0.05 	0.091 	53.136086 	-4.0180964 	1.349027
-0.56936937 	-0.05 	0.091 	53.141162 	-4.0129628 	1.3504016
-0.56816817 	-0.05 	0.091 	53.146239 	-4.0078292 	1.3517761
-0.56696697 	-0.05 	0.091 	53.151316 	-4.0026957 	1.3531507
-0.56576577 	-0.05 	0.091 	53.156393 	-3.9975621 	1.3545253
-0.56456456 	-0.05 	0.091 	53.161469 	-3.9924285 	1.3558999
-0.56336336 	-0.05 	0.091 	53.166546 	-3.9872949 	1.3572744
-0.56216216 	-0.05 	0.091 	53.171623 	-3.9821614 	1.358649
-0.56096096 	-0.05 	0.091 	53.1767 	-3.9770278 	1.3600236
-0.55975976 	-0.05 	0.091 	53.181776 	-3.9718942 	1.3613982
-0.55855856 	-0.05 	0.091 	53.186853 	-3.9667606 	1.3627728
-0.55735736 	-0.05 	0.091 	53.19193 	-3.961627 	1.3641473
-0.55615616 	-0.05 	0.091 	53.197039 	-3.9565068 	1.3651159
-0.55495495 	-0.05 	0.091 	53.202104 	-3.9506712 	1.3661395
-0.55375375 	-0.05 	0.091 	53.207098 	-3.9437945 	1.3673172
-0.55255255 	-0.05 	0.091 	53.212093 	-3.9369177 	1.368495
-0.55135135 	-0.05 	0.091 	53.217088 	-3.9300409 	1.3696727
-0.55015015 	-0.05 	0.091 	53.222082 	-3.9231641 	1.3708505
-0.54894895 	-0.05 	0.091 	53.227018 	-3.9163604 	1.3720239
-0.54774775 	-0.05 	0.091 	53.230367 	-3.911536 	1.3730809
-0.54654655 	-0.05 	0.091 	53.233715 	-3.9067116 	1.3741379
-0.54534535 	-0.05 	0.091 	53.237064 	-3.9018872 	1.3751948
-0.54414414 	-0.05 	0.091 	53.240412 	-3.8970628 	1.3762518
-0.54294294 	-0.05 	0.091 	53.24376 	-3.8922384 	1.3773088
-0.54174174 	-0.05 	0.091 	53.247567 	-3.8870269 	1.3785605
-0.54054054 	-0.05 	0.091 	53.251572 	-3.8816473 	1.3798968
-0.53933934 	-0.05 	0.091 	53.255577 	-3.8762677 	1.3812331
-0.53813814 	-0.05 	0.091 	53.259583 	-3.8708881 	1.3825694
-0.53693694 	-0.05 	0.091 	53.263588 	-3.8655085 	1.3839056
-0.53573574 	-0.05 	0.091 	53.267593 	-3.860129 	1.3852419
-0.53453453 	-0.05 	0.091 	53.271599 	-3.8547494 	1.3865782
-0.53333333 	-0.05 	0.091 	53.275604 	-3.8493698 	1.3879145
-0.53213213 	-0.05 	0.091 	53.279609 	-3.8439902 	1.3892508
-0.53093093 	-0.05 	0.091 	53.283614 	-3.8386106 	1.3905871
-0.52972973 	-0.05 	0.091 	53.28762 	-3.833231 	1.3919233
-0.52852853 	-0.05 	0.091 	53.291625 	-3.8278514 	1.3932596
-0.52732733 	-0.05 	0.091 	53.29563 	-3.8224718 	1.3945959
-0.52612613 	-0.05 	0.091 	53.299657 	-3.8170975 	1.3957091
-0.52492492 	-0.05 	0.091 	53.303705 	-3.8117284 	1.3966014
-0.52372372 	-0.05 	0.091 	53.30807 	-3.8062801 	1.3977351
-0.52252252 	-0.05 	0.091 	53.312439 	-3.800831 	1.3988713
-0.52132132 	-0.05 	0.091 	53.316807 	-3.7953818 	1.4000076
-0.52012012 	-0.05 	0.091 	53.321176 	-3.7899327 	1.4011438
-0.51891892 	-0.05 	0.091 	53.325545 	-3.7844836 	1.4022801
-0.51771772 	-0.05 	0.091 	53.32889 	-3.7794534 	1.4033416
-0.51651652 	-0.05 	0.091 	53.331676 	-3.7746518 	1.4043623
-0.51531532 	-0.05 	0.091 	53.334462 	-3.7698502 	1.4053831
-0.51411411 	-0.05 	0.091 	53.337249 	-3.7650486 	1.4064039
-0.51291291 	-0.05 	0.091 	53.340035 	-3.760247 	1.4074246
-0.51171171 	-0.05 	0.091 	53.3429 	-3.7553756 	1.4085293
-0.51051051 	-0.05 	0.091 	53.345937 	-3.7503505 	1.409819
-0.50930931 	-0.05 	0.091 	53.348975 	-3.7453254 	1.4111087
-0.50810811 	-0.05 	0.091 	53.352012 	-3.7403004 	1.4123983
-0.50690691 	-0.05 	0.091 	53.35505 	-3.7352753 	1.413688
-0.50570571 	-0.05 	0.091 	53.358088 	-3.7302502 	1.4149776
-0.5045045 	-0.05 	0.091 	53.361125 	-3.7252252 	1.4162673
-0.5033033 	-0.05 	0.091 	53.364163 	-3.7202001 	1.417557
-0.5021021 	-0.05 	0.091 	53.3672 	-3.715175 	1.4188466
-0.5009009 	-0.05 	0.091 	53.370238 	-3.71015 	1.4201363
-0.4996997 	-0.05 	0.091 	53.373276 	-3.7051249 	1.4214259
-0.4984985 	-0.05 	0.091 	53.376313 	-3.7000998 	1.4227156
-0.4972973 	-0.05 	0.091 	53.379351 	-3.6950747 	1.4240052
-0.4960961 	-0.05 	0.091 	53.382394 	-3.6900513 	1.4252454
-0.49489489 	-0.05 	0.091 	53.385477 	-3.6850404 	1.4261066
-0.49369369 	-0.05 	0.091 	53.388525 	-3.6800386 	1.4270918
-0.49249249 	-0.05 	0.091 	53.391546 	-3.6750437 	1.4281704
-0.49129129 	-0.05 	0.091 	53.394568 	-3.6700488 	1.4292489
-0.49009009 	-0.05 	0.091 	53.39759 	-3.6650539 	1.4303274
-0.48888889 	-0.05 	0.091 	53.400612 	-3.6600591 	1.431406
-0.48768769 	-0.05 	0.091 	53.40326 	-3.6549841 	1.432466
-0.48648649 	-0.05 	0.091 	53.404853 	-3.6496826 	1.4334736
-0.48528529 	-0.05 	0.091 	53.406445 	-3.6443812 	1.4344812
-0.48408408 	-0.05 	0.091 	53.408038 	-3.6390798 	1.4354888
-0.48288288 	-0.05 	0.091 	53.40963 	-3.6337783 	1.4364964
-0.48168168 	-0.05 	0.091 	53.411223 	-3.6284769 	1.4375041
-0.48048048 	-0.05 	0.091 	53.413055 	-3.6235233 	1.4387423
-0.47927928 	-0.05 	0.091 	53.414892 	-3.6185764 	1.439985
-0.47807808 	-0.05 	0.091 	53.416729 	-3.6136295 	1.4412276
-0.47687688 	-0.05 	0.091 	53.418565 	-3.6086826 	1.4424703
-0.47567568 	-0.05 	0.091 	53.420402 	-3.6037357 	1.443713
-0.47447447 	-0.05 	0.091 	53.422239 	-3.5987888 	1.4449557
-0.47327327 	-0.05 	0.091 	53.424076 	-3.5938418 	1.4461983
-0.47207207 	-0.05 	0.091 	53.425913 	-3.5888949 	1.447441
-0.47087087 	-0.05 	0.091 	53.42775 	-3.583948 	1.4486837
-0.46966967 	-0.05 	0.091 	53.429587 	-3.5790011 	1.4499263
-0.46846847 	-0.05 	0.091 	53.431423 	-3.5740542 	1.451169
-0.46726727 	-0.05 	0.091 	53.43326 	-3.5691073 	1.4524117
-0.46606607 	-0.05 	0.091 	53.435097 	-3.5641603 	1.4536543
-0.46486486 	-0.05 	0.091 	53.436966 	-3.5592223 	1.4545957
-0.46366366 	-0.05 	0.091 	53.438842 	-3.5543194 	1.455448
-0.46246246 	-0.05 	0.091 	53.440674 	-3.5496946 	1.4564913
-0.46126126 	-0.05 	0.091 	53.442506 	-3.5450698 	1.4575345
-0.46006006 	-0.05 	0.091 	53.444339 	-3.5404451 	1.4585778
-0.45885886 	-0.05 	0.091 	53.446171 	-3.5358203 	1.459621
-0.45765766 	-0.05 	0.091 	53.448003 	-3.5311956 	1.4606643
-0.45645646 	-0.05 	0.091 	53.448781 	-3.5260565 	1.4616426
-0.45525526 	-0.05 	0.091 	53.449412 	-3.5208456 	1.4626119
-0.45405405 	-0.05 	0.091 	53.450042 	-3.5156347 	1.4635811
-0.45285285 	-0.05 	0.091 	53.450673 	-3.5104237 	1.4645504
-0.45165165 	-0.05 	0.091 	53.451304 	-3.5052128 	1.4655197
-0.45045045 	-0.05 	0.091 	53.452039 	-3.5002505 	1.4666489
-0.44924925 	-0.05 	0.091 	53.45282 	-3.4953943 	1.4678465
-0.44804805 	-0.05 	0.091 	53.4536 	-3.4905382 	1.4690441
-0.44684685 	-0.05 	0.091 	53.45438 	-3.4856821 	1.4702417
-0.44564565 	-0.05 	0.091 	53.45516 	-3.480826 	1.4714393
-0.44444444 	-0.05 	0.091 	53.45594 	-3.4759699 	1.4726368
-0.44324324 	-0.05 	0.091 	53.45672 	-3.4711138 	1.4738344
-0.44204204 	-0.05 	0.091 	53.457501 	-3.4662577 	1.475032
-0.44084084 	-0.05 	0.091 	53.458281 	-3.4614016 	1.4762296
-0.43963964 	-0.05 	0.091 	53.459061 	-3.4565455 	1.4774272
-0.43843844 	-0.05 	0.091 	53.459841 	-3.4516894 	1.4786248
-0.43723724 	-0.05 	0.091 	53.460621 	-3.4468333 	1.4798224
-0.43603604 	-0.05 	0.091 	53.461401 	-3.4419772 	1.48102
-0.43483483 	-0.05 	0.091 	53.462197 	-3.4371241 	1.4820795
-0.43363363 	-0.05 	0.091 	53.463022 	-3.4322768 	1.4828808
-0.43243243 	-0.05 	0.091 	53.46384 	-3.4276531 	1.4838051
-0.43123123 	-0.05 	0.091 	53.464652 	-3.4231846 	1.4848147
-0.43003003 	-0.05 	0.091 	53.465464 	-3.4187161 	1.4858244
-0.42882883 	-0.05 	0.091 	53.466276 	-3.4142476 	1.486834
-0.42762763 	-0.05 	0.091 	53.467088 	-3.4097792 	1.4878437
-0.42642643 	-0.05 	0.091 	53.467441 	-3.4050371 	1.4888172
-0.42522523 	-0.05 	0.091 	53.467328 	-3.4000173 	1.4897542
-0.42402402 	-0.05 	0.091 	53.467214 	-3.3949975 	1.4906912
-0.42282282 	-0.05 	0.091 	53.467101 	-3.3899777 	1.4916281
-0.42162162 	-0.05 	0.091 	53.466987 	-3.3849579 	1.4925651
-0.42042042 	-0.05 	0.091 	53.466782 	-3.3800659 	1.4935928
-0.41921922 	-0.05 	0.091 	53.466453 	-3.375346 	1.4947428
-0.41801802 	-0.05 	0.091 	53.466125 	-3.370626 	1.4958928
-0.41681682 	-0.05 	0.091 	53.465796 	-3.3659061 	1.4970429
-0.41561562 	-0.05 	0.091 	53.465467 	-3.3611862 	1.4981929
-0.41441441 	-0.05 	0.091 	53.465138 	-3.3564662 	1.4993429
-0.41321321 	-0.05 	0.091 	53.464809 	-3.3517463 	1.5004929
-0.41201201 	-0.05 	0.091 	53.46448 	-3.3470264 	1.501643
-0.41081081 	-0.05 	0.091 	53.464152 	-3.3423064 	1.502793
-0.40960961 	-0.05 	0.091 	53.463823 	-3.3375865 	1.503943
-0.40840841 	-0.05 	0.091 	53.463494 	-3.3328666 	1.505093
-0.40720721 	-0.05 	0.091 	53.463165 	-3.3281467 	1.506243
-0.40600601 	-0.05 	0.091 	53.462836 	-3.3234267 	1.5073931
-0.4048048 	-0.05 	0.091 	53.462508 	-3.3187068 	1.5085431
-0.4036036 	-0.05 	0.091 	53.462226 	-3.3139935 	1.5093261
-0.4024024 	-0.05 	0.091 	53.461887 	-3.3093686 	1.5101328
-0.4012012 	-0.05 	0.091 	53.461293 	-3.3051222 	1.5110986
-0.4 	-0.05 	0.091 	53.460699 	-3.3008758 	1.5120644
-0.3987988 	-0.05 	0.091 	53.460106 	-3.2966294 	1.5130303
-0.3975976 	-0.05 	0.091 	53.459512 	-3.292383 	1.5139961
-0.3963964 	-0.05 	0.091 	53.45886 	-3.2880885 	1.5149551
-0.3951952 	-0.05 	0.091 	53.457733 	-3.2834061 	1.5158598
-0.39399399 	-0.05 	0.091 	53.456607 	-3.2787238 	1.5167646
-0.39279279 	-0.05 	0.091 	53.45548 	-3.2740415 	1.5176693
-0.39159159 	-0.05 	0.091 	53.454354 	-3.2693591 	1.518574
-0.39039039 	-0.05 	0.091 	53.453214 	-3.2646744 	1.5194854
-0.38918919 	-0.05 	0.091 	53.451725 	-3.2599244 	1.5205791
-0.38798799 	-0.05 	0.091 	53.450237 	-3.2551744 	1.5216728
-0.38678679 	-0.05 	0.091 	53.448748 	-3.2504244 	1.5227665
-0.38558559 	-0.05 	0.091 	53.447259 	-3.2456744 	1.5238602
-0.38438438 	-0.05 	0.091 	53.44577 	-3.2409244 	1.5249539
-0.38318318 	-0.05 	0.091 	53.444281 	-3.2361744 	1.5260476
-0.38198198 	-0.05 	0.091 	53.442792 	-3.2314244 	1.5271413
-0.38078078 	-0.05 	0.091 	53.441303 	-3.2266744 	1.5282349
-0.37957958 	-0.05 	0.091 	53.439814 	-3.2219244 	1.5293286
-0.37837838 	-0.05 	0.091 	53.438325 	-3.2171744 	1.5304223
-0.37717718 	-0.05 	0.091 	53.436836 	-3.2124244 	1.531516
-0.37597598 	-0.05 	0.091 	53.435347 	-3.2076744 	1.5326097
-0.37477477 	-0.05 	0.091 	53.433858 	-3.2029244 	1.5337034
-0.37357357 	-0.05 	0.091 	53.432398 	-3.1981794 	1.5345876
-0.37237237 	-0.05 	0.091 	53.430958 	-3.1934379 	1.5353199
-0.37117117 	-0.05 	0.091 	53.429185 	-3.1886703 	1.5361855
-0.36996997 	-0.05 	0.091 	53.427315 	-3.1838952 	1.5370891
-0.36876877 	-0.05 	0.091 	53.425446 	-3.1791202 	1.5379927
-0.36756757 	-0.05 	0.091 	53.423577 	-3.1743451 	1.5388962
-0.36636637 	-0.05 	0.091 	53.421708 	-3.1695701 	1.5397998
-0.36516517 	-0.05 	0.091 	53.41972 	-3.1647989 	1.5406793
-0.36396396 	-0.05 	0.091 	53.417688 	-3.1600293 	1.5415496
-0.36276276 	-0.05 	0.091 	53.415655 	-3.1552596 	1.5424199
-0.36156156 	-0.05 	0.091 	53.413622 	-3.1504899 	1.5432903
-0.36036036 	-0.05 	0.091 	53.41159 	-3.1457203 	1.5441606
-0.35915916 	-0.05 	0.091 	53.409349 	-3.1408726 	1.5451449
-0.35795796 	-0.05 	0.091 	53.407018 	-3.135991 	1.5461787
-0.35675676 	-0.05 	0.091 	53.404687 	-3.1311095 	1.5472125
-0.35555556 	-0.05 	0.091 	53.402355 	-3.1262279 	1.5482463
-0.35435435 	-0.05 	0.091 	53.400024 	-3.1213464 	1.5492801
-0.35315315 	-0.05 	0.091 	53.397693 	-3.1164648 	1.5503139
-0.35195195 	-0.05 	0.091 	53.395362 	-3.1115833 	1.5513477
-0.35075075 	-0.05 	0.091 	53.393031 	-3.1067017 	1.5523815
-0.34954955 	-0.05 	0.091 	53.3907 	-3.1018202 	1.5534153
-0.34834835 	-0.05 	0.091 	53.388369 	-3.0969386 	1.5544491
-0.34714715 	-0.05 	0.091 	53.386037 	-3.0920571 	1.5554829
-0.34594595 	-0.05 	0.091 	53.383706 	-3.0871755 	1.5565167
-0.34474474 	-0.05 	0.091 	53.381375 	-3.082294 	1.5575505
-0.34354354 	-0.05 	0.091 	53.379055 	-3.077411 	1.5585174
-0.34234234 	-0.05 	0.091 	53.37678 	-3.0725225 	1.5592105
-0.34114114 	-0.05 	0.091 	53.374433 	-3.0677348 	1.5599571
-0.33993994 	-0.05 	0.091 	53.371934 	-3.0631634 	1.5608188
-0.33873874 	-0.05 	0.091 	53.369435 	-3.0585921 	1.5616804
-0.33753754 	-0.05 	0.091 	53.366936 	-3.0540207 	1.562542
-0.33633634 	-0.05 	0.091 	53.364437 	-3.0494493 	1.5634037
-0.33513514 	-0.05 	0.091 	53.362033 	-3.0447959 	1.5642579
-0.33393393 	-0.05 	0.091 	53.359813 	-3.0399857 	1.5650981
-0.33273273 	-0.05 	0.091 	53.357592 	-3.0351756 	1.5659383
-0.33153153 	-0.05 	0.091 	53.355371 	-3.0303654 	1.5667784
-0.33033033 	-0.05 	0.091 	53.35315 	-3.0255552 	1.5676186
-0.32912913 	-0.05 	0.091 	53.350523 	-3.0208796 	1.5685088
-0.32792793 	-0.05 	0.091 	53.347317 	-3.0163956 	1.5694701
-0.32672673 	-0.05 	0.091 	53.34411 	-3.0119116 	1.5704314
-0.32552553 	-0.05 	0.091 	53.340904 	-3.0074276 	1.5713928
-0.32432432 	-0.05 	0.091 	53.337698 	-3.0029435 	1.5723541
-0.32312312 	-0.05 	0.091 	53.334491 	-2.9984595 	1.5733155
-0.32192192 	-0.05 	0.091 	53.331285 	-2.9939755 	1.5742768
-0.32072072 	-0.05 	0.091 	53.328079 	-2.9894915 	1.5752381
-0.31951952 	-0.05 	0.091 	53.324872 	-2.9850075 	1.5761995
-0.31831832 	-0.05 	0.091 	53.321666 	-2.9805234 	1.5771608
-0.31711712 	-0.05 	0.091 	53.31846 	-2.9760394 	1.5781222
-0.31591592 	-0.05 	0.091 	53.315253 	-2.9715554 	1.5790835
-0.31471471 	-0.05 	0.091 	53.312047 	-2.9670714 	1.5800448
-0.31351351 	-0.05 	0.091 	53.308841 	-2.9625873 	1.5810062
-0.31231231 	-0.05 	0.091 	53.305688 	-2.9580999 	1.5817095
-0.31111111 	-0.05 	0.091 	53.302548 	-2.9536116 	1.5823541
-0.30990991 	-0.05 	0.091 	53.298904 	-2.9494246 	1.5830972
-0.30870871 	-0.05 	0.091 	53.295144 	-2.9453079 	1.5838632
-0.30750751 	-0.05 	0.091 	53.291383 	-2.9411912 	1.5846293
-0.30630631 	-0.05 	0.091 	53.287622 	-2.9370746 	1.5853954
-0.30510511 	-0.05 	0.091 	53.283862 	-2.9329579 	1.5861614
-0.3039039 	-0.05 	0.091 	53.280719 	-2.9290461 	1.5869367
-0.3027027 	-0.05 	0.091 	53.277601 	-2.9251424 	1.5877123
-0.3015015 	-0.05 	0.091 	53.274483 	-2.9212387 	1.5884879
-0.3003003 	-0.05 	0.091 	53.271365 	-2.917335 	1.5892635
-0.2990991 	-0.05 	0.091 	53.268064 	-2.9134094 	1.5900544
-0.2978979 	-0.05 	0.091 	53.263611 	-2.9093451 	1.5909415
-0.2966967 	-0.05 	0.091 	53.259158 	-2.9052809 	1.5918285
-0.2954955 	-0.05 	0.091 	53.254705 	-2.9012167 	1.5927156
-0.29429429 	-0.05 	0.091 	53.250252 	-2.8971525 	1.5936026
-0.29309309 	-0.05 	0.091 	53.245799 	-2.8930883 	1.5944897
-0.29189189 	-0.05 	0.091 	53.241346 	-2.889024 	1.5953767
-0.29069069 	-0.05 	0.091 	53.236893 	-2.8849598 	1.5962638
-0.28948949 	-0.05 	0.091 	53.23244 	-2.8808956 	1.5971508
-0.28828829 	-0.05 	0.091 	53.227987 	-2.8768314 	1.5980379
-0.28708709 	-0.05 	0.091 	53.223533 	-2.8727672 	1.598925
-0.28588589 	-0.05 	0.091 	53.21908 	-2.8687029 	1.599812
-0.28468468 	-0.05 	0.091 	53.214627 	-2.8646387 	1.6006991
-0.28348348 	-0.05 	0.091 	53.210174 	-2.8605745 	1.6015861
-0.28228228 	-0.05 	0.091 	53.205753 	-2.8565073 	1.6023472
-0.28108108 	-0.05 	0.091 	53.201373 	-2.8524362 	1.6029419
-0.27987988 	-0.05 	0.091 	53.196618 	-2.848291 	1.6035869
-0.27867868 	-0.05 	0.091 	53.191307 	-2.8440362 	1.6043064
-0.27747748 	-0.05 	0.091 	53.185996 	-2.8397814 	1.6050259
-0.27627628 	-0.05 	0.091 	53.180686 	-2.8355266 	1.6057454
-0.27507508 	-0.05 	0.091 	53.175375 	-2.8312718 	1.606465
-0.27387387 	-0.05 	0.091 	53.170538 	-2.8278876 	1.6071959
-0.27267267 	-0.05 	0.091 	53.166048 	-2.825144 	1.6079352
-0.27147147 	-0.05 	0.091 	53.161559 	-2.8224005 	1.6086746
-0.27027027 	-0.05 	0.091 	53.157069 	-2.8196569 	1.6094139
-0.26906907 	-0.05 	0.091 	53.152579 	-2.8169133 	1.6101532
-0.26786787 	-0.05 	0.091 	53.14711 	-2.8132733 	1.610941
-0.26666667 	-0.05 	0.091 	53.141323 	-2.8093432 	1.6117445
-0.26546547 	-0.05 	0.091 	53.135536 	-2.8054131 	1.612548
-0.26426426 	-0.05 	0.091 	53.129748 	-2.8014829 	1.6133514
-0.26306306 	-0.05 	0.091 	53.123961 	-2.7975528 	1.6141549
-0.26186186 	-0.05 	0.091 	53.118174 	-2.7936227 	1.6149584
-0.26066066 	-0.05 	0.091 	53.112387 	-2.7896926 	1.6157619
-0.25945946 	-0.05 	0.091 	53.1066 	-2.7857624 	1.6165653
-0.25825826 	-0.05 	0.091 	53.100813 	-2.7818323 	1.6173688
-0.25705706 	-0.05 	0.091 	53.095026 	-2.7779022 	1.6181723
-0.25585586 	-0.05 	0.091 	53.089239 	-2.7739721 	1.6189758
-0.25465465 	-0.05 	0.091 	53.083452 	-2.770042 	1.6197793
-0.25345345 	-0.05 	0.091 	53.077665 	-2.7661118 	1.6205827
-0.25225225 	-0.05 	0.091 	53.071882 	-2.7621817 	1.6213736
-0.25105105 	-0.05 	0.091 	53.06618 	-2.7582507 	1.6219089
-0.24984985 	-0.05 	0.091 	53.060477 	-2.7543196 	1.6224441
-0.24864865 	-0.05 	0.091 	53.053746 	-2.7498133 	1.6230516
-0.24744745 	-0.05 	0.091 	53.047004 	-2.7453013 	1.6236598
-0.24624625 	-0.05 	0.091 	53.040263 	-2.7407893 	1.624268
-0.24504505 	-0.05 	0.091 	53.033521 	-2.7362773 	1.6248761
-0.24384384 	-0.05 	0.091 	53.027005 	-2.7320358 	1.6254935
-0.24264264 	-0.05 	0.091 	53.021428 	-2.7289218 	1.6261491
-0.24144144 	-0.05 	0.091 	53.01585 	-2.7258078 	1.6268048
-0.24024024 	-0.05 	0.091 	53.010273 	-2.7226938 	1.6274604
-0.23903904 	-0.05 	0.091 	53.004696 	-2.7195798 	1.628116
-0.23783784 	-0.05 	0.091 	52.998432 	-2.715937 	1.6287942
-0.23663664 	-0.05 	0.091 	52.991225 	-2.7115678 	1.6295034
-0.23543544 	-0.05 	0.091 	52.984019 	-2.7071986 	1.6302126
-0.23423423 	-0.05 	0.091 	52.976812 	-2.7028294 	1.6309218
-0.23303303 	-0.05 	0.091 	52.969605 	-2.6984601 	1.631631
-0.23183183 	-0.05 	0.091 	52.962398 	-2.6940909 	1.6323402
-0.23063063 	-0.05 	0.091 	52.955192 	-2.6897217 	1.6330494
-0.22942943 	-0.05 	0.091 	52.947985 	-2.6853525 	1.6337586
-0.22822823 	-0.05 	0.091 	52.940778 	-2.6809833 	1.6344678
-0.22702703 	-0.05 	0.091 	52.933572 	-2.676614 	1.635177
-0.22582583 	-0.05 	0.091 	52.926365 	-2.6722448 	1.6358862
-0.22462462 	-0.05 	0.091 	52.919158 	-2.6678756 	1.6365954
-0.22342342 	-0.05 	0.091 	52.911952 	-2.6635064 	1.6373046
-0.22222222 	-0.05 	0.091 	52.904745 	-2.6591372 	1.6380138
-0.22102102 	-0.05 	0.091 	52.897599 	-2.6547779 	1.638564
-0.21981982 	-0.05 	0.091 	52.890483 	-2.6504237 	1.6390337
-0.21861862 	-0.05 	0.091 	52.88269 	-2.6456975 	1.639535
-0.21741742 	-0.05 	0.091 	52.874281 	-2.6406328 	1.6400651
-0.21621622 	-0.05 	0.091 	52.865871 	-2.6355681 	1.6405953
-0.21501502 	-0.05 	0.091 	52.857462 	-2.6305034 	1.6411255
-0.21381381 	-0.05 	0.091 	52.849052 	-2.6254386 	1.6416557
-0.21261261 	-0.05 	0.091 	52.842004 	-2.6210496 	1.6422451
-0.21141141 	-0.05 	0.091 	52.835274 	-2.6168192 	1.6428484
-0.21021021 	-0.05 	0.091 	52.828544 	-2.6125888 	1.6434518
-0.20900901 	-0.05 	0.091 	52.821814 	-2.6083584 	1.6440551
-0.20780781 	-0.05 	0.091 	52.814805 	-2.6040635 	1.64466
-0.20660661 	-0.05 	0.091 	52.806046 	-2.5993655 	1.6452744
-0.20540541 	-0.05 	0.091 	52.797288 	-2.5946675 	1.6458889
-0.2042042 	-0.05 	0.091 	52.788529 	-2.5899696 	1.6465034
-0.203003 	-0.05 	0.091 	52.779771 	-2.5852716 	1.6471178
-0.2018018 	-0.05 	0.091 	52.771012 	-2.5805737 	1.6477323
-0.2006006 	-0.05 	0.091 	52.762254 	-2.5758757 	1.6483467
-0.1993994 	-0.05 	0.091 	52.753495 	-2.5711778 	1.6489612
-0.1981982 	-0.05 	0.091 	52.744737 	-2.5664798 	1.6495757
-0.196997 	-0.05 	0.091 	52.735978 	-2.5617818 	1.6501901
-0.1957958 	-0.05 	0.091 	52.72722 	-2.5570839 	1.6508046
-0.19459459 	-0.05 	0.091 	52.718461 	-2.5523859 	1.651419
-0.19339339 	-0.05 	0.091 	52.709702 	-2.547688 	1.6520335
-0.19219219 	-0.05 	0.091 	52.700944 	-2.54299 	1.652648
-0.19099099 	-0.05 	0.091 	52.692213 	-2.5382927 	1.6532051
-0.18978979 	-0.05 	0.091 	52.683551 	-2.5335973 	1.653614
-0.18858859 	-0.05 	0.091 	52.674861 	-2.5289094 	1.6540234
-0.18738739 	-0.05 	0.091 	52.664658 	-2.5246147 	1.6544542
-0.18618619 	-0.05 	0.091 	52.654456 	-2.52032 	1.6548849
-0.18498498 	-0.05 	0.091 	52.644254 	-2.5160254 	1.6553157
-0.18378378 	-0.05 	0.091 	52.634052 	-2.5117307 	1.6557465
-0.18258258 	-0.05 	0.091 	52.624723 	-2.5079497 	1.6562137
-0.18138138 	-0.05 	0.091 	52.616569 	-2.5048599 	1.6567301
-0.18018018 	-0.05 	0.091 	52.608414 	-2.50177 	1.6572464
-0.17897898 	-0.05 	0.091 	52.60026 	-2.4986802 	1.6577628
-0.17777778 	-0.05 	0.091 	52.592105 	-2.4955904 	1.6582791
-0.17657658 	-0.05 	0.091 	52.582277 	-2.4913741 	1.6587865
-0.17537538 	-0.05 	0.091 	52.572167 	-2.4869686 	1.6592924
-0.17417417 	-0.05 	0.091 	52.562057 	-2.482563 	1.6597982
-0.17297297 	-0.05 	0.091 	52.551947 	-2.4781575 	1.6603041
-0.17177177 	-0.05 	0.091 	52.541838 	-2.473752 	1.66081
-0.17057057 	-0.05 	0.091 	52.531728 	-2.4693465 	1.6613158
-0.16936937 	-0.05 	0.091 	52.521618 	-2.464941 	1.6618217
-0.16816817 	-0.05 	0.091 	52.511508 	-2.4605355 	1.6623275
-0.16696697 	-0.05 	0.091 	52.501398 	-2.4561299 	1.6628334
-0.16576577 	-0.05 	0.091 	52.491288 	-2.4517244 	1.6633393
-0.16456456 	-0.05 	0.091 	52.481179 	-2.4473189 	1.6638451
-0.16336336 	-0.05 	0.091 	52.471069 	-2.4429134 	1.664351
-0.16216216 	-0.05 	0.091 	52.460959 	-2.4385079 	1.6648569
-0.16096096 	-0.05 	0.091 	52.450849 	-2.4341024 	1.6653627
-0.15975976 	-0.05 	0.091 	52.440834 	-2.429693 	1.6657166
-0.15855856 	-0.05 	0.091 	52.430829 	-2.4252831 	1.6660528
-0.15735736 	-0.05 	0.091 	52.419926 	-2.420488 	1.6664003
-0.15615616 	-0.05 	0.091 	52.408456 	-2.4154497 	1.6667549
-0.15495495 	-0.05 	0.091 	52.396986 	-2.4104114 	1.6671096
-0.15375375 	-0.05 	0.091 	52.385516 	-2.4053731 	1.6674642
-0.15255255 	-0.05 	0.091 	52.37413 	-2.4004501 	1.6678211
-0.15135135 	-0.05 	0.091 	52.364671 	-2.398188 	1.6682287
-0.15015015 	-0.05 	0.091 	52.355213 	-2.395926 	1.6686363
-0.14894895 	-0.05 	0.091 	52.345754 	-2.3936639 	1.6690439
-0.14774775 	-0.05 	0.091 	52.336296 	-2.3914019 	1.6694516
-0.14654655 	-0.05 	0.091 	52.325839 	-2.3886047 	1.6698502
-0.14534535 	-0.05 	0.091 	52.314293 	-2.3852234 	1.670239
-0.14414414 	-0.05 	0.091 	52.302747 	-2.381842 	1.6706277
-0.14294294 	-0.05 	0.091 	52.291202 	-2.3784606 	1.6710165
-0.14174174 	-0.05 	0.091 	52.279656 	-2.3750792 	1.6714053
-0.14054054 	-0.05 	0.091 	52.26811 	-2.3716978 	1.6717941
-0.13933934 	-0.05 	0.091 	52.256564 	-2.3683164 	1.6721828
-0.13813814 	-0.05 	0.091 	52.245018 	-2.3649351 	1.6725716
-0.13693694 	-0.05 	0.091 	52.233472 	-2.3615537 	1.6729604
-0.13573574 	-0.05 	0.091 	52.221926 	-2.3581723 	1.6733492
-0.13453453 	-0.05 	0.091 	52.210381 	-2.3547909 	1.6737379
-0.13333333 	-0.05 	0.091 	52.198835 	-2.3514095 	1.6741267
-0.13213213 	-0.05 	0.091 	52.187289 	-2.3480281 	1.6745155
-0.13093093 	-0.05 	0.091 	52.175743 	-2.3446468 	1.6749043
-0.12972973 	-0.05 	0.091 	52.164254 	-2.3412529 	1.6752262
-0.12852853 	-0.05 	0.091 	52.152818 	-2.3378472 	1.6754838
-0.12732733 	-0.05 	0.091 	52.141089 	-2.3343143 	1.6757377
-0.12612613 	-0.05 	0.091 	52.128068 	-2.3302237 	1.6759754
-0.12492492 	-0.05 	0.091 	52.115048 	-2.3261331 	1.6762131
-0.12372372 	-0.05 	0.091 	52.102027 	-2.3220424 	1.6764508
-0.12252252 	-0.05 	0.091 	52.089006 	-2.3179518 	1.6766885
-0.12132132 	-0.05 	0.091 	52.077205 	-2.3161555 	1.6769819
-0.12012012 	-0.05 	0.091 	52.066044 	-2.3155652 	1.6773046
-0.11891892 	-0.05 	0.091 	52.054883 	-2.3149748 	1.6776272
-0.11771772 	-0.05 	0.091 	52.043722 	-2.3143845 	1.6779498
-0.11651652 	-0.05 	0.091 	52.032201 	-2.3135282 	1.6782644
-0.11531532 	-0.05 	0.091 	52.018719 	-2.311223 	1.6785346
-0.11411411 	-0.05 	0.091 	52.005238 	-2.3089178 	1.6788048
-0.11291291 	-0.05 	0.091 	51.991756 	-2.3066125 	1.679075
-0.11171171 	-0.05 	0.091 	51.978274 	-2.3043073 	1.6793453
-0.11051051 	-0.05 	0.091 	51.964793 	-2.302002 	1.6796155
-0.10930931 	-0.05 	0.091 	51.951311 	-2.2996968 	1.6798857
-0.10810811 	-0.05 	0.091 	51.937829 	-2.2973915 	1.6801559
-0.10690691 	-0.05 	0.091 	51.924348 	-2.2950863 	1.6804262
-0.10570571 	-0.05 	0.091 	51.910866 	-2.292781 	1.6806964
-0.1045045 	-0.05 	0.091 	51.897384 	-2.2904758 	1.6809666
-0.1033033 	-0.05 	0.091 	51.883903 	-2.2881705 	1.6812369
-0.1021021 	-0.05 	0.091 	51.870421 	-2.2858653 	1.6815071
-0.1009009 	-0.05 	0.091 	51.856939 	-2.28356 	1.6817773
-0.0996997 	-0.05 	0.091 	51.843474 	-2.2812502 	1.6820364
-0.098498498 	-0.05 	0.091 	51.830121 	-2.2789075 	1.6822154
-0.097297297 	-0.05 	0.091 	51.816769 	-2.2765647 	1.6823944
-0.096096096 	-0.05 	0.091 	51.802294 	-2.2733137 	1.6825508
-0.094894895 	-0.05 	0.091 	51.787311 	-2.2696529 	1.6826971
-0.093693694 	-0.05 	0.091 	51.772328 	-2.2659921 	1.6828433
-0.092492492 	-0.05 	0.091 	51.757346 	-2.2623313 	1.6829896
-0.091291291 	-0.05 	0.091 	51.742825 	-2.2597152 	1.683155
-0.09009009 	-0.05 	0.091 	51.72957 	-2.2599682 	1.6833731
-0.088888889 	-0.05 	0.091 	51.716316 	-2.2602212 	1.6835912
-0.087687688 	-0.05 	0.091 	51.703061 	-2.2604741 	1.6838093
-0.086486486 	-0.05 	0.091 	51.689807 	-2.2607271 	1.6840274
-0.085285285 	-0.05 	0.091 	51.67542 	-2.2605509 	1.6841445
-0.084084084 	-0.05 	0.091 	51.660903 	-2.2603247 	1.6842499
-0.082882883 	-0.05 	0.091 	51.646385 	-2.2600986 	1.6843552
-0.081681682 	-0.05 	0.091 	51.631867 	-2.2598724 	1.6844605
-0.08048048 	-0.05 	0.091 	51.617349 	-2.2596463 	1.6845658
-0.079279279 	-0.05 	0.091 	51.602831 	-2.2594201 	1.6846712
-0.078078078 	-0.05 	0.091 	51.588313 	-2.259194 	1.6847765
-0.076876877 	-0.05 	0.091 	51.573795 	-2.2589679 	1.6848818
-0.075675676 	-0.05 	0.091 	51.559277 	-2.2587417 	1.6849872
-0.074474474 	-0.05 	0.091 	51.544759 	-2.2585156 	1.6850925
-0.073273273 	-0.05 	0.091 	51.530241 	-2.2582894 	1.6851978
-0.072072072 	-0.05 	0.091 	51.515723 	-2.2580633 	1.6853032
-0.070870871 	-0.05 	0.091 	51.501205 	-2.2578372 	1.6854085
-0.06966967 	-0.05 	0.091 	51.486687 	-2.257611 	1.6855138
-0.068468468 	-0.05 	0.091 	51.472301 	-2.2573256 	1.6855885
-0.067267267 	-0.05 	0.091 	51.457963 	-2.2570187 	1.6856519
-0.066066066 	-0.05 	0.091 	51.44358 	-2.256708 	1.6857053
-0.064864865 	-0.05 	0.091 	51.4289 	-2.2563723 	1.6856922
-0.063663664 	-0.05 	0.091 	51.414221 	-2.2560365 	1.6856791
-0.062462462 	-0.05 	0.091 	51.399541 	-2.2557007 	1.685666
-0.061261261 	-0.05 	0.091 	51.384862 	-2.2553649 	1.6856529
-0.06006006 	-0.05 	0.091 	51.371809 	-2.2586325 	1.6857031
-0.058858859 	-0.05 	0.091 	51.358981 	-2.2623973 	1.685762
-0.057657658 	-0.05 	0.091 	51.346153 	-2.266162 	1.6858209
-0.056456456 	-0.05 	0.091 	51.333324 	-2.2699267 	1.6858798
-0.055255255 	-0.05 	0.091 	51.317885 	-2.2737102 	1.6859017
-0.054054054 	-0.05 	0.091 	51.300314 	-2.277509 	1.6858934
-0.052852853 	-0.05 	0.091 	51.282744 	-2.2813077 	1.685885
-0.051651652 	-0.05 	0.091 	51.265173 	-2.2851065 	1.6858767
-0.05045045 	-0.05 	0.091 	51.247603 	-2.2889052 	1.6858684
-0.049249249 	-0.05 	0.091 	51.230032 	-2.292704 	1.68586
-0.048048048 	-0.05 	0.091 	51.212462 	-2.2965027 	1.6858517
-0.046846847 	-0.05 	0.091 	51.194891 	-2.3003015 	1.6858434
-0.045645646 	-0.05 	0.091 	51.177321 	-2.3041002 	1.6858351
-0.044444444 	-0.05 	0.091 	51.15975 	-2.3078989 	1.6858267
-0.043243243 	-0.05 	0.091 	51.14218 	-2.3116977 	1.6858184
-0.042042042 	-0.05 	0.091 	51.124609 	-2.3154964 	1.6858101
-0.040840841 	-0.05 	0.091 	51.107039 	-2.3192952 	1.6858017
-0.03963964 	-0.05 	0.091 	51.089468 	-2.3230939 	1.6857934
-0.038438438 	-0.05 	0.091 	51.071944 	-2.3268638 	1.6857849
-0.037237237 	-0.05 	0.091 	51.054529 	-2.3305646 	1.6857761
-0.036036036 	-0.05 	0.091 	51.03685 	-2.3343252 	1.6857637
-0.034834835 	-0.05 	0.091 	51.015919 	-2.3388217 	1.6857068
-0.033633634 	-0.05 	0.091 	50.994988 	-2.3433181 	1.68565
-0.032432432 	-0.05 	0.091 	50.974056 	-2.3478145 	1.6855931
-0.031231231 	-0.05 	0.091 	50.953125 	-2.352311 	1.6855363
-0.03003003 	-0.05 	0.091 	50.932882 	-2.35816 	1.6854578
-0.028828829 	-0.05 	0.091 	50.913624 	-2.365943 	1.6853484
-0.027627628 	-0.05 	0.091 	50.894367 	-2.373726 	1.685239
-0.026426426 	-0.05 	0.091 	50.875109 	-2.381509 	1.6851296
-0.025225225 	-0.05 	0.091 	50.855851 	-2.3892921 	1.6850202
-0.024024024 	-0.05 	0.091 	50.836593 	-2.3970751 	1.6849108
-0.022822823 	-0.05 	0.091 	50.817336 	-2.4048581 	1.6848014
-0.021621622 	-0.05 	0.091 	50.799912 	-2.4130894 	1.6846612
-0.02042042 	-0.05 	0.091 	50.777621 	-2.4213465 	1.6845695
-0.019219219 	-0.05 	0.091 	50.755012 	-2.4295852 	1.6844815
-0.018018018 	-0.05 	0.091 	50.732403 	-2.437824 	1.6843935
-0.016816817 	-0.05 	0.091 	50.709793 	-2.4460628 	1.6843055
-0.015615616 	-0.05 	0.091 	50.687184 	-2.4543015 	1.6842174
-0.014414414 	-0.05 	0.091 	50.664575 	-2.4625403 	1.6841294
-0.013213213 	-0.05 	0.091 	50.643101 	-2.4711549 	1.6840155
-0.012012012 	-0.05 	0.091 	50.628402 	-2.4820132 	1.6837465
-0.010810811 	-0.05 	0.091 	50.613703 	-2.4928715 	1.6834776
-0.0096096096 	-0.05 	0.091 	50.599004 	-2.5037297 	1.6832086
-0.0084084084 	-0.05 	0.091 	50.584305 	-2.514588 	1.6829397
-0.0072072072 	-0.05 	0.091 	50.568546 	-2.5246528 	1.682742
-0.006006006 	-0.05 	0.091 	50.552554 	-2.5345424 	1.68256
-0.0048048048 	-0.05 	0.091 	50.536562 	-2.544432 	1.682378
-0.0036036036 	-0.05 	0.091 	50.520569 	-2.5543216 	1.682196
-0.0024024024 	-0.05 	0.091 	50.504577 	-2.5642112 	1.682014
-0.0012012012 	-0.05 	0.091 	50.488585 	-2.5741008 	1.681832
-7.9669259e-15 	-0.05 	0.091 	50.472592 	-2.5839904 	1.68165
