0 	0.25 	0.01 	52.995249 	-6.2488682 	-0.096008106
-0.0012012012 	0.25 	0.01 	53.00004 	-6.2610277 	-0.096034925
-0.0024024024 	0.25 	0.01 	53.00483 	-6.2731872 	-0.096061744
-0.0036036036 	0.25 	0.01 	53.009621 	-6.2853467 	-0.096088563
-0.0048048048 	0.25 	0.01 	53.014411 	-6.2975062 	-0.096115382
-0.006006006 	0.25 	0.01 	53.019202 	-6.3096657 	-0.096142201
-0.0072072072 	0.25 	0.01 	53.023993 	-6.3218252 	-0.09616902
-0.0084084084 	0.25 	0.01 	53.028783 	-6.3339847 	-0.096195839
-0.0096096096 	0.25 	0.01 	53.033574 	-6.3461442 	-0.096222658
-0.010810811 	0.25 	0.01 	53.038364 	-6.3583037 	-0.096249477
-0.012012012 	0.25 	0.01 	53.043155 	-6.3704632 	-0.096276296
-0.013213213 	0.25 	0.01 	53.047945 	-6.3826227 	-0.096303115
-0.014414414 	0.25 	0.01 	53.052736 	-6.3947822 	-0.096329934
-0.015615616 	0.25 	0.01 	53.057526 	-6.4069417 	-0.096356753
-0.016816817 	0.25 	0.01 	53.062317 	-6.4191012 	-0.096383572
-0.018018018 	0.25 	0.01 	53.069189 	-6.4303565 	-0.096395236
-0.019219219 	0.25 	0.01 	53.077663 	-6.4409159 	-0.096395236
-0.02042042 	0.25 	0.01 	53.086138 	-6.4514753 	-0.096395236
-0.021621622 	0.25 	0.01 	53.095943 	-6.4638415 	-0.096395236
-0.022822823 	0.25 	0.01 	53.106316 	-6.4769767 	-0.096395236
-0.024024024 	0.25 	0.01 	53.116688 	-6.4901119 	-0.096395236
-0.025225225 	0.25 	0.01 	53.12706 	-6.5032472 	-0.096395236
-0.026426426 	0.25 	0.01 	53.137432 	-6.5163824 	-0.096395236
-0.027627628 	0.25 	0.01 	53.147805 	-6.5295176 	-0.096395236
-0.028828829 	0.25 	0.01 	53.158177 	-6.5426528 	-0.096395236
-0.03003003 	0.25 	0.01 	53.168549 	-6.5557881 	-0.096395236
-0.031231231 	0.25 	0.01 	53.178921 	-6.5689233 	-0.096395236
-0.032432432 	0.25 	0.01 	53.189294 	-6.5820585 	-0.096395236
-0.033633634 	0.25 	0.01 	53.199666 	-6.5951937 	-0.096395236
-0.034834835 	0.25 	0.01 	53.210038 	-6.608329 	-0.096395236
-0.036036036 	0.25 	0.01 	53.22041 	-6.6214642 	-0.096395236
-0.037237237 	0.25 	0.01 	53.230783 	-6.6345994 	-0.096395236
-0.038438438 	0.25 	0.01 	53.241155 	-6.6477347 	-0.096395236
-0.03963964 	0.25 	0.01 	53.251527 	-6.6608699 	-0.096395236
-0.040840841 	0.25 	0.01 	53.261899 	-6.6740051 	-0.096395236
-0.042042042 	0.25 	0.01 	53.273066 	-6.6868467 	-0.096430723
-0.043243243 	0.25 	0.01 	53.287083 	-6.6986349 	-0.096593518
-0.044444444 	0.25 	0.01 	53.3011 	-6.7104232 	-0.096756312
-0.045645646 	0.25 	0.01 	53.315117 	-6.7222114 	-0.096919107
-0.046846847 	0.25 	0.01 	53.329134 	-6.7339997 	-0.097081902
-0.048048048 	0.25 	0.01 	53.343151 	-6.7457879 	-0.097244697
-0.049249249 	0.25 	0.01 	53.357169 	-6.7575762 	-0.097407491
-0.05045045 	0.25 	0.01 	53.371186 	-6.7693644 	-0.097570286
-0.051651652 	0.25 	0.01 	53.385203 	-6.7811527 	-0.097733081
-0.052852853 	0.25 	0.01 	53.39922 	-6.7929409 	-0.097895876
-0.054054054 	0.25 	0.01 	53.413237 	-6.8047291 	-0.09805867
-0.055255255 	0.25 	0.01 	53.427254 	-6.8165174 	-0.098221465
-0.056456456 	0.25 	0.01 	53.441271 	-6.8283056 	-0.09838426
-0.057657658 	0.25 	0.01 	53.455288 	-6.8400939 	-0.098547055
-0.058858859 	0.25 	0.01 	53.469305 	-6.8518821 	-0.098709849
-0.06006006 	0.25 	0.01 	53.483322 	-6.8636704 	-0.098872644
-0.061261261 	0.25 	0.01 	53.496194 	-6.8787418 	-0.098847037
-0.062462462 	0.25 	0.01 	53.509023 	-6.8939359 	-0.098814393
-0.063663664 	0.25 	0.01 	53.521853 	-6.9091301 	-0.098781749
-0.064864865 	0.25 	0.01 	53.534682 	-6.9243242 	-0.098749104
-0.066066066 	0.25 	0.01 	53.547511 	-6.9395183 	-0.09871646
-0.067267267 	0.25 	0.01 	53.56034 	-6.9547124 	-0.098683816
-0.068468468 	0.25 	0.01 	53.57317 	-6.9699065 	-0.098651171
-0.06966967 	0.25 	0.01 	53.585999 	-6.9851006 	-0.098618527
-0.070870871 	0.25 	0.01 	53.598828 	-7.0002947 	-0.098585883
-0.072072072 	0.25 	0.01 	53.611657 	-7.0154888 	-0.098553239
-0.073273273 	0.25 	0.01 	53.624486 	-7.0306829 	-0.098520594
-0.074474474 	0.25 	0.01 	53.637316 	-7.045877 	-0.09848795
-0.075675676 	0.25 	0.01 	53.650145 	-7.0610711 	-0.098455306
-0.076876877 	0.25 	0.01 	53.662974 	-7.0762652 	-0.098422661
-0.078078078 	0.25 	0.01 	53.675803 	-7.0914593 	-0.098390017
-0.079279279 	0.25 	0.01 	53.689304 	-7.1049769 	-0.098381446
-0.08048048 	0.25 	0.01 	53.703043 	-7.1178974 	-0.098381446
-0.081681682 	0.25 	0.01 	53.716783 	-7.130818 	-0.098381446
-0.082882883 	0.25 	0.01 	53.730522 	-7.1437386 	-0.098381446
-0.084084084 	0.25 	0.01 	53.744262 	-7.1566591 	-0.098381446
-0.085285285 	0.25 	0.01 	53.758001 	-7.1695797 	-0.098381446
-0.086486486 	0.25 	0.01 	53.771741 	-7.1825003 	-0.098381446
-0.087687688 	0.25 	0.01 	53.78548 	-7.1954208 	-0.098381446
-0.088888889 	0.25 	0.01 	53.799219 	-7.2083414 	-0.098381446
-0.09009009 	0.25 	0.01 	53.812959 	-7.221262 	-0.098381446
-0.091291291 	0.25 	0.01 	53.826698 	-7.2341825 	-0.098381446
-0.092492492 	0.25 	0.01 	53.840438 	-7.2471031 	-0.098381446
-0.093693694 	0.25 	0.01 	53.854177 	-7.2600237 	-0.098381446
-0.094894895 	0.25 	0.01 	53.867917 	-7.2729442 	-0.098381446
-0.096096096 	0.25 	0.01 	53.881656 	-7.2858648 	-0.098381446
-0.097297297 	0.25 	0.01 	53.895396 	-7.2987854 	-0.098381446
-0.098498498 	0.25 	0.01 	53.909135 	-7.3117059 	-0.098381446
-0.0996997 	0.25 	0.01 	53.922875 	-7.3246265 	-0.098381446
-0.1009009 	0.25 	0.01 	53.936691 	-7.3364771 	-0.098381446
-0.1021021 	0.25 	0.01 	53.950512 	-7.3482664 	-0.098381446
-0.1033033 	0.25 	0.01 	53.964732 	-7.3590684 	-0.098417126
-0.1045045 	0.25 	0.01 	53.979473 	-7.3685861 	-0.098499218
-0.10570571 	0.25 	0.01 	53.994213 	-7.3781038 	-0.098581309
-0.10690691 	0.25 	0.01 	54.008953 	-7.3876216 	-0.098663401
-0.10810811 	0.25 	0.01 	54.023694 	-7.3971393 	-0.098745492
-0.10930931 	0.25 	0.01 	54.038434 	-7.4066571 	-0.098827583
-0.11051051 	0.25 	0.01 	54.053175 	-7.4161748 	-0.098909675
-0.11171171 	0.25 	0.01 	54.067915 	-7.4256926 	-0.098991766
-0.11291291 	0.25 	0.01 	54.082655 	-7.4352103 	-0.099073857
-0.11411411 	0.25 	0.01 	54.097396 	-7.4447281 	-0.099155949
-0.11531532 	0.25 	0.01 	54.112136 	-7.4542458 	-0.09923804
-0.11651652 	0.25 	0.01 	54.126876 	-7.4637636 	-0.099320132
-0.11771772 	0.25 	0.01 	54.141617 	-7.4732813 	-0.099402223
-0.11891892 	0.25 	0.01 	54.156357 	-7.4827991 	-0.099484314
-0.12012012 	0.25 	0.01 	54.171097 	-7.4923168 	-0.099566406
-0.12132132 	0.25 	0.01 	54.185709 	-7.5023448 	-0.09963791
-0.12252252 	0.25 	0.01 	54.199833 	-7.514317 	-0.099669075
-0.12372372 	0.25 	0.01 	54.213957 	-7.5262893 	-0.099700239
-0.12492492 	0.25 	0.01 	54.22808 	-7.5382615 	-0.099731403
-0.12612613 	0.25 	0.01 	54.242204 	-7.5502337 	-0.099762567
-0.12732733 	0.25 	0.01 	54.256327 	-7.562206 	-0.099793732
-0.12852853 	0.25 	0.01 	54.270451 	-7.5741782 	-0.099824896
-0.12972973 	0.25 	0.01 	54.284574 	-7.5861504 	-0.09985606
-0.13093093 	0.25 	0.01 	54.298698 	-7.5981227 	-0.099887225
-0.13213213 	0.25 	0.01 	54.312821 	-7.6100949 	-0.099918389
-0.13333333 	0.25 	0.01 	54.326945 	-7.6220671 	-0.099949553
-0.13453453 	0.25 	0.01 	54.341068 	-7.6340393 	-0.099980717
-0.13573574 	0.25 	0.01 	54.355192 	-7.6460116 	-0.10001188
-0.13693694 	0.25 	0.01 	54.369316 	-7.6579838 	-0.10004305
-0.13813814 	0.25 	0.01 	54.383439 	-7.669956 	-0.10007421
-0.13933934 	0.25 	0.01 	54.397563 	-7.6819283 	-0.10010537
-0.14054054 	0.25 	0.01 	54.41395 	-7.6934963 	-0.10010564
-0.14174174 	0.25 	0.01 	54.430357 	-7.7050609 	-0.10010564
-0.14294294 	0.25 	0.01 	54.446875 	-7.7165839 	-0.10010564
-0.14414414 	0.25 	0.01 	54.463458 	-7.7280833 	-0.10010564
-0.14534535 	0.25 	0.01 	54.48004 	-7.7395828 	-0.10010564
-0.14654655 	0.25 	0.01 	54.496623 	-7.7510822 	-0.10010564
-0.14774775 	0.25 	0.01 	54.513205 	-7.7625817 	-0.10010564
-0.14894895 	0.25 	0.01 	54.529788 	-7.7740811 	-0.10010564
-0.15015015 	0.25 	0.01 	54.54637 	-7.7855806 	-0.10010564
-0.15135135 	0.25 	0.01 	54.562952 	-7.79708 	-0.10010564
-0.15255255 	0.25 	0.01 	54.579535 	-7.8085795 	-0.10010564
-0.15375375 	0.25 	0.01 	54.596117 	-7.8200789 	-0.10010564
-0.15495495 	0.25 	0.01 	54.6127 	-7.8315784 	-0.10010564
-0.15615616 	0.25 	0.01 	54.629282 	-7.8430778 	-0.10010564
-0.15735736 	0.25 	0.01 	54.645865 	-7.8545773 	-0.10010564
-0.15855856 	0.25 	0.01 	54.662447 	-7.8660767 	-0.10010564
-0.15975976 	0.25 	0.01 	54.679029 	-7.8775762 	-0.10010564
-0.16096096 	0.25 	0.01 	54.695612 	-7.8890756 	-0.10010564
-0.16216216 	0.25 	0.01 	54.712194 	-7.9005751 	-0.10010564
-0.16336336 	0.25 	0.01 	54.728777 	-7.9120745 	-0.10010564
-0.16456456 	0.25 	0.01 	54.74695 	-7.9232864 	-0.10019261
-0.16576577 	0.25 	0.01 	54.765803 	-7.9343753 	-0.10031674
-0.16696697 	0.25 	0.01 	54.784656 	-7.9454643 	-0.10044087
-0.16816817 	0.25 	0.01 	54.803509 	-7.9565533 	-0.100565
-0.16936937 	0.25 	0.01 	54.822362 	-7.9676422 	-0.10068914
-0.17057057 	0.25 	0.01 	54.841214 	-7.9787312 	-0.10081327
-0.17177177 	0.25 	0.01 	54.860067 	-7.9898202 	-0.1009374
-0.17297297 	0.25 	0.01 	54.87892 	-8.0009091 	-0.10106153
-0.17417417 	0.25 	0.01 	54.897773 	-8.0119981 	-0.10118567
-0.17537538 	0.25 	0.01 	54.916626 	-8.0230871 	-0.1013098
-0.17657658 	0.25 	0.01 	54.935479 	-8.034176 	-0.10143393
-0.17777778 	0.25 	0.01 	54.954332 	-8.045265 	-0.10155806
-0.17897898 	0.25 	0.01 	54.973185 	-8.056354 	-0.1016822
-0.18018018 	0.25 	0.01 	54.992038 	-8.0674429 	-0.10180633
-0.18138138 	0.25 	0.01 	55.010891 	-8.0785319 	-0.10193046
-0.18258258 	0.25 	0.01 	55.029776 	-8.0901074 	-0.10198018
-0.18378378 	0.25 	0.01 	55.048696 	-8.1022079 	-0.10194963
-0.18498498 	0.25 	0.01 	55.067616 	-8.1143083 	-0.10191908
-0.18618619 	0.25 	0.01 	55.086535 	-8.1264087 	-0.10188853
-0.18738739 	0.25 	0.01 	55.105455 	-8.1385092 	-0.10185798
-0.18858859 	0.25 	0.01 	55.124375 	-8.1506096 	-0.10182743
-0.18978979 	0.25 	0.01 	55.143295 	-8.16271 	-0.10179688
-0.19099099 	0.25 	0.01 	55.162215 	-8.1748104 	-0.10176633
-0.19219219 	0.25 	0.01 	55.181135 	-8.1869109 	-0.10173578
-0.19339339 	0.25 	0.01 	55.200055 	-8.1990113 	-0.10170523
-0.19459459 	0.25 	0.01 	55.218974 	-8.2111117 	-0.10167468
-0.1957958 	0.25 	0.01 	55.237894 	-8.2232122 	-0.10164413
-0.196997 	0.25 	0.01 	55.256814 	-8.2353126 	-0.10161358
-0.1981982 	0.25 	0.01 	55.275734 	-8.247413 	-0.10158303
-0.1993994 	0.25 	0.01 	55.294654 	-8.2595134 	-0.10155248
-0.2006006 	0.25 	0.01 	55.313571 	-8.2712449 	-0.10152978
-0.2018018 	0.25 	0.01 	55.332483 	-8.2819107 	-0.10152978
-0.203003 	0.25 	0.01 	55.351394 	-8.2925766 	-0.10152978
-0.2042042 	0.25 	0.01 	55.370305 	-8.3032425 	-0.10152978
-0.20540541 	0.25 	0.01 	55.389217 	-8.3139083 	-0.10152978
-0.20660661 	0.25 	0.01 	55.408128 	-8.3245742 	-0.10152978
-0.20780781 	0.25 	0.01 	55.427039 	-8.3352401 	-0.10152978
-0.20900901 	0.25 	0.01 	55.445951 	-8.3459059 	-0.10152978
-0.21021021 	0.25 	0.01 	55.464862 	-8.3565718 	-0.10152978
-0.21141141 	0.25 	0.01 	55.483773 	-8.3672377 	-0.10152978
-0.21261261 	0.25 	0.01 	55.502685 	-8.3779035 	-0.10152978
-0.21381381 	0.25 	0.01 	55.521596 	-8.3885694 	-0.10152978
-0.21501502 	0.25 	0.01 	55.540507 	-8.3992353 	-0.10152978
-0.21621622 	0.25 	0.01 	55.559418 	-8.4099011 	-0.10152978
-0.21741742 	0.25 	0.01 	55.57833 	-8.420567 	-0.10152978
-0.21861862 	0.25 	0.01 	55.597241 	-8.4312329 	-0.10152978
-0.21981982 	0.25 	0.01 	55.616152 	-8.4418987 	-0.10152978
-0.22102102 	0.25 	0.01 	55.635064 	-8.4525646 	-0.10152978
-0.22222222 	0.25 	0.01 	55.653975 	-8.4632305 	-0.10152978
-0.22342342 	0.25 	0.01 	55.672862 	-8.4733454 	-0.10152978
-0.22462462 	0.25 	0.01 	55.691748 	-8.4834494 	-0.10152978
-0.22582583 	0.25 	0.01 	55.710632 	-8.4921743 	-0.10156339
-0.22702703 	0.25 	0.01 	55.729515 	-8.5008389 	-0.10159846
-0.22822823 	0.25 	0.01 	55.748399 	-8.5095034 	-0.10163354
-0.22942943 	0.25 	0.01 	55.767282 	-8.5181679 	-0.10166861
-0.23063063 	0.25 	0.01 	55.786165 	-8.5268325 	-0.10170369
-0.23183183 	0.25 	0.01 	55.805049 	-8.535497 	-0.10173877
-0.23303303 	0.25 	0.01 	55.823932 	-8.5441615 	-0.10177384
-0.23423423 	0.25 	0.01 	55.842816 	-8.5528261 	-0.10180892
-0.23543544 	0.25 	0.01 	55.861699 	-8.5614906 	-0.10184399
-0.23663664 	0.25 	0.01 	55.880583 	-8.5701551 	-0.10187907
-0.23783784 	0.25 	0.01 	55.899466 	-8.5788197 	-0.10191414
-0.23903904 	0.25 	0.01 	55.918349 	-8.5874842 	-0.10194922
-0.24024024 	0.25 	0.01 	55.937233 	-8.5961487 	-0.1019843
-0.24144144 	0.25 	0.01 	55.956116 	-8.6048133 	-0.10201937
-0.24264264 	0.25 	0.01 	55.975 	-8.6134778 	-0.10205445
-0.24384384 	0.25 	0.01 	55.994699 	-8.6224823 	-0.10207657
-0.24504505 	0.25 	0.01 	56.014694 	-8.6316106 	-0.10209398
-0.24624625 	0.25 	0.01 	56.03469 	-8.6407389 	-0.10211139
-0.24744745 	0.25 	0.01 	56.054685 	-8.6498672 	-0.1021288
-0.24864865 	0.25 	0.01 	56.074681 	-8.6589955 	-0.10214622
-0.24984985 	0.25 	0.01 	56.094677 	-8.6681238 	-0.10216363
-0.25105105 	0.25 	0.01 	56.114672 	-8.6772521 	-0.10218104
-0.25225225 	0.25 	0.01 	56.134668 	-8.6863803 	-0.10219845
-0.25345345 	0.25 	0.01 	56.154663 	-8.6955086 	-0.10221586
-0.25465465 	0.25 	0.01 	56.174659 	-8.7046369 	-0.10223327
-0.25585586 	0.25 	0.01 	56.194655 	-8.7137652 	-0.10225068
-0.25705706 	0.25 	0.01 	56.21465 	-8.7228935 	-0.10226809
-0.25825826 	0.25 	0.01 	56.234646 	-8.7320218 	-0.1022855
-0.25945946 	0.25 	0.01 	56.254642 	-8.7411501 	-0.10230291
-0.26066066 	0.25 	0.01 	56.274637 	-8.7502784 	-0.10232032
-0.26186186 	0.25 	0.01 	56.295041 	-8.7598916 	-0.10232882
-0.26306306 	0.25 	0.01 	56.315835 	-8.7699667 	-0.10232882
-0.26426426 	0.25 	0.01 	56.336608 	-8.7798283 	-0.10232882
-0.26546547 	0.25 	0.01 	56.357371 	-8.7895762 	-0.10232882
-0.26666667 	0.25 	0.01 	56.378134 	-8.7993241 	-0.10232882
-0.26786787 	0.25 	0.01 	56.398896 	-8.809072 	-0.10232882
-0.26906907 	0.25 	0.01 	56.419659 	-8.8188198 	-0.10232882
-0.27027027 	0.25 	0.01 	56.440421 	-8.8285677 	-0.10232882
-0.27147147 	0.25 	0.01 	56.461184 	-8.8383156 	-0.10232882
-0.27267267 	0.25 	0.01 	56.481947 	-8.8480634 	-0.10232882
-0.27387387 	0.25 	0.01 	56.502709 	-8.8578113 	-0.10232882
-0.27507508 	0.25 	0.01 	56.523472 	-8.8675592 	-0.10232882
-0.27627628 	0.25 	0.01 	56.544235 	-8.8773071 	-0.10232882
-0.27747748 	0.25 	0.01 	56.564997 	-8.8870549 	-0.10232882
-0.27867868 	0.25 	0.01 	56.58576 	-8.8968028 	-0.10232882
-0.27987988 	0.25 	0.01 	56.606523 	-8.9065507 	-0.10232882
-0.28108108 	0.25 	0.01 	56.627285 	-8.9162985 	-0.10232882
-0.28228228 	0.25 	0.01 	56.648048 	-8.9260464 	-0.10232882
-0.28348348 	0.25 	0.01 	56.66881 	-8.9357943 	-0.10232882
-0.28468468 	0.25 	0.01 	56.689573 	-8.9455422 	-0.10232882
-0.28588589 	0.25 	0.01 	56.710508 	-8.9554941 	-0.10235641
-0.28708709 	0.25 	0.01 	56.732061 	-8.9661807 	-0.10248333
-0.28828829 	0.25 	0.01 	56.753614 	-8.9768672 	-0.10261024
-0.28948949 	0.25 	0.01 	56.775167 	-8.9875538 	-0.10273716
-0.29069069 	0.25 	0.01 	56.79672 	-8.9982403 	-0.10286407
-0.29189189 	0.25 	0.01 	56.818273 	-9.0089269 	-0.10299099
-0.29309309 	0.25 	0.01 	56.839826 	-9.0196134 	-0.1031179
-0.29429429 	0.25 	0.01 	56.86138 	-9.0303 	-0.10324482
-0.2954955 	0.25 	0.01 	56.882933 	-9.0409866 	-0.10337174
-0.2966967 	0.25 	0.01 	56.904486 	-9.0516731 	-0.10349865
-0.2978979 	0.25 	0.01 	56.926039 	-9.0623597 	-0.10362557
-0.2990991 	0.25 	0.01 	56.947592 	-9.0730462 	-0.10375248
-0.3003003 	0.25 	0.01 	56.969145 	-9.0837328 	-0.1038794
-0.3015015 	0.25 	0.01 	56.990698 	-9.0944193 	-0.10400631
-0.3027027 	0.25 	0.01 	57.012251 	-9.1051059 	-0.10413323
-0.3039039 	0.25 	0.01 	57.033805 	-9.1157924 	-0.10426014
-0.30510511 	0.25 	0.01 	57.058438 	-9.125216 	-0.10423998
-0.30630631 	0.25 	0.01 	57.083083 	-9.1346349 	-0.10421925
-0.30750751 	0.25 	0.01 	57.107728 	-9.1440537 	-0.10419853
-0.30870871 	0.25 	0.01 	57.132373 	-9.1534725 	-0.1041778
-0.30990991 	0.25 	0.01 	57.157019 	-9.1628914 	-0.10415708
-0.31111111 	0.25 	0.01 	57.181664 	-9.1723102 	-0.10413635
-0.31231231 	0.25 	0.01 	57.206309 	-9.181729 	-0.10411563
-0.31351351 	0.25 	0.01 	57.230954 	-9.1911479 	-0.10409491
-0.31471471 	0.25 	0.01 	57.255599 	-9.2005667 	-0.10407418
-0.31591592 	0.25 	0.01 	57.280244 	-9.2099855 	-0.10405346
-0.31711712 	0.25 	0.01 	57.304889 	-9.2194043 	-0.10403273
-0.31831832 	0.25 	0.01 	57.329534 	-9.2288232 	-0.10401201
-0.31951952 	0.25 	0.01 	57.354179 	-9.238242 	-0.10399128
-0.32072072 	0.25 	0.01 	57.378825 	-9.2476608 	-0.10397056
-0.32192192 	0.25 	0.01 	57.40347 	-9.2570797 	-0.10394984
-0.32312312 	0.25 	0.01 	57.427016 	-9.2663089 	-0.10394507
-0.32432432 	0.25 	0.01 	57.450234 	-9.2754816 	-0.10394507
-0.32552553 	0.25 	0.01 	57.473453 	-9.2846543 	-0.10394507
-0.32672673 	0.25 	0.01 	57.496671 	-9.293827 	-0.10394507
-0.32792793 	0.25 	0.01 	57.519889 	-9.3029998 	-0.10394507
-0.32912913 	0.25 	0.01 	57.543107 	-9.3121725 	-0.10394507
-0.33033033 	0.25 	0.01 	57.566326 	-9.3213452 	-0.10394507
-0.33153153 	0.25 	0.01 	57.589544 	-9.3305179 	-0.10394507
-0.33273273 	0.25 	0.01 	57.612762 	-9.3396906 	-0.10394507
-0.33393393 	0.25 	0.01 	57.635981 	-9.3488633 	-0.10394507
-0.33513514 	0.25 	0.01 	57.659199 	-9.358036 	-0.10394507
-0.33633634 	0.25 	0.01 	57.682417 	-9.3672087 	-0.10394507
-0.33753754 	0.25 	0.01 	57.705636 	-9.3763814 	-0.10394507
-0.33873874 	0.25 	0.01 	57.728854 	-9.3855541 	-0.10394507
-0.33993994 	0.25 	0.01 	57.752072 	-9.3947268 	-0.10394507
-0.34114114 	0.25 	0.01 	57.775291 	-9.4038995 	-0.10394507
-0.34234234 	0.25 	0.01 	57.798509 	-9.4130722 	-0.10394507
-0.34354354 	0.25 	0.01 	57.821727 	-9.4222449 	-0.10394507
-0.34474474 	0.25 	0.01 	57.844945 	-9.4314176 	-0.10394507
-0.34594595 	0.25 	0.01 	57.868775 	-9.4400605 	-0.10394507
-0.34714715 	0.25 	0.01 	57.891941 	-9.4485683 	-0.10394182
-0.34834835 	0.25 	0.01 	57.91433 	-9.4569449 	-0.10393489
-0.34954955 	0.25 	0.01 	57.936718 	-9.4653215 	-0.10392797
-0.35075075 	0.25 	0.01 	57.959107 	-9.4736981 	-0.10392104
-0.35195195 	0.25 	0.01 	57.981496 	-9.4820747 	-0.10391411
-0.35315315 	0.25 	0.01 	58.003885 	-9.4904513 	-0.10390718
-0.35435435 	0.25 	0.01 	58.026274 	-9.4988279 	-0.10390026
-0.35555556 	0.25 	0.01 	58.048663 	-9.5072045 	-0.10389333
-0.35675676 	0.25 	0.01 	58.071052 	-9.5155811 	-0.1038864
-0.35795796 	0.25 	0.01 	58.09344 	-9.5239577 	-0.10387947
-0.35915916 	0.25 	0.01 	58.115829 	-9.5323343 	-0.10387254
-0.36036036 	0.25 	0.01 	58.138218 	-9.5407109 	-0.10386562
-0.36156156 	0.25 	0.01 	58.160607 	-9.5490875 	-0.10385869
-0.36276276 	0.25 	0.01 	58.182996 	-9.5574641 	-0.10385176
-0.36396396 	0.25 	0.01 	58.205385 	-9.5658407 	-0.10384483
-0.36516517 	0.25 	0.01 	58.229352 	-9.5739198 	-0.10380488
-0.36636637 	0.25 	0.01 	58.258213 	-9.5810762 	-0.1036625
-0.36756757 	0.25 	0.01 	58.287075 	-9.5882326 	-0.10352011
-0.36876877 	0.25 	0.01 	58.315936 	-9.595389 	-0.10337773
-0.36996997 	0.25 	0.01 	58.344798 	-9.6025454 	-0.10323535
-0.37117117 	0.25 	0.01 	58.37366 	-9.6097018 	-0.10309297
-0.37237237 	0.25 	0.01 	58.402521 	-9.6168582 	-0.10295059
-0.37357357 	0.25 	0.01 	58.431383 	-9.6240146 	-0.10280821
-0.37477477 	0.25 	0.01 	58.460244 	-9.631171 	-0.10266583
-0.37597598 	0.25 	0.01 	58.489106 	-9.6383275 	-0.10252345
-0.37717718 	0.25 	0.01 	58.517967 	-9.6454839 	-0.10238107
-0.37837838 	0.25 	0.01 	58.546829 	-9.6526403 	-0.10223869
-0.37957958 	0.25 	0.01 	58.57569 	-9.6597967 	-0.10209631
-0.38078078 	0.25 	0.01 	58.604552 	-9.6669531 	-0.10195393
-0.38198198 	0.25 	0.01 	58.633414 	-9.6741095 	-0.10181155
-0.38318318 	0.25 	0.01 	58.662225 	-9.6812372 	-0.10167255
-0.38438438 	0.25 	0.01 	58.68898 	-9.6871844 	-0.10167255
-0.38558559 	0.25 	0.01 	58.714154 	-9.6947981 	-0.10167255
-0.38678679 	0.25 	0.01 	58.738703 	-9.7030691 	-0.10167255
-0.38798799 	0.25 	0.01 	58.763253 	-9.71134 	-0.10167255
-0.38918919 	0.25 	0.01 	58.787803 	-9.719611 	-0.10167255
-0.39039039 	0.25 	0.01 	58.812352 	-9.7278819 	-0.10167255
-0.39159159 	0.25 	0.01 	58.836902 	-9.7361529 	-0.10167255
-0.39279279 	0.25 	0.01 	58.861452 	-9.7444238 	-0.10167255
-0.39399399 	0.25 	0.01 	58.886001 	-9.7526948 	-0.10167255
-0.3951952 	0.25 	0.01 	58.910551 	-9.7609657 	-0.10167255
-0.3963964 	0.25 	0.01 	58.935101 	-9.7692367 	-0.10167255
-0.3975976 	0.25 	0.01 	58.95965 	-9.7775077 	-0.10167255
-0.3987988 	0.25 	0.01 	58.9842 	-9.7857786 	-0.10167255
-0.4 	0.25 	0.01 	59.00875 	-9.7940496 	-0.10167255
-0.4012012 	0.25 	0.01 	59.033299 	-9.8023205 	-0.10167255
-0.4024024 	0.25 	0.01 	59.057849 	-9.8105915 	-0.10167255
-0.4036036 	0.25 	0.01 	59.082399 	-9.8188624 	-0.10167255
-0.4048048 	0.25 	0.01 	59.106948 	-9.8271334 	-0.10167255
-0.40600601 	0.25 	0.01 	59.131498 	-9.8354043 	-0.10167255
-0.40720721 	0.25 	0.01 	59.156048 	-9.8436753 	-0.10167255
-0.40840841 	0.25 	0.01 	59.179043 	-9.851065 	-0.10166201
-0.40960961 	0.25 	0.01 	59.201463 	-9.8581278 	-0.10164756
-0.41081081 	0.25 	0.01 	59.223882 	-9.8651906 	-0.1016331
-0.41201201 	0.25 	0.01 	59.246301 	-9.8722534 	-0.10161865
-0.41321321 	0.25 	0.01 	59.268721 	-9.8793162 	-0.1016042
-0.41441441 	0.25 	0.01 	59.29114 	-9.8863789 	-0.10158975
-0.41561562 	0.25 	0.01 	59.313559 	-9.8934417 	-0.1015753
-0.41681682 	0.25 	0.01 	59.335978 	-9.9005045 	-0.10156084
-0.41801802 	0.25 	0.01 	59.358398 	-9.9075673 	-0.10154639
-0.41921922 	0.25 	0.01 	59.380817 	-9.9146301 	-0.10153194
-0.42042042 	0.25 	0.01 	59.403236 	-9.9216929 	-0.10151749
-0.42162162 	0.25 	0.01 	59.425655 	-9.9287557 	-0.10150304
-0.42282282 	0.25 	0.01 	59.448075 	-9.9358185 	-0.10148858
-0.42402402 	0.25 	0.01 	59.470494 	-9.9428812 	-0.10147413
-0.42522523 	0.25 	0.01 	59.492913 	-9.949944 	-0.10145968
-0.42642643 	0.25 	0.01 	59.520655 	-9.9582921 	-0.10137343
-0.42762763 	0.25 	0.01 	59.553562 	-9.9678873 	-0.10121751
-0.42882883 	0.25 	0.01 	59.58647 	-9.9774825 	-0.10106159
-0.43003003 	0.25 	0.01 	59.619377 	-9.9870777 	-0.10090567
-0.43123123 	0.25 	0.01 	59.652284 	-9.9966729 	-0.10074974
-0.43243243 	0.25 	0.01 	59.685191 	-10.006268 	-0.10059382
-0.43363363 	0.25 	0.01 	59.718098 	-10.015863 	-0.1004379
-0.43483483 	0.25 	0.01 	59.751006 	-10.025459 	-0.10028198
-0.43603604 	0.25 	0.01 	59.783913 	-10.035054 	-0.10012606
-0.43723724 	0.25 	0.01 	59.81682 	-10.044649 	-0.099970138
-0.43843844 	0.25 	0.01 	59.849727 	-10.054244 	-0.099814217
-0.43963964 	0.25 	0.01 	59.882634 	-10.063839 	-0.099658295
-0.44084084 	0.25 	0.01 	59.915541 	-10.073435 	-0.099502374
-0.44204204 	0.25 	0.01 	59.948449 	-10.08303 	-0.099346453
-0.44324324 	0.25 	0.01 	59.981356 	-10.092625 	-0.099190532
-0.44444444 	0.25 	0.01 	60.012198 	-10.101295 	-0.099078538
-0.44564565 	0.25 	0.01 	60.037776 	-10.107606 	-0.099078538
-0.44684685 	0.25 	0.01 	60.063353 	-10.113916 	-0.099078538
-0.44804805 	0.25 	0.01 	60.088931 	-10.120227 	-0.099078538
-0.44924925 	0.25 	0.01 	60.114509 	-10.126538 	-0.099078538
-0.45045045 	0.25 	0.01 	60.140087 	-10.132849 	-0.099078538
-0.45165165 	0.25 	0.01 	60.165664 	-10.139159 	-0.099078538
-0.45285285 	0.25 	0.01 	60.191242 	-10.14547 	-0.099078538
-0.45405405 	0.25 	0.01 	60.21682 	-10.151781 	-0.099078538
-0.45525526 	0.25 	0.01 	60.242398 	-10.158091 	-0.099078538
-0.45645646 	0.25 	0.01 	60.267975 	-10.164402 	-0.099078538
-0.45765766 	0.25 	0.01 	60.293553 	-10.170713 	-0.099078538
-0.45885886 	0.25 	0.01 	60.319131 	-10.177024 	-0.099078538
-0.46006006 	0.25 	0.01 	60.344709 	-10.183334 	-0.099078538
-0.46126126 	0.25 	0.01 	60.370286 	-10.189645 	-0.099078538
-0.46246246 	0.25 	0.01 	60.395864 	-10.195956 	-0.099078538
-0.46366366 	0.25 	0.01 	60.421442 	-10.202266 	-0.099078538
-0.46486486 	0.25 	0.01 	60.44702 	-10.208577 	-0.099078538
-0.46606607 	0.25 	0.01 	60.472597 	-10.214888 	-0.099078538
-0.46726727 	0.25 	0.01 	60.498175 	-10.221199 	-0.099078538
-0.46846847 	0.25 	0.01 	60.526862 	-10.228363 	-0.099078538
-0.46966967 	0.25 	0.01 	60.548777 	-10.232074 	-0.099060603
-0.47087087 	0.25 	0.01 	60.570544 	-10.235711 	-0.099042304
-0.47207207 	0.25 	0.01 	60.592312 	-10.239349 	-0.099024004
-0.47327327 	0.25 	0.01 	60.614079 	-10.242987 	-0.099005705
-0.47447447 	0.25 	0.01 	60.635846 	-10.246624 	-0.098987405
-0.47567568 	0.25 	0.01 	60.657614 	-10.250262 	-0.098969105
-0.47687688 	0.25 	0.01 	60.679381 	-10.253899 	-0.098950806
-0.47807808 	0.25 	0.01 	60.701148 	-10.257537 	-0.098932506
-0.47927928 	0.25 	0.01 	60.722916 	-10.261175 	-0.098914207
-0.48048048 	0.25 	0.01 	60.744683 	-10.264812 	-0.098895907
-0.48168168 	0.25 	0.01 	60.76645 	-10.26845 	-0.098877608
-0.48288288 	0.25 	0.01 	60.788218 	-10.272088 	-0.098859308
-0.48408408 	0.25 	0.01 	60.809985 	-10.275725 	-0.098841008
-0.48528529 	0.25 	0.01 	60.831753 	-10.279363 	-0.098822709
-0.48648649 	0.25 	0.01 	60.85352 	-10.283001 	-0.098804409
-0.48768769 	0.25 	0.01 	60.885806 	-10.289985 	-0.098707356
-0.48888889 	0.25 	0.01 	60.921533 	-10.298065 	-0.098584542
-0.49009009 	0.25 	0.01 	60.957261 	-10.306144 	-0.098461728
-0.49129129 	0.25 	0.01 	60.992988 	-10.314224 	-0.098338914
-0.49249249 	0.25 	0.01 	61.028715 	-10.322304 	-0.0982161
-0.49369369 	0.25 	0.01 	61.064442 	-10.330383 	-0.098093286
-0.49489489 	0.25 	0.01 	61.100169 	-10.338463 	-0.097970472
-0.4960961 	0.25 	0.01 	61.135897 	-10.346543 	-0.097847658
-0.4972973 	0.25 	0.01 	61.171624 	-10.354622 	-0.097724844
-0.4984985 	0.25 	0.01 	61.207351 	-10.362702 	-0.09760203
-0.4996997 	0.25 	0.01 	61.243078 	-10.370781 	-0.097479216
-0.5009009 	0.25 	0.01 	61.278806 	-10.378861 	-0.097356402
-0.5021021 	0.25 	0.01 	61.314533 	-10.386941 	-0.097233588
-0.5033033 	0.25 	0.01 	61.35026 	-10.39502 	-0.097110774
-0.5045045 	0.25 	0.01 	61.385987 	-10.4031 	-0.09698796
-0.50570571 	0.25 	0.01 	61.419586 	-10.409721 	-0.096929824
-0.50690691 	0.25 	0.01 	61.451886 	-10.41668 	-0.096929824
-0.50810811 	0.25 	0.01 	61.473891 	-10.423684 	-0.096929824
-0.50930931 	0.25 	0.01 	61.495895 	-10.430689 	-0.096929824
-0.51051051 	0.25 	0.01 	61.5179 	-10.437693 	-0.096929824
-0.51171171 	0.25 	0.01 	61.539904 	-10.444697 	-0.096929824
-0.51291291 	0.25 	0.01 	61.561909 	-10.451701 	-0.096929824
-0.51411411 	0.25 	0.01 	61.583914 	-10.458706 	-0.096929824
-0.51531532 	0.25 	0.01 	61.605918 	-10.46571 	-0.096929824
-0.51651652 	0.25 	0.01 	61.627923 	-10.472714 	-0.096929824
-0.51771772 	0.25 	0.01 	61.649927 	-10.479718 	-0.096929824
-0.51891892 	0.25 	0.01 	61.671932 	-10.486723 	-0.096929824
-0.52012012 	0.25 	0.01 	61.693936 	-10.493727 	-0.096929824
-0.52132132 	0.25 	0.01 	61.715941 	-10.500731 	-0.096929824
-0.52252252 	0.25 	0.01 	61.737945 	-10.507736 	-0.096929824
-0.52372372 	0.25 	0.01 	61.75995 	-10.51474 	-0.096929824
-0.52492492 	0.25 	0.01 	61.781954 	-10.521744 	-0.096929824
-0.52612613 	0.25 	0.01 	61.803959 	-10.528748 	-0.096929824
-0.52732733 	0.25 	0.01 	61.825964 	-10.535753 	-0.096929824
-0.52852853 	0.25 	0.01 	61.847968 	-10.542757 	-0.096929824
-0.52972973 	0.25 	0.01 	61.871939 	-10.549208 	-0.096924569
-0.53093093 	0.25 	0.01 	61.902623 	-10.553771 	-0.096901377
-0.53213213 	0.25 	0.01 	61.933307 	-10.558334 	-0.096878185
-0.53333333 	0.25 	0.01 	61.963991 	-10.562897 	-0.096854993
-0.53453453 	0.25 	0.01 	61.994675 	-10.56746 	-0.096831801
-0.53573574 	0.25 	0.01 	62.025359 	-10.572023 	-0.09680861
-0.53693694 	0.25 	0.01 	62.056042 	-10.576586 	-0.096785418
-0.53813814 	0.25 	0.01 	62.086726 	-10.58115 	-0.096762226
-0.53933934 	0.25 	0.01 	62.11741 	-10.585713 	-0.096739034
-0.54054054 	0.25 	0.01 	62.148094 	-10.590276 	-0.096715842
-0.54174174 	0.25 	0.01 	62.178778 	-10.594839 	-0.09669265
-0.54294294 	0.25 	0.01 	62.209462 	-10.599402 	-0.096669458
-0.54414414 	0.25 	0.01 	62.240146 	-10.603965 	-0.096646266
-0.54534535 	0.25 	0.01 	62.27083 	-10.608528 	-0.096623074
-0.54654655 	0.25 	0.01 	62.301514 	-10.613091 	-0.096599882
-0.54774775 	0.25 	0.01 	62.332182 	-10.617653 	-0.096576334
-0.54894895 	0.25 	0.01 	62.357005 	-10.621837 	-0.096417627
-0.55015015 	0.25 	0.01 	62.381828 	-10.62602 	-0.096258919
-0.55135135 	0.25 	0.01 	62.406651 	-10.630204 	-0.096100212
-0.55255255 	0.25 	0.01 	62.431474 	-10.634388 	-0.095941504
-0.55375375 	0.25 	0.01 	62.456297 	-10.638572 	-0.095782796
-0.55495495 	0.25 	0.01 	62.48112 	-10.642756 	-0.095624089
-0.55615616 	0.25 	0.01 	62.505943 	-10.646939 	-0.095465381
-0.55735736 	0.25 	0.01 	62.529288 	-10.651977 	-0.095368576
-0.55855856 	0.25 	0.01 	62.550321 	-10.658349 	-0.095368576
-0.55975976 	0.25 	0.01 	62.571353 	-10.664721 	-0.095368576
-0.56096096 	0.25 	0.01 	62.592386 	-10.671093 	-0.095368576
-0.56216216 	0.25 	0.01 	62.613418 	-10.677465 	-0.095368576
-0.56336336 	0.25 	0.01 	62.634451 	-10.683837 	-0.095368576
-0.56456456 	0.25 	0.01 	62.655483 	-10.690209 	-0.095368576
-0.56576577 	0.25 	0.01 	62.676516 	-10.696581 	-0.095368576
-0.56696697 	0.25 	0.01 	62.69768 	-10.701038 	-0.095368576
-0.56816817 	0.25 	0.01 	62.719043 	-10.702629 	-0.095368576
-0.56936937 	0.25 	0.01 	62.739442 	-10.704911 	-0.095347983
-0.57057057 	0.25 	0.01 	62.756778 	-10.709387 	-0.095261938
-0.57177177 	0.25 	0.01 	62.774114 	-10.713863 	-0.095175894
-0.57297297 	0.25 	0.01 	62.791451 	-10.718339 	-0.095089849
-0.57417417 	0.25 	0.01 	62.808787 	-10.722815 	-0.095003804
-0.57537538 	0.25 	0.01 	62.826123 	-10.727292 	-0.094917759
-0.57657658 	0.25 	0.01 	62.843459 	-10.731768 	-0.094831714
-0.57777778 	0.25 	0.01 	62.860796 	-10.736244 	-0.094745669
-0.57897898 	0.25 	0.01 	62.886758 	-10.742285 	-0.094615655
-0.58018018 	0.25 	0.01 	62.91789 	-10.749264 	-0.094459295
-0.58138138 	0.25 	0.01 	62.949022 	-10.756243 	-0.094302935
-0.58258258 	0.25 	0.01 	62.980153 	-10.763222 	-0.094146574
-0.58378378 	0.25 	0.01 	63.011285 	-10.770201 	-0.093990214
-0.58498498 	0.25 	0.01 	63.042417 	-10.77718 	-0.093833854
-0.58618619 	0.25 	0.01 	63.073548 	-10.784159 	-0.093677494
-0.58738739 	0.25 	0.01 	63.104548 	-10.791082 	-0.093522813
-0.58858859 	0.25 	0.01 	63.123422 	-10.792811 	-0.093522813
-0.58978979 	0.25 	0.01 	63.142296 	-10.794539 	-0.093522813
-0.59099099 	0.25 	0.01 	63.165873 	-10.796363 	-0.093522813
-0.59219219 	0.25 	0.01 	63.191141 	-10.798221 	-0.093522813
-0.59339339 	0.25 	0.01 	63.21641 	-10.800079 	-0.093522813
-0.59459459 	0.25 	0.01 	63.241678 	-10.801938 	-0.093522813
-0.5957958 	0.25 	0.01 	63.266946 	-10.803796 	-0.093522813
-0.596997 	0.25 	0.01 	63.292214 	-10.805654 	-0.093522813
-0.5981982 	0.25 	0.01 	63.317483 	-10.807512 	-0.093522813
-0.5993994 	0.25 	0.01 	63.342751 	-10.80937 	-0.093522813
-0.6006006 	0.25 	0.01 	63.357489 	-10.806712 	-0.093428468
-0.6018018 	0.25 	0.01 	63.370491 	-10.803309 	-0.093318578
-0.603003 	0.25 	0.01 	63.383494 	-10.799907 	-0.093208689
-0.6042042 	0.25 	0.01 	63.396497 	-10.796505 	-0.0930988
-0.60540541 	0.25 	0.01 	63.4095 	-10.793102 	-0.092988911
-0.60660661 	0.25 	0.01 	63.422502 	-10.7897 	-0.092879022
-0.60780781 	0.25 	0.01 	63.435505 	-10.786297 	-0.092769133
-0.60900901 	0.25 	0.01 	63.451944 	-10.783107 	-0.092652939
-0.61021021 	0.25 	0.01 	63.479001 	-10.780573 	-0.092517267
-0.61141141 	0.25 	0.01 	63.506058 	-10.778039 	-0.092381596
-0.61261261 	0.25 	0.01 	63.533115 	-10.775505 	-0.092245924
-0.61381381 	0.25 	0.01 	63.560172 	-10.772971 	-0.092110253
-0.61501502 	0.25 	0.01 	63.587228 	-10.770437 	-0.091974581
-0.61621622 	0.25 	0.01 	63.614285 	-10.767903 	-0.09183891
-0.61741742 	0.25 	0.01 	63.641342 	-10.765369 	-0.091703238
-0.61861862 	0.25 	0.01 	63.666746 	-10.762617 	-0.091652835
-0.61981982 	0.25 	0.01 	63.691174 	-10.759737 	-0.091652835
-0.62102102 	0.25 	0.01 	63.715601 	-10.756856 	-0.091652835
-0.62222222 	0.25 	0.01 	63.740028 	-10.753976 	-0.091652835
-0.62342342 	0.25 	0.01 	63.764456 	-10.751095 	-0.091652835
-0.62462462 	0.25 	0.01 	63.788883 	-10.748215 	-0.091652835
-0.62582583 	0.25 	0.01 	63.81331 	-10.745334 	-0.091652835
-0.62702703 	0.25 	0.01 	63.837738 	-10.742454 	-0.091652835
-0.62822823 	0.25 	0.01 	63.856547 	-10.742085 	-0.091652835
-0.62942943 	0.25 	0.01 	63.874971 	-10.741889 	-0.091652835
-0.63063063 	0.25 	0.01 	63.892141 	-10.741531 	-0.091583974
-0.63183183 	0.25 	0.01 	63.907926 	-10.740993 	-0.091438917
-0.63303303 	0.25 	0.01 	63.92371 	-10.740455 	-0.09129386
-0.63423423 	0.25 	0.01 	63.939494 	-10.739917 	-0.091148803
-0.63543544 	0.25 	0.01 	63.955278 	-10.739379 	-0.091003747
-0.63663664 	0.25 	0.01 	63.971062 	-10.738841 	-0.09085869
-0.63783784 	0.25 	0.01 	63.986846 	-10.738303 	-0.090713633
-0.63903904 	0.25 	0.01 	64.00263 	-10.737765 	-0.090568576
-0.64024024 	0.25 	0.01 	64.027313 	-10.739081 	-0.090435132
-0.64144144 	0.25 	0.01 	64.053447 	-10.740699 	-0.09030358
-0.64264264 	0.25 	0.01 	64.07958 	-10.742317 	-0.090172028
-0.64384384 	0.25 	0.01 	64.105714 	-10.743935 	-0.090040477
-0.64504505 	0.25 	0.01 	64.131847 	-10.745553 	-0.089908925
-0.64624625 	0.25 	0.01 	64.157981 	-10.747172 	-0.089777373
-0.64744745 	0.25 	0.01 	64.184114 	-10.74879 	-0.089645822
-0.64864865 	0.25 	0.01 	64.208571 	-10.749952 	-0.089546457
-0.64984985 	0.25 	0.01 	64.227851 	-10.749709 	-0.089546457
-0.65105105 	0.25 	0.01 	64.247131 	-10.749466 	-0.089546457
-0.65225225 	0.25 	0.01 	64.269535 	-10.749048 	-0.089546457
-0.65345345 	0.25 	0.01 	64.293523 	-10.748542 	-0.089546457
-0.65465465 	0.25 	0.01 	64.317511 	-10.748035 	-0.089546457
-0.65585586 	0.25 	0.01 	64.341499 	-10.747529 	-0.089546457
-0.65705706 	0.25 	0.01 	64.365487 	-10.747022 	-0.089546457
-0.65825826 	0.25 	0.01 	64.389475 	-10.746516 	-0.089546457
-0.65945946 	0.25 	0.01 	64.413464 	-10.746009 	-0.089546457
-0.66066066 	0.25 	0.01 	64.436827 	-10.745332 	-0.089536986
-0.66186186 	0.25 	0.01 	64.453989 	-10.742962 	-0.089433444
-0.66306306 	0.25 	0.01 	64.47115 	-10.740592 	-0.089329901
-0.66426426 	0.25 	0.01 	64.488312 	-10.738223 	-0.089226358
-0.66546547 	0.25 	0.01 	64.505473 	-10.735853 	-0.089122815
-0.66666667 	0.25 	0.01 	64.522635 	-10.733483 	-0.089019272
-0.66786787 	0.25 	0.01 	64.539797 	-10.731113 	-0.088915729
-0.66906907 	0.25 	0.01 	64.556958 	-10.728743 	-0.088812187
-0.67027027 	0.25 	0.01 	64.578402 	-10.72775 	-0.088649516
-0.67147147 	0.25 	0.01 	64.604544 	-10.728269 	-0.08842196
-0.67267267 	0.25 	0.01 	64.630687 	-10.728789 	-0.088194403
-0.67387387 	0.25 	0.01 	64.65683 	-10.729308 	-0.087966847
-0.67507508 	0.25 	0.01 	64.682972 	-10.729827 	-0.08773929
-0.67627628 	0.25 	0.01 	64.709115 	-10.730346 	-0.087511734
-0.67747748 	0.25 	0.01 	64.735257 	-10.730865 	-0.087284178
-0.67867868 	0.25 	0.01 	64.7614 	-10.731384 	-0.087056621
-0.67987988 	0.25 	0.01 	64.785444 	-10.73001 	-0.087025431
-0.68108108 	0.25 	0.01 	64.809155 	-10.728335 	-0.087025431
-0.68228228 	0.25 	0.01 	64.832866 	-10.726661 	-0.087025431
-0.68348348 	0.25 	0.01 	64.856577 	-10.724986 	-0.087025431
-0.68468468 	0.25 	0.01 	64.880288 	-10.723311 	-0.087025431
-0.68588589 	0.25 	0.01 	64.903999 	-10.721636 	-0.087025431
-0.68708709 	0.25 	0.01 	64.92771 	-10.719962 	-0.087025431
-0.68828829 	0.25 	0.01 	64.949848 	-10.717947 	-0.087025431
-0.68948949 	0.25 	0.01 	64.970012 	-10.715505 	-0.087025431
-0.69069069 	0.25 	0.01 	64.990177 	-10.713064 	-0.087025431
-0.69189189 	0.25 	0.01 	65.00859 	-10.70906 	-0.086877584
-0.69309309 	0.25 	0.01 	65.026284 	-10.704415 	-0.086669022
-0.69429429 	0.25 	0.01 	65.043979 	-10.699769 	-0.086460459
-0.6954955 	0.25 	0.01 	65.061673 	-10.695124 	-0.086251897
-0.6966967 	0.25 	0.01 	65.079368 	-10.690479 	-0.086043334
-0.6978979 	0.25 	0.01 	65.097062 	-10.685833 	-0.085834772
-0.6990991 	0.25 	0.01 	65.114757 	-10.681188 	-0.085626209
-0.7003003 	0.25 	0.01 	65.133239 	-10.677184 	-0.0854206
-0.7015015 	0.25 	0.01 	65.159494 	-10.679516 	-0.085244144
-0.7027027 	0.25 	0.01 	65.18575 	-10.681847 	-0.085067688
-0.7039039 	0.25 	0.01 	65.212005 	-10.684179 	-0.084891232
-0.70510511 	0.25 	0.01 	65.238261 	-10.68651 	-0.084714775
-0.70630631 	0.25 	0.01 	65.264517 	-10.688842 	-0.084538319
-0.70750751 	0.25 	0.01 	65.290772 	-10.691174 	-0.084361863
-0.70870871 	0.25 	0.01 	65.317028 	-10.693505 	-0.084185407
-0.70990991 	0.25 	0.01 	65.339418 	-10.693673 	-0.084092276
-0.71111111 	0.25 	0.01 	65.357489 	-10.691421 	-0.084092276
-0.71231231 	0.25 	0.01 	65.375559 	-10.68917 	-0.084092276
-0.71351351 	0.25 	0.01 	65.397398 	-10.686222 	-0.084092276
-0.71471471 	0.25 	0.01 	65.42138 	-10.682878 	-0.084092276
-0.71591592 	0.25 	0.01 	65.445363 	-10.679534 	-0.084092276
-0.71711712 	0.25 	0.01 	65.469346 	-10.676189 	-0.084092276
-0.71831832 	0.25 	0.01 	65.493328 	-10.672845 	-0.084092276
-0.71951952 	0.25 	0.01 	65.517311 	-10.669501 	-0.084092276
-0.72072072 	0.25 	0.01 	65.541294 	-10.666157 	-0.084092276
-0.72192192 	0.25 	0.01 	65.562711 	-10.661377 	-0.084020086
-0.72312312 	0.25 	0.01 	65.578493 	-10.653444 	-0.083789331
-0.72432432 	0.25 	0.01 	65.594276 	-10.64551 	-0.083558576
-0.72552553 	0.25 	0.01 	65.610058 	-10.637577 	-0.08332782
-0.72672673 	0.25 	0.01 	65.625841 	-10.629643 	-0.083097065
-0.72792793 	0.25 	0.01 	65.641623 	-10.62171 	-0.08286631
-0.72912913 	0.25 	0.01 	65.657406 	-10.613776 	-0.082635555
-0.73033033 	0.25 	0.01 	65.673188 	-10.605843 	-0.082404799
-0.73153153 	0.25 	0.01 	65.699871 	-10.600638 	-0.082186458
-0.73273273 	0.25 	0.01 	65.731369 	-10.596638 	-0.0819736
-0.73393393 	0.25 	0.01 	65.762868 	-10.592639 	-0.081760742
-0.73513514 	0.25 	0.01 	65.794366 	-10.58864 	-0.081547884
-0.73633634 	0.25 	0.01 	65.825864 	-10.58464 	-0.081335027
-0.73753754 	0.25 	0.01 	65.857363 	-10.580641 	-0.081122169
-0.73873874 	0.25 	0.01 	65.888861 	-10.576641 	-0.080909311
-0.73993994 	0.25 	0.01 	65.920098 	-10.572402 	-0.080712932
-0.74114114 	0.25 	0.01 	65.948226 	-10.565307 	-0.080712932
-0.74234234 	0.25 	0.01 	65.976353 	-10.558211 	-0.080712932
-0.74354354 	0.25 	0.01 	66.00448 	-10.551115 	-0.080712932
-0.74474474 	0.25 	0.01 	66.032607 	-10.54402 	-0.080712932
-0.74594595 	0.25 	0.01 	66.060734 	-10.536924 	-0.080712932
-0.74714715 	0.25 	0.01 	66.088862 	-10.529828 	-0.080712932
-0.74834835 	0.25 	0.01 	66.116989 	-10.522733 	-0.080712932
-0.74954955 	0.25 	0.01 	66.147778 	-10.511472 	-0.080712932
-0.75075075 	0.25 	0.01 	66.178843 	-10.499781 	-0.080712932
-0.75195195 	0.25 	0.01 	66.209908 	-10.488089 	-0.080712932
-0.75315315 	0.25 	0.01 	66.238736 	-10.47354 	-0.080505383
-0.75435435 	0.25 	0.01 	66.267374 	-10.458747 	-0.08028016
-0.75555556 	0.25 	0.01 	66.296012 	-10.443953 	-0.080054938
-0.75675676 	0.25 	0.01 	66.324649 	-10.42916 	-0.079829715
-0.75795796 	0.25 	0.01 	66.351415 	-10.414977 	-0.079608848
-0.75915916 	0.25 	0.01 	66.377663 	-10.400962 	-0.079389186
-0.76036036 	0.25 	0.01 	66.403911 	-10.386947 	-0.079169523
-0.76156156 	0.25 	0.01 	66.433109 	-10.37497 	-0.078926448
-0.76276276 	0.25 	0.01 	66.469085 	-10.367678 	-0.078629574
-0.76396396 	0.25 	0.01 	66.500079 	-10.361583 	-0.078407933
-0.76516517 	0.25 	0.01 	66.516315 	-10.359034 	-0.078409125
-0.76636637 	0.25 	0.01 	66.532551 	-10.356486 	-0.078410318
-0.76756757 	0.25 	0.01 	66.548787 	-10.353938 	-0.07841151
-0.76876877 	0.25 	0.01 	66.565024 	-10.35139 	-0.078412702
-0.76996997 	0.25 	0.01 	66.58126 	-10.348841 	-0.078413895
-0.77117117 	0.25 	0.01 	66.597496 	-10.346293 	-0.078415087
-0.77237237 	0.25 	0.01 	66.614929 	-10.343108 	-0.078236175
-0.77357357 	0.25 	0.01 	66.634052 	-10.339023 	-0.077802766
-0.77477477 	0.25 	0.01 	66.645603 	-10.338064 	-0.077505146
-0.77597598 	0.25 	0.01 	66.652566 	-10.339 	-0.077289808
-0.77717718 	0.25 	0.01 	66.673694 	-10.348151 	-0.077054331
-0.77837838 	0.25 	0.01 	66.704118 	-10.362692 	-0.076805638
-0.77957958 	0.25 	0.01 	66.727003 	-10.361585 	-0.076419894
-0.78078078 	0.25 	0.01 	66.744772 	-10.349862 	-0.07594117
-0.78198198 	0.25 	0.01 	66.762551 	-10.338148 	-0.075841533
-0.78318318 	0.25 	0.01 	66.780332 	-10.326436 	-0.075841262
-0.78438438 	0.25 	0.01 	66.798114 	-10.314724 	-0.075840991
-0.78558559 	0.25 	0.01 	66.815895 	-10.303012 	-0.07584072
-0.78678679 	0.25 	0.01 	66.833676 	-10.2913 	-0.075840449
-0.78798799 	0.25 	0.01 	66.851458 	-10.279588 	-0.075840178
-0.78918919 	0.25 	0.01 	66.869239 	-10.267876 	-0.075839908
-0.79039039 	0.25 	0.01 	66.882539 	-10.230614 	-0.075648804
-0.79159159 	0.25 	0.01 	66.895289 	-10.190217 	-0.075434296
-0.79279279 	0.25 	0.01 	66.926183 	-10.162211 	-0.075140454
-0.79399399 	0.25 	0.01 	66.959077 	-10.13557 	-0.07483787
-0.7951952 	0.25 	0.01 	66.978184 	-10.11725 	-0.074365433
-0.7963964 	0.25 	0.01 	66.995995 	-10.099709 	-0.073920354
-0.7975976 	0.25 	0.01 	67.013802 	-10.08216 	-0.073920495
-0.7987988 	0.25 	0.01 	67.031609 	-10.06461 	-0.073920637
-0.8 	0.25 	0.01 	67.049416 	-10.047061 	-0.073920779
-0.8012012 	0.25 	0.01 	67.067223 	-10.029511 	-0.073920921
-0.8024024 	0.25 	0.01 	67.08503 	-10.011962 	-0.073921063
-0.8036036 	0.25 	0.01 	67.102837 	-9.9944121 	-0.073921205
-0.8048048 	0.25 	0.01 	67.119162 	-9.9789045 	-0.073873947
-0.80600601 	0.25 	0.01 	67.129256 	-9.9719845 	-0.073627348
-0.80720721 	0.25 	0.01 	67.144892 	-9.9645958 	-0.073380007
-0.80840841 	0.25 	0.01 	67.183313 	-9.9552806 	-0.073129611
-0.80960961 	0.25 	0.01 	67.21726 	-9.9453403 	-0.072831474
-0.81081081 	0.25 	0.01 	67.23276 	-9.9328234 	-0.072336544
-0.81201201 	0.25 	0.01 	67.24826 	-9.9203061 	-0.072031243
-0.81321321 	0.25 	0.01 	67.263757 	-9.9077881 	-0.072031426
-0.81441441 	0.25 	0.01 	67.279255 	-9.89527 	-0.072031609
-0.81561562 	0.25 	0.01 	67.294752 	-9.882752 	-0.072031793
-0.81681682 	0.25 	0.01 	67.31025 	-9.870234 	-0.072031976
-0.81801802 	0.25 	0.01 	67.325747 	-9.8577159 	-0.072032159
-0.81921922 	0.25 	0.01 	67.341245 	-9.8451979 	-0.072032342
-0.82042042 	0.25 	0.01 	67.350878 	-9.8308347 	-0.071898799
-0.82162162 	0.25 	0.01 	67.354699 	-9.8146429 	-0.071632723
-0.82282282 	0.25 	0.01 	67.37366 	-9.7972285 	-0.071378794
-0.82402402 	0.25 	0.01 	67.408479 	-9.7785334 	-0.071137587
-0.82522523 	0.25 	0.01 	67.432658 	-9.7612184 	-0.07101003
-0.82642643 	0.25 	0.01 	67.444916 	-9.7454498 	-0.071009826
-0.82762763 	0.25 	0.01 	67.457173 	-9.7296812 	-0.071009622
-0.82882883 	0.25 	0.01 	67.469431 	-9.7139126 	-0.071009418
-0.83003003 	0.25 	0.01 	67.481688 	-9.698144 	-0.071009214
-0.83123123 	0.25 	0.01 	67.493945 	-9.6823754 	-0.07100901
-0.83243243 	0.25 	0.01 	67.506203 	-9.6666068 	-0.071008806
-0.83363363 	0.25 	0.01 	67.518456 	-9.6508368 	-0.070703871
-0.83483483 	0.25 	0.01 	67.530706 	-9.635066 	-0.070188444
-0.83603604 	0.25 	0.01 	67.53433 	-9.6215044 	-0.069854314
-0.83723724 	0.25 	0.01 	67.535792 	-9.6084964 	-0.069565621
-0.83843844 	0.25 	0.01 	67.560991 	-9.5912977 	-0.069319626
-0.83963964 	0.25 	0.01 	67.592925 	-9.5729104 	-0.069085743
-0.84084084 	0.25 	0.01 	67.609087 	-9.5542963 	-0.068617683
-0.84204204 	0.25 	0.01 	67.620236 	-9.5356102 	-0.068075197
-0.84324324 	0.25 	0.01 	67.631385 	-9.5169299 	-0.068056958
-0.84444444 	0.25 	0.01 	67.642533 	-9.4982499 	-0.068056993
-0.84564565 	0.25 	0.01 	67.653682 	-9.4795698 	-0.068057029
-0.84684685 	0.25 	0.01 	67.664831 	-9.4608897 	-0.068057064
-0.84804805 	0.25 	0.01 	67.675979 	-9.4422096 	-0.0680571
-0.84924925 	0.25 	0.01 	67.687128 	-9.4235296 	-0.068057135
-0.85045045 	0.25 	0.01 	67.697408 	-9.4048 	-0.068044324
-0.85165165 	0.25 	0.01 	67.69921 	-9.3855874 	-0.067906096
-0.85285285 	0.25 	0.01 	67.702776 	-9.3660583 	-0.067749479
-0.85405405 	0.25 	0.01 	67.72927 	-9.3424151 	-0.067353845
-0.85525526 	0.25 	0.01 	67.754877 	-9.3189734 	-0.066948235
-0.85645646 	0.25 	0.01 	67.764974 	-9.299056 	-0.066368125
-0.85765766 	0.25 	0.01 	67.775073 	-9.2791403 	-0.065938029
-0.85885886 	0.25 	0.01 	67.785173 	-9.2592298 	-0.065937767
-0.86006006 	0.25 	0.01 	67.795273 	-9.2393192 	-0.065937506
-0.86126126 	0.25 	0.01 	67.805373 	-9.2194086 	-0.065937244
-0.86246246 	0.25 	0.01 	67.815473 	-9.199498 	-0.065936983
-0.86366366 	0.25 	0.01 	67.825573 	-9.1795875 	-0.065936721
-0.86486486 	0.25 	0.01 	67.835673 	-9.1596769 	-0.06593646
-0.86606607 	0.25 	0.01 	67.843487 	-9.1413811 	-0.065868543
-0.86726727 	0.25 	0.01 	67.847369 	-9.1258605 	-0.065684348
-0.86846847 	0.25 	0.01 	67.856308 	-9.1107018 	-0.065426308
-0.86966967 	0.25 	0.01 	67.874093 	-9.0961764 	-0.065039055
-0.87087087 	0.25 	0.01 	67.89134 	-9.0790755 	-0.064578136
-0.87207207 	0.25 	0.01 	67.907694 	-9.0576896 	-0.063994655
-0.87327327 	0.25 	0.01 	67.919927 	-9.035569 	-0.063731797
-0.87447447 	0.25 	0.01 	67.928796 	-9.0128489 	-0.063730489
-0.87567568 	0.25 	0.01 	67.937666 	-8.9901288 	-0.063729182
-0.87687688 	0.25 	0.01 	67.946536 	-8.9674087 	-0.063727875
-0.87807808 	0.25 	0.01 	67.955406 	-8.9446886 	-0.063726567
-0.87927928 	0.25 	0.01 	67.964275 	-8.9219685 	-0.06372526
-0.88048048 	0.25 	0.01 	67.973145 	-8.8992484 	-0.063723953
-0.88168168 	0.25 	0.01 	67.981695 	-8.8727593 	-0.06352284
-0.88288288 	0.25 	0.01 	67.990017 	-8.8435717 	-0.063178671
-0.88408408 	0.25 	0.01 	68.000049 	-8.8184698 	-0.062888982
-0.88528529 	0.25 	0.01 	68.01099 	-8.7955404 	-0.062628263
-0.88648649 	0.25 	0.01 	68.035354 	-8.7747982 	-0.062566649
-0.88768769 	0.25 	0.01 	68.064077 	-8.7547666 	-0.062569717
-0.88888889 	0.25 	0.01 	68.0928 	-8.734735 	-0.062572786
-0.89009009 	0.25 	0.01 	68.111224 	-8.7145397 	-0.062386115
-0.89129129 	0.25 	0.01 	68.099635 	-8.6932336 	-0.061898638
-0.89249249 	0.25 	0.01 	68.082851 	-8.670376 	-0.061899724
-0.89369369 	0.25 	0.01 	68.066067 	-8.6475183 	-0.06190081
-0.89489489 	0.25 	0.01 	68.049283 	-8.6246607 	-0.061901895
-0.8960961 	0.25 	0.01 	68.074379 	-8.598432 	-0.061393666
-0.8972973 	0.25 	0.01 	68.092656 	-8.5727462 	-0.060953176
-0.8984985 	0.25 	0.01 	68.103738 	-8.5476374 	-0.060594788
-0.8996997 	0.25 	0.01 	68.112642 	-8.5268585 	-0.060285108
-0.9009009 	0.25 	0.01 	68.127127 	-8.504512 	-0.060039756
-0.9021021 	0.25 	0.01 	68.164654 	-8.4748817 	-0.060043884
-0.9033033 	0.25 	0.01 	68.202181 	-8.4452515 	-0.060048013
-0.9045045 	0.25 	0.01 	68.239708 	-8.4156212 	-0.060052141
-0.90570571 	0.25 	0.01 	68.241019 	-8.3880793 	-0.059618416
-0.90690691 	0.25 	0.01 	68.228271 	-8.3565067 	-0.059344905
-0.90810811 	0.25 	0.01 	68.219576 	-8.3214 	-0.059345439
-0.90930931 	0.25 	0.01 	68.21088 	-8.2862934 	-0.059345972
-0.91051051 	0.25 	0.01 	68.202184 	-8.2511868 	-0.059346506
-0.91171171 	0.25 	0.01 	68.246267 	-8.2135439 	-0.05866329
-0.91291291 	0.25 	0.01 	68.269772 	-8.1734768 	-0.058270298
-0.91411411 	0.25 	0.01 	68.286108 	-8.1338719 	-0.057916555
-0.91531532 	0.25 	0.01 	68.287687 	-8.0966071 	-0.057575209
-0.91651652 	0.25 	0.01 	68.313719 	-8.059122 	-0.057437385
-0.91771772 	0.25 	0.01 	68.356166 	-8.0214891 	-0.057436191
-0.91891892 	0.25 	0.01 	68.398613 	-7.9838561 	-0.057434996
-0.92012012 	0.25 	0.01 	68.44106 	-7.9462231 	-0.057433802
-0.92132132 	0.25 	0.01 	68.433642 	-7.911988 	-0.056764107
-0.92252252 	0.25 	0.01 	68.426676 	-7.8724566 	-0.056680047
-0.92372372 	0.25 	0.01 	68.420046 	-7.832179 	-0.056680101
-0.92492492 	0.25 	0.01 	68.413416 	-7.7919014 	-0.056680155
-0.92612613 	0.25 	0.01 	68.415213 	-7.7520256 	-0.056523817
-0.92732733 	0.25 	0.01 	68.441774 	-7.71238 	-0.055962311
-0.92852853 	0.25 	0.01 	68.466569 	-7.6679072 	-0.055705133
-0.92972973 	0.25 	0.01 	68.454391 	-7.6112855 	-0.055306481
-0.93093093 	0.25 	0.01 	68.407971 	-7.5434122 	-0.054776806
-0.93213213 	0.25 	0.01 	68.423272 	-7.4990631 	-0.054499781
-0.93333333 	0.25 	0.01 	68.449961 	-7.4585823 	-0.054496517
-0.93453453 	0.25 	0.01 	68.47665 	-7.4181016 	-0.054493253
-0.93573574 	0.25 	0.01 	68.535801 	-7.4067556 	-0.054304923
-0.93693694 	0.25 	0.01 	68.592082 	-7.3969125 	-0.054023365
-0.93813814 	0.25 	0.01 	68.578904 	-7.3455509 	-0.053578317
-0.93933934 	0.25 	0.01 	68.603381 	-7.3036249 	-0.053151232
-0.94054054 	0.25 	0.01 	68.651294 	-7.2675672 	-0.05314688
-0.94174174 	0.25 	0.01 	68.699207 	-7.2315094 	-0.053142528
-0.94294294 	0.25 	0.01 	68.756878 	-7.1972668 	-0.053049332
-0.94414414 	0.25 	0.01 	68.836719 	-7.1671479 	-0.052754286
-0.94534535 	0.25 	0.01 	68.845953 	-7.1067932 	-0.052374484
-0.94654655 	0.25 	0.01 	68.861414 	-7.0503481 	-0.051863247
-0.94774775 	0.25 	0.01 	68.921217 	-7.0153183 	-0.051789973
-0.94894895 	0.25 	0.01 	68.981021 	-6.9802903 	-0.051789041
-0.95015015 	0.25 	0.01 	69.040825 	-6.9452623 	-0.051788109
-0.95135135 	0.25 	0.01 	69.136578 	-6.9376096 	-0.051519756
-0.95255255 	0.25 	0.01 	69.192223 	-6.9300943 	-0.051157228
-0.95375375 	0.25 	0.01 	69.195713 	-6.918731 	-0.050706959
-0.95495495 	0.25 	0.01 	69.271115 	-6.883161 	-0.050366339
-0.95615616 	0.25 	0.01 	69.346635 	-6.8475437 	-0.050361308
-0.95735736 	0.25 	0.01 	69.422155 	-6.8119265 	-0.050356277
-0.95855856 	0.25 	0.01 	69.515315 	-6.7641169 	-0.050221144
-0.95975976 	0.25 	0.01 	69.619863 	-6.7050026 	-0.049920253
-0.96096096 	0.25 	0.01 	69.637565 	-6.6727585 	-0.04947037
-0.96216216 	0.25 	0.01 	69.709479 	-6.6280798 	-0.048923632
-0.96336336 	0.25 	0.01 	69.796143 	-6.5803146 	-0.048918112
-0.96456456 	0.25 	0.01 	69.882808 	-6.5325495 	-0.048912591
-0.96576577 	0.25 	0.01 	69.969771 	-6.4846272 	-0.048904735
-0.96696697 	0.25 	0.01 	70.093129 	-6.4175591 	-0.048612145
-0.96816817 	0.25 	0.01 	70.154248 	-6.3805042 	-0.048178262
-0.96936937 	0.25 	0.01 	70.214055 	-6.3478317 	-0.047592134
-0.97057057 	0.25 	0.01 	70.303171 	-6.3058801 	-0.047469184
-0.97177177 	0.25 	0.01 	70.392408 	-6.2638097 	-0.04748423
-0.97297297 	0.25 	0.01 	70.481644 	-6.2217394 	-0.047499275
-0.97417417 	0.25 	0.01 	70.6002 	-6.160097 	-0.047265592
-0.97537538 	0.25 	0.01 	70.698679 	-6.0961331 	-0.046904421
-0.97657658 	0.25 	0.01 	70.751879 	-6.0343627 	-0.04639645
-0.97777778 	0.25 	0.01 	70.841818 	-5.9931649 	-0.046024654
-0.97897898 	0.25 	0.01 	70.939422 	-5.956062 	-0.046020325
-0.98018018 	0.25 	0.01 	71.037025 	-5.9189592 	-0.046015996
-0.98138138 	0.25 	0.01 	71.145013 	-5.8865543 	-0.045911931
-0.98258258 	0.25 	0.01 	71.265784 	-5.8599323 	-0.045685099
-0.98378378 	0.25 	0.01 	71.350749 	-5.786657 	-0.045115241
-0.98498498 	0.25 	0.01 	71.453334 	-5.7377848 	-0.04446685
-0.98618619 	0.25 	0.01 	71.56504 	-5.698427 	-0.044441715
-0.98738739 	0.25 	0.01 	71.676746 	-5.6590692 	-0.04441658
-0.98858859 	0.25 	0.01 	71.788452 	-5.6197114 	-0.044391444
-0.98978979 	0.25 	0.01 	71.902876 	-5.5904498 	-0.04425289
-0.99099099 	0.25 	0.01 	72.015441 	-5.5200636 	-0.043810202
-0.99219219 	0.25 	0.01 	72.129593 	-5.4793853 	-0.043030393
-0.99339339 	0.25 	0.01 	72.245368 	-5.4426724 	-0.042828431
-0.99459459 	0.25 	0.01 	72.361626 	-5.4067355 	-0.042813426
-0.9957958 	0.25 	0.01 	72.477885 	-5.3707985 	-0.04279842
-0.996997 	0.25 	0.01 	72.594143 	-5.3348616 	-0.042783415
-0.9981982 	0.25 	0.01 	72.707309 	-5.2845051 	-0.042559256
-0.9993994 	0.25 	0.01 	72.805291 	-5.2136617 	-0.042006915
-1.0006006 	0.25 	0.01 	72.902352 	-5.1447328 	-0.041456121
-1.0018018 	0.25 	0.01 	73.011804 	-5.0634352 	-0.04144437
-1.003003 	0.25 	0.01 	73.121363 	-4.9820313 	-0.041437255
-1.0042042 	0.25 	0.01 	73.230922 	-4.9006274 	-0.04143014
-1.0054054 	0.25 	0.01 	73.303302 	-4.9081806 	-0.041448971
-1.0066066 	0.25 	0.01 	73.372177 	-4.9241213 	-0.041470249
-1.0078078 	0.25 	0.01 	73.537033 	-4.8808335 	-0.040766613
-1.009009 	0.25 	0.01 	73.699543 	-4.8311613 	-0.040147002
-1.0102102 	0.25 	0.01 	73.87159 	-4.7664814 	-0.040170816
-1.0114114 	0.25 	0.01 	74.033417 	-4.7014877 	-0.040282279
-1.0126126 	0.25 	0.01 	74.163581 	-4.6225618 	-0.039883785
-1.0138138 	0.25 	0.01 	74.283169 	-4.5567678 	-0.039561993
-1.015015 	0.25 	0.01 	74.410783 	-4.5354103 	-0.039006524
-1.0162162 	0.25 	0.01 	74.549478 	-4.4728662 	-0.039047591
-1.0174174 	0.25 	0.01 	74.689396 	-4.4057721 	-0.039154562
-1.0186186 	0.25 	0.01 	74.829315 	-4.3386779 	-0.039261532
-1.0198198 	0.25 	0.01 	74.97113 	-4.2720155 	-0.038540567
-1.021021 	0.25 	0.01 	75.101806 	-4.1951143 	-0.038037551
-1.0222222 	0.25 	0.01 	75.238115 	-4.1361652 	-0.038021534
-1.0234234 	0.25 	0.01 	75.383231 	-4.0637393 	-0.038124845
-1.0246246 	0.25 	0.01 	75.538917 	-3.9923817 	-0.0380586
-1.0258258 	0.25 	0.01 	75.697332 	-3.9212999 	-0.037948583
-1.027027 	0.25 	0.01 	75.855615 	-3.8505748 	-0.037226407
-1.0282282 	0.25 	0.01 	75.564974 	-3.7721584 	-0.036609159
-1.0294294 	0.25 	0.01 	75.935773 	-3.7000474 	-0.036182534
-1.0306306 	0.25 	0.01 	76.368039 	-3.6284226 	-0.035865521
-1.0318318 	0.25 	0.01 	76.532176 	-3.5533176 	-0.035761771
-1.033033 	0.25 	0.01 	76.599818 	-3.4769601 	-0.035734771
-1.0342342 	0.25 	0.01 	76.462635 	-3.3949153 	-0.035557316
-1.0354354 	0.25 	0.01 	76.031616 	-3.3079523 	-0.035117492
-1.0366366 	0.25 	0.01 	76.125038 	-3.2292393 	-0.034666803
-1.0378378 	0.25 	0.01 	76.718042 	-3.1583853 	-0.034205764
-1.039039 	0.25 	0.01 	76.905285 	-3.0864766 	-0.034093868
-1.0402402 	0.25 	0.01 	77.003317 	-3.0097337 	-0.034093868
-1.0414414 	0.25 	0.01 	76.901264 	-2.928828 	-0.033901351
-1.0426426 	0.25 	0.01 	76.497769 	-2.8446719 	-0.033440996
-1.0438438 	0.25 	0.01 	76.628493 	-2.7881757 	-0.033019627
-1.045045 	0.25 	0.01 	77.029592 	-2.7456785 	-0.032617989
-1.0462462 	0.25 	0.01 	77.401397 	-2.6969 	-0.03225556
-1.0474474 	0.25 	0.01 	77.483295 	-2.5873061 	-0.032398008
-1.0486486 	0.25 	0.01 	77.55279 	-2.4748476 	-0.032566088
-1.0498498 	0.25 	0.01 	77.622285 	-2.3623891 	-0.032734168
-1.0510511 	0.25 	0.01 	77.672599 	-2.2607538 	-0.032345442
-1.0522523 	0.25 	0.01 	77.517614 	-2.1189032 	-0.032099503
-1.0534535 	0.25 	0.01 	77.392848 	-1.9614479 	-0.031891926
-1.0546547 	0.25 	0.01 	77.831338 	-1.8283713 	-0.031304228
-1.0558559 	0.25 	0.01 	77.934747 	-1.7129377 	-0.031413909
-1.0570571 	0.25 	0.01 	78.038157 	-1.5975041 	-0.031523591
-1.0582583 	0.25 	0.01 	78.15548 	-1.4725694 	-0.031122106
-1.0594595 	0.25 	0.01 	78.230666 	-1.3386455 	-0.030139946
-1.0606607 	0.25 	0.01 	78.385104 	-1.2212267 	-0.03002482
-1.0618619 	0.25 	0.01 	78.513094 	-1.1024597 	-0.030084572
-1.0630631 	0.25 	0.01 	78.641084 	-0.9836927 	-0.030144323
-1.0642643 	0.25 	0.01 	78.763933 	-0.8661333 	-0.030170714
-1.0654655 	0.25 	0.01 	78.880018 	-0.75084669 	-0.029547539
-1.0666667 	0.25 	0.01 	78.903591 	-0.6294223 	-0.028614206
-1.0678679 	0.25 	0.01 	79.17059 	-0.50552723 	-0.028443764
-1.0690691 	0.25 	0.01 	79.325815 	-0.37017777 	-0.028436096
-1.0702703 	0.25 	0.01 	79.481039 	-0.23482831 	-0.028428427
-1.0714715 	0.25 	0.01 	79.636263 	-0.099478853 	-0.028420759
-1.0726727 	0.25 	0.01 	79.790533 	0.035240933 	-0.027988591
-1.0738739 	0.25 	0.01 	79.856044 	0.17489238 	-0.027187516
-1.0750751 	0.25 	0.01 	80.13686 	0.32017517 	-0.026588763
-1.0762763 	0.25 	0.01 	80.329299 	0.48164756 	-0.02655414
-1.0774775 	0.25 	0.01 	80.501545 	0.64431739 	-0.026555668
-1.0786787 	0.25 	0.01 	80.67379 	0.80698722 	-0.026557197
-1.0798799 	0.25 	0.01 	80.845762 	0.96939461 	-0.026438111
-1.0810811 	0.25 	0.01 	81.015813 	1.129961 	-0.025472931
-1.0822823 	0.25 	0.01 	80.97338 	1.3137171 	-0.025157405
-1.0834835 	0.25 	0.01 	81.429376 	1.4908129 	-0.024742262
-1.0846847 	0.25 	0.01 	81.624808 	1.6741196 	-0.024767141
-1.0858859 	0.25 	0.01 	81.82024 	1.8574262 	-0.02479202
-1.0870871 	0.25 	0.01 	82.015587 	2.0406442 	-0.024788897
-1.0882883 	0.25 	0.01 	82.208015 	2.2208601 	-0.023838479
-1.0894895 	0.25 	0.01 	82.392979 	2.4031241 	-0.023042185
-1.0906907 	0.25 	0.01 	82.577429 	2.5979758 	-0.022985739
-1.0918919 	0.25 	0.01 	82.76188 	2.7928276 	-0.022929293
-1.0930931 	0.25 	0.01 	82.94633 	2.9876793 	-0.022872847
-1.0942943 	0.25 	0.01 	83.145256 	3.2013742 	-0.022216375
-1.0954955 	0.25 	0.01 	83.19129 	3.4127217 	-0.021366848
-1.0966967 	0.25 	0.01 	83.413647 	3.6192205 	-0.021030731
-1.0978979 	0.25 	0.01 	83.605905 	3.8158637 	-0.020865854
-1.0990991 	0.25 	0.01 	83.778784 	4.007787 	-0.020775947
-1.1003003 	0.25 	0.01 	83.951664 	4.1997102 	-0.02068604
-1.1015015 	0.25 	0.01 	84.124543 	4.3916334 	-0.020596133
-1.1027027 	0.25 	0.01 	84.297422 	4.5835567 	-0.020506226
-1.1039039 	0.25 	0.01 	84.334566 	4.7296689 	-0.020015011
-1.1051051 	0.25 	0.01 	84.36663 	4.8741708 	-0.019512371
-1.1063063 	0.25 	0.01 	84.501876 	5.0013909 	-0.018941539
-1.1075075 	0.25 	0.01 	84.796219 	5.1019639 	-0.01826556
-1.1087087 	0.25 	0.01 	84.970312 	5.2653507 	-0.018015322
-1.1099099 	0.25 	0.01 	85.08799 	5.4734379 	-0.018015322
-1.1111111 	0.25 	0.01 	85.179491 	5.7268307 	-0.017872724
-1.1123123 	0.25 	0.01 	85.148905 	6.0690167 	-0.017358263
-1.1135135 	0.25 	0.01 	85.227671 	6.3280905 	-0.016865186
-1.1147147 	0.25 	0.01 	85.410349 	6.5078243 	-0.016388888
-1.1159159 	0.25 	0.01 	85.482677 	6.7494419 	-0.016420297
-1.1171171 	0.25 	0.01 	85.527929 	7.0064224 	-0.016579307
-1.1183183 	0.25 	0.01 	85.572888 	7.2629489 	-0.016638075
-1.1195195 	0.25 	0.01 	85.61524 	7.5154302 	-0.015803329
-1.1207207 	0.25 	0.01 	85.657886 	7.7771645 	-0.015146405
-1.1219219 	0.25 	0.01 	85.717223 	8.0593181 	-0.014991287
-1.1231231 	0.25 	0.01 	85.776561 	8.3414716 	-0.014836168
-1.1243243 	0.25 	0.01 	85.835898 	8.6236252 	-0.01468105
-1.1255255 	0.25 	0.01 	85.895235 	8.9057787 	-0.014525932
-1.1267267 	0.25 	0.01 	85.961659 	9.2336896 	-0.013652409
-1.1279279 	0.25 	0.01 	86.040756 	9.6256232 	-0.013154432
-1.1291291 	0.25 	0.01 	86.047528 	9.8467982 	-0.012534743
-1.1303303 	0.25 	0.01 	86.057593 	10.113887 	-0.012065345
-1.1315315 	0.25 	0.01 	86.08664 	10.516287 	-0.012065345
-1.1327327 	0.25 	0.01 	86.115687 	10.918687 	-0.012065345
-1.1339339 	0.25 	0.01 	86.226698 	11.540713 	-0.011453776
-1.1351351 	0.25 	0.01 	86.303713 	12.071574 	-0.0108801
-1.1363363 	0.25 	0.01 	86.276501 	12.322935 	-0.010426523
-1.1375375 	0.25 	0.01 	86.259798 	12.59862 	-0.010069853
-1.1387387 	0.25 	0.01 	86.281777 	12.96383 	-0.010069853
-1.1399399 	0.25 	0.01 	86.303757 	13.329041 	-0.010069853
-1.1411411 	0.25 	0.01 	86.329984 	13.705314 	-0.0099864295
-1.1423423 	0.25 	0.01 	86.390643 	14.182983 	-0.0094357309
-1.1435435 	0.25 	0.01 	86.451303 	14.660652 	-0.0088850323
-1.1447447 	0.25 	0.01 	86.407216 	15.197912 	-0.0083719586
-1.1459459 	0.25 	0.01 	86.369997 	15.720775 	-0.0075952162
-1.1471471 	0.25 	0.01 	86.34864 	16.231219 	-0.0075548138
-1.1483483 	0.25 	0.01 	86.326923 	16.742324 	-0.0075676845
-1.1495495 	0.25 	0.01 	86.305206 	17.253429 	-0.0075805552
-1.1507508 	0.25 	0.01 	86.373188 	17.678749 	-0.0070173384
-1.151952 	0.25 	0.01 	86.399753 	18.159864 	-0.0064717312
-1.1531532 	0.25 	0.01 	86.367797 	18.717172 	-0.0059915756
-1.1543544 	0.25 	0.01 	86.309608 	19.267905 	-0.0054253802
-1.1555556 	0.25 	0.01 	86.247083 	19.820281 	-0.0053952356
-1.1567568 	0.25 	0.01 	86.184559 	20.372657 	-0.0053650911
-1.157958 	0.25 	0.01 	86.127967 	20.909744 	-0.0051821702
-1.1591592 	0.25 	0.01 	86.089101 	21.401147 	-0.0045427566
-1.1603604 	0.25 	0.01 	85.976199 	22.001944 	-0.0039851506
-1.1615616 	0.25 	0.01 	85.825749 	22.597394 	-0.0030567642
-1.1627628 	0.25 	0.01 	85.660393 	23.170559 	-0.0030424808
-1.163964 	0.25 	0.01 	85.495213 	23.743295 	-0.0030654244
-1.1651652 	0.25 	0.01 	85.330033 	24.316031 	-0.003088368
-1.1663664 	0.25 	0.01 	85.130702 	24.828971 	-0.0025420759
-1.1675676 	0.25 	0.01 	84.913248 	25.340318 	-0.0019320088
-1.1687688 	0.25 	0.01 	84.677972 	25.863793 	-0.0013674985
-1.16997 	0.25 	0.01 	84.393263 	26.42599 	-0.00083095631
-1.1711712 	0.25 	0.01 	84.100011 	26.994663 	-0.00086618801
-1.1723724 	0.25 	0.01 	83.806759 	27.563335 	-0.0009014197
-1.1735736 	0.25 	0.01 	83.461007 	28.116044 	-0.00055688585
-1.1747748 	0.25 	0.01 	83.083814 	28.659192 	1.5081635e-05
-1.175976 	0.25 	0.01 	82.688121 	29.231472 	0.00065102087
-1.1771772 	0.25 	0.01 	82.290265 	29.807159 	0.0012944418
-1.1783784 	0.25 	0.01 	81.813731 	30.35564 	0.001356497
-1.1795796 	0.25 	0.01 	81.328817 	30.901245 	0.001356497
-1.1807808 	0.25 	0.01 	80.824111 	31.435346 	0.0015090155
-1.181982 	0.25 	0.01 	80.258521 	31.934065 	0.0021306845
-1.1831832 	0.25 	0.01 	79.691193 	32.420716 	0.0027177433
-1.1843844 	0.25 	0.01 	79.119042 	32.873873 	0.0032087367
-1.1855856 	0.25 	0.01 	78.499866 	33.293075 	0.0035340834
-1.1867868 	0.25 	0.01 	77.78833 	33.645589 	0.0035340834
-1.187988 	0.25 	0.01 	77.120302 	33.998062 	0.0035340834
-1.1891892 	0.25 	0.01 	76.39315 	34.297639 	0.0037640151
-1.1903904 	0.25 	0.01 	75.603055 	34.581401 	0.0040628755
-1.1915916 	0.25 	0.01 	74.788965 	34.768549 	0.0044373292
-1.1927928 	0.25 	0.01 	73.95604 	34.940573 	0.004924324
-1.193994 	0.25 	0.01 	73.118721 	35.103066 	0.0054375905
-1.1951952 	0.25 	0.01 	72.348464 	35.153941 	0.0054529297
-1.1963964 	0.25 	0.01 	71.578207 	35.204816 	0.0054682689
-1.1975976 	0.25 	0.01 	70.80795 	35.255692 	0.0054836081
-1.1987988 	0.25 	0.01 	70.037693 	35.306567 	0.0054989473
-1.2 	0.25 	0.01 	69.267436 	35.357442 	0.0055142865
