0 	0.25 	0.182 	53.071179 	-6.3656297 	-1.8013091
-0.0012012012 	0.25 	0.182 	53.07624 	-6.3777091 	-1.8020144
-0.0024024024 	0.25 	0.182 	53.081302 	-6.3897885 	-1.8027197
-0.0036036036 	0.25 	0.182 	53.086363 	-6.4018678 	-1.803425
-0.0048048048 	0.25 	0.182 	53.091424 	-6.4139472 	-1.8041304
-0.006006006 	0.25 	0.182 	53.096485 	-6.4260266 	-1.8048357
-0.0072072072 	0.25 	0.182 	53.101547 	-6.438106 	-1.805541
-0.0084084084 	0.25 	0.182 	53.106608 	-6.4501853 	-1.8062463
-0.0096096096 	0.25 	0.182 	53.111669 	-6.4622647 	-1.8069516
-0.010810811 	0.25 	0.182 	53.116731 	-6.4743441 	-1.8076569
-0.012012012 	0.25 	0.182 	53.121792 	-6.4864235 	-1.8083622
-0.013213213 	0.25 	0.182 	53.126853 	-6.4985029 	-1.8090675
-0.014414414 	0.25 	0.182 	53.131915 	-6.5105822 	-1.8097728
-0.015615616 	0.25 	0.182 	53.136976 	-6.5226616 	-1.8104782
-0.016816817 	0.25 	0.182 	53.142037 	-6.534741 	-1.8111835
-0.018018018 	0.25 	0.182 	53.147099 	-6.5468204 	-1.8118888
-0.019219219 	0.25 	0.182 	53.15216 	-6.5588997 	-1.8125941
-0.02042042 	0.25 	0.182 	53.157221 	-6.5709791 	-1.8132994
-0.021621622 	0.25 	0.182 	53.165937 	-6.5838716 	-1.8140911
-0.022822823 	0.25 	0.182 	53.176207 	-6.59711 	-1.8149195
-0.024024024 	0.25 	0.182 	53.186478 	-6.6103485 	-1.8157478
-0.025225225 	0.25 	0.182 	53.196748 	-6.6235869 	-1.8165762
-0.026426426 	0.25 	0.182 	53.207019 	-6.6368253 	-1.8174046
-0.027627628 	0.25 	0.182 	53.217308 	-6.650086 	-1.8181677
-0.028828829 	0.25 	0.182 	53.227624 	-6.6633764 	-1.8188434
-0.03003003 	0.25 	0.182 	53.237939 	-6.6766669 	-1.8195191
-0.031231231 	0.25 	0.182 	53.248254 	-6.6899574 	-1.8201948
-0.032432432 	0.25 	0.182 	53.25857 	-6.7032479 	-1.8208705
-0.033633634 	0.25 	0.182 	53.268885 	-6.7165383 	-1.8215462
-0.034834835 	0.25 	0.182 	53.279201 	-6.7298288 	-1.822222
-0.036036036 	0.25 	0.182 	53.289516 	-6.7431193 	-1.8228977
-0.037237237 	0.25 	0.182 	53.299831 	-6.7564097 	-1.8235734
-0.038438438 	0.25 	0.182 	53.310147 	-6.7697002 	-1.8242491
-0.03963964 	0.25 	0.182 	53.323675 	-6.7816708 	-1.8249736
-0.040840841 	0.25 	0.182 	53.337336 	-6.793587 	-1.8257001
-0.042042042 	0.25 	0.182 	53.350996 	-6.8055033 	-1.8264267
-0.043243243 	0.25 	0.182 	53.364657 	-6.8174195 	-1.8271532
-0.044444444 	0.25 	0.182 	53.378317 	-6.8293357 	-1.8278797
-0.045645646 	0.25 	0.182 	53.391978 	-6.8412519 	-1.8286062
-0.046846847 	0.25 	0.182 	53.405638 	-6.8531682 	-1.8293327
-0.048048048 	0.25 	0.182 	53.419299 	-6.8650844 	-1.8300593
-0.049249249 	0.25 	0.182 	53.43296 	-6.8770006 	-1.8307858
-0.05045045 	0.25 	0.182 	53.44662 	-6.8889169 	-1.8315123
-0.051651652 	0.25 	0.182 	53.460281 	-6.9008331 	-1.8322388
-0.052852853 	0.25 	0.182 	53.473941 	-6.9127493 	-1.8329654
-0.054054054 	0.25 	0.182 	53.487602 	-6.9246655 	-1.8336919
-0.055255255 	0.25 	0.182 	53.501263 	-6.9365818 	-1.8344184
-0.056456456 	0.25 	0.182 	53.514923 	-6.948498 	-1.8351449
-0.057657658 	0.25 	0.182 	53.528584 	-6.9604142 	-1.8358714
-0.058858859 	0.25 	0.182 	53.542244 	-6.9723304 	-1.836598
-0.06006006 	0.25 	0.182 	53.555905 	-6.9842467 	-1.8373245
-0.061261261 	0.25 	0.182 	53.568623 	-6.9991635 	-1.8379154
-0.062462462 	0.25 	0.182 	53.581306 	-7.0141923 	-1.8385013
-0.063663664 	0.25 	0.182 	53.593988 	-7.0292212 	-1.8390872
-0.064864865 	0.25 	0.182 	53.606671 	-7.0442501 	-1.8396731
-0.066066066 	0.25 	0.182 	53.619354 	-7.059279 	-1.8402589
-0.067267267 	0.25 	0.182 	53.632037 	-7.0743078 	-1.8408448
-0.068468468 	0.25 	0.182 	53.64472 	-7.0893367 	-1.8414307
-0.06966967 	0.25 	0.182 	53.657402 	-7.1043656 	-1.8420166
-0.070870871 	0.25 	0.182 	53.670085 	-7.1193944 	-1.8426024
-0.072072072 	0.25 	0.182 	53.682768 	-7.1344233 	-1.8431883
-0.073273273 	0.25 	0.182 	53.695451 	-7.1494522 	-1.8437742
-0.074474474 	0.25 	0.182 	53.708134 	-7.1644811 	-1.8443601
-0.075675676 	0.25 	0.182 	53.720816 	-7.1795099 	-1.8449459
-0.076876877 	0.25 	0.182 	53.733499 	-7.1945388 	-1.8455318
-0.078078078 	0.25 	0.182 	53.746182 	-7.2095677 	-1.8461177
-0.079279279 	0.25 	0.182 	53.758865 	-7.2245965 	-1.8467036
-0.08048048 	0.25 	0.182 	53.771548 	-7.2396254 	-1.8472894
-0.081681682 	0.25 	0.182 	53.784405 	-7.2542521 	-1.8478686
-0.082882883 	0.25 	0.182 	53.798034 	-7.2670997 	-1.848418
-0.084084084 	0.25 	0.182 	53.811663 	-7.2799472 	-1.8489675
-0.085285285 	0.25 	0.182 	53.825292 	-7.2927948 	-1.849517
-0.086486486 	0.25 	0.182 	53.838921 	-7.3056424 	-1.8500664
-0.087687688 	0.25 	0.182 	53.85255 	-7.3184899 	-1.8506159
-0.088888889 	0.25 	0.182 	53.866179 	-7.3313375 	-1.8511653
-0.09009009 	0.25 	0.182 	53.879808 	-7.3441851 	-1.8517148
-0.091291291 	0.25 	0.182 	53.893437 	-7.3570326 	-1.8522642
-0.092492492 	0.25 	0.182 	53.907066 	-7.3698802 	-1.8528137
-0.093693694 	0.25 	0.182 	53.92066 	-7.382698 	-1.85343
-0.094894895 	0.25 	0.182 	53.934227 	-7.395492 	-1.8540997
-0.096096096 	0.25 	0.182 	53.947794 	-7.4082861 	-1.8547694
-0.097297297 	0.25 	0.182 	53.96136 	-7.4210801 	-1.8554392
-0.098498498 	0.25 	0.182 	53.974927 	-7.4338741 	-1.8561089
-0.0996997 	0.25 	0.182 	53.988493 	-7.4466681 	-1.8567786
-0.1009009 	0.25 	0.182 	54.003069 	-7.4563628 	-1.8573025
-0.1021021 	0.25 	0.182 	54.017702 	-7.4658805 	-1.8578181
-0.1033033 	0.25 	0.182 	54.032335 	-7.4753982 	-1.8583337
-0.1045045 	0.25 	0.182 	54.046968 	-7.4849159 	-1.8588493
-0.10570571 	0.25 	0.182 	54.061601 	-7.4944336 	-1.8593649
-0.10690691 	0.25 	0.182 	54.076234 	-7.5039513 	-1.8598805
-0.10810811 	0.25 	0.182 	54.090868 	-7.513469 	-1.8603961
-0.10930931 	0.25 	0.182 	54.105501 	-7.5229868 	-1.8609117
-0.11051051 	0.25 	0.182 	54.120134 	-7.5325045 	-1.8614273
-0.11171171 	0.25 	0.182 	54.134767 	-7.5420222 	-1.8619429
-0.11291291 	0.25 	0.182 	54.1494 	-7.5515399 	-1.8624585
-0.11411411 	0.25 	0.182 	54.164033 	-7.5610576 	-1.8629741
-0.11531532 	0.25 	0.182 	54.178666 	-7.5705753 	-1.8634896
-0.11651652 	0.25 	0.182 	54.193299 	-7.580093 	-1.8640052
-0.11771772 	0.25 	0.182 	54.207932 	-7.5896108 	-1.8645208
-0.11891892 	0.25 	0.182 	54.222565 	-7.5991285 	-1.8650364
-0.12012012 	0.25 	0.182 	54.237199 	-7.6086462 	-1.865552
-0.12132132 	0.25 	0.182 	54.251701 	-7.6186175 	-1.8660808
-0.12252252 	0.25 	0.182 	54.265705 	-7.6303173 	-1.86666
-0.12372372 	0.25 	0.182 	54.279708 	-7.6420172 	-1.8672393
-0.12492492 	0.25 	0.182 	54.293712 	-7.653717 	-1.8678185
-0.12612613 	0.25 	0.182 	54.307716 	-7.6654168 	-1.8683977
-0.12732733 	0.25 	0.182 	54.32172 	-7.6771166 	-1.8689769
-0.12852853 	0.25 	0.182 	54.335724 	-7.6888164 	-1.8695561
-0.12972973 	0.25 	0.182 	54.349728 	-7.7005162 	-1.8701353
-0.13093093 	0.25 	0.182 	54.363731 	-7.7122161 	-1.8707145
-0.13213213 	0.25 	0.182 	54.377735 	-7.7239159 	-1.8712937
-0.13333333 	0.25 	0.182 	54.391739 	-7.7356157 	-1.8718729
-0.13453453 	0.25 	0.182 	54.405743 	-7.7473155 	-1.8724521
-0.13573574 	0.25 	0.182 	54.419747 	-7.7590153 	-1.8730314
-0.13693694 	0.25 	0.182 	54.43375 	-7.7707151 	-1.8736106
-0.13813814 	0.25 	0.182 	54.447754 	-7.7824149 	-1.8741898
-0.13933934 	0.25 	0.182 	54.461758 	-7.7941148 	-1.874769
-0.14054054 	0.25 	0.182 	54.475762 	-7.8058146 	-1.8753482
-0.14174174 	0.25 	0.182 	54.489766 	-7.8175144 	-1.8759274
-0.14294294 	0.25 	0.182 	54.505301 	-7.8289599 	-1.8764727
-0.14414414 	0.25 	0.182 	54.521703 	-7.8402617 	-1.8769987
-0.14534535 	0.25 	0.182 	54.538105 	-7.8515634 	-1.8775248
-0.14654655 	0.25 	0.182 	54.554506 	-7.8628652 	-1.8780508
-0.14774775 	0.25 	0.182 	54.570908 	-7.874167 	-1.8785769
-0.14894895 	0.25 	0.182 	54.58731 	-7.8854687 	-1.879103
-0.15015015 	0.25 	0.182 	54.603769 	-7.8968353 	-1.8795489
-0.15135135 	0.25 	0.182 	54.620236 	-7.9082112 	-1.8799834
-0.15255255 	0.25 	0.182 	54.636703 	-7.919587 	-1.8804179
-0.15375375 	0.25 	0.182 	54.65317 	-7.9309629 	-1.8808524
-0.15495495 	0.25 	0.182 	54.669637 	-7.9423387 	-1.8812869
-0.15615616 	0.25 	0.182 	54.686104 	-7.9537145 	-1.8817214
-0.15735736 	0.25 	0.182 	54.702571 	-7.9650904 	-1.8821558
-0.15855856 	0.25 	0.182 	54.719038 	-7.9764662 	-1.8825903
-0.15975976 	0.25 	0.182 	54.735505 	-7.9878421 	-1.8830248
-0.16096096 	0.25 	0.182 	54.751972 	-7.9992179 	-1.8834593
-0.16216216 	0.25 	0.182 	54.770446 	-8.0102131 	-1.8838914
-0.16336336 	0.25 	0.182 	54.789022 	-8.0211891 	-1.8843233
-0.16456456 	0.25 	0.182 	54.807598 	-8.0321651 	-1.8847552
-0.16576577 	0.25 	0.182 	54.826173 	-8.0431411 	-1.8851871
-0.16696697 	0.25 	0.182 	54.844749 	-8.0541171 	-1.885619
-0.16816817 	0.25 	0.182 	54.863324 	-8.0650931 	-1.8860509
-0.16936937 	0.25 	0.182 	54.8819 	-8.0760691 	-1.8864828
-0.17057057 	0.25 	0.182 	54.900476 	-8.087045 	-1.8869147
-0.17177177 	0.25 	0.182 	54.919051 	-8.098021 	-1.8873466
-0.17297297 	0.25 	0.182 	54.937627 	-8.108997 	-1.8877785
-0.17417417 	0.25 	0.182 	54.956202 	-8.119973 	-1.8882104
-0.17537538 	0.25 	0.182 	54.974778 	-8.130949 	-1.8886423
-0.17657658 	0.25 	0.182 	54.993354 	-8.141925 	-1.8890742
-0.17777778 	0.25 	0.182 	55.011929 	-8.152901 	-1.8895061
-0.17897898 	0.25 	0.182 	55.030505 	-8.1638769 	-1.889938
-0.18018018 	0.25 	0.182 	55.04908 	-8.1748529 	-1.8903699
-0.18138138 	0.25 	0.182 	55.067656 	-8.1858289 	-1.8908018
-0.18258258 	0.25 	0.182 	55.086331 	-8.1972254 	-1.8911905
-0.18378378 	0.25 	0.182 	55.105112 	-8.2090753 	-1.8915328
-0.18498498 	0.25 	0.182 	55.123894 	-8.2209253 	-1.891875
-0.18618619 	0.25 	0.182 	55.142675 	-8.2327753 	-1.8922172
-0.18738739 	0.25 	0.182 	55.161456 	-8.2446253 	-1.8925595
-0.18858859 	0.25 	0.182 	55.180238 	-8.2564753 	-1.8929017
-0.18978979 	0.25 	0.182 	55.199019 	-8.2683253 	-1.8932439
-0.19099099 	0.25 	0.182 	55.217801 	-8.2801753 	-1.8935862
-0.19219219 	0.25 	0.182 	55.236582 	-8.2920253 	-1.8939284
-0.19339339 	0.25 	0.182 	55.255363 	-8.3038753 	-1.8942706
-0.19459459 	0.25 	0.182 	55.274145 	-8.3157253 	-1.8946129
-0.1957958 	0.25 	0.182 	55.292926 	-8.3275753 	-1.8949551
-0.196997 	0.25 	0.182 	55.311708 	-8.3394253 	-1.8952973
-0.1981982 	0.25 	0.182 	55.330489 	-8.3512752 	-1.8956396
-0.1993994 	0.25 	0.182 	55.349271 	-8.3631252 	-1.8959818
-0.2006006 	0.25 	0.182 	55.368052 	-8.3749752 	-1.896324
-0.2018018 	0.25 	0.182 	55.386833 	-8.3868252 	-1.8966663
-0.203003 	0.25 	0.182 	55.405614 	-8.3984357 	-1.8970011
-0.2042042 	0.25 	0.182 	55.424391 	-8.4089194 	-1.8973015
-0.20540541 	0.25 	0.182 	55.443169 	-8.419403 	-1.8976019
-0.20660661 	0.25 	0.182 	55.461946 	-8.4298866 	-1.8979022
-0.20780781 	0.25 	0.182 	55.480723 	-8.4403703 	-1.8982026
-0.20900901 	0.25 	0.182 	55.4995 	-8.4508539 	-1.8985029
-0.21021021 	0.25 	0.182 	55.518278 	-8.4613375 	-1.8988033
-0.21141141 	0.25 	0.182 	55.537055 	-8.4718212 	-1.8991036
-0.21261261 	0.25 	0.182 	55.555832 	-8.4823048 	-1.899404
-0.21381381 	0.25 	0.182 	55.574609 	-8.4927884 	-1.8997044
-0.21501502 	0.25 	0.182 	55.59338 	-8.5032674 	-1.9000092
-0.21621622 	0.25 	0.182 	55.612074 	-8.5136914 	-1.900367
-0.21741742 	0.25 	0.182 	55.630769 	-8.5241154 	-1.9007249
-0.21861862 	0.25 	0.182 	55.649463 	-8.5345393 	-1.9010827
-0.21981982 	0.25 	0.182 	55.668157 	-8.5449633 	-1.9014406
-0.22102102 	0.25 	0.182 	55.686851 	-8.5553873 	-1.9017985
-0.22222222 	0.25 	0.182 	55.705545 	-8.5658113 	-1.9021563
-0.22342342 	0.25 	0.182 	55.724374 	-8.5743693 	-1.9023989
-0.22462462 	0.25 	0.182 	55.743205 	-8.5828907 	-1.9026392
-0.22582583 	0.25 	0.182 	55.762036 	-8.591412 	-1.9028795
-0.22702703 	0.25 	0.182 	55.780867 	-8.5999333 	-1.9031198
-0.22822823 	0.25 	0.182 	55.799698 	-8.6084547 	-1.9033601
-0.22942943 	0.25 	0.182 	55.818529 	-8.616976 	-1.9036004
-0.23063063 	0.25 	0.182 	55.83736 	-8.6254973 	-1.9038407
-0.23183183 	0.25 	0.182 	55.856192 	-8.6340186 	-1.904081
-0.23303303 	0.25 	0.182 	55.875023 	-8.64254 	-1.9043213
-0.23423423 	0.25 	0.182 	55.893854 	-8.6510613 	-1.9045616
-0.23543544 	0.25 	0.182 	55.912685 	-8.6595826 	-1.9048018
-0.23663664 	0.25 	0.182 	55.931516 	-8.668104 	-1.9050421
-0.23783784 	0.25 	0.182 	55.950347 	-8.6766253 	-1.9052824
-0.23903904 	0.25 	0.182 	55.969178 	-8.6851466 	-1.9055227
-0.24024024 	0.25 	0.182 	55.988009 	-8.693668 	-1.905763
-0.24144144 	0.25 	0.182 	56.006841 	-8.7021893 	-1.9060033
-0.24264264 	0.25 	0.182 	56.025672 	-8.7107106 	-1.9062436
-0.24384384 	0.25 	0.182 	56.045248 	-8.7194998 	-1.9065021
-0.24504505 	0.25 	0.182 	56.065096 	-8.7283865 	-1.9067672
-0.24624625 	0.25 	0.182 	56.084944 	-8.7372732 	-1.9070323
-0.24744745 	0.25 	0.182 	56.104792 	-8.7461598 	-1.9072974
-0.24864865 	0.25 	0.182 	56.12464 	-8.7550465 	-1.9075625
-0.24984985 	0.25 	0.182 	56.144488 	-8.7639332 	-1.9078275
-0.25105105 	0.25 	0.182 	56.164335 	-8.7728199 	-1.9080926
-0.25225225 	0.25 	0.182 	56.184183 	-8.7817066 	-1.9083577
-0.25345345 	0.25 	0.182 	56.204031 	-8.7905933 	-1.9086228
-0.25465465 	0.25 	0.182 	56.223879 	-8.7994799 	-1.9088879
-0.25585586 	0.25 	0.182 	56.243727 	-8.8083666 	-1.909153
-0.25705706 	0.25 	0.182 	56.263575 	-8.8172533 	-1.9094181
-0.25825826 	0.25 	0.182 	56.283423 	-8.82614 	-1.9096832
-0.25945946 	0.25 	0.182 	56.303271 	-8.8350267 	-1.9099482
-0.26066066 	0.25 	0.182 	56.323118 	-8.8439134 	-1.9102133
-0.26186186 	0.25 	0.182 	56.342966 	-8.8528 	-1.9104784
-0.26306306 	0.25 	0.182 	56.362814 	-8.8616867 	-1.9107435
-0.26426426 	0.25 	0.182 	56.382995 	-8.8711273 	-1.9109131
-0.26546547 	0.25 	0.182 	56.403353 	-8.8808631 	-1.9110318
-0.26666667 	0.25 	0.182 	56.423711 	-8.8905989 	-1.9111505
-0.26786787 	0.25 	0.182 	56.444068 	-8.9003347 	-1.9112692
-0.26906907 	0.25 	0.182 	56.464426 	-8.9100705 	-1.9113879
-0.27027027 	0.25 	0.182 	56.484784 	-8.9198063 	-1.9115066
-0.27147147 	0.25 	0.182 	56.505192 	-8.9295633 	-1.9116245
-0.27267267 	0.25 	0.182 	56.525676 	-8.9393529 	-1.9117412
-0.27387387 	0.25 	0.182 	56.546161 	-8.9491425 	-1.9118579
-0.27507508 	0.25 	0.182 	56.566645 	-8.9589321 	-1.9119746
-0.27627628 	0.25 	0.182 	56.58713 	-8.9687217 	-1.9120913
-0.27747748 	0.25 	0.182 	56.607614 	-8.9785113 	-1.912208
-0.27867868 	0.25 	0.182 	56.628099 	-8.9883009 	-1.9123247
-0.27987988 	0.25 	0.182 	56.648583 	-8.9980905 	-1.9124414
-0.28108108 	0.25 	0.182 	56.669067 	-9.0078801 	-1.9125581
-0.28228228 	0.25 	0.182 	56.689552 	-9.0176697 	-1.9126748
-0.28348348 	0.25 	0.182 	56.710036 	-9.0274593 	-1.9127915
-0.28468468 	0.25 	0.182 	56.731004 	-9.0380909 	-1.9128278
-0.28588589 	0.25 	0.182 	56.751982 	-9.0487409 	-1.9128623
-0.28708709 	0.25 	0.182 	56.77296 	-9.059391 	-1.9128968
-0.28828829 	0.25 	0.182 	56.793939 	-9.070041 	-1.9129313
-0.28948949 	0.25 	0.182 	56.814917 	-9.0806911 	-1.9129659
-0.29069069 	0.25 	0.182 	56.835895 	-9.0913411 	-1.9130004
-0.29189189 	0.25 	0.182 	56.856873 	-9.1019912 	-1.9130349
-0.29309309 	0.25 	0.182 	56.877852 	-9.1126413 	-1.9130694
-0.29429429 	0.25 	0.182 	56.89883 	-9.1232913 	-1.9131039
-0.2954955 	0.25 	0.182 	56.919808 	-9.1339414 	-1.9131385
-0.2966967 	0.25 	0.182 	56.940786 	-9.1445914 	-1.913173
-0.2978979 	0.25 	0.182 	56.961764 	-9.1552415 	-1.9132075
-0.2990991 	0.25 	0.182 	56.982743 	-9.1658916 	-1.913242
-0.3003003 	0.25 	0.182 	57.003721 	-9.1765416 	-1.9132766
-0.3015015 	0.25 	0.182 	57.024699 	-9.1871917 	-1.9133111
-0.3027027 	0.25 	0.182 	57.045677 	-9.1978417 	-1.9133456
-0.3039039 	0.25 	0.182 	57.066656 	-9.2084918 	-1.9133801
-0.30510511 	0.25 	0.182 	57.09063 	-9.2186093 	-1.9132451
-0.30630631 	0.25 	0.182 	57.114616 	-9.2287248 	-1.9131093
-0.30750751 	0.25 	0.182 	57.138603 	-9.2388403 	-1.9129736
-0.30870871 	0.25 	0.182 	57.162589 	-9.2489558 	-1.9128379
-0.30990991 	0.25 	0.182 	57.186575 	-9.2590714 	-1.9127022
-0.31111111 	0.25 	0.182 	57.210561 	-9.2691869 	-1.9125665
-0.31231231 	0.25 	0.182 	57.234547 	-9.2793024 	-1.9124307
-0.31351351 	0.25 	0.182 	57.258533 	-9.2894179 	-1.912295
-0.31471471 	0.25 	0.182 	57.282519 	-9.2995334 	-1.9121593
-0.31591592 	0.25 	0.182 	57.306505 	-9.3096489 	-1.9120236
-0.31711712 	0.25 	0.182 	57.330491 	-9.3197644 	-1.9118879
-0.31831832 	0.25 	0.182 	57.354477 	-9.3298799 	-1.9117521
-0.31951952 	0.25 	0.182 	57.378464 	-9.3399955 	-1.9116164
-0.32072072 	0.25 	0.182 	57.40245 	-9.350111 	-1.9114807
-0.32192192 	0.25 	0.182 	57.426436 	-9.3602265 	-1.911345
-0.32312312 	0.25 	0.182 	57.450422 	-9.370342 	-1.9112093
-0.32432432 	0.25 	0.182 	57.474165 	-9.3802402 	-1.9110667
-0.32552553 	0.25 	0.182 	57.496882 	-9.389219 	-1.910895
-0.32672673 	0.25 	0.182 	57.519598 	-9.3981977 	-1.9107233
-0.32792793 	0.25 	0.182 	57.542314 	-9.4071765 	-1.9105516
-0.32912913 	0.25 	0.182 	57.56503 	-9.4161552 	-1.9103799
-0.33033033 	0.25 	0.182 	57.587747 	-9.4251339 	-1.9102082
-0.33153153 	0.25 	0.182 	57.610463 	-9.4341127 	-1.9100365
-0.33273273 	0.25 	0.182 	57.633179 	-9.4430914 	-1.9098648
-0.33393393 	0.25 	0.182 	57.655896 	-9.4520702 	-1.9096931
-0.33513514 	0.25 	0.182 	57.678612 	-9.4610489 	-1.9095214
-0.33633634 	0.25 	0.182 	57.701328 	-9.4700277 	-1.9093497
-0.33753754 	0.25 	0.182 	57.72395 	-9.4789397 	-1.90916
-0.33873874 	0.25 	0.182 	57.746506 	-9.4878053 	-1.9089578
-0.33993994 	0.25 	0.182 	57.769062 	-9.4966709 	-1.9087555
-0.34114114 	0.25 	0.182 	57.791619 	-9.5055364 	-1.9085533
-0.34234234 	0.25 	0.182 	57.814175 	-9.514402 	-1.9083511
-0.34354354 	0.25 	0.182 	57.836731 	-9.5232676 	-1.9081489
-0.34474474 	0.25 	0.182 	57.859287 	-9.5321332 	-1.9079466
-0.34594595 	0.25 	0.182 	57.881115 	-9.5395534 	-1.9076174
-0.34714715 	0.25 	0.182 	57.902917 	-9.5469211 	-1.9072836
-0.34834835 	0.25 	0.182 	57.924719 	-9.5542889 	-1.9069498
-0.34954955 	0.25 	0.182 	57.946521 	-9.5616566 	-1.906616
-0.35075075 	0.25 	0.182 	57.968323 	-9.5690244 	-1.9062822
-0.35195195 	0.25 	0.182 	57.990124 	-9.5763921 	-1.9059484
-0.35315315 	0.25 	0.182 	58.011926 	-9.5837598 	-1.9056146
-0.35435435 	0.25 	0.182 	58.033728 	-9.5911276 	-1.9052807
-0.35555556 	0.25 	0.182 	58.05553 	-9.5984953 	-1.9049469
-0.35675676 	0.25 	0.182 	58.077332 	-9.6058631 	-1.9046131
-0.35795796 	0.25 	0.182 	58.099133 	-9.6132308 	-1.9042793
-0.35915916 	0.25 	0.182 	58.120935 	-9.6205985 	-1.9039455
-0.36036036 	0.25 	0.182 	58.142737 	-9.6279663 	-1.9036117
-0.36156156 	0.25 	0.182 	58.164539 	-9.635334 	-1.9032779
-0.36276276 	0.25 	0.182 	58.186341 	-9.6427018 	-1.9029441
-0.36396396 	0.25 	0.182 	58.208143 	-9.6500695 	-1.9026102
-0.36516517 	0.25 	0.182 	58.231464 	-9.6572673 	-1.9022177
-0.36636637 	0.25 	0.182 	58.259496 	-9.6639382 	-1.9016429
-0.36756757 	0.25 	0.182 	58.287529 	-9.6706091 	-1.9010681
-0.36876877 	0.25 	0.182 	58.315562 	-9.6772799 	-1.9004934
-0.36996997 	0.25 	0.182 	58.343595 	-9.6839508 	-1.8999186
-0.37117117 	0.25 	0.182 	58.371628 	-9.6906217 	-1.8993438
-0.37237237 	0.25 	0.182 	58.399661 	-9.6972926 	-1.898769
-0.37357357 	0.25 	0.182 	58.427693 	-9.7039635 	-1.8981943
-0.37477477 	0.25 	0.182 	58.455726 	-9.7106343 	-1.8976195
-0.37597598 	0.25 	0.182 	58.483759 	-9.7173052 	-1.8970447
-0.37717718 	0.25 	0.182 	58.511792 	-9.7239761 	-1.89647
-0.37837838 	0.25 	0.182 	58.539825 	-9.730647 	-1.8958952
-0.37957958 	0.25 	0.182 	58.567857 	-9.7373178 	-1.8953204
-0.38078078 	0.25 	0.182 	58.59589 	-9.7439887 	-1.8947456
-0.38198198 	0.25 	0.182 	58.623923 	-9.7506596 	-1.8941709
-0.38318318 	0.25 	0.182 	58.651956 	-9.7573305 	-1.8935961
-0.38438438 	0.25 	0.182 	58.679989 	-9.7640014 	-1.8930213
-0.38558559 	0.25 	0.182 	58.705257 	-9.771512 	-1.8925544
-0.38678679 	0.25 	0.182 	58.729436 	-9.7793533 	-1.89213
-0.38798799 	0.25 	0.182 	58.753615 	-9.7871946 	-1.8917056
-0.38918919 	0.25 	0.182 	58.777794 	-9.7950359 	-1.8912811
-0.39039039 	0.25 	0.182 	58.801973 	-9.8028772 	-1.8908567
-0.39159159 	0.25 	0.182 	58.826153 	-9.8107185 	-1.8904323
-0.39279279 	0.25 	0.182 	58.850332 	-9.8185598 	-1.8900078
-0.39399399 	0.25 	0.182 	58.874511 	-9.8264011 	-1.8895834
-0.3951952 	0.25 	0.182 	58.89869 	-9.8342424 	-1.889159
-0.3963964 	0.25 	0.182 	58.922869 	-9.8420837 	-1.8887345
-0.3975976 	0.25 	0.182 	58.947049 	-9.849925 	-1.8883101
-0.3987988 	0.25 	0.182 	58.971103 	-9.8576657 	-1.8878205
-0.4 	0.25 	0.182 	58.995134 	-9.8653881 	-1.8873192
-0.4012012 	0.25 	0.182 	59.019165 	-9.8731106 	-1.8868178
-0.4024024 	0.25 	0.182 	59.043196 	-9.8808331 	-1.8863165
-0.4036036 	0.25 	0.182 	59.067228 	-9.8885555 	-1.8858151
-0.4048048 	0.25 	0.182 	59.091259 	-9.896278 	-1.8853138
-0.40600601 	0.25 	0.182 	59.11529 	-9.9040005 	-1.8848124
-0.40720721 	0.25 	0.182 	59.137695 	-9.9109367 	-1.8843361
-0.40840841 	0.25 	0.182 	59.159953 	-9.9178021 	-1.883862
-0.40960961 	0.25 	0.182 	59.182212 	-9.9246675 	-1.883388
-0.41081081 	0.25 	0.182 	59.20447 	-9.931533 	-1.8829139
-0.41201201 	0.25 	0.182 	59.226728 	-9.9383984 	-1.8824398
-0.41321321 	0.25 	0.182 	59.248986 	-9.9452638 	-1.8819658
-0.41441441 	0.25 	0.182 	59.271245 	-9.9521293 	-1.8814917
-0.41561562 	0.25 	0.182 	59.293503 	-9.9589947 	-1.8810176
-0.41681682 	0.25 	0.182 	59.315761 	-9.9658601 	-1.8805436
-0.41801802 	0.25 	0.182 	59.33802 	-9.9727255 	-1.8800695
-0.41921922 	0.25 	0.182 	59.360278 	-9.979591 	-1.8795954
-0.42042042 	0.25 	0.182 	59.382536 	-9.9864564 	-1.8791213
-0.42162162 	0.25 	0.182 	59.404794 	-9.9933218 	-1.8786473
-0.42282282 	0.25 	0.182 	59.427053 	-10.000187 	-1.8781732
-0.42402402 	0.25 	0.182 	59.449311 	-10.007053 	-1.8776991
-0.42522523 	0.25 	0.182 	59.471569 	-10.013918 	-1.8772251
-0.42642643 	0.25 	0.182 	59.498989 	-10.022013 	-1.8765993
-0.42762763 	0.25 	0.182 	59.531417 	-10.031301 	-1.8758263
-0.42882883 	0.25 	0.182 	59.563845 	-10.04059 	-1.8750533
-0.43003003 	0.25 	0.182 	59.596272 	-10.049878 	-1.8742802
-0.43123123 	0.25 	0.182 	59.6287 	-10.059166 	-1.8735072
-0.43243243 	0.25 	0.182 	59.661128 	-10.068454 	-1.8727342
-0.43363363 	0.25 	0.182 	59.693556 	-10.077743 	-1.8719612
-0.43483483 	0.25 	0.182 	59.725984 	-10.087031 	-1.8711882
-0.43603604 	0.25 	0.182 	59.758412 	-10.096319 	-1.8704152
-0.43723724 	0.25 	0.182 	59.79084 	-10.105608 	-1.8696422
-0.43843844 	0.25 	0.182 	59.823268 	-10.114896 	-1.8688692
-0.43963964 	0.25 	0.182 	59.855696 	-10.124184 	-1.8680962
-0.44084084 	0.25 	0.182 	59.888124 	-10.133472 	-1.8673232
-0.44204204 	0.25 	0.182 	59.920552 	-10.142761 	-1.8665501
-0.44324324 	0.25 	0.182 	59.95298 	-10.152049 	-1.8657771
-0.44444444 	0.25 	0.182 	59.985408 	-10.161337 	-1.8650041
-0.44564565 	0.25 	0.182 	60.015749 	-10.169595 	-1.8642902
-0.44684685 	0.25 	0.182 	60.040998 	-10.175338 	-1.8637207
-0.44804805 	0.25 	0.182 	60.066247 	-10.181081 	-1.8631512
-0.44924925 	0.25 	0.182 	60.091495 	-10.186824 	-1.8625817
-0.45045045 	0.25 	0.182 	60.116744 	-10.192567 	-1.8620121
-0.45165165 	0.25 	0.182 	60.141992 	-10.19831 	-1.8614426
-0.45285285 	0.25 	0.182 	60.167241 	-10.204052 	-1.8608731
-0.45405405 	0.25 	0.182 	60.19249 	-10.209795 	-1.8603036
-0.45525526 	0.25 	0.182 	60.217738 	-10.215538 	-1.8597341
-0.45645646 	0.25 	0.182 	60.242987 	-10.221281 	-1.8591645
-0.45765766 	0.25 	0.182 	60.268235 	-10.227024 	-1.858595
-0.45885886 	0.25 	0.182 	60.293471 	-10.232759 	-1.8580122
-0.46006006 	0.25 	0.182 	60.318587 	-10.238426 	-1.8573103
-0.46126126 	0.25 	0.182 	60.343703 	-10.244094 	-1.8566084
-0.46246246 	0.25 	0.182 	60.368819 	-10.249761 	-1.8559065
-0.46366366 	0.25 	0.182 	60.393935 	-10.255428 	-1.8552046
-0.46486486 	0.25 	0.182 	60.419051 	-10.261095 	-1.8545027
-0.46606607 	0.25 	0.182 	60.444167 	-10.266763 	-1.8538008
-0.46726727 	0.25 	0.182 	60.469283 	-10.27243 	-1.8530989
-0.46846847 	0.25 	0.182 	60.491453 	-10.276133 	-1.8523787
-0.46966967 	0.25 	0.182 	60.513171 	-10.279533 	-1.8516556
-0.47087087 	0.25 	0.182 	60.534888 	-10.282933 	-1.8509326
-0.47207207 	0.25 	0.182 	60.556605 	-10.286333 	-1.8502095
-0.47327327 	0.25 	0.182 	60.578323 	-10.289733 	-1.8494865
-0.47447447 	0.25 	0.182 	60.60004 	-10.293133 	-1.8487634
-0.47567568 	0.25 	0.182 	60.621757 	-10.296533 	-1.8480404
-0.47687688 	0.25 	0.182 	60.643475 	-10.299933 	-1.8473173
-0.47807808 	0.25 	0.182 	60.665192 	-10.303333 	-1.8465943
-0.47927928 	0.25 	0.182 	60.686909 	-10.306734 	-1.8458712
-0.48048048 	0.25 	0.182 	60.708627 	-10.310134 	-1.8451482
-0.48168168 	0.25 	0.182 	60.730344 	-10.313534 	-1.8444251
-0.48288288 	0.25 	0.182 	60.752061 	-10.316934 	-1.8437021
-0.48408408 	0.25 	0.182 	60.773779 	-10.320334 	-1.842979
-0.48528529 	0.25 	0.182 	60.795496 	-10.323734 	-1.842256
-0.48648649 	0.25 	0.182 	60.817213 	-10.327134 	-1.8415329
-0.48768769 	0.25 	0.182 	60.848986 	-10.333787 	-1.8404545
-0.48888889 	0.25 	0.182 	60.884048 	-10.341505 	-1.8392598
-0.49009009 	0.25 	0.182 	60.919111 	-10.349222 	-1.8380652
-0.49129129 	0.25 	0.182 	60.954173 	-10.356939 	-1.8368705
-0.49249249 	0.25 	0.182 	60.989235 	-10.364656 	-1.8356758
-0.49369369 	0.25 	0.182 	61.024297 	-10.372374 	-1.8344811
-0.49489489 	0.25 	0.182 	61.05936 	-10.380091 	-1.8332865
-0.4960961 	0.25 	0.182 	61.094422 	-10.387808 	-1.8320918
-0.4972973 	0.25 	0.182 	61.129484 	-10.395526 	-1.8308971
-0.4984985 	0.25 	0.182 	61.164546 	-10.403243 	-1.8297025
-0.4996997 	0.25 	0.182 	61.199609 	-10.41096 	-1.8285078
-0.5009009 	0.25 	0.182 	61.234671 	-10.418677 	-1.8273131
-0.5021021 	0.25 	0.182 	61.269733 	-10.426395 	-1.8261184
-0.5033033 	0.25 	0.182 	61.304796 	-10.434112 	-1.8249238
-0.5045045 	0.25 	0.182 	61.339858 	-10.441829 	-1.8237291
-0.50570571 	0.25 	0.182 	61.37492 	-10.449546 	-1.8225344
-0.50690691 	0.25 	0.182 	61.401268 	-10.458057 	-1.8215644
-0.50810811 	0.25 	0.182 	61.425884 	-10.466725 	-1.820639
-0.50930931 	0.25 	0.182 	61.4505 	-10.475393 	-1.8197137
-0.51051051 	0.25 	0.182 	61.47513 	-10.484077 	-1.8188101
-0.51171171 	0.25 	0.182 	61.499856 	-10.492861 	-1.8180524
-0.51291291 	0.25 	0.182 	61.524582 	-10.501646 	-1.8172946
-0.51411411 	0.25 	0.182 	61.549307 	-10.510431 	-1.8165368
-0.51531532 	0.25 	0.182 	61.574033 	-10.519216 	-1.8157791
-0.51651652 	0.25 	0.182 	61.598759 	-10.528001 	-1.8150213
-0.51771772 	0.25 	0.182 	61.621514 	-10.535257 	-1.8142139
-0.51891892 	0.25 	0.182 	61.640985 	-10.539965 	-1.8133237
-0.52012012 	0.25 	0.182 	61.660455 	-10.544674 	-1.8124335
-0.52132132 	0.25 	0.182 	61.679926 	-10.549382 	-1.8115433
-0.52252252 	0.25 	0.182 	61.699397 	-10.55409 	-1.8106532
-0.52372372 	0.25 	0.182 	61.718868 	-10.558799 	-1.809763
-0.52492492 	0.25 	0.182 	61.738303 	-10.563441 	-1.8087498
-0.52612613 	0.25 	0.182 	61.757712 	-10.568037 	-1.8076494
-0.52732733 	0.25 	0.182 	61.777122 	-10.572633 	-1.806549
-0.52852853 	0.25 	0.182 	61.796531 	-10.577229 	-1.8054486
-0.52972973 	0.25 	0.182 	61.823519 	-10.581693 	-1.80449
-0.53093093 	0.25 	0.182 	61.852432 	-10.586124 	-1.8035674
-0.53213213 	0.25 	0.182 	61.881345 	-10.590554 	-1.8026449
-0.53333333 	0.25 	0.182 	61.910258 	-10.594984 	-1.8017223
-0.53453453 	0.25 	0.182 	61.939171 	-10.599415 	-1.8007998
-0.53573574 	0.25 	0.182 	61.968084 	-10.603845 	-1.7998772
-0.53693694 	0.25 	0.182 	61.996997 	-10.608276 	-1.7989546
-0.53813814 	0.25 	0.182 	62.025909 	-10.612706 	-1.7980321
-0.53933934 	0.25 	0.182 	62.054822 	-10.617137 	-1.7971095
-0.54054054 	0.25 	0.182 	62.083735 	-10.621567 	-1.796187
-0.54174174 	0.25 	0.182 	62.112648 	-10.625998 	-1.7952644
-0.54294294 	0.25 	0.182 	62.141558 	-10.630428 	-1.7943411
-0.54414414 	0.25 	0.182 	62.170301 	-10.634852 	-1.7933858
-0.54534535 	0.25 	0.182 	62.199045 	-10.639275 	-1.7924304
-0.54654655 	0.25 	0.182 	62.227789 	-10.643699 	-1.791475
-0.54774775 	0.25 	0.182 	62.256526 	-10.648122 	-1.7905192
-0.54894895 	0.25 	0.182 	62.282556 	-10.652286 	-1.7894186
-0.55015015 	0.25 	0.182 	62.308587 	-10.656451 	-1.788318
-0.55135135 	0.25 	0.182 	62.334617 	-10.660615 	-1.7872174
-0.55255255 	0.25 	0.182 	62.360647 	-10.66478 	-1.7861168
-0.55375375 	0.25 	0.182 	62.386678 	-10.668944 	-1.7850162
-0.55495495 	0.25 	0.182 	62.412708 	-10.673108 	-1.7839156
-0.55615616 	0.25 	0.182 	62.438739 	-10.677273 	-1.782815
-0.55735736 	0.25 	0.182 	62.464769 	-10.681437 	-1.7817143
-0.55855856 	0.25 	0.182 	62.490799 	-10.685602 	-1.7806137
-0.55975976 	0.25 	0.182 	62.51591 	-10.690336 	-1.7795488
-0.56096096 	0.25 	0.182 	62.538382 	-10.696706 	-1.7785861
-0.56216216 	0.25 	0.182 	62.560854 	-10.703075 	-1.7776234
-0.56336336 	0.25 	0.182 	62.583326 	-10.709445 	-1.7766607
-0.56456456 	0.25 	0.182 	62.605773 	-10.715782 	-1.7756326
-0.56576577 	0.25 	0.182 	62.62816 	-10.722047 	-1.7744518
-0.56696697 	0.25 	0.182 	62.648386 	-10.727506 	-1.7732411
-0.56816817 	0.25 	0.182 	62.665386 	-10.731764 	-1.7719856
-0.56936937 	0.25 	0.182 	62.682386 	-10.736022 	-1.7707301
-0.57057057 	0.25 	0.182 	62.699386 	-10.740281 	-1.7694746
-0.57177177 	0.25 	0.182 	62.716386 	-10.744539 	-1.7682191
-0.57297297 	0.25 	0.182 	62.733387 	-10.748797 	-1.7669636
-0.57417417 	0.25 	0.182 	62.750387 	-10.753055 	-1.765708
-0.57537538 	0.25 	0.182 	62.767387 	-10.757313 	-1.7644525
-0.57657658 	0.25 	0.182 	62.784387 	-10.761571 	-1.763197
-0.57777778 	0.25 	0.182 	62.801387 	-10.76583 	-1.7619415
-0.57897898 	0.25 	0.182 	62.827041 	-10.771628 	-1.7604318
-0.58018018 	0.25 	0.182 	62.857881 	-10.778348 	-1.7587699
-0.58138138 	0.25 	0.182 	62.888721 	-10.785069 	-1.7571079
-0.58258258 	0.25 	0.182 	62.91956 	-10.79179 	-1.7554459
-0.58378378 	0.25 	0.182 	62.9504 	-10.798511 	-1.7537839
-0.58498498 	0.25 	0.182 	62.98124 	-10.805232 	-1.752122
-0.58618619 	0.25 	0.182 	63.01208 	-10.811953 	-1.75046
-0.58738739 	0.25 	0.182 	63.042919 	-10.818674 	-1.748798
-0.58858859 	0.25 	0.182 	63.073759 	-10.825394 	-1.747136
-0.58978979 	0.25 	0.182 	63.104599 	-10.832115 	-1.7454741
-0.59099099 	0.25 	0.182 	63.131125 	-10.835118 	-1.7438066
-0.59219219 	0.25 	0.182 	63.156099 	-10.836781 	-1.7421373
-0.59339339 	0.25 	0.182 	63.181194 	-10.838492 	-1.7407558
-0.59459459 	0.25 	0.182 	63.206295 	-10.840206 	-1.7393896
-0.5957958 	0.25 	0.182 	63.231397 	-10.84192 	-1.7380233
-0.596997 	0.25 	0.182 	63.254413 	-10.842751 	-1.7366768
-0.5981982 	0.25 	0.182 	63.267156 	-10.839233 	-1.7354271
-0.5993994 	0.25 	0.182 	63.279898 	-10.835716 	-1.7341774
-0.6006006 	0.25 	0.182 	63.292641 	-10.832198 	-1.7329278
-0.6018018 	0.25 	0.182 	63.305384 	-10.82868 	-1.7316781
-0.603003 	0.25 	0.182 	63.318127 	-10.825162 	-1.7304284
-0.6042042 	0.25 	0.182 	63.33087 	-10.821644 	-1.7291788
-0.60540541 	0.25 	0.182 	63.343613 	-10.818126 	-1.7279291
-0.60660661 	0.25 	0.182 	63.356355 	-10.814609 	-1.7266794
-0.60780781 	0.25 	0.182 	63.369098 	-10.811091 	-1.7254298
-0.60900901 	0.25 	0.182 	63.385288 	-10.807814 	-1.7240818
-0.61021021 	0.25 	0.182 	63.412127 	-10.805281 	-1.72243
-0.61141141 	0.25 	0.182 	63.438967 	-10.802749 	-1.7207782
-0.61261261 	0.25 	0.182 	63.465806 	-10.800216 	-1.7191264
-0.61381381 	0.25 	0.182 	63.492645 	-10.797684 	-1.7174746
-0.61501502 	0.25 	0.182 	63.519485 	-10.795151 	-1.7158228
-0.61621622 	0.25 	0.182 	63.546324 	-10.792618 	-1.714171
-0.61741742 	0.25 	0.182 	63.573163 	-10.790086 	-1.7125192
-0.61861862 	0.25 	0.182 	63.600003 	-10.787553 	-1.7108674
-0.61981982 	0.25 	0.182 	63.626842 	-10.78502 	-1.7092156
-0.62102102 	0.25 	0.182 	63.653155 	-10.782409 	-1.7075981
-0.62222222 	0.25 	0.182 	63.677354 	-10.779482 	-1.7061189
-0.62342342 	0.25 	0.182 	63.701553 	-10.776555 	-1.7046396
-0.62462462 	0.25 	0.182 	63.725752 	-10.773628 	-1.7031603
-0.62582583 	0.25 	0.182 	63.749879 	-10.770675 	-1.7015054
-0.62702703 	0.25 	0.182 	63.773943 	-10.767702 	-1.6996984
-0.62822823 	0.25 	0.182 	63.789945 	-10.766795 	-1.6981449
-0.62942943 	0.25 	0.182 	63.805386 	-10.766031 	-1.696609
-0.63063063 	0.25 	0.182 	63.820826 	-10.765268 	-1.6950731
-0.63183183 	0.25 	0.182 	63.836267 	-10.764505 	-1.6935372
-0.63303303 	0.25 	0.182 	63.851708 	-10.763742 	-1.6920013
-0.63423423 	0.25 	0.182 	63.867149 	-10.762979 	-1.6904654
-0.63543544 	0.25 	0.182 	63.882589 	-10.762216 	-1.6889295
-0.63663664 	0.25 	0.182 	63.89803 	-10.761453 	-1.6873936
-0.63783784 	0.25 	0.182 	63.913471 	-10.76069 	-1.6858577
-0.63903904 	0.25 	0.182 	63.928912 	-10.759926 	-1.6843218
-0.64024024 	0.25 	0.182 	63.953384 	-10.761055 	-1.6825901
-0.64144144 	0.25 	0.182 	63.979328 	-10.762493 	-1.6808265
-0.64264264 	0.25 	0.182 	64.005273 	-10.76393 	-1.6790629
-0.64384384 	0.25 	0.182 	64.031217 	-10.765367 	-1.6772993
-0.64504505 	0.25 	0.182 	64.057161 	-10.766804 	-1.6755358
-0.64624625 	0.25 	0.182 	64.083106 	-10.768242 	-1.6737722
-0.64744745 	0.25 	0.182 	64.10905 	-10.769679 	-1.6720086
-0.64864865 	0.25 	0.182 	64.134994 	-10.771116 	-1.670245
-0.64984985 	0.25 	0.182 	64.160939 	-10.772554 	-1.6684814
-0.65105105 	0.25 	0.182 	64.186883 	-10.773991 	-1.6667178
-0.65225225 	0.25 	0.182 	64.211397 	-10.774036 	-1.6650442
-0.65345345 	0.25 	0.182 	64.235183 	-10.773373 	-1.6634162
-0.65465465 	0.25 	0.182 	64.25897 	-10.77271 	-1.6617882
-0.65585586 	0.25 	0.182 	64.282739 	-10.772031 	-1.6601072
-0.65705706 	0.25 	0.182 	64.306415 	-10.771265 	-1.6581323
-0.65825826 	0.25 	0.182 	64.325517 	-10.76925 	-1.6563326
-0.65945946 	0.25 	0.182 	64.342697 	-10.766711 	-1.6546064
-0.66066066 	0.25 	0.182 	64.359878 	-10.764172 	-1.6528803
-0.66186186 	0.25 	0.182 	64.377058 	-10.761632 	-1.6511542
-0.66306306 	0.25 	0.182 	64.394238 	-10.759093 	-1.6494281
-0.66426426 	0.25 	0.182 	64.411419 	-10.756553 	-1.647702
-0.66546547 	0.25 	0.182 	64.428599 	-10.754014 	-1.6459758
-0.66666667 	0.25 	0.182 	64.44578 	-10.751475 	-1.6442497
-0.66786787 	0.25 	0.182 	64.46296 	-10.748935 	-1.6425236
-0.66906907 	0.25 	0.182 	64.480141 	-10.746396 	-1.6407975
-0.67027027 	0.25 	0.182 	64.501344 	-10.74518 	-1.6389277
-0.67147147 	0.25 	0.182 	64.526963 	-10.745416 	-1.6369001
-0.67267267 	0.25 	0.182 	64.552582 	-10.745653 	-1.6348726
-0.67387387 	0.25 	0.182 	64.5782 	-10.745889 	-1.6328451
-0.67507508 	0.25 	0.182 	64.603819 	-10.746126 	-1.6308176
-0.67627628 	0.25 	0.182 	64.629437 	-10.746362 	-1.6287901
-0.67747748 	0.25 	0.182 	64.655056 	-10.746599 	-1.6267626
-0.67867868 	0.25 	0.182 	64.680675 	-10.746835 	-1.624735
-0.67987988 	0.25 	0.182 	64.706293 	-10.747071 	-1.6227075
-0.68108108 	0.25 	0.182 	64.731912 	-10.747308 	-1.62068
-0.68228228 	0.25 	0.182 	64.757226 	-10.747246 	-1.6186815
-0.68348348 	0.25 	0.182 	64.780721 	-10.745405 	-1.616856
-0.68468468 	0.25 	0.182 	64.804216 	-10.743564 	-1.6150306
-0.68588589 	0.25 	0.182 	64.827711 	-10.741723 	-1.6132051
-0.68708709 	0.25 	0.182 	64.851128 	-10.739834 	-1.6110801
-0.68828829 	0.25 	0.182 	64.87258 	-10.736633 	-1.608957
-0.68948949 	0.25 	0.182 	64.891617 	-10.731823 	-1.6069467
-0.69069069 	0.25 	0.182 	64.910654 	-10.727014 	-1.6049365
-0.69189189 	0.25 	0.182 	64.929691 	-10.722204 	-1.6029262
-0.69309309 	0.25 	0.182 	64.948729 	-10.717394 	-1.6009159
-0.69429429 	0.25 	0.182 	64.967766 	-10.712584 	-1.5989057
-0.6954955 	0.25 	0.182 	64.986803 	-10.707774 	-1.5968954
-0.6966967 	0.25 	0.182 	65.00584 	-10.702964 	-1.5948851
-0.6978979 	0.25 	0.182 	65.024878 	-10.698154 	-1.5928749
-0.6990991 	0.25 	0.182 	65.043915 	-10.693344 	-1.5908646
-0.7003003 	0.25 	0.182 	65.063445 	-10.68918 	-1.5888281
-0.7015015 	0.25 	0.182 	65.087838 	-10.691394 	-1.5865324
-0.7027027 	0.25 	0.182 	65.112231 	-10.693607 	-1.5842367
-0.7039039 	0.25 	0.182 	65.136624 	-10.69582 	-1.581941
-0.70510511 	0.25 	0.182 	65.161016 	-10.698033 	-1.5796453
-0.70630631 	0.25 	0.182 	65.185409 	-10.700247 	-1.5773496
-0.70750751 	0.25 	0.182 	65.209802 	-10.70246 	-1.5750539
-0.70870871 	0.25 	0.182 	65.234195 	-10.704673 	-1.5727582
-0.70990991 	0.25 	0.182 	65.258588 	-10.706886 	-1.5704625
-0.71111111 	0.25 	0.182 	65.282981 	-10.709099 	-1.5681668
-0.71231231 	0.25 	0.182 	65.307374 	-10.711313 	-1.5658711
-0.71351351 	0.25 	0.182 	65.331373 	-10.709905 	-1.5637272
-0.71471471 	0.25 	0.182 	65.355148 	-10.706443 	-1.5616693
-0.71591592 	0.25 	0.182 	65.378922 	-10.702982 	-1.5596113
-0.71711712 	0.25 	0.182 	65.402654 	-10.6995 	-1.5573898
-0.71831832 	0.25 	0.182 	65.425877 	-10.695041 	-1.554923
-0.71951952 	0.25 	0.182 	65.446993 	-10.686027 	-1.5525807
-0.72072072 	0.25 	0.182 	65.46811 	-10.677014 	-1.5502384
-0.72192192 	0.25 	0.182 	65.489226 	-10.668 	-1.5478962
-0.72312312 	0.25 	0.182 	65.510342 	-10.658986 	-1.5455539
-0.72432432 	0.25 	0.182 	65.531459 	-10.649973 	-1.5432116
-0.72552553 	0.25 	0.182 	65.552575 	-10.640959 	-1.5408694
-0.72672673 	0.25 	0.182 	65.573691 	-10.631946 	-1.5385271
-0.72792793 	0.25 	0.182 	65.594808 	-10.622932 	-1.5361848
-0.72912913 	0.25 	0.182 	65.615924 	-10.613919 	-1.5338426
-0.73033033 	0.25 	0.182 	65.63704 	-10.604905 	-1.5315003
-0.73153153 	0.25 	0.182 	65.661294 	-10.599864 	-1.5290259
-0.73273273 	0.25 	0.182 	65.686932 	-10.596578 	-1.5264931
-0.73393393 	0.25 	0.182 	65.712571 	-10.593292 	-1.5239604
-0.73513514 	0.25 	0.182 	65.73821 	-10.590006 	-1.5214276
-0.73633634 	0.25 	0.182 	65.763849 	-10.58672 	-1.5188948
-0.73753754 	0.25 	0.182 	65.789488 	-10.583434 	-1.5163621
-0.73873874 	0.25 	0.182 	65.815127 	-10.580148 	-1.5138293
-0.73993994 	0.25 	0.182 	65.840766 	-10.576862 	-1.5112965
-0.74114114 	0.25 	0.182 	65.866405 	-10.573576 	-1.5087638
-0.74234234 	0.25 	0.182 	65.892044 	-10.57029 	-1.506231
-0.74354354 	0.25 	0.182 	65.918035 	-10.566564 	-1.5037342
-0.74474474 	0.25 	0.182 	65.946815 	-10.559359 	-1.5015226
-0.74594595 	0.25 	0.182 	65.975596 	-10.552154 	-1.4993111
-0.74714715 	0.25 	0.182 	66.004376 	-10.544949 	-1.4970995
-0.74834835 	0.25 	0.182 	66.03302 	-10.537686 	-1.494442
-0.74954955 	0.25 	0.182 	66.057792 	-10.524807 	-1.4917927
-0.75075075 	0.25 	0.182 	66.082164 	-10.511348 	-1.4891449
-0.75195195 	0.25 	0.182 	66.106535 	-10.497888 	-1.4864971
-0.75315315 	0.25 	0.182 	66.131131 	-10.484433 	-1.4838632
-0.75435435 	0.25 	0.182 	66.155775 	-10.470979 	-1.4812324
-0.75555556 	0.25 	0.182 	66.18042 	-10.457525 	-1.4786017
-0.75675676 	0.25 	0.182 	66.205065 	-10.44407 	-1.4759709
-0.75795796 	0.25 	0.182 	66.22971 	-10.430616 	-1.4733401
-0.75915916 	0.25 	0.182 	66.254354 	-10.417162 	-1.4707093
-0.76036036 	0.25 	0.182 	66.278999 	-10.403708 	-1.4680785
-0.76156156 	0.25 	0.182 	66.307925 	-10.391693 	-1.465375
-0.76276276 	0.25 	0.182 	66.346686 	-10.382984 	-1.4625045
-0.76396396 	0.25 	0.182 	66.380466 	-10.375389 	-1.4597975
-0.76516517 	0.25 	0.182 	66.399489 	-10.371092 	-1.4575755
-0.76636637 	0.25 	0.182 	66.418512 	-10.366795 	-1.4553534
-0.76756757 	0.25 	0.182 	66.437535 	-10.362498 	-1.4531313
-0.76876877 	0.25 	0.182 	66.456558 	-10.3582 	-1.4509092
-0.76996997 	0.25 	0.182 	66.475565 	-10.353851 	-1.4484822
-0.77117117 	0.25 	0.182 	66.494552 	-10.349437 	-1.445801
-0.77237237 	0.25 	0.182 	66.513539 	-10.345024 	-1.4431199
-0.77357357 	0.25 	0.182 	66.532526 	-10.34061 	-1.4404387
-0.77477477 	0.25 	0.182 	66.543877 	-10.339106 	-1.4378865
-0.77597598 	0.25 	0.182 	66.550602 	-10.339365 	-1.4354126
-0.77717718 	0.25 	0.182 	66.571642 	-10.347853 	-1.4327447
-0.77837838 	0.25 	0.182 	66.602077 	-10.361742 	-1.4299495
-0.77957958 	0.25 	0.182 	66.62492 	-10.360226 	-1.4270362
-0.78078078 	0.25 	0.182 	66.642611 	-10.348261 	-1.4240426
-0.78198198 	0.25 	0.182 	66.660302 	-10.336295 	-1.4210491
-0.78318318 	0.25 	0.182 	66.677994 	-10.32433 	-1.4180556
-0.78438438 	0.25 	0.182 	66.695695 	-10.31242 	-1.4154582
-0.78558559 	0.25 	0.182 	66.7134 	-10.300527 	-1.4129861
-0.78678679 	0.25 	0.182 	66.731105 	-10.288635 	-1.4105141
-0.78798799 	0.25 	0.182 	66.74881 	-10.276743 	-1.408042
-0.78918919 	0.25 	0.182 	66.766515 	-10.26485 	-1.4055699
-0.79039039 	0.25 	0.182 	66.779558 	-10.227694 	-1.4030307
-0.79159159 	0.25 	0.182 	66.792028 	-10.187439 	-1.4004833
-0.79279279 	0.25 	0.182 	66.823047 	-10.159411 	-1.397219
-0.79399399 	0.25 	0.182 	66.856109 	-10.132731 	-1.3938757
-0.7951952 	0.25 	0.182 	66.875249 	-10.114374 	-1.3908051
-0.7963964 	0.25 	0.182 	66.89308 	-10.096799 	-1.3877601
-0.7975976 	0.25 	0.182 	66.910912 	-10.079224 	-1.3847151
-0.7987988 	0.25 	0.182 	66.928743 	-10.06165 	-1.3816997
-0.8 	0.25 	0.182 	66.946568 	-10.044081 	-1.379185
-0.8012012 	0.25 	0.182 	66.964393 	-10.026512 	-1.3766703
-0.8024024 	0.25 	0.182 	66.982218 	-10.008944 	-1.3741556
-0.8036036 	0.25 	0.182 	67.000043 	-9.9913752 	-1.3716408
-0.8048048 	0.25 	0.182 	67.016361 	-9.9758371 	-1.3691156
-0.80600601 	0.25 	0.182 	67.026344 	-9.9688378 	-1.366546
-0.80720721 	0.25 	0.182 	67.041935 	-9.9614034 	-1.363878
-0.80840841 	0.25 	0.182 	67.080579 	-9.9521799 	-1.3608051
-0.80960961 	0.25 	0.182 	67.114706 	-9.9423131 	-1.3577329
-0.81081081 	0.25 	0.182 	67.130217 	-9.9297943 	-1.3546636
-0.81201201 	0.25 	0.182 	67.145728 	-9.9172754 	-1.3515943
-0.81321321 	0.25 	0.182 	67.161239 	-9.9047565 	-1.3485251
-0.81441441 	0.25 	0.182 	67.17675 	-9.8922374 	-1.3456444
-0.81561562 	0.25 	0.182 	67.192261 	-9.8797178 	-1.3431144
-0.81681682 	0.25 	0.182 	67.207771 	-9.8671982 	-1.3405844
-0.81801802 	0.25 	0.182 	67.223282 	-9.8546785 	-1.3380544
-0.81921922 	0.25 	0.182 	67.238793 	-9.8421589 	-1.3355244
-0.82042042 	0.25 	0.182 	67.24828 	-9.8277923 	-1.3329329
-0.82162162 	0.25 	0.182 	67.251796 	-9.811595 	-1.3302804
-0.82282282 	0.25 	0.182 	67.270702 	-9.7942386 	-1.3274414
-0.82402402 	0.25 	0.182 	67.305726 	-9.775668 	-1.324407
-0.82522523 	0.25 	0.182 	67.329981 	-9.7584152 	-1.3215662
-0.82642643 	0.25 	0.182 	67.342168 	-9.7426392 	-1.3189424
-0.82762763 	0.25 	0.182 	67.354354 	-9.7268632 	-1.3163186
-0.82882883 	0.25 	0.182 	67.366541 	-9.7110872 	-1.3136948
-0.83003003 	0.25 	0.182 	67.378728 	-9.6953112 	-1.311071
-0.83123123 	0.25 	0.182 	67.390893 	-9.6795388 	-1.3081001
-0.83243243 	0.25 	0.182 	67.403045 	-9.6637687 	-1.3049208
-0.83363363 	0.25 	0.182 	67.415198 	-9.6479985 	-1.3017416
-0.83483483 	0.25 	0.182 	67.42735 	-9.6322283 	-1.2985624
-0.83603604 	0.25 	0.182 	67.430596 	-9.6185806 	-1.2956536
-0.83723724 	0.25 	0.182 	67.431609 	-9.6054648 	-1.2928126
-0.83843844 	0.25 	0.182 	67.45692 	-9.5882575 	-1.2897955
-0.83963964 	0.25 	0.182 	67.489122 	-9.5698896 	-1.2867285
-0.84084084 	0.25 	0.182 	67.505216 	-9.5512324 	-1.2834439
-0.84204204 	0.25 	0.182 	67.516189 	-9.5324833 	-1.2800901
-0.84324324 	0.25 	0.182 	67.527163 	-9.5137343 	-1.2767364
-0.84444444 	0.25 	0.182 	67.538137 	-9.4949852 	-1.2733826
-0.84564565 	0.25 	0.182 	67.54917 	-9.4762504 	-1.2705716
-0.84684685 	0.25 	0.182 	67.560207 	-9.4575166 	-1.2677994
-0.84804805 	0.25 	0.182 	67.571244 	-9.4387828 	-1.2650272
-0.84924925 	0.25 	0.182 	67.582281 	-9.4200489 	-1.2622551
-0.85045045 	0.25 	0.182 	67.592462 	-9.4012611 	-1.2594754
-0.85165165 	0.25 	0.182 	67.594275 	-9.3819455 	-1.256622
-0.85285285 	0.25 	0.182 	67.597837 	-9.3623202 	-1.2537419
-0.85405405 	0.25 	0.182 	67.624132 	-9.3386696 	-1.2505141
-0.85525526 	0.25 	0.182 	67.649539 	-9.3152137 	-1.2472664
-0.85645646 	0.25 	0.182 	67.659409 	-9.2951626 	-1.2436689
-0.85765766 	0.25 	0.182 	67.669279 	-9.2751116 	-1.2400714
-0.85885886 	0.25 	0.182 	67.679149 	-9.2550605 	-1.2364739
-0.86006006 	0.25 	0.182 	67.689038 	-9.2350179 	-1.2330165
-0.86126126 	0.25 	0.182 	67.698992 	-9.2150043 	-1.2300404
-0.86246246 	0.25 	0.182 	67.708946 	-9.1949907 	-1.2270643
-0.86366366 	0.25 	0.182 	67.718901 	-9.1749772 	-1.2240882
-0.86486486 	0.25 	0.182 	67.728855 	-9.1549636 	-1.2211122
-0.86606607 	0.25 	0.182 	67.736538 	-9.1365301 	-1.2180391
-0.86726727 	0.25 	0.182 	67.740319 	-9.1208122 	-1.2147992
-0.86846847 	0.25 	0.182 	67.749168 	-9.1055118 	-1.2115325
-0.86966967 	0.25 	0.182 	67.766885 	-9.0909419 	-1.2082187
-0.87087087 	0.25 	0.182 	67.783975 	-9.0737977 	-1.2047939
-0.87207207 	0.25 	0.182 	67.800023 	-9.0523705 	-1.2011844
-0.87327327 	0.25 	0.182 	67.816071 	-9.0309434 	-1.1975749
-0.87447447 	0.25 	0.182 	67.832119 	-9.0095163 	-1.1939654
-0.87567568 	0.25 	0.182 	67.848221 	-8.988094 	-1.1906774
-0.87687688 	0.25 	0.182 	67.864374 	-8.9666763 	-1.1876898
-0.87807808 	0.25 	0.182 	67.880527 	-8.9452586 	-1.1847023
-0.87927928 	0.25 	0.182 	67.896681 	-8.9238408 	-1.1817147
-0.88048048 	0.25 	0.182 	67.912834 	-8.9024231 	-1.1787271
-0.88168168 	0.25 	0.182 	67.928317 	-8.877205 	-1.1754552
-0.88288288 	0.25 	0.182 	67.94332 	-8.8492658 	-1.1719797
-0.88408408 	0.25 	0.182 	67.951092 	-8.823743 	-1.1685542
-0.88528529 	0.25 	0.182 	67.955018 	-8.7995051 	-1.1651553
-0.88648649 	0.25 	0.182 	67.9488 	-8.7778687 	-1.1616281
-0.88768769 	0.25 	0.182 	67.939287 	-8.7570773 	-1.1580592
-0.88888889 	0.25 	0.182 	67.929759 	-8.7362639 	-1.1542811
-0.89009009 	0.25 	0.182 	67.920193 	-8.7153945 	-1.1499737
-0.89129129 	0.25 	0.182 	67.925035 	-8.6925026 	-1.1459271
-0.89249249 	0.25 	0.182 	67.963272 	-8.6649234 	-1.1424848
-0.89369369 	0.25 	0.182 	68.001509 	-8.6373442 	-1.1390424
-0.89489489 	0.25 	0.182 	68.039544 	-8.6096608 	-1.1350315
-0.8960961 	0.25 	0.182 	68.077522 	-8.5819485 	-1.130863
-0.8972973 	0.25 	0.182 	68.107021 	-8.5550169 	-1.1268541
-0.8984985 	0.25 	0.182 	68.133497 	-8.5283634 	-1.1229021
-0.8996997 	0.25 	0.182 	68.128154 	-8.5083634 	-1.1193582
-0.9009009 	0.25 	0.182 	68.118723 	-8.4873599 	-1.1158558
-0.9021021 	0.25 	0.182 	68.099711 	-8.4608472 	-1.1124318
-0.9033033 	0.25 	0.182 	68.080698 	-8.4343345 	-1.1090078
-0.9045045 	0.25 	0.182 	68.061602 	-8.4077757 	-1.1051179
-0.90570571 	0.25 	0.182 	68.042461 	-8.3811927 	-1.1009834
-0.90690691 	0.25 	0.182 	68.061352 	-8.3480062 	-1.0971897
-0.90810811 	0.25 	0.182 	68.106169 	-8.3103182 	-1.0936283
-0.90930931 	0.25 	0.182 	68.150986 	-8.2726302 	-1.0900656
-0.91051051 	0.25 	0.182 	68.195565 	-8.2349613 	-1.0857591
-0.91171171 	0.25 	0.182 	68.240144 	-8.1972924 	-1.0814527
-0.91291291 	0.25 	0.182 	68.276445 	-8.1565205 	-1.0773518
-0.91411411 	0.25 	0.182 	68.30013 	-8.1165351 	-1.0733515
-0.91531532 	0.25 	0.182 	68.28685 	-8.0801877 	-1.0695948
-0.91651652 	0.25 	0.182 	68.275696 	-8.0452024 	-1.0659733
-0.91771772 	0.25 	0.182 	68.265968 	-8.0111315 	-1.0624427
-0.91891892 	0.25 	0.182 	68.25624 	-7.9770606 	-1.0589121
-0.92012012 	0.25 	0.182 	68.246331 	-7.9430085 	-1.0546743
-0.92132132 	0.25 	0.182 	68.236419 	-7.9089567 	-1.0504224
-0.92252252 	0.25 	0.182 	68.258511 	-7.8708743 	-1.0471285
-0.92372372 	0.25 	0.182 	68.285001 	-7.8322382 	-1.0439661
-0.92492492 	0.25 	0.182 	68.311436 	-7.7936073 	-1.0406273
-0.92612613 	0.25 	0.182 	68.337724 	-7.7549901 	-1.0368105
-0.92732733 	0.25 	0.182 	68.362169 	-7.7161949 	-1.0329745
-0.92852853 	0.25 	0.182 	68.37742 	-7.6765117 	-1.0290424
-0.92972973 	0.25 	0.182 	68.36219 	-7.6191842 	-1.0248697
-0.93093093 	0.25 	0.182 	68.318731 	-7.5455157 	-1.0204742
-0.93213213 	0.25 	0.182 	68.325905 	-7.4985549 	-1.0157592
-0.93333333 	0.25 	0.182 	68.339313 	-7.4547923 	-1.011491
-0.93453453 	0.25 	0.182 	68.352832 	-7.411028 	-1.0075502
-0.93573574 	0.25 	0.182 	68.407639 	-7.3983375 	-1.0036792
-0.93693694 	0.25 	0.182 	68.462734 	-7.3879415 	-0.99980989
-0.93813814 	0.25 	0.182 	68.449578 	-7.3367946 	-0.99583171
-0.93933934 	0.25 	0.182 	68.47342 	-7.2949305 	-0.9916249
-0.94054054 	0.25 	0.182 	68.520349 	-7.2588404 	-0.9874584
-0.94174174 	0.25 	0.182 	68.567528 	-7.2227541 	-0.98386218
-0.94294294 	0.25 	0.182 	68.624242 	-7.1884319 	-0.9801653
-0.94414414 	0.25 	0.182 	68.702619 	-7.1581177 	-0.97623977
-0.94534535 	0.25 	0.182 	68.711449 	-7.098213 	-0.97237287
-0.94654655 	0.25 	0.182 	68.726454 	-7.0421218 	-0.96831746
-0.94774775 	0.25 	0.182 	68.785213 	-7.0069484 	-0.96386945
-0.94894895 	0.25 	0.182 	68.844268 	-6.9718095 	-0.96009916
-0.95015015 	0.25 	0.182 	68.903361 	-6.9366752 	-0.95641885
-0.95135135 	0.25 	0.182 	68.997717 	-6.9283211 	-0.95232728
-0.95255255 	0.25 	0.182 	69.05238 	-6.9202526 	-0.94817357
-0.95375375 	0.25 	0.182 	69.055466 	-6.9085971 	-0.94398894
-0.95495495 	0.25 	0.182 	69.129656 	-6.872962 	-0.93947846
-0.95615616 	0.25 	0.182 	69.204022 	-6.8373472 	-0.9353782
-0.95735736 	0.25 	0.182 	69.278546 	-6.8017506 	-0.93164546
-0.95855856 	0.25 	0.182 	69.37054 	-6.7540826 	-0.92779994
-0.95975976 	0.25 	0.182 	69.473789 	-6.6952272 	-0.92379861
-0.96096096 	0.25 	0.182 	69.490829 	-6.6630239 	-0.91955103
-0.96216216 	0.25 	0.182 	69.562387 	-6.6183065 	-0.91499981
-0.96336336 	0.25 	0.182 	69.651103 	-6.5696518 	-0.91049033
-0.96456456 	0.25 	0.182 	69.74007 	-6.5209437 	-0.90664272
-0.96576577 	0.25 	0.182 	69.829333 	-6.47208 	-0.90279278
-0.96696697 	0.25 	0.182 	69.95468 	-6.4042447 	-0.89866039
-0.96816817 	0.25 	0.182 	70.013362 	-6.3675889 	-0.89420977
-0.96936937 	0.25 	0.182 	70.070504 	-6.3354023 	-0.88966749
-0.97057057 	0.25 	0.182 	70.158295 	-6.2940002 	-0.8851564
-0.97177177 	0.25 	0.182 	70.246239 	-6.2525974 	-0.881262
-0.97297297 	0.25 	0.182 	70.334223 	-6.2111944 	-0.87752903
-0.97417417 	0.25 	0.182 	70.452351 	-6.1496667 	-0.87373619
-0.97537538 	0.25 	0.182 	70.550014 	-6.0857276 	-0.86951694
-0.97657658 	0.25 	0.182 	70.601442 	-6.0240005 	-0.86455692
-0.97777778 	0.25 	0.182 	70.689507 	-5.9822969 	-0.86000508
-0.97897898 	0.25 	0.182 	70.78435 	-5.9442554 	-0.85586491
-0.98018018 	0.25 	0.182 	70.87934 	-5.9062396 	-0.85216484
-0.98138138 	0.25 	0.182 	70.98581 	-5.8732995 	-0.8485747
-0.98258258 	0.25 	0.182 	71.106412 	-5.846607 	-0.84511984
-0.98378378 	0.25 	0.182 	71.189574 	-5.7733373 	-0.83971708
-0.98498498 	0.25 	0.182 	71.290687 	-5.7243556 	-0.83487192
-0.98618619 	0.25 	0.182 	71.39928 	-5.6854508 	-0.83033381
-0.98738739 	0.25 	0.182 	71.508203 	-5.6465597 	-0.82653285
-0.98858859 	0.25 	0.182 	71.617125 	-5.6076685 	-0.82273189
-0.98978979 	0.25 	0.182 	71.729184 	-5.5783926 	-0.81911599
-0.99099099 	0.25 	0.182 	71.841102 	-5.5082285 	-0.81429559
-0.99219219 	0.25 	0.182 	71.954503 	-5.4675283 	-0.80970876
-0.99339339 	0.25 	0.182 	72.067996 	-5.4283497 	-0.80514811
-0.99459459 	0.25 	0.182 	72.181643 	-5.3891674 	-0.80117716
-0.9957958 	0.25 	0.182 	72.295343 	-5.3499837 	-0.79741238
-0.996997 	0.25 	0.182 	72.409044 	-5.3108 	-0.7936476
-0.9981982 	0.25 	0.182 	72.5209 	-5.2592937 	-0.78943551
-0.9993994 	0.25 	0.182 	72.621454 	-5.1902294 	-0.78511633
-1.0006006 	0.25 	0.182 	72.721388 	-5.1230529 	-0.78086602
-1.0018018 	0.25 	0.182 	72.821322 	-5.0558764 	-0.77661571
-1.003003 	0.25 	0.182 	72.920199 	-4.9885925 	-0.77276862
-1.0042042 	0.25 	0.182 	73.018721 	-4.9212725 	-0.76905642
-1.0054054 	0.25 	0.182 	73.101078 	-4.9275007 	-0.7671447
-1.0066066 	0.25 	0.182 	73.181911 	-4.9406636 	-0.76540274
-1.0078078 	0.25 	0.182 	73.336032 	-4.897989 	-0.75926486
-1.009009 	0.25 	0.182 	73.497966 	-4.848522 	-0.75280606
-1.0102102 	0.25 	0.182 	73.679632 	-4.7690686 	-0.74779441
-1.0114114 	0.25 	0.182 	73.861054 	-4.6896758 	-0.74177268
-1.0126126 	0.25 	0.182 	73.995851 	-4.6102784 	-0.73750097
-1.0138138 	0.25 	0.182 	74.118151 	-4.5440627 	-0.73336712
-1.015015 	0.25 	0.182 	74.238244 	-4.5230432 	-0.72806346
-1.0162162 	0.25 	0.182 	74.378631 	-4.4611259 	-0.72399163
-1.0174174 	0.25 	0.182 	74.52126 	-4.3946905 	-0.72005588
-1.0186186 	0.25 	0.182 	74.663346 	-4.3282801 	-0.7152595
-1.0198198 	0.25 	0.182 	74.8054 	-4.2618712 	-0.71041247
-1.021021 	0.25 	0.182 	74.937401 	-4.1853957 	-0.70599102
-1.0222222 	0.25 	0.182 	75.07322 	-4.1269284 	-0.70179698
-1.0234234 	0.25 	0.182 	75.218688 	-4.0553797 	-0.69778993
-1.0246246 	0.25 	0.182 	75.375409 	-3.9850306 	-0.69367737
-1.0258258 	0.25 	0.182 	75.534634 	-3.9150219 	-0.68887683
-1.027027 	0.25 	0.182 	75.69371 	-3.8450245 	-0.68382999
-1.0282282 	0.25 	0.182 	75.408993 	-3.7663569 	-0.68139107
-1.0294294 	0.25 	0.182 	75.777642 	-3.6950986 	-0.675605
-1.0306306 	0.25 	0.182 	76.206685 	-3.6246615 	-0.66963976
-1.0318318 	0.25 	0.182 	76.370106 	-3.550771 	-0.66537857
-1.033033 	0.25 	0.182 	76.533305 	-3.4769015 	-0.66074591
-1.0342342 	0.25 	0.182 	76.302214 	-3.3947705 	-0.65800105
-1.0354354 	0.25 	0.182 	75.876481 	-3.3085432 	-0.65644978
-1.0366366 	0.25 	0.182 	75.97071 	-3.2301353 	-0.65199371
-1.0378378 	0.25 	0.182 	76.560253 	-3.1591761 	-0.64477053
-1.039039 	0.25 	0.182 	77.149796 	-3.088217 	-0.63754735
-1.0402402 	0.25 	0.182 	77.178644 	-3.0026764 	-0.63317004
-1.0414414 	0.25 	0.182 	76.802127 	-2.9094516 	-0.63068127
-1.0426426 	0.25 	0.182 	76.42561 	-2.8162268 	-0.6281925
-1.0438438 	0.25 	0.182 	76.555563 	-2.7597091 	-0.62364429
-1.045045 	0.25 	0.182 	76.941848 	-2.7217694 	-0.61805376
-1.0462462 	0.25 	0.182 	77.310608 	-2.6809958 	-0.61258748
-1.0474474 	0.25 	0.182 	77.350673 	-2.5870708 	-0.60945183
-1.0486486 	0.25 	0.182 	77.390705 	-2.4931458 	-0.60627676
-1.0498498 	0.25 	0.182 	77.430045 	-2.3992211 	-0.602293
-1.0510511 	0.25 	0.182 	77.469386 	-2.3052963 	-0.59830923
-1.0522523 	0.25 	0.182 	77.308365 	-2.1738596 	-0.5959646
-1.0534535 	0.25 	0.182 	77.178185 	-2.0258312 	-0.59325969
-1.0546547 	0.25 	0.182 	77.637224 	-1.8712714 	-0.58513923
-1.0558559 	0.25 	0.182 	77.773632 	-1.7337857 	-0.5799896
-1.0570571 	0.25 	0.182 	77.909748 	-1.596317 	-0.57451422
-1.0582583 	0.25 	0.182 	78.045101 	-1.458893 	-0.56818966
-1.0594595 	0.25 	0.182 	78.122109 	-1.3241396 	-0.56228694
-1.0606607 	0.25 	0.182 	78.273898 	-1.2082307 	-0.55768128
-1.0618619 	0.25 	0.182 	78.399438 	-1.0909516 	-0.55331725
-1.0630631 	0.25 	0.182 	78.524978 	-0.97367249 	-0.54895322
-1.0642643 	0.25 	0.182 	78.644609 	-0.8577757 	-0.54398621
-1.0654655 	0.25 	0.182 	78.758738 	-0.74319292 	-0.53865786
-1.0666667 	0.25 	0.182 	78.78204 	-0.62191989 	-0.53381417
-1.0678679 	0.25 	0.182 	79.045531 	-0.49873178 	-0.52832219
-1.0690691 	0.25 	0.182 	79.197498 	-0.36480707 	-0.52363269
-1.0702703 	0.25 	0.182 	79.349465 	-0.23088236 	-0.51894318
-1.0714715 	0.25 	0.182 	79.501016 	-0.096985263 	-0.51379465
-1.0726727 	0.25 	0.182 	79.652063 	0.036878398 	-0.50809049
-1.0738739 	0.25 	0.182 	79.71707 	0.17633519 	-0.5030327
-1.0750751 	0.25 	0.182 	79.993874 	0.32185977 	-0.49689668
-1.0762763 	0.25 	0.182 	80.181662 	0.48111705 	-0.49187551
-1.0774775 	0.25 	0.182 	80.349557 	0.64149002 	-0.48700429
-1.0786787 	0.25 	0.182 	80.517314 	0.80185224 	-0.48199502
-1.0798799 	0.25 	0.182 	80.684191 	0.96214625 	-0.47610891
-1.0810811 	0.25 	0.182 	80.851068 	1.1224403 	-0.4702228
-1.0822823 	0.25 	0.182 	80.809069 	1.3049711 	-0.46610604
-1.0834835 	0.25 	0.182 	81.254195 	1.4797171 	-0.45915789
-1.0846847 	0.25 	0.182 	81.442626 	1.6587352 	-0.4541441
-1.0858859 	0.25 	0.182 	81.631058 	1.8377533 	-0.44913031
-1.0870871 	0.25 	0.182 	81.818449 	2.016638 	-0.44312542
-1.0882883 	0.25 	0.182 	82.00581 	2.195524 	-0.4371089
-1.0894895 	0.25 	0.182 	82.19069 	2.3826686 	-0.43111703
-1.0906907 	0.25 	0.182 	82.39531 	2.6083866 	-0.42526274
-1.0918919 	0.25 	0.182 	82.59993 	2.8341045 	-0.41940845
-1.0930931 	0.25 	0.182 	82.804064 	3.0597509 	-0.41307435
-1.0942943 	0.25 	0.182 	83.007428 	3.285284 	-0.40597998
-1.0954955 	0.25 	0.182 	83.065536 	3.5173937 	-0.3990191
-1.0966967 	0.25 	0.182 	83.266664 	3.6991093 	-0.39470957
-1.0978979 	0.25 	0.182 	83.432776 	3.8677336 	-0.39030732
-1.0990991 	0.25 	0.182 	83.578144 	4.031321 	-0.38582227
-1.1003003 	0.25 	0.182 	83.723511 	4.1949083 	-0.38133723
-1.1015015 	0.25 	0.182 	83.868508 	4.3584687 	-0.37655384
-1.1027027 	0.25 	0.182 	84.01278 	4.5219767 	-0.37118707
-1.1039039 	0.25 	0.182 	84.053512 	4.6647605 	-0.36618037
-1.1051051 	0.25 	0.182 	84.090273 	4.8067496 	-0.36118748
-1.1063063 	0.25 	0.182 	84.225467 	4.9360797 	-0.35519754
-1.1075075 	0.25 	0.182 	84.512437 	5.0458907 	-0.34767023
-1.1087087 	0.25 	0.182 	84.799407 	5.1557018 	-0.34014292
-1.1099099 	0.25 	0.182 	84.941043 	5.3718216 	-0.33380748
-1.1111111 	0.25 	0.182 	84.911284 	5.7180549 	-0.3282226
-1.1123123 	0.25 	0.182 	84.881312 	6.0642372 	-0.32260672
-1.1135135 	0.25 	0.182 	84.954618 	6.3216939 	-0.31693805
-1.1147147 	0.25 	0.182 	85.126364 	6.4945801 	-0.31121906
-1.1159159 	0.25 	0.182 	85.191768 	6.7304375 	-0.30587132
-1.1171171 	0.25 	0.182 	85.23079 	6.9818133 	-0.3005009
-1.1183183 	0.25 	0.182 	85.268971 	7.2328544 	-0.2942055
-1.1195195 	0.25 	0.182 	85.307152 	7.4838956 	-0.2879101
-1.1207207 	0.25 	0.182 	85.34508 	7.7439124 	-0.2817306
-1.1219219 	0.25 	0.182 	85.399403 	8.0241302 	-0.27592818
-1.1231231 	0.25 	0.182 	85.453727 	8.3043481 	-0.27012576
-1.1243243 	0.25 	0.182 	85.508051 	8.5845659 	-0.26432334
-1.1255255 	0.25 	0.182 	85.561532 	8.8642198 	-0.25754248
-1.1267267 	0.25 	0.182 	85.625629 	9.1896482 	-0.25129026
-1.1279279 	0.25 	0.182 	85.701375 	9.5770541 	-0.24594285
-1.1291291 	0.25 	0.182 	85.709814 	9.7998023 	-0.23891041
-1.1303303 	0.25 	0.182 	85.72552 	10.080088 	-0.23186161
-1.1315315 	0.25 	0.182 	85.757779 	10.491444 	-0.22477554
-1.1327327 	0.25 	0.182 	85.818685 	10.978124 	-0.21735248
-1.1339339 	0.25 	0.182 	85.921829 	11.573437 	-0.21116166
-1.1351351 	0.25 	0.182 	85.993293 	12.08795 	-0.20513063
-1.1363363 	0.25 	0.182 	85.968207 	12.356209 	-0.19958655
-1.1375375 	0.25 	0.182 	85.943122 	12.624467 	-0.19404248
-1.1387387 	0.25 	0.182 	85.941731 	12.948448 	-0.18900483
-1.1399399 	0.25 	0.182 	85.952861 	13.302479 	-0.18381447
-1.1411411 	0.25 	0.182 	85.965048 	13.660015 	-0.17802204
-1.1423423 	0.25 	0.182 	86.021635 	14.126772 	-0.17220975
-1.1435435 	0.25 	0.182 	86.078223 	14.593529 	-0.16639747
-1.1447447 	0.25 	0.182 	86.029662 	15.133015 	-0.16038928
-1.1459459 	0.25 	0.182 	85.988897 	15.655478 	-0.15410144
-1.1471471 	0.25 	0.182 	85.972277 	16.147475 	-0.14751044
-1.1483483 	0.25 	0.182 	85.956553 	16.640823 	-0.14192499
-1.1495495 	0.25 	0.182 	85.940906 	17.134288 	-0.13642647
-1.1507508 	0.25 	0.182 	86.007335 	17.556571 	-0.13028011
-1.151952 	0.25 	0.182 	86.032652 	18.03363 	-0.12440137
-1.1531532 	0.25 	0.182 	86.000404 	18.584507 	-0.11890593
-1.1543544 	0.25 	0.182 	85.94347 	19.126298 	-0.11199773
-1.1555556 	0.25 	0.182 	85.885925 	19.668825 	-0.10558567
-1.1567568 	0.25 	0.182 	85.828788 	20.212652 	-0.099833167
-1.157958 	0.25 	0.182 	85.77538 	20.742118 	-0.09370641
-1.1591592 	0.25 	0.182 	85.733118 	21.228675 	-0.086461396
-1.1603604 	0.25 	0.182 	85.61892 	21.823848 	-0.08008693
-1.1615616 	0.25 	0.182 	85.466792 	22.413153 	-0.073152967
-1.1627628 	0.25 	0.182 	85.293962 	22.993219 	-0.065816277
-1.163964 	0.25 	0.182 	85.121515 	23.575553 	-0.059667771
-1.1651652 	0.25 	0.182 	84.949099 	24.158067 	-0.053613868
-1.1663664 	0.25 	0.182 	84.746376 	24.668365 	-0.046522671
-1.1675676 	0.25 	0.182 	84.527059 	25.174911 	-0.039693177
-1.1687688 	0.25 	0.182 	84.291193 	25.693478 	-0.03349001
-1.16997 	0.25 	0.182 	84.004895 	26.249788 	-0.026367781
-1.1711712 	0.25 	0.182 	83.709418 	26.813914 	-0.019557802
-1.1723724 	0.25 	0.182 	83.414135 	27.379267 	-0.013446617
-1.1735736 	0.25 	0.182 	83.065747 	27.928476 	-0.0067146626
-1.1747748 	0.25 	0.182 	82.685556 	28.468015 	0.00038905823
-1.175976 	0.25 	0.182 	82.290793 	29.0306 	0.0069959664
-1.1771772 	0.25 	0.182 	81.894326 	29.59588 	0.013544771
-1.1783784 	0.25 	0.182 	81.430015 	30.132649 	0.020666258
-1.1795796 	0.25 	0.182 	80.95838 	30.668525 	0.026846839
-1.1807808 	0.25 	0.182 	80.447245 	31.183708 	0.0330556
-1.181982 	0.25 	0.182 	79.88604 	31.672136 	0.039542539
-1.1831832 	0.25 	0.182 	79.321677 	32.150518 	0.045924624
-1.1843844 	0.25 	0.182 	78.748554 	32.601017 	0.052015677
-1.1855856 	0.25 	0.182 	78.175431 	33.051516 	0.058106729
-1.1867868 	0.25 	0.182 	77.302304 	33.448013 	0.065188952
-1.187988 	0.25 	0.182 	76.388632 	33.826162 	0.071365749
-1.1891892 	0.25 	0.182 	75.414698 	34.146033 	0.077127921
-1.1903904 	0.25 	0.182 	74.440764 	34.465904 	0.082890094
-1.1915916 	0.25 	0.182 	73.659567 	34.6423 	0.087662948
-1.1927928 	0.25 	0.182 	72.915295 	34.791209 	0.09224627
-1.193994 	0.25 	0.182 	72.178166 	34.927956 	0.096709931
-1.1951952 	0.25 	0.182 	71.505661 	34.954667 	0.10009104
-1.1963964 	0.25 	0.182 	70.833155 	34.981378 	0.10347214
-1.1975976 	0.25 	0.182 	70.16065 	35.008089 	0.10685325
-1.1987988 	0.25 	0.182 	69.488144 	35.0348 	0.11023435
-1.2 	0.25 	0.182 	68.817218 	35.060668 	0.11412321
