-1.2 	-0.05 	0.182 	44.190068 	-1.5631093 	1.0509625
-1.1987988 	-0.05 	0.182 	44.185219 	-1.5889327 	1.0535695
-1.1975976 	-0.05 	0.182 	44.180371 	-1.6147561 	1.0561766
-1.1963964 	-0.05 	0.182 	44.175522 	-1.6405795 	1.0587836
-1.1951952 	-0.05 	0.182 	44.170673 	-1.6664029 	1.0613906
-1.193994 	-0.05 	0.182 	44.165824 	-1.6922263 	1.0639976
-1.1927928 	-0.05 	0.182 	44.160975 	-1.7180497 	1.0666047
-1.1915916 	-0.05 	0.182 	44.156126 	-1.7438731 	1.0692117
-1.1903904 	-0.05 	0.182 	44.151277 	-1.7696965 	1.0718187
-1.1891892 	-0.05 	0.182 	44.146429 	-1.7955199 	1.0744257
-1.187988 	-0.05 	0.182 	44.14158 	-1.8213433 	1.0770328
-1.1867868 	-0.05 	0.182 	44.136731 	-1.8471667 	1.0796398
-1.1855856 	-0.05 	0.182 	44.131882 	-1.8729901 	1.0822468
-1.1843844 	-0.05 	0.182 	44.127033 	-1.8988135 	1.0848539
-1.1831832 	-0.05 	0.182 	44.122184 	-1.9246369 	1.0874609
-1.181982 	-0.05 	0.182 	44.117372 	-1.9504517 	1.0901693
-1.1807808 	-0.05 	0.182 	44.112724 	-1.9762275 	1.0933349
-1.1795796 	-0.05 	0.182 	44.108076 	-2.0020033 	1.0965006
-1.1783784 	-0.05 	0.182 	44.103427 	-2.0277791 	1.0996662
-1.1771772 	-0.05 	0.182 	44.098779 	-2.053555 	1.1028318
-1.175976 	-0.05 	0.182 	44.094131 	-2.0793308 	1.1059975
-1.1747748 	-0.05 	0.182 	44.089483 	-2.1051066 	1.1091631
-1.1735736 	-0.05 	0.182 	44.084835 	-2.1308824 	1.1123288
-1.1723724 	-0.05 	0.182 	44.080187 	-2.1566582 	1.1154944
-1.1711712 	-0.05 	0.182 	44.075538 	-2.1824341 	1.11866
-1.16997 	-0.05 	0.182 	44.07089 	-2.2082099 	1.1218257
-1.1687688 	-0.05 	0.182 	44.066242 	-2.2339857 	1.1249913
-1.1675676 	-0.05 	0.182 	44.061594 	-2.2597615 	1.128157
-1.1663664 	-0.05 	0.182 	44.056946 	-2.2855373 	1.1313226
-1.1651652 	-0.05 	0.182 	44.052298 	-2.3113132 	1.1344883
-1.163964 	-0.05 	0.182 	44.04765 	-2.337089 	1.1376539
-1.1627628 	-0.05 	0.182 	44.043001 	-2.3628648 	1.1408195
-1.1615616 	-0.05 	0.182 	44.038353 	-2.3886406 	1.1439852
-1.1603604 	-0.05 	0.182 	44.033705 	-2.4144164 	1.1471508
-1.1591592 	-0.05 	0.182 	44.029057 	-2.4401923 	1.1503165
-1.157958 	-0.05 	0.182 	44.040288 	-2.4648028 	1.1532691
-1.1567568 	-0.05 	0.182 	44.052368 	-2.4893509 	1.1562103
-1.1555556 	-0.05 	0.182 	44.064449 	-2.5138991 	1.1591516
-1.1543544 	-0.05 	0.182 	44.076529 	-2.5384473 	1.1620928
-1.1531532 	-0.05 	0.182 	44.08861 	-2.5629955 	1.165034
-1.151952 	-0.05 	0.182 	44.10069 	-2.5875436 	1.1679752
-1.1507508 	-0.05 	0.182 	44.112771 	-2.6120918 	1.1709165
-1.1495495 	-0.05 	0.182 	44.124851 	-2.63664 	1.1738577
-1.1483483 	-0.05 	0.182 	44.136932 	-2.6611881 	1.1767989
-1.1471471 	-0.05 	0.182 	44.149012 	-2.6857363 	1.1797402
-1.1459459 	-0.05 	0.182 	44.161093 	-2.7102845 	1.1826814
-1.1447447 	-0.05 	0.182 	44.173173 	-2.7348327 	1.1856226
-1.1435435 	-0.05 	0.182 	44.185254 	-2.7593808 	1.1885639
-1.1423423 	-0.05 	0.182 	44.197334 	-2.783929 	1.1915051
-1.1411411 	-0.05 	0.182 	44.209415 	-2.8084772 	1.1944463
-1.1399399 	-0.05 	0.182 	44.221495 	-2.8330254 	1.1973876
-1.1387387 	-0.05 	0.182 	44.233576 	-2.8575735 	1.2003288
-1.1375375 	-0.05 	0.182 	44.245656 	-2.8821217 	1.20327
-1.1363363 	-0.05 	0.182 	44.257737 	-2.9066699 	1.2062113
-1.1351351 	-0.05 	0.182 	44.269817 	-2.931218 	1.2091525
-1.1339339 	-0.05 	0.182 	44.281898 	-2.9557662 	1.2120937
-1.1327327 	-0.05 	0.182 	44.293978 	-2.9803144 	1.215035
-1.1315315 	-0.05 	0.182 	44.306059 	-3.0048626 	1.2179762
-1.1303303 	-0.05 	0.182 	44.31823 	-3.0293484 	1.2212074
-1.1291291 	-0.05 	0.182 	44.330499 	-3.0537674 	1.2247491
-1.1279279 	-0.05 	0.182 	44.342768 	-3.0781864 	1.2282908
-1.1267267 	-0.05 	0.182 	44.355037 	-3.1026054 	1.2318325
-1.1255255 	-0.05 	0.182 	44.367306 	-3.1270244 	1.2353743
-1.1243243 	-0.05 	0.182 	44.379575 	-3.1514434 	1.238916
-1.1231231 	-0.05 	0.182 	44.391844 	-3.1758624 	1.2424577
-1.1219219 	-0.05 	0.182 	44.404113 	-3.2002814 	1.2459994
-1.1207207 	-0.05 	0.182 	44.416381 	-3.2247004 	1.2495411
-1.1195195 	-0.05 	0.182 	44.42865 	-3.2491194 	1.2530829
-1.1183183 	-0.05 	0.182 	44.440919 	-3.2735384 	1.2566246
-1.1171171 	-0.05 	0.182 	44.453188 	-3.2979574 	1.2601663
-1.1159159 	-0.05 	0.182 	44.465457 	-3.3223764 	1.263708
-1.1147147 	-0.05 	0.182 	44.477726 	-3.3467954 	1.2672498
-1.1135135 	-0.05 	0.182 	44.489995 	-3.3712144 	1.2707915
-1.1123123 	-0.05 	0.182 	44.502264 	-3.3956334 	1.2743332
-1.1111111 	-0.05 	0.182 	44.514533 	-3.4200524 	1.2778749
-1.1099099 	-0.05 	0.182 	44.526801 	-3.4444714 	1.2814166
-1.1087087 	-0.05 	0.182 	44.53907 	-3.4688904 	1.2849584
-1.1075075 	-0.05 	0.182 	44.551339 	-3.4933094 	1.2885001
-1.1063063 	-0.05 	0.182 	44.563515 	-3.5245384 	1.2921437
-1.1051051 	-0.05 	0.182 	44.575688 	-3.5559346 	1.2957898
-1.1039039 	-0.05 	0.182 	44.587861 	-3.5873307 	1.2994359
-1.1027027 	-0.05 	0.182 	44.600034 	-3.6187269 	1.3030821
-1.1015015 	-0.05 	0.182 	44.612207 	-3.650123 	1.3067282
-1.1003003 	-0.05 	0.182 	44.62438 	-3.6815192 	1.3103743
-1.0990991 	-0.05 	0.182 	44.636553 	-3.7129154 	1.3140204
-1.0978979 	-0.05 	0.182 	44.648709 	-3.7417239 	1.3175767
-1.0966967 	-0.05 	0.182 	44.660744 	-3.7518216 	1.3204839
-1.0954955 	-0.05 	0.182 	44.672779 	-3.7619193 	1.323391
-1.0942943 	-0.05 	0.182 	44.684813 	-3.7720169 	1.3262982
-1.0930931 	-0.05 	0.182 	44.696848 	-3.7821146 	1.3292053
-1.0918919 	-0.05 	0.182 	44.708883 	-3.7922123 	1.3321124
-1.0906907 	-0.05 	0.182 	44.720918 	-3.80231 	1.3350196
-1.0894895 	-0.05 	0.182 	44.732953 	-3.8124076 	1.3379267
-1.0882883 	-0.05 	0.182 	44.750152 	-3.8252681 	1.3412428
-1.0870871 	-0.05 	0.182 	44.774775 	-3.8420995 	1.3451467
-1.0858859 	-0.05 	0.182 	44.799398 	-3.858931 	1.3490506
-1.0846847 	-0.05 	0.182 	44.824021 	-3.8757624 	1.3529545
-1.0834835 	-0.05 	0.182 	44.848643 	-3.8925938 	1.3568584
-1.0822823 	-0.05 	0.182 	44.873266 	-3.9094252 	1.3607622
-1.0810811 	-0.05 	0.182 	44.897889 	-3.9262567 	1.3646661
-1.0798799 	-0.05 	0.182 	44.922512 	-3.9430881 	1.36857
-1.0786787 	-0.05 	0.182 	44.947134 	-3.9599195 	1.3724739
-1.0774775 	-0.05 	0.182 	44.971757 	-3.9767509 	1.3763778
-1.0762763 	-0.05 	0.182 	44.99638 	-3.9935823 	1.3802816
-1.0750751 	-0.05 	0.182 	45.021003 	-4.0104138 	1.3841855
-1.0738739 	-0.05 	0.182 	45.045625 	-4.0272452 	1.3880894
-1.0726727 	-0.05 	0.182 	45.070248 	-4.0440766 	1.3919933
-1.0714715 	-0.05 	0.182 	45.094871 	-4.060908 	1.3958972
-1.0702703 	-0.05 	0.182 	45.119494 	-4.0777394 	1.399801
-1.0690691 	-0.05 	0.182 	45.144054 	-4.0945939 	1.4032166
-1.0678679 	-0.05 	0.182 	45.168593 	-4.1114557 	1.4064765
-1.0666667 	-0.05 	0.182 	45.193133 	-4.1283175 	1.4097363
-1.0654655 	-0.05 	0.182 	45.217673 	-4.1451793 	1.4129962
-1.0642643 	-0.05 	0.182 	45.242213 	-4.1620411 	1.4162561
-1.0630631 	-0.05 	0.182 	45.266753 	-4.1789029 	1.419516
-1.0618619 	-0.05 	0.182 	45.291293 	-4.1957648 	1.4227759
-1.0606607 	-0.05 	0.182 	45.315833 	-4.2126266 	1.4260358
-1.0594595 	-0.05 	0.182 	45.340373 	-4.2294884 	1.4292957
-1.0582583 	-0.05 	0.182 	45.364912 	-4.2463502 	1.4325556
-1.0570571 	-0.05 	0.182 	45.389452 	-4.263212 	1.4358155
-1.0558559 	-0.05 	0.182 	45.413992 	-4.2800738 	1.4390754
-1.0546547 	-0.05 	0.182 	45.438532 	-4.2969356 	1.4423353
-1.0534535 	-0.05 	0.182 	45.463072 	-4.3137974 	1.4455952
-1.0522523 	-0.05 	0.182 	45.487612 	-4.3306592 	1.4488551
-1.0510511 	-0.05 	0.182 	45.512152 	-4.347521 	1.452115
-1.0498498 	-0.05 	0.182 	45.536691 	-4.3643828 	1.4553748
-1.0486486 	-0.05 	0.182 	45.561231 	-4.3812446 	1.4586347
-1.0474474 	-0.05 	0.182 	45.585771 	-4.3981064 	1.4618946
-1.0462462 	-0.05 	0.182 	45.610311 	-4.4149682 	1.4651545
-1.045045 	-0.05 	0.182 	45.637907 	-4.4321883 	1.4687195
-1.0438438 	-0.05 	0.182 	45.666694 	-4.4495479 	1.4724033
-1.0426426 	-0.05 	0.182 	45.69548 	-4.4669076 	1.4760871
-1.0414414 	-0.05 	0.182 	45.724267 	-4.4842672 	1.4797709
-1.0402402 	-0.05 	0.182 	45.753053 	-4.5016268 	1.4834547
-1.039039 	-0.05 	0.182 	45.78184 	-4.5189864 	1.4871385
-1.0378378 	-0.05 	0.182 	45.810626 	-4.536346 	1.4908223
-1.0366366 	-0.05 	0.182 	45.83815 	-4.5494812 	1.4944972
-1.0354354 	-0.05 	0.182 	45.863121 	-4.5540762 	1.4981542
-1.0342342 	-0.05 	0.182 	45.888092 	-4.5586712 	1.5018112
-1.033033 	-0.05 	0.182 	45.913064 	-4.5632662 	1.5054682
-1.0318318 	-0.05 	0.182 	45.938035 	-4.5678612 	1.5091252
-1.0306306 	-0.05 	0.182 	45.963006 	-4.5724562 	1.5127822
-1.0294294 	-0.05 	0.182 	45.987977 	-4.5770512 	1.5164392
-1.0282282 	-0.05 	0.182 	46.013158 	-4.5817749 	1.5201047
-1.027027 	-0.05 	0.182 	46.044127 	-4.590063 	1.5240058
-1.0258258 	-0.05 	0.182 	46.075096 	-4.5983512 	1.5279069
-1.0246246 	-0.05 	0.182 	46.106066 	-4.6066393 	1.5318081
-1.0234234 	-0.05 	0.182 	46.137035 	-4.6149275 	1.5357092
-1.0222222 	-0.05 	0.182 	46.168004 	-4.6232157 	1.5396104
-1.021021 	-0.05 	0.182 	46.198974 	-4.6315038 	1.5435115
-1.0198198 	-0.05 	0.182 	46.229943 	-4.639792 	1.5474127
-1.0186186 	-0.05 	0.182 	46.260913 	-4.6480801 	1.5513138
-1.0174174 	-0.05 	0.182 	46.291882 	-4.6563683 	1.5552149
-1.0162162 	-0.05 	0.182 	46.322851 	-4.6646564 	1.5591161
-1.015015 	-0.05 	0.182 	46.353821 	-4.6729446 	1.5630172
-1.0138138 	-0.05 	0.182 	46.38479 	-4.6812327 	1.5669184
-1.0126126 	-0.05 	0.182 	46.415759 	-4.6895209 	1.5708195
-1.0114114 	-0.05 	0.182 	46.446729 	-4.697809 	1.5747207
-1.0102102 	-0.05 	0.182 	46.477698 	-4.7060972 	1.5786218
-1.009009 	-0.05 	0.182 	46.508667 	-4.7143853 	1.5825229
-1.0078078 	-0.05 	0.182 	46.539676 	-4.7226878 	1.5858104
-1.0066066 	-0.05 	0.182 	46.570687 	-4.7309911 	1.5890653
-1.0054054 	-0.05 	0.182 	46.601698 	-4.7392943 	1.5923201
-1.0042042 	-0.05 	0.182 	46.632709 	-4.7475976 	1.595575
-1.003003 	-0.05 	0.182 	46.66372 	-4.7559008 	1.5988298
-1.0018018 	-0.05 	0.182 	46.69473 	-4.764204 	1.6020847
-1.0006006 	-0.05 	0.182 	46.725741 	-4.7725073 	1.6053396
-0.9993994 	-0.05 	0.182 	46.756752 	-4.7808105 	1.6085944
-0.9981982 	-0.05 	0.182 	46.787763 	-4.7891138 	1.6118493
-0.996997 	-0.05 	0.182 	46.818774 	-4.797417 	1.6151041
-0.9957958 	-0.05 	0.182 	46.849785 	-4.8057203 	1.618359
-0.99459459 	-0.05 	0.182 	46.880796 	-4.8140235 	1.6216139
-0.99339339 	-0.05 	0.182 	46.911806 	-4.8223268 	1.6248687
-0.99219219 	-0.05 	0.182 	46.942817 	-4.83063 	1.6281236
-0.99099099 	-0.05 	0.182 	46.973828 	-4.8389333 	1.6313785
-0.98978979 	-0.05 	0.182 	47.004839 	-4.8472365 	1.6346333
-0.98858859 	-0.05 	0.182 	47.03585 	-4.8555397 	1.6378882
-0.98738739 	-0.05 	0.182 	47.066861 	-4.863843 	1.641143
-0.98618619 	-0.05 	0.182 	47.097872 	-4.8721462 	1.6443979
-0.98498498 	-0.05 	0.182 	47.128882 	-4.8804495 	1.6476528
-0.98378378 	-0.05 	0.182 	47.161173 	-4.8888724 	1.6510684
-0.98258258 	-0.05 	0.182 	47.19425 	-4.8973689 	1.6545828
-0.98138138 	-0.05 	0.182 	47.227328 	-4.9058655 	1.6580972
-0.98018018 	-0.05 	0.182 	47.260405 	-4.914362 	1.6616117
-0.97897898 	-0.05 	0.182 	47.293482 	-4.9228585 	1.6651261
-0.97777778 	-0.05 	0.182 	47.32656 	-4.9313551 	1.6686406
-0.97657658 	-0.05 	0.182 	47.359637 	-4.9398516 	1.672155
-0.97537538 	-0.05 	0.182 	47.389354 	-4.9468709 	1.6756066
-0.97417417 	-0.05 	0.182 	47.415683 	-4.9524017 	1.6789949
-0.97297297 	-0.05 	0.182 	47.442013 	-4.9579326 	1.6823832
-0.97177177 	-0.05 	0.182 	47.468343 	-4.9634634 	1.6857714
-0.97057057 	-0.05 	0.182 	47.494673 	-4.9689942 	1.6891597
-0.96936937 	-0.05 	0.182 	47.521003 	-4.974525 	1.6925479
-0.96816817 	-0.05 	0.182 	47.547333 	-4.9800559 	1.6959362
-0.96696697 	-0.05 	0.182 	47.575032 	-4.9848146 	1.699189
-0.96576577 	-0.05 	0.182 	47.604263 	-4.9887095 	1.7022902
-0.96456456 	-0.05 	0.182 	47.633495 	-4.9926045 	1.7053915
-0.96336336 	-0.05 	0.182 	47.662726 	-4.9964995 	1.7084927
-0.96216216 	-0.05 	0.182 	47.691957 	-5.0003945 	1.7115939
-0.96096096 	-0.05 	0.182 	47.721188 	-5.0042895 	1.7146952
-0.95975976 	-0.05 	0.182 	47.75042 	-5.0081844 	1.7177964
-0.95855856 	-0.05 	0.182 	47.779651 	-5.0120794 	1.7208976
-0.95735736 	-0.05 	0.182 	47.808882 	-5.0159744 	1.7239989
-0.95615616 	-0.05 	0.182 	47.838114 	-5.0198694 	1.7271001
-0.95495495 	-0.05 	0.182 	47.867345 	-5.0237644 	1.7302013
-0.95375375 	-0.05 	0.182 	47.896576 	-5.0276593 	1.7333026
-0.95255255 	-0.05 	0.182 	47.925807 	-5.0315543 	1.7364038
-0.95135135 	-0.05 	0.182 	47.955039 	-5.0354493 	1.739505
-0.95015015 	-0.05 	0.182 	47.98427 	-5.0393443 	1.7426063
-0.94894895 	-0.05 	0.182 	48.013501 	-5.0432393 	1.7457075
-0.94774775 	-0.05 	0.182 	48.042733 	-5.0471342 	1.7488087
-0.94654655 	-0.05 	0.182 	48.071964 	-5.0510292 	1.75191
-0.94534535 	-0.05 	0.182 	48.101195 	-5.0549242 	1.7550112
-0.94414414 	-0.05 	0.182 	48.130426 	-5.0588192 	1.7581124
-0.94294294 	-0.05 	0.182 	48.159653 	-5.0627095 	1.7612571
-0.94174174 	-0.05 	0.182 	48.188824 	-5.0665364 	1.7649933
-0.94054054 	-0.05 	0.182 	48.217995 	-5.0703632 	1.7687295
-0.93933934 	-0.05 	0.182 	48.247165 	-5.0741901 	1.7724657
-0.93813814 	-0.05 	0.182 	48.276336 	-5.078017 	1.7762018
-0.93693694 	-0.05 	0.182 	48.305506 	-5.0818438 	1.779938
-0.93573574 	-0.05 	0.182 	48.334677 	-5.0856707 	1.7836742
-0.93453453 	-0.05 	0.182 	48.363847 	-5.0894976 	1.7874104
-0.93333333 	-0.05 	0.182 	48.393018 	-5.0933244 	1.7911465
-0.93213213 	-0.05 	0.182 	48.422188 	-5.0971513 	1.7948827
-0.93093093 	-0.05 	0.182 	48.451359 	-5.1009782 	1.7986189
-0.92972973 	-0.05 	0.182 	48.480529 	-5.104805 	1.8023551
-0.92852853 	-0.05 	0.182 	48.5097 	-5.1086319 	1.8060912
-0.92732733 	-0.05 	0.182 	48.53887 	-5.1124588 	1.8098274
-0.92612613 	-0.05 	0.182 	48.568041 	-5.1162856 	1.8135636
-0.92492492 	-0.05 	0.182 	48.597211 	-5.1201125 	1.8172998
-0.92372372 	-0.05 	0.182 	48.626382 	-5.1239394 	1.8210359
-0.92252252 	-0.05 	0.182 	48.655735 	-5.1272339 	1.8246337
-0.92132132 	-0.05 	0.182 	48.685337 	-5.129808 	1.8280443
-0.92012012 	-0.05 	0.182 	48.714938 	-5.132382 	1.8314548
-0.91891892 	-0.05 	0.182 	48.744539 	-5.1349561 	1.8348654
-0.91771772 	-0.05 	0.182 	48.774141 	-5.1375301 	1.8382759
-0.91651652 	-0.05 	0.182 	48.803742 	-5.1401042 	1.8416865
-0.91531532 	-0.05 	0.182 	48.833343 	-5.1426782 	1.845097
-0.91411411 	-0.05 	0.182 	48.859045 	-5.1453042 	1.8484452
-0.91291291 	-0.05 	0.182 	48.883101 	-5.147952 	1.8517671
-0.91171171 	-0.05 	0.182 	48.907156 	-5.1505999 	1.855089
-0.91051051 	-0.05 	0.182 	48.931211 	-5.1532477 	1.8584109
-0.90930931 	-0.05 	0.182 	48.955267 	-5.1558955 	1.8617328
-0.90810811 	-0.05 	0.182 	48.979322 	-5.1585434 	1.8650547
-0.90690691 	-0.05 	0.182 	49.003409 	-5.1610285 	1.868392
-0.90570571 	-0.05 	0.182 	49.028107 	-5.1603653 	1.8720265
-0.9045045 	-0.05 	0.182 	49.052806 	-5.159702 	1.8756611
-0.9033033 	-0.05 	0.182 	49.077505 	-5.1590388 	1.8792956
-0.9021021 	-0.05 	0.182 	49.102204 	-5.1583755 	1.8829301
-0.9009009 	-0.05 	0.182 	49.126903 	-5.1577122 	1.8865647
-0.8996997 	-0.05 	0.182 	49.151601 	-5.157049 	1.8901992
-0.8984985 	-0.05 	0.182 	49.1763 	-5.1563857 	1.8938337
-0.8972973 	-0.05 	0.182 	49.200999 	-5.1557225 	1.8974683
-0.8960961 	-0.05 	0.182 	49.225698 	-5.1550592 	1.9011028
-0.89489489 	-0.05 	0.182 	49.250397 	-5.1543959 	1.9047373
-0.89369369 	-0.05 	0.182 	49.275095 	-5.1537327 	1.9083719
-0.89249249 	-0.05 	0.182 	49.299794 	-5.1530694 	1.9120064
-0.89129129 	-0.05 	0.182 	49.324493 	-5.1524062 	1.915641
-0.89009009 	-0.05 	0.182 	49.349192 	-5.1517429 	1.9192755
-0.88888889 	-0.05 	0.182 	49.373891 	-5.1510796 	1.92291
-0.88768769 	-0.05 	0.182 	49.398589 	-5.1504164 	1.9265446
-0.88648649 	-0.05 	0.182 	49.423302 	-5.1497729 	1.9299676
-0.88528529 	-0.05 	0.182 	49.448043 	-5.1491674 	1.9329856
-0.88408408 	-0.05 	0.182 	49.472784 	-5.1485618 	1.9360035
-0.88288288 	-0.05 	0.182 	49.497525 	-5.1479563 	1.9390214
-0.88168168 	-0.05 	0.182 	49.522265 	-5.1473507 	1.9420393
-0.88048048 	-0.05 	0.182 	49.547006 	-5.1467451 	1.9450572
-0.87927928 	-0.05 	0.182 	49.571747 	-5.1461396 	1.9480751
-0.87807808 	-0.05 	0.182 	49.596488 	-5.145534 	1.951093
-0.87687688 	-0.05 	0.182 	49.621228 	-5.1449285 	1.9541109
-0.87567568 	-0.05 	0.182 	49.645969 	-5.1443229 	1.9571288
-0.87447447 	-0.05 	0.182 	49.67071 	-5.1437174 	1.9601467
-0.87327327 	-0.05 	0.182 	49.695451 	-5.1431118 	1.9631646
-0.87207207 	-0.05 	0.182 	49.720191 	-5.1425063 	1.9661825
-0.87087087 	-0.05 	0.182 	49.744932 	-5.1419007 	1.9692004
-0.86966967 	-0.05 	0.182 	49.769673 	-5.1412952 	1.9722183
-0.86846847 	-0.05 	0.182 	49.794414 	-5.1406896 	1.9752363
-0.86726727 	-0.05 	0.182 	49.819154 	-5.140084 	1.9782542
-0.86606607 	-0.05 	0.182 	49.843895 	-5.1394785 	1.9812721
-0.86486486 	-0.05 	0.182 	49.868636 	-5.1388729 	1.98429
-0.86366366 	-0.05 	0.182 	49.893377 	-5.1382674 	1.9873079
-0.86246246 	-0.05 	0.182 	49.918117 	-5.1376618 	1.9903258
-0.86126126 	-0.05 	0.182 	49.942636 	-5.1358054 	1.9935063
-0.86006006 	-0.05 	0.182 	49.966926 	-5.1326692 	1.9968533
-0.85885886 	-0.05 	0.182 	49.991217 	-5.1295329 	2.0002003
-0.85765766 	-0.05 	0.182 	50.015508 	-5.1263967 	2.0035472
-0.85645646 	-0.05 	0.182 	50.039798 	-5.1232605 	2.0068942
-0.85525526 	-0.05 	0.182 	50.064089 	-5.1201242 	2.0102412
-0.85405405 	-0.05 	0.182 	50.08838 	-5.116988 	2.0135881
-0.85285285 	-0.05 	0.182 	50.110615 	-5.1160486 	2.0168632
-0.85165165 	-0.05 	0.182 	50.132664 	-5.1153077 	2.0201317
-0.85045045 	-0.05 	0.182 	50.154713 	-5.1145669 	2.0234002
-0.84924925 	-0.05 	0.182 	50.176762 	-5.1138261 	2.0266687
-0.84804805 	-0.05 	0.182 	50.198812 	-5.1130852 	2.0299372
-0.84684685 	-0.05 	0.182 	50.220861 	-5.1123444 	2.0332058
-0.84564565 	-0.05 	0.182 	50.242086 	-5.1104383 	2.0365637
-0.84444444 	-0.05 	0.182 	50.262088 	-5.1068029 	2.0400543
-0.84324324 	-0.05 	0.182 	50.28209 	-5.1031675 	2.0435448
-0.84204204 	-0.05 	0.182 	50.302092 	-5.0995321 	2.0470354
-0.84084084 	-0.05 	0.182 	50.322094 	-5.0958968 	2.050526
-0.83963964 	-0.05 	0.182 	50.342096 	-5.0922614 	2.0540166
-0.83843844 	-0.05 	0.182 	50.362098 	-5.088626 	2.0575072
-0.83723724 	-0.05 	0.182 	50.3821 	-5.0849906 	2.0609977
-0.83603604 	-0.05 	0.182 	50.402102 	-5.0813553 	2.0644883
-0.83483483 	-0.05 	0.182 	50.422105 	-5.0777199 	2.0679789
-0.83363363 	-0.05 	0.182 	50.442107 	-5.0740845 	2.0714695
-0.83243243 	-0.05 	0.182 	50.462109 	-5.0704491 	2.07496
-0.83123123 	-0.05 	0.182 	50.482111 	-5.0668138 	2.0784506
-0.83003003 	-0.05 	0.182 	50.502113 	-5.0631784 	2.0819412
-0.82882883 	-0.05 	0.182 	50.522115 	-5.059543 	2.0854318
-0.82762763 	-0.05 	0.182 	50.542117 	-5.0559076 	2.0889224
-0.82642643 	-0.05 	0.182 	50.562119 	-5.0522722 	2.0924129
-0.82522523 	-0.05 	0.182 	50.582155 	-5.0486542 	2.0955753
-0.82402402 	-0.05 	0.182 	50.602218 	-5.0450496 	2.0984808
-0.82282282 	-0.05 	0.182 	50.62228 	-5.041445 	2.1013864
-0.82162162 	-0.05 	0.182 	50.642343 	-5.0378405 	2.1042919
-0.82042042 	-0.05 	0.182 	50.662405 	-5.0342359 	2.1071974
-0.81921922 	-0.05 	0.182 	50.682468 	-5.0306314 	2.1101029
-0.81801802 	-0.05 	0.182 	50.70253 	-5.0270268 	2.1130085
-0.81681682 	-0.05 	0.182 	50.722593 	-5.0234222 	2.115914
-0.81561562 	-0.05 	0.182 	50.742655 	-5.0198177 	2.1188195
-0.81441441 	-0.05 	0.182 	50.762718 	-5.0162131 	2.1217251
-0.81321321 	-0.05 	0.182 	50.782781 	-5.0126086 	2.1246306
-0.81201201 	-0.05 	0.182 	50.802843 	-5.009004 	2.1275361
-0.81081081 	-0.05 	0.182 	50.822906 	-5.0053995 	2.1304416
-0.80960961 	-0.05 	0.182 	50.842968 	-5.0017949 	2.1333472
-0.80840841 	-0.05 	0.182 	50.863031 	-4.9981903 	2.1362527
-0.80720721 	-0.05 	0.182 	50.883093 	-4.9945858 	2.1391582
-0.80600601 	-0.05 	0.182 	50.903156 	-4.9909812 	2.1420637
-0.8048048 	-0.05 	0.182 	50.923218 	-4.9873767 	2.1449693
-0.8036036 	-0.05 	0.182 	50.943281 	-4.9837721 	2.1478748
-0.8024024 	-0.05 	0.182 	50.963343 	-4.9801675 	2.1507803
-0.8012012 	-0.05 	0.182 	50.983406 	-4.976563 	2.1536859
-0.8 	-0.05 	0.182 	51.002829 	-4.9724651 	2.1566711
-0.7987988 	-0.05 	0.182 	51.021171 	-4.9675322 	2.1597913
-0.7975976 	-0.05 	0.182 	51.039512 	-4.9625993 	2.1629115
-0.7963964 	-0.05 	0.182 	51.057853 	-4.9576664 	2.1660316
-0.7951952 	-0.05 	0.182 	51.076195 	-4.9527335 	2.1691518
-0.79399399 	-0.05 	0.182 	51.094536 	-4.9478006 	2.172272
-0.79279279 	-0.05 	0.182 	51.112912 	-4.9433376 	2.1753885
-0.79159159 	-0.05 	0.182 	51.131493 	-4.9416797 	2.1784833
-0.79039039 	-0.05 	0.182 	51.150075 	-4.9400218 	2.1815781
-0.78918919 	-0.05 	0.182 	51.168656 	-4.9383639 	2.1846728
-0.78798799 	-0.05 	0.182 	51.187237 	-4.936706 	2.1877676
-0.78678679 	-0.05 	0.182 	51.205819 	-4.9350481 	2.1908623
-0.78558559 	-0.05 	0.182 	51.2244 	-4.9333902 	2.1939571
-0.78438438 	-0.05 	0.182 	51.241277 	-4.9287038 	2.1973047
-0.78318318 	-0.05 	0.182 	51.258108 	-4.9239366 	2.200659
-0.78198198 	-0.05 	0.182 	51.27494 	-4.9191693 	2.2040133
-0.78078078 	-0.05 	0.182 	51.291771 	-4.9144021 	2.2073676
-0.77957958 	-0.05 	0.182 	51.308602 	-4.9096349 	2.2107219
-0.77837838 	-0.05 	0.182 	51.325434 	-4.9048676 	2.2140762
-0.77717718 	-0.05 	0.182 	51.342265 	-4.9001004 	2.2174305
-0.77597598 	-0.05 	0.182 	51.359096 	-4.8953332 	2.2207848
-0.77477477 	-0.05 	0.182 	51.375928 	-4.8905659 	2.2241391
-0.77357357 	-0.05 	0.182 	51.392759 	-4.8857987 	2.2274934
-0.77237237 	-0.05 	0.182 	51.40959 	-4.8810314 	2.2308477
-0.77117117 	-0.05 	0.182 	51.426422 	-4.8762642 	2.234202
-0.76996997 	-0.05 	0.182 	51.443253 	-4.871497 	2.2375563
-0.76876877 	-0.05 	0.182 	51.460084 	-4.8667297 	2.2409106
-0.76756757 	-0.05 	0.182 	51.476916 	-4.8619625 	2.2442649
-0.76636637 	-0.05 	0.182 	51.493747 	-4.8571952 	2.2476192
-0.76516517 	-0.05 	0.182 	51.510578 	-4.852428 	2.2509735
-0.76396396 	-0.05 	0.182 	51.527478 	-4.8476773 	2.2538939
-0.76276276 	-0.05 	0.182 	51.544397 	-4.8429311 	2.2566929
-0.76156156 	-0.05 	0.182 	51.561315 	-4.8381849 	2.259492
-0.76036036 	-0.05 	0.182 	51.578234 	-4.8334388 	2.262291
-0.75915916 	-0.05 	0.182 	51.595153 	-4.8286926 	2.2650901
-0.75795796 	-0.05 	0.182 	51.612072 	-4.8239465 	2.2678891
-0.75675676 	-0.05 	0.182 	51.62899 	-4.8192003 	2.2706881
-0.75555556 	-0.05 	0.182 	51.645909 	-4.8144542 	2.2734872
-0.75435435 	-0.05 	0.182 	51.662828 	-4.809708 	2.2762862
-0.75315315 	-0.05 	0.182 	51.679747 	-4.8049619 	2.2790853
-0.75195195 	-0.05 	0.182 	51.696665 	-4.8002157 	2.2818843
-0.75075075 	-0.05 	0.182 	51.713584 	-4.7954696 	2.2846833
-0.74954955 	-0.05 	0.182 	51.730503 	-4.7907234 	2.2874824
-0.74834835 	-0.05 	0.182 	51.747422 	-4.7859773 	2.2902814
-0.74714715 	-0.05 	0.182 	51.764341 	-4.7812311 	2.2930804
-0.74594595 	-0.05 	0.182 	51.781259 	-4.776485 	2.2958795
-0.74474474 	-0.05 	0.182 	51.798178 	-4.7717388 	2.2986785
-0.74354354 	-0.05 	0.182 	51.815097 	-4.7669926 	2.3014776
-0.74234234 	-0.05 	0.182 	51.832016 	-4.7622465 	2.3042766
-0.74114114 	-0.05 	0.182 	51.848934 	-4.7575003 	2.3070756
-0.73993994 	-0.05 	0.182 	51.865853 	-4.7527542 	2.3098747
-0.73873874 	-0.05 	0.182 	51.884147 	-4.7473526 	2.3131302
-0.73753754 	-0.05 	0.182 	51.904282 	-4.7410735 	2.3169969
-0.73633634 	-0.05 	0.182 	51.924418 	-4.7347944 	2.3208635
-0.73513514 	-0.05 	0.182 	51.944553 	-4.7285153 	2.3247302
-0.73393393 	-0.05 	0.182 	51.964688 	-4.7222362 	2.3285969
-0.73273273 	-0.05 	0.182 	51.984823 	-4.7159571 	2.3324636
-0.73153153 	-0.05 	0.182 	52.003947 	-4.7096404 	2.336065
-0.73033033 	-0.05 	0.182 	52.021222 	-4.7032551 	2.3391816
-0.72912913 	-0.05 	0.182 	52.038497 	-4.6968698 	2.3422983
-0.72792793 	-0.05 	0.182 	52.055772 	-4.6904845 	2.3454149
-0.72672673 	-0.05 	0.182 	52.073047 	-4.6840992 	2.3485315
-0.72552553 	-0.05 	0.182 	52.090323 	-4.6777139 	2.3516481
-0.72432432 	-0.05 	0.182 	52.107197 	-4.6715029 	2.354979
-0.72312312 	-0.05 	0.182 	52.123269 	-4.6656417 	2.3587396
-0.72192192 	-0.05 	0.182 	52.139341 	-4.6597805 	2.3625002
-0.72072072 	-0.05 	0.182 	52.155413 	-4.6539193 	2.3662608
-0.71951952 	-0.05 	0.182 	52.171485 	-4.6480581 	2.3700214
-0.71831832 	-0.05 	0.182 	52.187557 	-4.6421969 	2.373782
-0.71711712 	-0.05 	0.182 	52.203702 	-4.6363475 	2.3771238
-0.71591592 	-0.05 	0.182 	52.219883 	-4.6305039 	2.3802649
-0.71471471 	-0.05 	0.182 	52.236064 	-4.6246603 	2.3834059
-0.71351351 	-0.05 	0.182 	52.252245 	-4.6188167 	2.386547
-0.71231231 	-0.05 	0.182 	52.268426 	-4.6129731 	2.3896881
-0.71111111 	-0.05 	0.182 	52.284607 	-4.6071294 	2.3928292
-0.70990991 	-0.05 	0.182 	52.300787 	-4.6012858 	2.3959703
-0.70870871 	-0.05 	0.182 	52.316968 	-4.5954422 	2.3991113
-0.70750751 	-0.05 	0.182 	52.32904 	-4.5903819 	2.402153
-0.70630631 	-0.05 	0.182 	52.340687 	-4.5854029 	2.4051844
-0.70510511 	-0.05 	0.182 	52.352333 	-4.5804238 	2.4082158
-0.7039039 	-0.05 	0.182 	52.363979 	-4.5754447 	2.4112472
-0.7027027 	-0.05 	0.182 	52.375626 	-4.5704656 	2.4142786
-0.7015015 	-0.05 	0.182 	52.387272 	-4.5654865 	2.41731
-0.7003003 	-0.05 	0.182 	52.399051 	-4.5607252 	2.4202888
-0.6990991 	-0.05 	0.182 	52.410834 	-4.5559712 	2.4232659
-0.6978979 	-0.05 	0.182 	52.422617 	-4.5512172 	2.4262431
-0.6966967 	-0.05 	0.182 	52.4344 	-4.5464632 	2.4292202
-0.6954955 	-0.05 	0.182 	52.446184 	-4.5417092 	2.4321973
-0.69429429 	-0.05 	0.182 	52.457841 	-4.5369341 	2.4351969
-0.69309309 	-0.05 	0.182 	52.468472 	-4.5319867 	2.4383806
-0.69189189 	-0.05 	0.182 	52.479103 	-4.5270393 	2.4415644
-0.69069069 	-0.05 	0.182 	52.489734 	-4.5220919 	2.4447481
-0.68948949 	-0.05 	0.182 	52.500365 	-4.5171445 	2.4479318
-0.68828829 	-0.05 	0.182 	52.510996 	-4.5121971 	2.4511156
-0.68708709 	-0.05 	0.182 	52.521656 	-4.5072569 	2.454146
-0.68588589 	-0.05 	0.182 	52.532387 	-4.5023345 	2.4568007
-0.68468468 	-0.05 	0.182 	52.543119 	-4.4974122 	2.4594554
-0.68348348 	-0.05 	0.182 	52.55385 	-4.4924898 	2.4621101
-0.68228228 	-0.05 	0.182 	52.564581 	-4.4875675 	2.4647648
-0.68108108 	-0.05 	0.182 	52.575313 	-4.4826451 	2.4674194
-0.67987988 	-0.05 	0.182 	52.586044 	-4.4777228 	2.4700741
-0.67867868 	-0.05 	0.182 	52.596776 	-4.4728004 	2.4727288
-0.67747748 	-0.05 	0.182 	52.607283 	-4.467538 	2.4754705
-0.67627628 	-0.05 	0.182 	52.617349 	-4.4616071 	2.4783833
-0.67507508 	-0.05 	0.182 	52.627415 	-4.4556762 	2.4812962
-0.67387387 	-0.05 	0.182 	52.637482 	-4.4497452 	2.484209
-0.67267267 	-0.05 	0.182 	52.647548 	-4.4438143 	2.4871218
-0.67147147 	-0.05 	0.182 	52.657614 	-4.4378834 	2.4900347
-0.67027027 	-0.05 	0.182 	52.667358 	-4.4336313 	2.49284
-0.66906907 	-0.05 	0.182 	52.676871 	-4.4305863 	2.495568
-0.66786787 	-0.05 	0.182 	52.686384 	-4.4275413 	2.498296
-0.66666667 	-0.05 	0.182 	52.695896 	-4.4244962 	2.5010241
-0.66546547 	-0.05 	0.182 	52.705409 	-4.4214512 	2.5037521
-0.66426426 	-0.05 	0.182 	52.714922 	-4.4184061 	2.5064802
-0.66306306 	-0.05 	0.182 	52.723909 	-4.413715 	2.5094635
-0.66186186 	-0.05 	0.182 	52.732821 	-4.4087857 	2.5124838
-0.66066066 	-0.05 	0.182 	52.741733 	-4.4038563 	2.515504
-0.65945946 	-0.05 	0.182 	52.750644 	-4.3989269 	2.5185243
-0.65825826 	-0.05 	0.182 	52.759556 	-4.3939976 	2.5215446
-0.65705706 	-0.05 	0.182 	52.768468 	-4.3890682 	2.5245649
-0.65585586 	-0.05 	0.182 	52.77747 	-4.3841709 	2.527129
-0.65465465 	-0.05 	0.182 	52.786483 	-4.3792771 	2.529644
-0.65345345 	-0.05 	0.182 	52.795495 	-4.3743834 	2.532159
-0.65225225 	-0.05 	0.182 	52.804508 	-4.3694896 	2.5346739
-0.65105105 	-0.05 	0.182 	52.81352 	-4.3645958 	2.5371889
-0.64984985 	-0.05 	0.182 	52.822533 	-4.359702 	2.5397039
-0.64864865 	-0.05 	0.182 	52.831545 	-4.3548082 	2.5422188
-0.64744745 	-0.05 	0.182 	52.840558 	-4.3499144 	2.5447338
-0.64624625 	-0.05 	0.182 	52.849298 	-4.343702 	2.5475155
-0.64504505 	-0.05 	0.182 	52.858004 	-4.3373184 	2.5503319
-0.64384384 	-0.05 	0.182 	52.866709 	-4.3309347 	2.5531483
-0.64264264 	-0.05 	0.182 	52.875414 	-4.3245511 	2.5559647
-0.64144144 	-0.05 	0.182 	52.884119 	-4.3181674 	2.558781
-0.64024024 	-0.05 	0.182 	52.892651 	-4.3125345 	2.5615518
-0.63903904 	-0.05 	0.182 	52.900447 	-4.3100799 	2.5641292
-0.63783784 	-0.05 	0.182 	52.908243 	-4.3076254 	2.5667066
-0.63663664 	-0.05 	0.182 	52.91604 	-4.3051709 	2.5692841
-0.63543544 	-0.05 	0.182 	52.923836 	-4.3027164 	2.5718615
-0.63423423 	-0.05 	0.182 	52.931632 	-4.3002618 	2.5744389
-0.63303303 	-0.05 	0.182 	52.939343 	-4.2963784 	2.5769334
-0.63183183 	-0.05 	0.182 	52.946974 	-4.2911578 	2.5793503
-0.63063063 	-0.05 	0.182 	52.954605 	-4.2859371 	2.5817672
-0.62942943 	-0.05 	0.182 	52.962236 	-4.2807165 	2.584184
-0.62822823 	-0.05 	0.182 	52.969868 	-4.2754958 	2.5866009
-0.62702703 	-0.05 	0.182 	52.977499 	-4.2702752 	2.5890178
-0.62582583 	-0.05 	0.182 	52.98513 	-4.2650545 	2.5914346
-0.62462462 	-0.05 	0.182 	52.992761 	-4.2598339 	2.5938515
-0.62342342 	-0.05 	0.182 	53.000346 	-4.2545936 	2.5965036
-0.62222222 	-0.05 	0.182 	53.007882 	-4.2493322 	2.5994086
-0.62102102 	-0.05 	0.182 	53.015417 	-4.2440709 	2.6023137
-0.61981982 	-0.05 	0.182 	53.022953 	-4.2388095 	2.6052187
-0.61861862 	-0.05 	0.182 	53.030488 	-4.2335481 	2.6081237
-0.61741742 	-0.05 	0.182 	53.038024 	-4.2282867 	2.6110287
-0.61621622 	-0.05 	0.182 	53.045559 	-4.222109 	2.6138433
-0.61501502 	-0.05 	0.182 	53.053094 	-4.2147777 	2.6165441
-0.61381381 	-0.05 	0.182 	53.060628 	-4.2074465 	2.6192449
-0.61261261 	-0.05 	0.182 	53.068163 	-4.2001153 	2.6219457
-0.61141141 	-0.05 	0.182 	53.075698 	-4.1927841 	2.6246464
-0.61021021 	-0.05 	0.182 	53.083232 	-4.1854528 	2.6273472
-0.60900901 	-0.05 	0.182 	53.089819 	-4.1809084 	2.6298611
-0.60780781 	-0.05 	0.182 	53.096174 	-4.1770461 	2.6323293
-0.60660661 	-0.05 	0.182 	53.102529 	-4.1731837 	2.6347975
-0.60540541 	-0.05 	0.182 	53.108884 	-4.1693214 	2.6372657
-0.6042042 	-0.05 	0.182 	53.115239 	-4.165459 	2.6397338
-0.603003 	-0.05 	0.182 	53.121574 	-4.1613165 	2.6422744
-0.6018018 	-0.05 	0.182 	53.127834 	-4.1560809 	2.6450971
-0.6006006 	-0.05 	0.182 	53.134095 	-4.1508452 	2.6479199
-0.5993994 	-0.05 	0.182 	53.140355 	-4.1456095 	2.6507427
-0.5981982 	-0.05 	0.182 	53.146615 	-4.1403739 	2.6535655
-0.596997 	-0.05 	0.182 	53.152875 	-4.1351382 	2.6563883
-0.5957958 	-0.05 	0.182 	53.159147 	-4.1299083 	2.6591511
-0.59459459 	-0.05 	0.182 	53.165495 	-4.1247182 	2.6614988
-0.59339339 	-0.05 	0.182 	53.171844 	-4.1195281 	2.6638465
-0.59219219 	-0.05 	0.182 	53.178192 	-4.1143381 	2.6661942
-0.59099099 	-0.05 	0.182 	53.184541 	-4.109148 	2.6685419
-0.58978979 	-0.05 	0.182 	53.190889 	-4.1039579 	2.6708896
-0.58858859 	-0.05 	0.182 	53.197238 	-4.0987678 	2.6732373
-0.58738739 	-0.05 	0.182 	53.203586 	-4.0935777 	2.675585
-0.58618619 	-0.05 	0.182 	53.209935 	-4.0883876 	2.6779327
-0.58498498 	-0.05 	0.182 	53.216245 	-4.0825919 	2.6805827
-0.58378378 	-0.05 	0.182 	53.222554 	-4.0767662 	2.6832476
-0.58258258 	-0.05 	0.182 	53.228863 	-4.0709405 	2.6859125
-0.58138138 	-0.05 	0.182 	53.235171 	-4.0651148 	2.6885774
-0.58018018 	-0.05 	0.182 	53.24148 	-4.0592891 	2.6912424
-0.57897898 	-0.05 	0.182 	53.247165 	-4.0545873 	2.6937859
-0.57777778 	-0.05 	0.182 	53.251985 	-4.0514482 	2.6961606
-0.57657658 	-0.05 	0.182 	53.256805 	-4.048309 	2.6985353
-0.57537538 	-0.05 	0.182 	53.261624 	-4.0451699 	2.7009099
-0.57417417 	-0.05 	0.182 	53.266444 	-4.0420307 	2.7032846
-0.57297297 	-0.05 	0.182 	53.271263 	-4.0388916 	2.7056593
-0.57177177 	-0.05 	0.182 	53.27613 	-4.0338086 	2.7083992
-0.57057057 	-0.05 	0.182 	53.280999 	-4.0286179 	2.7111593
-0.56936937 	-0.05 	0.182 	53.285868 	-4.0234272 	2.7139194
-0.56816817 	-0.05 	0.182 	53.290736 	-4.0182365 	2.7166795
-0.56696697 	-0.05 	0.182 	53.295605 	-4.0130459 	2.7194396
-0.56576577 	-0.05 	0.182 	53.300474 	-4.0078552 	2.7221997
-0.56456456 	-0.05 	0.182 	53.305407 	-4.0026813 	2.7246166
-0.56336336 	-0.05 	0.182 	53.310363 	-3.9975133 	2.7269141
-0.56216216 	-0.05 	0.182 	53.315319 	-3.9923453 	2.7292116
-0.56096096 	-0.05 	0.182 	53.320274 	-3.9871774 	2.731509
-0.55975976 	-0.05 	0.182 	53.32523 	-3.9820094 	2.7338065
-0.55855856 	-0.05 	0.182 	53.330185 	-3.9768414 	2.736104
-0.55735736 	-0.05 	0.182 	53.335141 	-3.9716734 	2.7384015
-0.55615616 	-0.05 	0.182 	53.340096 	-3.9665054 	2.7406989
-0.55495495 	-0.05 	0.182 	53.344992 	-3.9606753 	2.7431484
-0.55375375 	-0.05 	0.182 	53.349799 	-3.9538836 	2.7458188
-0.55255255 	-0.05 	0.182 	53.354607 	-3.9470918 	2.7484891
-0.55135135 	-0.05 	0.182 	53.359415 	-3.9403001 	2.7511594
-0.55015015 	-0.05 	0.182 	53.364223 	-3.9335084 	2.7538297
-0.54894895 	-0.05 	0.182 	53.368972 	-3.926783 	2.7564855
-0.54774775 	-0.05 	0.182 	53.372131 	-3.9218552 	2.7587481
-0.54654655 	-0.05 	0.182 	53.37529 	-3.9169274 	2.7610107
-0.54534535 	-0.05 	0.182 	53.378449 	-3.9119996 	2.7632734
-0.54414414 	-0.05 	0.182 	53.381608 	-3.9070717 	2.765536
-0.54294294 	-0.05 	0.182 	53.384768 	-3.9021439 	2.7677986
-0.54174174 	-0.05 	0.182 	53.388355 	-3.896874 	2.770355
-0.54054054 	-0.05 	0.182 	53.392128 	-3.8914556 	2.7730389
-0.53933934 	-0.05 	0.182 	53.395901 	-3.8860372 	2.7757228
-0.53813814 	-0.05 	0.182 	53.399674 	-3.8806188 	2.7784066
-0.53693694 	-0.05 	0.182 	53.403447 	-3.8752003 	2.7810905
-0.53573574 	-0.05 	0.182 	53.40722 	-3.8697819 	2.7837744
-0.53453453 	-0.05 	0.182 	53.411027 	-3.864369 	2.7862976
-0.53333333 	-0.05 	0.182 	53.414894 	-3.858966 	2.7885315
-0.53213213 	-0.05 	0.182 	53.418762 	-3.853563 	2.7907654
-0.53093093 	-0.05 	0.182 	53.422629 	-3.8481599 	2.7929994
-0.52972973 	-0.05 	0.182 	53.426497 	-3.8427569 	2.7952333
-0.52852853 	-0.05 	0.182 	53.430364 	-3.8373539 	2.7974673
-0.52732733 	-0.05 	0.182 	53.434232 	-3.8319508 	2.7997012
-0.52612613 	-0.05 	0.182 	53.438099 	-3.8265478 	2.8019352
-0.52492492 	-0.05 	0.182 	53.441967 	-3.8211448 	2.8041691
-0.52372372 	-0.05 	0.182 	53.446117 	-3.8156978 	2.8067584
-0.52252252 	-0.05 	0.182 	53.45027 	-3.8102503 	2.8093514
-0.52132132 	-0.05 	0.182 	53.454424 	-3.8048028 	2.8119445
-0.52012012 	-0.05 	0.182 	53.458577 	-3.7993553 	2.8145376
-0.51891892 	-0.05 	0.182 	53.46273 	-3.7939078 	2.8171307
-0.51771772 	-0.05 	0.182 	53.465853 	-3.7888143 	2.8194568
-0.51651652 	-0.05 	0.182 	53.468415 	-3.783914 	2.8216371
-0.51531532 	-0.05 	0.182 	53.470977 	-3.7790137 	2.8238175
-0.51411411 	-0.05 	0.182 	53.473538 	-3.7741134 	2.8259979
-0.51291291 	-0.05 	0.182 	53.4761 	-3.7692131 	2.8281783
-0.51171171 	-0.05 	0.182 	53.478733 	-3.7642538 	2.8304887
-0.51051051 	-0.05 	0.182 	53.481525 	-3.7591645 	2.8330857
-0.50930931 	-0.05 	0.182 	53.484317 	-3.7540753 	2.8356827
-0.50810811 	-0.05 	0.182 	53.487108 	-3.748986 	2.8382796
-0.50690691 	-0.05 	0.182 	53.4899 	-3.7438967 	2.8408766
-0.50570571 	-0.05 	0.182 	53.492692 	-3.7388074 	2.8434735
-0.5045045 	-0.05 	0.182 	53.495483 	-3.7337182 	2.8460705
-0.5033033 	-0.05 	0.182 	53.498372 	-3.7286535 	2.8482439
-0.5021021 	-0.05 	0.182 	53.501263 	-3.7235896 	2.850404
-0.5009009 	-0.05 	0.182 	53.504154 	-3.7185257 	2.8525641
-0.4996997 	-0.05 	0.182 	53.507045 	-3.7134618 	2.8547243
-0.4984985 	-0.05 	0.182 	53.509936 	-3.7083979 	2.8568844
-0.4972973 	-0.05 	0.182 	53.512828 	-3.703334 	2.8590445
-0.4960961 	-0.05 	0.182 	53.515719 	-3.6982701 	2.8612046
-0.49489489 	-0.05 	0.182 	53.51861 	-3.6932062 	2.8633648
-0.49369369 	-0.05 	0.182 	53.521457 	-3.6881686 	2.8657195
-0.49249249 	-0.05 	0.182 	53.524271 	-3.6831506 	2.8682207
-0.49129129 	-0.05 	0.182 	53.527086 	-3.6781327 	2.8707219
-0.49009009 	-0.05 	0.182 	53.5299 	-3.6731147 	2.8732231
-0.48888889 	-0.05 	0.182 	53.532714 	-3.6680968 	2.8757243
-0.48768769 	-0.05 	0.182 	53.535152 	-3.6629854 	2.8781274
-0.48648649 	-0.05 	0.182 	53.536527 	-3.6576099 	2.8802535
-0.48528529 	-0.05 	0.182 	53.537902 	-3.6522343 	2.8823795
-0.48408408 	-0.05 	0.182 	53.539277 	-3.6468588 	2.8845055
-0.48288288 	-0.05 	0.182 	53.540652 	-3.6414833 	2.8866315
-0.48168168 	-0.05 	0.182 	53.542027 	-3.6361077 	2.8887575
-0.48048048 	-0.05 	0.182 	53.543612 	-3.6310941 	2.8912549
-0.47927928 	-0.05 	0.182 	53.545201 	-3.6260873 	2.8937593
-0.47807808 	-0.05 	0.182 	53.546791 	-3.6210806 	2.8962638
-0.47687688 	-0.05 	0.182 	53.54838 	-3.6160739 	2.8987682
-0.47567568 	-0.05 	0.182 	53.549969 	-3.6110671 	2.9012726
-0.47447447 	-0.05 	0.182 	53.551559 	-3.6060604 	2.9037771
-0.47327327 	-0.05 	0.182 	53.553207 	-3.6010676 	2.9060348
-0.47207207 	-0.05 	0.182 	53.554898 	-3.5960848 	2.9081169
-0.47087087 	-0.05 	0.182 	53.556589 	-3.5911019 	2.9101991
-0.46966967 	-0.05 	0.182 	53.55828 	-3.5861191 	2.9122813
-0.46846847 	-0.05 	0.182 	53.55997 	-3.5811363 	2.9143635
-0.46726727 	-0.05 	0.182 	53.561661 	-3.5761534 	2.9164457
-0.46606607 	-0.05 	0.182 	53.563352 	-3.5711706 	2.9185279
-0.46486486 	-0.05 	0.182 	53.565043 	-3.5661878 	2.92061
-0.46366366 	-0.05 	0.182 	53.566727 	-3.5612382 	2.9227262
-0.46246246 	-0.05 	0.182 	53.568352 	-3.5565789 	2.9251388
-0.46126126 	-0.05 	0.182 	53.569977 	-3.5519195 	2.9275514
-0.46006006 	-0.05 	0.182 	53.571601 	-3.5472601 	2.9299639
-0.45885886 	-0.05 	0.182 	53.573226 	-3.5426007 	2.9323765
-0.45765766 	-0.05 	0.182 	53.574851 	-3.5379413 	2.9347891
-0.45645646 	-0.05 	0.182 	53.575414 	-3.5327633 	2.9368778
-0.45525526 	-0.05 	0.182 	53.575828 	-3.5275127 	2.9389212
-0.45405405 	-0.05 	0.182 	53.576243 	-3.5222621 	2.9409647
-0.45285285 	-0.05 	0.182 	53.576657 	-3.5170115 	2.9430081
-0.45165165 	-0.05 	0.182 	53.577071 	-3.511761 	2.9450516
-0.45045045 	-0.05 	0.182 	53.577567 	-3.5067601 	2.947353
-0.44924925 	-0.05 	0.182 	53.578097 	-3.501866 	2.9497647
-0.44804805 	-0.05 	0.182 	53.578627 	-3.4969719 	2.9521764
-0.44684685 	-0.05 	0.182 	53.579158 	-3.4920778 	2.9545881
-0.44564565 	-0.05 	0.182 	53.579688 	-3.4871836 	2.9569998
-0.44444444 	-0.05 	0.182 	53.580218 	-3.4822895 	2.9594114
-0.44324324 	-0.05 	0.182 	53.580769 	-3.4773983 	2.9617411
-0.44204204 	-0.05 	0.182 	53.581402 	-3.4725184 	2.9637458
-0.44084084 	-0.05 	0.182 	53.582034 	-3.4676385 	2.9657505
-0.43963964 	-0.05 	0.182 	53.582666 	-3.4627586 	2.9677551
-0.43843844 	-0.05 	0.182 	53.583298 	-3.4578787 	2.9697598
-0.43723724 	-0.05 	0.182 	53.58393 	-3.4529989 	2.9717645
-0.43603604 	-0.05 	0.182 	53.584563 	-3.448119 	2.9737691
-0.43483483 	-0.05 	0.182 	53.585195 	-3.4432391 	2.9757738
-0.43363363 	-0.05 	0.182 	53.585827 	-3.4383592 	2.9777785
-0.43243243 	-0.05 	0.182 	53.58644 	-3.4337078 	2.9799768
-0.43123123 	-0.05 	0.182 	53.58704 	-3.4292149 	2.9823095
-0.43003003 	-0.05 	0.182 	53.58764 	-3.4247219 	2.9846422
-0.42882883 	-0.05 	0.182 	53.58824 	-3.420229 	2.9869749
-0.42762763 	-0.05 	0.182 	53.588839 	-3.4157361 	2.9893076
-0.42642643 	-0.05 	0.182 	53.588976 	-3.4109814 	2.9914623
-0.42522523 	-0.05 	0.182 	53.588643 	-3.4059611 	2.9934361
-0.42402402 	-0.05 	0.182 	53.58831 	-3.4009407 	2.9954099
-0.42282282 	-0.05 	0.182 	53.587976 	-3.3959203 	2.9973837
-0.42162162 	-0.05 	0.182 	53.587643 	-3.3908999 	2.9993575
-0.42042042 	-0.05 	0.182 	53.587197 	-3.3859971 	3.0014784
-0.41921922 	-0.05 	0.182 	53.586601 	-3.3812527 	3.0037973
-0.41801802 	-0.05 	0.182 	53.586005 	-3.3765082 	3.0061163
-0.41681682 	-0.05 	0.182 	53.585409 	-3.3717637 	3.0084353
-0.41561562 	-0.05 	0.182 	53.584812 	-3.3670193 	3.0107543
-0.41441441 	-0.05 	0.182 	53.584216 	-3.3622748 	3.0130733
-0.41321321 	-0.05 	0.182 	53.58362 	-3.3575304 	3.0153922
-0.41201201 	-0.05 	0.182 	53.583112 	-3.3527927 	3.0173894
-0.41081081 	-0.05 	0.182 	53.582624 	-3.3480564 	3.0193156
-0.40960961 	-0.05 	0.182 	53.582136 	-3.3433202 	3.0212417
-0.40840841 	-0.05 	0.182 	53.581648 	-3.338584 	3.0231679
-0.40720721 	-0.05 	0.182 	53.58116 	-3.3338478 	3.025094
-0.40600601 	-0.05 	0.182 	53.580672 	-3.3291115 	3.0270202
-0.4048048 	-0.05 	0.182 	53.580184 	-3.3243753 	3.0289463
-0.4036036 	-0.05 	0.182 	53.579696 	-3.3196391 	3.0308725
-0.4024024 	-0.05 	0.182 	53.579144 	-3.3149874 	3.0328574
-0.4012012 	-0.05 	0.182 	53.578315 	-3.3106992 	3.0350948
-0.4 	-0.05 	0.182 	53.577485 	-3.306411 	3.0373322
-0.3987988 	-0.05 	0.182 	53.576656 	-3.3021228 	3.0395696
-0.3975976 	-0.05 	0.182 	53.575827 	-3.2978346 	3.041807
-0.3963964 	-0.05 	0.182 	53.574936 	-3.2935043 	3.044008
-0.3951952 	-0.05 	0.182 	53.573548 	-3.2888353 	3.0459162
-0.39399399 	-0.05 	0.182 	53.572159 	-3.2841663 	3.0478244
-0.39279279 	-0.05 	0.182 	53.57077 	-3.2794973 	3.0497325
-0.39159159 	-0.05 	0.182 	53.569381 	-3.2748283 	3.0516407
-0.39039039 	-0.05 	0.182 	53.567979 	-3.2701553 	3.0535597
-0.38918919 	-0.05 	0.182 	53.566205 	-3.2653755 	3.0557688
-0.38798799 	-0.05 	0.182 	53.564432 	-3.2605958 	3.0579779
-0.38678679 	-0.05 	0.182 	53.562659 	-3.255816 	3.060187
-0.38558559 	-0.05 	0.182 	53.560886 	-3.2510362 	3.0623961
-0.38438438 	-0.05 	0.182 	53.559112 	-3.2462565 	3.0646052
-0.38318318 	-0.05 	0.182 	53.557339 	-3.2414767 	3.0668143
-0.38198198 	-0.05 	0.182 	53.555616 	-3.2367009 	3.0688607
-0.38078078 	-0.05 	0.182 	53.553959 	-3.2319303 	3.0706943
-0.37957958 	-0.05 	0.182 	53.552303 	-3.2271597 	3.0725279
-0.37837838 	-0.05 	0.182 	53.550646 	-3.2223891 	3.0743615
-0.37717718 	-0.05 	0.182 	53.548989 	-3.2176185 	3.0761951
-0.37597598 	-0.05 	0.182 	53.547332 	-3.2128479 	3.0780287
-0.37477477 	-0.05 	0.182 	53.545675 	-3.2080774 	3.0798623
-0.37357357 	-0.05 	0.182 	53.544018 	-3.2033068 	3.0816959
-0.37237237 	-0.05 	0.182 	53.542361 	-3.1985362 	3.0835295
-0.37117117 	-0.05 	0.182 	53.540368 	-3.1936901 	3.085574
-0.36996997 	-0.05 	0.182 	53.538279 	-3.1888224 	3.0876787
-0.36876877 	-0.05 	0.182 	53.53619 	-3.1839548 	3.0897834
-0.36756757 	-0.05 	0.182 	53.5341 	-3.1790872 	3.0918881
-0.36636637 	-0.05 	0.182 	53.532011 	-3.1742196 	3.0939927
-0.36516517 	-0.05 	0.182 	53.529778 	-3.1694348 	3.0958938
-0.36396396 	-0.05 	0.182 	53.527491 	-3.1646813 	3.0977176
-0.36276276 	-0.05 	0.182 	53.525204 	-3.1599279 	3.0995414
-0.36156156 	-0.05 	0.182 	53.522917 	-3.1551744 	3.1013652
-0.36036036 	-0.05 	0.182 	53.52063 	-3.150421 	3.103189
-0.35915916 	-0.05 	0.182 	53.518093 	-3.1455896 	3.1051948
-0.35795796 	-0.05 	0.182 	53.515449 	-3.1407245 	3.1072797
-0.35675676 	-0.05 	0.182 	53.512804 	-3.1358593 	3.1093647
-0.35555556 	-0.05 	0.182 	53.51016 	-3.1309941 	3.1114496
-0.35435435 	-0.05 	0.182 	53.507515 	-3.1261289 	3.1135345
-0.35315315 	-0.05 	0.182 	53.504871 	-3.1212638 	3.1156194
-0.35195195 	-0.05 	0.182 	53.502233 	-3.1163983 	3.1176868
-0.35075075 	-0.05 	0.182 	53.499717 	-3.1115265 	3.1194174
-0.34954955 	-0.05 	0.182 	53.4972 	-3.1066547 	3.121148
-0.34834835 	-0.05 	0.182 	53.494684 	-3.1017829 	3.1228786
-0.34714715 	-0.05 	0.182 	53.492168 	-3.0969112 	3.1246093
-0.34594595 	-0.05 	0.182 	53.489652 	-3.0920394 	3.1263399
-0.34474474 	-0.05 	0.182 	53.487136 	-3.0871676 	3.1280705
-0.34354354 	-0.05 	0.182 	53.48462 	-3.0822959 	3.1298011
-0.34234234 	-0.05 	0.182 	53.482103 	-3.0774241 	3.1315318
-0.34114114 	-0.05 	0.182 	53.479498 	-3.0726506 	3.1333472
-0.33993994 	-0.05 	0.182 	53.476703 	-3.0680878 	3.1353445
-0.33873874 	-0.05 	0.182 	53.473907 	-3.063525 	3.1373419
-0.33753754 	-0.05 	0.182 	53.471111 	-3.0589623 	3.1393392
-0.33633634 	-0.05 	0.182 	53.468316 	-3.0543995 	3.1413366
-0.33513514 	-0.05 	0.182 	53.46561 	-3.0498181 	3.1432452
-0.33393393 	-0.05 	0.182 	53.463076 	-3.0452011 	3.1449841
-0.33273273 	-0.05 	0.182 	53.460542 	-3.0405841 	3.1467231
-0.33153153 	-0.05 	0.182 	53.458008 	-3.0359671 	3.148462
-0.33033033 	-0.05 	0.182 	53.455474 	-3.03135 	3.150201
-0.32912913 	-0.05 	0.182 	53.452517 	-3.0267885 	3.1520232
-0.32792793 	-0.05 	0.182 	53.448957 	-3.0223058 	3.1539639
-0.32672673 	-0.05 	0.182 	53.445398 	-3.0178231 	3.1559046
-0.32552553 	-0.05 	0.182 	53.441838 	-3.0133405 	3.1578453
-0.32432432 	-0.05 	0.182 	53.438278 	-3.0088578 	3.159786
-0.32312312 	-0.05 	0.182 	53.434718 	-3.0043751 	3.1617268
-0.32192192 	-0.05 	0.182 	53.431159 	-2.9998925 	3.1636675
-0.32072072 	-0.05 	0.182 	53.427695 	-2.9954101 	3.1653871
-0.31951952 	-0.05 	0.182 	53.424278 	-2.9909278 	3.1669967
-0.31831832 	-0.05 	0.182 	53.420862 	-2.9864455 	3.1686063
-0.31711712 	-0.05 	0.182 	53.417445 	-2.9819632 	3.1702158
-0.31591592 	-0.05 	0.182 	53.414029 	-2.9774809 	3.1718254
-0.31471471 	-0.05 	0.182 	53.410612 	-2.9729986 	3.1734349
-0.31351351 	-0.05 	0.182 	53.407196 	-2.9685164 	3.1750445
-0.31231231 	-0.05 	0.182 	53.403779 	-2.9640341 	3.176654
-0.31111111 	-0.05 	0.182 	53.400363 	-2.9595518 	3.1782636
-0.30990991 	-0.05 	0.182 	53.396427 	-2.9552003 	3.1800385
-0.30870871 	-0.05 	0.182 	53.39237 	-2.9508793 	3.1818521
-0.30750751 	-0.05 	0.182 	53.388312 	-2.9465584 	3.1836657
-0.30630631 	-0.05 	0.182 	53.384255 	-2.9422374 	3.1854793
-0.30510511 	-0.05 	0.182 	53.380198 	-2.9379164 	3.1872928
-0.3039039 	-0.05 	0.182 	53.376707 	-2.9340698 	3.1889085
-0.3027027 	-0.05 	0.182 	53.373239 	-2.9302418 	3.1905164
-0.3015015 	-0.05 	0.182 	53.369771 	-2.9264139 	3.1921243
-0.3003003 	-0.05 	0.182 	53.366303 	-2.922586 	3.1937321
-0.2990991 	-0.05 	0.182 	53.36265 	-2.9187272 	3.1953655
-0.2978979 	-0.05 	0.182 	53.357828 	-2.9146743 	3.1971597
-0.2966967 	-0.05 	0.182 	53.353006 	-2.9106215 	3.1989539
-0.2954955 	-0.05 	0.182 	53.348183 	-2.9065686 	3.2007481
-0.29429429 	-0.05 	0.182 	53.343361 	-2.9025157 	3.2025423
-0.29309309 	-0.05 	0.182 	53.338539 	-2.8984628 	3.2043365
-0.29189189 	-0.05 	0.182 	53.333717 	-2.89441 	3.2061307
-0.29069069 	-0.05 	0.182 	53.328937 	-2.8903563 	3.2078372
-0.28948949 	-0.05 	0.182 	53.324263 	-2.8863008 	3.209324
-0.28828829 	-0.05 	0.182 	53.319588 	-2.8822452 	3.2108108
-0.28708709 	-0.05 	0.182 	53.314913 	-2.8781896 	3.2122976
-0.28588589 	-0.05 	0.182 	53.310239 	-2.874134 	3.2137844
-0.28468468 	-0.05 	0.182 	53.305564 	-2.8700785 	3.2152711
-0.28348348 	-0.05 	0.182 	53.30089 	-2.8660229 	3.2167579
-0.28228228 	-0.05 	0.182 	53.296215 	-2.8619673 	3.2182447
-0.28108108 	-0.05 	0.182 	53.291541 	-2.8579118 	3.2197315
-0.27987988 	-0.05 	0.182 	53.286487 	-2.8537575 	3.2213021
-0.27867868 	-0.05 	0.182 	53.28087 	-2.8494571 	3.222997
-0.27747748 	-0.05 	0.182 	53.275254 	-2.8451566 	3.2246918
-0.27627628 	-0.05 	0.182 	53.269638 	-2.8408562 	3.2263867
-0.27507508 	-0.05 	0.182 	53.264022 	-2.8365558 	3.2280815
-0.27387387 	-0.05 	0.182 	53.258843 	-2.8333254 	3.2296694
-0.27267267 	-0.05 	0.182 	53.253987 	-2.8308825 	3.2311786
-0.27147147 	-0.05 	0.182 	53.24913 	-2.8284396 	3.2326878
-0.27027027 	-0.05 	0.182 	53.244274 	-2.8259966 	3.234197
-0.26906907 	-0.05 	0.182 	53.239417 	-2.8235537 	3.2357062
-0.26786787 	-0.05 	0.182 	53.233555 	-2.8200051 	3.2373169
-0.26666667 	-0.05 	0.182 	53.227367 	-2.8160987 	3.2389603
-0.26546547 	-0.05 	0.182 	53.22118 	-2.8121923 	3.2406038
-0.26426426 	-0.05 	0.182 	53.214992 	-2.8082859 	3.2422472
-0.26306306 	-0.05 	0.182 	53.208804 	-2.8043795 	3.2438907
-0.26186186 	-0.05 	0.182 	53.202617 	-2.8004731 	3.2455341
-0.26066066 	-0.05 	0.182 	53.196429 	-2.7965667 	3.2471776
-0.25945946 	-0.05 	0.182 	53.190383 	-2.7926494 	3.2485668
-0.25825826 	-0.05 	0.182 	53.184353 	-2.7887309 	3.2499279
-0.25705706 	-0.05 	0.182 	53.178322 	-2.7848124 	3.251289
-0.25585586 	-0.05 	0.182 	53.172292 	-2.7808939 	3.2526501
-0.25465465 	-0.05 	0.182 	53.166261 	-2.7769753 	3.2540112
-0.25345345 	-0.05 	0.182 	53.160231 	-2.7730568 	3.2553722
-0.25225225 	-0.05 	0.182 	53.154201 	-2.7691383 	3.2567333
-0.25105105 	-0.05 	0.182 	53.14817 	-2.7652198 	3.2580944
-0.24984985 	-0.05 	0.182 	53.14214 	-2.7613013 	3.2594555
-0.24864865 	-0.05 	0.182 	53.135033 	-2.7565879 	3.2609838
-0.24744745 	-0.05 	0.182 	53.127917 	-2.7518667 	3.2625137
-0.24624625 	-0.05 	0.182 	53.1208 	-2.7471455 	3.2640436
-0.24504505 	-0.05 	0.182 	53.113683 	-2.7424243 	3.2655735
-0.24384384 	-0.05 	0.182 	53.106792 	-2.7380206 	3.2670719
-0.24264264 	-0.05 	0.182 	53.100845 	-2.7349404 	3.2684388
-0.24144144 	-0.05 	0.182 	53.094898 	-2.7318601 	3.2698057
-0.24024024 	-0.05 	0.182 	53.088951 	-2.7287799 	3.2711727
-0.23903904 	-0.05 	0.182 	53.083004 	-2.7256997 	3.2725396
-0.23783784 	-0.05 	0.182 	53.076328 	-2.7220752 	3.2739514
-0.23663664 	-0.05 	0.182 	53.06865 	-2.7177031 	3.275425
-0.23543544 	-0.05 	0.182 	53.060971 	-2.713331 	3.2768985
-0.23423423 	-0.05 	0.182 	53.053293 	-2.7089589 	3.278372
-0.23303303 	-0.05 	0.182 	53.045615 	-2.7045868 	3.2798455
-0.23183183 	-0.05 	0.182 	53.037937 	-2.7002147 	3.2813191
-0.23063063 	-0.05 	0.182 	53.030259 	-2.6958426 	3.2827926
-0.22942943 	-0.05 	0.182 	53.022679 	-2.6914652 	3.2841353
-0.22822823 	-0.05 	0.182 	53.01519 	-2.6870828 	3.2853558
-0.22702703 	-0.05 	0.182 	53.007702 	-2.6827005 	3.2865763
-0.22582583 	-0.05 	0.182 	53.000214 	-2.6783181 	3.2877968
-0.22462462 	-0.05 	0.182 	52.992726 	-2.6739357 	3.2890172
-0.22342342 	-0.05 	0.182 	52.985238 	-2.6695533 	3.2902377
-0.22222222 	-0.05 	0.182 	52.977749 	-2.6651709 	3.2914582
-0.22102102 	-0.05 	0.182 	52.970261 	-2.6607885 	3.2926787
-0.21981982 	-0.05 	0.182 	52.962773 	-2.6564062 	3.2938992
-0.21861862 	-0.05 	0.182 	52.954556 	-2.6516795 	3.2951936
-0.21741742 	-0.05 	0.182 	52.945676 	-2.6466394 	3.2965555
-0.21621622 	-0.05 	0.182 	52.936797 	-2.6415994 	3.2979173
-0.21501502 	-0.05 	0.182 	52.927917 	-2.6365593 	3.2992792
-0.21381381 	-0.05 	0.182 	52.919037 	-2.6315193 	3.3006411
-0.21261261 	-0.05 	0.182 	52.91152 	-2.6273502 	3.3019156
-0.21141141 	-0.05 	0.182 	52.904324 	-2.6233855 	3.3031696
-0.21021021 	-0.05 	0.182 	52.897128 	-2.6194208 	3.3044236
-0.20900901 	-0.05 	0.182 	52.889931 	-2.6154561 	3.3056776
-0.20780781 	-0.05 	0.182 	52.882444 	-2.6113923 	3.3069347
-0.20660661 	-0.05 	0.182 	52.873139 	-2.6067095 	3.3082109
-0.20540541 	-0.05 	0.182 	52.863834 	-2.6020268 	3.3094871
-0.2042042 	-0.05 	0.182 	52.854529 	-2.597344 	3.3107634
-0.203003 	-0.05 	0.182 	52.845224 	-2.5926613 	3.3120396
-0.2018018 	-0.05 	0.182 	52.83592 	-2.5879785 	3.3133158
-0.2006006 	-0.05 	0.182 	52.826615 	-2.5832958 	3.3145921
-0.1993994 	-0.05 	0.182 	52.81734 	-2.578612 	3.3158381
-0.1981982 	-0.05 	0.182 	52.808259 	-2.5739214 	3.3168868
-0.196997 	-0.05 	0.182 	52.799178 	-2.5692308 	3.3179356
-0.1957958 	-0.05 	0.182 	52.790097 	-2.5645402 	3.3189843
-0.19459459 	-0.05 	0.182 	52.781016 	-2.5598496 	3.3200331
-0.19339339 	-0.05 	0.182 	52.771936 	-2.555159 	3.3210818
-0.19219219 	-0.05 	0.182 	52.762855 	-2.5504684 	3.3221306
-0.19099099 	-0.05 	0.182 	52.753774 	-2.5457778 	3.3231793
-0.18978979 	-0.05 	0.182 	52.744693 	-2.5410872 	3.324228
-0.18858859 	-0.05 	0.182 	52.735581 	-2.5363998 	3.3252776
-0.18738739 	-0.05 	0.182 	52.724871 	-2.5318774 	3.3263705
-0.18618619 	-0.05 	0.182 	52.714161 	-2.5273549 	3.3274633
-0.18498498 	-0.05 	0.182 	52.703451 	-2.5228325 	3.3285561
-0.18378378 	-0.05 	0.182 	52.692741 	-2.51831 	3.329649
-0.18258258 	-0.05 	0.182 	52.682882 	-2.5143949 	3.3307008
-0.18138138 	-0.05 	0.182 	52.674168 	-2.5112969 	3.3316974
-0.18018018 	-0.05 	0.182 	52.665453 	-2.5081989 	3.332694
-0.17897898 	-0.05 	0.182 	52.656739 	-2.5051009 	3.3336906
-0.17777778 	-0.05 	0.182 	52.648025 	-2.5020029 	3.3346872
-0.17657658 	-0.05 	0.182 	52.637631 	-2.4977952 	3.3357382
-0.17537538 	-0.05 	0.182 	52.626955 	-2.493401 	3.3367983
-0.17417417 	-0.05 	0.182 	52.61628 	-2.4890068 	3.3378585
-0.17297297 	-0.05 	0.182 	52.605604 	-2.4846127 	3.3389187
-0.17177177 	-0.05 	0.182 	52.594928 	-2.4802185 	3.3399788
-0.17057057 	-0.05 	0.182 	52.584252 	-2.4758244 	3.341039
-0.16936937 	-0.05 	0.182 	52.573576 	-2.4714302 	3.3420991
-0.16816817 	-0.05 	0.182 	52.56307 	-2.4670359 	3.3430103
-0.16696697 	-0.05 	0.182 	52.552621 	-2.4626415 	3.3438717
-0.16576577 	-0.05 	0.182 	52.542173 	-2.4582472 	3.3447331
-0.16456456 	-0.05 	0.182 	52.531724 	-2.4538528 	3.3455945
-0.16336336 	-0.05 	0.182 	52.521275 	-2.4494585 	3.3464558
-0.16216216 	-0.05 	0.182 	52.510826 	-2.4450641 	3.3473172
-0.16096096 	-0.05 	0.182 	52.500378 	-2.4406698 	3.3481786
-0.15975976 	-0.05 	0.182 	52.489929 	-2.4362754 	3.34904
-0.15855856 	-0.05 	0.182 	52.47948 	-2.4318811 	3.3499014
-0.15735736 	-0.05 	0.182 	52.468136 	-2.4270536 	3.3508137
-0.15615616 	-0.05 	0.182 	52.456226 	-2.4219528 	3.3517582
-0.15495495 	-0.05 	0.182 	52.444316 	-2.416852 	3.3527027
-0.15375375 	-0.05 	0.182 	52.432406 	-2.4117512 	3.3536472
-0.15255255 	-0.05 	0.182 	52.420575 	-2.406769 	3.3545853
-0.15135135 	-0.05 	0.182 	52.410572 	-2.4045244 	3.3553771
-0.15015015 	-0.05 	0.182 	52.40057 	-2.4022799 	3.3561688
-0.14894895 	-0.05 	0.182 	52.390568 	-2.4000353 	3.3569605
-0.14774775 	-0.05 	0.182 	52.380565 	-2.3977908 	3.3577523
-0.14654655 	-0.05 	0.182 	52.36954 	-2.3950482 	3.3585664
-0.14534535 	-0.05 	0.182 	52.3574 	-2.3917617 	3.359405
-0.14414414 	-0.05 	0.182 	52.345259 	-2.3884753 	3.3602436
-0.14294294 	-0.05 	0.182 	52.333119 	-2.3851889 	3.3610822
-0.14174174 	-0.05 	0.182 	52.320978 	-2.3819025 	3.3619208
-0.14054054 	-0.05 	0.182 	52.308837 	-2.3786161 	3.3627594
-0.13933934 	-0.05 	0.182 	52.296697 	-2.3753296 	3.363598
-0.13813814 	-0.05 	0.182 	52.284642 	-2.3720297 	3.3643776
-0.13693694 	-0.05 	0.182 	52.272739 	-2.368706 	3.3650541
-0.13573574 	-0.05 	0.182 	52.260837 	-2.3653824 	3.3657307
-0.13453453 	-0.05 	0.182 	52.248934 	-2.3620587 	3.3664072
-0.13333333 	-0.05 	0.182 	52.237031 	-2.358735 	3.3670837
-0.13213213 	-0.05 	0.182 	52.225128 	-2.3554114 	3.3677602
-0.13093093 	-0.05 	0.182 	52.213225 	-2.3520877 	3.3684368
-0.12972973 	-0.05 	0.182 	52.201322 	-2.3487641 	3.3691133
-0.12852853 	-0.05 	0.182 	52.189419 	-2.3454404 	3.3697898
-0.12732733 	-0.05 	0.182 	52.177216 	-2.342002 	3.3704764
-0.12612613 	-0.05 	0.182 	52.163697 	-2.33806 	3.3712072
-0.12492492 	-0.05 	0.182 	52.150178 	-2.334118 	3.371938
-0.12372372 	-0.05 	0.182 	52.136659 	-2.330176 	3.3726689
-0.12252252 	-0.05 	0.182 	52.123141 	-2.326234 	3.3733997
-0.12132132 	-0.05 	0.182 	52.110774 	-2.324594 	3.3740303
-0.12012012 	-0.05 	0.182 	52.099012 	-2.324164 	3.3746083
-0.11891892 	-0.05 	0.182 	52.08725 	-2.323734 	3.3751863
-0.11771772 	-0.05 	0.182 	52.075489 	-2.3233041 	3.3757643
-0.11651652 	-0.05 	0.182 	52.063354 	-2.322619 	3.3763448
-0.11531532 	-0.05 	0.182 	52.04919 	-2.3205438 	3.3769394
-0.11411411 	-0.05 	0.182 	52.035026 	-2.3184686 	3.377534
-0.11291291 	-0.05 	0.182 	52.020862 	-2.3163935 	3.3781285
-0.11171171 	-0.05 	0.182 	52.006697 	-2.3143183 	3.3787231
-0.11051051 	-0.05 	0.182 	51.992533 	-2.3122431 	3.3793177
-0.10930931 	-0.05 	0.182 	51.978369 	-2.310168 	3.3799123
-0.10810811 	-0.05 	0.182 	51.964205 	-2.3080928 	3.3805068
-0.10690691 	-0.05 	0.182 	51.950309 	-2.3059292 	3.3809853
-0.10570571 	-0.05 	0.182 	51.936419 	-2.3037636 	3.3814609
-0.1045045 	-0.05 	0.182 	51.92253 	-2.3015979 	3.3819366
-0.1033033 	-0.05 	0.182 	51.90864 	-2.2994323 	3.3824123
-0.1021021 	-0.05 	0.182 	51.894751 	-2.2972666 	3.3828879
-0.1009009 	-0.05 	0.182 	51.880861 	-2.2951009 	3.3833636
-0.0996997 	-0.05 	0.182 	51.866971 	-2.2929353 	3.3838393
-0.098498498 	-0.05 	0.182 	51.853082 	-2.2907696 	3.3843149
-0.097297297 	-0.05 	0.182 	51.839192 	-2.288604 	3.3847906
-0.096096096 	-0.05 	0.182 	51.82414 	-2.285585 	3.3853005
-0.094894895 	-0.05 	0.182 	51.808564 	-2.2821812 	3.3858257
-0.093693694 	-0.05 	0.182 	51.792987 	-2.2787773 	3.386351
-0.092492492 	-0.05 	0.182 	51.77741 	-2.2753735 	3.3868762
-0.091291291 	-0.05 	0.182 	51.762261 	-2.2730018 	3.3873535
-0.09009009 	-0.05 	0.182 	51.748283 	-2.2734645 	3.3876991
-0.088888889 	-0.05 	0.182 	51.734306 	-2.2739273 	3.3880446
-0.087687688 	-0.05 	0.182 	51.720329 	-2.27439 	3.3883902
-0.086486486 	-0.05 	0.182 	51.706352 	-2.2748528 	3.3887358
-0.085285285 	-0.05 	0.182 	51.691128 	-2.2750715 	3.3890277
-0.084084084 	-0.05 	0.182 	51.67576 	-2.2752619 	3.3893134
-0.082882883 	-0.05 	0.182 	51.660392 	-2.2754522 	3.3895991
-0.081681682 	-0.05 	0.182 	51.645023 	-2.2756426 	3.3898848
-0.08048048 	-0.05 	0.182 	51.629655 	-2.2758329 	3.3901706
-0.079279279 	-0.05 	0.182 	51.614287 	-2.2760233 	3.3904563
-0.078078078 	-0.05 	0.182 	51.598919 	-2.2762136 	3.390742
-0.076876877 	-0.05 	0.182 	51.583749 	-2.2763077 	3.3909861
-0.075675676 	-0.05 	0.182 	51.568718 	-2.2763344 	3.3912012
-0.074474474 	-0.05 	0.182 	51.553687 	-2.2763612 	3.3914164
-0.073273273 	-0.05 	0.182 	51.538657 	-2.276388 	3.3916315
-0.072072072 	-0.05 	0.182 	51.523626 	-2.2764147 	3.3918466
-0.070870871 	-0.05 	0.182 	51.508595 	-2.2764415 	3.3920617
-0.06966967 	-0.05 	0.182 	51.493564 	-2.2764682 	3.3922768
-0.068468468 	-0.05 	0.182 	51.478533 	-2.276495 	3.3924919
-0.067267267 	-0.05 	0.182 	51.463503 	-2.2765217 	3.392707
-0.066066066 	-0.05 	0.182 	51.448418 	-2.2765678 	3.3929226
-0.064864865 	-0.05 	0.182 	51.432977 	-2.2767407 	3.393141
-0.063663664 	-0.05 	0.182 	51.417537 	-2.2769135 	3.3933595
-0.062462462 	-0.05 	0.182 	51.402096 	-2.2770863 	3.393578
-0.061261261 	-0.05 	0.182 	51.386656 	-2.2772592 	3.3937965
-0.06006006 	-0.05 	0.182 	51.372746 	-2.2808138 	3.3938391
-0.058858859 	-0.05 	0.182 	51.359048 	-2.2848349 	3.3938576
-0.057657658 	-0.05 	0.182 	51.345349 	-2.2888561 	3.393876
-0.056456456 	-0.05 	0.182 	51.33165 	-2.2928773 	3.3938944
-0.055255255 	-0.05 	0.182 	51.315384 	-2.2970233 	3.3939472
-0.054054054 	-0.05 	0.182 	51.297023 	-2.3012712 	3.3940281
-0.052852853 	-0.05 	0.182 	51.278661 	-2.3055191 	3.394109
-0.051651652 	-0.05 	0.182 	51.2603 	-2.309767 	3.3941899
-0.05045045 	-0.05 	0.182 	51.241938 	-2.3140149 	3.3942708
-0.049249249 	-0.05 	0.182 	51.223577 	-2.3182628 	3.3943517
-0.048048048 	-0.05 	0.182 	51.205216 	-2.3225107 	3.3944326
-0.046846847 	-0.05 	0.182 	51.186906 	-2.3267291 	3.3945062
-0.045645646 	-0.05 	0.182 	51.168864 	-2.3307957 	3.3945429
-0.044444444 	-0.05 	0.182 	51.150821 	-2.3348624 	3.3945795
-0.043243243 	-0.05 	0.182 	51.132779 	-2.338929 	3.3946161
-0.042042042 	-0.05 	0.182 	51.114736 	-2.3429957 	3.3946527
-0.040840841 	-0.05 	0.182 	51.096694 	-2.3470624 	3.3946893
-0.03963964 	-0.05 	0.182 	51.078651 	-2.351129 	3.394726
-0.038438438 	-0.05 	0.182 	51.060609 	-2.3551957 	3.3947626
-0.037237237 	-0.05 	0.182 	51.042567 	-2.3592623 	3.3947992
-0.036036036 	-0.05 	0.182 	51.024269 	-2.3634122 	3.3948413
-0.034834835 	-0.05 	0.182 	51.002831 	-2.3685851 	3.3949512
-0.033633634 	-0.05 	0.182 	50.981393 	-2.3737579 	3.395061
-0.032432432 	-0.05 	0.182 	50.959956 	-2.3789307 	3.3951709
-0.031231231 	-0.05 	0.182 	50.938518 	-2.3841035 	3.3952807
-0.03003003 	-0.05 	0.182 	50.917669 	-2.3906722 	3.3952077
-0.028828829 	-0.05 	0.182 	50.897663 	-2.3992367 	3.3948733
-0.027627628 	-0.05 	0.182 	50.877657 	-2.4078012 	3.3945388
-0.026426426 	-0.05 	0.182 	50.857651 	-2.4163657 	3.3942044
-0.025225225 	-0.05 	0.182 	50.837645 	-2.4249302 	3.39387
-0.024024024 	-0.05 	0.182 	50.817639 	-2.4334946 	3.3935355
-0.022822823 	-0.05 	0.182 	50.797632 	-2.4420591 	3.3932011
-0.021621622 	-0.05 	0.182 	50.777626 	-2.4506236 	3.3928667
-0.02042042 	-0.05 	0.182 	50.75353 	-2.4591377 	3.3927333
-0.019219219 	-0.05 	0.182 	50.729213 	-2.467649 	3.3926108
-0.018018018 	-0.05 	0.182 	50.704896 	-2.4761604 	3.3924883
-0.016816817 	-0.05 	0.182 	50.680555 	-2.4846934 	3.3923683
-0.015615616 	-0.05 	0.182 	50.655974 	-2.4934481 	3.3922737
-0.014414414 	-0.05 	0.182 	50.637394 	-2.5046865 	3.391884
-0.013213213 	-0.05 	0.182 	50.622751 	-2.5170047 	3.3913513
-0.012012012 	-0.05 	0.182 	50.607777 	-2.528825 	3.3909317
-0.010810811 	-0.05 	0.182 	50.591353 	-2.5398813 	3.3908003
-0.0096096096 	-0.05 	0.182 	50.574929 	-2.5509375 	3.390669
-0.0084084084 	-0.05 	0.182 	50.558506 	-2.5619937 	3.3905376
-0.0072072072 	-0.05 	0.182 	50.542082 	-2.57305 	3.3904062
-0.006006006 	-0.05 	0.182 	50.525658 	-2.5841062 	3.3902749
-0.0048048048 	-0.05 	0.182 	50.509234 	-2.5951625 	3.3901435
-0.0036036036 	-0.05 	0.182 	50.49281 	-2.6062187 	3.3900121
-0.0024024024 	-0.05 	0.182 	50.476386 	-2.617275 	3.3898808
-0.0012012012 	-0.05 	0.182 	50.459963 	-2.6283312 	3.3897495
-7.9671284e-15 	-0.05 	0.182 	50.443582 	-2.6393841 	3.3896228
