0 	0.25 	0.273 	53.17929 	-6.5353401 	-2.7774747
-0.0012012012 	0.25 	0.273 	53.184346 	-6.5470528 	-2.7785442
-0.0024024024 	0.25 	0.273 	53.189402 	-6.5587655 	-2.7796137
-0.0036036036 	0.25 	0.273 	53.194457 	-6.5704782 	-2.7806831
-0.0048048048 	0.25 	0.273 	53.199513 	-6.5821909 	-2.7817526
-0.006006006 	0.25 	0.273 	53.204568 	-6.5939036 	-2.7828221
-0.0072072072 	0.25 	0.273 	53.209624 	-6.6056162 	-2.7838915
-0.0084084084 	0.25 	0.273 	53.214679 	-6.6173289 	-2.784961
-0.0096096096 	0.25 	0.273 	53.219735 	-6.6290416 	-2.7860305
-0.010810811 	0.25 	0.273 	53.225306 	-6.6405914 	-2.7870644
-0.012012012 	0.25 	0.273 	53.233714 	-6.6512454 	-2.7879032
-0.013213213 	0.25 	0.273 	53.242121 	-6.6618994 	-2.788742
-0.014414414 	0.25 	0.273 	53.250529 	-6.6725534 	-2.7895807
-0.015615616 	0.25 	0.273 	53.258936 	-6.6832074 	-2.7904195
-0.016816817 	0.25 	0.273 	53.267344 	-6.6938614 	-2.7912583
-0.018018018 	0.25 	0.273 	53.275751 	-6.7045154 	-2.792097
-0.019219219 	0.25 	0.273 	53.284159 	-6.7151694 	-2.7929358
-0.02042042 	0.25 	0.273 	53.292566 	-6.7258234 	-2.7937746
-0.021621622 	0.25 	0.273 	53.30217 	-6.7381843 	-2.7948296
-0.022822823 	0.25 	0.273 	53.312283 	-6.7512728 	-2.7959768
-0.024024024 	0.25 	0.273 	53.322397 	-6.7643614 	-2.7971241
-0.025225225 	0.25 	0.273 	53.33251 	-6.7774499 	-2.7982713
-0.026426426 	0.25 	0.273 	53.342624 	-6.7905384 	-2.7994185
-0.027627628 	0.25 	0.273 	53.352737 	-6.8036269 	-2.8005657
-0.028828829 	0.25 	0.273 	53.362851 	-6.8167154 	-2.8017129
-0.03003003 	0.25 	0.273 	53.372965 	-6.8298039 	-2.8028602
-0.031231231 	0.25 	0.273 	53.383078 	-6.8428925 	-2.8040074
-0.032432432 	0.25 	0.273 	53.393192 	-6.855981 	-2.8051546
-0.033633634 	0.25 	0.273 	53.403305 	-6.8690695 	-2.8063018
-0.034834835 	0.25 	0.273 	53.413419 	-6.882158 	-2.8074491
-0.036036036 	0.25 	0.273 	53.423532 	-6.8952465 	-2.8085963
-0.037237237 	0.25 	0.273 	53.433646 	-6.908335 	-2.8097435
-0.038438438 	0.25 	0.273 	53.443759 	-6.9214235 	-2.8108907
-0.03963964 	0.25 	0.273 	53.453873 	-6.9345121 	-2.812038
-0.040840841 	0.25 	0.273 	53.463986 	-6.9476006 	-2.8131852
-0.042042042 	0.25 	0.273 	53.4741 	-6.9606891 	-2.8143324
-0.043243243 	0.25 	0.273 	53.484213 	-6.9737776 	-2.8154796
-0.044444444 	0.25 	0.273 	53.494327 	-6.9868661 	-2.8166269
-0.045645646 	0.25 	0.273 	53.50444 	-6.9999546 	-2.8177741
-0.046846847 	0.25 	0.273 	53.514554 	-7.0130432 	-2.8189213
-0.048048048 	0.25 	0.273 	53.524667 	-7.0261317 	-2.8200685
-0.049249249 	0.25 	0.273 	53.536738 	-7.0384338 	-2.8212333
-0.05045045 	0.25 	0.273 	53.549985 	-7.0502636 	-2.8224087
-0.051651652 	0.25 	0.273 	53.563231 	-7.0620935 	-2.823584
-0.052852853 	0.25 	0.273 	53.576477 	-7.0739233 	-2.8247594
-0.054054054 	0.25 	0.273 	53.589724 	-7.0857532 	-2.8259347
-0.055255255 	0.25 	0.273 	53.60297 	-7.097583 	-2.8271101
-0.056456456 	0.25 	0.273 	53.616217 	-7.1094129 	-2.8282854
-0.057657658 	0.25 	0.273 	53.629463 	-7.1212427 	-2.8294608
-0.058858859 	0.25 	0.273 	53.642709 	-7.1330726 	-2.8306361
-0.06006006 	0.25 	0.273 	53.655956 	-7.1449024 	-2.8318115
-0.061261261 	0.25 	0.273 	53.668396 	-7.1595077 	-2.8327781
-0.062462462 	0.25 	0.273 	53.680805 	-7.1742167 	-2.8337369
-0.063663664 	0.25 	0.273 	53.693215 	-7.1889256 	-2.8346957
-0.064864865 	0.25 	0.273 	53.705625 	-7.2036346 	-2.8356545
-0.066066066 	0.25 	0.273 	53.718034 	-7.2183435 	-2.8366134
-0.067267267 	0.25 	0.273 	53.730444 	-7.2330525 	-2.8375722
-0.068468468 	0.25 	0.273 	53.742854 	-7.2477614 	-2.838531
-0.06966967 	0.25 	0.273 	53.755263 	-7.2624704 	-2.8394898
-0.070870871 	0.25 	0.273 	53.767673 	-7.2771793 	-2.8404487
-0.072072072 	0.25 	0.273 	53.780398 	-7.2912175 	-2.8413972
-0.073273273 	0.25 	0.273 	53.793793 	-7.3038339 	-2.8423238
-0.074474474 	0.25 	0.273 	53.807188 	-7.3164503 	-2.8432504
-0.075675676 	0.25 	0.273 	53.820582 	-7.3290667 	-2.844177
-0.076876877 	0.25 	0.273 	53.833977 	-7.3416831 	-2.8451036
-0.078078078 	0.25 	0.273 	53.847372 	-7.3542995 	-2.8460302
-0.079279279 	0.25 	0.273 	53.860766 	-7.3669159 	-2.8469568
-0.08048048 	0.25 	0.273 	53.874161 	-7.3795322 	-2.8478834
-0.081681682 	0.25 	0.273 	53.887555 	-7.3921486 	-2.84881
-0.082882883 	0.25 	0.273 	53.90095 	-7.404765 	-2.8497366
-0.084084084 	0.25 	0.273 	53.914345 	-7.4173814 	-2.8506632
-0.085285285 	0.25 	0.273 	53.927739 	-7.4299978 	-2.8515898
-0.086486486 	0.25 	0.273 	53.941134 	-7.4426142 	-2.8525164
-0.087687688 	0.25 	0.273 	53.954529 	-7.4552306 	-2.853443
-0.088888889 	0.25 	0.273 	53.967923 	-7.467847 	-2.8543696
-0.09009009 	0.25 	0.273 	53.981318 	-7.4804634 	-2.8552962
-0.091291291 	0.25 	0.273 	53.994712 	-7.4930797 	-2.8562228
-0.092492492 	0.25 	0.273 	54.008107 	-7.5056961 	-2.8571494
-0.093693694 	0.25 	0.273 	54.021502 	-7.5183125 	-2.858076
-0.094894895 	0.25 	0.273 	54.034896 	-7.5309289 	-2.8590026
-0.096096096 	0.25 	0.273 	54.048291 	-7.5435453 	-2.8599292
-0.097297297 	0.25 	0.273 	54.061686 	-7.5561617 	-2.8608558
-0.098498498 	0.25 	0.273 	54.07508 	-7.5687781 	-2.8617824
-0.0996997 	0.25 	0.273 	54.088475 	-7.5813945 	-2.862709
-0.1009009 	0.25 	0.273 	54.101872 	-7.5929306 	-2.863574
-0.1021021 	0.25 	0.273 	54.115269 	-7.6044043 	-2.8644354
-0.1033033 	0.25 	0.273 	54.128666 	-7.6158781 	-2.8652969
-0.1045045 	0.25 	0.273 	54.142063 	-7.6273518 	-2.8661583
-0.10570571 	0.25 	0.273 	54.155461 	-7.6388255 	-2.8670197
-0.10690691 	0.25 	0.273 	54.168858 	-7.6502993 	-2.8678812
-0.10810811 	0.25 	0.273 	54.182255 	-7.661773 	-2.8687426
-0.10930931 	0.25 	0.273 	54.195652 	-7.6732467 	-2.869604
-0.11051051 	0.25 	0.273 	54.209911 	-7.6828952 	-2.8704746
-0.11171171 	0.25 	0.273 	54.22432 	-7.6922254 	-2.8713468
-0.11291291 	0.25 	0.273 	54.23873 	-7.7015555 	-2.8722189
-0.11411411 	0.25 	0.273 	54.253139 	-7.7108856 	-2.8730911
-0.11531532 	0.25 	0.273 	54.267548 	-7.7202157 	-2.8739632
-0.11651652 	0.25 	0.273 	54.281957 	-7.7295458 	-2.8748354
-0.11771772 	0.25 	0.273 	54.296366 	-7.7388759 	-2.8757076
-0.11891892 	0.25 	0.273 	54.310776 	-7.748206 	-2.8765797
-0.12012012 	0.25 	0.273 	54.325185 	-7.7575361 	-2.8774519
-0.12132132 	0.25 	0.273 	54.339452 	-7.7672631 	-2.8783249
-0.12252252 	0.25 	0.273 	54.353176 	-7.7785026 	-2.879201
-0.12372372 	0.25 	0.273 	54.3669 	-7.789742 	-2.8800771
-0.12492492 	0.25 	0.273 	54.380623 	-7.8009815 	-2.8809532
-0.12612613 	0.25 	0.273 	54.394347 	-7.8122209 	-2.8818293
-0.12732733 	0.25 	0.273 	54.408071 	-7.8234604 	-2.8827053
-0.12852853 	0.25 	0.273 	54.421795 	-7.8346998 	-2.8835814
-0.12972973 	0.25 	0.273 	54.435519 	-7.8459393 	-2.8844575
-0.13093093 	0.25 	0.273 	54.449243 	-7.8571787 	-2.8853336
-0.13213213 	0.25 	0.273 	54.462967 	-7.8684182 	-2.8862097
-0.13333333 	0.25 	0.273 	54.47801 	-7.8795895 	-2.886972
-0.13453453 	0.25 	0.273 	54.494044 	-7.8907097 	-2.8876486
-0.13573574 	0.25 	0.273 	54.510078 	-7.9018299 	-2.8883253
-0.13693694 	0.25 	0.273 	54.526112 	-7.9129501 	-2.8890019
-0.13813814 	0.25 	0.273 	54.542146 	-7.9240703 	-2.8896786
-0.13933934 	0.25 	0.273 	54.55818 	-7.9351905 	-2.8903552
-0.14054054 	0.25 	0.273 	54.574214 	-7.9463107 	-2.8910319
-0.14174174 	0.25 	0.273 	54.590248 	-7.9574309 	-2.8917085
-0.14294294 	0.25 	0.273 	54.606392 	-7.9685286 	-2.8924129
-0.14414414 	0.25 	0.273 	54.622598 	-7.9796136 	-2.8931332
-0.14534535 	0.25 	0.273 	54.638805 	-7.9906985 	-2.8938535
-0.14654655 	0.25 	0.273 	54.655011 	-8.0017834 	-2.8945738
-0.14774775 	0.25 	0.273 	54.671217 	-8.0128683 	-2.8952941
-0.14894895 	0.25 	0.273 	54.687424 	-8.0239532 	-2.8960144
-0.15015015 	0.25 	0.273 	54.70363 	-8.0350381 	-2.8967347
-0.15135135 	0.25 	0.273 	54.719836 	-8.046123 	-2.897455
-0.15255255 	0.25 	0.273 	54.736043 	-8.0572079 	-2.8981753
-0.15375375 	0.25 	0.273 	54.752249 	-8.0682929 	-2.8988956
-0.15495495 	0.25 	0.273 	54.768456 	-8.0793778 	-2.8996159
-0.15615616 	0.25 	0.273 	54.784662 	-8.0904627 	-2.9003362
-0.15735736 	0.25 	0.273 	54.800868 	-8.1015476 	-2.9010565
-0.15855856 	0.25 	0.273 	54.817075 	-8.1126325 	-2.9017767
-0.15975976 	0.25 	0.273 	54.833281 	-8.1237174 	-2.902497
-0.16096096 	0.25 	0.273 	54.849487 	-8.1348023 	-2.9032173
-0.16216216 	0.25 	0.273 	54.865694 	-8.1458872 	-2.9039376
-0.16336336 	0.25 	0.273 	54.8819 	-8.1569722 	-2.9046579
-0.16456456 	0.25 	0.273 	54.898106 	-8.1680571 	-2.9053782
-0.16576577 	0.25 	0.273 	54.914313 	-8.179142 	-2.9060985
-0.16696697 	0.25 	0.273 	54.930519 	-8.1902269 	-2.9068188
-0.16816817 	0.25 	0.273 	54.946726 	-8.2013118 	-2.9075391
-0.16936937 	0.25 	0.273 	54.962932 	-8.2123967 	-2.9082594
-0.17057057 	0.25 	0.273 	54.979383 	-8.2234408 	-2.908976
-0.17177177 	0.25 	0.273 	54.997626 	-8.2341852 	-2.9096658
-0.17297297 	0.25 	0.273 	55.015869 	-8.2449297 	-2.9103556
-0.17417417 	0.25 	0.273 	55.034112 	-8.2556741 	-2.9110453
-0.17537538 	0.25 	0.273 	55.052355 	-8.2664186 	-2.9117351
-0.17657658 	0.25 	0.273 	55.070598 	-8.277163 	-2.9124249
-0.17777778 	0.25 	0.273 	55.088841 	-8.2879075 	-2.9131146
-0.17897898 	0.25 	0.273 	55.107084 	-8.2986519 	-2.9138044
-0.18018018 	0.25 	0.273 	55.125327 	-8.3093964 	-2.9144942
-0.18138138 	0.25 	0.273 	55.14357 	-8.3201408 	-2.9151839
-0.18258258 	0.25 	0.273 	55.161924 	-8.3312037 	-2.9157974
-0.18378378 	0.25 	0.273 	55.180397 	-8.3426102 	-2.9163284
-0.18498498 	0.25 	0.273 	55.198871 	-8.3540167 	-2.9168594
-0.18618619 	0.25 	0.273 	55.217344 	-8.3654232 	-2.9173904
-0.18738739 	0.25 	0.273 	55.235817 	-8.3768296 	-2.9179215
-0.18858859 	0.25 	0.273 	55.254291 	-8.3882361 	-2.9184525
-0.18978979 	0.25 	0.273 	55.272764 	-8.3996426 	-2.9189835
-0.19099099 	0.25 	0.273 	55.291237 	-8.4110491 	-2.9195146
-0.19219219 	0.25 	0.273 	55.309711 	-8.4224555 	-2.9200456
-0.19339339 	0.25 	0.273 	55.328184 	-8.433862 	-2.9205766
-0.19459459 	0.25 	0.273 	55.346652 	-8.4442747 	-2.9210457
-0.1957958 	0.25 	0.273 	55.365119 	-8.4544972 	-2.921503
-0.196997 	0.25 	0.273 	55.383586 	-8.4647196 	-2.9219602
-0.1981982 	0.25 	0.273 	55.402053 	-8.4749421 	-2.9224174
-0.1993994 	0.25 	0.273 	55.42052 	-8.4851645 	-2.9228747
-0.2006006 	0.25 	0.273 	55.438987 	-8.495387 	-2.9233319
-0.2018018 	0.25 	0.273 	55.457454 	-8.5056094 	-2.9237892
-0.203003 	0.25 	0.273 	55.475921 	-8.5158319 	-2.9242464
-0.2042042 	0.25 	0.273 	55.494388 	-8.5260544 	-2.9247037
-0.20540541 	0.25 	0.273 	55.512855 	-8.5362768 	-2.9251609
-0.20660661 	0.25 	0.273 	55.531322 	-8.5464993 	-2.9256181
-0.20780781 	0.25 	0.273 	55.549789 	-8.5567217 	-2.9260754
-0.20900901 	0.25 	0.273 	55.568256 	-8.5669442 	-2.9265326
-0.21021021 	0.25 	0.273 	55.586723 	-8.5771667 	-2.9269899
-0.21141141 	0.25 	0.273 	55.60519 	-8.5873891 	-2.9274471
-0.21261261 	0.25 	0.273 	55.623657 	-8.5976116 	-2.9279044
-0.21381381 	0.25 	0.273 	55.642124 	-8.607834 	-2.9283616
-0.21501502 	0.25 	0.273 	55.660591 	-8.6180565 	-2.9288188
-0.21621622 	0.25 	0.273 	55.679058 	-8.628279 	-2.9292761
-0.21741742 	0.25 	0.273 	55.697525 	-8.6385014 	-2.9297333
-0.21861862 	0.25 	0.273 	55.715992 	-8.6487239 	-2.9301906
-0.21981982 	0.25 	0.273 	55.734459 	-8.6589463 	-2.9306478
-0.22102102 	0.25 	0.273 	55.752926 	-8.6691688 	-2.9311051
-0.22222222 	0.25 	0.273 	55.771393 	-8.6793913 	-2.9315623
-0.22342342 	0.25 	0.273 	55.789917 	-8.6889974 	-2.9319873
-0.22462462 	0.25 	0.273 	55.808443 	-8.6985908 	-2.9324117
-0.22582583 	0.25 	0.273 	55.826969 	-8.7081841 	-2.932836
-0.22702703 	0.25 	0.273 	55.845495 	-8.7177774 	-2.9332603
-0.22822823 	0.25 	0.273 	55.864021 	-8.7273707 	-2.9336847
-0.22942943 	0.25 	0.273 	55.882547 	-8.7369641 	-2.934109
-0.23063063 	0.25 	0.273 	55.901073 	-8.7465574 	-2.9345333
-0.23183183 	0.25 	0.273 	55.919598 	-8.7556745 	-2.9349259
-0.23303303 	0.25 	0.273 	55.93812 	-8.7639996 	-2.9352656
-0.23423423 	0.25 	0.273 	55.956643 	-8.7723247 	-2.9356053
-0.23543544 	0.25 	0.273 	55.975165 	-8.7806498 	-2.935945
-0.23663664 	0.25 	0.273 	55.993688 	-8.7889749 	-2.9362846
-0.23783784 	0.25 	0.273 	56.01221 	-8.7972999 	-2.9366243
-0.23903904 	0.25 	0.273 	56.030732 	-8.805625 	-2.936964
-0.24024024 	0.25 	0.273 	56.049255 	-8.8139501 	-2.9373037
-0.24144144 	0.25 	0.273 	56.067777 	-8.8222752 	-2.9376434
-0.24264264 	0.25 	0.273 	56.0863 	-8.8306003 	-2.9379831
-0.24384384 	0.25 	0.273 	56.105443 	-8.8391042 	-2.9382434
-0.24504505 	0.25 	0.273 	56.124811 	-8.8476732 	-2.9384747
-0.24624625 	0.25 	0.273 	56.14418 	-8.8562422 	-2.9387061
-0.24744745 	0.25 	0.273 	56.163548 	-8.8648112 	-2.9389374
-0.24864865 	0.25 	0.273 	56.182917 	-8.8733802 	-2.9391688
-0.24984985 	0.25 	0.273 	56.202285 	-8.8819491 	-2.9394001
-0.25105105 	0.25 	0.273 	56.221653 	-8.8905181 	-2.9396315
-0.25225225 	0.25 	0.273 	56.241022 	-8.8990871 	-2.9398628
-0.25345345 	0.25 	0.273 	56.26039 	-8.9076561 	-2.9400942
-0.25465465 	0.25 	0.273 	56.279828 	-8.916316 	-2.9403111
-0.25585586 	0.25 	0.273 	56.299938 	-8.9258594 	-2.9403873
-0.25705706 	0.25 	0.273 	56.320048 	-8.9354028 	-2.9404635
-0.25825826 	0.25 	0.273 	56.340159 	-8.9449462 	-2.9405397
-0.25945946 	0.25 	0.273 	56.360269 	-8.9544896 	-2.9406159
-0.26066066 	0.25 	0.273 	56.380379 	-8.964033 	-2.9406922
-0.26186186 	0.25 	0.273 	56.400489 	-8.9735764 	-2.9407684
-0.26306306 	0.25 	0.273 	56.420599 	-8.9831197 	-2.9408446
-0.26426426 	0.25 	0.273 	56.440674 	-8.9926385 	-2.9409483
-0.26546547 	0.25 	0.273 	56.460731 	-9.002144 	-2.9410666
-0.26666667 	0.25 	0.273 	56.480788 	-9.0116496 	-2.9411849
-0.26786787 	0.25 	0.273 	56.500844 	-9.0211551 	-2.9413032
-0.26906907 	0.25 	0.273 	56.520901 	-9.0306607 	-2.9414215
-0.27027027 	0.25 	0.273 	56.540957 	-9.0401663 	-2.9415398
-0.27147147 	0.25 	0.273 	56.561014 	-9.0496718 	-2.9416581
-0.27267267 	0.25 	0.273 	56.581071 	-9.0591774 	-2.9417764
-0.27387387 	0.25 	0.273 	56.601127 	-9.0686829 	-2.9418947
-0.27507508 	0.25 	0.273 	56.621184 	-9.0781885 	-2.9420131
-0.27627628 	0.25 	0.273 	56.641241 	-9.087694 	-2.9421314
-0.27747748 	0.25 	0.273 	56.661297 	-9.0971996 	-2.9422497
-0.27867868 	0.25 	0.273 	56.681354 	-9.1067052 	-2.942368
-0.27987988 	0.25 	0.273 	56.70141 	-9.1162107 	-2.9424863
-0.28108108 	0.25 	0.273 	56.721467 	-9.1257163 	-2.9426046
-0.28228228 	0.25 	0.273 	56.741524 	-9.1352218 	-2.9427229
-0.28348348 	0.25 	0.273 	56.76158 	-9.1447274 	-2.9428412
-0.28468468 	0.25 	0.273 	56.781637 	-9.154233 	-2.9429595
-0.28588589 	0.25 	0.273 	56.801693 	-9.1637385 	-2.9430778
-0.28708709 	0.25 	0.273 	56.82175 	-9.1732441 	-2.9431961
-0.28828829 	0.25 	0.273 	56.841807 	-9.1827496 	-2.9433144
-0.28948949 	0.25 	0.273 	56.861863 	-9.1922552 	-2.9434328
-0.29069069 	0.25 	0.273 	56.88192 	-9.2017607 	-2.9435511
-0.29189189 	0.25 	0.273 	56.901976 	-9.2112663 	-2.9436694
-0.29309309 	0.25 	0.273 	56.922282 	-9.2212301 	-2.9437181
-0.29429429 	0.25 	0.273 	56.942729 	-9.2314559 	-2.9437272
-0.2954955 	0.25 	0.273 	56.963176 	-9.2416816 	-2.9437362
-0.2966967 	0.25 	0.273 	56.983624 	-9.2519074 	-2.9437452
-0.2978979 	0.25 	0.273 	57.004071 	-9.2621331 	-2.9437543
-0.2990991 	0.25 	0.273 	57.024518 	-9.2723589 	-2.9437633
-0.3003003 	0.25 	0.273 	57.044965 	-9.2825846 	-2.9437723
-0.3015015 	0.25 	0.273 	57.065413 	-9.2928103 	-2.9437814
-0.3027027 	0.25 	0.273 	57.08586 	-9.3030361 	-2.9437904
-0.3039039 	0.25 	0.273 	57.106307 	-9.3132618 	-2.9437994
-0.30510511 	0.25 	0.273 	57.129631 	-9.3228887 	-2.9434776
-0.30630631 	0.25 	0.273 	57.152966 	-9.3325132 	-2.9431545
-0.30750751 	0.25 	0.273 	57.1763 	-9.3421377 	-2.9428314
-0.30870871 	0.25 	0.273 	57.199635 	-9.3517623 	-2.9425083
-0.30990991 	0.25 	0.273 	57.22297 	-9.3613868 	-2.9421852
-0.31111111 	0.25 	0.273 	57.246304 	-9.3710114 	-2.9418621
-0.31231231 	0.25 	0.273 	57.269639 	-9.3806359 	-2.9415389
-0.31351351 	0.25 	0.273 	57.292974 	-9.3902604 	-2.9412158
-0.31471471 	0.25 	0.273 	57.316308 	-9.399885 	-2.9408927
-0.31591592 	0.25 	0.273 	57.339237 	-9.4091471 	-2.9405769
-0.31711712 	0.25 	0.273 	57.361423 	-9.4177451 	-2.9402745
-0.31831832 	0.25 	0.273 	57.383609 	-9.4263432 	-2.9399721
-0.31951952 	0.25 	0.273 	57.405795 	-9.4349412 	-2.9396698
-0.32072072 	0.25 	0.273 	57.427981 	-9.4435393 	-2.9393674
-0.32192192 	0.25 	0.273 	57.450167 	-9.4521374 	-2.939065
-0.32312312 	0.25 	0.273 	57.472353 	-9.4607354 	-2.9387626
-0.32432432 	0.25 	0.273 	57.494539 	-9.4693335 	-2.9384602
-0.32552553 	0.25 	0.273 	57.516725 	-9.4779315 	-2.9381578
-0.32672673 	0.25 	0.273 	57.538911 	-9.4865296 	-2.9378554
-0.32792793 	0.25 	0.273 	57.561097 	-9.4951276 	-2.937553
-0.32912913 	0.25 	0.273 	57.583283 	-9.5037257 	-2.9372506
-0.33033033 	0.25 	0.273 	57.605468 	-9.5123238 	-2.9369482
-0.33153153 	0.25 	0.273 	57.627654 	-9.5209218 	-2.9366458
-0.33273273 	0.25 	0.273 	57.64984 	-9.5295199 	-2.9363434
-0.33393393 	0.25 	0.273 	57.672026 	-9.5381179 	-2.936041
-0.33513514 	0.25 	0.273 	57.694212 	-9.546716 	-2.9357386
-0.33633634 	0.25 	0.273 	57.716398 	-9.555314 	-2.9354362
-0.33753754 	0.25 	0.273 	57.738584 	-9.5639121 	-2.9351338
-0.33873874 	0.25 	0.273 	57.76077 	-9.5725101 	-2.9348314
-0.33993994 	0.25 	0.273 	57.782956 	-9.5811082 	-2.934529
-0.34114114 	0.25 	0.273 	57.805142 	-9.5897063 	-2.9342267
-0.34234234 	0.25 	0.273 	57.827328 	-9.5983043 	-2.9339243
-0.34354354 	0.25 	0.273 	57.849514 	-9.6069024 	-2.9336219
-0.34474474 	0.25 	0.273 	57.871699 	-9.6155004 	-2.9333195
-0.34594595 	0.25 	0.273 	57.89434 	-9.6237649 	-2.9329154
-0.34714715 	0.25 	0.273 	57.916996 	-9.6320176 	-2.9325077
-0.34834835 	0.25 	0.273 	57.939652 	-9.6402702 	-2.9321
-0.34954955 	0.25 	0.273 	57.962309 	-9.6485228 	-2.9316922
-0.35075075 	0.25 	0.273 	57.984965 	-9.6567755 	-2.9312845
-0.35195195 	0.25 	0.273 	58.007622 	-9.6650281 	-2.9308768
-0.35315315 	0.25 	0.273 	58.030278 	-9.6732807 	-2.9304691
-0.35435435 	0.25 	0.273 	58.051701 	-9.6805095 	-2.9300165
-0.35555556 	0.25 	0.273 	58.072965 	-9.6876072 	-2.929558
-0.35675676 	0.25 	0.273 	58.09423 	-9.6947048 	-2.9290996
-0.35795796 	0.25 	0.273 	58.115495 	-9.7018024 	-2.9286412
-0.35915916 	0.25 	0.273 	58.136759 	-9.7089 	-2.9281828
-0.36036036 	0.25 	0.273 	58.158024 	-9.7159976 	-2.9277244
-0.36156156 	0.25 	0.273 	58.179289 	-9.7230952 	-2.927266
-0.36276276 	0.25 	0.273 	58.200553 	-9.7301929 	-2.9268075
-0.36396396 	0.25 	0.273 	58.221818 	-9.7372905 	-2.9263491
-0.36516517 	0.25 	0.273 	58.244535 	-9.744164 	-2.9257892
-0.36636637 	0.25 	0.273 	58.271756 	-9.7503426 	-2.9249143
-0.36756757 	0.25 	0.273 	58.298978 	-9.7565213 	-2.9240394
-0.36876877 	0.25 	0.273 	58.326199 	-9.7626999 	-2.9231645
-0.36996997 	0.25 	0.273 	58.35342 	-9.7688785 	-2.9222896
-0.37117117 	0.25 	0.273 	58.380642 	-9.7750572 	-2.9214147
-0.37237237 	0.25 	0.273 	58.407863 	-9.7812358 	-2.9205398
-0.37357357 	0.25 	0.273 	58.435084 	-9.7874144 	-2.919665
-0.37477477 	0.25 	0.273 	58.462306 	-9.793593 	-2.9187901
-0.37597598 	0.25 	0.273 	58.489527 	-9.7997717 	-2.9179152
-0.37717718 	0.25 	0.273 	58.515796 	-9.8055314 	-2.9170573
-0.37837838 	0.25 	0.273 	58.541441 	-9.8110172 	-2.9162106
-0.37957958 	0.25 	0.273 	58.567087 	-9.8165029 	-2.9153639
-0.38078078 	0.25 	0.273 	58.592732 	-9.8219886 	-2.9145172
-0.38198198 	0.25 	0.273 	58.618377 	-9.8274743 	-2.9136705
-0.38318318 	0.25 	0.273 	58.644023 	-9.83296 	-2.9128237
-0.38438438 	0.25 	0.273 	58.669668 	-9.8384458 	-2.911977
-0.38558559 	0.25 	0.273 	58.69389 	-9.845361 	-2.9112436
-0.38678679 	0.25 	0.273 	58.717547 	-9.8528439 	-2.9105551
-0.38798799 	0.25 	0.273 	58.741203 	-9.8603269 	-2.9098667
-0.38918919 	0.25 	0.273 	58.76486 	-9.8678098 	-2.9091782
-0.39039039 	0.25 	0.273 	58.788516 	-9.8752928 	-2.9084898
-0.39159159 	0.25 	0.273 	58.812173 	-9.8827757 	-2.9078013
-0.39279279 	0.25 	0.273 	58.835829 	-9.8902587 	-2.9071129
-0.39399399 	0.25 	0.273 	58.859486 	-9.8977416 	-2.9064244
-0.3951952 	0.25 	0.273 	58.883143 	-9.9052246 	-2.905736
-0.3963964 	0.25 	0.273 	58.906799 	-9.9127075 	-2.9050475
-0.3975976 	0.25 	0.273 	58.930456 	-9.9201905 	-2.9043591
-0.3987988 	0.25 	0.273 	58.954112 	-9.9276734 	-2.9036706
-0.4 	0.25 	0.273 	58.977769 	-9.9351564 	-2.9029822
-0.4012012 	0.25 	0.273 	59.001426 	-9.9426393 	-2.9022937
-0.4024024 	0.25 	0.273 	59.025082 	-9.9501223 	-2.9016053
-0.4036036 	0.25 	0.273 	59.048739 	-9.9576052 	-2.9009168
-0.4048048 	0.25 	0.273 	59.072395 	-9.9650882 	-2.9002284
-0.40600601 	0.25 	0.273 	59.096052 	-9.9725711 	-2.8995399
-0.40720721 	0.25 	0.273 	59.119708 	-9.9800541 	-2.8988515
-0.40840841 	0.25 	0.273 	59.143365 	-9.987537 	-2.898163
-0.40960961 	0.25 	0.273 	59.167022 	-9.99502 	-2.8974746
-0.41081081 	0.25 	0.273 	59.190678 	-10.002503 	-2.8967861
-0.41201201 	0.25 	0.273 	59.214335 	-10.009986 	-2.8960977
-0.41321321 	0.25 	0.273 	59.237991 	-10.017469 	-2.8954093
-0.41441441 	0.25 	0.273 	59.261375 	-10.02483 	-2.894705
-0.41561562 	0.25 	0.273 	59.28319 	-10.031494 	-2.8939098
-0.41681682 	0.25 	0.273 	59.305005 	-10.038157 	-2.8931146
-0.41801802 	0.25 	0.273 	59.32682 	-10.04482 	-2.8923193
-0.41921922 	0.25 	0.273 	59.348635 	-10.051483 	-2.8915241
-0.42042042 	0.25 	0.273 	59.37045 	-10.058147 	-2.8907289
-0.42162162 	0.25 	0.273 	59.392265 	-10.06481 	-2.8899337
-0.42282282 	0.25 	0.273 	59.41408 	-10.071473 	-2.8891385
-0.42402402 	0.25 	0.273 	59.435895 	-10.078136 	-2.8883433
-0.42522523 	0.25 	0.273 	59.45771 	-10.084799 	-2.887548
-0.42642643 	0.25 	0.273 	59.484493 	-10.092598 	-2.8865099
-0.42762763 	0.25 	0.273 	59.516097 	-10.101499 	-2.8852361
-0.42882883 	0.25 	0.273 	59.5477 	-10.1104 	-2.8839623
-0.43003003 	0.25 	0.273 	59.579303 	-10.1193 	-2.8826885
-0.43123123 	0.25 	0.273 	59.610907 	-10.128201 	-2.8814147
-0.43243243 	0.25 	0.273 	59.64251 	-10.137102 	-2.8801409
-0.43363363 	0.25 	0.273 	59.674113 	-10.146003 	-2.8788671
-0.43483483 	0.25 	0.273 	59.705717 	-10.154904 	-2.8775933
-0.43603604 	0.25 	0.273 	59.73732 	-10.163804 	-2.8763195
-0.43723724 	0.25 	0.273 	59.768924 	-10.172705 	-2.8750457
-0.43843844 	0.25 	0.273 	59.794653 	-10.178666 	-2.8740535
-0.43963964 	0.25 	0.273 	59.819463 	-10.184165 	-2.8731054
-0.44084084 	0.25 	0.273 	59.844273 	-10.189665 	-2.8721572
-0.44204204 	0.25 	0.273 	59.869082 	-10.195165 	-2.8712091
-0.44324324 	0.25 	0.273 	59.893892 	-10.200665 	-2.870261
-0.44444444 	0.25 	0.273 	59.918702 	-10.206165 	-2.8693129
-0.44564565 	0.25 	0.273 	59.943512 	-10.211665 	-2.8683647
-0.44684685 	0.25 	0.273 	59.968321 	-10.217165 	-2.8674166
-0.44804805 	0.25 	0.273 	59.993131 	-10.222665 	-2.8664685
-0.44924925 	0.25 	0.273 	60.017941 	-10.228164 	-2.8655204
-0.45045045 	0.25 	0.273 	60.04275 	-10.233664 	-2.8645722
-0.45165165 	0.25 	0.273 	60.06756 	-10.239164 	-2.8636241
-0.45285285 	0.25 	0.273 	60.09237 	-10.244664 	-2.862676
-0.45405405 	0.25 	0.273 	60.117179 	-10.250164 	-2.8617279
-0.45525526 	0.25 	0.273 	60.141989 	-10.255664 	-2.8607798
-0.45645646 	0.25 	0.273 	60.166799 	-10.261164 	-2.8598316
-0.45765766 	0.25 	0.273 	60.191608 	-10.266664 	-2.8588835
-0.45885886 	0.25 	0.273 	60.216418 	-10.272163 	-2.8579354
-0.46006006 	0.25 	0.273 	60.241228 	-10.277663 	-2.8569873
-0.46126126 	0.25 	0.273 	60.266038 	-10.283163 	-2.8560391
-0.46246246 	0.25 	0.273 	60.290847 	-10.288663 	-2.855091
-0.46366366 	0.25 	0.273 	60.315657 	-10.294163 	-2.8541429
-0.46486486 	0.25 	0.273 	60.340467 	-10.299663 	-2.8531948
-0.46606607 	0.25 	0.273 	60.365276 	-10.305163 	-2.8522467
-0.46726727 	0.25 	0.273 	60.390086 	-10.310663 	-2.8512985
-0.46846847 	0.25 	0.273 	60.417844 	-10.317166 	-2.8500692
-0.46966967 	0.25 	0.273 	60.446058 	-10.323826 	-2.8487963
-0.47087087 	0.25 	0.273 	60.474273 	-10.330485 	-2.8475235
-0.47207207 	0.25 	0.273 	60.502487 	-10.337144 	-2.8462506
-0.47327327 	0.25 	0.273 	60.530702 	-10.343804 	-2.8449777
-0.47447447 	0.25 	0.273 	60.558916 	-10.350463 	-2.8437049
-0.47567568 	0.25 	0.273 	60.58444 	-10.355746 	-2.8425019
-0.47687688 	0.25 	0.273 	60.605875 	-10.358939 	-2.841405
-0.47807808 	0.25 	0.273 	60.627311 	-10.362133 	-2.8403081
-0.47927928 	0.25 	0.273 	60.648746 	-10.365326 	-2.8392112
-0.48048048 	0.25 	0.273 	60.670181 	-10.368519 	-2.8381143
-0.48168168 	0.25 	0.273 	60.691617 	-10.371712 	-2.8370174
-0.48288288 	0.25 	0.273 	60.713052 	-10.374905 	-2.8359206
-0.48408408 	0.25 	0.273 	60.734488 	-10.378098 	-2.8348237
-0.48528529 	0.25 	0.273 	60.755923 	-10.381292 	-2.8337268
-0.48648649 	0.25 	0.273 	60.777359 	-10.384485 	-2.8326299
-0.48768769 	0.25 	0.273 	60.808358 	-10.390877 	-2.8309335
-0.48888889 	0.25 	0.273 	60.842486 	-10.398317 	-2.829041
-0.49009009 	0.25 	0.273 	60.876613 	-10.405756 	-2.8271485
-0.49129129 	0.25 	0.273 	60.910741 	-10.413196 	-2.825256
-0.49249249 	0.25 	0.273 	60.944868 	-10.420635 	-2.8233635
-0.49369369 	0.25 	0.273 	60.978996 	-10.428074 	-2.8214711
-0.49489489 	0.25 	0.273 	61.013124 	-10.435514 	-2.8195786
-0.4960961 	0.25 	0.273 	61.047251 	-10.442953 	-2.8176861
-0.4972973 	0.25 	0.273 	61.081379 	-10.450393 	-2.8157936
-0.4984985 	0.25 	0.273 	61.115075 	-10.457499 	-2.813935
-0.4996997 	0.25 	0.273 	61.145275 	-10.461913 	-2.8123511
-0.5009009 	0.25 	0.273 	61.175475 	-10.466326 	-2.8107672
-0.5021021 	0.25 	0.273 	61.205675 	-10.470739 	-2.8091833
-0.5033033 	0.25 	0.273 	61.235875 	-10.475152 	-2.8075994
-0.5045045 	0.25 	0.273 	61.266075 	-10.479565 	-2.8060156
-0.50570571 	0.25 	0.273 	61.296276 	-10.483978 	-2.8044317
-0.50690691 	0.25 	0.273 	61.328695 	-10.490709 	-2.8027744
-0.50810811 	0.25 	0.273 	61.361542 	-10.497887 	-2.8011029
-0.50930931 	0.25 	0.273 	61.394389 	-10.505065 	-2.7994315
-0.51051051 	0.25 	0.273 	61.427236 	-10.512243 	-2.7977601
-0.51171171 	0.25 	0.273 	61.460084 	-10.519421 	-2.7960886
-0.51291291 	0.25 	0.273 	61.492931 	-10.526599 	-2.7944172
-0.51411411 	0.25 	0.273 	61.518579 	-10.533234 	-2.7929223
-0.51531532 	0.25 	0.273 	61.540316 	-10.539573 	-2.7915233
-0.51651652 	0.25 	0.273 	61.562054 	-10.545912 	-2.7901243
-0.51771772 	0.25 	0.273 	61.583791 	-10.552252 	-2.7887254
-0.51891892 	0.25 	0.273 	61.605529 	-10.558591 	-2.7873264
-0.52012012 	0.25 	0.273 	61.627266 	-10.56493 	-2.7859274
-0.52132132 	0.25 	0.273 	61.649003 	-10.57127 	-2.7845284
-0.52252252 	0.25 	0.273 	61.670741 	-10.577609 	-2.7831295
-0.52372372 	0.25 	0.273 	61.692478 	-10.583948 	-2.7817305
-0.52492492 	0.25 	0.273 	61.714216 	-10.590288 	-2.7803315
-0.52612613 	0.25 	0.273 	61.735953 	-10.596627 	-2.7789325
-0.52732733 	0.25 	0.273 	61.75769 	-10.602966 	-2.7775336
-0.52852853 	0.25 	0.273 	61.779428 	-10.609306 	-2.7761346
-0.52972973 	0.25 	0.273 	61.801165 	-10.615645 	-2.7747356
-0.53093093 	0.25 	0.273 	61.822903 	-10.621984 	-2.7733366
-0.53213213 	0.25 	0.273 	61.84464 	-10.628324 	-2.7719376
-0.53333333 	0.25 	0.273 	61.866378 	-10.634663 	-2.7705387
-0.53453453 	0.25 	0.273 	61.888115 	-10.641002 	-2.7691397
-0.53573574 	0.25 	0.273 	61.909852 	-10.647342 	-2.7677407
-0.53693694 	0.25 	0.273 	61.936018 	-10.652155 	-2.7662315
-0.53813814 	0.25 	0.273 	61.964627 	-10.656125 	-2.7646614
-0.53933934 	0.25 	0.273 	61.993236 	-10.660096 	-2.7630913
-0.54054054 	0.25 	0.273 	62.021844 	-10.664067 	-2.7615212
-0.54174174 	0.25 	0.273 	62.050453 	-10.668037 	-2.7599511
-0.54294294 	0.25 	0.273 	62.079062 	-10.672008 	-2.7583811
-0.54414414 	0.25 	0.273 	62.107671 	-10.675979 	-2.756811
-0.54534535 	0.25 	0.273 	62.13628 	-10.679949 	-2.7552409
-0.54654655 	0.25 	0.273 	62.164888 	-10.68392 	-2.7536708
-0.54774775 	0.25 	0.273 	62.193489 	-10.68789 	-2.7521
-0.54894895 	0.25 	0.273 	62.219081 	-10.691489 	-2.7502495
-0.55015015 	0.25 	0.273 	62.244672 	-10.695089 	-2.748399
-0.55135135 	0.25 	0.273 	62.270264 	-10.698688 	-2.7465485
-0.55255255 	0.25 	0.273 	62.295855 	-10.702288 	-2.744698
-0.55375375 	0.25 	0.273 	62.32082 	-10.706323 	-2.7428847
-0.55495495 	0.25 	0.273 	62.342956 	-10.712327 	-2.7412391
-0.55615616 	0.25 	0.273 	62.365092 	-10.71833 	-2.7395935
-0.55735736 	0.25 	0.273 	62.387228 	-10.724334 	-2.7379479
-0.55855856 	0.25 	0.273 	62.409363 	-10.730337 	-2.7363023
-0.55975976 	0.25 	0.273 	62.431499 	-10.736341 	-2.7346566
-0.56096096 	0.25 	0.273 	62.453635 	-10.742344 	-2.733011
-0.56216216 	0.25 	0.273 	62.475771 	-10.748347 	-2.7313654
-0.56336336 	0.25 	0.273 	62.497907 	-10.754351 	-2.7297198
-0.56456456 	0.25 	0.273 	62.520042 	-10.760354 	-2.7280742
-0.56576577 	0.25 	0.273 	62.542178 	-10.766358 	-2.7264286
-0.56696697 	0.25 	0.273 	62.563752 	-10.770731 	-2.7246801
-0.56816817 	0.25 	0.273 	62.584482 	-10.772656 	-2.7227771
-0.56936937 	0.25 	0.273 	62.605212 	-10.77458 	-2.7208741
-0.57057057 	0.25 	0.273 	62.625942 	-10.776505 	-2.7189711
-0.57177177 	0.25 	0.273 	62.646672 	-10.778429 	-2.7170681
-0.57297297 	0.25 	0.273 	62.665554 	-10.78134 	-2.7151039
-0.57417417 	0.25 	0.273 	62.682153 	-10.785467 	-2.7130641
-0.57537538 	0.25 	0.273 	62.698752 	-10.789594 	-2.7110243
-0.57657658 	0.25 	0.273 	62.715352 	-10.793721 	-2.7089845
-0.57777778 	0.25 	0.273 	62.731951 	-10.797848 	-2.7069447
-0.57897898 	0.25 	0.273 	62.75718 	-10.803465 	-2.7044666
-0.58018018 	0.25 	0.273 	62.787581 	-10.809975 	-2.701726
-0.58138138 	0.25 	0.273 	62.817982 	-10.816485 	-2.6989853
-0.58258258 	0.25 	0.273 	62.848383 	-10.822995 	-2.6962447
-0.58378378 	0.25 	0.273 	62.878783 	-10.829505 	-2.693504
-0.58498498 	0.25 	0.273 	62.899514 	-10.831887 	-2.6912764
-0.58618619 	0.25 	0.273 	62.917868 	-10.833254 	-2.6891749
-0.58738739 	0.25 	0.273 	62.936223 	-10.834622 	-2.6870733
-0.58858859 	0.25 	0.273 	62.954577 	-10.83599 	-2.6849718
-0.58978979 	0.25 	0.273 	62.972932 	-10.837357 	-2.6828702
-0.59099099 	0.25 	0.273 	62.995877 	-10.838776 	-2.6806151
-0.59219219 	0.25 	0.273 	63.020471 	-10.840213 	-2.6783047
-0.59339339 	0.25 	0.273 	63.045065 	-10.84165 	-2.6759944
-0.59459459 	0.25 	0.273 	63.069659 	-10.843087 	-2.6736841
-0.5957958 	0.25 	0.273 	63.094253 	-10.844524 	-2.6713737
-0.596997 	0.25 	0.273 	63.118847 	-10.845961 	-2.6690634
-0.5981982 	0.25 	0.273 	63.143441 	-10.847398 	-2.6667531
-0.5993994 	0.25 	0.273 	63.168035 	-10.848835 	-2.6644427
-0.6006006 	0.25 	0.273 	63.192629 	-10.850272 	-2.6621324
-0.6018018 	0.25 	0.273 	63.217223 	-10.851709 	-2.6598221
-0.603003 	0.25 	0.273 	63.241002 	-10.852795 	-2.657532
-0.6042042 	0.25 	0.273 	63.25337 	-10.848967 	-2.6555257
-0.60540541 	0.25 	0.273 	63.265738 	-10.84514 	-2.6535194
-0.60660661 	0.25 	0.273 	63.278106 	-10.841312 	-2.6515131
-0.60780781 	0.25 	0.273 	63.290475 	-10.837485 	-2.6495068
-0.60900901 	0.25 	0.273 	63.306278 	-10.833947 	-2.6473205
-0.61021021 	0.25 	0.273 	63.332696 	-10.831305 	-2.6445781
-0.61141141 	0.25 	0.273 	63.359114 	-10.828663 	-2.6418357
-0.61261261 	0.25 	0.273 	63.385532 	-10.826021 	-2.6390933
-0.61381381 	0.25 	0.273 	63.41195 	-10.823379 	-2.6363509
-0.61501502 	0.25 	0.273 	63.437247 	-10.820549 	-2.6337226
-0.61621622 	0.25 	0.273 	63.461003 	-10.817461 	-2.6312514
-0.61741742 	0.25 	0.273 	63.48476 	-10.814373 	-2.6287802
-0.61861862 	0.25 	0.273 	63.508516 	-10.811285 	-2.626309
-0.61981982 	0.25 	0.273 	63.532272 	-10.808197 	-2.6238377
-0.62102102 	0.25 	0.273 	63.556028 	-10.805109 	-2.6213665
-0.62222222 	0.25 	0.273 	63.579784 	-10.80202 	-2.6188953
-0.62342342 	0.25 	0.273 	63.603541 	-10.798932 	-2.6164241
-0.62462462 	0.25 	0.273 	63.627297 	-10.795844 	-2.6139528
-0.62582583 	0.25 	0.273 	63.651053 	-10.792756 	-2.6114816
-0.62702703 	0.25 	0.273 	63.674809 	-10.789668 	-2.6090104
-0.62822823 	0.25 	0.273 	63.69307 	-10.788947 	-2.6066891
-0.62942943 	0.25 	0.273 	63.71096 	-10.788385 	-2.6043779
-0.63063063 	0.25 	0.273 	63.72885 	-10.787824 	-2.6020666
-0.63183183 	0.25 	0.273 	63.74674 	-10.787262 	-2.5997554
-0.63303303 	0.25 	0.273 	63.76463 	-10.786701 	-2.5974442
-0.63423423 	0.25 	0.273 	63.780582 	-10.785802 	-2.5950809
-0.63543544 	0.25 	0.273 	63.795632 	-10.784746 	-2.5926933
-0.63663664 	0.25 	0.273 	63.810682 	-10.783691 	-2.5903057
-0.63783784 	0.25 	0.273 	63.825732 	-10.782635 	-2.5879182
-0.63903904 	0.25 	0.273 	63.840783 	-10.781579 	-2.5855306
-0.64024024 	0.25 	0.273 	63.864913 	-10.782408 	-2.5827301
-0.64144144 	0.25 	0.273 	63.890524 	-10.783544 	-2.5798624
-0.64264264 	0.25 	0.273 	63.916135 	-10.78468 	-2.5769946
-0.64384384 	0.25 	0.273 	63.941746 	-10.785816 	-2.5741269
-0.64504505 	0.25 	0.273 	63.967102 	-10.786888 	-2.5712669
-0.64624625 	0.25 	0.273 	63.985815 	-10.786294 	-2.56861
-0.64744745 	0.25 	0.273 	64.004528 	-10.785699 	-2.5659531
-0.64864865 	0.25 	0.273 	64.023241 	-10.785105 	-2.5632962
-0.64984985 	0.25 	0.273 	64.041954 	-10.78451 	-2.5606393
-0.65105105 	0.25 	0.273 	64.060667 	-10.783916 	-2.5579825
-0.65225225 	0.25 	0.273 	64.082469 	-10.783076 	-2.5553049
-0.65345345 	0.25 	0.273 	64.105838 	-10.782112 	-2.5526168
-0.65465465 	0.25 	0.273 	64.129206 	-10.781148 	-2.5499287
-0.65585586 	0.25 	0.273 	64.152574 	-10.780184 	-2.5472407
-0.65705706 	0.25 	0.273 	64.175942 	-10.77922 	-2.5445526
-0.65825826 	0.25 	0.273 	64.19931 	-10.778256 	-2.5418645
-0.65945946 	0.25 	0.273 	64.222678 	-10.777292 	-2.5391764
-0.66066066 	0.25 	0.273 	64.246046 	-10.776328 	-2.5364884
-0.66186186 	0.25 	0.273 	64.269414 	-10.775364 	-2.5338003
-0.66306306 	0.25 	0.273 	64.292783 	-10.7744 	-2.5311122
-0.66426426 	0.25 	0.273 	64.314221 	-10.772917 	-2.5284036
-0.66546547 	0.25 	0.273 	64.331145 	-10.770221 	-2.525647
-0.66666667 	0.25 	0.273 	64.348068 	-10.767525 	-2.5228904
-0.66786787 	0.25 	0.273 	64.364992 	-10.764828 	-2.5201338
-0.66906907 	0.25 	0.273 	64.381915 	-10.762132 	-2.5173772
-0.67027027 	0.25 	0.273 	64.402756 	-10.760652 	-2.5143618
-0.67147147 	0.25 	0.273 	64.427895 	-10.760508 	-2.5110622
-0.67267267 	0.25 	0.273 	64.453034 	-10.760363 	-2.5077627
-0.67387387 	0.25 	0.273 	64.478173 	-10.760219 	-2.5044632
-0.67507508 	0.25 	0.273 	64.503312 	-10.760075 	-2.5011637
-0.67627628 	0.25 	0.273 	64.527127 	-10.758683 	-2.4980422
-0.67747748 	0.25 	0.273 	64.550244 	-10.756633 	-2.4950145
-0.67867868 	0.25 	0.273 	64.57336 	-10.754583 	-2.4919869
-0.67987988 	0.25 	0.273 	64.596477 	-10.752533 	-2.4889593
-0.68108108 	0.25 	0.273 	64.619594 	-10.750483 	-2.4859317
-0.68228228 	0.25 	0.273 	64.64271 	-10.748433 	-2.482904
-0.68348348 	0.25 	0.273 	64.665827 	-10.746383 	-2.4798764
-0.68468468 	0.25 	0.273 	64.688944 	-10.744334 	-2.4768488
-0.68588589 	0.25 	0.273 	64.71206 	-10.742284 	-2.4738212
-0.68708709 	0.25 	0.273 	64.735177 	-10.740234 	-2.4707935
-0.68828829 	0.25 	0.273 	64.75748 	-10.737873 	-2.4678384
-0.68948949 	0.25 	0.273 	64.778753 	-10.735118 	-2.4649749
-0.69069069 	0.25 	0.273 	64.800025 	-10.732363 	-2.4621115
-0.69189189 	0.25 	0.273 	64.821298 	-10.729608 	-2.4592481
-0.69309309 	0.25 	0.273 	64.842571 	-10.726853 	-2.4563847
-0.69429429 	0.25 	0.273 	64.863843 	-10.724098 	-2.4535213
-0.6954955 	0.25 	0.273 	64.882542 	-10.719444 	-2.4504194
-0.6966967 	0.25 	0.273 	64.901005 	-10.714615 	-2.4472957
-0.6978979 	0.25 	0.273 	64.919468 	-10.709786 	-2.444172
-0.6990991 	0.25 	0.273 	64.93793 	-10.704958 	-2.4410483
-0.7003003 	0.25 	0.273 	64.956915 	-10.70077 	-2.4378637
-0.7015015 	0.25 	0.273 	64.981049 	-10.70291 	-2.4340788
-0.7027027 	0.25 	0.273 	65.005183 	-10.705049 	-2.4302939
-0.7039039 	0.25 	0.273 	65.029318 	-10.707189 	-2.426509
-0.70510511 	0.25 	0.273 	65.053452 	-10.709329 	-2.4227241
-0.70630631 	0.25 	0.273 	65.076874 	-10.709953 	-2.4190074
-0.70750751 	0.25 	0.273 	65.098334 	-10.706401 	-2.4154787
-0.70870871 	0.25 	0.273 	65.119794 	-10.702848 	-2.4119499
-0.70990991 	0.25 	0.273 	65.141255 	-10.699296 	-2.4084212
-0.71111111 	0.25 	0.273 	65.162715 	-10.695743 	-2.4048924
-0.71231231 	0.25 	0.273 	65.184175 	-10.69219 	-2.4013637
-0.71351351 	0.25 	0.273 	65.206838 	-10.688568 	-2.3979174
-0.71471471 	0.25 	0.273 	65.230188 	-10.684906 	-2.3945181
-0.71591592 	0.25 	0.273 	65.253538 	-10.681244 	-2.3911188
-0.71711712 	0.25 	0.273 	65.276888 	-10.677582 	-2.3877195
-0.71831832 	0.25 	0.273 	65.300238 	-10.673921 	-2.3843202
-0.71951952 	0.25 	0.273 	65.323588 	-10.670259 	-2.3809209
-0.72072072 	0.25 	0.273 	65.346938 	-10.666597 	-2.3775216
-0.72192192 	0.25 	0.273 	65.370287 	-10.662935 	-2.3741223
-0.72312312 	0.25 	0.273 	65.393637 	-10.659273 	-2.370723
-0.72432432 	0.25 	0.273 	65.416987 	-10.655611 	-2.3673237
-0.72552553 	0.25 	0.273 	65.438859 	-10.648959 	-2.3638122
-0.72672673 	0.25 	0.273 	65.459361 	-10.639538 	-2.3601969
-0.72792793 	0.25 	0.273 	65.479862 	-10.630116 	-2.3565815
-0.72912913 	0.25 	0.273 	65.500364 	-10.620695 	-2.3529662
-0.73033033 	0.25 	0.273 	65.520866 	-10.611273 	-2.3493508
-0.73153153 	0.25 	0.273 	65.544661 	-10.606047 	-2.345358
-0.73273273 	0.25 	0.273 	65.56991 	-10.602674 	-2.3411986
-0.73393393 	0.25 	0.273 	65.595159 	-10.599302 	-2.3370391
-0.73513514 	0.25 	0.273 	65.620409 	-10.595929 	-2.3328796
-0.73633634 	0.25 	0.273 	65.645658 	-10.592557 	-2.3287202
-0.73753754 	0.25 	0.273 	65.67355 	-10.585672 	-2.3250492
-0.73873874 	0.25 	0.273 	65.701837 	-10.578262 	-2.3214511
-0.73993994 	0.25 	0.273 	65.730125 	-10.570853 	-2.3178531
-0.74114114 	0.25 	0.273 	65.758412 	-10.563443 	-2.3142551
-0.74234234 	0.25 	0.273 	65.786699 	-10.556034 	-2.3106571
-0.74354354 	0.25 	0.273 	65.814986 	-10.548624 	-2.307059
-0.74474474 	0.25 	0.273 	65.843273 	-10.541214 	-2.303461
-0.74594595 	0.25 	0.273 	65.87156 	-10.533805 	-2.299863
-0.74714715 	0.25 	0.273 	65.899847 	-10.526395 	-2.296265
-0.74834835 	0.25 	0.273 	65.928134 	-10.518986 	-2.2926669
-0.74954955 	0.25 	0.273 	65.949954 	-10.509441 	-2.2886137
-0.75075075 	0.25 	0.273 	65.971105 	-10.499675 	-2.2845134
-0.75195195 	0.25 	0.273 	65.992256 	-10.489909 	-2.2804131
-0.75315315 	0.25 	0.273 	66.013406 	-10.480143 	-2.2763128
-0.75435435 	0.25 	0.273 	66.034557 	-10.470378 	-2.2722125
-0.75555556 	0.25 	0.273 	66.056067 	-10.460086 	-2.2681211
-0.75675676 	0.25 	0.273 	66.080022 	-10.446215 	-2.2640898
-0.75795796 	0.25 	0.273 	66.103977 	-10.432344 	-2.2600586
-0.75915916 	0.25 	0.273 	66.127932 	-10.418473 	-2.2560273
-0.76036036 	0.25 	0.273 	66.15189 	-10.404603 	-2.2519963
-0.76156156 	0.25 	0.273 	66.18039 	-10.392244 	-2.2478381
-0.76276276 	0.25 	0.273 	66.218542 	-10.383338 	-2.2433398
-0.76396396 	0.25 	0.273 	66.251827 	-10.375493 	-2.2390631
-0.76516517 	0.25 	0.273 	66.270692 	-10.370789 	-2.2354429
-0.76636637 	0.25 	0.273 	66.289557 	-10.366086 	-2.2318227
-0.76756757 	0.25 	0.273 	66.308422 	-10.361383 	-2.2282025
-0.76876877 	0.25 	0.273 	66.327287 	-10.35668 	-2.2245823
-0.76996997 	0.25 	0.273 	66.346152 	-10.351977 	-2.2209621
-0.77117117 	0.25 	0.273 	66.365018 	-10.347274 	-2.2173419
-0.77237237 	0.25 	0.273 	66.383883 	-10.342571 	-2.2137216
-0.77357357 	0.25 	0.273 	66.402746 	-10.337865 	-2.2100928
-0.77477477 	0.25 	0.273 	66.414031 	-10.335786 	-2.20612
-0.77597598 	0.25 	0.273 	66.420786 	-10.335398 	-2.2022324
-0.77717718 	0.25 	0.273 	66.441675 	-10.342889 	-2.1979338
-0.77837838 	0.25 	0.273 	66.47184 	-10.355549 	-2.1933654
-0.77957958 	0.25 	0.273 	66.494485 	-10.353462 	-2.1888541
-0.78078078 	0.25 	0.273 	66.512084 	-10.341401 	-2.184768
-0.78198198 	0.25 	0.273 	66.529684 	-10.32934 	-2.1806818
-0.78318318 	0.25 	0.273 	66.547283 	-10.317279 	-2.1765957
-0.78438438 	0.25 	0.273 	66.564883 	-10.305218 	-2.1725095
-0.78558559 	0.25 	0.273 	66.582483 	-10.293157 	-2.1684234
-0.78678679 	0.25 	0.273 	66.600082 	-10.281096 	-2.1643372
-0.78798799 	0.25 	0.273 	66.617682 	-10.269035 	-2.1602511
-0.78918919 	0.25 	0.273 	66.635282 	-10.256974 	-2.156165
-0.79039039 	0.25 	0.273 	66.648054 	-10.220563 	-2.1521781
-0.79159159 	0.25 	0.273 	66.660235 	-10.181166 	-2.1482034
-0.79279279 	0.25 	0.273 	66.691068 	-10.153259 	-2.142863
-0.79399399 	0.25 	0.273 	66.723956 	-10.126618 	-2.1373722
-0.7951952 	0.25 	0.273 	66.742959 	-10.108252 	-2.1328448
-0.7963964 	0.25 	0.273 	66.760699 	-10.090671 	-2.1286809
-0.7975976 	0.25 	0.273 	66.778439 	-10.07309 	-2.124517
-0.7987988 	0.25 	0.273 	66.796178 	-10.055508 	-2.1203531
-0.8 	0.25 	0.273 	66.813918 	-10.037927 	-2.1161891
-0.8012012 	0.25 	0.273 	66.831658 	-10.020346 	-2.1120252
-0.8024024 	0.25 	0.273 	66.849397 	-10.002765 	-2.1078613
-0.8036036 	0.25 	0.273 	66.867137 	-9.9851835 	-2.1036974
-0.8048048 	0.25 	0.273 	66.883353 	-9.9695913 	-2.0995688
-0.80600601 	0.25 	0.273 	66.893161 	-9.9623636 	-2.0955888
-0.80720721 	0.25 	0.273 	66.908584 	-9.9546943 	-2.0913837
-0.80840841 	0.25 	0.273 	66.947097 	-9.9452098 	-2.0862535
-0.80960961 	0.25 	0.273 	66.981101 	-9.9350977 	-2.0811923
-0.81081081 	0.25 	0.273 	66.996555 	-9.9224614 	-2.0768682
-0.81201201 	0.25 	0.273 	67.012019 	-9.9098427 	-2.0726713
-0.81321321 	0.25 	0.273 	67.027484 	-9.897224 	-2.0684743
-0.81441441 	0.25 	0.273 	67.042948 	-9.8846053 	-2.0642774
-0.81561562 	0.25 	0.273 	67.058412 	-9.8719866 	-2.0600805
-0.81681682 	0.25 	0.273 	67.073876 	-9.8593679 	-2.0558835
-0.81801802 	0.25 	0.273 	67.08934 	-9.8467492 	-2.0516866
-0.81921922 	0.25 	0.273 	67.104805 	-9.8341305 	-2.0474896
-0.82042042 	0.25 	0.273 	67.114229 	-9.8197169 	-2.0433552
-0.82162162 	0.25 	0.273 	67.117668 	-9.8035244 	-2.0392826
-0.82282282 	0.25 	0.273 	67.136528 	-9.7861345 	-2.0347417
-0.82402402 	0.25 	0.273 	67.171539 	-9.7674903 	-2.0297104
-0.82522523 	0.25 	0.273 	67.195738 	-9.7502233 	-2.0250054
-0.82642643 	0.25 	0.273 	67.207819 	-9.7344996 	-2.0206662
-0.82762763 	0.25 	0.273 	67.219901 	-9.7187759 	-2.0163269
-0.82882883 	0.25 	0.273 	67.231982 	-9.7030522 	-2.0119876
-0.83003003 	0.25 	0.273 	67.244064 	-9.6873285 	-2.0076484
-0.83123123 	0.25 	0.273 	67.256146 	-9.6716048 	-2.0033091
-0.83243243 	0.25 	0.273 	67.268227 	-9.6558811 	-1.9989698
-0.83363363 	0.25 	0.273 	67.280309 	-9.6401574 	-1.9946306
-0.83483483 	0.25 	0.273 	67.292379 	-9.6244385 	-1.9901747
-0.83603604 	0.25 	0.273 	67.295378 	-9.6109992 	-1.9856896
-0.83723724 	0.25 	0.273 	67.296116 	-9.5981263 	-1.9813191
-0.83843844 	0.25 	0.273 	67.32143 	-9.5811391 	-1.9764017
-0.83963964 	0.25 	0.273 	67.353715 	-9.5629847 	-1.9713292
-0.84084084 	0.25 	0.273 	67.36969 	-9.5444047 	-1.9663795
-0.84204204 	0.25 	0.273 	67.380526 	-9.525685 	-1.9618057
-0.84324324 	0.25 	0.273 	67.391362 	-9.5069653 	-1.957232
-0.84444444 	0.25 	0.273 	67.402198 	-9.4882456 	-1.9526583
-0.84564565 	0.25 	0.273 	67.413035 	-9.4695259 	-1.9480846
-0.84684685 	0.25 	0.273 	67.423871 	-9.4508062 	-1.9435108
-0.84804805 	0.25 	0.273 	67.434707 	-9.4320865 	-1.9389371
-0.84924925 	0.25 	0.273 	67.445543 	-9.4133668 	-1.9343634
-0.85045045 	0.25 	0.273 	67.455525 	-9.3945792 	-1.9297983
-0.85165165 	0.25 	0.273 	67.457165 	-9.375129 	-1.9253176
-0.85285285 	0.25 	0.273 	67.460556 	-9.3553765 	-1.9207855
-0.85405405 	0.25 	0.273 	67.486711 	-9.3316951 	-1.9155851
-0.85525526 	0.25 	0.273 	67.511969 	-9.308203 	-1.9103644
-0.85645646 	0.25 	0.273 	67.521611 	-9.2880507 	-1.9052368
-0.85765766 	0.25 	0.273 	67.531287 	-9.2679131 	-1.9003433
-0.85885886 	0.25 	0.273 	67.540964 	-9.2477755 	-1.8954499
-0.86006006 	0.25 	0.273 	67.550641 	-9.2276379 	-1.8905564
-0.86126126 	0.25 	0.273 	67.560317 	-9.2075002 	-1.885663
-0.86246246 	0.25 	0.273 	67.569994 	-9.1873626 	-1.8807695
-0.86366366 	0.25 	0.273 	67.579671 	-9.167225 	-1.8758761
-0.86486486 	0.25 	0.273 	67.589347 	-9.1470874 	-1.8709826
-0.86606607 	0.25 	0.273 	67.596737 	-9.1285005 	-1.8660165
-0.86726727 	0.25 	0.273 	67.600196 	-9.1125787 	-1.8609256
-0.86846847 	0.25 	0.273 	67.608838 	-9.0971222 	-1.8557585
-0.86966967 	0.25 	0.273 	67.626547 	-9.0824798 	-1.8504582
-0.87087087 	0.25 	0.273 	67.643483 	-9.0652803 	-1.8450547
-0.87207207 	0.25 	0.273 	67.659276 	-9.0438289 	-1.8401204
-0.87327327 	0.25 	0.273 	67.675078 	-9.0223777 	-1.8352205
-0.87447447 	0.25 	0.273 	67.69088 	-9.0009265 	-1.8303207
-0.87567568 	0.25 	0.273 	67.706681 	-8.9794753 	-1.8254208
-0.87687688 	0.25 	0.273 	67.722483 	-8.9580241 	-1.8205209
-0.87807808 	0.25 	0.273 	67.738285 	-8.9365729 	-1.8156211
-0.87927928 	0.25 	0.273 	67.754086 	-8.9151217 	-1.8107212
-0.88048048 	0.25 	0.273 	67.769888 	-8.8936705 	-1.8058214
-0.88168168 	0.25 	0.273 	67.784706 	-8.8684072 	-1.8006247
-0.88288288 	0.25 	0.273 	67.79882 	-8.8404144 	-1.7952155
-0.88408408 	0.25 	0.273 	67.806538 	-8.8148628 	-1.7896927
-0.88528529 	0.25 	0.273 	67.810854 	-8.7906092 	-1.7841095
-0.88648649 	0.25 	0.273 	67.804622 	-8.76877 	-1.7783397
-0.88768769 	0.25 	0.273 	67.794963 	-8.7477151 	-1.7725093
-0.88888889 	0.25 	0.273 	67.785304 	-8.7266602 	-1.7666789
-0.89009009 	0.25 	0.273 	67.775645 	-8.7056054 	-1.7608485
-0.89129129 	0.25 	0.273 	67.780142 	-8.6824296 	-1.7548329
-0.89249249 	0.25 	0.273 	67.817527 	-8.6544322 	-1.7491231
-0.89369369 	0.25 	0.273 	67.854912 	-8.6264348 	-1.7434134
-0.89489489 	0.25 	0.273 	67.892296 	-8.5984375 	-1.7377036
-0.8960961 	0.25 	0.273 	67.929661 	-8.5704318 	-1.7319516
-0.8972973 	0.25 	0.273 	67.958067 	-8.5430562 	-1.7257079
-0.8984985 	0.25 	0.273 	67.983404 	-8.5159572 	-1.7195566
-0.8996997 	0.25 	0.273 	67.978577 	-8.495515 	-1.7137659
-0.9009009 	0.25 	0.273 	67.96956 	-8.474116 	-1.7080284
-0.9021021 	0.25 	0.273 	67.950183 	-8.4473955 	-1.7024277
-0.9033033 	0.25 	0.273 	67.930806 	-8.420675 	-1.696827
-0.9045045 	0.25 	0.273 	67.911429 	-8.3939545 	-1.6912263
-0.90570571 	0.25 	0.273 	67.892053 	-8.367234 	-1.6856256
-0.90690691 	0.25 	0.273 	67.910309 	-8.333994 	-1.6795921
-0.90810811 	0.25 	0.273 	67.954297 	-8.2963518 	-1.6737313
-0.90930931 	0.25 	0.273 	67.998286 	-8.2587096 	-1.6678704
-0.91051051 	0.25 	0.273 	68.042275 	-8.2210674 	-1.6620096
-0.91171171 	0.25 	0.273 	68.086164 	-8.1834279 	-1.6559243
-0.91291291 	0.25 	0.273 	68.121069 	-8.1428512 	-1.649571
-0.91411411 	0.25 	0.273 	68.143811 	-8.1030331 	-1.6433068
-0.91531532 	0.25 	0.273 	68.131192 	-8.0667059 	-1.6372085
-0.91651652 	0.25 	0.273 	68.1199 	-8.0317736 	-1.6313232
-0.91771772 	0.25 	0.273 	68.1095 	-7.9977778 	-1.6255809
-0.91891892 	0.25 	0.273 	68.099099 	-7.9637821 	-1.6198386
-0.92012012 	0.25 	0.273 	68.088699 	-7.9297863 	-1.6140963
-0.92132132 	0.25 	0.273 	68.078217 	-7.8957989 	-1.6081473
-0.92252252 	0.25 	0.273 	68.099546 	-7.8577576 	-1.6028138
-0.92372372 	0.25 	0.273 	68.125278 	-7.8191562 	-1.5976451
-0.92492492 	0.25 	0.273 	68.151009 	-7.7805548 	-1.5924764
-0.92612613 	0.25 	0.273 	68.176741 	-7.7419534 	-1.5873078
-0.92732733 	0.25 	0.273 	68.200442 	-7.7031819 	-1.5817106
-0.92852853 	0.25 	0.273 	68.214814 	-7.6635724 	-1.5756128
-0.92972973 	0.25 	0.273 	68.199242 	-7.6066741 	-1.5690586
-0.93093093 	0.25 	0.273 	68.173193 	-7.5465961 	-1.5624879
-0.93213213 	0.25 	0.273 	68.184978 	-7.5036503 	-1.5561423
-0.93333333 	0.25 	0.273 	68.196749 	-7.4593582 	-1.5497156
-0.93453453 	0.25 	0.273 	68.208521 	-7.4150661 	-1.5432889
-0.93573574 	0.25 	0.273 	68.240637 	-7.3860516 	-1.5370189
-0.93693694 	0.25 	0.273 	68.294022 	-7.3750059 	-1.5309413
-0.93813814 	0.25 	0.273 	68.280845 	-7.3241643 	-1.5244968
-0.93933934 	0.25 	0.273 	68.323412 	-7.2872343 	-1.5185794
-0.94054054 	0.25 	0.273 	68.368442 	-7.2509188 	-1.5126853
-0.94174174 	0.25 	0.273 	68.413472 	-7.2146032 	-1.5067913
-0.94294294 	0.25 	0.273 	68.45147 	-7.1759122 	-1.5009262
-0.94414414 	0.25 	0.273 	68.527914 	-7.1454774 	-1.4948123
-0.94534535 	0.25 	0.273 	68.536026 	-7.0861925 	-1.488608
-0.94654655 	0.25 	0.273 	68.560527 	-7.0380643 	-1.4825406
-0.94774775 	0.25 	0.273 	68.618275 	-7.0027116 	-1.4765103
-0.94894895 	0.25 	0.273 	68.676022 	-6.9673589 	-1.47048
-0.95015015 	0.25 	0.273 	68.73377 	-6.9320063 	-1.4644497
-0.95135135 	0.25 	0.273 	68.816566 	-6.9155854 	-1.4581663
-0.95255255 	0.25 	0.273 	68.869751 	-6.9067747 	-1.4516003
-0.95375375 	0.25 	0.273 	68.887911 	-6.8893981 	-1.4450057
-0.95495495 	0.25 	0.273 	68.959933 	-6.8540544 	-1.4388949
-0.95615616 	0.25 	0.273 	69.031954 	-6.8187107 	-1.4327842
-0.95735736 	0.25 	0.273 	69.103976 	-6.783367 	-1.4266734
-0.95855856 	0.25 	0.273 	69.182455 	-6.7397753 	-1.4205574
-0.95975976 	0.25 	0.273 	69.284103 	-6.6811933 	-1.4142933
-0.96096096 	0.25 	0.273 	69.299685 	-6.649167 	-1.4074495
-0.96216216 	0.25 	0.273 	69.374535 	-6.6023677 	-1.4011095
-0.96336336 	0.25 	0.273 	69.461683 	-6.5541891 	-1.3948126
-0.96456456 	0.25 	0.273 	69.548832 	-6.5060105 	-1.3885157
-0.96576577 	0.25 	0.273 	69.635981 	-6.4578319 	-1.3822188
-0.96696697 	0.25 	0.273 	69.758248 	-6.3913556 	-1.3757841
-0.96816817 	0.25 	0.273 	69.815229 	-6.354753 	-1.3686792
-0.96936937 	0.25 	0.273 	69.877685 	-6.3205826 	-1.3619654
-0.97057057 	0.25 	0.273 	69.968007 	-6.278252 	-1.3558424
-0.97177177 	0.25 	0.273 	70.058329 	-6.2359213 	-1.3497195
-0.97297297 	0.25 	0.273 	70.148652 	-6.1935906 	-1.3435965
-0.97417417 	0.25 	0.273 	70.250356 	-6.1368197 	-1.3375264
-0.97537538 	0.25 	0.273 	70.346787 	-6.0728412 	-1.3308585
-0.97657658 	0.25 	0.273 	70.399797 	-6.0127748 	-1.3230965
-0.97777778 	0.25 	0.273 	70.490647 	-5.9725675 	-1.3169486
-0.97897898 	0.25 	0.273 	70.584116 	-5.9341666 	-1.3108563
-0.98018018 	0.25 	0.273 	70.677586 	-5.8957656 	-1.3047641
-0.98138138 	0.25 	0.273 	70.776709 	-5.8597821 	-1.298819
-0.98258258 	0.25 	0.273 	70.897343 	-5.8329962 	-1.2934337
-0.98378378 	0.25 	0.273 	70.977331 	-5.7599155 	-1.2847487
-0.98498498 	0.25 	0.273 	71.077371 	-5.7113747 	-1.2779332
-0.98618619 	0.25 	0.273 	71.184708 	-5.6718382 	-1.2717138
-0.98738739 	0.25 	0.273 	71.292431 	-5.6327863 	-1.2655173
-0.98858859 	0.25 	0.273 	71.400155 	-5.5937344 	-1.2593207
-0.98978979 	0.25 	0.273 	71.511676 	-5.5642901 	-1.2535645
-0.99099099 	0.25 	0.273 	71.621501 	-5.4940577 	-1.2458735
-0.99219219 	0.25 	0.273 	71.734206 	-5.4532374 	-1.2392217
-0.99339339 	0.25 	0.273 	71.84726 	-5.4139436 	-1.2330955
-0.99459459 	0.25 	0.273 	71.960314 	-5.3746497 	-1.2269692
-0.9957958 	0.25 	0.273 	72.073368 	-5.3353559 	-1.220843
-0.996997 	0.25 	0.273 	72.186422 	-5.2960621 	-1.2147167
-0.9981982 	0.25 	0.273 	72.297243 	-5.2444844 	-1.2079594
-0.9993994 	0.25 	0.273 	72.399712 	-5.1759889 	-1.2010501
-1.0006006 	0.25 	0.273 	72.499825 	-5.1091585 	-1.1948144
-1.0018018 	0.25 	0.273 	72.5989 	-5.04584 	-1.1888843
-1.003003 	0.25 	0.273 	72.694123 	-5.0028538 	-1.1841124
-1.0042042 	0.25 	0.273 	72.789346 	-4.9598677 	-1.1793405
-1.0054054 	0.25 	0.273 	72.888527 	-4.9156868 	-1.1731943
-1.0066066 	0.25 	0.273 	72.977012 	-4.9298239 	-1.1702471
-1.0078078 	0.25 	0.273 	73.122168 	-4.8854997 	-1.1605999
-1.009009 	0.25 	0.273 	73.234737 	-4.8325551 	-1.1533516
-1.0102102 	0.25 	0.273 	73.418344 	-4.7564851 	-1.1446184
-1.0114114 	0.25 	0.273 	73.612632 	-4.6773808 	-1.1355988
-1.0126126 	0.25 	0.273 	73.783448 	-4.5989381 	-1.12764
-1.0138138 	0.25 	0.273 	73.909942 	-4.5337976 	-1.1209667
-1.015015 	0.25 	0.273 	74.021367 	-4.5081354 	-1.1126959
-1.0162162 	0.25 	0.273 	74.159944 	-4.448888 	-1.1058394
-1.0174174 	0.25 	0.273 	74.303805 	-4.3831048 	-1.0992582
-1.0186186 	0.25 	0.273 	74.447666 	-4.3173216 	-1.092677
-1.0198198 	0.25 	0.273 	74.591214 	-4.2515578 	-1.0857972
-1.021021 	0.25 	0.273 	74.726316 	-4.1763218 	-1.0788546
-1.0222222 	0.25 	0.273 	74.861053 	-4.117871 	-1.0718983
-1.0234234 	0.25 	0.273 	75.007487 	-4.0470304 	-1.0652337
-1.0246246 	0.25 	0.273 	75.16623 	-3.9775762 	-1.0583924
-1.0258258 	0.25 	0.273 	75.32815 	-3.9084798 	-1.0515056
-1.027027 	0.25 	0.273 	75.49005 	-3.8393852 	-1.0445985
-1.0282282 	0.25 	0.273 	75.214255 	-3.7600778 	-1.0411291
-1.0294294 	0.25 	0.273 	75.58026 	-3.6903638 	-1.0316127
-1.0306306 	0.25 	0.273 	75.811465 	-3.618424 	-1.0238279
-1.0318318 	0.25 	0.273 	75.849442 	-3.54325 	-1.0181605
-1.033033 	0.25 	0.273 	75.887419 	-3.4680761 	-1.0124931
-1.0342342 	0.25 	0.273 	75.96554 	-3.390078 	-1.0062171
-1.0354354 	0.25 	0.273 	75.700327 	-3.3046805 	-1.0029207
-1.0366366 	0.25 	0.273 	75.79615 	-3.2266404 	-0.99579932
-1.0378378 	0.25 	0.273 	76.176294 	-3.1550532 	-0.98594365
-1.039039 	0.25 	0.273 	76.255942 	-3.0791445 	-0.9793575
-1.0402402 	0.25 	0.273 	76.376312 	-2.9946829 	-0.97166778
-1.0414414 	0.25 	0.273 	76.513279 	-2.9067354 	-0.96352829
-1.0426426 	0.25 	0.273 	76.260764 	-2.8132849 	-0.95880668
-1.0438438 	0.25 	0.273 	76.38949 	-2.7573679 	-0.951214
-1.045045 	0.25 	0.273 	76.754681 	-2.7185977 	-0.94183206
-1.0462462 	0.25 	0.273 	76.783206 	-2.6149907 	-0.93653429
-1.0474474 	0.25 	0.273 	76.907187 	-2.536649 	-0.93026135
-1.0486486 	0.25 	0.273 	77.031167 	-2.4583073 	-0.92398842
-1.0498498 	0.25 	0.273 	77.155148 	-2.3799656 	-0.91771548
-1.0510511 	0.25 	0.273 	77.279128 	-2.3016239 	-0.91144255
-1.0522523 	0.25 	0.273 	77.145102 	-2.1725147 	-0.90784976
-1.0534535 	0.25 	0.273 	77.022937 	-2.023615 	-0.90365705
-1.0546547 	0.25 	0.273 	77.47157 	-1.871121 	-0.89073256
-1.0558559 	0.25 	0.273 	77.608473 	-1.733484 	-0.88227001
-1.0570571 	0.25 	0.273 	77.745377 	-1.5958469 	-0.87380745
-1.0582583 	0.25 	0.273 	77.88228 	-1.4582099 	-0.8653449
-1.0594595 	0.25 	0.273 	77.960913 	-1.3229979 	-0.85644972
-1.0606607 	0.25 	0.273 	78.111523 	-1.2077187 	-0.848817
-1.0618619 	0.25 	0.273 	78.236895 	-1.0903731 	-0.8415431
-1.0630631 	0.25 	0.273 	78.362267 	-0.97302758 	-0.8342692
-1.0642643 	0.25 	0.273 	78.482599 	-0.85699456 	-0.82701308
-1.0654655 	0.25 	0.273 	78.598075 	-0.74222531 	-0.81977263
-1.0666667 	0.25 	0.273 	78.621379 	-0.62116166 	-0.81231721
-1.0678679 	0.25 	0.273 	78.882757 	-0.49738612 	-0.80328393
-1.0690691 	0.25 	0.273 	79.033137 	-0.36341182 	-0.79552852
-1.0702703 	0.25 	0.273 	79.183517 	-0.22943752 	-0.78777311
-1.0714715 	0.25 	0.273 	79.333897 	-0.095463227 	-0.7800177
-1.0726727 	0.25 	0.273 	79.484277 	0.03851107 	-0.77226229
-1.0738739 	0.25 	0.273 	79.54863 	0.17774029 	-0.76467423
-1.0750751 	0.25 	0.273 	79.8203 	0.32385365 	-0.75491911
-1.0762763 	0.25 	0.273 	80.00423 	0.48291169 	-0.74669202
-1.0774775 	0.25 	0.273 	80.168561 	0.64300548 	-0.73869365
-1.0786787 	0.25 	0.273 	80.332891 	0.80309927 	-0.73069529
-1.0798799 	0.25 	0.273 	80.497221 	0.96319307 	-0.72269692
-1.0810811 	0.25 	0.273 	80.660834 	1.123251 	-0.71422746
-1.0822823 	0.25 	0.273 	80.617479 	1.3045749 	-0.70772204
-1.0834835 	0.25 	0.273 	81.051514 	1.4794188 	-0.6966054
-1.0846847 	0.25 	0.273 	81.233863 	1.657362 	-0.68845206
-1.0858859 	0.25 	0.273 	81.416212 	1.8353051 	-0.68029871
-1.0870871 	0.25 	0.273 	81.598561 	2.0132483 	-0.67214536
-1.0882883 	0.25 	0.273 	81.78027 	2.1911394 	-0.66358445
-1.0894895 	0.25 	0.273 	81.958897 	2.3771771 	-0.65419476
-1.0906907 	0.25 	0.273 	82.156724 	2.6015964 	-0.64448768
-1.0918919 	0.25 	0.273 	82.35455 	2.8260158 	-0.63478059
-1.0930931 	0.25 	0.273 	82.552377 	3.0504351 	-0.62507351
-1.0942943 	0.25 	0.273 	82.750203 	3.2748544 	-0.61536642
-1.0954955 	0.25 	0.273 	82.807718 	3.5093966 	-0.60439855
-1.0966967 	0.25 	0.273 	82.998891 	3.6865518 	-0.59740059
-1.0978979 	0.25 	0.273 	83.156732 	3.8524119 	-0.59020233
-1.0990991 	0.25 	0.273 	83.286276 	4.0128127 	-0.58289009
-1.1003003 	0.25 	0.273 	83.40308 	4.1711136 	-0.57564145
-1.1015015 	0.25 	0.273 	83.519884 	4.3294145 	-0.56839282
-1.1027027 	0.25 	0.273 	83.636688 	4.4877154 	-0.56114419
-1.1039039 	0.25 	0.273 	83.751597 	4.6457091 	-0.55388207
-1.1051051 	0.25 	0.273 	83.788661 	4.7910796 	-0.54606587
-1.1063063 	0.25 	0.273 	83.918161 	4.9197845 	-0.53662256
-1.1075075 	0.25 	0.273 	84.142163 	5.0533746 	-0.52535996
-1.1087087 	0.25 	0.273 	84.240474 	5.2670004 	-0.51590196
-1.1099099 	0.25 	0.273 	84.358687 	5.4915147 	-0.50626662
-1.1111111 	0.25 	0.273 	84.505946 	5.7319199 	-0.49637246
-1.1123123 	0.25 	0.273 	84.542143 	6.0416779 	-0.48719364
-1.1135135 	0.25 	0.273 	84.610297 	6.2973769 	-0.47833707
-1.1147147 	0.25 	0.273 	84.742047 	6.4827685 	-0.46948897
-1.1159159 	0.25 	0.273 	84.811046 	6.7114705 	-0.46086086
-1.1171171 	0.25 	0.273 	84.866821 	6.9488166 	-0.45228556
-1.1183183 	0.25 	0.273 	84.901218 	7.2001382 	-0.44379561
-1.1195195 	0.25 	0.273 	84.935042 	7.4512387 	-0.43484501
-1.1207207 	0.25 	0.273 	84.967889 	7.7108791 	-0.42530234
-1.1219219 	0.25 	0.273 	85.017873 	7.9901765 	-0.41591308
-1.1231231 	0.25 	0.273 	85.067856 	8.269474 	-0.40652382
-1.1243243 	0.25 	0.273 	85.117839 	8.5487714 	-0.39713456
-1.1255255 	0.25 	0.273 	85.167823 	8.8280689 	-0.3877453
-1.1267267 	0.25 	0.273 	85.229829 	9.1509407 	-0.3789222
-1.1279279 	0.25 	0.273 	85.304806 	9.5324512 	-0.37043485
-1.1291291 	0.25 	0.273 	85.307307 	9.7573346 	-0.35930142
-1.1303303 	0.25 	0.273 	85.357893 	10.13236 	-0.34974178
-1.1315315 	0.25 	0.273 	85.40071 	10.577507 	-0.33884885
-1.1327327 	0.25 	0.273 	85.443527 	11.022654 	-0.32795591
-1.1339339 	0.25 	0.273 	85.507641 	11.517953 	-0.31747271
-1.1351351 	0.25 	0.273 	85.577681 	12.025414 	-0.30794439
-1.1363363 	0.25 	0.273 	85.548206 	12.293057 	-0.29906418
-1.1375375 	0.25 	0.273 	85.547113 	12.62495 	-0.29098874
-1.1387387 	0.25 	0.273 	85.547225 	12.959574 	-0.28294751
-1.1399399 	0.25 	0.273 	85.547338 	13.294197 	-0.27490627
-1.1411411 	0.25 	0.273 	85.547451 	13.62882 	-0.26686504
-1.1423423 	0.25 	0.273 	85.584904 	14.052084 	-0.25814279
-1.1435435 	0.25 	0.273 	85.638544 	14.513144 	-0.24927331
-1.1447447 	0.25 	0.273 	85.58631 	15.045157 	-0.23954491
-1.1459459 	0.25 	0.273 	85.560403 	15.547085 	-0.23025664
-1.1471471 	0.25 	0.273 	85.542665 	16.034296 	-0.2213075
-1.1483483 	0.25 	0.273 	85.524926 	16.521507 	-0.21235835
-1.1495495 	0.25 	0.273 	85.507187 	17.008718 	-0.20340921
-1.1507508 	0.25 	0.273 	85.545378 	17.448145 	-0.1940674
-1.151952 	0.25 	0.273 	85.565877 	17.921028 	-0.18463842
-1.1531532 	0.25 	0.273 	85.52427 	18.463651 	-0.17529846
-1.1543544 	0.25 	0.273 	85.465032 	18.998459 	-0.16577839
-1.1555556 	0.25 	0.273 	85.405795 	19.533268 	-0.15625833
-1.1567568 	0.25 	0.273 	85.346557 	20.068077 	-0.14673826
-1.157958 	0.25 	0.273 	85.292609 	20.588718 	-0.13687866
-1.1591592 	0.25 	0.273 	85.246903 	21.062522 	-0.12548847
-1.1603604 	0.25 	0.273 	85.131279 	21.643225 	-0.1144959
-1.1615616 	0.25 	0.273 	84.975265 	22.215462 	-0.10405865
-1.1627628 	0.25 	0.273 	84.801117 	22.78587 	-0.09387528
-1.163964 	0.25 	0.273 	84.62697 	23.356277 	-0.08369191
-1.1651652 	0.25 	0.273 	84.452823 	23.926685 	-0.07350854
-1.1663664 	0.25 	0.273 	84.256573 	24.44783 	-0.06272759
-1.1675676 	0.25 	0.273 	84.037672 	24.950837 	-0.051844193
-1.1687688 	0.25 	0.273 	83.792646 	25.474318 	-0.041374855
-1.16997 	0.25 	0.273 	83.493508 	26.036004 	-0.031352562
-1.1711712 	0.25 	0.273 	83.19437 	26.597691 	-0.021330268
-1.1723724 	0.25 	0.273 	82.895232 	27.159378 	-0.011307974
-1.1735736 	0.25 	0.273 	82.576176 	27.678717 	-0.0012493221
-1.1747748 	0.25 	0.273 	82.193485 	28.207284 	0.0097500807
-1.175976 	0.25 	0.273 	81.797543 	28.760068 	0.020402091
-1.1771772 	0.25 	0.273 	81.348887 	29.289206 	0.030112126
-1.1783784 	0.25 	0.273 	80.870705 	29.811576 	0.039804305
-1.1795796 	0.25 	0.273 	80.392525 	30.334746 	0.049543713
-1.1807808 	0.25 	0.273 	79.914344 	30.857916 	0.059283122
-1.181982 	0.25 	0.273 	79.393942 	31.357257 	0.069072032
-1.1831832 	0.25 	0.273 	78.831446 	31.824704 	0.078904313
-1.1843844 	0.25 	0.273 	78.246175 	32.26223 	0.088731754
-1.1855856 	0.25 	0.273 	77.347115 	32.642239 	0.098603391
-1.1867868 	0.25 	0.273 	76.448054 	33.022248 	0.10847503
-1.187988 	0.25 	0.273 	75.607347 	33.400066 	0.1177817
-1.1891892 	0.25 	0.273 	74.948601 	33.766354 	0.12520636
-1.1903904 	0.25 	0.273 	73.985427 	34.072529 	0.13374769
-1.1915916 	0.25 	0.273 	73.213306 	34.238989 	0.13998891
-1.1927928 	0.25 	0.273 	72.477787 	34.378682 	0.14578949
-1.193994 	0.25 	0.273 	71.725426 	34.472166 	0.15153216
-1.1951952 	0.25 	0.273 	71.051832 	34.481982 	0.15666397
-1.1963964 	0.25 	0.273 	70.378237 	34.491797 	0.16179578
-1.1975976 	0.25 	0.273 	69.704643 	34.501612 	0.16692759
-1.1987988 	0.25 	0.273 	69.031049 	34.511428 	0.1720594
-1.2 	0.25 	0.273 	68.357454 	34.521243 	0.17719121
