0 	-0.05 	0.455 	50.350917 	-2.9987573 	8.9292076
-2.5410988e-21 	-0.0496997 	0.455 	50.341242 	-3.0006404 	8.9289854
8.4703295e-22 	-0.049399399 	0.455 	50.331567 	-3.0025235 	8.9287633
-8.4703295e-22 	-0.049099099 	0.455 	50.321893 	-3.0044067 	8.9285412
-3.3881318e-21 	-0.048798799 	0.455 	50.312218 	-3.0062898 	8.9283191
3.3881318e-21 	-0.048498498 	0.455 	50.302543 	-3.0081729 	8.9280969
-2.3293406e-21 	-0.048198198 	0.455 	50.293164 	-3.0099764 	8.9278891
1.4823077e-21 	-0.047897898 	0.455 	50.283796 	-3.0117767 	8.9276818
2.9646153e-21 	-0.047597598 	0.455 	50.274429 	-3.0135769 	8.9274746
1.6940659e-21 	-0.047297297 	0.455 	50.265061 	-3.0153772 	8.9272673
-4.2351647e-22 	-0.046996997 	0.455 	50.255694 	-3.0171775 	8.9270601
-1.2705494e-21 	-0.046696697 	0.455 	50.246326 	-3.0189777 	8.9268528
8.4703295e-22 	-0.046396396 	0.455 	50.236958 	-3.020778 	8.9266455
0 	-0.046096096 	0.455 	50.227591 	-3.0225783 	8.9264383
0 	-0.045795796 	0.455 	50.218223 	-3.0243785 	8.926231
1.6940659e-21 	-0.045495495 	0.455 	50.208856 	-3.0261788 	8.9260237
2.5410988e-21 	-0.045195195 	0.455 	50.199488 	-3.0279791 	8.9258165
0 	-0.044894895 	0.455 	50.190121 	-3.0297793 	8.9256092
1.6940659e-21 	-0.044594595 	0.455 	50.180753 	-3.0315796 	8.925402
5.2939559e-21 	-0.044294294 	0.455 	50.170015 	-3.0328984 	8.9251917
1.2705494e-21 	-0.043993994 	0.455 	50.154427 	-3.0324515 	8.924927
0 	-0.043693694 	0.455 	50.138838 	-3.0320046 	8.9246623
2.5410988e-21 	-0.043393393 	0.455 	50.12325 	-3.0315578 	8.9243976
-4.2351647e-21 	-0.043093093 	0.455 	50.107661 	-3.0311109 	8.9241329
1.6940659e-21 	-0.042792793 	0.455 	50.092073 	-3.030664 	8.9238682
1.6940659e-21 	-0.042492492 	0.455 	50.076484 	-3.0302171 	8.9236035
-1.1646703e-21 	-0.042192192 	0.455 	50.06082 	-3.0298255 	8.9233298
2.9646153e-21 	-0.041891892 	0.455 	50.045006 	-3.0295445 	8.923038
8.4703295e-22 	-0.041591592 	0.455 	50.029191 	-3.0292634 	8.9227463
0 	-0.041291291 	0.455 	50.013376 	-3.0289824 	8.9224545
3.3881318e-21 	-0.040990991 	0.455 	49.997561 	-3.0287013 	8.9221627
3.3881318e-21 	-0.040690691 	0.455 	49.981747 	-3.0284203 	8.9218709
-3.3881318e-21 	-0.04039039 	0.455 	49.965932 	-3.0281392 	8.9215792
3.3881318e-21 	-0.04009009 	0.455 	49.950117 	-3.0278582 	8.9212874
3.3881318e-21 	-0.03978979 	0.455 	49.934303 	-3.0275771 	8.9209956
-6.7762636e-21 	-0.039489489 	0.455 	49.918488 	-3.027296 	8.9207039
3.3881318e-21 	-0.039189189 	0.455 	49.903147 	-3.0266155 	8.9202748
6.7762636e-21 	-0.038888889 	0.455 	49.888012 	-3.0253378 	8.9195188
-3.3881318e-21 	-0.038588589 	0.455 	49.872877 	-3.0240602 	8.9187627
-6.7762636e-21 	-0.038288288 	0.455 	49.857742 	-3.0227825 	8.9180066
1.6940659e-21 	-0.037987988 	0.455 	49.842606 	-3.0215049 	8.9172506
3.3881318e-21 	-0.037687688 	0.455 	49.827471 	-3.0202272 	8.9164945
-5.0821977e-21 	-0.037387387 	0.455 	49.812336 	-3.0189495 	8.9157385
6.7762636e-21 	-0.037087087 	0.455 	49.797201 	-3.0176719 	8.9149824
-1.1858461e-20 	-0.036786787 	0.455 	49.782065 	-3.0163942 	8.9142263
3.3881318e-21 	-0.036486486 	0.455 	49.76693 	-3.0151165 	8.9134703
-2.5410988e-21 	-0.036186186 	0.455 	49.751903 	-3.0138135 	8.912724
-2.5410988e-21 	-0.035885886 	0.455 	49.737257 	-3.0124203 	8.9120124
9.3173624e-21 	-0.035585586 	0.455 	49.722611 	-3.0110271 	8.9113008
-3.3881318e-21 	-0.035285285 	0.455 	49.707966 	-3.0096339 	8.9105892
6.7762636e-21 	-0.034984985 	0.455 	49.69332 	-3.0082407 	8.9098776
-8.4703295e-21 	-0.034684685 	0.455 	49.678674 	-3.0068475 	8.909166
1.6940659e-21 	-0.034384384 	0.455 	49.664028 	-3.0054543 	8.9084544
6.6703845e-21 	-0.034084084 	0.455 	49.648573 	-3.0039703 	8.9077667
-3.3881318e-21 	-0.033783784 	0.455 	49.631214 	-3.0021302 	8.9071623
5.0821977e-21 	-0.033483483 	0.455 	49.613855 	-3.0002901 	8.9065579
-6.7762636e-21 	-0.033183183 	0.455 	49.596496 	-2.99845 	8.9059536
1.6940659e-21 	-0.032882883 	0.455 	49.579137 	-2.9966099 	8.9053492
3.3881318e-21 	-0.032582583 	0.455 	49.561778 	-2.9947698 	8.9047448
0 	-0.032282282 	0.455 	49.544418 	-2.9929297 	8.9041405
3.1763736e-21 	-0.031981982 	0.455 	49.52681 	-2.9910834 	8.9035111
-3.3881318e-21 	-0.031681682 	0.455 	49.508912 	-2.9892301 	8.9028529
5.0821977e-21 	-0.031381381 	0.455 	49.491014 	-2.9873767 	8.9021946
-5.0821977e-21 	-0.031081081 	0.455 	49.473117 	-2.9855234 	8.9015363
1.6940659e-21 	-0.030780781 	0.455 	49.455219 	-2.98367 	8.900878
-6.7762636e-21 	-0.03048048 	0.455 	49.437321 	-2.9818166 	8.9002197
0 	-0.03018018 	0.455 	49.419423 	-2.9799633 	8.8995614
3.3881318e-21 	-0.02987988 	0.455 	49.401526 	-2.9781099 	8.8989032
-3.3881318e-21 	-0.02957958 	0.455 	49.383628 	-2.9762565 	8.8982449
0 	-0.029279279 	0.455 	49.36573 	-2.9744032 	8.8975866
2.3293406e-21 	-0.028978979 	0.455 	49.347723 	-2.9722973 	8.8970304
8.4703295e-22 	-0.028678679 	0.455 	49.328908 	-2.9700642 	8.8965657
-1.6940659e-21 	-0.028378378 	0.455 	49.310093 	-2.967831 	8.896101
-1.6940659e-21 	-0.028078078 	0.455 	49.291278 	-2.9655979 	8.8956363
3.3881318e-21 	-0.027777778 	0.455 	49.272463 	-2.9633648 	8.8951716
0 	-0.027477477 	0.455 	49.253648 	-2.9611317 	8.8947069
-3.3881318e-21 	-0.027177177 	0.455 	49.234833 	-2.9588986 	8.8942422
1.2705494e-21 	-0.026876877 	0.455 	49.21575 	-2.9566972 	8.8937336
-1.6940659e-21 	-0.026576577 	0.455 	49.196431 	-2.9545236 	8.8931866
-6.7762636e-21 	-0.026276276 	0.455 	49.177112 	-2.95235 	8.8926395
0 	-0.025975976 	0.455 	49.157793 	-2.9501764 	8.8920925
-6.7762636e-21 	-0.025675676 	0.455 	49.138474 	-2.9480028 	8.8915454
0 	-0.025375375 	0.455 	49.119155 	-2.9458292 	8.8909983
-6.7762636e-21 	-0.025075075 	0.455 	49.099837 	-2.9436557 	8.8904513
6.7762636e-21 	-0.024774775 	0.455 	49.080518 	-2.9414821 	8.8899042
0 	-0.024474474 	0.455 	49.061199 	-2.9393085 	8.8893572
0 	-0.024174174 	0.455 	49.04188 	-2.9371349 	8.8888101
-1.3552527e-20 	-0.023873874 	0.455 	49.018017 	-2.9342734 	8.8883253
1.0164395e-20 	-0.023573574 	0.455 	48.986506 	-2.931157 	8.8876857
0 	-0.023273273 	0.455 	48.954994 	-2.9280406 	8.887046
-6.7762636e-21 	-0.022972973 	0.455 	48.923483 	-2.9249242 	8.8864063
-1.3552527e-20 	-0.022672673 	0.455 	48.891972 	-2.9218078 	8.8857666
1.0164395e-20 	-0.022372372 	0.455 	48.860461 	-2.9186915 	8.885127
-1.0164395e-20 	-0.022072072 	0.455 	48.82895 	-2.9155751 	8.8844873
6.7762636e-21 	-0.021771772 	0.455 	48.797439 	-2.9124587 	8.8838476
-3.3881318e-21 	-0.021471471 	0.455 	48.765927 	-2.9093423 	8.883208
-3.3881318e-21 	-0.021171171 	0.455 	48.734416 	-2.9062259 	8.8825683
-4.2351647e-21 	-0.020870871 	0.455 	48.703133 	-2.9031135 	8.8819806
1.0164395e-20 	-0.020570571 	0.455 	48.672125 	-2.9000059 	8.881456
-8.4703295e-21 	-0.02027027 	0.455 	48.641117 	-2.8968984 	8.8809314
-1.6940659e-20 	-0.01996997 	0.455 	48.61011 	-2.8937908 	8.8804068
-3.3881318e-21 	-0.01966967 	0.455 	48.579102 	-2.8906832 	8.8798822
1.3552527e-20 	-0.019369369 	0.455 	48.548095 	-2.8875756 	8.8793576
-1.3552527e-20 	-0.019069069 	0.455 	48.517087 	-2.8844681 	8.8788329
-2.1175824e-20 	-0.018768769 	0.455 	48.480201 	-2.8725019 	8.8793926
1.6940659e-20 	-0.018468468 	0.455 	48.437964 	-2.85702 	8.8797811
6.7762636e-21 	-0.018168168 	0.455 	48.395726 	-2.841538 	8.8801695
-9.3173624e-21 	-0.017867868 	0.455 	48.353455 	-2.8258682 	8.8805491
3.3881318e-21 	-0.017567568 	0.455 	48.311031 	-2.8093552 	8.8808891
0 	-0.017267267 	0.455 	48.268608 	-2.7928422 	8.8812291
6.7762636e-21 	-0.016966967 	0.455 	48.226184 	-2.7763291 	8.8815691
-1.3552527e-20 	-0.016666667 	0.455 	48.183761 	-2.7598161 	8.8819091
-4.7433845e-20 	-0.016366366 	0.455 	48.135564 	-2.7440043 	8.8816281
1.3552527e-20 	-0.016066066 	0.455 	48.035449 	-2.7325032 	8.8787721
2.7105054e-20 	-0.015765766 	0.455 	47.935334 	-2.7210021 	8.875916
-2.0328791e-20 	-0.015465465 	0.455 	47.835219 	-2.7095009 	8.87306
1.3552527e-20 	-0.015165165 	0.455 	47.735104 	-2.6979998 	8.8702039
3.8116483e-21 	-0.014864865 	0.455 	47.635415 	-2.6865217 	8.8673992
-3.3881318e-20 	-0.014564565 	0.455 	47.537504 	-2.6751403 	8.8648087
1.3552527e-20 	-0.014264264 	0.455 	47.439593 	-2.6637589 	8.8622183
2.0328791e-20 	-0.013963964 	0.455 	47.341682 	-2.6523774 	8.8596278
2.0328791e-20 	-0.013663664 	0.455 	47.194231 	-2.6361055 	8.8539721
-2.0328791e-20 	-0.013363363 	0.455 	47.023232 	-2.6170129 	8.8474415
2.0328791e-20 	-0.013063063 	0.455 	46.852233 	-2.5979203 	8.8409109
0 	-0.012762763 	0.455 	46.681234 	-2.5788277 	8.8343803
-6.7762636e-21 	-0.012462462 	0.455 	46.510235 	-2.5597351 	8.8278497
3.0493186e-20 	-0.012162162 	0.455 	46.341301 	-2.5412683 	8.8217434
-1.3552527e-20 	-0.011861862 	0.455 	46.172767 	-2.5229227 	8.8157193
2.7105054e-20 	-0.011561562 	0.455 	46.004233 	-2.504577 	8.8096952
1.3552527e-20 	-0.011261261 	0.455 	45.792342 	-2.4877234 	8.7997438
4.0657581e-20 	-0.010960961 	0.455 	45.481333 	-2.4550026 	8.7823676
1.3552527e-20 	-0.010660661 	0.455 	45.170324 	-2.4222818 	8.7649915
-1.3552527e-20 	-0.01036036 	0.455 	44.859314 	-2.389561 	8.7476153
2.7105054e-20 	-0.01006006 	0.455 	44.548305 	-2.3568401 	8.7302391
-6.7762636e-21 	-0.0097597598 	0.455 	44.239062 	-2.3243752 	8.7135208
2.0328791e-20 	-0.0094594595 	0.455 	43.931274 	-2.2921212 	8.6973448
0 	-0.0091591592 	0.455 	43.623487 	-2.2598672 	8.6811687
-1.3552527e-20 	-0.0088588589 	0.455 	43.250314 	-2.1989291 	8.6631429
0 	-0.0085585586 	0.455 	42.777215 	-2.1173254 	8.6372728
4.0657581e-20 	-0.0082582583 	0.455 	42.304682 	-2.0363625 	8.6113833
-4.0657581e-20 	-0.007957958 	0.455 	41.834052 	-1.9568854 	8.5867277
5.4210109e-20 	-0.0076576577 	0.455 	41.39288 	-1.8995833 	8.5619581
-1.3552527e-20 	-0.0073573574 	0.455 	40.802872 	-1.8428074 	8.5262068
-1.3552527e-20 	-0.0070570571 	0.455 	40.224449 	-1.8050424 	8.4893649
1.3552527e-20 	-0.0067567568 	0.455 	39.642952 	-1.7681813 	8.4512733
4.0657581e-20 	-0.0064564565 	0.455 	39.126384 	-1.7616302 	8.4165022
4.0657581e-20 	-0.0061561562 	0.455 	38.614916 	-1.7106206 	8.3836073
0 	-0.0058558559 	0.455 	38.126751 	-1.6752139 	8.349515
-5.4210109e-20 	-0.0055555556 	0.455 	37.637126 	-1.6404772 	8.3143667
4.0657581e-20 	-0.0052552553 	0.455 	37.125702 	-1.6263469 	8.2740815
-2.7105054e-20 	-0.004954955 	0.455 	36.298262 	-1.6018379 	8.1814076
-4.0657581e-20 	-0.0046546547 	0.455 	35.480984 	-1.5981327 	8.0823946
4.0657581e-20 	-0.0043543544 	0.455 	34.675621 	-1.5976551 	7.990994
2.1684043e-19 	-0.0040540541 	0.455 	33.932624 	-1.603259 	7.8907339
-2.7105054e-20 	-0.0037537538 	0.455 	32.267447 	-1.6685328 	7.6189105
2.7105054e-20 	-0.0034534535 	0.455 	30.535303 	-1.7233301 	7.3150026
2.7105054e-20 	-0.0031531532 	0.455 	28.884882 	-1.8009501 	7.0286699
-7.7927031e-20 	-0.0028528529 	0.455 	26.709536 	-1.6905278 	6.5461431
1.3552527e-20 	-0.0025525526 	0.455 	20.623896 	-1.3108238 	5.1443677
6.7762636e-21 	-0.0022522523 	0.455 	14.570843 	-0.93486616 	3.6825027
2.7105054e-20 	-0.001951952 	0.455 	8.5384612 	-0.56128503 	2.1825194
0 	-0.0016516517 	0.455 	3.2522093 	-0.33094923 	0.87026485
6.7762636e-20 	-0.0013513514 	0.455 	-0.52706536 	0.085004724 	0.017341995
-1.3552527e-20 	-0.0010510511 	0.455 	-0.40991453 	0.066110721 	0.013487389
3.3881318e-20 	-0.00075075075 	0.455 	-0.2927637 	0.047216719 	0.0096327835
1.0164395e-20 	-0.00045045045 	0.455 	-0.17561286 	0.028322716 	0.0057781778
-5.0821977e-21 	-0.00015015015 	0.455 	-0.058462028 	0.009428714 	0.0019235721
