0 	0.25 	0.455 	53.546889 	-7.1228957 	-5.0949316
-0.0012012012 	0.25 	0.455 	53.551645 	-7.1333285 	-5.0967402
-0.0024024024 	0.25 	0.455 	53.556401 	-7.1437612 	-5.0985487
-0.0036036036 	0.25 	0.455 	53.561157 	-7.1541939 	-5.1003572
-0.0048048048 	0.25 	0.455 	53.565913 	-7.1646267 	-5.1021658
-0.006006006 	0.25 	0.455 	53.570669 	-7.1750594 	-5.1039743
-0.0072072072 	0.25 	0.455 	53.575425 	-7.1854921 	-5.1057828
-0.0084084084 	0.25 	0.455 	53.580181 	-7.1959249 	-5.1075914
-0.0096096096 	0.25 	0.455 	53.584938 	-7.2063576 	-5.1093999
-0.010810811 	0.25 	0.455 	53.589694 	-7.2167903 	-5.1112084
-0.012012012 	0.25 	0.455 	53.59445 	-7.227223 	-5.113017
-0.013213213 	0.25 	0.455 	53.599206 	-7.2376558 	-5.1148255
-0.014414414 	0.25 	0.455 	53.603962 	-7.2480885 	-5.116634
-0.015615616 	0.25 	0.455 	53.608718 	-7.2585212 	-5.1184426
-0.016816817 	0.25 	0.455 	53.613474 	-7.268954 	-5.1202511
-0.018018018 	0.25 	0.455 	53.61823 	-7.2793867 	-5.1220596
-0.019219219 	0.25 	0.455 	53.622986 	-7.2898194 	-5.1238682
-0.02042042 	0.25 	0.455 	53.627743 	-7.3002522 	-5.1256767
-0.021621622 	0.25 	0.455 	53.635752 	-7.3115615 	-5.1276156
-0.022822823 	0.25 	0.455 	53.645146 	-7.3232438 	-5.12961
-0.024024024 	0.25 	0.455 	53.654541 	-7.3349261 	-5.1316043
-0.025225225 	0.25 	0.455 	53.663935 	-7.3466084 	-5.1335987
-0.026426426 	0.25 	0.455 	53.673329 	-7.3582907 	-5.135593
-0.027627628 	0.25 	0.455 	53.682723 	-7.369973 	-5.1375874
-0.028828829 	0.25 	0.455 	53.692117 	-7.3816553 	-5.1395817
-0.03003003 	0.25 	0.455 	53.701511 	-7.3933376 	-5.1415761
-0.031231231 	0.25 	0.455 	53.710905 	-7.4050199 	-5.1435704
-0.032432432 	0.25 	0.455 	53.720299 	-7.4167022 	-5.1455648
-0.033633634 	0.25 	0.455 	53.729693 	-7.4283845 	-5.1475591
-0.034834835 	0.25 	0.455 	53.739087 	-7.4400668 	-5.1495535
-0.036036036 	0.25 	0.455 	53.748577 	-7.4519939 	-5.1514949
-0.037237237 	0.25 	0.455 	53.758126 	-7.4640729 	-5.1534035
-0.038438438 	0.25 	0.455 	53.767676 	-7.4761519 	-5.1553121
-0.03963964 	0.25 	0.455 	53.779827 	-7.4871116 	-5.1568824
-0.040840841 	0.25 	0.455 	53.792084 	-7.4980252 	-5.1584387
-0.042042042 	0.25 	0.455 	53.804342 	-7.5089388 	-5.1599951
-0.043243243 	0.25 	0.455 	53.8166 	-7.5198525 	-5.1615514
-0.044444444 	0.25 	0.455 	53.828858 	-7.5307661 	-5.1631078
-0.045645646 	0.25 	0.455 	53.841116 	-7.5416797 	-5.1646641
-0.046846847 	0.25 	0.455 	53.853374 	-7.5525933 	-5.1662204
-0.048048048 	0.25 	0.455 	53.865632 	-7.5635069 	-5.1677768
-0.049249249 	0.25 	0.455 	53.87789 	-7.5744205 	-5.1693331
-0.05045045 	0.25 	0.455 	53.890147 	-7.5853341 	-5.1708895
-0.051651652 	0.25 	0.455 	53.902405 	-7.5962477 	-5.1724458
-0.052852853 	0.25 	0.455 	53.914663 	-7.6071613 	-5.1740022
-0.054054054 	0.25 	0.455 	53.926921 	-7.6180749 	-5.1755585
-0.055255255 	0.25 	0.455 	53.939179 	-7.6289885 	-5.1771149
-0.056456456 	0.25 	0.455 	53.951437 	-7.6399021 	-5.1786712
-0.057657658 	0.25 	0.455 	53.963695 	-7.6508157 	-5.1802276
-0.058858859 	0.25 	0.455 	53.975952 	-7.6617293 	-5.1817839
-0.06006006 	0.25 	0.455 	53.98821 	-7.672643 	-5.1833402
-0.061261261 	0.25 	0.455 	53.999971 	-7.6860546 	-5.1850615
-0.062462462 	0.25 	0.455 	54.011714 	-7.6995596 	-5.1867888
-0.063663664 	0.25 	0.455 	54.023457 	-7.7130645 	-5.1885162
-0.064864865 	0.25 	0.455 	54.035199 	-7.7265695 	-5.1902436
-0.066066066 	0.25 	0.455 	54.046942 	-7.7400744 	-5.191971
-0.067267267 	0.25 	0.455 	54.058684 	-7.7535794 	-5.1936984
-0.068468468 	0.25 	0.455 	54.070427 	-7.7670844 	-5.1954257
-0.06966967 	0.25 	0.455 	54.082169 	-7.7805893 	-5.1971531
-0.070870871 	0.25 	0.455 	54.093912 	-7.7940943 	-5.1988805
-0.072072072 	0.25 	0.455 	54.105654 	-7.8075993 	-5.2006079
-0.073273273 	0.25 	0.455 	54.117397 	-7.8211042 	-5.2023352
-0.074474474 	0.25 	0.455 	54.129139 	-7.8346092 	-5.2040626
-0.075675676 	0.25 	0.455 	54.140882 	-7.8481141 	-5.20579
-0.076876877 	0.25 	0.455 	54.152624 	-7.8616191 	-5.2075174
-0.078078078 	0.25 	0.455 	54.164367 	-7.8751241 	-5.2092447
-0.079279279 	0.25 	0.455 	54.17611 	-7.888629 	-5.2109721
-0.08048048 	0.25 	0.455 	54.187852 	-7.902134 	-5.2126995
-0.081681682 	0.25 	0.455 	54.199772 	-7.9152815 	-5.2144004
-0.082882883 	0.25 	0.455 	54.212478 	-7.9268479 	-5.215984
-0.084084084 	0.25 	0.455 	54.225183 	-7.9384143 	-5.2175676
-0.085285285 	0.25 	0.455 	54.237826 	-7.9498644 	-5.2191765
-0.086486486 	0.25 	0.455 	54.250353 	-7.9610983 	-5.2208324
-0.087687688 	0.25 	0.455 	54.26288 	-7.9723322 	-5.2224883
-0.088888889 	0.25 	0.455 	54.275406 	-7.9835661 	-5.2241442
-0.09009009 	0.25 	0.455 	54.287933 	-7.9948 	-5.2258001
-0.091291291 	0.25 	0.455 	54.300459 	-8.0060339 	-5.227456
-0.092492492 	0.25 	0.455 	54.312986 	-8.0172679 	-5.2291119
-0.093693694 	0.25 	0.455 	54.325513 	-8.0285018 	-5.2307678
-0.094894895 	0.25 	0.455 	54.338039 	-8.0397357 	-5.2324236
-0.096096096 	0.25 	0.455 	54.350566 	-8.0509696 	-5.2340795
-0.097297297 	0.25 	0.455 	54.363092 	-8.0622035 	-5.2357354
-0.098498498 	0.25 	0.455 	54.375619 	-8.0734374 	-5.2373913
-0.0996997 	0.25 	0.455 	54.388146 	-8.0846713 	-5.2390472
-0.1009009 	0.25 	0.455 	54.401743 	-8.0933948 	-5.2403281
-0.1021021 	0.25 	0.455 	54.415402 	-8.1019749 	-5.2415876
-0.1033033 	0.25 	0.455 	54.429061 	-8.110555 	-5.2428471
-0.1045045 	0.25 	0.455 	54.44272 	-8.1191351 	-5.2441066
-0.10570571 	0.25 	0.455 	54.456379 	-8.1277153 	-5.2453661
-0.10690691 	0.25 	0.455 	54.470038 	-8.1362954 	-5.2466256
-0.10810811 	0.25 	0.455 	54.483697 	-8.1448755 	-5.2478851
-0.10930931 	0.25 	0.455 	54.497355 	-8.1534556 	-5.2491446
-0.11051051 	0.25 	0.455 	54.511014 	-8.1620358 	-5.2504041
-0.11171171 	0.25 	0.455 	54.524673 	-8.1706159 	-5.2516636
-0.11291291 	0.25 	0.455 	54.538332 	-8.179196 	-5.2529231
-0.11411411 	0.25 	0.455 	54.551991 	-8.1877761 	-5.2541826
-0.11531532 	0.25 	0.455 	54.56565 	-8.1963563 	-5.2554421
-0.11651652 	0.25 	0.455 	54.579309 	-8.2049364 	-5.2567016
-0.11771772 	0.25 	0.455 	54.592968 	-8.2135165 	-5.2579611
-0.11891892 	0.25 	0.455 	54.606626 	-8.2220966 	-5.2592205
-0.12012012 	0.25 	0.455 	54.620285 	-8.2306768 	-5.26048
-0.12132132 	0.25 	0.455 	54.633793 	-8.2395092 	-5.2618302
-0.12252252 	0.25 	0.455 	54.646723 	-8.2493033 	-5.2635258
-0.12372372 	0.25 	0.455 	54.659653 	-8.2590974 	-5.2652214
-0.12492492 	0.25 	0.455 	54.672584 	-8.2688915 	-5.266917
-0.12612613 	0.25 	0.455 	54.685514 	-8.2786856 	-5.2686126
-0.12732733 	0.25 	0.455 	54.698444 	-8.2884797 	-5.2703083
-0.12852853 	0.25 	0.455 	54.711375 	-8.2982738 	-5.2720039
-0.12972973 	0.25 	0.455 	54.724305 	-8.3080679 	-5.2736995
-0.13093093 	0.25 	0.455 	54.737236 	-8.3178619 	-5.2753951
-0.13213213 	0.25 	0.455 	54.750166 	-8.327656 	-5.2770907
-0.13333333 	0.25 	0.455 	54.763096 	-8.3374501 	-5.2787863
-0.13453453 	0.25 	0.455 	54.776027 	-8.3472442 	-5.2804819
-0.13573574 	0.25 	0.455 	54.788957 	-8.3570383 	-5.2821775
-0.13693694 	0.25 	0.455 	54.801887 	-8.3668324 	-5.2838731
-0.13813814 	0.25 	0.455 	54.814818 	-8.3766265 	-5.2855687
-0.13933934 	0.25 	0.455 	54.827748 	-8.3864206 	-5.2872644
-0.14054054 	0.25 	0.455 	54.840678 	-8.3962147 	-5.28896
-0.14174174 	0.25 	0.455 	54.853609 	-8.4060087 	-5.2906556
-0.14294294 	0.25 	0.455 	54.867951 	-8.4157081 	-5.2920733
-0.14414414 	0.25 	0.455 	54.883092 	-8.425354 	-5.2933338
-0.14534535 	0.25 	0.455 	54.898232 	-8.4349998 	-5.2945944
-0.14654655 	0.25 	0.455 	54.913373 	-8.4446457 	-5.2958549
-0.14774775 	0.25 	0.455 	54.928513 	-8.4542915 	-5.2971155
-0.14894895 	0.25 	0.455 	54.943654 	-8.4639373 	-5.298376
-0.15015015 	0.25 	0.455 	54.958795 	-8.4735832 	-5.2996366
-0.15135135 	0.25 	0.455 	54.973935 	-8.483229 	-5.3008971
-0.15255255 	0.25 	0.455 	54.989076 	-8.4928749 	-5.3021577
-0.15375375 	0.25 	0.455 	55.004217 	-8.5025207 	-5.3034182
-0.15495495 	0.25 	0.455 	55.019357 	-8.5121665 	-5.3046788
-0.15615616 	0.25 	0.455 	55.034498 	-8.5218124 	-5.3059393
-0.15735736 	0.25 	0.455 	55.049659 	-8.5314859 	-5.3071954
-0.15855856 	0.25 	0.455 	55.065039 	-8.5414565 	-5.3084032
-0.15975976 	0.25 	0.455 	55.08042 	-8.5514271 	-5.3096111
-0.16096096 	0.25 	0.455 	55.0958 	-8.5613977 	-5.310819
-0.16216216 	0.25 	0.455 	55.112833 	-8.5710123 	-5.311522
-0.16336336 	0.25 	0.455 	55.12995 	-8.5806089 	-5.3121995
-0.16456456 	0.25 	0.455 	55.147066 	-8.5902055 	-5.3128769
-0.16576577 	0.25 	0.455 	55.164182 	-8.5998021 	-5.3135543
-0.16696697 	0.25 	0.455 	55.181299 	-8.6093987 	-5.3142318
-0.16816817 	0.25 	0.455 	55.198415 	-8.6189952 	-5.3149092
-0.16936937 	0.25 	0.455 	55.215532 	-8.6285918 	-5.3155867
-0.17057057 	0.25 	0.455 	55.232648 	-8.6381884 	-5.3162641
-0.17177177 	0.25 	0.455 	55.249764 	-8.647785 	-5.3169416
-0.17297297 	0.25 	0.455 	55.266881 	-8.6573816 	-5.317619
-0.17417417 	0.25 	0.455 	55.283997 	-8.6669782 	-5.3182965
-0.17537538 	0.25 	0.455 	55.301114 	-8.6765748 	-5.3189739
-0.17657658 	0.25 	0.455 	55.31823 	-8.6861713 	-5.3196513
-0.17777778 	0.25 	0.455 	55.335346 	-8.6957679 	-5.3203288
-0.17897898 	0.25 	0.455 	55.352463 	-8.7053645 	-5.3210062
-0.18018018 	0.25 	0.455 	55.369579 	-8.7149611 	-5.3216837
-0.18138138 	0.25 	0.455 	55.386696 	-8.7245577 	-5.3223611
-0.18258258 	0.25 	0.455 	55.403971 	-8.7343977 	-5.3232472
-0.18378378 	0.25 	0.455 	55.421418 	-8.7445003 	-5.3243583
-0.18498498 	0.25 	0.455 	55.438865 	-8.754603 	-5.3254693
-0.18618619 	0.25 	0.455 	55.456313 	-8.7647056 	-5.3265804
-0.18738739 	0.25 	0.455 	55.47376 	-8.7748082 	-5.3276915
-0.18858859 	0.25 	0.455 	55.491207 	-8.7849108 	-5.3288026
-0.18978979 	0.25 	0.455 	55.508654 	-8.7950135 	-5.3299137
-0.19099099 	0.25 	0.455 	55.526101 	-8.8051161 	-5.3310248
-0.19219219 	0.25 	0.455 	55.543548 	-8.8152187 	-5.3321359
-0.19339339 	0.25 	0.455 	55.560996 	-8.8253213 	-5.3332469
-0.19459459 	0.25 	0.455 	55.578443 	-8.835424 	-5.334358
-0.1957958 	0.25 	0.455 	55.59589 	-8.8455266 	-5.3354691
-0.196997 	0.25 	0.455 	55.613337 	-8.8556292 	-5.3365802
-0.1981982 	0.25 	0.455 	55.630784 	-8.8657318 	-5.3376913
-0.1993994 	0.25 	0.455 	55.648231 	-8.8758345 	-5.3388024
-0.2006006 	0.25 	0.455 	55.665679 	-8.8859371 	-5.3399134
-0.2018018 	0.25 	0.455 	55.683126 	-8.8960397 	-5.3410245
-0.203003 	0.25 	0.455 	55.700571 	-8.9059658 	-5.3420546
-0.2042042 	0.25 	0.455 	55.71801 	-8.9150612 	-5.3427036
-0.20540541 	0.25 	0.455 	55.735448 	-8.9241566 	-5.3433526
-0.20660661 	0.25 	0.455 	55.752886 	-8.9332519 	-5.3440016
-0.20780781 	0.25 	0.455 	55.770062 	-8.9420517 	-5.3446258
-0.20900901 	0.25 	0.455 	55.7872 	-8.9508074 	-5.3452463
-0.21021021 	0.25 	0.455 	55.804338 	-8.9595632 	-5.3458668
-0.21141141 	0.25 	0.455 	55.821475 	-8.9683189 	-5.3464873
-0.21261261 	0.25 	0.455 	55.838613 	-8.9770746 	-5.3471078
-0.21381381 	0.25 	0.455 	55.855751 	-8.9858304 	-5.3477283
-0.21501502 	0.25 	0.455 	55.872888 	-8.9945861 	-5.3483488
-0.21621622 	0.25 	0.455 	55.890026 	-9.0033419 	-5.3489693
-0.21741742 	0.25 	0.455 	55.907163 	-9.0120976 	-5.3495898
-0.21861862 	0.25 	0.455 	55.924301 	-9.0208534 	-5.3502102
-0.21981982 	0.25 	0.455 	55.941439 	-9.0296091 	-5.3508307
-0.22102102 	0.25 	0.455 	55.958576 	-9.0383649 	-5.3514512
-0.22222222 	0.25 	0.455 	55.975714 	-9.0471206 	-5.3520717
-0.22342342 	0.25 	0.455 	55.993139 	-9.0545892 	-5.3521409
-0.22462462 	0.25 	0.455 	56.010571 	-9.0620324 	-5.3521991
-0.22582583 	0.25 	0.455 	56.028002 	-9.0694756 	-5.3522574
-0.22702703 	0.25 	0.455 	56.045433 	-9.0769188 	-5.3523157
-0.22822823 	0.25 	0.455 	56.062864 	-9.084362 	-5.352374
-0.22942943 	0.25 	0.455 	56.080295 	-9.0918053 	-5.3524323
-0.23063063 	0.25 	0.455 	56.097726 	-9.0992485 	-5.3524905
-0.23183183 	0.25 	0.455 	56.115158 	-9.1066917 	-5.3525488
-0.23303303 	0.25 	0.455 	56.132589 	-9.1141349 	-5.3526071
-0.23423423 	0.25 	0.455 	56.15002 	-9.1215781 	-5.3526654
-0.23543544 	0.25 	0.455 	56.167451 	-9.1290214 	-5.3527237
-0.23663664 	0.25 	0.455 	56.184882 	-9.1364646 	-5.3527819
-0.23783784 	0.25 	0.455 	56.202313 	-9.1439078 	-5.3528402
-0.23903904 	0.25 	0.455 	56.219744 	-9.151351 	-5.3528985
-0.24024024 	0.25 	0.455 	56.237176 	-9.1587942 	-5.3529568
-0.24144144 	0.25 	0.455 	56.254607 	-9.1662375 	-5.353015
-0.24264264 	0.25 	0.455 	56.272038 	-9.1736807 	-5.3530733
-0.24384384 	0.25 	0.455 	56.289935 	-9.1810413 	-5.3534231
-0.24504505 	0.25 	0.455 	56.308002 	-9.188372 	-5.353879
-0.24624625 	0.25 	0.455 	56.326069 	-9.1957026 	-5.3543349
-0.24744745 	0.25 	0.455 	56.344135 	-9.2030332 	-5.3547907
-0.24864865 	0.25 	0.455 	56.362202 	-9.2103638 	-5.3552466
-0.24984985 	0.25 	0.455 	56.380269 	-9.2176944 	-5.3557025
-0.25105105 	0.25 	0.455 	56.398336 	-9.225025 	-5.3561584
-0.25225225 	0.25 	0.455 	56.416402 	-9.2323557 	-5.3566143
-0.25345345 	0.25 	0.455 	56.434469 	-9.2396863 	-5.3570701
-0.25465465 	0.25 	0.455 	56.452536 	-9.2470169 	-5.357526
-0.25585586 	0.25 	0.455 	56.470603 	-9.2543475 	-5.3579819
-0.25705706 	0.25 	0.455 	56.488669 	-9.2616781 	-5.3584378
-0.25825826 	0.25 	0.455 	56.506736 	-9.2690087 	-5.3588937
-0.25945946 	0.25 	0.455 	56.524803 	-9.2763394 	-5.3593496
-0.26066066 	0.25 	0.455 	56.54287 	-9.28367 	-5.3598054
-0.26186186 	0.25 	0.455 	56.560937 	-9.2910006 	-5.3602613
-0.26306306 	0.25 	0.455 	56.579003 	-9.2983312 	-5.3607172
-0.26426426 	0.25 	0.455 	56.59733 	-9.3061388 	-5.3608172
-0.26546547 	0.25 	0.455 	56.615795 	-9.3142007 	-5.3607275
-0.26666667 	0.25 	0.455 	56.63426 	-9.3222625 	-5.3606378
-0.26786787 	0.25 	0.455 	56.652724 	-9.3303243 	-5.3605482
-0.26906907 	0.25 	0.455 	56.671189 	-9.3383862 	-5.3604585
-0.27027027 	0.25 	0.455 	56.689654 	-9.346448 	-5.3603688
-0.27147147 	0.25 	0.455 	56.708119 	-9.3545098 	-5.3602792
-0.27267267 	0.25 	0.455 	56.726584 	-9.3625716 	-5.3601895
-0.27387387 	0.25 	0.455 	56.745049 	-9.3706335 	-5.3600998
-0.27507508 	0.25 	0.455 	56.763514 	-9.3786953 	-5.3600101
-0.27627628 	0.25 	0.455 	56.781978 	-9.3867571 	-5.3599205
-0.27747748 	0.25 	0.455 	56.800443 	-9.394819 	-5.3598308
-0.27867868 	0.25 	0.455 	56.818908 	-9.4028808 	-5.3597411
-0.27987988 	0.25 	0.455 	56.837581 	-9.4111483 	-5.3597059
-0.28108108 	0.25 	0.455 	56.85639 	-9.4195512 	-5.3597066
-0.28228228 	0.25 	0.455 	56.875199 	-9.4279541 	-5.3597072
-0.28348348 	0.25 	0.455 	56.894009 	-9.4363571 	-5.3597079
-0.28468468 	0.25 	0.455 	56.913012 	-9.445194 	-5.3590783
-0.28588589 	0.25 	0.455 	56.93202 	-9.4540404 	-5.3584349
-0.28708709 	0.25 	0.455 	56.951028 	-9.4628869 	-5.3577915
-0.28828829 	0.25 	0.455 	56.970036 	-9.4717334 	-5.3571481
-0.28948949 	0.25 	0.455 	56.989044 	-9.4805798 	-5.3565047
-0.29069069 	0.25 	0.455 	57.008052 	-9.4894263 	-5.3558613
-0.29189189 	0.25 	0.455 	57.02706 	-9.4982728 	-5.3552179
-0.29309309 	0.25 	0.455 	57.046068 	-9.5071192 	-5.3545745
-0.29429429 	0.25 	0.455 	57.065075 	-9.5159657 	-5.3539311
-0.2954955 	0.25 	0.455 	57.084083 	-9.5248121 	-5.3532877
-0.2966967 	0.25 	0.455 	57.103091 	-9.5336586 	-5.3526442
-0.2978979 	0.25 	0.455 	57.122099 	-9.5425051 	-5.3520008
-0.2990991 	0.25 	0.455 	57.141107 	-9.5513515 	-5.3513574
-0.3003003 	0.25 	0.455 	57.160115 	-9.560198 	-5.350714
-0.3015015 	0.25 	0.455 	57.179123 	-9.5690445 	-5.3500706
-0.3027027 	0.25 	0.455 	57.198131 	-9.5778909 	-5.3494272
-0.3039039 	0.25 	0.455 	57.217139 	-9.5867374 	-5.3487838
-0.30510511 	0.25 	0.455 	57.238699 	-9.5951412 	-5.3483715
-0.30630631 	0.25 	0.455 	57.260268 	-9.6035433 	-5.34796
-0.30750751 	0.25 	0.455 	57.281838 	-9.6119454 	-5.3475486
-0.30870871 	0.25 	0.455 	57.303407 	-9.6203475 	-5.3471371
-0.30990991 	0.25 	0.455 	57.324977 	-9.6287496 	-5.3467257
-0.31111111 	0.25 	0.455 	57.346547 	-9.6371517 	-5.3463142
-0.31231231 	0.25 	0.455 	57.368116 	-9.6455538 	-5.3459028
-0.31351351 	0.25 	0.455 	57.389686 	-9.6539559 	-5.3454913
-0.31471471 	0.25 	0.455 	57.411256 	-9.662358 	-5.3450799
-0.31591592 	0.25 	0.455 	57.432825 	-9.6707602 	-5.3446684
-0.31711712 	0.25 	0.455 	57.454395 	-9.6791623 	-5.344257
-0.31831832 	0.25 	0.455 	57.475964 	-9.6875644 	-5.3438455
-0.31951952 	0.25 	0.455 	57.497534 	-9.6959665 	-5.3434341
-0.32072072 	0.25 	0.455 	57.519104 	-9.7043686 	-5.3430226
-0.32192192 	0.25 	0.455 	57.540673 	-9.7127707 	-5.3426112
-0.32312312 	0.25 	0.455 	57.562243 	-9.7211728 	-5.3421997
-0.32432432 	0.25 	0.455 	57.583656 	-9.7293884 	-5.3417315
-0.32552553 	0.25 	0.455 	57.604409 	-9.7368148 	-5.341023
-0.32672673 	0.25 	0.455 	57.625162 	-9.7442411 	-5.3403145
-0.32792793 	0.25 	0.455 	57.645915 	-9.7516674 	-5.339606
-0.32912913 	0.25 	0.455 	57.666518 	-9.7589827 	-5.3388486
-0.33033033 	0.25 	0.455 	57.686879 	-9.7661189 	-5.3380123
-0.33153153 	0.25 	0.455 	57.707241 	-9.773255 	-5.337176
-0.33273273 	0.25 	0.455 	57.727602 	-9.7803912 	-5.3363397
-0.33393393 	0.25 	0.455 	57.747964 	-9.7875274 	-5.3355034
-0.33513514 	0.25 	0.455 	57.768325 	-9.7946636 	-5.3346671
-0.33633634 	0.25 	0.455 	57.788687 	-9.8017997 	-5.3338308
-0.33753754 	0.25 	0.455 	57.809048 	-9.8089359 	-5.3329944
-0.33873874 	0.25 	0.455 	57.829409 	-9.8160721 	-5.3321581
-0.33993994 	0.25 	0.455 	57.849771 	-9.8232082 	-5.3313218
-0.34114114 	0.25 	0.455 	57.870132 	-9.8303444 	-5.3304855
-0.34234234 	0.25 	0.455 	57.890494 	-9.8374806 	-5.3296492
-0.34354354 	0.25 	0.455 	57.910855 	-9.8446168 	-5.3288129
-0.34474474 	0.25 	0.455 	57.931217 	-9.8517529 	-5.3279766
-0.34594595 	0.25 	0.455 	57.951178 	-9.8576622 	-5.3266524
-0.34714715 	0.25 	0.455 	57.971125 	-9.863527 	-5.3253104
-0.34834835 	0.25 	0.455 	57.991072 	-9.8693917 	-5.3239684
-0.34954955 	0.25 	0.455 	58.011019 	-9.8752564 	-5.3226265
-0.35075075 	0.25 	0.455 	58.030966 	-9.8811212 	-5.3212845
-0.35195195 	0.25 	0.455 	58.050913 	-9.8869859 	-5.3199425
-0.35315315 	0.25 	0.455 	58.07086 	-9.8928506 	-5.3186006
-0.35435435 	0.25 	0.455 	58.090807 	-9.8987154 	-5.3172586
-0.35555556 	0.25 	0.455 	58.110754 	-9.9045801 	-5.3159166
-0.35675676 	0.25 	0.455 	58.130701 	-9.9104448 	-5.3145746
-0.35795796 	0.25 	0.455 	58.150648 	-9.9163096 	-5.3132327
-0.35915916 	0.25 	0.455 	58.170595 	-9.9221743 	-5.3118907
-0.36036036 	0.25 	0.455 	58.190542 	-9.9280391 	-5.3105487
-0.36156156 	0.25 	0.455 	58.210489 	-9.9339038 	-5.3092068
-0.36276276 	0.25 	0.455 	58.230436 	-9.9397685 	-5.3078648
-0.36396396 	0.25 	0.455 	58.250383 	-9.9456333 	-5.3065228
-0.36516517 	0.25 	0.455 	58.271614 	-9.9513013 	-5.3052208
-0.36636637 	0.25 	0.455 	58.296823 	-9.9563592 	-5.3040427
-0.36756757 	0.25 	0.455 	58.322032 	-9.961417 	-5.3028646
-0.36876877 	0.25 	0.455 	58.347242 	-9.9664749 	-5.3016865
-0.36996997 	0.25 	0.455 	58.372451 	-9.9715328 	-5.3005084
-0.37117117 	0.25 	0.455 	58.397661 	-9.9765907 	-5.2993303
-0.37237237 	0.25 	0.455 	58.42287 	-9.9816486 	-5.2981522
-0.37357357 	0.25 	0.455 	58.44808 	-9.9867065 	-5.2969742
-0.37477477 	0.25 	0.455 	58.473289 	-9.9917644 	-5.2957961
-0.37597598 	0.25 	0.455 	58.498499 	-9.9968223 	-5.294618
-0.37717718 	0.25 	0.455 	58.523708 	-10.00188 	-5.2934399
-0.37837838 	0.25 	0.455 	58.548917 	-10.006938 	-5.2922618
-0.37957958 	0.25 	0.455 	58.574127 	-10.011996 	-5.2910837
-0.38078078 	0.25 	0.455 	58.599336 	-10.017054 	-5.2899056
-0.38198198 	0.25 	0.455 	58.624546 	-10.022112 	-5.2887275
-0.38318318 	0.25 	0.455 	58.649755 	-10.02717 	-5.2875494
-0.38438438 	0.25 	0.455 	58.674965 	-10.032228 	-5.2863713
-0.38558559 	0.25 	0.455 	58.698012 	-10.038372 	-5.2850759
-0.38678679 	0.25 	0.455 	58.720208 	-10.044944 	-5.2837342
-0.38798799 	0.25 	0.455 	58.742405 	-10.051515 	-5.2823926
-0.38918919 	0.25 	0.455 	58.764601 	-10.058087 	-5.281051
-0.39039039 	0.25 	0.455 	58.786537 	-10.064522 	-5.2795891
-0.39159159 	0.25 	0.455 	58.808327 	-10.07088 	-5.2780591
-0.39279279 	0.25 	0.455 	58.830116 	-10.077237 	-5.276529
-0.39399399 	0.25 	0.455 	58.851905 	-10.083595 	-5.274999
-0.3951952 	0.25 	0.455 	58.873694 	-10.089952 	-5.2734689
-0.3963964 	0.25 	0.455 	58.895483 	-10.096309 	-5.2719389
-0.3975976 	0.25 	0.455 	58.917273 	-10.102667 	-5.2704089
-0.3987988 	0.25 	0.455 	58.939062 	-10.109024 	-5.2688788
-0.4 	0.25 	0.455 	58.960851 	-10.115382 	-5.2673488
-0.4012012 	0.25 	0.455 	58.98264 	-10.121739 	-5.2658187
-0.4024024 	0.25 	0.455 	59.004429 	-10.128097 	-5.2642887
-0.4036036 	0.25 	0.455 	59.026219 	-10.134454 	-5.2627586
-0.4048048 	0.25 	0.455 	59.048008 	-10.140812 	-5.2612286
-0.40600601 	0.25 	0.455 	59.069797 	-10.147169 	-5.2596986
-0.40720721 	0.25 	0.455 	59.09045 	-10.153198 	-5.2577452
-0.40840841 	0.25 	0.455 	59.111002 	-10.159197 	-5.2557538
-0.40960961 	0.25 	0.455 	59.131553 	-10.165197 	-5.2537624
-0.41081081 	0.25 	0.455 	59.152104 	-10.171196 	-5.251771
-0.41201201 	0.25 	0.455 	59.172655 	-10.177195 	-5.2497795
-0.41321321 	0.25 	0.455 	59.193206 	-10.183195 	-5.2477881
-0.41441441 	0.25 	0.455 	59.213758 	-10.189194 	-5.2457967
-0.41561562 	0.25 	0.455 	59.234309 	-10.195193 	-5.2438052
-0.41681682 	0.25 	0.455 	59.25486 	-10.201193 	-5.2418138
-0.41801802 	0.25 	0.455 	59.275411 	-10.207192 	-5.2398224
-0.41921922 	0.25 	0.455 	59.295962 	-10.213191 	-5.237831
-0.42042042 	0.25 	0.455 	59.316514 	-10.219191 	-5.2358395
-0.42162162 	0.25 	0.455 	59.337065 	-10.22519 	-5.2338481
-0.42282282 	0.25 	0.455 	59.357616 	-10.231189 	-5.2318567
-0.42402402 	0.25 	0.455 	59.378167 	-10.237189 	-5.2298652
-0.42522523 	0.25 	0.455 	59.398719 	-10.243188 	-5.2278738
-0.42642643 	0.25 	0.455 	59.423728 	-10.250286 	-5.2258977
-0.42762763 	0.25 	0.455 	59.453063 	-10.25845 	-5.2239366
-0.42882883 	0.25 	0.455 	59.482399 	-10.266614 	-5.2219754
-0.43003003 	0.25 	0.455 	59.511734 	-10.274778 	-5.2200142
-0.43123123 	0.25 	0.455 	59.54107 	-10.282942 	-5.218053
-0.43243243 	0.25 	0.455 	59.570405 	-10.291106 	-5.2160919
-0.43363363 	0.25 	0.455 	59.599741 	-10.29927 	-5.2141307
-0.43483483 	0.25 	0.455 	59.629076 	-10.307433 	-5.2121695
-0.43603604 	0.25 	0.455 	59.658412 	-10.315597 	-5.2102083
-0.43723724 	0.25 	0.455 	59.687747 	-10.323761 	-5.2082472
-0.43843844 	0.25 	0.455 	59.717082 	-10.331925 	-5.206286
-0.43963964 	0.25 	0.455 	59.746418 	-10.340089 	-5.2043248
-0.44084084 	0.25 	0.455 	59.775753 	-10.348253 	-5.2023636
-0.44204204 	0.25 	0.455 	59.805089 	-10.356417 	-5.2004025
-0.44324324 	0.25 	0.455 	59.834424 	-10.364581 	-5.1984413
-0.44444444 	0.25 	0.455 	59.86376 	-10.372745 	-5.1964801
-0.44564565 	0.25 	0.455 	59.891348 	-10.379954 	-5.1945645
-0.44684685 	0.25 	0.455 	59.914672 	-10.384829 	-5.1927601
-0.44804805 	0.25 	0.455 	59.937995 	-10.389705 	-5.1909557
-0.44924925 	0.25 	0.455 	59.961319 	-10.394581 	-5.1891514
-0.45045045 	0.25 	0.455 	59.984642 	-10.399457 	-5.187347
-0.45165165 	0.25 	0.455 	60.00763 	-10.404188 	-5.185315
-0.45285285 	0.25 	0.455 	60.030578 	-10.408902 	-5.1832562
-0.45405405 	0.25 	0.455 	60.053526 	-10.413616 	-5.1811973
-0.45525526 	0.25 	0.455 	60.076475 	-10.41833 	-5.1791385
-0.45645646 	0.25 	0.455 	60.099423 	-10.423045 	-5.1770797
-0.45765766 	0.25 	0.455 	60.122371 	-10.427759 	-5.1750208
-0.45885886 	0.25 	0.455 	60.14532 	-10.432473 	-5.172962
-0.46006006 	0.25 	0.455 	60.168268 	-10.437187 	-5.1709032
-0.46126126 	0.25 	0.455 	60.191216 	-10.441901 	-5.1688443
-0.46246246 	0.25 	0.455 	60.214165 	-10.446615 	-5.1667855
-0.46366366 	0.25 	0.455 	60.237113 	-10.451329 	-5.1647267
-0.46486486 	0.25 	0.455 	60.260061 	-10.456043 	-5.1626678
-0.46606607 	0.25 	0.455 	60.283009 	-10.460757 	-5.160609
-0.46726727 	0.25 	0.455 	60.305958 	-10.465471 	-5.1585502
-0.46846847 	0.25 	0.455 	60.326632 	-10.468496 	-5.1561822
-0.46966967 	0.25 	0.455 	60.346956 	-10.471261 	-5.1537666
-0.47087087 	0.25 	0.455 	60.36728 	-10.474026 	-5.151351
-0.47207207 	0.25 	0.455 	60.387604 	-10.476791 	-5.1489354
-0.47327327 	0.25 	0.455 	60.407928 	-10.479556 	-5.1465198
-0.47447447 	0.25 	0.455 	60.428252 	-10.482321 	-5.1441042
-0.47567568 	0.25 	0.455 	60.448576 	-10.485086 	-5.1416886
-0.47687688 	0.25 	0.455 	60.4689 	-10.487851 	-5.139273
-0.47807808 	0.25 	0.455 	60.489225 	-10.490616 	-5.1368574
-0.47927928 	0.25 	0.455 	60.509549 	-10.493381 	-5.1344418
-0.48048048 	0.25 	0.455 	60.529873 	-10.496146 	-5.1320262
-0.48168168 	0.25 	0.455 	60.550197 	-10.498911 	-5.1296106
-0.48288288 	0.25 	0.455 	60.570521 	-10.501676 	-5.127195
-0.48408408 	0.25 	0.455 	60.590845 	-10.504441 	-5.1247794
-0.48528529 	0.25 	0.455 	60.611169 	-10.507206 	-5.1223638
-0.48648649 	0.25 	0.455 	60.631493 	-10.509971 	-5.1199482
-0.48768769 	0.25 	0.455 	60.660283 	-10.515774 	-5.1170589
-0.48888889 	0.25 	0.455 	60.691841 	-10.52257 	-5.1140146
-0.49009009 	0.25 	0.455 	60.7234 	-10.529367 	-5.1109703
-0.49129129 	0.25 	0.455 	60.754958 	-10.536163 	-5.1079261
-0.49249249 	0.25 	0.455 	60.786517 	-10.54296 	-5.1048818
-0.49369369 	0.25 	0.455 	60.818075 	-10.549756 	-5.1018375
-0.49489489 	0.25 	0.455 	60.849634 	-10.556553 	-5.0987932
-0.4960961 	0.25 	0.455 	60.881192 	-10.563349 	-5.0957489
-0.4972973 	0.25 	0.455 	60.912751 	-10.570146 	-5.0927046
-0.4984985 	0.25 	0.455 	60.944309 	-10.576942 	-5.0896603
-0.4996997 	0.25 	0.455 	60.975868 	-10.583739 	-5.086616
-0.5009009 	0.25 	0.455 	61.007426 	-10.590535 	-5.0835718
-0.5021021 	0.25 	0.455 	61.038985 	-10.597332 	-5.0805275
-0.5033033 	0.25 	0.455 	61.070543 	-10.604128 	-5.0774832
-0.5045045 	0.25 	0.455 	61.102102 	-10.610925 	-5.0744389
-0.50570571 	0.25 	0.455 	61.13366 	-10.617721 	-5.0713946
-0.50690691 	0.25 	0.455 	61.157949 	-10.624607 	-5.0687234
-0.50810811 	0.25 	0.455 	61.180792 	-10.63151 	-5.0661263
-0.50930931 	0.25 	0.455 	61.203635 	-10.638413 	-5.0635293
-0.51051051 	0.25 	0.455 	61.226478 	-10.645316 	-5.0609322
-0.51171171 	0.25 	0.455 	61.249321 	-10.65222 	-5.0583352
-0.51291291 	0.25 	0.455 	61.272164 	-10.659123 	-5.0557382
-0.51411411 	0.25 	0.455 	61.295007 	-10.666026 	-5.0531411
-0.51531532 	0.25 	0.455 	61.318011 	-10.673267 	-5.0507768
-0.51651652 	0.25 	0.455 	61.34107 	-10.680624 	-5.0484932
-0.51771772 	0.25 	0.455 	61.362408 	-10.686437 	-5.0459923
-0.51891892 	0.25 	0.455 	61.380878 	-10.689679 	-5.0431296
-0.52012012 	0.25 	0.455 	61.399349 	-10.69292 	-5.0402669
-0.52132132 	0.25 	0.455 	61.41744 	-10.696153 	-5.0371132
-0.52252252 	0.25 	0.455 	61.435529 	-10.699387 	-5.0339576
-0.52372372 	0.25 	0.455 	61.453617 	-10.70262 	-5.0308019
-0.52492492 	0.25 	0.455 	61.471706 	-10.705854 	-5.0276462
-0.52612613 	0.25 	0.455 	61.489795 	-10.709087 	-5.0244906
-0.52732733 	0.25 	0.455 	61.507883 	-10.71232 	-5.0213349
-0.52852853 	0.25 	0.455 	61.525972 	-10.715554 	-5.0181792
-0.52972973 	0.25 	0.455 	61.551505 	-10.718524 	-5.0150723
-0.53093093 	0.25 	0.455 	61.578928 	-10.721427 	-5.0119778
-0.53213213 	0.25 	0.455 	61.606352 	-10.724331 	-5.0088832
-0.53333333 	0.25 	0.455 	61.633775 	-10.727234 	-5.0057887
-0.53453453 	0.25 	0.455 	61.661198 	-10.730137 	-5.0026942
-0.53573574 	0.25 	0.455 	61.688389 	-10.73297 	-4.9995328
-0.53693694 	0.25 	0.455 	61.715557 	-10.735797 	-4.996365
-0.53813814 	0.25 	0.455 	61.742725 	-10.738623 	-4.9931971
-0.53933934 	0.25 	0.455 	61.769893 	-10.741449 	-4.9900293
-0.54054054 	0.25 	0.455 	61.797062 	-10.744276 	-4.9868615
-0.54174174 	0.25 	0.455 	61.82423 	-10.747102 	-4.9836937
-0.54294294 	0.25 	0.455 	61.851398 	-10.749928 	-4.9805259
-0.54414414 	0.25 	0.455 	61.878566 	-10.752755 	-4.977358
-0.54534535 	0.25 	0.455 	61.905734 	-10.755581 	-4.9741902
-0.54654655 	0.25 	0.455 	61.932902 	-10.758407 	-4.9710224
-0.54774775 	0.25 	0.455 	61.960063 	-10.761232 	-4.9678557
-0.54894895 	0.25 	0.455 	61.98441 	-10.763569 	-4.9651131
-0.55015015 	0.25 	0.455 	62.008758 	-10.765906 	-4.9623706
-0.55135135 	0.25 	0.455 	62.033105 	-10.768243 	-4.959628
-0.55255255 	0.25 	0.455 	62.057453 	-10.77058 	-4.9568854
-0.55375375 	0.25 	0.455 	62.081801 	-10.772916 	-4.9541429
-0.55495495 	0.25 	0.455 	62.106148 	-10.775253 	-4.9514003
-0.55615616 	0.25 	0.455 	62.130496 	-10.77759 	-4.9486578
-0.55735736 	0.25 	0.455 	62.154843 	-10.779927 	-4.9459152
-0.55855856 	0.25 	0.455 	62.179191 	-10.782263 	-4.9431726
-0.55975976 	0.25 	0.455 	62.202719 	-10.785303 	-4.9403688
-0.56096096 	0.25 	0.455 	62.22358 	-10.790208 	-4.9371791
-0.56216216 	0.25 	0.455 	62.244301 	-10.79505 	-4.9338977
-0.56336336 	0.25 	0.455 	62.265022 	-10.799891 	-4.9306164
-0.56456456 	0.25 	0.455 	62.285744 	-10.804733 	-4.927335
-0.56576577 	0.25 	0.455 	62.306465 	-10.809575 	-4.9240537
-0.56696697 	0.25 	0.455 	62.325157 	-10.813979 	-4.9204221
-0.56816817 	0.25 	0.455 	62.340818 	-10.81773 	-4.9162677
-0.56936937 	0.25 	0.455 	62.356479 	-10.821482 	-4.9121132
-0.57057057 	0.25 	0.455 	62.37214 	-10.825233 	-4.9079588
-0.57177177 	0.25 	0.455 	62.387802 	-10.828985 	-4.9038043
-0.57297297 	0.25 	0.455 	62.403463 	-10.832736 	-4.8996499
-0.57417417 	0.25 	0.455 	62.419124 	-10.836488 	-4.8954954
-0.57537538 	0.25 	0.455 	62.434786 	-10.840239 	-4.891341
-0.57657658 	0.25 	0.455 	62.450447 	-10.843991 	-4.8871865
-0.57777778 	0.25 	0.455 	62.466108 	-10.847742 	-4.8830321
-0.57897898 	0.25 	0.455 	62.490037 	-10.852913 	-4.8786846
-0.58018018 	0.25 	0.455 	62.518919 	-10.858934 	-4.8742215
-0.58138138 	0.25 	0.455 	62.547801 	-10.864955 	-4.8697583
-0.58258258 	0.25 	0.455 	62.576683 	-10.870976 	-4.8652952
-0.58378378 	0.25 	0.455 	62.605565 	-10.876997 	-4.8608321
-0.58498498 	0.25 	0.455 	62.634448 	-10.883019 	-4.8563689
-0.58618619 	0.25 	0.455 	62.66333 	-10.88904 	-4.8519058
-0.58738739 	0.25 	0.455 	62.692212 	-10.895061 	-4.8474426
-0.58858859 	0.25 	0.455 	62.721094 	-10.901082 	-4.8429795
-0.58978979 	0.25 	0.455 	62.749977 	-10.907103 	-4.8385164
-0.59099099 	0.25 	0.455 	62.774618 	-10.90919 	-4.8339661
-0.59219219 	0.25 	0.455 	62.797733 	-10.909861 	-4.8293843
-0.59339339 	0.25 	0.455 	62.820847 	-10.910532 	-4.8248026
-0.59459459 	0.25 	0.455 	62.843962 	-10.911202 	-4.8202209
-0.5957958 	0.25 	0.455 	62.867077 	-10.911873 	-4.8156392
-0.596997 	0.25 	0.455 	62.888381 	-10.911713 	-4.8113193
-0.5981982 	0.25 	0.455 	62.899982 	-10.907181 	-4.8073545
-0.5993994 	0.25 	0.455 	62.911583 	-10.902649 	-4.8033898
-0.6006006 	0.25 	0.455 	62.923183 	-10.898117 	-4.7994251
-0.6018018 	0.25 	0.455 	62.934784 	-10.893584 	-4.7954603
-0.603003 	0.25 	0.455 	62.946385 	-10.889052 	-4.7914956
-0.6042042 	0.25 	0.455 	62.957985 	-10.88452 	-4.7875308
-0.60540541 	0.25 	0.455 	62.969586 	-10.879988 	-4.7835661
-0.60660661 	0.25 	0.455 	62.981187 	-10.875456 	-4.7796014
-0.60780781 	0.25 	0.455 	62.992787 	-10.870924 	-4.7756366
-0.60900901 	0.25 	0.455 	63.00769 	-10.866799 	-4.7715522
-0.61021021 	0.25 	0.455 	63.032792 	-10.863935 	-4.7670982
-0.61141141 	0.25 	0.455 	63.057895 	-10.86107 	-4.7626442
-0.61261261 	0.25 	0.455 	63.082998 	-10.858206 	-4.7581902
-0.61381381 	0.25 	0.455 	63.1081 	-10.855341 	-4.7537361
-0.61501502 	0.25 	0.455 	63.133203 	-10.852477 	-4.7492821
-0.61621622 	0.25 	0.455 	63.158305 	-10.849612 	-4.7448281
-0.61741742 	0.25 	0.455 	63.183408 	-10.846747 	-4.740374
-0.61861862 	0.25 	0.455 	63.208511 	-10.843883 	-4.73592
-0.61981982 	0.25 	0.455 	63.233613 	-10.841018 	-4.731466
-0.62102102 	0.25 	0.455 	63.258224 	-10.838061 	-4.7270146
-0.62222222 	0.25 	0.455 	63.28057 	-10.834697 	-4.7221795
-0.62342342 	0.25 	0.455 	63.302896 	-10.831331 	-4.7173163
-0.62462462 	0.25 	0.455 	63.325222 	-10.827964 	-4.7124532
-0.62582583 	0.25 	0.455 	63.347548 	-10.824597 	-4.70759
-0.62702703 	0.25 	0.455 	63.369874 	-10.821231 	-4.7027269
-0.62822823 	0.25 	0.455 	63.384586 	-10.819547 	-4.6981099
-0.62942943 	0.25 	0.455 	63.398767 	-10.817981 	-4.6935101
-0.63063063 	0.25 	0.455 	63.412949 	-10.816415 	-4.6889103
-0.63183183 	0.25 	0.455 	63.427131 	-10.814849 	-4.6843105
-0.63303303 	0.25 	0.455 	63.441313 	-10.813283 	-4.6797107
-0.63423423 	0.25 	0.455 	63.455495 	-10.811717 	-4.6751109
-0.63543544 	0.25 	0.455 	63.469677 	-10.810151 	-4.6705111
-0.63663664 	0.25 	0.455 	63.483859 	-10.808585 	-4.6659113
-0.63783784 	0.25 	0.455 	63.498041 	-10.807019 	-4.6613115
-0.63903904 	0.25 	0.455 	63.512223 	-10.805453 	-4.6567117
-0.64024024 	0.25 	0.455 	63.535277 	-10.805859 	-4.6520114
-0.64144144 	0.25 	0.455 	63.559777 	-10.806588 	-4.6472947
-0.64264264 	0.25 	0.455 	63.584276 	-10.807316 	-4.642578
-0.64384384 	0.25 	0.455 	63.608776 	-10.808044 	-4.6378613
-0.64504505 	0.25 	0.455 	63.633276 	-10.808772 	-4.6331446
-0.64624625 	0.25 	0.455 	63.657776 	-10.8095 	-4.6284279
-0.64744745 	0.25 	0.455 	63.682275 	-10.810229 	-4.6237112
-0.64864865 	0.25 	0.455 	63.706775 	-10.810957 	-4.6189945
-0.64984985 	0.25 	0.455 	63.731275 	-10.811685 	-4.6142778
-0.65105105 	0.25 	0.455 	63.755775 	-10.812413 	-4.6095611
-0.65225225 	0.25 	0.455 	63.778682 	-10.811639 	-4.6045138
-0.65345345 	0.25 	0.455 	63.800734 	-10.810082 	-4.5992186
-0.65465465 	0.25 	0.455 	63.822786 	-10.808526 	-4.5939235
-0.65585586 	0.25 	0.455 	63.844838 	-10.80697 	-4.5886284
-0.65705706 	0.25 	0.455 	63.86689 	-10.805414 	-4.5833332
-0.65825826 	0.25 	0.455 	63.884808 	-10.802774 	-4.578086
-0.65945946 	0.25 	0.455 	63.900991 	-10.799677 	-4.5728588
-0.66066066 	0.25 	0.455 	63.917174 	-10.796581 	-4.5676316
-0.66186186 	0.25 	0.455 	63.933357 	-10.793485 	-4.5624044
-0.66306306 	0.25 	0.455 	63.94954 	-10.790389 	-4.5571772
-0.66426426 	0.25 	0.455 	63.965723 	-10.787293 	-4.55195
-0.66546547 	0.25 	0.455 	63.981906 	-10.784196 	-4.5467229
-0.66666667 	0.25 	0.455 	63.998088 	-10.7811 	-4.5414957
-0.66786787 	0.25 	0.455 	64.014271 	-10.778004 	-4.5362685
-0.66906907 	0.25 	0.455 	64.030454 	-10.774908 	-4.5310413
-0.67027027 	0.25 	0.455 	64.050279 	-10.772815 	-4.5257037
-0.67147147 	0.25 	0.455 	64.074099 	-10.771822 	-4.5202449
-0.67267267 	0.25 	0.455 	64.097919 	-10.77083 	-4.5147861
-0.67387387 	0.25 	0.455 	64.12174 	-10.769837 	-4.5093274
-0.67507508 	0.25 	0.455 	64.14556 	-10.768845 	-4.5038686
-0.67627628 	0.25 	0.455 	64.16938 	-10.767853 	-4.4984098
-0.67747748 	0.25 	0.455 	64.193201 	-10.76686 	-4.4929511
-0.67867868 	0.25 	0.455 	64.217021 	-10.765868 	-4.4874923
-0.67987988 	0.25 	0.455 	64.240841 	-10.764875 	-4.4820335
-0.68108108 	0.25 	0.455 	64.264662 	-10.763883 	-4.4765747
-0.68228228 	0.25 	0.455 	64.28814 	-10.76263 	-4.4710329
-0.68348348 	0.25 	0.455 	64.309939 	-10.760098 	-4.4650824
-0.68468468 	0.25 	0.455 	64.331737 	-10.757566 	-4.4591319
-0.68588589 	0.25 	0.455 	64.353535 	-10.755034 	-4.4531815
-0.68708709 	0.25 	0.455 	64.375334 	-10.752502 	-4.447231
-0.68828829 	0.25 	0.455 	64.39516 	-10.749026 	-4.4414163
-0.68948949 	0.25 	0.455 	64.412294 	-10.74422 	-4.4357585
-0.69069069 	0.25 	0.455 	64.429428 	-10.739414 	-4.4301008
-0.69189189 	0.25 	0.455 	64.446562 	-10.734608 	-4.4244431
-0.69309309 	0.25 	0.455 	64.463695 	-10.729801 	-4.4187854
-0.69429429 	0.25 	0.455 	64.480829 	-10.724995 	-4.4131277
-0.6954955 	0.25 	0.455 	64.497963 	-10.720189 	-4.40747
-0.6966967 	0.25 	0.455 	64.515097 	-10.715383 	-4.4018123
-0.6978979 	0.25 	0.455 	64.53223 	-10.710576 	-4.3961545
-0.6990991 	0.25 	0.455 	64.549364 	-10.70577 	-4.3904968
-0.7003003 	0.25 	0.455 	64.567073 	-10.70159 	-4.3847626
-0.7015015 	0.25 	0.455 	64.590462 	-10.703589 	-4.3782731
-0.7027027 	0.25 	0.455 	64.613851 	-10.705589 	-4.3717836
-0.7039039 	0.25 	0.455 	64.63724 	-10.707589 	-4.3652942
-0.70510511 	0.25 	0.455 	64.660628 	-10.709588 	-4.3588047
-0.70630631 	0.25 	0.455 	64.684017 	-10.711588 	-4.3523152
-0.70750751 	0.25 	0.455 	64.707406 	-10.713587 	-4.3458257
-0.70870871 	0.25 	0.455 	64.730795 	-10.715587 	-4.3393362
-0.70990991 	0.25 	0.455 	64.754183 	-10.717586 	-4.3328467
-0.71111111 	0.25 	0.455 	64.777572 	-10.719586 	-4.3263573
-0.71231231 	0.25 	0.455 	64.800961 	-10.721586 	-4.3198678
-0.71351351 	0.25 	0.455 	64.82297 	-10.718855 	-4.3132623
-0.71471471 	0.25 	0.455 	64.844969 	-10.714804 	-4.3066496
-0.71591592 	0.25 	0.455 	64.866968 	-10.710753 	-4.3000369
-0.71711712 	0.25 	0.455 	64.888967 	-10.706703 	-4.2934242
-0.71831832 	0.25 	0.455 	64.910939 	-10.702598 	-4.286814
-0.71951952 	0.25 	0.455 	64.929908 	-10.69231 	-4.2804864
-0.72072072 	0.25 	0.455 	64.948876 	-10.682023 	-4.2741588
-0.72192192 	0.25 	0.455 	64.967845 	-10.671736 	-4.2678312
-0.72312312 	0.25 	0.455 	64.986813 	-10.661448 	-4.2615035
-0.72432432 	0.25 	0.455 	65.005782 	-10.651161 	-4.2551759
-0.72552553 	0.25 	0.455 	65.02475 	-10.640874 	-4.2488483
-0.72672673 	0.25 	0.455 	65.043719 	-10.630586 	-4.2425207
-0.72792793 	0.25 	0.455 	65.062688 	-10.620299 	-4.2361931
-0.72912913 	0.25 	0.455 	65.081656 	-10.610012 	-4.2298654
-0.73033033 	0.25 	0.455 	65.100625 	-10.599724 	-4.2235378
-0.73153153 	0.25 	0.455 	65.123297 	-10.594076 	-4.2167656
-0.73273273 	0.25 	0.455 	65.147606 	-10.590478 	-4.2097969
-0.73393393 	0.25 	0.455 	65.171915 	-10.586879 	-4.2028283
-0.73513514 	0.25 	0.455 	65.196223 	-10.58328 	-4.1958596
-0.73633634 	0.25 	0.455 	65.220532 	-10.579681 	-4.188891
-0.73753754 	0.25 	0.455 	65.244841 	-10.576082 	-4.1819223
-0.73873874 	0.25 	0.455 	65.26915 	-10.572484 	-4.1749537
-0.73993994 	0.25 	0.455 	65.293459 	-10.568885 	-4.1679851
-0.74114114 	0.25 	0.455 	65.317767 	-10.565286 	-4.1610164
-0.74234234 	0.25 	0.455 	65.342076 	-10.561687 	-4.1540478
-0.74354354 	0.25 	0.455 	65.367198 	-10.556482 	-4.1471241
-0.74474474 	0.25 	0.455 	65.393631 	-10.548684 	-4.140273
-0.74594595 	0.25 	0.455 	65.420064 	-10.540886 	-4.133422
-0.74714715 	0.25 	0.455 	65.446498 	-10.533088 	-4.1265709
-0.74834835 	0.25 	0.455 	65.472931 	-10.52529 	-4.1197199
-0.74954955 	0.25 	0.455 	65.49537 	-10.512606 	-4.1126039
-0.75075075 	0.25 	0.455 	65.51819 	-10.498165 	-4.1057283
-0.75195195 	0.25 	0.455 	65.54101 	-10.483723 	-4.0988528
-0.75315315 	0.25 	0.455 	65.563829 	-10.469282 	-4.0919772
-0.75435435 	0.25 	0.455 	65.586649 	-10.454841 	-4.0851016
-0.75555556 	0.25 	0.455 	65.609469 	-10.4404 	-4.078226
-0.75675676 	0.25 	0.455 	65.632288 	-10.425959 	-4.0713505
-0.75795796 	0.25 	0.455 	65.655108 	-10.411518 	-4.0644749
-0.75915916 	0.25 	0.455 	65.677928 	-10.397077 	-4.0575993
-0.76036036 	0.25 	0.455 	65.700747 	-10.382636 	-4.0507237
-0.76156156 	0.25 	0.455 	65.727528 	-10.36996 	-4.0438278
-0.76276276 	0.25 	0.455 	65.763411 	-10.361341 	-4.036885
-0.76396396 	0.25 	0.455 	65.794809 	-10.353432 	-4.0300973
-0.76516517 	0.25 	0.455 	65.812922 	-10.347628 	-4.0237686
-0.76636637 	0.25 	0.455 	65.831034 	-10.341824 	-4.01744
-0.76756757 	0.25 	0.455 	65.849094 	-10.336005 	-4.0110363
-0.76876877 	0.25 	0.455 	65.866845 	-10.330093 	-4.0041943
-0.76996997 	0.25 	0.455 	65.884596 	-10.324182 	-3.9973522
-0.77117117 	0.25 	0.455 	65.902347 	-10.318271 	-3.9905101
-0.77237237 	0.25 	0.455 	65.920098 	-10.312359 	-3.9836681
-0.77357357 	0.25 	0.455 	65.937849 	-10.306448 	-3.976826
-0.77477477 	0.25 	0.455 	65.948997 	-10.302462 	-3.9697813
-0.77597598 	0.25 	0.455 	65.956145 	-10.299643 	-3.9626139
-0.77717718 	0.25 	0.455 	65.976454 	-10.304068 	-3.9551248
-0.77837838 	0.25 	0.455 	66.005399 	-10.313247 	-3.9474247
-0.77957958 	0.25 	0.455 	66.027184 	-10.309512 	-3.9395518
-0.78078078 	0.25 	0.455 	66.044112 	-10.297015 	-3.9315619
-0.78198198 	0.25 	0.455 	66.061039 	-10.284518 	-3.9235719
-0.78318318 	0.25 	0.455 	66.077966 	-10.272021 	-3.915582
-0.78438438 	0.25 	0.455 	66.094893 	-10.259524 	-3.9075921
-0.78558559 	0.25 	0.455 	66.111826 	-10.247031 	-3.8996445
-0.78678679 	0.25 	0.455 	66.12885 	-10.234602 	-3.8923673
-0.78798799 	0.25 	0.455 	66.145875 	-10.222173 	-3.8850901
-0.78918919 	0.25 	0.455 	66.162899 	-10.209745 	-3.8778129
-0.79039039 	0.25 	0.455 	66.174788 	-10.175786 	-3.870592
-0.79159159 	0.25 	0.455 	66.186048 	-10.139188 	-3.8633779
-0.79279279 	0.25 	0.455 	66.215922 	-10.112136 	-3.8544065
-0.79399399 	0.25 	0.455 	66.247847 	-10.086137 	-3.8452414
-0.7951952 	0.25 	0.455 	66.266062 	-10.067985 	-3.8371018
-0.7963964 	0.25 	0.455 	66.282989 	-10.05057 	-3.8290585
-0.7975976 	0.25 	0.455 	66.299916 	-10.033156 	-3.8210152
-0.7987988 	0.25 	0.455 	66.316843 	-10.015742 	-3.8129719
-0.8 	0.25 	0.455 	66.33377 	-9.9983271 	-3.8049286
-0.8012012 	0.25 	0.455 	66.350748 	-9.9808763 	-3.7971387
-0.8024024 	0.25 	0.455 	66.367819 	-9.9633597 	-3.7898089
-0.8036036 	0.25 	0.455 	66.38489 	-9.945843 	-3.7824791
-0.8048048 	0.25 	0.455 	66.400423 	-9.9301545 	-3.7752169
-0.80600601 	0.25 	0.455 	66.409488 	-9.9221545 	-3.7682389
-0.80720721 	0.25 	0.455 	66.424124 	-9.9136308 	-3.7609288
-0.80840841 	0.25 	0.455 	66.461664 	-9.9029539 	-3.7522533
-0.80960961 	0.25 	0.455 	66.494775 	-9.8918118 	-3.7436883
-0.81081081 	0.25 	0.455 	66.509629 	-9.8787523 	-3.7355784
-0.81201201 	0.25 	0.455 	66.524483 	-9.8656929 	-3.7274685
-0.81321321 	0.25 	0.455 	66.539338 	-9.8526334 	-3.7193586
-0.81441441 	0.25 	0.455 	66.554192 	-9.8395739 	-3.7112487
-0.81561562 	0.25 	0.455 	66.569046 	-9.8265145 	-3.7031388
-0.81681682 	0.25 	0.455 	66.584021 	-9.8134631 	-3.6954872
-0.81801802 	0.25 	0.455 	66.599061 	-9.8004162 	-3.6880836
-0.81921922 	0.25 	0.455 	66.6141 	-9.7873693 	-3.68068
-0.82042042 	0.25 	0.455 	66.623156 	-9.7728728 	-3.6733709
-0.82162162 	0.25 	0.455 	66.626281 	-9.7569397 	-3.6661554
-0.82282282 	0.25 	0.455 	66.64473 	-9.7394988 	-3.6582593
-0.82402402 	0.25 	0.455 	66.679231 	-9.7204784 	-3.6496504
-0.82522523 	0.25 	0.455 	66.702899 	-9.7031128 	-3.6414774
-0.82642643 	0.25 	0.455 	66.714426 	-9.6876016 	-3.6337929
-0.82762763 	0.25 	0.455 	66.725953 	-9.6720903 	-3.6261085
-0.82882883 	0.25 	0.455 	66.737427 	-9.656556 	-3.6181815
-0.83003003 	0.25 	0.455 	66.748795 	-9.6409739 	-3.6097536
-0.83123123 	0.25 	0.455 	66.760162 	-9.6253919 	-3.6013258
-0.83243243 	0.25 	0.455 	66.77153 	-9.6098098 	-3.592898
-0.83363363 	0.25 	0.455 	66.782897 	-9.5942278 	-3.5844701
-0.83483483 	0.25 	0.455 	66.794265 	-9.5786457 	-3.5760423
-0.83603604 	0.25 	0.455 	66.79639 	-9.565838 	-3.5681787
-0.83723724 	0.25 	0.455 	66.796199 	-9.5537255 	-3.5604566
-0.83843844 	0.25 	0.455 	66.820692 	-9.5372796 	-3.5520162
-0.83963964 	0.25 	0.455 	66.852188 	-9.5196045 	-3.543372
-0.84084084 	0.25 	0.455 	66.86727 	-9.5011627 	-3.5345511
-0.84204204 	0.25 	0.455 	66.877136 	-9.4824772 	-3.525674
-0.84324324 	0.25 	0.455 	66.887001 	-9.4637918 	-3.5167969
-0.84444444 	0.25 	0.455 	66.896866 	-9.4451063 	-3.5079198
-0.84564565 	0.25 	0.455 	66.906731 	-9.4264208 	-3.4990427
-0.84684685 	0.25 	0.455 	66.916635 	-9.4077422 	-3.4903451
-0.84804805 	0.25 	0.455 	66.926666 	-9.3890862 	-3.4822413
-0.84924925 	0.25 	0.455 	66.936697 	-9.3704302 	-3.4741375
-0.85045045 	0.25 	0.455 	66.945904 	-9.3516805 	-3.4660385
-0.85165165 	0.25 	0.455 	66.94707 	-9.3320156 	-3.4579859
-0.85285285 	0.25 	0.455 	66.949974 	-9.3120461 	-3.4498867
-0.85405405 	0.25 	0.455 	66.975458 	-9.2881181 	-3.4411799
-0.85525526 	0.25 	0.455 	67.000044 	-9.2643698 	-3.4324292
-0.85645646 	0.25 	0.455 	67.008926 	-9.2437632 	-3.4229096
-0.85765766 	0.25 	0.455 	67.017807 	-9.2231566 	-3.4133899
-0.85885886 	0.25 	0.455 	67.026689 	-9.20255 	-3.4038702
-0.86006006 	0.25 	0.455 	67.035571 	-9.1819434 	-3.3943505
-0.86126126 	0.25 	0.455 	67.044453 	-9.1613367 	-3.3848308
-0.86246246 	0.25 	0.455 	67.053441 	-9.1407706 	-3.3757477
-0.86366366 	0.25 	0.455 	67.062525 	-9.1202412 	-3.3670606
-0.86486486 	0.25 	0.455 	67.071609 	-9.0997118 	-3.3583735
-0.86606607 	0.25 	0.455 	67.078443 	-9.0806999 	-3.3495024
-0.86726727 	0.25 	0.455 	67.08141 	-9.0642961 	-3.3403152
-0.86846847 	0.25 	0.455 	67.089876 	-9.0484922 	-3.3311869
-0.86966967 	0.25 	0.455 	67.107964 	-9.0337379 	-3.3221618
-0.87087087 	0.25 	0.455 	67.124736 	-9.0163248 	-3.3129685
-0.87207207 	0.25 	0.455 	67.139317 	-8.9944881 	-3.3034954
-0.87327327 	0.25 	0.455 	67.153898 	-8.9726514 	-3.2940223
-0.87447447 	0.25 	0.455 	67.168479 	-8.9508147 	-3.2845492
-0.87567568 	0.25 	0.455 	67.183061 	-8.928978 	-3.2750761
-0.87687688 	0.25 	0.455 	67.197642 	-8.9071413 	-3.265603
-0.87807808 	0.25 	0.455 	67.212534 	-8.8853554 	-3.2568254
-0.87927928 	0.25 	0.455 	67.227495 	-8.8635809 	-3.2482052
-0.88048048 	0.25 	0.455 	67.242457 	-8.8418064 	-3.2395849
-0.88168168 	0.25 	0.455 	67.255592 	-8.8160745 	-3.2304827
-0.88288288 	0.25 	0.455 	67.267418 	-8.7875093 	-3.2210356
-0.88408408 	0.25 	0.455 	67.274881 	-8.7616584 	-3.2114452
-0.88528529 	0.25 	0.455 	67.280024 	-8.737251 	-3.2017787
-0.88648649 	0.25 	0.455 	67.273446 	-8.7147782 	-3.191786
-0.88768769 	0.25 	0.455 	67.263114 	-8.6929249 	-3.1815641
-0.88888889 	0.25 	0.455 	67.253132 	-8.6710108 	-3.1705199
-0.89009009 	0.25 	0.455 	67.243149 	-8.6490967 	-3.1594756
-0.89129129 	0.25 	0.455 	67.246845 	-8.6252396 	-3.1486598
-0.89249249 	0.25 	0.455 	67.28224 	-8.5968795 	-3.1383733
-0.89369369 	0.25 	0.455 	67.316669 	-8.5683981 	-3.1274482
-0.89489489 	0.25 	0.455 	67.350555 	-8.5398488 	-3.1161646
-0.8960961 	0.25 	0.455 	67.384441 	-8.5112994 	-3.1048811
-0.8972973 	0.25 	0.455 	67.409852 	-8.4833428 	-3.0940034
-0.8984985 	0.25 	0.455 	67.432244 	-8.4555975 	-3.0832703
-0.8996997 	0.25 	0.455 	67.428545 	-8.4343012 	-3.0731495
-0.9009009 	0.25 	0.455 	67.420428 	-8.4121986 	-3.0631093
-0.9021021 	0.25 	0.455 	67.400139 	-8.3854284 	-3.0532608
-0.9033033 	0.25 	0.455 	67.380156 	-8.3585755 	-3.0429342
-0.9045045 	0.25 	0.455 	67.360478 	-8.3316405 	-3.0321328
-0.90570571 	0.25 	0.455 	67.3408 	-8.3047055 	-3.0213314
-0.90690691 	0.25 	0.455 	67.357814 	-8.2714914 	-3.0106894
-0.90810811 	0.25 	0.455 	67.399841 	-8.2339971 	-3.0001561
-0.90930931 	0.25 	0.455 	67.440654 	-8.1967189 	-2.9887214
-0.91051051 	0.25 	0.455 	67.481264 	-8.1594769 	-2.9771356
-0.91171171 	0.25 	0.455 	67.521875 	-8.1222348 	-2.9655497
-0.91291291 	0.25 	0.455 	67.553362 	-8.0824925 	-2.9544815
-0.91411411 	0.25 	0.455 	67.573913 	-8.0433865 	-2.943557
-0.91531532 	0.25 	0.455 	67.563135 	-8.0072201 	-2.932898
-0.91651652 	0.25 	0.455 	67.551565 	-7.9726283 	-2.9225925
-0.91771772 	0.25 	0.455 	67.539462 	-7.9390934 	-2.9125243
-0.91891892 	0.25 	0.455 	67.52787 	-7.906029 	-2.9016298
-0.92012012 	0.25 	0.455 	67.516381 	-7.873059 	-2.8905697
-0.92132132 	0.25 	0.455 	67.504892 	-7.840089 	-2.8795096
-0.92252252 	0.25 	0.455 	67.524415 	-7.8022686 	-2.870141
-0.92372372 	0.25 	0.455 	67.548103 	-7.7637758 	-2.860896
-0.92492492 	0.25 	0.455 	67.571099 	-7.7252396 	-2.8508655
-0.92612613 	0.25 	0.455 	67.594095 	-7.6867035 	-2.840835
-0.92732733 	0.25 	0.455 	67.615301 	-7.6480861 	-2.8307306
-0.92852853 	0.25 	0.455 	67.627573 	-7.6090637 	-2.8202575
-0.92972973 	0.25 	0.455 	67.611157 	-7.553746 	-2.8091232
-0.93093093 	0.25 	0.455 	67.568173 	-7.4833369 	-2.7973765
-0.93213213 	0.25 	0.455 	67.57204 	-7.4365392 	-2.7852008
-0.93333333 	0.25 	0.455 	67.581524 	-7.3925715 	-2.7729737
-0.93453453 	0.25 	0.455 	67.591199 	-7.3488503 	-2.7614937
-0.93573574 	0.25 	0.455 	67.64011 	-7.3333965 	-2.7508525
-0.93693694 	0.25 	0.455 	67.689647 	-7.3201375 	-2.7402944
-0.93813814 	0.25 	0.455 	67.676239 	-7.2704981 	-2.7291729
-0.93933934 	0.25 	0.455 	67.69689 	-7.2293134 	-2.7178854
-0.94054054 	0.25 	0.455 	67.738722 	-7.1933867 	-2.7064947
-0.94174174 	0.25 	0.455 	67.780897 	-7.1574619 	-2.6954968
-0.94294294 	0.25 	0.455 	67.832242 	-7.1230048 	-2.6850463
-0.94414414 	0.25 	0.455 	67.903209 	-7.0918752 	-2.6744545
-0.94534535 	0.25 	0.455 	67.909734 	-7.0347571 	-2.6637746
-0.94654655 	0.25 	0.455 	67.92218 	-6.9809386 	-2.6527387
-0.94774775 	0.25 	0.455 	67.975555 	-6.945395 	-2.6410524
-0.94894895 	0.25 	0.455 	68.028959 	-6.9098517 	-2.6293988
-0.95015015 	0.25 	0.455 	68.083267 	-6.8743141 	-2.6187509
-0.95135135 	0.25 	0.455 	68.170193 	-6.8623891 	-2.6075689
-0.95255255 	0.25 	0.455 	68.219429 	-6.8513882 	-2.5961736
-0.95375375 	0.25 	0.455 	68.219812 	-6.838011 	-2.5845789
-0.95495495 	0.25 	0.455 	68.288203 	-6.8017632 	-2.5727018
-0.95615616 	0.25 	0.455 	68.356595 	-6.7655154 	-2.5608248
-0.95735736 	0.25 	0.455 	68.425651 	-6.7293383 	-2.5496659
-0.95855856 	0.25 	0.455 	68.511825 	-6.6818596 	-2.5388189
-0.95975976 	0.25 	0.455 	68.608667 	-6.6240446 	-2.527859
-0.96096096 	0.25 	0.455 	68.62107 	-6.5928885 	-2.5161573
-0.96216216 	0.25 	0.455 	68.687296 	-6.5490177 	-2.5040362
-0.96336336 	0.25 	0.455 	68.770409 	-6.5011576 	-2.4917834
-0.96456456 	0.25 	0.455 	68.853841 	-6.4532584 	-2.4798804
-0.96576577 	0.25 	0.455 	68.938247 	-6.4051218 	-2.4687174
-0.96696697 	0.25 	0.455 	69.058644 	-6.3381982 	-2.4573343
-0.96816817 	0.25 	0.455 	69.111266 	-6.3018701 	-2.4450943
-0.96936937 	0.25 	0.455 	69.162967 	-6.2697683 	-2.4327726
-0.97057057 	0.25 	0.455 	69.246704 	-6.2284061 	-2.4207606
-0.97177177 	0.25 	0.455 	69.330441 	-6.1870439 	-2.4087486
-0.97297297 	0.25 	0.455 	69.414958 	-6.1456571 	-2.3977507
-0.97417417 	0.25 	0.455 	69.530042 	-6.0840991 	-2.3871242
-0.97537538 	0.25 	0.455 	69.622568 	-6.0202335 	-2.3754475
-0.97657658 	0.25 	0.455 	69.665008 	-5.9587795 	-2.3618003
-0.97777778 	0.25 	0.455 	69.747522 	-5.9166882 	-2.34963
-0.97897898 	0.25 	0.455 	69.837325 	-5.878119 	-2.3377285
-0.98018018 	0.25 	0.455 	69.927644 	-5.8395371 	-2.3264605
-0.98138138 	0.25 	0.455 	70.031173 	-5.8059712 	-2.3161464
-0.98258258 	0.25 	0.455 	70.150507 	-5.7785907 	-2.306448
-0.98378378 	0.25 	0.455 	70.222432 	-5.7064091 	-2.2916033
-0.98498498 	0.25 	0.455 	70.316193 	-5.6573406 	-2.278674
-0.98618619 	0.25 	0.455 	70.419014 	-5.6178603 	-2.2665395
-0.98738739 	0.25 	0.455 	70.522079 	-5.5783825 	-2.2546812
-0.98858859 	0.25 	0.455 	70.625907 	-5.5389122 	-2.243682
-0.98978979 	0.25 	0.455 	70.735231 	-5.5087799 	-2.2334442
-0.99099099 	0.25 	0.455 	70.838898 	-5.4389913 	-2.2201357
-0.99219219 	0.25 	0.455 	70.948217 	-5.397683 	-2.208053
-0.99339339 	0.25 	0.455 	71.057856 	-5.3578482 	-2.1960586
-0.99459459 	0.25 	0.455 	71.167494 	-5.3180134 	-2.1840642
-0.9957958 	0.25 	0.455 	71.277867 	-5.2782864 	-2.1730561
-0.996997 	0.25 	0.455 	71.388329 	-5.2385725 	-2.1621694
-0.9981982 	0.25 	0.455 	71.495736 	-5.1868151 	-2.1503073
-0.9993994 	0.25 	0.455 	71.600665 	-5.1199282 	-2.1382456
-1.0006006 	0.25 	0.455 	71.705753 	-5.0549875 	-2.1263619
-1.0018018 	0.25 	0.455 	71.810842 	-4.9900468 	-2.1144782
-1.003003 	0.25 	0.455 	71.91593 	-4.9251062 	-2.1025945
-1.0042042 	0.25 	0.455 	72.020002 	-4.8601441 	-2.0913434
-1.0054054 	0.25 	0.455 	72.122785 	-4.8683928 	-2.0850784
-1.0066066 	0.25 	0.455 	72.225485 	-4.8835452 	-2.0792593
-1.0078078 	0.25 	0.455 	72.350769 	-4.8366581 	-2.0629644
-1.009009 	0.25 	0.455 	72.481242 	-4.7827878 	-2.0458322
-1.0102102 	0.25 	0.455 	72.666586 	-4.7059655 	-2.0299109
-1.0114114 	0.25 	0.455 	72.851447 	-4.6293532 	-2.0133873
-1.0126126 	0.25 	0.455 	73.006635 	-4.5553696 	-2.0010534
-1.0138138 	0.25 	0.455 	73.140631 	-4.4923728 	-1.9891516
-1.015015 	0.25 	0.455 	73.227856 	-4.4647454 	-1.9750778
-1.0162162 	0.25 	0.455 	73.367156 	-4.4041957 	-1.9630313
-1.0174174 	0.25 	0.455 	73.511322 	-4.3401702 	-1.9502786
-1.0186186 	0.25 	0.455 	73.6552 	-4.276197 	-1.9372238
-1.0198198 	0.25 	0.455 	73.799078 	-4.2122239 	-1.9241689
-1.021021 	0.25 	0.455 	73.940968 	-4.1399081 	-1.9119013
-1.0222222 	0.25 	0.455 	74.0711 	-4.0816965 	-1.8996129
-1.0234234 	0.25 	0.455 	74.21821 	-4.0125821 	-1.8876602
-1.0246246 	0.25 	0.455 	74.37916 	-3.9454657 	-1.8747381
-1.0258258 	0.25 	0.455 	74.543378 	-3.8789159 	-1.8612227
-1.027027 	0.25 	0.455 	74.707596 	-3.8123662 	-1.8477072
-1.0282282 	0.25 	0.455 	74.462842 	-3.7317647 	-1.8413806
-1.0294294 	0.25 	0.455 	74.816077 	-3.6656507 	-1.8249902
-1.0306306 	0.25 	0.455 	75.225036 	-3.6010342 	-1.8078814
-1.0318318 	0.25 	0.455 	75.391001 	-3.5300402 	-1.7950679
-1.033033 	0.25 	0.455 	75.556169 	-3.4591077 	-1.7813448
-1.0342342 	0.25 	0.455 	75.362578 	-3.3743364 	-1.7742061
-1.0354354 	0.25 	0.455 	74.991859 	-3.282728 	-1.7703275
-1.0366366 	0.25 	0.455 	75.094507 	-3.2056539 	-1.7581439
-1.0378378 	0.25 	0.455 	75.645646 	-3.1424275 	-1.7379008
-1.039039 	0.25 	0.455 	76.13362 	-3.0775877 	-1.7186464
-1.0402402 	0.25 	0.455 	76.241279 	-2.9931179 	-1.7040046
-1.0414414 	0.25 	0.455 	75.920706 	-2.8934688 	-1.6969679
-1.0426426 	0.25 	0.455 	75.600133 	-2.7938196 	-1.6899311
-1.0438438 	0.25 	0.455 	75.730281 	-2.7393609 	-1.6768054
-1.045045 	0.25 	0.455 	76.088546 	-2.7077736 	-1.660598
-1.0462462 	0.25 	0.455 	76.431301 	-2.6729769 	-1.6447337
-1.0474474 	0.25 	0.455 	76.482956 	-2.5779624 	-1.6350818
-1.0486486 	0.25 	0.455 	76.533682 	-2.4828651 	-1.6244796
-1.0498498 	0.25 	0.455 	76.584407 	-2.3877679 	-1.6138774
-1.0510511 	0.25 	0.455 	76.635133 	-2.2926706 	-1.6032751
-1.0522523 	0.25 	0.455 	76.506761 	-2.1571298 	-1.5967327
-1.0534535 	0.25 	0.455 	76.405211 	-2.006166 	-1.5891529
-1.0546547 	0.25 	0.455 	76.827393 	-1.8598557 	-1.5669544
-1.0558559 	0.25 	0.455 	76.965061 	-1.7217907 	-1.5520015
-1.0570571 	0.25 	0.455 	77.100374 	-1.5841405 	-1.5355493
-1.0582583 	0.25 	0.455 	77.235639 	-1.4464986 	-1.5190669
-1.0594595 	0.25 	0.455 	77.319544 	-1.3102543 	-1.5036692
-1.0606607 	0.25 	0.455 	77.465746 	-1.1965473 	-1.4904168
-1.0618619 	0.25 	0.455 	77.590277 	-1.0790415 	-1.4776251
-1.0630631 	0.25 	0.455 	77.714138 	-0.96165399 	-1.464282
-1.0642643 	0.25 	0.455 	77.832957 	-0.84568507 	-1.450254
-1.0654655 	0.25 	0.455 	77.947796 	-0.73092746 	-1.4362876
-1.0666667 	0.25 	0.455 	77.973586 	-0.61068081 	-1.4236941
-1.0678679 	0.25 	0.455 	78.227861 	-0.48529887 	-1.4081073
-1.0690691 	0.25 	0.455 	78.373626 	-0.35127165 	-1.3945122
-1.0702703 	0.25 	0.455 	78.518857 	-0.21731785 	-1.3805177
-1.0714715 	0.25 	0.455 	78.662831 	-0.083537366 	-1.3655802
-1.0726727 	0.25 	0.455 	78.806805 	0.05024312 	-1.3506427
-1.0738739 	0.25 	0.455 	78.869107 	0.18820741 	-1.3372181
-1.0750751 	0.25 	0.455 	79.127414 	0.33586614 	-1.3206823
-1.0762763 	0.25 	0.455 	79.300643 	0.49439425 	-1.3062983
-1.0774775 	0.25 	0.455 	79.455063 	0.65367969 	-1.2922659
-1.0786787 	0.25 	0.455 	79.60748 	0.81269492 	-1.2769044
-1.0798799 	0.25 	0.455 	79.759861 	0.97170521 	-1.2615185
-1.0810811 	0.25 	0.455 	79.912241 	1.1307155 	-1.2461327
-1.0822823 	0.25 	0.455 	79.86629 	1.3077954 	-1.2346104
-1.0834835 	0.25 	0.455 	80.270419 	1.4835526 	-1.2157432
-1.0846847 	0.25 	0.455 	80.436268 	1.6583048 	-1.2014122
-1.0858859 	0.25 	0.455 	80.600382 	1.8327009 	-1.1860314
-1.0870871 	0.25 	0.455 	80.764041 	2.0070035 	-1.1703754
-1.0882883 	0.25 	0.455 	80.92769 	2.1813118 	-1.1547179
-1.0894895 	0.25 	0.455 	81.090383 	2.3639476 	-1.1387559
-1.0906907 	0.25 	0.455 	81.270436 	2.5850161 	-1.1217386
-1.0918919 	0.25 	0.455 	81.450229 	2.806017 	-1.1045774
-1.0930931 	0.25 	0.455 	81.627442 	3.026346 	-1.0859819
-1.0942943 	0.25 	0.455 	81.804655 	3.2466749 	-1.0673863
-1.0954955 	0.25 	0.455 	81.861867 	3.4871628 	-1.0483324
-1.0966967 	0.25 	0.455 	82.027181 	3.6539997 	-1.0360262
-1.0978979 	0.25 	0.455 	82.163365 	3.8133825 	-1.0233308
-1.0990991 	0.25 	0.455 	82.282481 	3.9709039 	-1.0103411
-1.1003003 	0.25 	0.455 	82.400719 	4.1284322 	-0.99674031
-1.1015015 	0.25 	0.455 	82.518025 	4.2859679 	-0.98249076
-1.1027027 	0.25 	0.455 	82.635331 	4.4435035 	-0.96824122
-1.1039039 	0.25 	0.455 	82.676697 	4.5957184 	-0.95472178
-1.1051051 	0.25 	0.455 	82.715152 	4.7477292 	-0.94123034
-1.1063063 	0.25 	0.455 	82.829089 	4.874229 	-0.92475147
-1.1075075 	0.25 	0.455 	83.058447 	4.9611417 	-0.90358827
-1.1087087 	0.25 	0.455 	83.286706 	5.0486991 	-0.88242217
-1.1099099 	0.25 	0.455 	83.383958 	5.2676575 	-0.86365646
-1.1111111 	0.25 	0.455 	83.373255 	5.612492 	-0.84833688
-1.1123123 	0.25 	0.455 	83.348059 	5.9693505 	-0.83344058
-1.1135135 	0.25 	0.455 	83.400748 	6.2185496 	-0.81792451
-1.1147147 	0.25 	0.455 	83.527673 	6.3651309 	-0.80181771
-1.1159159 	0.25 	0.455 	83.572735 	6.5943736 	-0.78643149
-1.1171171 	0.25 	0.455 	83.595694 	6.8429059 	-0.76986133
-1.1183183 	0.25 	0.455 	83.618563 	7.091384 	-0.75322606
-1.1195195 	0.25 	0.455 	83.641432 	7.339862 	-0.73659078
-1.1207207 	0.25 	0.455 	83.664249 	7.5968856 	-0.7200039
-1.1219219 	0.25 	0.455 	83.704733 	7.8723 	-0.70348016
-1.1231231 	0.25 	0.455 	83.745217 	8.1477143 	-0.68695643
-1.1243243 	0.25 	0.455 	83.784298 	8.4218586 	-0.66939011
-1.1255255 	0.25 	0.455 	83.822851 	8.6955243 	-0.65143098
-1.1267267 	0.25 	0.455 	83.876227 	9.0086773 	-0.63494195
-1.1279279 	0.25 	0.455 	83.947013 	9.3754736 	-0.6204728
-1.1291291 	0.25 	0.455 	83.937561 	9.6029175 	-0.60104865
-1.1303303 	0.25 	0.455 	83.936313 	9.8839835 	-0.58135537
-1.1315315 	0.25 	0.455 	83.952118 	10.284916 	-0.55987078
-1.1327327 	0.25 	0.455 	84.001882 	10.752102 	-0.5400035
-1.1339339 	0.25 	0.455 	84.101336 	11.315551 	-0.52332674
-1.1351351 	0.25 	0.455 	84.166989 	11.805998 	-0.50694042
-1.1363363 	0.25 	0.455 	84.129172 	12.0735 	-0.49143048
-1.1375375 	0.25 	0.455 	84.09145 	12.341098 	-0.47592238
-1.1387387 	0.25 	0.455 	84.077039 	12.65754 	-0.46090474
-1.1399399 	0.25 	0.455 	84.074832 	13.000248 	-0.44579469
-1.1411411 	0.25 	0.455 	84.074278 	13.34646 	-0.43067591
-1.1423423 	0.25 	0.455 	84.119945 	13.790691 	-0.41531295
-1.1435435 	0.25 	0.455 	84.165613 	14.234923 	-0.39994999
-1.1447447 	0.25 	0.455 	84.10477 	14.747876 	-0.38327769
-1.1459459 	0.25 	0.455 	84.050217 	15.246561 	-0.36622828
-1.1471471 	0.25 	0.455 	84.018221 	15.718604 	-0.34891837
-1.1483483 	0.25 	0.455 	83.986335 	16.19088 	-0.33169422
-1.1495495 	0.25 	0.455 	83.956238 	16.66695 	-0.31587454
-1.1507508 	0.25 	0.455 	84.004745 	17.075655 	-0.29936022
-1.151952 	0.25 	0.455 	84.012879 	17.534509 	-0.28321492
-1.1531532 	0.25 	0.455 	83.96463 	18.061111 	-0.26758315
-1.1543544 	0.25 	0.455 	83.893346 	18.566208 	-0.24997417
-1.1555556 	0.25 	0.455 	83.821175 	19.070477 	-0.23228911
-1.1567568 	0.25 	0.455 	83.749862 	19.577466 	-0.21540819
-1.157958 	0.25 	0.455 	83.682828 	20.070658 	-0.19853123
-1.1591592 	0.25 	0.455 	83.626742 	20.516779 	-0.17993898
-1.1603604 	0.25 	0.455 	83.503581 	21.065122 	-0.16266896
-1.1615616 	0.25 	0.455 	83.345273 	21.61296 	-0.14459559
-1.1627628 	0.25 	0.455 	83.167804 	22.15532 	-0.12594031
-1.163964 	0.25 	0.455 	82.990396 	22.697954 	-0.10736323
-1.1651652 	0.25 	0.455 	82.814045 	23.24538 	-0.09015427
-1.1663664 	0.25 	0.455 	82.608614 	23.735346 	-0.071374149
-1.1675676 	0.25 	0.455 	82.388374 	24.224644 	-0.053081203
-1.1687688 	0.25 	0.455 	82.153854 	24.726833 	-0.035867449
-1.16997 	0.25 	0.455 	81.866664 	25.258632 	-0.01742622
-1.1711712 	0.25 	0.455 	81.569746 	25.795899 	0.0012417148
-1.1723724 	0.25 	0.455 	81.273105 	26.336039 	0.019131421
-1.1735736 	0.25 	0.455 	80.921892 	26.855265 	0.037006815
-1.1747748 	0.25 	0.455 	80.537853 	27.360477 	0.055277171
-1.175976 	0.25 	0.455 	80.140056 	27.888692 	0.072685734
-1.1771772 	0.25 	0.455 	79.74065 	28.419597 	0.089993508
-1.1783784 	0.25 	0.455 	79.277386 	28.921627 	0.10786925
-1.1795796 	0.25 	0.455 	78.807167 	29.420513 	0.12580683
-1.1807808 	0.25 	0.455 	78.300171 	29.903321 	0.1425252
-1.181982 	0.25 	0.455 	77.747367 	30.359166 	0.15922423
-1.1831832 	0.25 	0.455 	77.191391 	30.804876 	0.17578401
-1.1843844 	0.25 	0.455 	76.626608 	31.22245 	0.19195724
-1.1855856 	0.25 	0.455 	76.061826 	31.640024 	0.20813047
-1.1867868 	0.25 	0.455 	75.219656 	31.986394 	0.22660863
-1.187988 	0.25 	0.455 	74.339341 	32.313875 	0.244186
-1.1891892 	0.25 	0.455 	73.406693 	32.585316 	0.25934646
-1.1903904 	0.25 	0.455 	72.474045 	32.856757 	0.27450693
-1.1915916 	0.25 	0.455 	71.72616 	32.99711 	0.28631605
-1.1927928 	0.25 	0.455 	71.013671 	33.11235 	0.29748313
-1.193994 	0.25 	0.455 	70.308099 	33.21653 	0.30845578
-1.1951952 	0.25 	0.455 	69.6651 	33.220654 	0.31766948
-1.1963964 	0.25 	0.455 	69.0221 	33.224778 	0.32688317
-1.1975976 	0.25 	0.455 	68.380605 	33.227213 	0.33649188
-1.1987988 	0.25 	0.455 	67.740642 	33.22793 	0.34650264
-1.2 	0.25 	0.455 	67.100679 	33.228647 	0.35651339
