-1.2 	-0.05 	0.455 	45.354283 	-1.9566861 	2.7640885
-1.1987988 	-0.05 	0.455 	45.351962 	-1.982031 	2.7714609
-1.1975976 	-0.05 	0.455 	45.349641 	-2.0073759 	2.7788332
-1.1963964 	-0.05 	0.455 	45.347319 	-2.0327208 	2.7862056
-1.1951952 	-0.05 	0.455 	45.344998 	-2.0580657 	2.7935779
-1.193994 	-0.05 	0.455 	45.342677 	-2.0834106 	2.8009503
-1.1927928 	-0.05 	0.455 	45.340355 	-2.1087555 	2.8083226
-1.1915916 	-0.05 	0.455 	45.338034 	-2.1341004 	2.815695
-1.1903904 	-0.05 	0.455 	45.335713 	-2.1594453 	2.8230673
-1.1891892 	-0.05 	0.455 	45.333975 	-2.1846929 	2.8309592
-1.187988 	-0.05 	0.455 	45.332271 	-2.2099349 	2.8388802
-1.1867868 	-0.05 	0.455 	45.330566 	-2.235177 	2.8468011
-1.1855856 	-0.05 	0.455 	45.328861 	-2.2604191 	2.854722
-1.1843844 	-0.05 	0.455 	45.327156 	-2.2856611 	2.862643
-1.1831832 	-0.05 	0.455 	45.325451 	-2.3109032 	2.8705639
-1.181982 	-0.05 	0.455 	45.323746 	-2.3361453 	2.8784848
-1.1807808 	-0.05 	0.455 	45.322042 	-2.3613873 	2.8864058
-1.1795796 	-0.05 	0.455 	45.320337 	-2.3866294 	2.8943267
-1.1783784 	-0.05 	0.455 	45.318632 	-2.4118715 	2.9022476
-1.1771772 	-0.05 	0.455 	45.316927 	-2.4371135 	2.9101686
-1.175976 	-0.05 	0.455 	45.315222 	-2.4623556 	2.9180895
-1.1747748 	-0.05 	0.455 	45.313518 	-2.4875977 	2.9260105
-1.1735736 	-0.05 	0.455 	45.311813 	-2.5128398 	2.9339314
-1.1723724 	-0.05 	0.455 	45.310108 	-2.5380818 	2.9418523
-1.1711712 	-0.05 	0.455 	45.308403 	-2.5633239 	2.9497733
-1.16997 	-0.05 	0.455 	45.306698 	-2.588566 	2.9576942
-1.1687688 	-0.05 	0.455 	45.304994 	-2.613808 	2.9656151
-1.1675676 	-0.05 	0.455 	45.303289 	-2.6390501 	2.9735361
-1.1663664 	-0.05 	0.455 	45.301584 	-2.6642922 	2.981457
-1.1651652 	-0.05 	0.455 	45.299879 	-2.6895342 	2.989378
-1.163964 	-0.05 	0.455 	45.298174 	-2.7147763 	2.9972989
-1.1627628 	-0.05 	0.455 	45.29647 	-2.7400184 	3.0052198
-1.1615616 	-0.05 	0.455 	45.294765 	-2.7652604 	3.0131408
-1.1603604 	-0.05 	0.455 	45.29306 	-2.7905025 	3.0210617
-1.1591592 	-0.05 	0.455 	45.291355 	-2.8157446 	3.0289826
-1.157958 	-0.05 	0.455 	45.30478 	-2.8387196 	3.0370302
-1.1567568 	-0.05 	0.455 	45.319015 	-2.8615734 	3.0450846
-1.1555556 	-0.05 	0.455 	45.333249 	-2.8844272 	3.053139
-1.1543544 	-0.05 	0.455 	45.347483 	-2.907281 	3.0611934
-1.1531532 	-0.05 	0.455 	45.361718 	-2.9301348 	3.0692478
-1.151952 	-0.05 	0.455 	45.375952 	-2.9529885 	3.0773022
-1.1507508 	-0.05 	0.455 	45.390187 	-2.9758423 	3.0853565
-1.1495495 	-0.05 	0.455 	45.404421 	-2.9986961 	3.0934109
-1.1483483 	-0.05 	0.455 	45.418656 	-3.0215499 	3.1014653
-1.1471471 	-0.05 	0.455 	45.43289 	-3.0444036 	3.1095197
-1.1459459 	-0.05 	0.455 	45.447124 	-3.0672574 	3.1175741
-1.1447447 	-0.05 	0.455 	45.461359 	-3.0901112 	3.1256285
-1.1435435 	-0.05 	0.455 	45.475593 	-3.112965 	3.1336828
-1.1423423 	-0.05 	0.455 	45.489828 	-3.1358188 	3.1417372
-1.1411411 	-0.05 	0.455 	45.504062 	-3.1586725 	3.1497916
-1.1399399 	-0.05 	0.455 	45.518297 	-3.1815263 	3.157846
-1.1387387 	-0.05 	0.455 	45.532653 	-3.2043006 	3.1660973
-1.1375375 	-0.05 	0.455 	45.547287 	-3.2268926 	3.1748
-1.1363363 	-0.05 	0.455 	45.561921 	-3.2494845 	3.1835027
-1.1351351 	-0.05 	0.455 	45.576556 	-3.2720765 	3.1922054
-1.1339339 	-0.05 	0.455 	45.59119 	-3.2946685 	3.200908
-1.1327327 	-0.05 	0.455 	45.605825 	-3.3172604 	3.2096107
-1.1315315 	-0.05 	0.455 	45.620459 	-3.3398524 	3.2183134
-1.1303303 	-0.05 	0.455 	45.635093 	-3.3624444 	3.2270161
-1.1291291 	-0.05 	0.455 	45.649728 	-3.3850363 	3.2357188
-1.1279279 	-0.05 	0.455 	45.664362 	-3.4076283 	3.2444215
-1.1267267 	-0.05 	0.455 	45.678997 	-3.4302203 	3.2531242
-1.1255255 	-0.05 	0.455 	45.693631 	-3.4528123 	3.2618269
-1.1243243 	-0.05 	0.455 	45.708265 	-3.4754042 	3.2705295
-1.1231231 	-0.05 	0.455 	45.7229 	-3.4979962 	3.2792322
-1.1219219 	-0.05 	0.455 	45.737534 	-3.5205882 	3.2879349
-1.1207207 	-0.05 	0.455 	45.752169 	-3.5431801 	3.2966376
-1.1195195 	-0.05 	0.455 	45.766803 	-3.5657721 	3.3053403
-1.1183183 	-0.05 	0.455 	45.781438 	-3.5883641 	3.314043
-1.1171171 	-0.05 	0.455 	45.796072 	-3.6109561 	3.3227457
-1.1159159 	-0.05 	0.455 	45.810706 	-3.633548 	3.3314484
-1.1147147 	-0.05 	0.455 	45.825341 	-3.65614 	3.340151
-1.1135135 	-0.05 	0.455 	45.839975 	-3.678732 	3.3488537
-1.1123123 	-0.05 	0.455 	45.85461 	-3.7013239 	3.3575564
-1.1111111 	-0.05 	0.455 	45.869244 	-3.7239159 	3.3662591
-1.1099099 	-0.05 	0.455 	45.883878 	-3.7465079 	3.3749618
-1.1087087 	-0.05 	0.455 	45.898513 	-3.7690999 	3.3836645
-1.1075075 	-0.05 	0.455 	45.913147 	-3.7916918 	3.3923672
-1.1063063 	-0.05 	0.455 	45.927942 	-3.821149 	3.4015804
-1.1051051 	-0.05 	0.455 	45.94274 	-3.8507747 	3.4108062
-1.1039039 	-0.05 	0.455 	45.957538 	-3.8804004 	3.420032
-1.1027027 	-0.05 	0.455 	45.972337 	-3.9100262 	3.4292578
-1.1015015 	-0.05 	0.455 	45.987135 	-3.9396519 	3.4384836
-1.1003003 	-0.05 	0.455 	46.001933 	-3.9692776 	3.4477094
-1.0990991 	-0.05 	0.455 	46.016732 	-3.9989033 	3.4569352
-1.0978979 	-0.05 	0.455 	46.031406 	-4.0260097 	3.4659993
-1.0966967 	-0.05 	0.455 	46.045185 	-4.0348983 	3.4738945
-1.0954955 	-0.05 	0.455 	46.058963 	-4.0437869 	3.4817896
-1.0942943 	-0.05 	0.455 	46.072742 	-4.0526755 	3.4896848
-1.0930931 	-0.05 	0.455 	46.086521 	-4.0615642 	3.4975799
-1.0918919 	-0.05 	0.455 	46.100299 	-4.0704528 	3.505475
-1.0906907 	-0.05 	0.455 	46.114078 	-4.0793414 	3.5133702
-1.0894895 	-0.05 	0.455 	46.127856 	-4.08823 	3.5212653
-1.0882883 	-0.05 	0.455 	46.146446 	-4.0999743 	3.5299428
-1.0870871 	-0.05 	0.455 	46.171949 	-4.1158227 	3.5397447
-1.0858859 	-0.05 	0.455 	46.197453 	-4.1316712 	3.5495467
-1.0846847 	-0.05 	0.455 	46.222957 	-4.1475197 	3.5593486
-1.0834835 	-0.05 	0.455 	46.248461 	-4.1633681 	3.5691506
-1.0822823 	-0.05 	0.455 	46.273964 	-4.1792166 	3.5789525
-1.0810811 	-0.05 	0.455 	46.299468 	-4.1950651 	3.5887545
-1.0798799 	-0.05 	0.455 	46.324972 	-4.2109136 	3.5985564
-1.0786787 	-0.05 	0.455 	46.350475 	-4.226762 	3.6083583
-1.0774775 	-0.05 	0.455 	46.375979 	-4.2426105 	3.6181603
-1.0762763 	-0.05 	0.455 	46.401483 	-4.258459 	3.6279622
-1.0750751 	-0.05 	0.455 	46.426987 	-4.2743074 	3.6377642
-1.0738739 	-0.05 	0.455 	46.45249 	-4.2901559 	3.6475661
-1.0726727 	-0.05 	0.455 	46.477994 	-4.3060044 	3.6573681
-1.0714715 	-0.05 	0.455 	46.503498 	-4.3218528 	3.66717
-1.0702703 	-0.05 	0.455 	46.529001 	-4.3377013 	3.676972
-1.0690691 	-0.05 	0.455 	46.554505 	-4.3535498 	3.6867739
-1.0678679 	-0.05 	0.455 	46.580009 	-4.3693983 	3.6965759
-1.0666667 	-0.05 	0.455 	46.605512 	-4.3852467 	3.7063778
-1.0654655 	-0.05 	0.455 	46.631016 	-4.4010952 	3.7161797
-1.0642643 	-0.05 	0.455 	46.65652 	-4.4169437 	3.7259817
-1.0630631 	-0.05 	0.455 	46.682024 	-4.4327921 	3.7357836
-1.0618619 	-0.05 	0.455 	46.707527 	-4.4486406 	3.7455856
-1.0606607 	-0.05 	0.455 	46.732912 	-4.4648276 	3.7545385
-1.0594595 	-0.05 	0.455 	46.758292 	-4.4810289 	3.7634557
-1.0582583 	-0.05 	0.455 	46.783671 	-4.4972302 	3.7723729
-1.0570571 	-0.05 	0.455 	46.809051 	-4.5134314 	3.7812901
-1.0558559 	-0.05 	0.455 	46.834431 	-4.5296327 	3.7902073
-1.0546547 	-0.05 	0.455 	46.85981 	-4.545834 	3.7991245
-1.0534535 	-0.05 	0.455 	46.88519 	-4.5620353 	3.8080417
-1.0522523 	-0.05 	0.455 	46.91057 	-4.5782365 	3.8169589
-1.0510511 	-0.05 	0.455 	46.935949 	-4.5944378 	3.8258761
-1.0498498 	-0.05 	0.455 	46.961329 	-4.6106391 	3.8347933
-1.0486486 	-0.05 	0.455 	46.986709 	-4.6268404 	3.8437105
-1.0474474 	-0.05 	0.455 	47.012089 	-4.6430416 	3.8526277
-1.0462462 	-0.05 	0.455 	47.037468 	-4.6592429 	3.8615449
-1.045045 	-0.05 	0.455 	47.065192 	-4.6758487 	3.8705631
-1.0438438 	-0.05 	0.455 	47.09383 	-4.6926119 	3.8796207
-1.0426426 	-0.05 	0.455 	47.122467 	-4.7093752 	3.8886783
-1.0414414 	-0.05 	0.455 	47.151104 	-4.7261385 	3.8977359
-1.0402402 	-0.05 	0.455 	47.179741 	-4.7429017 	3.9067935
-1.039039 	-0.05 	0.455 	47.208378 	-4.759665 	3.9158511
-1.0378378 	-0.05 	0.455 	47.237015 	-4.7764283 	3.9249087
-1.0366366 	-0.05 	0.455 	47.264447 	-4.7894242 	3.9340925
-1.0354354 	-0.05 	0.455 	47.289442 	-4.7948043 	3.9435317
-1.0342342 	-0.05 	0.455 	47.314437 	-4.8001843 	3.9529708
-1.033033 	-0.05 	0.455 	47.339431 	-4.8055644 	3.96241
-1.0318318 	-0.05 	0.455 	47.364426 	-4.8109445 	3.9718491
-1.0306306 	-0.05 	0.455 	47.389421 	-4.8163245 	3.9812882
-1.0294294 	-0.05 	0.455 	47.414416 	-4.8217046 	3.9907274
-1.0282282 	-0.05 	0.455 	47.439592 	-4.8271679 	4.0001662
-1.027027 	-0.05 	0.455 	47.469783 	-4.834939 	4.0095959
-1.0258258 	-0.05 	0.455 	47.499974 	-4.8427101 	4.0190256
-1.0246246 	-0.05 	0.455 	47.530165 	-4.8504811 	4.0284553
-1.0234234 	-0.05 	0.455 	47.560356 	-4.8582522 	4.037885
-1.0222222 	-0.05 	0.455 	47.590548 	-4.8660232 	4.0473147
-1.021021 	-0.05 	0.455 	47.620739 	-4.8737943 	4.0567444
-1.0198198 	-0.05 	0.455 	47.65093 	-4.8815654 	4.0661741
-1.0186186 	-0.05 	0.455 	47.681121 	-4.8893364 	4.0756038
-1.0174174 	-0.05 	0.455 	47.711312 	-4.8971075 	4.0850335
-1.0162162 	-0.05 	0.455 	47.741503 	-4.9048786 	4.0944632
-1.015015 	-0.05 	0.455 	47.771694 	-4.9126496 	4.1038929
-1.0138138 	-0.05 	0.455 	47.801885 	-4.9204207 	4.1133226
-1.0126126 	-0.05 	0.455 	47.832077 	-4.9281917 	4.1227523
-1.0114114 	-0.05 	0.455 	47.862268 	-4.9359628 	4.132182
-1.0102102 	-0.05 	0.455 	47.892459 	-4.9437339 	4.1416117
-1.009009 	-0.05 	0.455 	47.92265 	-4.9515049 	4.1510415
-1.0078078 	-0.05 	0.455 	47.952841 	-4.959276 	4.1604712
-1.0066066 	-0.05 	0.455 	47.983032 	-4.9670471 	4.1699009
-1.0054054 	-0.05 	0.455 	48.013223 	-4.9748181 	4.1793306
-1.0042042 	-0.05 	0.455 	48.043415 	-4.9825892 	4.1887603
-1.003003 	-0.05 	0.455 	48.073606 	-4.9903602 	4.19819
-1.0018018 	-0.05 	0.455 	48.103797 	-4.9981313 	4.2076197
-1.0006006 	-0.05 	0.455 	48.134017 	-5.0059173 	4.2169442
-0.9993994 	-0.05 	0.455 	48.164408 	-5.013791 	4.2256492
-0.9981982 	-0.05 	0.455 	48.1948 	-5.0216646 	4.2343542
-0.996997 	-0.05 	0.455 	48.225191 	-5.0295383 	4.2430591
-0.9957958 	-0.05 	0.455 	48.255582 	-5.037412 	4.2517641
-0.99459459 	-0.05 	0.455 	48.285973 	-5.0452857 	4.2604691
-0.99339339 	-0.05 	0.455 	48.316365 	-5.0531594 	4.2691741
-0.99219219 	-0.05 	0.455 	48.346756 	-5.0610331 	4.2778791
-0.99099099 	-0.05 	0.455 	48.377147 	-5.0689068 	4.286584
-0.98978979 	-0.05 	0.455 	48.407539 	-5.0767805 	4.295289
-0.98858859 	-0.05 	0.455 	48.43793 	-5.0846541 	4.303994
-0.98738739 	-0.05 	0.455 	48.468321 	-5.0925278 	4.312699
-0.98618619 	-0.05 	0.455 	48.498712 	-5.1004015 	4.321404
-0.98498498 	-0.05 	0.455 	48.529104 	-5.1082752 	4.3301089
-0.98378378 	-0.05 	0.455 	48.56038 	-5.1154307 	4.3387769
-0.98258258 	-0.05 	0.455 	48.592201 	-5.1221446 	4.3474221
-0.98138138 	-0.05 	0.455 	48.624022 	-5.1288585 	4.3560672
-0.98018018 	-0.05 	0.455 	48.655843 	-5.1355723 	4.3647124
-0.97897898 	-0.05 	0.455 	48.687664 	-5.1422862 	4.3733576
-0.97777778 	-0.05 	0.455 	48.719485 	-5.1490001 	4.3820027
-0.97657658 	-0.05 	0.455 	48.751306 	-5.1557139 	4.3906479
-0.97537538 	-0.05 	0.455 	48.77984 	-5.1619607 	4.3993874
-0.97417417 	-0.05 	0.455 	48.805063 	-5.1677369 	4.4082219
-0.97297297 	-0.05 	0.455 	48.830286 	-5.173513 	4.4170564
-0.97177177 	-0.05 	0.455 	48.855509 	-5.1792891 	4.425891
-0.97057057 	-0.05 	0.455 	48.880732 	-5.1850653 	4.4347255
-0.96936937 	-0.05 	0.455 	48.905954 	-5.1908414 	4.44356
-0.96816817 	-0.05 	0.455 	48.931177 	-5.1966175 	4.4523945
-0.96696697 	-0.05 	0.455 	48.957877 	-5.2011195 	4.4609723
-0.96576577 	-0.05 	0.455 	48.986229 	-5.204196 	4.469263
-0.96456456 	-0.05 	0.455 	49.014582 	-5.2072726 	4.4775537
-0.96336336 	-0.05 	0.455 	49.042934 	-5.2103491 	4.4858444
-0.96216216 	-0.05 	0.455 	49.071286 	-5.2134256 	4.494135
-0.96096096 	-0.05 	0.455 	49.099638 	-5.2165022 	4.5024257
-0.95975976 	-0.05 	0.455 	49.12799 	-5.2195787 	4.5107164
-0.95855856 	-0.05 	0.455 	49.156342 	-5.2226553 	4.5190071
-0.95735736 	-0.05 	0.455 	49.184695 	-5.2257318 	4.5272978
-0.95615616 	-0.05 	0.455 	49.213047 	-5.2288084 	4.5355884
-0.95495495 	-0.05 	0.455 	49.241399 	-5.2318849 	4.5438791
-0.95375375 	-0.05 	0.455 	49.269751 	-5.2349615 	4.5521698
-0.95255255 	-0.05 	0.455 	49.298103 	-5.238038 	4.5604605
-0.95135135 	-0.05 	0.455 	49.326455 	-5.2411145 	4.5687511
-0.95015015 	-0.05 	0.455 	49.354636 	-5.2440445 	4.5775895
-0.94894895 	-0.05 	0.455 	49.38279 	-5.2469522 	4.5865114
-0.94774775 	-0.05 	0.455 	49.410944 	-5.2498598 	4.5954332
-0.94654655 	-0.05 	0.455 	49.439098 	-5.2527675 	4.6043551
-0.94534535 	-0.05 	0.455 	49.467252 	-5.2556751 	4.613277
-0.94414414 	-0.05 	0.455 	49.495406 	-5.2585828 	4.6221988
-0.94294294 	-0.05 	0.455 	49.52356 	-5.2614904 	4.6311207
-0.94174174 	-0.05 	0.455 	49.551715 	-5.2643981 	4.6400425
-0.94054054 	-0.05 	0.455 	49.579869 	-5.2673057 	4.6489644
-0.93933934 	-0.05 	0.455 	49.608023 	-5.2702134 	4.6578863
-0.93813814 	-0.05 	0.455 	49.636177 	-5.273121 	4.6668081
-0.93693694 	-0.05 	0.455 	49.664331 	-5.2760286 	4.67573
-0.93573574 	-0.05 	0.455 	49.692485 	-5.2789363 	4.6846518
-0.93453453 	-0.05 	0.455 	49.720639 	-5.2818439 	4.6935737
-0.93333333 	-0.05 	0.455 	49.748793 	-5.2847516 	4.7024956
-0.93213213 	-0.05 	0.455 	49.776948 	-5.2876592 	4.7114174
-0.93093093 	-0.05 	0.455 	49.805102 	-5.2905669 	4.7203393
-0.92972973 	-0.05 	0.455 	49.833256 	-5.2934745 	4.7292611
-0.92852853 	-0.05 	0.455 	49.86141 	-5.2963822 	4.738183
-0.92732733 	-0.05 	0.455 	49.889564 	-5.2992898 	4.7471048
-0.92612613 	-0.05 	0.455 	49.917718 	-5.3021975 	4.7560267
-0.92492492 	-0.05 	0.455 	49.945872 	-5.3051051 	4.7649486
-0.92372372 	-0.05 	0.455 	49.974027 	-5.3080128 	4.7738704
-0.92252252 	-0.05 	0.455 	50.002433 	-5.3101437 	4.7825341
-0.92132132 	-0.05 	0.455 	50.031182 	-5.3112233 	4.7908483
-0.92012012 	-0.05 	0.455 	50.059931 	-5.3123029 	4.7991625
-0.91891892 	-0.05 	0.455 	50.088679 	-5.3133825 	4.8074768
-0.91771772 	-0.05 	0.455 	50.117428 	-5.3144622 	4.815791
-0.91651652 	-0.05 	0.455 	50.146177 	-5.3155418 	4.8241052
-0.91531532 	-0.05 	0.455 	50.174925 	-5.3166214 	4.8324194
-0.91411411 	-0.05 	0.455 	50.199941 	-5.3187619 	4.8408668
-0.91291291 	-0.05 	0.455 	50.223381 	-5.3213504 	4.8493703
-0.91171171 	-0.05 	0.455 	50.246821 	-5.3239389 	4.8578739
-0.91051051 	-0.05 	0.455 	50.270261 	-5.3265275 	4.8663774
-0.90930931 	-0.05 	0.455 	50.2937 	-5.329116 	4.874881
-0.90810811 	-0.05 	0.455 	50.31714 	-5.3317045 	4.8833845
-0.90690691 	-0.05 	0.455 	50.340601 	-5.3340946 	4.8918923
-0.90570571 	-0.05 	0.455 	50.364473 	-5.3326466 	4.900482
-0.9045045 	-0.05 	0.455 	50.388345 	-5.3311986 	4.9090717
-0.9033033 	-0.05 	0.455 	50.412217 	-5.3297506 	4.9176614
-0.9021021 	-0.05 	0.455 	50.436089 	-5.3283025 	4.9262511
-0.9009009 	-0.05 	0.455 	50.45996 	-5.3268545 	4.9348408
-0.8996997 	-0.05 	0.455 	50.483832 	-5.3254065 	4.9434305
-0.8984985 	-0.05 	0.455 	50.507704 	-5.3239585 	4.9520202
-0.8972973 	-0.05 	0.455 	50.531576 	-5.3225104 	4.9606099
-0.8960961 	-0.05 	0.455 	50.555448 	-5.3210624 	4.9691996
-0.89489489 	-0.05 	0.455 	50.57932 	-5.3196144 	4.9777893
-0.89369369 	-0.05 	0.455 	50.603192 	-5.3181664 	4.986379
-0.89249249 	-0.05 	0.455 	50.627063 	-5.3167183 	4.9949687
-0.89129129 	-0.05 	0.455 	50.650935 	-5.3152703 	5.0035584
-0.89009009 	-0.05 	0.455 	50.674807 	-5.3138223 	5.0121481
-0.88888889 	-0.05 	0.455 	50.698679 	-5.3123743 	5.0207378
-0.88768769 	-0.05 	0.455 	50.722551 	-5.3109262 	5.0293275
-0.88648649 	-0.05 	0.455 	50.746423 	-5.3094782 	5.0379172
-0.88528529 	-0.05 	0.455 	50.770295 	-5.3080302 	5.0465069
-0.88408408 	-0.05 	0.455 	50.794166 	-5.3065822 	5.0550966
-0.88288288 	-0.05 	0.455 	50.818038 	-5.3051341 	5.0636863
-0.88168168 	-0.05 	0.455 	50.84191 	-5.3036861 	5.072276
-0.88048048 	-0.05 	0.455 	50.865782 	-5.3022381 	5.0808657
-0.87927928 	-0.05 	0.455 	50.889654 	-5.3007901 	5.0894554
-0.87807808 	-0.05 	0.455 	50.913604 	-5.2994265 	5.0977172
-0.87687688 	-0.05 	0.455 	50.937619 	-5.2981335 	5.1057055
-0.87567568 	-0.05 	0.455 	50.961635 	-5.2968405 	5.1136938
-0.87447447 	-0.05 	0.455 	50.98565 	-5.2955474 	5.1216821
-0.87327327 	-0.05 	0.455 	51.009666 	-5.2942544 	5.1296704
-0.87207207 	-0.05 	0.455 	51.033681 	-5.2929614 	5.1376587
-0.87087087 	-0.05 	0.455 	51.057697 	-5.2916683 	5.1456469
-0.86966967 	-0.05 	0.455 	51.081712 	-5.2903753 	5.1536352
-0.86846847 	-0.05 	0.455 	51.105728 	-5.2890823 	5.1616235
-0.86726727 	-0.05 	0.455 	51.129743 	-5.2877893 	5.1696118
-0.86606607 	-0.05 	0.455 	51.153759 	-5.2864962 	5.1776001
-0.86486486 	-0.05 	0.455 	51.177774 	-5.2852032 	5.1855883
-0.86366366 	-0.05 	0.455 	51.20179 	-5.2839102 	5.1935766
-0.86246246 	-0.05 	0.455 	51.225805 	-5.2826171 	5.2015649
-0.86126126 	-0.05 	0.455 	51.249485 	-5.2798082 	5.2095578
-0.86006006 	-0.05 	0.455 	51.272821 	-5.2754481 	5.2175553
-0.85885886 	-0.05 	0.455 	51.296157 	-5.271088 	5.2255529
-0.85765766 	-0.05 	0.455 	51.319493 	-5.266728 	5.2335504
-0.85645646 	-0.05 	0.455 	51.342829 	-5.2623679 	5.241548
-0.85525526 	-0.05 	0.455 	51.366165 	-5.2580078 	5.2495455
-0.85405405 	-0.05 	0.455 	51.389501 	-5.2536477 	5.2575431
-0.85285285 	-0.05 	0.455 	51.411167 	-5.2524599 	5.2659631
-0.85165165 	-0.05 	0.455 	51.432682 	-5.2515589 	5.2744213
-0.85045045 	-0.05 	0.455 	51.454197 	-5.2506578 	5.2828795
-0.84924925 	-0.05 	0.455 	51.475713 	-5.2497568 	5.2913377
-0.84804805 	-0.05 	0.455 	51.497228 	-5.2488557 	5.2997959
-0.84684685 	-0.05 	0.455 	51.518743 	-5.2479547 	5.3082541
-0.84564565 	-0.05 	0.455 	51.539251 	-5.2457399 	5.3165888
-0.84444444 	-0.05 	0.455 	51.558264 	-5.2415758 	5.3247402
-0.84324324 	-0.05 	0.455 	51.577277 	-5.2374117 	5.3328916
-0.84204204 	-0.05 	0.455 	51.596291 	-5.2332476 	5.3410431
-0.84084084 	-0.05 	0.455 	51.615304 	-5.2290834 	5.3491945
-0.83963964 	-0.05 	0.455 	51.634317 	-5.2249193 	5.3573459
-0.83843844 	-0.05 	0.455 	51.65333 	-5.2207552 	5.3654974
-0.83723724 	-0.05 	0.455 	51.672343 	-5.2165911 	5.3736488
-0.83603604 	-0.05 	0.455 	51.691357 	-5.2124269 	5.3818002
-0.83483483 	-0.05 	0.455 	51.71037 	-5.2082628 	5.3899517
-0.83363363 	-0.05 	0.455 	51.729383 	-5.2040987 	5.3981031
-0.83243243 	-0.05 	0.455 	51.748396 	-5.1999346 	5.4062545
-0.83123123 	-0.05 	0.455 	51.767409 	-5.1957705 	5.414406
-0.83003003 	-0.05 	0.455 	51.786422 	-5.1916063 	5.4225574
-0.82882883 	-0.05 	0.455 	51.805436 	-5.1874422 	5.4307088
-0.82762763 	-0.05 	0.455 	51.824449 	-5.1832781 	5.4388602
-0.82642643 	-0.05 	0.455 	51.843462 	-5.179114 	5.4470117
-0.82522523 	-0.05 	0.455 	51.862475 	-5.1749498 	5.4551631
-0.82402402 	-0.05 	0.455 	51.881488 	-5.1707857 	5.4633145
-0.82282282 	-0.05 	0.455 	51.900501 	-5.1666216 	5.471466
-0.82162162 	-0.05 	0.455 	51.919515 	-5.1624575 	5.4796174
-0.82042042 	-0.05 	0.455 	51.938528 	-5.1582933 	5.4877688
-0.81921922 	-0.05 	0.455 	51.957541 	-5.1541292 	5.4959203
-0.81801802 	-0.05 	0.455 	51.976554 	-5.1499651 	5.5040717
-0.81681682 	-0.05 	0.455 	51.995689 	-5.1458689 	5.5117952
-0.81561562 	-0.05 	0.455 	52.014861 	-5.1417936 	5.5193869
-0.81441441 	-0.05 	0.455 	52.034033 	-5.1377183 	5.5269787
-0.81321321 	-0.05 	0.455 	52.053205 	-5.133643 	5.5345705
-0.81201201 	-0.05 	0.455 	52.072377 	-5.1295677 	5.5421622
-0.81081081 	-0.05 	0.455 	52.091549 	-5.1254924 	5.549754
-0.80960961 	-0.05 	0.455 	52.110721 	-5.1214171 	5.5573458
-0.80840841 	-0.05 	0.455 	52.129893 	-5.1173418 	5.5649375
-0.80720721 	-0.05 	0.455 	52.149065 	-5.1132665 	5.5725293
-0.80600601 	-0.05 	0.455 	52.168237 	-5.1091912 	5.5801211
-0.8048048 	-0.05 	0.455 	52.187409 	-5.1051159 	5.5877128
-0.8036036 	-0.05 	0.455 	52.206581 	-5.1010406 	5.5953046
-0.8024024 	-0.05 	0.455 	52.225754 	-5.0969653 	5.6028964
-0.8012012 	-0.05 	0.455 	52.244926 	-5.09289 	5.6104881
-0.8 	-0.05 	0.455 	52.263298 	-5.0881848 	5.6179962
-0.7987988 	-0.05 	0.455 	52.280316 	-5.0824136 	5.6253625
-0.7975976 	-0.05 	0.455 	52.297335 	-5.0766424 	5.6327289
-0.7963964 	-0.05 	0.455 	52.314354 	-5.0708712 	5.6400953
-0.7951952 	-0.05 	0.455 	52.331372 	-5.0651 	5.6474616
-0.79399399 	-0.05 	0.455 	52.348391 	-5.0593287 	5.654828
-0.79279279 	-0.05 	0.455 	52.36548 	-5.0541257 	5.6622644
-0.79159159 	-0.05 	0.455 	52.382995 	-5.0523143 	5.6701191
-0.79039039 	-0.05 	0.455 	52.400509 	-5.0505029 	5.6779739
-0.78918919 	-0.05 	0.455 	52.418024 	-5.0486915 	5.6858286
-0.78798799 	-0.05 	0.455 	52.435538 	-5.0468802 	5.6936833
-0.78678679 	-0.05 	0.455 	52.453053 	-5.0450688 	5.701538
-0.78558559 	-0.05 	0.455 	52.470567 	-5.0432574 	5.7093928
-0.78438438 	-0.05 	0.455 	52.486287 	-5.0383148 	5.7171681
-0.78318318 	-0.05 	0.455 	52.501959 	-5.0332886 	5.7249414
-0.78198198 	-0.05 	0.455 	52.517631 	-5.0282625 	5.7327147
-0.78078078 	-0.05 	0.455 	52.533303 	-5.0232363 	5.7404879
-0.77957958 	-0.05 	0.455 	52.548975 	-5.0182101 	5.7482612
-0.77837838 	-0.05 	0.455 	52.564646 	-5.0131839 	5.7560345
-0.77717718 	-0.05 	0.455 	52.580318 	-5.0081577 	5.7638077
-0.77597598 	-0.05 	0.455 	52.59599 	-5.0031315 	5.771581
-0.77477477 	-0.05 	0.455 	52.611662 	-4.9981053 	5.7793543
-0.77357357 	-0.05 	0.455 	52.627334 	-4.9930791 	5.7871275
-0.77237237 	-0.05 	0.455 	52.643005 	-4.9880529 	5.7949008
-0.77117117 	-0.05 	0.455 	52.658677 	-4.9830267 	5.802674
-0.76996997 	-0.05 	0.455 	52.674349 	-4.9780005 	5.8104473
-0.76876877 	-0.05 	0.455 	52.690021 	-4.9729744 	5.8182206
-0.76756757 	-0.05 	0.455 	52.705693 	-4.9679482 	5.8259938
-0.76636637 	-0.05 	0.455 	52.721365 	-4.962922 	5.8337671
-0.76516517 	-0.05 	0.455 	52.737036 	-4.9578958 	5.8415404
-0.76396396 	-0.05 	0.455 	52.752708 	-4.9528696 	5.8493136
-0.76276276 	-0.05 	0.455 	52.76838 	-4.9478434 	5.8570869
-0.76156156 	-0.05 	0.455 	52.784052 	-4.9428172 	5.8648601
-0.76036036 	-0.05 	0.455 	52.799724 	-4.937791 	5.8726334
-0.75915916 	-0.05 	0.455 	52.815396 	-4.9327648 	5.8804067
-0.75795796 	-0.05 	0.455 	52.831067 	-4.9277386 	5.8881799
-0.75675676 	-0.05 	0.455 	52.846739 	-4.9227124 	5.8959532
-0.75555556 	-0.05 	0.455 	52.862543 	-4.9177391 	5.903185
-0.75435435 	-0.05 	0.455 	52.878348 	-4.9127666 	5.9104075
-0.75315315 	-0.05 	0.455 	52.894153 	-4.9077941 	5.91763
-0.75195195 	-0.05 	0.455 	52.909959 	-4.9028216 	5.9248525
-0.75075075 	-0.05 	0.455 	52.925764 	-4.8978491 	5.932075
-0.74954955 	-0.05 	0.455 	52.94157 	-4.8928766 	5.9392975
-0.74834835 	-0.05 	0.455 	52.957375 	-4.8879041 	5.94652
-0.74714715 	-0.05 	0.455 	52.973181 	-4.8829317 	5.9537425
-0.74594595 	-0.05 	0.455 	52.988986 	-4.8779592 	5.960965
-0.74474474 	-0.05 	0.455 	53.004792 	-4.8729867 	5.9681875
-0.74354354 	-0.05 	0.455 	53.020597 	-4.8680142 	5.97541
-0.74234234 	-0.05 	0.455 	53.036403 	-4.8630417 	5.9826325
-0.74114114 	-0.05 	0.455 	53.052208 	-4.8580692 	5.989855
-0.73993994 	-0.05 	0.455 	53.068014 	-4.8530968 	5.9970775
-0.73873874 	-0.05 	0.455 	53.084997 	-4.8473745 	6.0050054
-0.73753754 	-0.05 	0.455 	53.103556 	-4.8406483 	6.0138776
-0.73633634 	-0.05 	0.455 	53.122116 	-4.8339221 	6.0227499
-0.73513514 	-0.05 	0.455 	53.140676 	-4.827196 	6.0316221
-0.73393393 	-0.05 	0.455 	53.159235 	-4.8204698 	6.0404944
-0.73273273 	-0.05 	0.455 	53.177795 	-4.8137436 	6.0493667
-0.73153153 	-0.05 	0.455 	53.195524 	-4.8070628 	6.0579458
-0.73033033 	-0.05 	0.455 	53.211735 	-4.8004649 	6.0659891
-0.72912913 	-0.05 	0.455 	53.227947 	-4.793867 	6.0740325
-0.72792793 	-0.05 	0.455 	53.244158 	-4.7872691 	6.0820758
-0.72672673 	-0.05 	0.455 	53.26037 	-4.7806712 	6.0901192
-0.72552553 	-0.05 	0.455 	53.276581 	-4.7740733 	6.0981625
-0.72432432 	-0.05 	0.455 	53.292211 	-4.7676751 	6.106385
-0.72312312 	-0.05 	0.455 	53.306674 	-4.7616773 	6.1149667
-0.72192192 	-0.05 	0.455 	53.321137 	-4.7556795 	6.1235484
-0.72072072 	-0.05 	0.455 	53.3356 	-4.7496817 	6.1321301
-0.71951952 	-0.05 	0.455 	53.350063 	-4.743684 	6.1407118
-0.71831832 	-0.05 	0.455 	53.364525 	-4.7376862 	6.1492935
-0.71711712 	-0.05 	0.455 	53.378988 	-4.7316884 	6.1578752
-0.71591592 	-0.05 	0.455 	53.393451 	-4.7256906 	6.1664569
-0.71471471 	-0.05 	0.455 	53.407914 	-4.7196928 	6.1750387
-0.71351351 	-0.05 	0.455 	53.422497 	-4.7136832 	6.1834855
-0.71231231 	-0.05 	0.455 	53.437392 	-4.707643 	6.191582
-0.71111111 	-0.05 	0.455 	53.452287 	-4.7016028 	6.1996784
-0.70990991 	-0.05 	0.455 	53.467183 	-4.6955626 	6.2077749
-0.70870871 	-0.05 	0.455 	53.482078 	-4.6895223 	6.2158714
-0.70750751 	-0.05 	0.455 	53.49273 	-4.6844475 	6.2229811
-0.70630631 	-0.05 	0.455 	53.502943 	-4.6794726 	6.2299886
-0.70510511 	-0.05 	0.455 	53.513155 	-4.6744978 	6.236996
-0.7039039 	-0.05 	0.455 	53.523368 	-4.669523 	6.2440035
-0.7027027 	-0.05 	0.455 	53.53358 	-4.6645481 	6.251011
-0.7015015 	-0.05 	0.455 	53.543793 	-4.6595733 	6.2580184
-0.7003003 	-0.05 	0.455 	53.554507 	-4.6545988 	6.2655953
-0.6990991 	-0.05 	0.455 	53.565239 	-4.6496243 	6.2731914
-0.6978979 	-0.05 	0.455 	53.57597 	-4.6446498 	6.2807875
-0.6966967 	-0.05 	0.455 	53.586701 	-4.6396753 	6.2883836
-0.6954955 	-0.05 	0.455 	53.597432 	-4.6347008 	6.2959797
-0.69429429 	-0.05 	0.455 	53.608011 	-4.6296831 	6.3035538
-0.69309309 	-0.05 	0.455 	53.617347 	-4.6243133 	6.3109487
-0.69189189 	-0.05 	0.455 	53.626684 	-4.6189434 	6.3183436
-0.69069069 	-0.05 	0.455 	53.63602 	-4.6135735 	6.3257385
-0.68948949 	-0.05 	0.455 	53.645356 	-4.6082036 	6.3331334
-0.68828829 	-0.05 	0.455 	53.654693 	-4.6028337 	6.3405283
-0.68708709 	-0.05 	0.455 	53.664029 	-4.5974638 	6.3479232
-0.68588589 	-0.05 	0.455 	53.673365 	-4.5920939 	6.3553182
-0.68468468 	-0.05 	0.455 	53.682702 	-4.586724 	6.3627131
-0.68348348 	-0.05 	0.455 	53.692038 	-4.5813541 	6.370108
-0.68228228 	-0.05 	0.455 	53.70155 	-4.5760559 	6.3770451
-0.68108108 	-0.05 	0.455 	53.711083 	-4.5707664 	6.3839267
-0.67987988 	-0.05 	0.455 	53.720616 	-4.5654769 	6.3908082
-0.67867868 	-0.05 	0.455 	53.730149 	-4.5601873 	6.3976898
-0.67747748 	-0.05 	0.455 	53.739359 	-4.5545528 	6.4045102
-0.67627628 	-0.05 	0.455 	53.747935 	-4.5482401 	6.4112105
-0.67507508 	-0.05 	0.455 	53.756511 	-4.5419273 	6.4179108
-0.67387387 	-0.05 	0.455 	53.765087 	-4.5356145 	6.424611
-0.67267267 	-0.05 	0.455 	53.773663 	-4.5293017 	6.4313113
-0.67147147 	-0.05 	0.455 	53.782239 	-4.5229889 	6.4380116
-0.67027027 	-0.05 	0.455 	53.79073 	-4.5180954 	6.4450315
-0.66906907 	-0.05 	0.455 	53.799161 	-4.5142223 	6.4522814
-0.66786787 	-0.05 	0.455 	53.807592 	-4.5103492 	6.4595312
-0.66666667 	-0.05 	0.455 	53.816024 	-4.5064761 	6.466781
-0.66546547 	-0.05 	0.455 	53.824455 	-4.502603 	6.4740309
-0.66426426 	-0.05 	0.455 	53.832886 	-4.4987299 	6.4812807
-0.66306306 	-0.05 	0.455 	53.840628 	-4.4935339 	6.4883912
-0.66186186 	-0.05 	0.455 	53.84827 	-4.4881464 	6.4954815
-0.66066066 	-0.05 	0.455 	53.855913 	-4.482759 	6.5025718
-0.65945946 	-0.05 	0.455 	53.863555 	-4.4773715 	6.5096621
-0.65825826 	-0.05 	0.455 	53.871197 	-4.471984 	6.5167525
-0.65705706 	-0.05 	0.455 	53.87884 	-4.4665966 	6.5238428
-0.65585586 	-0.05 	0.455 	53.886482 	-4.4612091 	6.5309331
-0.65465465 	-0.05 	0.455 	53.894124 	-4.4558216 	6.5380234
-0.65345345 	-0.05 	0.455 	53.901767 	-4.4504342 	6.5451137
-0.65225225 	-0.05 	0.455 	53.909505 	-4.4450843 	6.5519512
-0.65105105 	-0.05 	0.455 	53.917337 	-4.4397715 	6.5585399
-0.64984985 	-0.05 	0.455 	53.925169 	-4.4344586 	6.5651286
-0.64864865 	-0.05 	0.455 	53.933002 	-4.4291458 	6.5717173
-0.64744745 	-0.05 	0.455 	53.940834 	-4.423833 	6.578306
-0.64624625 	-0.05 	0.455 	53.9482 	-4.417542 	6.5847751
-0.64504505 	-0.05 	0.455 	53.955506 	-4.4111239 	6.5912286
-0.64384384 	-0.05 	0.455 	53.962811 	-4.4047059 	6.5976821
-0.64264264 	-0.05 	0.455 	53.970117 	-4.3982878 	6.6041356
-0.64144144 	-0.05 	0.455 	53.977422 	-4.3918698 	6.6105891
-0.64024024 	-0.05 	0.455 	53.984631 	-4.3860911 	6.6171338
-0.63903904 	-0.05 	0.455 	53.99143 	-4.3830198 	6.6240648
-0.63783784 	-0.05 	0.455 	53.998229 	-4.3799485 	6.6309957
-0.63663664 	-0.05 	0.455 	54.005028 	-4.3768772 	6.6379266
-0.63543544 	-0.05 	0.455 	54.011827 	-4.3738058 	6.6448575
-0.63423423 	-0.05 	0.455 	54.018626 	-4.3707345 	6.6517884
-0.63303303 	-0.05 	0.455 	54.025271 	-4.3663284 	6.6584297
-0.63183183 	-0.05 	0.455 	54.031772 	-4.3606731 	6.6648
-0.63063063 	-0.05 	0.455 	54.038272 	-4.3550178 	6.6711704
-0.62942943 	-0.05 	0.455 	54.044773 	-4.3493625 	6.6775407
-0.62822823 	-0.05 	0.455 	54.051274 	-4.3437073 	6.683911
-0.62702703 	-0.05 	0.455 	54.057613 	-4.3379907 	6.6907123
-0.62582583 	-0.05 	0.455 	54.063931 	-4.3322658 	6.6975722
-0.62462462 	-0.05 	0.455 	54.070249 	-4.3265409 	6.7044322
-0.62342342 	-0.05 	0.455 	54.076567 	-4.3208159 	6.7112921
-0.62222222 	-0.05 	0.455 	54.082885 	-4.315091 	6.718152
-0.62102102 	-0.05 	0.455 	54.089203 	-4.3093661 	6.725012
-0.61981982 	-0.05 	0.455 	54.095521 	-4.3036412 	6.7318719
-0.61861862 	-0.05 	0.455 	54.101839 	-4.2979163 	6.7387319
-0.61741742 	-0.05 	0.455 	54.108157 	-4.2921914 	6.7455918
-0.61621622 	-0.05 	0.455 	54.114414 	-4.2856638 	6.7522133
-0.61501502 	-0.05 	0.455 	54.120594 	-4.2781259 	6.7585345
-0.61381381 	-0.05 	0.455 	54.126774 	-4.270588 	6.7648558
-0.61261261 	-0.05 	0.455 	54.132954 	-4.26305 	6.771177
-0.61141141 	-0.05 	0.455 	54.139134 	-4.2555121 	6.7774983
-0.61021021 	-0.05 	0.455 	54.145314 	-4.2479742 	6.7838196
-0.60900901 	-0.05 	0.455 	54.150892 	-4.2425203 	6.7903949
-0.60780781 	-0.05 	0.455 	54.156322 	-4.2375765 	6.7970323
-0.60660661 	-0.05 	0.455 	54.161752 	-4.2326327 	6.8036698
-0.60540541 	-0.05 	0.455 	54.167182 	-4.2276889 	6.8103073
-0.6042042 	-0.05 	0.455 	54.172613 	-4.2227451 	6.8169448
-0.603003 	-0.05 	0.455 	54.177974 	-4.2176488 	6.8235951
-0.6018018 	-0.05 	0.455 	54.183068 	-4.2119575 	6.8302953
-0.6006006 	-0.05 	0.455 	54.188162 	-4.2062663 	6.8369956
-0.5993994 	-0.05 	0.455 	54.193256 	-4.200575 	6.8436958
-0.5981982 	-0.05 	0.455 	54.19835 	-4.1948837 	6.8503961
-0.596997 	-0.05 	0.455 	54.203444 	-4.1891924 	6.8570964
-0.5957958 	-0.05 	0.455 	54.208538 	-4.1835012 	6.8637966
-0.59459459 	-0.05 	0.455 	54.213632 	-4.1778099 	6.8704969
-0.59339339 	-0.05 	0.455 	54.218726 	-4.1721186 	6.8771972
-0.59219219 	-0.05 	0.455 	54.22382 	-4.1664274 	6.8838974
-0.59099099 	-0.05 	0.455 	54.229043 	-4.1607799 	6.8902464
-0.58978979 	-0.05 	0.455 	54.234314 	-4.1551488 	6.8964643
-0.58858859 	-0.05 	0.455 	54.239585 	-4.1495177 	6.9026822
-0.58738739 	-0.05 	0.455 	54.244856 	-4.1438866 	6.9089
-0.58618619 	-0.05 	0.455 	54.250127 	-4.1382554 	6.9151179
-0.58498498 	-0.05 	0.455 	54.255166 	-4.1325332 	6.9213352
-0.58378378 	-0.05 	0.455 	54.260195 	-4.1268064 	6.9275525
-0.58258258 	-0.05 	0.455 	54.265223 	-4.1210796 	6.9337698
-0.58138138 	-0.05 	0.455 	54.270251 	-4.1153529 	6.939987
-0.58018018 	-0.05 	0.455 	54.275279 	-4.1096261 	6.9462043
-0.57897898 	-0.05 	0.455 	54.279887 	-4.1046134 	6.952519
-0.57777778 	-0.05 	0.455 	54.283911 	-4.1005935 	6.9589692
-0.57657658 	-0.05 	0.455 	54.287935 	-4.0965737 	6.9654195
-0.57537538 	-0.05 	0.455 	54.291958 	-4.0925538 	6.9718697
-0.57417417 	-0.05 	0.455 	54.295982 	-4.088534 	6.9783199
-0.57297297 	-0.05 	0.455 	54.300006 	-4.0845141 	6.9847701
-0.57177177 	-0.05 	0.455 	54.303712 	-4.0791564 	6.9913366
-0.57057057 	-0.05 	0.455 	54.307401 	-4.0737246 	6.9979096
-0.56936937 	-0.05 	0.455 	54.311089 	-4.0682928 	7.0044825
-0.56816817 	-0.05 	0.455 	54.314778 	-4.062861 	7.0110554
-0.56696697 	-0.05 	0.455 	54.318467 	-4.0574291 	7.0176284
-0.56576577 	-0.05 	0.455 	54.322155 	-4.0519973 	7.0242013
-0.56456456 	-0.05 	0.455 	54.325844 	-4.0465655 	7.0307743
-0.56336336 	-0.05 	0.455 	54.329533 	-4.0411337 	7.0373472
-0.56216216 	-0.05 	0.455 	54.333221 	-4.0357018 	7.0439202
-0.56096096 	-0.05 	0.455 	54.336973 	-4.0302788 	7.0503291
-0.55975976 	-0.05 	0.455 	54.340845 	-4.0248723 	7.0564256
-0.55855856 	-0.05 	0.455 	54.344717 	-4.0194659 	7.062522
-0.55735736 	-0.05 	0.455 	54.348588 	-4.0140594 	7.0686185
-0.55615616 	-0.05 	0.455 	54.35246 	-4.008653 	7.0747149
-0.55495495 	-0.05 	0.455 	54.356151 	-4.0027344 	7.0808222
-0.55375375 	-0.05 	0.455 	54.35958 	-3.9960721 	7.0869453
-0.55255255 	-0.05 	0.455 	54.363009 	-3.9894098 	7.0930683
-0.55135135 	-0.05 	0.455 	54.366438 	-3.9827475 	7.0991914
-0.55015015 	-0.05 	0.455 	54.369867 	-3.9760851 	7.1053144
-0.54894895 	-0.05 	0.455 	54.373254 	-3.9694732 	7.1114441
-0.54774775 	-0.05 	0.455 	54.375517 	-3.9642261 	7.1177533
-0.54654655 	-0.05 	0.455 	54.377781 	-3.958979 	7.1240625
-0.54534535 	-0.05 	0.455 	54.380044 	-3.9537319 	7.1303717
-0.54414414 	-0.05 	0.455 	54.382307 	-3.9484848 	7.1366808
-0.54294294 	-0.05 	0.455 	54.38457 	-3.9432378 	7.14299
-0.54174174 	-0.05 	0.455 	54.386993 	-3.9377556 	7.1493768
-0.54054054 	-0.05 	0.455 	54.389484 	-3.9321715 	7.1557974
-0.53933934 	-0.05 	0.455 	54.391976 	-3.9265873 	7.1622179
-0.53813814 	-0.05 	0.455 	54.394468 	-3.9210031 	7.1686384
-0.53693694 	-0.05 	0.455 	54.396959 	-3.915419 	7.175059
-0.53573574 	-0.05 	0.455 	54.399451 	-3.9098348 	7.1814795
-0.53453453 	-0.05 	0.455 	54.401942 	-3.9042506 	7.1879
-0.53333333 	-0.05 	0.455 	54.404434 	-3.8986664 	7.1943206
-0.53213213 	-0.05 	0.455 	54.406926 	-3.8930823 	7.2007411
-0.53093093 	-0.05 	0.455 	54.409417 	-3.8874981 	7.2071616
-0.52972973 	-0.05 	0.455 	54.412101 	-3.88193 	7.2131374
-0.52852853 	-0.05 	0.455 	54.414792 	-3.8763626 	7.2190941
-0.52732733 	-0.05 	0.455 	54.417484 	-3.8707953 	7.2250507
-0.52612613 	-0.05 	0.455 	54.420176 	-3.8652279 	7.2310074
-0.52492492 	-0.05 	0.455 	54.422868 	-3.8596605 	7.2369641
-0.52372372 	-0.05 	0.455 	54.425524 	-3.8541455 	7.2429135
-0.52252252 	-0.05 	0.455 	54.42818 	-3.848631 	7.2488627
-0.52132132 	-0.05 	0.455 	54.430836 	-3.8431166 	7.254812
-0.52012012 	-0.05 	0.455 	54.433492 	-3.8376022 	7.2607613
-0.51891892 	-0.05 	0.455 	54.436148 	-3.8320877 	7.2667106
-0.51771772 	-0.05 	0.455 	54.438078 	-3.8267928 	7.2727823
-0.51651652 	-0.05 	0.455 	54.439613 	-3.8216177 	7.2789208
-0.51531532 	-0.05 	0.455 	54.441147 	-3.8164425 	7.2850593
-0.51411411 	-0.05 	0.455 	54.442682 	-3.8112674 	7.2911978
-0.51291291 	-0.05 	0.455 	54.444216 	-3.8060922 	7.2973362
-0.51171171 	-0.05 	0.455 	54.445724 	-3.8008801 	7.3035066
-0.51051051 	-0.05 	0.455 	54.447174 	-3.7955867 	7.3097469
-0.50930931 	-0.05 	0.455 	54.448624 	-3.7902933 	7.3159873
-0.50810811 	-0.05 	0.455 	54.450074 	-3.7849998 	7.3222277
-0.50690691 	-0.05 	0.455 	54.451523 	-3.7797064 	7.328468
-0.50570571 	-0.05 	0.455 	54.452973 	-3.774413 	7.3347084
-0.5045045 	-0.05 	0.455 	54.454423 	-3.7691196 	7.3409488
-0.5033033 	-0.05 	0.455 	54.455872 	-3.7638261 	7.3471891
-0.5021021 	-0.05 	0.455 	54.457322 	-3.7585327 	7.3534295
-0.5009009 	-0.05 	0.455 	54.458772 	-3.7532393 	7.3596699
-0.4996997 	-0.05 	0.455 	54.460338 	-3.7479618 	7.3656523
-0.4984985 	-0.05 	0.455 	54.461991 	-3.7426963 	7.3714416
-0.4972973 	-0.05 	0.455 	54.463644 	-3.7374308 	7.3772308
-0.4960961 	-0.05 	0.455 	54.465297 	-3.7321653 	7.3830201
-0.49489489 	-0.05 	0.455 	54.46695 	-3.7268997 	7.3888094
-0.49369369 	-0.05 	0.455 	54.468402 	-3.7217275 	7.3946079
-0.49249249 	-0.05 	0.455 	54.469703 	-3.7166256 	7.4004134
-0.49129129 	-0.05 	0.455 	54.471003 	-3.7115236 	7.4062188
-0.49009009 	-0.05 	0.455 	54.472304 	-3.7064217 	7.4120243
-0.48888889 	-0.05 	0.455 	54.473604 	-3.7013197 	7.4178298
-0.48768769 	-0.05 	0.455 	54.474653 	-3.6960846 	7.4236779
-0.48648649 	-0.05 	0.455 	54.474987 	-3.690473 	7.4296467
-0.48528529 	-0.05 	0.455 	54.475322 	-3.6848614 	7.4356155
-0.48408408 	-0.05 	0.455 	54.475657 	-3.6792498 	7.4415842
-0.48288288 	-0.05 	0.455 	54.475992 	-3.6736383 	7.447553
-0.48168168 	-0.05 	0.455 	54.476327 	-3.6680267 	7.4535217
-0.48048048 	-0.05 	0.455 	54.476533 	-3.6628371 	7.4595872
-0.47927928 	-0.05 	0.455 	54.476738 	-3.6576556 	7.4656545
-0.47807808 	-0.05 	0.455 	54.476942 	-3.6524741 	7.4717218
-0.47687688 	-0.05 	0.455 	54.477147 	-3.6472926 	7.4777891
-0.47567568 	-0.05 	0.455 	54.477351 	-3.642111 	7.4838564
-0.47447447 	-0.05 	0.455 	54.477555 	-3.6369295 	7.4899237
-0.47327327 	-0.05 	0.455 	54.47776 	-3.631748 	7.495991
-0.47207207 	-0.05 	0.455 	54.477964 	-3.6265665 	7.5020584
-0.47087087 	-0.05 	0.455 	54.478169 	-3.621385 	7.5081257
-0.46966967 	-0.05 	0.455 	54.478411 	-3.6162058 	7.5141087
-0.46846847 	-0.05 	0.455 	54.478821 	-3.6110366 	7.5197245
-0.46726727 	-0.05 	0.455 	54.479231 	-3.6058674 	7.5253403
-0.46606607 	-0.05 	0.455 	54.479641 	-3.6006981 	7.5309561
-0.46486486 	-0.05 	0.455 	54.480051 	-3.5955289 	7.5365719
-0.46366366 	-0.05 	0.455 	54.480424 	-3.5904019 	7.542188
-0.46246246 	-0.05 	0.455 	54.480475 	-3.5856424 	7.5478074
-0.46126126 	-0.05 	0.455 	54.480526 	-3.5808829 	7.5534268
-0.46006006 	-0.05 	0.455 	54.480578 	-3.5761234 	7.5590463
-0.45885886 	-0.05 	0.455 	54.480629 	-3.5713639 	7.5646657
-0.45765766 	-0.05 	0.455 	54.480681 	-3.5666044 	7.5702851
-0.45645646 	-0.05 	0.455 	54.480059 	-3.5612942 	7.5761026
-0.45525526 	-0.05 	0.455 	54.479342 	-3.555907 	7.5819478
-0.45405405 	-0.05 	0.455 	54.478626 	-3.5505198 	7.5877931
-0.45285285 	-0.05 	0.455 	54.47791 	-3.5451327 	7.5936383
-0.45165165 	-0.05 	0.455 	54.477194 	-3.5397455 	7.5994835
-0.45045045 	-0.05 	0.455 	54.476345 	-3.5345821 	7.6053529
-0.44924925 	-0.05 	0.455 	54.475441 	-3.5295144 	7.6112325
-0.44804805 	-0.05 	0.455 	54.474536 	-3.5244466 	7.6171122
-0.44684685 	-0.05 	0.455 	54.473632 	-3.5193788 	7.6229919
-0.44564565 	-0.05 	0.455 	54.472727 	-3.5143111 	7.6288715
-0.44444444 	-0.05 	0.455 	54.471822 	-3.5092433 	7.6347512
-0.44324324 	-0.05 	0.455 	54.470918 	-3.5041756 	7.6406308
-0.44204204 	-0.05 	0.455 	54.470013 	-3.4991078 	7.6465105
-0.44084084 	-0.05 	0.455 	54.469108 	-3.49404 	7.6523902
-0.43963964 	-0.05 	0.455 	54.468204 	-3.4889723 	7.6582698
-0.43843844 	-0.05 	0.455 	54.467476 	-3.4839157 	7.6637896
-0.43723724 	-0.05 	0.455 	54.466792 	-3.4788619 	7.6692216
-0.43603604 	-0.05 	0.455 	54.466107 	-3.4738081 	7.6746536
-0.43483483 	-0.05 	0.455 	54.465423 	-3.4687543 	7.6800857
-0.43363363 	-0.05 	0.455 	54.464739 	-3.4637004 	7.6855177
-0.43243243 	-0.05 	0.455 	54.463883 	-3.4588663 	7.6909215
-0.43123123 	-0.05 	0.455 	54.462909 	-3.4541846 	7.6963058
-0.43003003 	-0.05 	0.455 	54.461935 	-3.4495029 	7.70169
-0.42882883 	-0.05 	0.455 	54.460961 	-3.4448212 	7.7070742
-0.42762763 	-0.05 	0.455 	54.459987 	-3.4401395 	7.7124585
-0.42642643 	-0.05 	0.455 	54.458762 	-3.4352099 	7.7179899
-0.42522523 	-0.05 	0.455 	54.457283 	-3.4300285 	7.7236709
-0.42402402 	-0.05 	0.455 	54.455804 	-3.4248471 	7.7293518
-0.42282282 	-0.05 	0.455 	54.454324 	-3.4196657 	7.7350327
-0.42162162 	-0.05 	0.455 	54.452845 	-3.4144843 	7.7407137
-0.42042042 	-0.05 	0.455 	54.451122 	-3.4094131 	7.7463948
-0.41921922 	-0.05 	0.455 	54.449071 	-3.4044902 	7.7520763
-0.41801802 	-0.05 	0.455 	54.44702 	-3.3995673 	7.7577577
-0.41681682 	-0.05 	0.455 	54.444969 	-3.3946445 	7.7634391
-0.41561562 	-0.05 	0.455 	54.442917 	-3.3897216 	7.7691205
-0.41441441 	-0.05 	0.455 	54.440866 	-3.3847987 	7.7748019
-0.41321321 	-0.05 	0.455 	54.438815 	-3.3798758 	7.7804834
-0.41201201 	-0.05 	0.455 	54.436764 	-3.3749529 	7.7861648
-0.41081081 	-0.05 	0.455 	54.434713 	-3.3700301 	7.7918462
-0.40960961 	-0.05 	0.455 	54.432662 	-3.3651072 	7.7975276
-0.40840841 	-0.05 	0.455 	54.430703 	-3.3601962 	7.8030243
-0.40720721 	-0.05 	0.455 	54.42887 	-3.3553014 	7.8082671
-0.40600601 	-0.05 	0.455 	54.427038 	-3.3504067 	7.81351
-0.4048048 	-0.05 	0.455 	54.425205 	-3.345512 	7.8187529
-0.4036036 	-0.05 	0.455 	54.423373 	-3.3406172 	7.8239957
-0.4024024 	-0.05 	0.455 	54.421431 	-3.3357953 	7.8292163
-0.4012012 	-0.05 	0.455 	54.419018 	-3.3312865 	7.8343411
-0.4 	-0.05 	0.455 	54.416606 	-3.3267778 	7.8394658
-0.3987988 	-0.05 	0.455 	54.414193 	-3.322269 	7.8445906
-0.3975976 	-0.05 	0.455 	54.411781 	-3.3177602 	7.8497154
-0.3963964 	-0.05 	0.455 	54.409349 	-3.3132229 	7.8548916
-0.3951952 	-0.05 	0.455 	54.406758 	-3.3084561 	7.8604818
-0.39399399 	-0.05 	0.455 	54.404167 	-3.3036893 	7.866072
-0.39279279 	-0.05 	0.455 	54.401576 	-3.2989225 	7.8716622
-0.39159159 	-0.05 	0.455 	54.398984 	-3.2941557 	7.8772524
-0.39039039 	-0.05 	0.455 	54.396369 	-3.2893855 	7.8828388
-0.38918919 	-0.05 	0.455 	54.393091 	-3.2845241 	7.8883216
-0.38798799 	-0.05 	0.455 	54.389814 	-3.2796627 	7.8938044
-0.38678679 	-0.05 	0.455 	54.386537 	-3.2748013 	7.8992872
-0.38558559 	-0.05 	0.455 	54.383259 	-3.2699399 	7.90477
-0.38438438 	-0.05 	0.455 	54.379982 	-3.2650785 	7.9102528
-0.38318318 	-0.05 	0.455 	54.376705 	-3.260217 	7.9157356
-0.38198198 	-0.05 	0.455 	54.373427 	-3.2553556 	7.9212184
-0.38078078 	-0.05 	0.455 	54.37015 	-3.2504942 	7.9267012
-0.37957958 	-0.05 	0.455 	54.366873 	-3.2456328 	7.932184
-0.37837838 	-0.05 	0.455 	54.363603 	-3.2407715 	7.9376517
-0.37717718 	-0.05 	0.455 	54.360542 	-3.2359122 	7.9427097
-0.37597598 	-0.05 	0.455 	54.357482 	-3.231053 	7.9477676
-0.37477477 	-0.05 	0.455 	54.354421 	-3.2261938 	7.9528256
-0.37357357 	-0.05 	0.455 	54.35136 	-3.2213345 	7.9578835
-0.37237237 	-0.05 	0.455 	54.348299 	-3.2164753 	7.9629415
-0.37117117 	-0.05 	0.455 	54.344749 	-3.211488 	7.9678687
-0.36996997 	-0.05 	0.455 	54.341058 	-3.2064643 	7.9727587
-0.36876877 	-0.05 	0.455 	54.337368 	-3.2014406 	7.9776486
-0.36756757 	-0.05 	0.455 	54.333678 	-3.1964169 	7.9825386
-0.36636637 	-0.05 	0.455 	54.329987 	-3.1913932 	7.9874285
-0.36516517 	-0.05 	0.455 	54.326367 	-3.1866999 	7.9927561
-0.36396396 	-0.05 	0.455 	54.322774 	-3.1821319 	7.9982496
-0.36276276 	-0.05 	0.455 	54.31918 	-3.1775638 	8.0037431
-0.36156156 	-0.05 	0.455 	54.315587 	-3.1729958 	8.0092366
-0.36036036 	-0.05 	0.455 	54.311993 	-3.1684278 	8.0147301
-0.35915916 	-0.05 	0.455 	54.307884 	-3.1637406 	8.0200547
-0.35795796 	-0.05 	0.455 	54.303549 	-3.1590016 	8.0253058
-0.35675676 	-0.05 	0.455 	54.299215 	-3.1542626 	8.0305569
-0.35555556 	-0.05 	0.455 	54.294881 	-3.1495236 	8.0358081
-0.35435435 	-0.05 	0.455 	54.290546 	-3.1447846 	8.0410592
-0.35315315 	-0.05 	0.455 	54.286212 	-3.1400456 	8.0463103
-0.35195195 	-0.05 	0.455 	54.281878 	-3.1353067 	8.0515615
-0.35075075 	-0.05 	0.455 	54.277543 	-3.1305677 	8.0568126
-0.34954955 	-0.05 	0.455 	54.273209 	-3.1258287 	8.0620637
-0.34834835 	-0.05 	0.455 	54.268874 	-3.1210897 	8.0673149
-0.34714715 	-0.05 	0.455 	54.264703 	-3.1163297 	8.0722953
-0.34594595 	-0.05 	0.455 	54.260617 	-3.1115586 	8.0771314
-0.34474474 	-0.05 	0.455 	54.256532 	-3.1067874 	8.0819674
-0.34354354 	-0.05 	0.455 	54.252447 	-3.1020162 	8.0868035
-0.34234234 	-0.05 	0.455 	54.248361 	-3.097245 	8.0916395
-0.34114114 	-0.05 	0.455 	54.244075 	-3.0925697 	8.0964127
-0.33993994 	-0.05 	0.455 	54.239357 	-3.0880999 	8.1010513
-0.33873874 	-0.05 	0.455 	54.234639 	-3.0836301 	8.1056899
-0.33753754 	-0.05 	0.455 	54.229921 	-3.0791603 	8.1103284
-0.33633634 	-0.05 	0.455 	54.225204 	-3.0746905 	8.114967
-0.33513514 	-0.05 	0.455 	54.220672 	-3.0703865 	8.1198257
-0.33393393 	-0.05 	0.455 	54.216495 	-3.0663995 	8.1251056
-0.33273273 	-0.05 	0.455 	54.212319 	-3.0624126 	8.1303855
-0.33153153 	-0.05 	0.455 	54.208142 	-3.0584256 	8.1356654
-0.33033033 	-0.05 	0.455 	54.203966 	-3.0544387 	8.1409453
-0.32912913 	-0.05 	0.455 	54.199259 	-3.0502605 	8.1460967
-0.32792793 	-0.05 	0.455 	54.193796 	-3.0458102 	8.1510653
-0.32672673 	-0.05 	0.455 	54.188334 	-3.0413598 	8.1560339
-0.32552553 	-0.05 	0.455 	54.182872 	-3.0369095 	8.1610025
-0.32432432 	-0.05 	0.455 	54.177409 	-3.0324592 	8.165971
-0.32312312 	-0.05 	0.455 	54.171947 	-3.0280088 	8.1709396
-0.32192192 	-0.05 	0.455 	54.166485 	-3.0235585 	8.1759082
-0.32072072 	-0.05 	0.455 	54.161022 	-3.0191081 	8.1808768
-0.31951952 	-0.05 	0.455 	54.15556 	-3.0146578 	8.1858454
-0.31831832 	-0.05 	0.455 	54.150098 	-3.0102074 	8.190814
-0.31711712 	-0.05 	0.455 	54.144711 	-3.0057546 	8.1956727
-0.31591592 	-0.05 	0.455 	54.13953 	-3.0012949 	8.2002346
-0.31471471 	-0.05 	0.455 	54.134349 	-2.9968352 	8.2047965
-0.31351351 	-0.05 	0.455 	54.129168 	-2.9923755 	8.2093584
-0.31231231 	-0.05 	0.455 	54.123987 	-2.9879159 	8.2139203
-0.31111111 	-0.05 	0.455 	54.118806 	-2.9834562 	8.2184822
-0.30990991 	-0.05 	0.455 	54.112927 	-2.9785598 	8.2227824
-0.30870871 	-0.05 	0.455 	54.106885 	-2.9735615 	8.2270215
-0.30750751 	-0.05 	0.455 	54.100843 	-2.9685631 	8.2312605
-0.30630631 	-0.05 	0.455 	54.094801 	-2.9635648 	8.2354996
-0.30510511 	-0.05 	0.455 	54.088759 	-2.9585665 	8.2397386
-0.3039039 	-0.05 	0.455 	54.083451 	-2.9548841 	8.2447904
-0.3027027 	-0.05 	0.455 	54.078171 	-2.9512537 	8.2498742
-0.3015015 	-0.05 	0.455 	54.072892 	-2.9476233 	8.2549581
-0.3003003 	-0.05 	0.455 	54.067612 	-2.9439929 	8.2600419
-0.2990991 	-0.05 	0.455 	54.062115 	-2.9403156 	8.2650718
-0.2978979 	-0.05 	0.455 	54.055248 	-2.9363433 	8.2697625
-0.2966967 	-0.05 	0.455 	54.048382 	-2.9323709 	8.2744531
-0.2954955 	-0.05 	0.455 	54.041515 	-2.9283986 	8.2791438
-0.29429429 	-0.05 	0.455 	54.034648 	-2.9244262 	8.2838344
-0.29309309 	-0.05 	0.455 	54.027782 	-2.9204539 	8.2885251
-0.29189189 	-0.05 	0.455 	54.020915 	-2.9164816 	8.2932157
-0.29069069 	-0.05 	0.455 	54.014048 	-2.9125092 	8.2979064
-0.28948949 	-0.05 	0.455 	54.007182 	-2.9085369 	8.302597
-0.28828829 	-0.05 	0.455 	54.000315 	-2.9045645 	8.3072876
-0.28708709 	-0.05 	0.455 	53.993448 	-2.9005922 	8.3119783
-0.28588589 	-0.05 	0.455 	53.986852 	-2.8966028 	8.3163168
-0.28468468 	-0.05 	0.455 	53.980289 	-2.8926113 	8.3206105
-0.28348348 	-0.05 	0.455 	53.973727 	-2.8886198 	8.3249041
-0.28228228 	-0.05 	0.455 	53.967165 	-2.8846283 	8.3291978
-0.28108108 	-0.05 	0.455 	53.960603 	-2.8806367 	8.3334915
-0.27987988 	-0.05 	0.455 	53.953576 	-2.8764893 	8.3376468
-0.27867868 	-0.05 	0.455 	53.945861 	-2.872111 	8.3415973
-0.27747748 	-0.05 	0.455 	53.938146 	-2.8677327 	8.3455477
-0.27627628 	-0.05 	0.455 	53.93043 	-2.8633544 	8.3494981
-0.27507508 	-0.05 	0.455 	53.922715 	-2.858976 	8.3534485
-0.27387387 	-0.05 	0.455 	53.915478 	-2.856333 	8.357932
-0.27267267 	-0.05 	0.455 	53.908591 	-2.8549667 	8.3628076
-0.27147147 	-0.05 	0.455 	53.901704 	-2.8536005 	8.3676833
-0.27027027 	-0.05 	0.455 	53.894818 	-2.8522342 	8.3725589
-0.26906907 	-0.05 	0.455 	53.887931 	-2.850868 	8.3774346
-0.26786787 	-0.05 	0.455 	53.879861 	-2.847649 	8.3819328
-0.26666667 	-0.05 	0.455 	53.871408 	-2.8438304 	8.386309
-0.26546547 	-0.05 	0.455 	53.862955 	-2.8400118 	8.3906851
-0.26426426 	-0.05 	0.455 	53.854502 	-2.8361932 	8.3950613
-0.26306306 	-0.05 	0.455 	53.84605 	-2.8323746 	8.3994374
-0.26186186 	-0.05 	0.455 	53.837597 	-2.828556 	8.4038136
-0.26066066 	-0.05 	0.455 	53.829144 	-2.8247375 	8.4081897
-0.25945946 	-0.05 	0.455 	53.820691 	-2.8209189 	8.4125659
-0.25825826 	-0.05 	0.455 	53.812238 	-2.8171003 	8.416942
-0.25705706 	-0.05 	0.455 	53.803785 	-2.8132817 	8.4213182
-0.25585586 	-0.05 	0.455 	53.795506 	-2.8094581 	8.4254989
-0.25465465 	-0.05 	0.455 	53.787398 	-2.8056295 	8.4294863
-0.25345345 	-0.05 	0.455 	53.77929 	-2.8018009 	8.4334737
-0.25225225 	-0.05 	0.455 	53.771182 	-2.7979724 	8.437461
-0.25105105 	-0.05 	0.455 	53.763074 	-2.7941438 	8.4414484
-0.24984985 	-0.05 	0.455 	53.754966 	-2.7903152 	8.4454358
-0.24864865 	-0.05 	0.455 	53.745494 	-2.7849346 	8.4490366
-0.24744745 	-0.05 	0.455 	53.736009 	-2.7795389 	8.4526335
-0.24624625 	-0.05 	0.455 	53.726524 	-2.7741432 	8.4562305
-0.24504505 	-0.05 	0.455 	53.717038 	-2.7687475 	8.4598275
-0.24384384 	-0.05 	0.455 	53.707795 	-2.7638301 	8.4636006
-0.24264264 	-0.05 	0.455 	53.699561 	-2.7609059 	8.4681078
-0.24144144 	-0.05 	0.455 	53.691327 	-2.7579818 	8.472615
-0.24024024 	-0.05 	0.455 	53.683094 	-2.7550577 	8.4771221
-0.23903904 	-0.05 	0.455 	53.67486 	-2.7521336 	8.4816293
-0.23783784 	-0.05 	0.455 	53.665843 	-2.7484908 	8.4859295
-0.23663664 	-0.05 	0.455 	53.65575 	-2.743861 	8.4899455
-0.23543544 	-0.05 	0.455 	53.645658 	-2.7392312 	8.4939615
-0.23423423 	-0.05 	0.455 	53.635565 	-2.7346013 	8.4979775
-0.23303303 	-0.05 	0.455 	53.625472 	-2.7299715 	8.5019934
-0.23183183 	-0.05 	0.455 	53.61538 	-2.7253416 	8.5060094
-0.23063063 	-0.05 	0.455 	53.605287 	-2.7207118 	8.5100254
-0.22942943 	-0.05 	0.455 	53.595195 	-2.7160819 	8.5140414
-0.22822823 	-0.05 	0.455 	53.585102 	-2.7114521 	8.5180574
-0.22702703 	-0.05 	0.455 	53.57501 	-2.7068223 	8.5220733
-0.22582583 	-0.05 	0.455 	53.56496 	-2.7021973 	8.5260445
-0.22462462 	-0.05 	0.455 	53.555229 	-2.697608 	8.5296849
-0.22342342 	-0.05 	0.455 	53.545498 	-2.6930187 	8.5333253
-0.22222222 	-0.05 	0.455 	53.535767 	-2.6884294 	8.5369657
-0.22102102 	-0.05 	0.455 	53.526036 	-2.6838402 	8.5406061
-0.21981982 	-0.05 	0.455 	53.516305 	-2.6792509 	8.5442465
-0.21861862 	-0.05 	0.455 	53.505774 	-2.6742173 	8.5476597
-0.21741742 	-0.05 	0.455 	53.494515 	-2.6687793 	8.550866
-0.21621622 	-0.05 	0.455 	53.483255 	-2.6633413 	8.5540722
-0.21501502 	-0.05 	0.455 	53.471996 	-2.6579033 	8.5572785
-0.21381381 	-0.05 	0.455 	53.460737 	-2.6524653 	8.5604848
-0.21261261 	-0.05 	0.455 	53.450924 	-2.6483399 	8.5645011
-0.21141141 	-0.05 	0.455 	53.44145 	-2.6445225 	8.5687074
-0.21021021 	-0.05 	0.455 	53.431976 	-2.6407051 	8.5729137
-0.20900901 	-0.05 	0.455 	53.422501 	-2.6368878 	8.57712
-0.20780781 	-0.05 	0.455 	53.412694 	-2.6329558 	8.5812541
-0.20660661 	-0.05 	0.455 	53.400803 	-2.6283077 	8.5849372
-0.20540541 	-0.05 	0.455 	53.388912 	-2.6236595 	8.5886203
-0.2042042 	-0.05 	0.455 	53.377021 	-2.6190114 	8.5923034
-0.203003 	-0.05 	0.455 	53.365131 	-2.6143633 	8.5959865
-0.2018018 	-0.05 	0.455 	53.35324 	-2.6097152 	8.5996696
-0.2006006 	-0.05 	0.455 	53.341349 	-2.605067 	8.6033528
-0.1993994 	-0.05 	0.455 	53.329458 	-2.6004189 	8.6070359
-0.1981982 	-0.05 	0.455 	53.317567 	-2.5957708 	8.610719
-0.196997 	-0.05 	0.455 	53.305676 	-2.5911226 	8.6144021
-0.1957958 	-0.05 	0.455 	53.293785 	-2.5864745 	8.6180852
-0.19459459 	-0.05 	0.455 	53.282172 	-2.5818169 	8.6214981
-0.19339339 	-0.05 	0.455 	53.270659 	-2.577156 	8.6248136
-0.19219219 	-0.05 	0.455 	53.259146 	-2.572495 	8.6281292
-0.19099099 	-0.05 	0.455 	53.247633 	-2.567834 	8.6314448
-0.18978979 	-0.05 	0.455 	53.236119 	-2.563173 	8.6347603
-0.18858859 	-0.05 	0.455 	53.22457 	-2.5585143 	8.638067
-0.18738739 	-0.05 	0.455 	53.211161 	-2.5539709 	8.6409161
-0.18618619 	-0.05 	0.455 	53.197751 	-2.5494276 	8.6437653
-0.18498498 	-0.05 	0.455 	53.184341 	-2.5448842 	8.6466144
-0.18378378 	-0.05 	0.455 	53.170932 	-2.5403408 	8.6494635
-0.18258258 	-0.05 	0.455 	53.158396 	-2.536564 	8.6527564
-0.18138138 	-0.05 	0.455 	53.147038 	-2.5338184 	8.6566463
-0.18018018 	-0.05 	0.455 	53.135679 	-2.5310729 	8.6605362
-0.17897898 	-0.05 	0.455 	53.12432 	-2.5283273 	8.6644261
-0.17777778 	-0.05 	0.455 	53.112961 	-2.5255818 	8.6683159
-0.17657658 	-0.05 	0.455 	53.099655 	-2.5218389 	8.6717144
-0.17537538 	-0.05 	0.455 	53.086022 	-2.5179286 	8.6750303
-0.17417417 	-0.05 	0.455 	53.072388 	-2.5140182 	8.6783462
-0.17297297 	-0.05 	0.455 	53.058755 	-2.5101078 	8.681662
-0.17177177 	-0.05 	0.455 	53.045122 	-2.5061975 	8.6849779
-0.17057057 	-0.05 	0.455 	53.031489 	-2.5022871 	8.6882938
-0.16936937 	-0.05 	0.455 	53.017855 	-2.4983768 	8.6916097
-0.16816817 	-0.05 	0.455 	53.004222 	-2.4944664 	8.6949256
-0.16696697 	-0.05 	0.455 	52.990589 	-2.4905561 	8.6982415
-0.16576577 	-0.05 	0.455 	52.976956 	-2.4866457 	8.7015574
-0.16456456 	-0.05 	0.455 	52.963479 	-2.4827066 	8.7047464
-0.16336336 	-0.05 	0.455 	52.95029 	-2.4787147 	8.7077018
-0.16216216 	-0.05 	0.455 	52.937101 	-2.4747228 	8.7106571
-0.16096096 	-0.05 	0.455 	52.923912 	-2.4707309 	8.7136125
-0.15975976 	-0.05 	0.455 	52.910723 	-2.466739 	8.7165678
-0.15855856 	-0.05 	0.455 	52.897534 	-2.4627471 	8.7195231
-0.15735736 	-0.05 	0.455 	52.883295 	-2.4582742 	8.7221468
-0.15615616 	-0.05 	0.455 	52.868392 	-2.4534976 	8.7245611
-0.15495495 	-0.05 	0.455 	52.85349 	-2.448721 	8.7269755
-0.15375375 	-0.05 	0.455 	52.838587 	-2.4439443 	8.7293898
-0.15255255 	-0.05 	0.455 	52.823756 	-2.4392883 	8.7318493
-0.15135135 	-0.05 	0.455 	52.810576 	-2.4374156 	8.7353531
-0.15015015 	-0.05 	0.455 	52.797395 	-2.4355428 	8.7388569
-0.14894895 	-0.05 	0.455 	52.784214 	-2.4336701 	8.7423607
-0.14774775 	-0.05 	0.455 	52.771033 	-2.4317974 	8.7458645
-0.14654655 	-0.05 	0.455 	52.756722 	-2.4295515 	8.7490529
-0.14534535 	-0.05 	0.455 	52.741178 	-2.426898 	8.7518971
-0.14414414 	-0.05 	0.455 	52.725633 	-2.4242446 	8.7547412
-0.14294294 	-0.05 	0.455 	52.710089 	-2.4215912 	8.7575853
-0.14174174 	-0.05 	0.455 	52.694544 	-2.4189378 	8.7604295
-0.14054054 	-0.05 	0.455 	52.679 	-2.4162843 	8.7632736
-0.13933934 	-0.05 	0.455 	52.663455 	-2.4136309 	8.7661178
-0.13813814 	-0.05 	0.455 	52.647911 	-2.4109775 	8.7689619
-0.13693694 	-0.05 	0.455 	52.632366 	-2.408324 	8.7718061
-0.13573574 	-0.05 	0.455 	52.616822 	-2.4056706 	8.7746502
-0.13453453 	-0.05 	0.455 	52.601278 	-2.4030172 	8.7774943
-0.13333333 	-0.05 	0.455 	52.586247 	-2.4002598 	8.7800058
-0.13213213 	-0.05 	0.455 	52.571235 	-2.3974989 	8.7825056
-0.13093093 	-0.05 	0.455 	52.556222 	-2.3947379 	8.7850055
-0.12972973 	-0.05 	0.455 	52.54121 	-2.3919769 	8.7875053
-0.12852853 	-0.05 	0.455 	52.526198 	-2.3892159 	8.7900051
-0.12732733 	-0.05 	0.455 	52.510851 	-2.3863832 	8.7924011
-0.12612613 	-0.05 	0.455 	52.494037 	-2.3832356 	8.7943416
-0.12492492 	-0.05 	0.455 	52.477224 	-2.380088 	8.7962821
-0.12372372 	-0.05 	0.455 	52.46041 	-2.3769405 	8.7982225
-0.12252252 	-0.05 	0.455 	52.443596 	-2.3737929 	8.800163
-0.12132132 	-0.05 	0.455 	52.427692 	-2.3726693 	8.8027655
-0.12012012 	-0.05 	0.455 	52.412265 	-2.3726096 	8.8057161
-0.11891892 	-0.05 	0.455 	52.396838 	-2.3725499 	8.8086667
-0.11771772 	-0.05 	0.455 	52.381411 	-2.3724902 	8.8116173
-0.11651652 	-0.05 	0.455 	52.365576 	-2.3723035 	8.8144685
-0.11531532 	-0.05 	0.455 	52.347521 	-2.3714255 	8.8167784
-0.11411411 	-0.05 	0.455 	52.329467 	-2.3705474 	8.8190883
-0.11291291 	-0.05 	0.455 	52.311412 	-2.3696694 	8.8213981
-0.11171171 	-0.05 	0.455 	52.293357 	-2.3687913 	8.823708
-0.11051051 	-0.05 	0.455 	52.275302 	-2.3679133 	8.8260179
-0.10930931 	-0.05 	0.455 	52.257247 	-2.3670352 	8.8283278
-0.10810811 	-0.05 	0.455 	52.239192 	-2.3661571 	8.8306377
-0.10690691 	-0.05 	0.455 	52.221137 	-2.3652791 	8.8329475
-0.10570571 	-0.05 	0.455 	52.203082 	-2.364401 	8.8352574
-0.1045045 	-0.05 	0.455 	52.185027 	-2.363523 	8.8375673
-0.1033033 	-0.05 	0.455 	52.167333 	-2.3625256 	8.8396909
-0.1021021 	-0.05 	0.455 	52.149902 	-2.3614413 	8.8416788
-0.1009009 	-0.05 	0.455 	52.132471 	-2.360357 	8.8436666
-0.0996997 	-0.05 	0.455 	52.11504 	-2.3592726 	8.8456545
-0.098498498 	-0.05 	0.455 	52.097609 	-2.3581883 	8.8476424
-0.097297297 	-0.05 	0.455 	52.080178 	-2.357104 	8.8496303
-0.096096096 	-0.05 	0.455 	52.061524 	-2.3557416 	8.8512414
-0.094894895 	-0.05 	0.455 	52.042319 	-2.3542538 	8.8526826
-0.093693694 	-0.05 	0.455 	52.023115 	-2.3527659 	8.8541237
-0.092492492 	-0.05 	0.455 	52.00391 	-2.3512781 	8.8555648
-0.091291291 	-0.05 	0.455 	51.984973 	-2.3505834 	8.8572634
-0.09009009 	-0.05 	0.455 	51.966773 	-2.3520666 	8.859669
-0.088888889 	-0.05 	0.455 	51.948573 	-2.3535499 	8.8620745
-0.087687688 	-0.05 	0.455 	51.930372 	-2.3550332 	8.86448
-0.086486486 	-0.05 	0.455 	51.912172 	-2.3565164 	8.8668856
-0.085285285 	-0.05 	0.455 	51.892298 	-2.358944 	8.8685813
-0.084084084 	-0.05 	0.455 	51.87223 	-2.3614815 	8.8701944
-0.082882883 	-0.05 	0.455 	51.852162 	-2.3640189 	8.8718076
-0.081681682 	-0.05 	0.455 	51.832094 	-2.3665564 	8.8734208
-0.08048048 	-0.05 	0.455 	51.812025 	-2.3690938 	8.8750339
-0.079279279 	-0.05 	0.455 	51.791957 	-2.3716313 	8.8766471
-0.078078078 	-0.05 	0.455 	51.771889 	-2.3741687 	8.8782602
-0.076876877 	-0.05 	0.455 	51.751821 	-2.3767062 	8.8798734
-0.075675676 	-0.05 	0.455 	51.731753 	-2.3792436 	8.8814866
-0.074474474 	-0.05 	0.455 	51.711685 	-2.3817811 	8.8830997
-0.073273273 	-0.05 	0.455 	51.691764 	-2.384245 	8.8846604
-0.072072072 	-0.05 	0.455 	51.672473 	-2.3863958 	8.8859978
-0.070870871 	-0.05 	0.455 	51.653181 	-2.3885467 	8.8873353
-0.06966967 	-0.05 	0.455 	51.63389 	-2.3906975 	8.8886727
-0.068468468 	-0.05 	0.455 	51.614598 	-2.3928484 	8.8900102
-0.067267267 	-0.05 	0.455 	51.595307 	-2.3949992 	8.8913476
-0.066066066 	-0.05 	0.455 	51.575943 	-2.3973157 	8.8926032
-0.064864865 	-0.05 	0.455 	51.556105 	-2.4007184 	8.893322
-0.063663664 	-0.05 	0.455 	51.536268 	-2.404121 	8.8940409
-0.062462462 	-0.05 	0.455 	51.51643 	-2.4075236 	8.8947598
-0.061261261 	-0.05 	0.455 	51.496593 	-2.4109263 	8.8954787
-0.06006006 	-0.05 	0.455 	51.477822 	-2.4160648 	8.897011
-0.058858859 	-0.05 	0.455 	51.459199 	-2.4214429 	8.8986556
-0.057657658 	-0.05 	0.455 	51.440576 	-2.426821 	8.9003001
-0.056456456 	-0.05 	0.455 	51.421953 	-2.4321991 	8.9019447
-0.055255255 	-0.05 	0.455 	51.400934 	-2.4384836 	8.9032829
-0.054054054 	-0.05 	0.455 	51.37796 	-2.4455076 	8.9043711
-0.052852853 	-0.05 	0.455 	51.354986 	-2.4525317 	8.9054592
-0.051651652 	-0.05 	0.455 	51.332012 	-2.4595558 	8.9065474
-0.05045045 	-0.05 	0.455 	51.309038 	-2.4665798 	8.9076356
-0.049249249 	-0.05 	0.455 	51.286064 	-2.4736039 	8.9087238
-0.048048048 	-0.05 	0.455 	51.263091 	-2.4806279 	8.9098119
-0.046846847 	-0.05 	0.455 	51.240117 	-2.487652 	8.9109001
-0.045645646 	-0.05 	0.455 	51.217143 	-2.4946761 	8.9119883
-0.044444444 	-0.05 	0.455 	51.194169 	-2.5017001 	8.9130764
-0.043243243 	-0.05 	0.455 	51.171195 	-2.5087242 	8.9141646
-0.042042042 	-0.05 	0.455 	51.148875 	-2.5153659 	8.9150935
-0.040840841 	-0.05 	0.455 	51.126764 	-2.5218855 	8.9159715
-0.03963964 	-0.05 	0.455 	51.104652 	-2.528405 	8.9168495
-0.038438438 	-0.05 	0.455 	51.082541 	-2.5349246 	8.9177275
-0.037237237 	-0.05 	0.455 	51.06043 	-2.5414442 	8.9186055
-0.036036036 	-0.05 	0.455 	51.03811 	-2.5482032 	8.9194388
-0.034834835 	-0.05 	0.455 	51.013219 	-2.5579043 	8.9197218
-0.033633634 	-0.05 	0.455 	50.988328 	-2.5676055 	8.9200048
-0.032432432 	-0.05 	0.455 	50.963437 	-2.5773067 	8.9202878
-0.031231231 	-0.05 	0.455 	50.938545 	-2.5870079 	8.9205708
-0.03003003 	-0.05 	0.455 	50.913861 	-2.5982295 	8.921032
-0.028828829 	-0.05 	0.455 	50.889472 	-2.6116254 	8.9217481
-0.027627628 	-0.05 	0.455 	50.865083 	-2.6250212 	8.9224642
-0.026426426 	-0.05 	0.455 	50.840694 	-2.638417 	8.9231802
-0.025225225 	-0.05 	0.455 	50.816305 	-2.6518128 	8.9238963
-0.024024024 	-0.05 	0.455 	50.791916 	-2.6652087 	8.9246123
-0.022822823 	-0.05 	0.455 	50.767527 	-2.6786045 	8.9253284
-0.021621622 	-0.05 	0.455 	50.743138 	-2.6920003 	8.9260445
-0.02042042 	-0.05 	0.455 	50.714987 	-2.7049757 	8.9269132
-0.019219219 	-0.05 	0.455 	50.686553 	-2.718051 	8.927818
-0.018018018 	-0.05 	0.455 	50.657752 	-2.7316898 	8.9288511
-0.016816817 	-0.05 	0.455 	50.628951 	-2.7453285 	8.9298841
-0.015615616 	-0.05 	0.455 	50.600151 	-2.7589673 	8.9309172
-0.014414414 	-0.05 	0.455 	50.57749 	-2.7773649 	8.9310465
-0.013213213 	-0.05 	0.455 	50.558626 	-2.7987054 	8.9306169
-0.012012012 	-0.05 	0.455 	50.539759 	-2.8192183 	8.9302626
-0.010810811 	-0.05 	0.455 	50.520874 	-2.8371722 	8.9301571
-0.0096096096 	-0.05 	0.455 	50.50199 	-2.8551261 	8.9300516
-0.0084084084 	-0.05 	0.455 	50.483106 	-2.87308 	8.9299461
-0.0072072072 	-0.05 	0.455 	50.464222 	-2.8910339 	8.9298406
-0.006006006 	-0.05 	0.455 	50.445338 	-2.9089878 	8.9297351
-0.0048048048 	-0.05 	0.455 	50.426453 	-2.9269417 	8.9296296
-0.0036036036 	-0.05 	0.455 	50.407569 	-2.9448956 	8.9295241
-0.0024024024 	-0.05 	0.455 	50.388685 	-2.9628495 	8.9294186
-0.0012012012 	-0.05 	0.455 	50.369801 	-2.9808034 	8.9293131
-7.9673367e-15 	-0.05 	0.455 	50.350917 	-2.9987573 	8.9292076
