0 	0.25 	0.546 	53.78677 	-7.5340512 	-6.6792979
-0.0012012012 	0.25 	0.546 	53.791487 	-7.5431202 	-6.6812215
-0.0024024024 	0.25 	0.546 	53.796205 	-7.5521891 	-6.6831451
-0.0036036036 	0.25 	0.546 	53.800923 	-7.561258 	-6.6850687
-0.0048048048 	0.25 	0.546 	53.80564 	-7.5703269 	-6.6869923
-0.006006006 	0.25 	0.546 	53.811224 	-7.5793175 	-6.688717
-0.0072072072 	0.25 	0.546 	53.818657 	-7.5881408 	-6.6900166
-0.0084084084 	0.25 	0.546 	53.82609 	-7.5969641 	-6.6913161
-0.0096096096 	0.25 	0.546 	53.833523 	-7.6057875 	-6.6926156
-0.010810811 	0.25 	0.546 	53.840956 	-7.6146108 	-6.6939152
-0.012012012 	0.25 	0.546 	53.848389 	-7.6234341 	-6.6952147
-0.013213213 	0.25 	0.546 	53.855822 	-7.6322574 	-6.6965143
-0.014414414 	0.25 	0.546 	53.863256 	-7.6410807 	-6.6978138
-0.015615616 	0.25 	0.546 	53.870689 	-7.649904 	-6.6991133
-0.016816817 	0.25 	0.546 	53.878122 	-7.6587273 	-6.7004129
-0.018018018 	0.25 	0.546 	53.885555 	-7.6675506 	-6.7017124
-0.019219219 	0.25 	0.546 	53.892988 	-7.6763739 	-6.703012
-0.02042042 	0.25 	0.546 	53.900421 	-7.6851972 	-6.7043115
-0.021621622 	0.25 	0.546 	53.908968 	-7.6951677 	-6.7060426
-0.022822823 	0.25 	0.546 	53.91799 	-7.7056277 	-6.7079578
-0.024024024 	0.25 	0.546 	53.927013 	-7.7160876 	-6.709873
-0.025225225 	0.25 	0.546 	53.936035 	-7.7265476 	-6.7117881
-0.026426426 	0.25 	0.546 	53.945057 	-7.7370076 	-6.7137033
-0.027627628 	0.25 	0.546 	53.954079 	-7.7474675 	-6.7156185
-0.028828829 	0.25 	0.546 	53.963102 	-7.7579275 	-6.7175337
-0.03003003 	0.25 	0.546 	53.972124 	-7.7683874 	-6.7194489
-0.031231231 	0.25 	0.546 	53.981146 	-7.7788474 	-6.7213641
-0.032432432 	0.25 	0.546 	53.990168 	-7.7893073 	-6.7232793
-0.033633634 	0.25 	0.546 	53.99919 	-7.7997673 	-6.7251945
-0.034834835 	0.25 	0.546 	54.008213 	-7.8102273 	-6.7271097
-0.036036036 	0.25 	0.546 	54.017235 	-7.8206872 	-6.7290248
-0.037237237 	0.25 	0.546 	54.026257 	-7.8311472 	-6.73094
-0.038438438 	0.25 	0.546 	54.035279 	-7.8416071 	-6.7328552
-0.03963964 	0.25 	0.546 	54.044302 	-7.8520671 	-6.7347704
-0.040840841 	0.25 	0.546 	54.053324 	-7.862527 	-6.7366856
-0.042042042 	0.25 	0.546 	54.062346 	-7.872987 	-6.7386008
-0.043243243 	0.25 	0.546 	54.071368 	-7.883447 	-6.740516
-0.044444444 	0.25 	0.546 	54.08039 	-7.8939069 	-6.7424312
-0.045645646 	0.25 	0.546 	54.089413 	-7.9043669 	-6.7443464
-0.046846847 	0.25 	0.546 	54.098435 	-7.9148268 	-6.7462615
-0.048048048 	0.25 	0.546 	54.107457 	-7.9252868 	-6.7481767
-0.049249249 	0.25 	0.546 	54.116479 	-7.9357467 	-6.7500919
-0.05045045 	0.25 	0.546 	54.125502 	-7.9462067 	-6.7520071
-0.051651652 	0.25 	0.546 	54.134524 	-7.9566667 	-6.7539223
-0.052852853 	0.25 	0.546 	54.143546 	-7.9671266 	-6.7558375
-0.054054054 	0.25 	0.546 	54.15374 	-7.9773612 	-6.7574476
-0.055255255 	0.25 	0.546 	54.165326 	-7.9873277 	-6.7586949
-0.056456456 	0.25 	0.546 	54.176913 	-7.9972943 	-6.7599422
-0.057657658 	0.25 	0.546 	54.1885 	-8.0072608 	-6.7611895
-0.058858859 	0.25 	0.546 	54.200086 	-8.0172274 	-6.7624369
-0.06006006 	0.25 	0.546 	54.211673 	-8.0271939 	-6.7636842
-0.061261261 	0.25 	0.546 	54.22313 	-8.0392028 	-6.7654688
-0.062462462 	0.25 	0.546 	54.234582 	-8.051288 	-6.7672736
-0.063663664 	0.25 	0.546 	54.246034 	-8.0633732 	-6.7690783
-0.064864865 	0.25 	0.546 	54.257486 	-8.0754584 	-6.7708831
-0.066066066 	0.25 	0.546 	54.268938 	-8.0875436 	-6.7726878
-0.067267267 	0.25 	0.546 	54.280702 	-8.0987467 	-6.7743876
-0.068468468 	0.25 	0.546 	54.2928 	-8.1089984 	-6.7759743
-0.06966967 	0.25 	0.546 	54.304899 	-8.11925 	-6.7775609
-0.070870871 	0.25 	0.546 	54.316998 	-8.1295017 	-6.7791476
-0.072072072 	0.25 	0.546 	54.329096 	-8.1397534 	-6.7807342
-0.073273273 	0.25 	0.546 	54.341195 	-8.150005 	-6.7823209
-0.074474474 	0.25 	0.546 	54.353293 	-8.1602567 	-6.7839075
-0.075675676 	0.25 	0.546 	54.365392 	-8.1705084 	-6.7854942
-0.076876877 	0.25 	0.546 	54.377491 	-8.1807601 	-6.7870808
-0.078078078 	0.25 	0.546 	54.389589 	-8.1910117 	-6.7886675
-0.079279279 	0.25 	0.546 	54.401688 	-8.2012634 	-6.7902541
-0.08048048 	0.25 	0.546 	54.413787 	-8.2115151 	-6.7918408
-0.081681682 	0.25 	0.546 	54.425885 	-8.2217667 	-6.7934274
-0.082882883 	0.25 	0.546 	54.437984 	-8.2320184 	-6.7950141
-0.084084084 	0.25 	0.546 	54.450083 	-8.2422701 	-6.7966007
-0.085285285 	0.25 	0.546 	54.462181 	-8.2525217 	-6.7981874
-0.086486486 	0.25 	0.546 	54.47428 	-8.2627734 	-6.799774
-0.087687688 	0.25 	0.546 	54.486379 	-8.2730251 	-6.8013607
-0.088888889 	0.25 	0.546 	54.498477 	-8.2832768 	-6.8029473
-0.09009009 	0.25 	0.546 	54.510576 	-8.2935284 	-6.804534
-0.091291291 	0.25 	0.546 	54.522674 	-8.3037801 	-6.8061206
-0.092492492 	0.25 	0.546 	54.534773 	-8.3140318 	-6.8077073
-0.093693694 	0.25 	0.546 	54.546872 	-8.3242834 	-6.8092939
-0.094894895 	0.25 	0.546 	54.55897 	-8.3345351 	-6.8108806
-0.096096096 	0.25 	0.546 	54.571069 	-8.3447868 	-6.8124672
-0.097297297 	0.25 	0.546 	54.583168 	-8.3550385 	-6.8140539
-0.098498498 	0.25 	0.546 	54.595266 	-8.3652901 	-6.8156405
-0.0996997 	0.25 	0.546 	54.607365 	-8.3755418 	-6.8172272
-0.1009009 	0.25 	0.546 	54.619408 	-8.3849033 	-6.8185458
-0.1021021 	0.25 	0.546 	54.631448 	-8.394213 	-6.8198488
-0.1033033 	0.25 	0.546 	54.643487 	-8.4035228 	-6.8211519
-0.1045045 	0.25 	0.546 	54.655527 	-8.4128325 	-6.8224549
-0.10570571 	0.25 	0.546 	54.667566 	-8.4221422 	-6.8237579
-0.10690691 	0.25 	0.546 	54.679606 	-8.431452 	-6.825061
-0.10810811 	0.25 	0.546 	54.691646 	-8.4407617 	-6.826364
-0.10930931 	0.25 	0.546 	54.703685 	-8.4500714 	-6.827667
-0.11051051 	0.25 	0.546 	54.715725 	-8.4593812 	-6.8289701
-0.11171171 	0.25 	0.546 	54.727765 	-8.4686909 	-6.8302731
-0.11291291 	0.25 	0.546 	54.739804 	-8.4780006 	-6.8315761
-0.11411411 	0.25 	0.546 	54.751844 	-8.4873104 	-6.8328792
-0.11531532 	0.25 	0.546 	54.764552 	-8.4959327 	-6.8341329
-0.11651652 	0.25 	0.546 	54.777559 	-8.5042474 	-6.8353647
-0.11771772 	0.25 	0.546 	54.790566 	-8.5125621 	-6.8365964
-0.11891892 	0.25 	0.546 	54.803573 	-8.5208767 	-6.8378282
-0.12012012 	0.25 	0.546 	54.81658 	-8.5291914 	-6.8390599
-0.12132132 	0.25 	0.546 	54.829512 	-8.5376179 	-6.8404205
-0.12252252 	0.25 	0.546 	54.842156 	-8.5464705 	-6.8422718
-0.12372372 	0.25 	0.546 	54.8548 	-8.5553231 	-6.8441232
-0.12492492 	0.25 	0.546 	54.867445 	-8.5641757 	-6.8459746
-0.12612613 	0.25 	0.546 	54.880089 	-8.5730283 	-6.847826
-0.12732733 	0.25 	0.546 	54.892733 	-8.5818809 	-6.8496774
-0.12852853 	0.25 	0.546 	54.906564 	-8.5907234 	-6.8508874
-0.12972973 	0.25 	0.546 	54.920836 	-8.599562 	-6.8518585
-0.13093093 	0.25 	0.546 	54.935109 	-8.6084007 	-6.8528297
-0.13213213 	0.25 	0.546 	54.949381 	-8.6172394 	-6.8538008
-0.13333333 	0.25 	0.546 	54.963653 	-8.626078 	-6.854772
-0.13453453 	0.25 	0.546 	54.977926 	-8.6349167 	-6.8557431
-0.13573574 	0.25 	0.546 	54.992198 	-8.6437553 	-6.8567143
-0.13693694 	0.25 	0.546 	55.00647 	-8.652594 	-6.8576854
-0.13813814 	0.25 	0.546 	55.020743 	-8.6614326 	-6.8586566
-0.13933934 	0.25 	0.546 	55.035015 	-8.6702713 	-6.8596277
-0.14054054 	0.25 	0.546 	55.049287 	-8.67911 	-6.8605989
-0.14174174 	0.25 	0.546 	55.06356 	-8.6879486 	-6.86157
-0.14294294 	0.25 	0.546 	55.077913 	-8.6967544 	-6.8626246
-0.14414414 	0.25 	0.546 	55.092314 	-8.7055413 	-6.8637274
-0.14534535 	0.25 	0.546 	55.106714 	-8.7143282 	-6.8648301
-0.14654655 	0.25 	0.546 	55.121115 	-8.7231151 	-6.8659329
-0.14774775 	0.25 	0.546 	55.135515 	-8.7319019 	-6.8670356
-0.14894895 	0.25 	0.546 	55.149916 	-8.7406888 	-6.8681383
-0.15015015 	0.25 	0.546 	55.164316 	-8.7494757 	-6.8692411
-0.15135135 	0.25 	0.546 	55.178717 	-8.7582625 	-6.8703438
-0.15255255 	0.25 	0.546 	55.193117 	-8.7670494 	-6.8714466
-0.15375375 	0.25 	0.546 	55.207518 	-8.7758363 	-6.8725493
-0.15495495 	0.25 	0.546 	55.221918 	-8.7846232 	-6.8736521
-0.15615616 	0.25 	0.546 	55.236319 	-8.79341 	-6.8747548
-0.15735736 	0.25 	0.546 	55.250719 	-8.8021969 	-6.8758576
-0.15855856 	0.25 	0.546 	55.26512 	-8.8109838 	-6.8769603
-0.15975976 	0.25 	0.546 	55.27952 	-8.8197707 	-6.8780631
-0.16096096 	0.25 	0.546 	55.293921 	-8.8285575 	-6.8791658
-0.16216216 	0.25 	0.546 	55.308321 	-8.8373444 	-6.8802686
-0.16336336 	0.25 	0.546 	55.322721 	-8.8461313 	-6.8813713
-0.16456456 	0.25 	0.546 	55.337122 	-8.8549182 	-6.8824741
-0.16576577 	0.25 	0.546 	55.351522 	-8.863705 	-6.8835768
-0.16696697 	0.25 	0.546 	55.365923 	-8.8724919 	-6.8846795
-0.16816817 	0.25 	0.546 	55.380323 	-8.8812788 	-6.8857823
-0.16936937 	0.25 	0.546 	55.394724 	-8.8900657 	-6.886885
-0.17057057 	0.25 	0.546 	55.409124 	-8.8988525 	-6.8879878
-0.17177177 	0.25 	0.546 	55.423525 	-8.9076394 	-6.8890905
-0.17297297 	0.25 	0.546 	55.437925 	-8.9164263 	-6.8901933
-0.17417417 	0.25 	0.546 	55.452326 	-8.9252132 	-6.891296
-0.17537538 	0.25 	0.546 	55.466726 	-8.934 	-6.8923988
-0.17657658 	0.25 	0.546 	55.482698 	-8.9425482 	-6.8927019
-0.17777778 	0.25 	0.546 	55.498732 	-8.9510868 	-6.8929729
-0.17897898 	0.25 	0.546 	55.514767 	-8.9596254 	-6.893244
-0.18018018 	0.25 	0.546 	55.530802 	-8.968164 	-6.893515
-0.18138138 	0.25 	0.546 	55.546836 	-8.9767026 	-6.893786
-0.18258258 	0.25 	0.546 	55.56311 	-8.9856172 	-6.894478
-0.18378378 	0.25 	0.546 	55.579642 	-8.9949374 	-6.895624
-0.18498498 	0.25 	0.546 	55.596173 	-9.0042577 	-6.89677
-0.18618619 	0.25 	0.546 	55.612705 	-9.0135779 	-6.8979161
-0.18738739 	0.25 	0.546 	55.629237 	-9.0228981 	-6.8990621
-0.18858859 	0.25 	0.546 	55.645768 	-9.0322184 	-6.9002081
-0.18978979 	0.25 	0.546 	55.661939 	-9.0399398 	-6.9004509
-0.19099099 	0.25 	0.546 	55.67811 	-9.04766 	-6.9006929
-0.19219219 	0.25 	0.546 	55.694281 	-9.0553801 	-6.900935
-0.19339339 	0.25 	0.546 	55.710452 	-9.0631002 	-6.901177
-0.19459459 	0.25 	0.546 	55.726623 	-9.0708204 	-6.901419
-0.1957958 	0.25 	0.546 	55.742793 	-9.0785405 	-6.9016611
-0.196997 	0.25 	0.546 	55.758964 	-9.0862606 	-6.9019031
-0.1981982 	0.25 	0.546 	55.775135 	-9.0939808 	-6.9021451
-0.1993994 	0.25 	0.546 	55.791306 	-9.1017009 	-6.9023872
-0.2006006 	0.25 	0.546 	55.807476 	-9.109421 	-6.9026292
-0.2018018 	0.25 	0.546 	55.823647 	-9.1171412 	-6.9028713
-0.203003 	0.25 	0.546 	55.839818 	-9.1248613 	-6.9031133
-0.2042042 	0.25 	0.546 	55.855989 	-9.1325814 	-6.9033553
-0.20540541 	0.25 	0.546 	55.87216 	-9.1403016 	-6.9035974
-0.20660661 	0.25 	0.546 	55.88833 	-9.1480217 	-6.9038394
-0.20780781 	0.25 	0.546 	55.904501 	-9.1557418 	-6.9040814
-0.20900901 	0.25 	0.546 	55.920672 	-9.163462 	-6.9043235
-0.21021021 	0.25 	0.546 	55.936843 	-9.1711821 	-6.9045655
-0.21141141 	0.25 	0.546 	55.953013 	-9.1789022 	-6.9048075
-0.21261261 	0.25 	0.546 	55.969184 	-9.1866224 	-6.9050496
-0.21381381 	0.25 	0.546 	55.985355 	-9.1943425 	-6.9052916
-0.21501502 	0.25 	0.546 	56.001526 	-9.2020626 	-6.9055337
-0.21621622 	0.25 	0.546 	56.017697 	-9.2097828 	-6.9057757
-0.21741742 	0.25 	0.546 	56.033867 	-9.2175029 	-6.9060177
-0.21861862 	0.25 	0.546 	56.050038 	-9.225223 	-6.9062598
-0.21981982 	0.25 	0.546 	56.066209 	-9.2329432 	-6.9065018
-0.22102102 	0.25 	0.546 	56.08238 	-9.2406633 	-6.9067438
-0.22222222 	0.25 	0.546 	56.09855 	-9.2483834 	-6.9069859
-0.22342342 	0.25 	0.546 	56.114805 	-9.2557347 	-6.9071322
-0.22462462 	0.25 	0.546 	56.131062 	-9.263078 	-6.9072765
-0.22582583 	0.25 	0.546 	56.147318 	-9.2704213 	-6.9074208
-0.22702703 	0.25 	0.546 	56.163575 	-9.2777646 	-6.9075651
-0.22822823 	0.25 	0.546 	56.179831 	-9.2851079 	-6.9077094
-0.22942943 	0.25 	0.546 	56.196088 	-9.2924512 	-6.9078537
-0.23063063 	0.25 	0.546 	56.212345 	-9.2997945 	-6.907998
-0.23183183 	0.25 	0.546 	56.228601 	-9.3071378 	-6.9081423
-0.23303303 	0.25 	0.546 	56.244858 	-9.3144811 	-6.9082866
-0.23423423 	0.25 	0.546 	56.261114 	-9.3218245 	-6.9084309
-0.23543544 	0.25 	0.546 	56.277371 	-9.3291678 	-6.9085752
-0.23663664 	0.25 	0.546 	56.293656 	-9.3363371 	-6.9085781
-0.23783784 	0.25 	0.546 	56.310047 	-9.342873 	-6.9080656
-0.23903904 	0.25 	0.546 	56.326437 	-9.3494088 	-6.907553
-0.24024024 	0.25 	0.546 	56.342828 	-9.3559446 	-6.9070405
-0.24144144 	0.25 	0.546 	56.359219 	-9.3624805 	-6.906528
-0.24264264 	0.25 	0.546 	56.375609 	-9.3690163 	-6.9060155
-0.24384384 	0.25 	0.546 	56.392577 	-9.3753611 	-6.9059617
-0.24504505 	0.25 	0.546 	56.409756 	-9.3816363 	-6.906075
-0.24624625 	0.25 	0.546 	56.426934 	-9.3879115 	-6.9061882
-0.24744745 	0.25 	0.546 	56.444113 	-9.3941867 	-6.9063014
-0.24864865 	0.25 	0.546 	56.461291 	-9.4004619 	-6.9064146
-0.24984985 	0.25 	0.546 	56.478565 	-9.4069424 	-6.9063198
-0.25105105 	0.25 	0.546 	56.496124 	-9.4140313 	-6.9056085
-0.25225225 	0.25 	0.546 	56.513683 	-9.4211202 	-6.9048972
-0.25345345 	0.25 	0.546 	56.531241 	-9.4282091 	-6.9041858
-0.25465465 	0.25 	0.546 	56.5488 	-9.435298 	-6.9034745
-0.25585586 	0.25 	0.546 	56.566359 	-9.4423869 	-6.9027632
-0.25705706 	0.25 	0.546 	56.583917 	-9.4494758 	-6.9020519
-0.25825826 	0.25 	0.546 	56.601476 	-9.4565647 	-6.9013405
-0.25945946 	0.25 	0.546 	56.619035 	-9.4636536 	-6.9006292
-0.26066066 	0.25 	0.546 	56.636594 	-9.4707425 	-6.8999179
-0.26186186 	0.25 	0.546 	56.654152 	-9.4778314 	-6.8992066
-0.26306306 	0.25 	0.546 	56.671711 	-9.4849202 	-6.8984952
-0.26426426 	0.25 	0.546 	56.689188 	-9.491941 	-6.8978627
-0.26546547 	0.25 	0.546 	56.706622 	-9.4989253 	-6.8972721
-0.26666667 	0.25 	0.546 	56.724056 	-9.5059096 	-6.8966816
-0.26786787 	0.25 	0.546 	56.74149 	-9.512894 	-6.896091
-0.26906907 	0.25 	0.546 	56.758924 	-9.5198783 	-6.8955005
-0.27027027 	0.25 	0.546 	56.776358 	-9.5268626 	-6.89491
-0.27147147 	0.25 	0.546 	56.793792 	-9.5338469 	-6.8943194
-0.27267267 	0.25 	0.546 	56.811226 	-9.5408313 	-6.8937289
-0.27387387 	0.25 	0.546 	56.828659 	-9.5478156 	-6.8931384
-0.27507508 	0.25 	0.546 	56.846093 	-9.5547999 	-6.8925478
-0.27627628 	0.25 	0.546 	56.863527 	-9.5617843 	-6.8919573
-0.27747748 	0.25 	0.546 	56.880961 	-9.5687686 	-6.8913668
-0.27867868 	0.25 	0.546 	56.898395 	-9.5757529 	-6.8907762
-0.27987988 	0.25 	0.546 	56.915829 	-9.5827372 	-6.8901857
-0.28108108 	0.25 	0.546 	56.933263 	-9.5897216 	-6.8895951
-0.28228228 	0.25 	0.546 	56.950697 	-9.5967059 	-6.8890046
-0.28348348 	0.25 	0.546 	56.968131 	-9.6036902 	-6.8884141
-0.28468468 	0.25 	0.546 	56.985565 	-9.6106746 	-6.8878235
-0.28588589 	0.25 	0.546 	57.002998 	-9.6176589 	-6.887233
-0.28708709 	0.25 	0.546 	57.020432 	-9.6246432 	-6.8866425
-0.28828829 	0.25 	0.546 	57.037866 	-9.6316275 	-6.8860519
-0.28948949 	0.25 	0.546 	57.0553 	-9.6386119 	-6.8854614
-0.29069069 	0.25 	0.546 	57.072734 	-9.6455962 	-6.8848709
-0.29189189 	0.25 	0.546 	57.090168 	-9.6525805 	-6.8842803
-0.29309309 	0.25 	0.546 	57.107602 	-9.6595649 	-6.8836898
-0.29429429 	0.25 	0.546 	57.125036 	-9.6665492 	-6.8830992
-0.2954955 	0.25 	0.546 	57.14247 	-9.6735335 	-6.8825087
-0.2966967 	0.25 	0.546 	57.159903 	-9.6805178 	-6.8819182
-0.2978979 	0.25 	0.546 	57.177597 	-9.6878442 	-6.8809915
-0.2990991 	0.25 	0.546 	57.195576 	-9.6955454 	-6.8796966
-0.3003003 	0.25 	0.546 	57.213554 	-9.7032465 	-6.8784016
-0.3015015 	0.25 	0.546 	57.231533 	-9.7109477 	-6.8771067
-0.3027027 	0.25 	0.546 	57.249511 	-9.7186488 	-6.8758117
-0.3039039 	0.25 	0.546 	57.26749 	-9.72635 	-6.8745168
-0.30510511 	0.25 	0.546 	57.287858 	-9.7336769 	-6.8737619
-0.30630631 	0.25 	0.546 	57.308236 	-9.7410024 	-6.8730091
-0.30750751 	0.25 	0.546 	57.328614 	-9.7483279 	-6.8722562
-0.30870871 	0.25 	0.546 	57.348992 	-9.7556535 	-6.8715034
-0.30990991 	0.25 	0.546 	57.369369 	-9.762979 	-6.8707506
-0.31111111 	0.25 	0.546 	57.389144 	-9.7697206 	-6.8696401
-0.31231231 	0.25 	0.546 	57.408346 	-9.7759091 	-6.8681906
-0.31351351 	0.25 	0.546 	57.427549 	-9.7820976 	-6.8667412
-0.31471471 	0.25 	0.546 	57.446752 	-9.7882861 	-6.8652918
-0.31591592 	0.25 	0.546 	57.465954 	-9.7944746 	-6.8638424
-0.31711712 	0.25 	0.546 	57.485157 	-9.8006631 	-6.8623929
-0.31831832 	0.25 	0.546 	57.504359 	-9.8068516 	-6.8609435
-0.31951952 	0.25 	0.546 	57.523562 	-9.8130401 	-6.8594941
-0.32072072 	0.25 	0.546 	57.542765 	-9.8192286 	-6.8580447
-0.32192192 	0.25 	0.546 	57.561967 	-9.8254171 	-6.8565953
-0.32312312 	0.25 	0.546 	57.58117 	-9.8316056 	-6.8551458
-0.32432432 	0.25 	0.546 	57.600373 	-9.8377941 	-6.8536964
-0.32552553 	0.25 	0.546 	57.619575 	-9.8439826 	-6.852247
-0.32672673 	0.25 	0.546 	57.638778 	-9.8501711 	-6.8507976
-0.32792793 	0.25 	0.546 	57.65798 	-9.8563596 	-6.8493481
-0.32912913 	0.25 	0.546 	57.677183 	-9.8625481 	-6.8478987
-0.33033033 	0.25 	0.546 	57.696386 	-9.8687366 	-6.8464493
-0.33153153 	0.25 	0.546 	57.715588 	-9.8749251 	-6.8449999
-0.33273273 	0.25 	0.546 	57.734791 	-9.8811136 	-6.8435504
-0.33393393 	0.25 	0.546 	57.753993 	-9.8873021 	-6.842101
-0.33513514 	0.25 	0.546 	57.773196 	-9.8934906 	-6.8406516
-0.33633634 	0.25 	0.546 	57.792399 	-9.8996791 	-6.8392022
-0.33753754 	0.25 	0.546 	57.811601 	-9.9058676 	-6.8377528
-0.33873874 	0.25 	0.546 	57.830804 	-9.9120561 	-6.8363033
-0.33993994 	0.25 	0.546 	57.850007 	-9.9182446 	-6.8348539
-0.34114114 	0.25 	0.546 	57.869209 	-9.9244331 	-6.8334045
-0.34234234 	0.25 	0.546 	57.888412 	-9.9306216 	-6.8319551
-0.34354354 	0.25 	0.546 	57.907614 	-9.9368101 	-6.8305056
-0.34474474 	0.25 	0.546 	57.926817 	-9.9429987 	-6.8290562
-0.34594595 	0.25 	0.546 	57.946471 	-9.9490314 	-6.827358
-0.34714715 	0.25 	0.546 	57.96614 	-9.9550587 	-6.8256511
-0.34834835 	0.25 	0.546 	57.98581 	-9.961086 	-6.8239442
-0.34954955 	0.25 	0.546 	58.00548 	-9.9671133 	-6.8222372
-0.35075075 	0.25 	0.546 	58.025149 	-9.9731406 	-6.8205303
-0.35195195 	0.25 	0.546 	58.044819 	-9.9791679 	-6.8188233
-0.35315315 	0.25 	0.546 	58.064488 	-9.9851952 	-6.8171164
-0.35435435 	0.25 	0.546 	58.084158 	-9.9912225 	-6.8154094
-0.35555556 	0.25 	0.546 	58.103827 	-9.9972498 	-6.8137025
-0.35675676 	0.25 	0.546 	58.123497 	-10.003277 	-6.8119956
-0.35795796 	0.25 	0.546 	58.143167 	-10.009304 	-6.8102886
-0.35915916 	0.25 	0.546 	58.162265 	-10.014735 	-6.8082504
-0.36036036 	0.25 	0.546 	58.181148 	-10.01994 	-6.8060873
-0.36156156 	0.25 	0.546 	58.200031 	-10.025146 	-6.8039243
-0.36276276 	0.25 	0.546 	58.218914 	-10.030351 	-6.8017612
-0.36396396 	0.25 	0.546 	58.237797 	-10.035557 	-6.7995981
-0.36516517 	0.25 	0.546 	58.257853 	-10.040535 	-6.7975203
-0.36636637 	0.25 	0.546 	58.281543 	-10.044807 	-6.7957068
-0.36756757 	0.25 	0.546 	58.305233 	-10.049079 	-6.7938934
-0.36876877 	0.25 	0.546 	58.328923 	-10.053351 	-6.7920799
-0.36996997 	0.25 	0.546 	58.352613 	-10.057623 	-6.7902665
-0.37117117 	0.25 	0.546 	58.376303 	-10.061895 	-6.788453
-0.37237237 	0.25 	0.546 	58.39889 	-10.065932 	-6.7860122
-0.37357357 	0.25 	0.546 	58.421135 	-10.069897 	-6.7833768
-0.37477477 	0.25 	0.546 	58.443379 	-10.073861 	-6.7807414
-0.37597598 	0.25 	0.546 	58.465624 	-10.077825 	-6.7781061
-0.37717718 	0.25 	0.546 	58.487869 	-10.08179 	-6.7754707
-0.37837838 	0.25 	0.546 	58.510114 	-10.085754 	-6.7728353
-0.37957958 	0.25 	0.546 	58.532359 	-10.089719 	-6.7702
-0.38078078 	0.25 	0.546 	58.554603 	-10.093683 	-6.7675646
-0.38198198 	0.25 	0.546 	58.576848 	-10.097648 	-6.7649292
-0.38318318 	0.25 	0.546 	58.599093 	-10.101612 	-6.7622938
-0.38438438 	0.25 	0.546 	58.621338 	-10.105576 	-6.7596585
-0.38558559 	0.25 	0.546 	58.642391 	-10.110762 	-6.7572852
-0.38678679 	0.25 	0.546 	58.662969 	-10.116434 	-6.7550165
-0.38798799 	0.25 	0.546 	58.683547 	-10.122106 	-6.7527478
-0.38918919 	0.25 	0.546 	58.704125 	-10.127779 	-6.7504792
-0.39039039 	0.25 	0.546 	58.724702 	-10.133451 	-6.7482105
-0.39159159 	0.25 	0.546 	58.74528 	-10.139123 	-6.7459418
-0.39279279 	0.25 	0.546 	58.765858 	-10.144796 	-6.7436731
-0.39399399 	0.25 	0.546 	58.786436 	-10.150468 	-6.7414045
-0.3951952 	0.25 	0.546 	58.807014 	-10.156141 	-6.7391358
-0.3963964 	0.25 	0.546 	58.827591 	-10.161813 	-6.7368671
-0.3975976 	0.25 	0.546 	58.848169 	-10.167485 	-6.7345984
-0.3987988 	0.25 	0.546 	58.868747 	-10.173158 	-6.7323298
-0.4 	0.25 	0.546 	58.889325 	-10.17883 	-6.7300611
-0.4012012 	0.25 	0.546 	58.909903 	-10.184503 	-6.7277924
-0.4024024 	0.25 	0.546 	58.93048 	-10.190175 	-6.7255238
-0.4036036 	0.25 	0.546 	58.951058 	-10.195847 	-6.7232551
-0.4048048 	0.25 	0.546 	58.971636 	-10.20152 	-6.7209864
-0.40600601 	0.25 	0.546 	58.992214 	-10.207192 	-6.7187177
-0.40720721 	0.25 	0.546 	59.012792 	-10.212864 	-6.7164491
-0.40840841 	0.25 	0.546 	59.03337 	-10.218537 	-6.7141804
-0.40960961 	0.25 	0.546 	59.053947 	-10.224209 	-6.7119117
-0.41081081 	0.25 	0.546 	59.074525 	-10.229882 	-6.7096431
-0.41201201 	0.25 	0.546 	59.095103 	-10.235554 	-6.7073744
-0.41321321 	0.25 	0.546 	59.115681 	-10.241226 	-6.7051057
-0.41441441 	0.25 	0.546 	59.136259 	-10.246899 	-6.702837
-0.41561562 	0.25 	0.546 	59.156836 	-10.252571 	-6.7005684
-0.41681682 	0.25 	0.546 	59.177414 	-10.258243 	-6.6982997
-0.41801802 	0.25 	0.546 	59.197992 	-10.263916 	-6.696031
-0.41921922 	0.25 	0.546 	59.21857 	-10.269588 	-6.6937624
-0.42042042 	0.25 	0.546 	59.238116 	-10.275182 	-6.6909572
-0.42162162 	0.25 	0.546 	59.25765 	-10.280775 	-6.688146
-0.42282282 	0.25 	0.546 	59.277184 	-10.286368 	-6.6853348
-0.42402402 	0.25 	0.546 	59.296718 	-10.291961 	-6.6825235
-0.42522523 	0.25 	0.546 	59.316252 	-10.297554 	-6.6797123
-0.42642643 	0.25 	0.546 	59.339846 	-10.304099 	-6.6769485
-0.42762763 	0.25 	0.546 	59.367379 	-10.311569 	-6.6742308
-0.42882883 	0.25 	0.546 	59.394912 	-10.319039 	-6.671513
-0.43003003 	0.25 	0.546 	59.422445 	-10.326509 	-6.6687953
-0.43123123 	0.25 	0.546 	59.449978 	-10.333979 	-6.6660776
-0.43243243 	0.25 	0.546 	59.477372 	-10.341371 	-6.663355
-0.43363363 	0.25 	0.546 	59.499291 	-10.345714 	-6.6604433
-0.43483483 	0.25 	0.546 	59.521211 	-10.350056 	-6.6575316
-0.43603604 	0.25 	0.546 	59.543131 	-10.354399 	-6.65462
-0.43723724 	0.25 	0.546 	59.565051 	-10.358741 	-6.6517083
-0.43843844 	0.25 	0.546 	59.586971 	-10.363084 	-6.6487966
-0.43963964 	0.25 	0.546 	59.60889 	-10.367427 	-6.6458849
-0.44084084 	0.25 	0.546 	59.63081 	-10.371769 	-6.6429733
-0.44204204 	0.25 	0.546 	59.65273 	-10.376112 	-6.6400616
-0.44324324 	0.25 	0.546 	59.67465 	-10.380454 	-6.6371499
-0.44444444 	0.25 	0.546 	59.696569 	-10.384797 	-6.6342383
-0.44564565 	0.25 	0.546 	59.718489 	-10.389139 	-6.6313266
-0.44684685 	0.25 	0.546 	59.740409 	-10.393482 	-6.6284149
-0.44804805 	0.25 	0.546 	59.762329 	-10.397824 	-6.6255032
-0.44924925 	0.25 	0.546 	59.784248 	-10.402167 	-6.6225916
-0.45045045 	0.25 	0.546 	59.806168 	-10.40651 	-6.6196799
-0.45165165 	0.25 	0.546 	59.828088 	-10.410852 	-6.6167682
-0.45285285 	0.25 	0.546 	59.850008 	-10.415195 	-6.6138565
-0.45405405 	0.25 	0.546 	59.871928 	-10.419537 	-6.6109449
-0.45525526 	0.25 	0.546 	59.893847 	-10.42388 	-6.6080332
-0.45645646 	0.25 	0.546 	59.915767 	-10.428222 	-6.6051215
-0.45765766 	0.25 	0.546 	59.937687 	-10.432565 	-6.6022098
-0.45885886 	0.25 	0.546 	59.959607 	-10.436907 	-6.5992982
-0.46006006 	0.25 	0.546 	59.981526 	-10.44125 	-6.5963865
-0.46126126 	0.25 	0.546 	60.003446 	-10.445592 	-6.5934748
-0.46246246 	0.25 	0.546 	60.025366 	-10.449935 	-6.5905631
-0.46366366 	0.25 	0.546 	60.047286 	-10.454278 	-6.5876515
-0.46486486 	0.25 	0.546 	60.069206 	-10.45862 	-6.5847398
-0.46606607 	0.25 	0.546 	60.091125 	-10.462963 	-6.5818281
-0.46726727 	0.25 	0.546 	60.113045 	-10.467305 	-6.5789164
-0.46846847 	0.25 	0.546 	60.137221 	-10.472497 	-6.575458
-0.46966967 	0.25 	0.546 	60.161749 	-10.47782 	-6.5719145
-0.47087087 	0.25 	0.546 	60.186276 	-10.483144 	-6.568371
-0.47207207 	0.25 	0.546 	60.210803 	-10.488468 	-6.5648276
-0.47327327 	0.25 	0.546 	60.23533 	-10.493791 	-6.5612841
-0.47447447 	0.25 	0.546 	60.259857 	-10.499115 	-6.5577406
-0.47567568 	0.25 	0.546 	60.284384 	-10.504438 	-6.5541972
-0.47687688 	0.25 	0.546 	60.308911 	-10.509762 	-6.5506537
-0.47807808 	0.25 	0.546 	60.333438 	-10.515085 	-6.5471102
-0.47927928 	0.25 	0.546 	60.357965 	-10.520409 	-6.5435667
-0.48048048 	0.25 	0.546 	60.381307 	-10.525094 	-6.5400676
-0.48168168 	0.25 	0.546 	60.400822 	-10.527715 	-6.5367118
-0.48288288 	0.25 	0.546 	60.420338 	-10.530336 	-6.5333559
-0.48408408 	0.25 	0.546 	60.439853 	-10.532957 	-6.53
-0.48528529 	0.25 	0.546 	60.459368 	-10.535578 	-6.5266442
-0.48648649 	0.25 	0.546 	60.478883 	-10.538199 	-6.5232883
-0.48768769 	0.25 	0.546 	60.506094 	-10.54342 	-6.5195348
-0.48888889 	0.25 	0.546 	60.535823 	-10.549493 	-6.5156511
-0.49009009 	0.25 	0.546 	60.565552 	-10.555565 	-6.5117674
-0.49129129 	0.25 	0.546 	60.595281 	-10.561637 	-6.5078838
-0.49249249 	0.25 	0.546 	60.625011 	-10.567709 	-6.5040001
-0.49369369 	0.25 	0.546 	60.653957 	-10.573098 	-6.5000373
-0.49489489 	0.25 	0.546 	60.680793 	-10.576641 	-6.4958609
-0.4960961 	0.25 	0.546 	60.707629 	-10.580185 	-6.4916846
-0.4972973 	0.25 	0.546 	60.734465 	-10.583728 	-6.4875083
-0.4984985 	0.25 	0.546 	60.761301 	-10.587272 	-6.4833319
-0.4996997 	0.25 	0.546 	60.788137 	-10.590816 	-6.4791556
-0.5009009 	0.25 	0.546 	60.814974 	-10.594359 	-6.4749793
-0.5021021 	0.25 	0.546 	60.84181 	-10.597903 	-6.4708029
-0.5033033 	0.25 	0.546 	60.868646 	-10.601446 	-6.4666266
-0.5045045 	0.25 	0.546 	60.895482 	-10.60499 	-6.4624503
-0.50570571 	0.25 	0.546 	60.922318 	-10.608534 	-6.4582739
-0.50690691 	0.25 	0.546 	60.951548 	-10.613307 	-6.4539113
-0.50810811 	0.25 	0.546 	60.98123 	-10.618313 	-6.4495135
-0.50930931 	0.25 	0.546 	61.010911 	-10.623319 	-6.4451157
-0.51051051 	0.25 	0.546 	61.040593 	-10.628324 	-6.4407179
-0.51171171 	0.25 	0.546 	61.070274 	-10.63333 	-6.4363201
-0.51291291 	0.25 	0.546 	61.099956 	-10.638336 	-6.4319223
-0.51411411 	0.25 	0.546 	61.129638 	-10.643342 	-6.4275245
-0.51531532 	0.25 	0.546 	61.159319 	-10.648347 	-6.4231267
-0.51651652 	0.25 	0.546 	61.189001 	-10.653353 	-6.4187289
-0.51771772 	0.25 	0.546 	61.218683 	-10.658359 	-6.4143311
-0.51891892 	0.25 	0.546 	61.242829 	-10.663068 	-6.4102659
-0.52012012 	0.25 	0.546 	61.262387 	-10.66753 	-6.4064764
-0.52132132 	0.25 	0.546 	61.281945 	-10.671992 	-6.4026869
-0.52252252 	0.25 	0.546 	61.301503 	-10.676455 	-6.3988974
-0.52372372 	0.25 	0.546 	61.321061 	-10.680917 	-6.395108
-0.52492492 	0.25 	0.546 	61.340619 	-10.68538 	-6.3913185
-0.52612613 	0.25 	0.546 	61.360176 	-10.689842 	-6.387529
-0.52732733 	0.25 	0.546 	61.379734 	-10.694304 	-6.3837396
-0.52852853 	0.25 	0.546 	61.399292 	-10.698767 	-6.3799501
-0.52972973 	0.25 	0.546 	61.41885 	-10.703229 	-6.3761606
-0.53093093 	0.25 	0.546 	61.438408 	-10.707691 	-6.3723711
-0.53213213 	0.25 	0.546 	61.457966 	-10.712154 	-6.3685817
-0.53333333 	0.25 	0.546 	61.477523 	-10.716616 	-6.3647922
-0.53453453 	0.25 	0.546 	61.497081 	-10.721079 	-6.3610027
-0.53573574 	0.25 	0.546 	61.516639 	-10.725541 	-6.3572133
-0.53693694 	0.25 	0.546 	61.536197 	-10.730003 	-6.3534238
-0.53813814 	0.25 	0.546 	61.555755 	-10.734466 	-6.3496343
-0.53933934 	0.25 	0.546 	61.575313 	-10.738928 	-6.3458448
-0.54054054 	0.25 	0.546 	61.59487 	-10.743391 	-6.3420554
-0.54174174 	0.25 	0.546 	61.617971 	-10.746893 	-6.3379816
-0.54294294 	0.25 	0.546 	61.644841 	-10.749373 	-6.3336054
-0.54414414 	0.25 	0.546 	61.671711 	-10.751853 	-6.3292292
-0.54534535 	0.25 	0.546 	61.69858 	-10.754333 	-6.324853
-0.54654655 	0.25 	0.546 	61.72545 	-10.756813 	-6.3204768
-0.54774775 	0.25 	0.546 	61.752309 	-10.759291 	-6.3161032
-0.54894895 	0.25 	0.546 	61.775308 	-10.760868 	-6.3127528
-0.55015015 	0.25 	0.546 	61.798308 	-10.762444 	-6.3094024
-0.55135135 	0.25 	0.546 	61.820377 	-10.764753 	-6.3058502
-0.55255255 	0.25 	0.546 	61.839819 	-10.769129 	-6.301728
-0.55375375 	0.25 	0.546 	61.859261 	-10.773504 	-6.2976057
-0.55495495 	0.25 	0.546 	61.878703 	-10.77788 	-6.2934835
-0.55615616 	0.25 	0.546 	61.898145 	-10.782255 	-6.2893613
-0.55735736 	0.25 	0.546 	61.917586 	-10.786631 	-6.2852391
-0.55855856 	0.25 	0.546 	61.937028 	-10.791007 	-6.2811169
-0.55975976 	0.25 	0.546 	61.95647 	-10.795382 	-6.2769947
-0.56096096 	0.25 	0.546 	61.975912 	-10.799758 	-6.2728725
-0.56216216 	0.25 	0.546 	61.995354 	-10.804133 	-6.2687503
-0.56336336 	0.25 	0.546 	62.014796 	-10.808509 	-6.2646281
-0.56456456 	0.25 	0.546 	62.034238 	-10.812885 	-6.2605059
-0.56576577 	0.25 	0.546 	62.05368 	-10.81726 	-6.2563837
-0.56696697 	0.25 	0.546 	62.072885 	-10.820175 	-6.2519745
-0.56816817 	0.25 	0.546 	62.091735 	-10.820891 	-6.2471332
-0.56936937 	0.25 	0.546 	62.110584 	-10.821606 	-6.2422918
-0.57057057 	0.25 	0.546 	62.129433 	-10.822322 	-6.2374505
-0.57177177 	0.25 	0.546 	62.148283 	-10.823038 	-6.2326091
-0.57297297 	0.25 	0.546 	62.167132 	-10.823753 	-6.2277677
-0.57417417 	0.25 	0.546 	62.185981 	-10.824469 	-6.2229264
-0.57537538 	0.25 	0.546 	62.203462 	-10.826183 	-6.217862
-0.57657658 	0.25 	0.546 	62.218583 	-10.829619 	-6.212413
-0.57777778 	0.25 	0.546 	62.233704 	-10.833055 	-6.2069639
-0.57897898 	0.25 	0.546 	62.256505 	-10.837766 	-6.2014644
-0.58018018 	0.25 	0.546 	62.283908 	-10.843242 	-6.1959346
-0.58138138 	0.25 	0.546 	62.311312 	-10.848719 	-6.1904048
-0.58258258 	0.25 	0.546 	62.329092 	-10.849849 	-6.1850251
-0.58378378 	0.25 	0.546 	62.345602 	-10.850405 	-6.1796651
-0.58498498 	0.25 	0.546 	62.362112 	-10.850962 	-6.1743051
-0.58618619 	0.25 	0.546 	62.378623 	-10.851518 	-6.1689451
-0.58738739 	0.25 	0.546 	62.395133 	-10.852075 	-6.1635852
-0.58858859 	0.25 	0.546 	62.411643 	-10.852631 	-6.1582252
-0.58978979 	0.25 	0.546 	62.428154 	-10.853188 	-6.1528652
-0.59099099 	0.25 	0.546 	62.448725 	-10.853585 	-6.1472531
-0.59219219 	0.25 	0.546 	62.470754 	-10.853925 	-6.1415505
-0.59339339 	0.25 	0.546 	62.492782 	-10.854266 	-6.1358479
-0.59459459 	0.25 	0.546 	62.514811 	-10.854606 	-6.1301453
-0.5957958 	0.25 	0.546 	62.536839 	-10.854946 	-6.1244427
-0.596997 	0.25 	0.546 	62.558868 	-10.855286 	-6.1187401
-0.5981982 	0.25 	0.546 	62.580896 	-10.855627 	-6.1130376
-0.5993994 	0.25 	0.546 	62.602925 	-10.855967 	-6.107335
-0.6006006 	0.25 	0.546 	62.624953 	-10.856307 	-6.1016324
-0.6018018 	0.25 	0.546 	62.646982 	-10.856647 	-6.0959298
-0.603003 	0.25 	0.546 	62.66901 	-10.856988 	-6.0902272
-0.6042042 	0.25 	0.546 	62.691039 	-10.857328 	-6.0845246
-0.60540541 	0.25 	0.546 	62.713067 	-10.857668 	-6.078822
-0.60660661 	0.25 	0.546 	62.724577 	-10.853212 	-6.0736517
-0.60780781 	0.25 	0.546 	62.73594 	-10.848688 	-6.0684888
-0.60900901 	0.25 	0.546 	62.750359 	-10.844535 	-6.063238
-0.61021021 	0.25 	0.546 	62.774219 	-10.841523 	-6.0577156
-0.61141141 	0.25 	0.546 	62.798079 	-10.838512 	-6.0521932
-0.61261261 	0.25 	0.546 	62.820722 	-10.835312 	-6.0463999
-0.61381381 	0.25 	0.546 	62.842158 	-10.831926 	-6.0403378
-0.61501502 	0.25 	0.546 	62.863594 	-10.82854 	-6.0342757
-0.61621622 	0.25 	0.546 	62.88503 	-10.825154 	-6.0282137
-0.61741742 	0.25 	0.546 	62.906466 	-10.821768 	-6.0221516
-0.61861862 	0.25 	0.546 	62.927902 	-10.818382 	-6.0160896
-0.61981982 	0.25 	0.546 	62.949338 	-10.814995 	-6.0100275
-0.62102102 	0.25 	0.546 	62.970774 	-10.811609 	-6.0039654
-0.62222222 	0.25 	0.546 	62.99221 	-10.808223 	-5.9979034
-0.62342342 	0.25 	0.546 	63.013646 	-10.804837 	-5.9918413
-0.62462462 	0.25 	0.546 	63.035082 	-10.801451 	-5.9857793
-0.62582583 	0.25 	0.546 	63.056518 	-10.798065 	-5.9797172
-0.62702703 	0.25 	0.546 	63.077954 	-10.794679 	-5.9736551
-0.62822823 	0.25 	0.546 	63.094417 	-10.793262 	-5.9678508
-0.62942943 	0.25 	0.546 	63.110548 	-10.791976 	-5.9620636
-0.63063063 	0.25 	0.546 	63.126679 	-10.79069 	-5.9562765
-0.63183183 	0.25 	0.546 	63.142811 	-10.789404 	-5.9504893
-0.63303303 	0.25 	0.546 	63.158942 	-10.788117 	-5.9447022
-0.63423423 	0.25 	0.546 	63.175073 	-10.786831 	-5.938915
-0.63543544 	0.25 	0.546 	63.191205 	-10.785545 	-5.9331278
-0.63663664 	0.25 	0.546 	63.205995 	-10.784056 	-5.927249
-0.63783784 	0.25 	0.546 	63.219898 	-10.782432 	-5.9213095
-0.63903904 	0.25 	0.546 	63.233801 	-10.780808 	-5.91537
-0.64024024 	0.25 	0.546 	63.255926 	-10.780947 	-5.9094966
-0.64144144 	0.25 	0.546 	63.279392 	-10.781373 	-5.903634
-0.64264264 	0.25 	0.546 	63.302075 	-10.781608 	-5.8976924
-0.64384384 	0.25 	0.546 	63.318895 	-10.780413 	-5.8911585
-0.64504505 	0.25 	0.546 	63.335715 	-10.779219 	-5.8846247
-0.64624625 	0.25 	0.546 	63.352534 	-10.778024 	-5.8780908
-0.64744745 	0.25 	0.546 	63.369354 	-10.77683 	-5.871557
-0.64864865 	0.25 	0.546 	63.386174 	-10.775635 	-5.8650232
-0.64984985 	0.25 	0.546 	63.402994 	-10.77444 	-5.8584893
-0.65105105 	0.25 	0.546 	63.419814 	-10.773246 	-5.8519555
-0.65225225 	0.25 	0.546 	63.439555 	-10.771703 	-5.8453687
-0.65345345 	0.25 	0.546 	63.460774 	-10.769985 	-5.8387551
-0.65465465 	0.25 	0.546 	63.481993 	-10.768267 	-5.8321415
-0.65585586 	0.25 	0.546 	63.503212 	-10.766549 	-5.8255279
-0.65705706 	0.25 	0.546 	63.524431 	-10.76483 	-5.8189144
-0.65825826 	0.25 	0.546 	63.54565 	-10.763112 	-5.8123008
-0.65945946 	0.25 	0.546 	63.56687 	-10.761394 	-5.8056872
-0.66066066 	0.25 	0.546 	63.588089 	-10.759676 	-5.7990736
-0.66186186 	0.25 	0.546 	63.609308 	-10.757958 	-5.79246
-0.66306306 	0.25 	0.546 	63.630527 	-10.756239 	-5.7858464
-0.66426426 	0.25 	0.546 	63.651746 	-10.754521 	-5.7792329
-0.66546547 	0.25 	0.546 	63.672965 	-10.752803 	-5.7726193
-0.66666667 	0.25 	0.546 	63.692957 	-10.750784 	-5.7659729
-0.66786787 	0.25 	0.546 	63.708566 	-10.747692 	-5.7592094
-0.66906907 	0.25 	0.546 	63.724174 	-10.744599 	-5.7524459
-0.67027027 	0.25 	0.546 	63.743299 	-10.742346 	-5.7456664
-0.67147147 	0.25 	0.546 	63.766281 	-10.741012 	-5.7388695
-0.67267267 	0.25 	0.546 	63.789264 	-10.739678 	-5.7320725
-0.67387387 	0.25 	0.546 	63.81083 	-10.737383 	-5.7248253
-0.67507508 	0.25 	0.546 	63.831886 	-10.734743 	-5.7174159
-0.67627628 	0.25 	0.546 	63.852941 	-10.732103 	-5.7100066
-0.67747748 	0.25 	0.546 	63.873997 	-10.729463 	-5.7025972
-0.67867868 	0.25 	0.546 	63.895052 	-10.726823 	-5.6951878
-0.67987988 	0.25 	0.546 	63.916108 	-10.724182 	-5.6877785
-0.68108108 	0.25 	0.546 	63.937163 	-10.721542 	-5.6803691
-0.68228228 	0.25 	0.546 	63.958219 	-10.718902 	-5.6729597
-0.68348348 	0.25 	0.546 	63.979274 	-10.716262 	-5.6655504
-0.68468468 	0.25 	0.546 	64.00033 	-10.713622 	-5.658141
-0.68588589 	0.25 	0.546 	64.021386 	-10.710981 	-5.6507316
-0.68708709 	0.25 	0.546 	64.042441 	-10.708341 	-5.6433222
-0.68828829 	0.25 	0.546 	64.062459 	-10.705486 	-5.6361428
-0.68948949 	0.25 	0.546 	64.081153 	-10.702356 	-5.6292566
-0.69069069 	0.25 	0.546 	64.099846 	-10.699227 	-5.6223705
-0.69189189 	0.25 	0.546 	64.11854 	-10.696097 	-5.6154843
-0.69309309 	0.25 	0.546 	64.137233 	-10.692967 	-5.6085982
-0.69429429 	0.25 	0.546 	64.155927 	-10.689838 	-5.601712
-0.6954955 	0.25 	0.546 	64.174621 	-10.686708 	-5.5948258
-0.6966967 	0.25 	0.546 	64.193314 	-10.683578 	-5.5879397
-0.6978979 	0.25 	0.546 	64.209984 	-10.679174 	-5.5808144
-0.6990991 	0.25 	0.546 	64.226254 	-10.674518 	-5.5736418
-0.7003003 	0.25 	0.546 	64.243121 	-10.670472 	-5.5663772
-0.7015015 	0.25 	0.546 	64.265896 	-10.67246 	-5.5582044
-0.7027027 	0.25 	0.546 	64.288671 	-10.674447 	-5.5500316
-0.7039039 	0.25 	0.546 	64.309886 	-10.674209 	-5.5418374
-0.70510511 	0.25 	0.546 	64.32818 	-10.669804 	-5.5336033
-0.70630631 	0.25 	0.546 	64.346475 	-10.665399 	-5.5253691
-0.70750751 	0.25 	0.546 	64.36477 	-10.660993 	-5.517135
-0.70870871 	0.25 	0.546 	64.383064 	-10.656588 	-5.5089008
-0.70990991 	0.25 	0.546 	64.401359 	-10.652183 	-5.5006667
-0.71111111 	0.25 	0.546 	64.419654 	-10.647778 	-5.4924325
-0.71231231 	0.25 	0.546 	64.437948 	-10.643373 	-5.4841984
-0.71351351 	0.25 	0.546 	64.458118 	-10.639122 	-5.4760068
-0.71471471 	0.25 	0.546 	64.47936 	-10.63496 	-5.4678396
-0.71591592 	0.25 	0.546 	64.500601 	-10.630798 	-5.4596723
-0.71711712 	0.25 	0.546 	64.521843 	-10.626636 	-5.4515051
-0.71831832 	0.25 	0.546 	64.543084 	-10.622474 	-5.4433378
-0.71951952 	0.25 	0.546 	64.564326 	-10.618312 	-5.4351706
-0.72072072 	0.25 	0.546 	64.585567 	-10.614149 	-5.4270033
-0.72192192 	0.25 	0.546 	64.606809 	-10.609987 	-5.4188361
-0.72312312 	0.25 	0.546 	64.62805 	-10.605825 	-5.4106689
-0.72432432 	0.25 	0.546 	64.649292 	-10.601663 	-5.4025016
-0.72552553 	0.25 	0.546 	64.670534 	-10.597501 	-5.3943344
-0.72672673 	0.25 	0.546 	64.691775 	-10.593339 	-5.3861671
-0.72792793 	0.25 	0.546 	64.711274 	-10.586386 	-5.3781721
-0.72912913 	0.25 	0.546 	64.72853 	-10.575841 	-5.3703988
-0.73033033 	0.25 	0.546 	64.745786 	-10.565296 	-5.3626254
-0.73153153 	0.25 	0.546 	64.767868 	-10.559366 	-5.3542083
-0.73273273 	0.25 	0.546 	64.792082 	-10.555475 	-5.3455068
-0.73393393 	0.25 	0.546 	64.816296 	-10.551583 	-5.3368053
-0.73513514 	0.25 	0.546 	64.841502 	-10.543969 	-5.3283879
-0.73633634 	0.25 	0.546 	64.86676 	-10.536163 	-5.3199852
-0.73753754 	0.25 	0.546 	64.892017 	-10.528357 	-5.3115825
-0.73873874 	0.25 	0.546 	64.917274 	-10.520552 	-5.3031798
-0.73993994 	0.25 	0.546 	64.942532 	-10.512746 	-5.294777
-0.74114114 	0.25 	0.546 	64.967789 	-10.50494 	-5.2863743
-0.74234234 	0.25 	0.546 	64.993047 	-10.497135 	-5.2779716
-0.74354354 	0.25 	0.546 	65.018304 	-10.489329 	-5.2695689
-0.74474474 	0.25 	0.546 	65.043562 	-10.481523 	-5.2611662
-0.74594595 	0.25 	0.546 	65.068819 	-10.473718 	-5.2527634
-0.74714715 	0.25 	0.546 	65.094077 	-10.465912 	-5.2443607
-0.74834835 	0.25 	0.546 	65.119334 	-10.458106 	-5.235958
-0.74954955 	0.25 	0.546 	65.141028 	-10.447194 	-5.2265132
-0.75075075 	0.25 	0.546 	65.162352 	-10.43596 	-5.2169606
-0.75195195 	0.25 	0.546 	65.183677 	-10.424726 	-5.2074079
-0.75315315 	0.25 	0.546 	65.205001 	-10.413492 	-5.1978553
-0.75435435 	0.25 	0.546 	65.226326 	-10.402258 	-5.1883026
-0.75555556 	0.25 	0.546 	65.24765 	-10.391024 	-5.17875
-0.75675676 	0.25 	0.546 	65.268975 	-10.37979 	-5.1691973
-0.75795796 	0.25 	0.546 	65.29036 	-10.368385 	-5.1596872
-0.75915916 	0.25 	0.546 	65.312984 	-10.353467 	-5.1510496
-0.76036036 	0.25 	0.546 	65.335608 	-10.338548 	-5.142412
-0.76156156 	0.25 	0.546 	65.361655 	-10.325783 	-5.1340682
-0.76276276 	0.25 	0.546 	65.395569 	-10.317966 	-5.1263993
-0.76396396 	0.25 	0.546 	65.413462 	-10.311856 	-5.1182739
-0.76516517 	0.25 	0.546 	65.430182 	-10.30587 	-5.1101152
-0.76636637 	0.25 	0.546 	65.446903 	-10.299885 	-5.1019564
-0.76756757 	0.25 	0.546 	65.463623 	-10.2939 	-5.0937977
-0.76876877 	0.25 	0.546 	65.480344 	-10.287915 	-5.085639
-0.76996997 	0.25 	0.546 	65.497064 	-10.28193 	-5.0774802
-0.77117117 	0.25 	0.546 	65.513785 	-10.275944 	-5.0693215
-0.77237237 	0.25 	0.546 	65.530505 	-10.269959 	-5.0611628
-0.77357357 	0.25 	0.546 	65.547226 	-10.263974 	-5.053004
-0.77477477 	0.25 	0.546 	65.569017 	-10.257919 	-5.0440738
-0.77597598 	0.25 	0.546 	65.577458 	-10.253617 	-5.034602
-0.77717718 	0.25 	0.546 	65.596892 	-10.256554 	-5.0253241
-0.77837838 	0.25 	0.546 	65.622492 	-10.258934 	-5.0161039
-0.77957958 	0.25 	0.546 	65.6409 	-10.245286 	-5.006375
-0.78078078 	0.25 	0.546 	65.657394 	-10.232671 	-4.9964611
-0.78198198 	0.25 	0.546 	65.673888 	-10.220057 	-4.9865472
-0.78318318 	0.25 	0.546 	65.690382 	-10.207442 	-4.9766333
-0.78438438 	0.25 	0.546 	65.706875 	-10.194827 	-4.9667194
-0.78558559 	0.25 	0.546 	65.723369 	-10.182212 	-4.9568055
-0.78678679 	0.25 	0.546 	65.739863 	-10.169598 	-4.9468916
-0.78798799 	0.25 	0.546 	65.756356 	-10.156983 	-4.9369777
-0.78918919 	0.25 	0.546 	65.77285 	-10.144368 	-4.9270638
-0.79039039 	0.25 	0.546 	65.787839 	-10.125539 	-4.9172337
-0.79159159 	0.25 	0.546 	65.798809 	-10.090123 	-4.907627
-0.79279279 	0.25 	0.546 	65.827955 	-10.063655 	-4.8967191
-0.79399399 	0.25 	0.546 	65.851365 	-10.042545 	-4.8862469
-0.7951952 	0.25 	0.546 	65.867855 	-10.025345 	-4.8762927
-0.7963964 	0.25 	0.546 	65.884344 	-10.008144 	-4.8663385
-0.7975976 	0.25 	0.546 	65.900833 	-9.9909434 	-4.8563842
-0.7987988 	0.25 	0.546 	65.917323 	-9.9737428 	-4.84643
-0.8 	0.25 	0.546 	65.933812 	-9.9565421 	-4.8364757
-0.8012012 	0.25 	0.546 	65.950301 	-9.9393414 	-4.8265215
-0.8024024 	0.25 	0.546 	65.96679 	-9.9221408 	-4.8165673
-0.8036036 	0.25 	0.546 	65.98328 	-9.9049401 	-4.806613
-0.8048048 	0.25 	0.546 	66.001173 	-9.8879069 	-4.7965126
-0.80600601 	0.25 	0.546 	66.016702 	-9.8762384 	-4.7867581
-0.80720721 	0.25 	0.546 	66.031224 	-9.8676753 	-4.7774097
-0.80840841 	0.25 	0.546 	66.067406 	-9.8572744 	-4.7667308
-0.80960961 	0.25 	0.546 	66.092199 	-9.8444485 	-4.7562832
-0.81081081 	0.25 	0.546 	66.10657 	-9.8313699 	-4.7462601
-0.81201201 	0.25 	0.546 	66.120942 	-9.8182912 	-4.736237
-0.81321321 	0.25 	0.546 	66.135313 	-9.8052125 	-4.7262139
-0.81441441 	0.25 	0.546 	66.149685 	-9.7921338 	-4.7161908
-0.81561562 	0.25 	0.546 	66.164057 	-9.7790552 	-4.7061676
-0.81681682 	0.25 	0.546 	66.178428 	-9.7659765 	-4.6961445
-0.81801802 	0.25 	0.546 	66.1928 	-9.7528978 	-4.6861214
-0.81921922 	0.25 	0.546 	66.207171 	-9.7398191 	-4.6760983
-0.82042042 	0.25 	0.546 	66.221543 	-9.7267405 	-4.6660752
-0.82162162 	0.25 	0.546 	66.226254 	-9.7110588 	-4.6567058
-0.82282282 	0.25 	0.546 	66.244051 	-9.6936181 	-4.6468094
-0.82402402 	0.25 	0.546 	66.274633 	-9.6751384 	-4.6362665
-0.82522523 	0.25 	0.546 	66.285571 	-9.6594396 	-4.6258508
-0.82642643 	0.25 	0.546 	66.296509 	-9.6437409 	-4.6154351
-0.82762763 	0.25 	0.546 	66.307447 	-9.6280422 	-4.6050194
-0.82882883 	0.25 	0.546 	66.318385 	-9.6123435 	-4.5946037
-0.83003003 	0.25 	0.546 	66.329323 	-9.5966448 	-4.584188
-0.83123123 	0.25 	0.546 	66.340261 	-9.580946 	-4.5737723
-0.83243243 	0.25 	0.546 	66.351199 	-9.5652473 	-4.5633566
-0.83363363 	0.25 	0.546 	66.362137 	-9.5495486 	-4.552941
-0.83483483 	0.25 	0.546 	66.373075 	-9.5338499 	-4.5425253
-0.83603604 	0.25 	0.546 	66.389556 	-9.5184673 	-4.5320153
-0.83723724 	0.25 	0.546 	66.389533 	-9.5057385 	-4.5221012
-0.83843844 	0.25 	0.546 	66.413394 	-9.4888398 	-4.5116633
-0.83963964 	0.25 	0.546 	66.43992 	-9.4704117 	-4.5009555
-0.84084084 	0.25 	0.546 	66.452023 	-9.4516758 	-4.4900063
-0.84204204 	0.25 	0.546 	66.461464 	-9.4330029 	-4.4790369
-0.84324324 	0.25 	0.546 	66.470905 	-9.41433 	-4.4680675
-0.84444444 	0.25 	0.546 	66.480345 	-9.3956572 	-4.457098
-0.84564565 	0.25 	0.546 	66.489786 	-9.3769843 	-4.4461286
-0.84684685 	0.25 	0.546 	66.499227 	-9.3583114 	-4.4351592
-0.84804805 	0.25 	0.546 	66.508668 	-9.3396386 	-4.4241897
-0.84924925 	0.25 	0.546 	66.518108 	-9.3209657 	-4.4132203
-0.85045045 	0.25 	0.546 	66.527549 	-9.3022928 	-4.4022509
-0.85165165 	0.25 	0.546 	66.533223 	-9.2833232 	-4.3915197
-0.85285285 	0.25 	0.546 	66.53588 	-9.2636726 	-4.3810782
-0.85405405 	0.25 	0.546 	66.560671 	-9.240006 	-4.37052
-0.85525526 	0.25 	0.546 	66.57398 	-9.2184198 	-4.3591219
-0.85645646 	0.25 	0.546 	66.58233 	-9.1977319 	-4.3473611
-0.85765766 	0.25 	0.546 	66.590681 	-9.177044 	-4.3356004
-0.85885886 	0.25 	0.546 	66.599031 	-9.1563561 	-4.3238396
-0.86006006 	0.25 	0.546 	66.607382 	-9.1356682 	-4.3120789
-0.86126126 	0.25 	0.546 	66.615733 	-9.1149803 	-4.3003181
-0.86246246 	0.25 	0.546 	66.624083 	-9.0942924 	-4.2885574
-0.86366366 	0.25 	0.546 	66.632434 	-9.0736044 	-4.2767966
-0.86486486 	0.25 	0.546 	66.640784 	-9.0529165 	-4.2650359
-0.86606607 	0.25 	0.546 	66.652981 	-9.0325613 	-4.2534231
-0.86726727 	0.25 	0.546 	66.65982 	-9.0149704 	-4.2416796
-0.86846847 	0.25 	0.546 	66.667859 	-8.9988046 	-4.2300882
-0.86966967 	0.25 	0.546 	66.685496 	-8.9837563 	-4.2190039
-0.87087087 	0.25 	0.546 	66.700559 	-8.9621433 	-4.207113
-0.87207207 	0.25 	0.546 	66.713947 	-8.940276 	-4.1954001
-0.87327327 	0.25 	0.546 	66.727334 	-8.9184087 	-4.1836873
-0.87447447 	0.25 	0.546 	66.740722 	-8.8965414 	-4.1719745
-0.87567568 	0.25 	0.546 	66.75411 	-8.8746741 	-4.1602616
-0.87687688 	0.25 	0.546 	66.767497 	-8.8528068 	-4.1485488
-0.87807808 	0.25 	0.546 	66.780885 	-8.8309395 	-4.136836
-0.87927928 	0.25 	0.546 	66.794273 	-8.8090722 	-4.1251231
-0.88048048 	0.25 	0.546 	66.807661 	-8.7872049 	-4.1134103
-0.88168168 	0.25 	0.546 	66.820978 	-8.765162 	-4.1016868
-0.88288288 	0.25 	0.546 	66.831664 	-8.7365787 	-4.0895656
-0.88408408 	0.25 	0.546 	66.839059 	-8.7109384 	-4.0774397
-0.88528529 	0.25 	0.546 	66.840828 	-8.6873601 	-4.0649336
-0.88648649 	0.25 	0.546 	66.832693 	-8.6650517 	-4.0514624
-0.88768769 	0.25 	0.546 	66.824559 	-8.6427432 	-4.0379911
-0.88888889 	0.25 	0.546 	66.816424 	-8.6204348 	-4.0245199
-0.89009009 	0.25 	0.546 	66.80829 	-8.5981263 	-4.0110486
-0.89129129 	0.25 	0.546 	66.820445 	-8.5719055 	-3.9972504
-0.89249249 	0.25 	0.546 	66.84925 	-8.5424743 	-3.9831839
-0.89369369 	0.25 	0.546 	66.878056 	-8.5130431 	-3.9691174
-0.89489489 	0.25 	0.546 	66.906861 	-8.4836119 	-3.9550508
-0.8960961 	0.25 	0.546 	66.935666 	-8.4541807 	-3.9409843
-0.8972973 	0.25 	0.546 	66.955618 	-8.4259219 	-3.9276535
-0.8984985 	0.25 	0.546 	66.975413 	-8.3971734 	-3.914111
-0.8996997 	0.25 	0.546 	66.973151 	-8.374779 	-3.9013701
-0.9009009 	0.25 	0.546 	66.973647 	-8.3490349 	-3.8882271
-0.9021021 	0.25 	0.546 	66.956886 	-8.3215249 	-3.8748573
-0.9033033 	0.25 	0.546 	66.940126 	-8.294015 	-3.8614875
-0.9045045 	0.25 	0.546 	66.923366 	-8.2665051 	-3.8481177
-0.90570571 	0.25 	0.546 	66.906605 	-8.2389952 	-3.8347479
-0.90690691 	0.25 	0.546 	66.912456 	-8.2076689 	-3.8209521
-0.90810811 	0.25 	0.546 	66.948246 	-8.1712894 	-3.8065922
-0.90930931 	0.25 	0.546 	66.984037 	-8.1349098 	-3.7922322
-0.91051051 	0.25 	0.546 	67.019827 	-8.0985303 	-3.7778723
-0.91171171 	0.25 	0.546 	67.055618 	-8.0621507 	-3.7635123
-0.91291291 	0.25 	0.546 	67.086204 	-8.0242615 	-3.7494615
-0.91411411 	0.25 	0.546 	67.104958 	-7.9863486 	-3.7357178
-0.91531532 	0.25 	0.546 	67.096591 	-7.9513796 	-3.7223301
-0.91651652 	0.25 	0.546 	67.087704 	-7.9188147 	-3.7087355
-0.91771772 	0.25 	0.546 	67.078736 	-7.8866269 	-3.6951085
-0.91891892 	0.25 	0.546 	67.069769 	-7.8544392 	-3.6814815
-0.92012012 	0.25 	0.546 	67.060801 	-7.8222514 	-3.6678544
-0.92132132 	0.25 	0.546 	67.052406 	-7.7899388 	-3.6542462
-0.92252252 	0.25 	0.546 	67.072401 	-7.7514441 	-3.6415679
-0.92372372 	0.25 	0.546 	67.092395 	-7.7129495 	-3.6288896
-0.92492492 	0.25 	0.546 	67.11239 	-7.6744549 	-3.6162113
-0.92612613 	0.25 	0.546 	67.132385 	-7.6359602 	-3.603533
-0.92732733 	0.25 	0.546 	67.148501 	-7.5972333 	-3.5905093
-0.92852853 	0.25 	0.546 	67.157932 	-7.55706 	-3.5768286
-0.92972973 	0.25 	0.546 	67.141634 	-7.5024956 	-3.5629337
-0.93093093 	0.25 	0.546 	67.1418 	-7.4644349 	-3.5495251
-0.93213213 	0.25 	0.546 	67.150493 	-7.4214982 	-3.5345885
-0.93333333 	0.25 	0.546 	67.15921 	-7.377222 	-3.5194432
-0.93453453 	0.25 	0.546 	67.167926 	-7.3329458 	-3.5042979
-0.93573574 	0.25 	0.546 	67.176642 	-7.2886696 	-3.4891526
-0.93693694 	0.25 	0.546 	67.216342 	-7.2680047 	-3.475354
-0.93813814 	0.25 	0.546 	67.227935 	-7.2249821 	-3.46126
-0.93933934 	0.25 	0.546 	67.266694 	-7.1889435 	-3.4470394
-0.94054054 	0.25 	0.546 	67.305454 	-7.1529049 	-3.4328187
-0.94174174 	0.25 	0.546 	67.344213 	-7.1168663 	-3.418598
-0.94294294 	0.25 	0.546 	67.375804 	-7.0784095 	-3.4044312
-0.94414414 	0.25 	0.546 	67.4167 	-7.0408288 	-3.3906239
-0.94534535 	0.25 	0.546 	67.426665 	-6.9886037 	-3.3770739
-0.94654655 	0.25 	0.546 	67.461176 	-6.9520691 	-3.3627226
-0.94774775 	0.25 	0.546 	67.511911 	-6.9164739 	-3.3481301
-0.94894895 	0.25 	0.546 	67.562645 	-6.8808786 	-3.3335376
-0.95015015 	0.25 	0.546 	67.61338 	-6.8452834 	-3.3189451
-0.95135135 	0.25 	0.546 	67.668965 	-6.8129504 	-3.3043852
-0.95255255 	0.25 	0.546 	67.715674 	-6.8003027 	-3.2899207
-0.95375375 	0.25 	0.546 	67.764449 	-6.7694753 	-3.2751293
-0.95495495 	0.25 	0.546 	67.828939 	-6.7334205 	-3.2602791
-0.95615616 	0.25 	0.546 	67.893428 	-6.6973658 	-3.2454289
-0.95735736 	0.25 	0.546 	67.957918 	-6.661311 	-3.2305788
-0.95855856 	0.25 	0.546 	68.008467 	-6.6245618 	-3.2159015
-0.95975976 	0.25 	0.546 	68.08683 	-6.572397 	-3.2017719
-0.96096096 	0.25 	0.546 	68.113135 	-6.5339812 	-3.1869627
-0.96216216 	0.25 	0.546 	68.184886 	-6.4861973 	-3.1717424
-0.96336336 	0.25 	0.546 	68.264373 	-6.4390372 	-3.1564292
-0.96456456 	0.25 	0.546 	68.34386 	-6.3918771 	-3.141116
-0.96576577 	0.25 	0.546 	68.423347 	-6.3447169 	-3.1258028
-0.96696697 	0.25 	0.546 	68.518447 	-6.2894294 	-3.1108078
-0.96816817 	0.25 	0.546 	68.571375 	-6.2525299 	-3.0953463
-0.96936937 	0.25 	0.546 	68.655942 	-6.2101699 	-3.0803169
-0.97057057 	0.25 	0.546 	68.74051 	-6.1678098 	-3.0652875
-0.97177177 	0.25 	0.546 	68.825077 	-6.1254498 	-3.0502581
-0.97297297 	0.25 	0.546 	68.909644 	-6.0830898 	-3.0352287
-0.97417417 	0.25 	0.546 	68.974963 	-6.0356226 	-3.0199671
-0.97537538 	0.25 	0.546 	69.064534 	-5.9721639 	-3.0050856
-0.97657658 	0.25 	0.546 	69.123945 	-5.9186768 	-2.9888113
-0.97777778 	0.25 	0.546 	69.20792 	-5.8780699 	-2.9736979
-0.97897898 	0.25 	0.546 	69.294625 	-5.8391471 	-2.9587012
-0.98018018 	0.25 	0.546 	69.38133 	-5.8002242 	-2.9437045
-0.98138138 	0.25 	0.546 	69.468035 	-5.7613014 	-2.9287079
-0.98258258 	0.25 	0.546 	69.575314 	-5.7299283 	-2.9154964
-0.98378378 	0.25 	0.546 	69.652446 	-5.667405 	-2.8976748
-0.98498498 	0.25 	0.546 	69.748843 	-5.624265 	-2.882062
-0.98618619 	0.25 	0.546 	69.845239 	-5.581125 	-2.8664492
-0.98738739 	0.25 	0.546 	69.941636 	-5.537985 	-2.8508364
-0.98858859 	0.25 	0.546 	70.038033 	-5.494845 	-2.8352236
-0.98978979 	0.25 	0.546 	70.138795 	-5.4592057 	-2.8208252
-0.99099099 	0.25 	0.546 	70.238718 	-5.3898579 	-2.8038787
-0.99219219 	0.25 	0.546 	70.345376 	-5.3480083 	-2.7887055
-0.99339339 	0.25 	0.546 	70.4524 	-5.3075923 	-2.7736497
-0.99459459 	0.25 	0.546 	70.559424 	-5.2671764 	-2.7585939
-0.9957958 	0.25 	0.546 	70.666449 	-5.2267604 	-2.7435381
-0.996997 	0.25 	0.546 	70.773473 	-5.1863444 	-2.7284823
-0.9981982 	0.25 	0.546 	70.878216 	-5.1338709 	-2.7132932
-0.9993994 	0.25 	0.546 	70.982977 	-5.0670412 	-2.6978192
-1.0006006 	0.25 	0.546 	71.091407 	-5.0210455 	-2.684592
-1.0018018 	0.25 	0.546 	71.200877 	-4.9809373 	-2.6719972
-1.003003 	0.25 	0.546 	71.310348 	-4.940829 	-2.6594025
-1.0042042 	0.25 	0.546 	71.419818 	-4.9007207 	-2.6468077
-1.0054054 	0.25 	0.546 	71.51342 	-4.844477 	-2.6300434
-1.0066066 	0.25 	0.546 	71.61441 	-4.8333376 	-2.6187943
-1.0078078 	0.25 	0.546 	71.725268 	-4.7854931 	-2.5999187
-1.009009 	0.25 	0.546 	71.822379 	-4.7321096 	-2.5836654
-1.0102102 	0.25 	0.546 	71.990831 	-4.6614891 	-2.5628338
-1.0114114 	0.25 	0.546 	72.179866 	-4.5858955 	-2.5406814
-1.0126126 	0.25 	0.546 	72.368901 	-4.510302 	-2.518529
-1.0138138 	0.25 	0.546 	72.508021 	-4.4482616 	-2.5022587
-1.015015 	0.25 	0.546 	72.617377 	-4.4024297 	-2.4849747
-1.0162162 	0.25 	0.546 	72.749565 	-4.3447509 	-2.4680232
-1.0174174 	0.25 	0.546 	72.881752 	-4.2870721 	-2.4510718
-1.0186186 	0.25 	0.546 	73.01394 	-4.2293933 	-2.4341203
-1.0198198 	0.25 	0.546 	73.150673 	-4.1693651 	-2.4173232
-1.021021 	0.25 	0.546 	73.292972 	-4.0988148 	-2.4015658
-1.0222222 	0.25 	0.546 	73.419377 	-4.0408661 	-2.3851132
-1.0234234 	0.25 	0.546 	73.563808 	-3.9729631 	-2.3683171
-1.0246246 	0.25 	0.546 	73.723091 	-3.9070386 	-2.3511742
-1.0258258 	0.25 	0.546 	73.886208 	-3.8416249 	-2.3339419
-1.027027 	0.25 	0.546 	73.996112 	-3.7745265 	-2.3181207
-1.0282282 	0.25 	0.546 	73.823336 	-3.6955078 	-2.3090204
-1.0294294 	0.25 	0.546 	74.105299 	-3.6292657 	-2.2894165
-1.0306306 	0.25 	0.546 	74.157545 	-3.5557466 	-2.2750052
-1.0318318 	0.25 	0.546 	74.20979 	-3.4822275 	-2.2605939
-1.033033 	0.25 	0.546 	74.262035 	-3.4087084 	-2.2461825
-1.0342342 	0.25 	0.546 	74.351638 	-3.3316443 	-2.2304737
-1.0354354 	0.25 	0.546 	74.371992 	-3.2500323 	-2.2163848
-1.0366366 	0.25 	0.546 	74.474561 	-3.1732638 	-2.2006861
-1.0378378 	0.25 	0.546 	74.615574 	-3.1001201 	-2.183066
-1.039039 	0.25 	0.546 	74.703632 	-3.0253336 	-2.1666191
-1.0402402 	0.25 	0.546 	74.828204 	-2.9420432 	-2.1477556
-1.0414414 	0.25 	0.546 	74.967694 	-2.8552784 	-2.1279049
-1.0426426 	0.25 	0.546 	74.97692 	-2.7644142 	-2.1113685
-1.0438438 	0.25 	0.546 	75.105209 	-2.7108646 	-2.0945092
-1.045045 	0.25 	0.546 	75.219095 	-2.6262684 	-2.0792246
-1.0462462 	0.25 	0.546 	75.256146 	-2.5236176 	-2.065837
-1.0474474 	0.25 	0.546 	75.383003 	-2.4449291 	-2.0501405
-1.0486486 	0.25 	0.546 	75.509861 	-2.3662405 	-2.0344441
-1.0498498 	0.25 	0.546 	75.636718 	-2.2875519 	-2.0187476
-1.0510511 	0.25 	0.546 	75.763575 	-2.2088633 	-2.0030512
-1.0522523 	0.25 	0.546 	75.878669 	-2.1273695 	-1.9877052
-1.0534535 	0.25 	0.546 	75.786502 	-1.9757205 	-1.9779424
-1.0546547 	0.25 	0.546 	76.158237 	-1.8349469 	-1.94977
-1.0558559 	0.25 	0.546 	76.3272 	-1.6981279 	-1.928054
-1.0570571 	0.25 	0.546 	76.460262 	-1.561967 	-1.907372
-1.0582583 	0.25 	0.546 	76.593324 	-1.4258062 	-1.88669
-1.0594595 	0.25 	0.546 	76.677922 	-1.290534 	-1.867404
-1.0606607 	0.25 	0.546 	76.820697 	-1.1780722 	-1.8501174
-1.0618619 	0.25 	0.546 	76.942432 	-1.0612488 	-1.8323697
-1.0630631 	0.25 	0.546 	77.064167 	-0.94442534 	-1.8146219
-1.0642643 	0.25 	0.546 	77.182064 	-0.82879392 	-1.7969225
-1.0654655 	0.25 	0.546 	77.296264 	-0.71431009 	-1.7792696
-1.0666667 	0.25 	0.546 	77.324447 	-0.5949669 	-1.7633792
-1.0678679 	0.25 	0.546 	77.571741 	-0.46925391 	-1.7431339
-1.0690691 	0.25 	0.546 	77.712795 	-0.33600788 	-1.7242847
-1.0702703 	0.25 	0.546 	77.85385 	-0.20276184 	-1.7054355
-1.0714715 	0.25 	0.546 	77.994904 	-0.069515811 	-1.6865863
-1.0726727 	0.25 	0.546 	78.135958 	0.063730222 	-1.667737
-1.0738739 	0.25 	0.546 	78.198002 	0.20047312 	-1.6507833
-1.0750751 	0.25 	0.546 	78.448475 	0.34825751 	-1.6297781
-1.0762763 	0.25 	0.546 	78.614177 	0.50577307 	-1.6101491
-1.0774775 	0.25 	0.546 	78.76147 	0.66385157 	-1.5907816
-1.0786787 	0.25 	0.546 	78.908764 	0.82193007 	-1.5714142
-1.0798799 	0.25 	0.546 	79.056058 	0.98000857 	-1.5520468
-1.0810811 	0.25 	0.546 	79.203351 	1.1380871 	-1.5326793
-1.0822823 	0.25 	0.546 	79.15887 	1.3123285 	-1.5180571
-1.0834835 	0.25 	0.546 	79.544185 	1.4876941 	-1.4933129
-1.0846847 	0.25 	0.546 	79.700025 	1.6594796 	-1.4736727
-1.0858859 	0.25 	0.546 	79.855865 	1.8312651 	-1.4540325
-1.0870871 	0.25 	0.546 	80.011705 	2.0030505 	-1.4343923
-1.0882883 	0.25 	0.546 	80.167538 	2.1748429 	-1.4147501
-1.0894895 	0.25 	0.546 	80.322311 	2.3547077 	-1.3946266
-1.0906907 	0.25 	0.546 	80.490717 	2.5708882 	-1.3721618
-1.0918919 	0.25 	0.546 	80.658311 	2.7865957 	-1.3492299
-1.0930931 	0.25 	0.546 	80.825904 	3.0023033 	-1.3262979
-1.0942943 	0.25 	0.546 	80.993498 	3.2180109 	-1.303366
-1.0954955 	0.25 	0.546 	81.04644 	3.4575489 	-1.2798777
-1.0966967 	0.25 	0.546 	81.200687 	3.6206579 	-1.2643308
-1.0978979 	0.25 	0.546 	81.298146 	3.7774342 	-1.2471513
-1.0990991 	0.25 	0.546 	81.392249 	3.9334781 	-1.229399
-1.1003003 	0.25 	0.546 	81.486352 	4.0895221 	-1.2116466
-1.1015015 	0.25 	0.546 	81.580455 	4.245566 	-1.1938943
-1.1027027 	0.25 	0.546 	81.674558 	4.40161 	-1.1761419
-1.1039039 	0.25 	0.546 	81.768661 	4.557654 	-1.1583896
-1.1051051 	0.25 	0.546 	81.843944 	4.7133182 	-1.1407402
-1.1063063 	0.25 	0.546 	81.94964 	4.8378137 	-1.1196039
-1.1075075 	0.25 	0.546 	82.056688 	5.0119651 	-1.0957965
-1.1087087 	0.25 	0.546 	82.129609 	5.2168565 	-1.0729583
-1.1099099 	0.25 	0.546 	82.218323 	5.4320045 	-1.0497252
-1.1111111 	0.25 	0.546 	82.330235 	5.6622188 	-1.0259121
-1.1123123 	0.25 	0.546 	82.421532 	5.9112835 	-1.002894
-1.1135135 	0.25 	0.546 	82.468436 	6.1561617 	-0.98355948
-1.1147147 	0.25 	0.546 	82.524661 	6.3598859 	-0.96281884
-1.1159159 	0.25 	0.546 	82.568426 	6.5770305 	-0.94196904
-1.1171171 	0.25 	0.546 	82.612191 	6.794175 	-0.92111925
-1.1183183 	0.25 	0.546 	82.655956 	7.0113195 	-0.90026946
-1.1195195 	0.25 	0.546 	82.674462 	7.2566659 	-0.87962998
-1.1207207 	0.25 	0.546 	82.691791 	7.5114239 	-0.85896498
-1.1219219 	0.25 	0.546 	82.725728 	7.7823629 	-0.83733434
-1.1231231 	0.25 	0.546 	82.758972 	8.0524792 	-0.81511045
-1.1243243 	0.25 	0.546 	82.79488 	8.3376993 	-0.79339796
-1.1255255 	0.25 	0.546 	82.832218 	8.631033 	-0.77196019
-1.1267267 	0.25 	0.546 	82.879465 	8.9201143 	-0.75084949
-1.1279279 	0.25 	0.546 	82.944086 	9.2549981 	-0.73170195
-1.1291291 	0.25 	0.546 	82.955957 	9.5306766 	-0.7090463
-1.1303303 	0.25 	0.546 	82.997052 	9.9000782 	-0.68661976
-1.1315315 	0.25 	0.546 	83.022619 	10.323104 	-0.66091398
-1.1327327 	0.25 	0.546 	83.048187 	10.746131 	-0.63520821
-1.1339339 	0.25 	0.546 	83.073754 	11.169157 	-0.60950243
-1.1351351 	0.25 	0.546 	83.126569 	11.631011 	-0.58845216
-1.1363363 	0.25 	0.546 	83.097798 	11.928053 	-0.56906068
-1.1375375 	0.25 	0.546 	83.082249 	12.251852 	-0.54985362
-1.1387387 	0.25 	0.546 	83.066699 	12.575651 	-0.53064656
-1.1399399 	0.25 	0.546 	83.05115 	12.89945 	-0.51143949
-1.1411411 	0.25 	0.546 	83.035601 	13.223249 	-0.49223243
-1.1423423 	0.25 	0.546 	83.046437 	13.598137 	-0.47173085
-1.1435435 	0.25 	0.546 	83.082287 	14.022849 	-0.45194584
-1.1447447 	0.25 	0.546 	83.031688 	14.508588 	-0.43064476
-1.1459459 	0.25 	0.546 	83.01703 	14.956562 	-0.40911309
-1.1471471 	0.25 	0.546 	82.98248 	15.415453 	-0.38774219
-1.1483483 	0.25 	0.546 	82.947929 	15.874344 	-0.36637128
-1.1495495 	0.25 	0.546 	82.913379 	16.333235 	-0.34500037
-1.1507508 	0.25 	0.546 	82.890439 	16.783136 	-0.3238043
-1.151952 	0.25 	0.546 	82.895301 	17.22951 	-0.30383112
-1.1531532 	0.25 	0.546 	82.826508 	17.726662 	-0.28272544
-1.1543544 	0.25 	0.546 	82.751503 	18.218782 	-0.26117439
-1.1555556 	0.25 	0.546 	82.676499 	18.710902 	-0.23962333
-1.1567568 	0.25 	0.546 	82.601495 	19.203022 	-0.21807228
-1.157958 	0.25 	0.546 	82.534769 	19.685303 	-0.19637842
-1.1591592 	0.25 	0.546 	82.480179 	20.126196 	-0.17407698
-1.1603604 	0.25 	0.546 	82.346077 	20.647142 	-0.15212813
-1.1615616 	0.25 	0.546 	82.170505 	21.15508 	-0.12912886
-1.1627628 	0.25 	0.546 	81.988706 	21.680427 	-0.10622511
-1.163964 	0.25 	0.546 	81.806907 	22.205774 	-0.083321357
-1.1651652 	0.25 	0.546 	81.625108 	22.731121 	-0.060417607
-1.1663664 	0.25 	0.546 	81.439599 	23.249899 	-0.037512481
-1.1675676 	0.25 	0.546 	81.215876 	23.726636 	-0.015186196
-1.1687688 	0.25 	0.546 	80.933177 	24.240833 	0.0073688821
-1.16997 	0.25 	0.546 	80.631173 	24.764962 	0.030376002
-1.1711712 	0.25 	0.546 	80.329169 	25.289091 	0.053383122
-1.1723724 	0.25 	0.546 	80.027165 	25.81322 	0.076390242
-1.1735736 	0.25 	0.546 	79.713812 	26.289982 	0.099020641
-1.1747748 	0.25 	0.546 	79.355157 	26.762376 	0.1214213
-1.175976 	0.25 	0.546 	78.944017 	27.265455 	0.14263899
-1.1771772 	0.25 	0.546 	78.472418 	27.736197 	0.1635112
-1.1783784 	0.25 	0.546 	77.998363 	28.214503 	0.1852511
-1.1795796 	0.25 	0.546 	77.524103 	28.693439 	0.20706317
-1.1807808 	0.25 	0.546 	77.049844 	29.172375 	0.22887525
-1.181982 	0.25 	0.546 	76.575584 	29.65131 	0.25068732
-1.1831832 	0.25 	0.546 	76.026473 	30.081967 	0.27073327
-1.1843844 	0.25 	0.546 	75.30607 	30.434725 	0.29202303
-1.1855856 	0.25 	0.546 	74.465135 	30.752534 	0.31454283
-1.1867868 	0.25 	0.546 	73.624199 	31.070344 	0.33706264
-1.187988 	0.25 	0.546 	72.83799 	31.389493 	0.35838972
-1.1891892 	0.25 	0.546 	72.240955 	31.713272 	0.37559393
-1.1903904 	0.25 	0.546 	71.488792 	31.99756 	0.39358938
-1.1915916 	0.25 	0.546 	70.751252 	32.122822 	0.40849907
-1.1927928 	0.25 	0.546 	69.875385 	32.151753 	0.4247897
-1.193994 	0.25 	0.546 	69.233339 	32.132119 	0.43735554
-1.1951952 	0.25 	0.546 	68.591294 	32.112486 	0.44992138
-1.1963964 	0.25 	0.546 	67.949249 	32.092853 	0.46248722
-1.1975976 	0.25 	0.546 	67.307204 	32.07322 	0.47505306
-1.1987988 	0.25 	0.546 	66.665159 	32.053587 	0.48761891
-1.2 	0.25 	0.546 	66.023113 	32.033954 	0.50018475
