0 	0.25 	0.728 	54.169052 	-7.3057422 	-12.403106
-0.0012012012 	0.25 	0.728 	54.17021 	-7.3131256 	-12.399658
-0.0024024024 	0.25 	0.728 	54.171368 	-7.320509 	-12.39621
-0.0036036036 	0.25 	0.728 	54.172525 	-7.3278924 	-12.392762
-0.0048048048 	0.25 	0.728 	54.173683 	-7.3352758 	-12.389314
-0.006006006 	0.25 	0.728 	54.174841 	-7.3426592 	-12.385866
-0.0072072072 	0.25 	0.728 	54.175998 	-7.3500426 	-12.382418
-0.0084084084 	0.25 	0.728 	54.177156 	-7.357426 	-12.37897
-0.0096096096 	0.25 	0.728 	54.178313 	-7.3648093 	-12.375522
-0.010810811 	0.25 	0.728 	54.179471 	-7.3721927 	-12.372074
-0.012012012 	0.25 	0.728 	54.180629 	-7.3795761 	-12.368626
-0.013213213 	0.25 	0.728 	54.181786 	-7.3869595 	-12.365178
-0.014414414 	0.25 	0.728 	54.182944 	-7.3943429 	-12.36173
-0.015615616 	0.25 	0.728 	54.184101 	-7.4017263 	-12.358282
-0.016816817 	0.25 	0.728 	54.185259 	-7.4091097 	-12.354834
-0.018018018 	0.25 	0.728 	54.186417 	-7.4164931 	-12.351386
-0.019219219 	0.25 	0.728 	54.187574 	-7.4238765 	-12.347938
-0.02042042 	0.25 	0.728 	54.188732 	-7.4312599 	-12.34449
-0.021621622 	0.25 	0.728 	54.192992 	-7.4389555 	-12.34285
-0.022822823 	0.25 	0.728 	54.198579 	-7.4464822 	-12.34244
-0.024024024 	0.25 	0.728 	54.204176 	-7.4536584 	-12.342564
-0.025225225 	0.25 	0.728 	54.209774 	-7.4608347 	-12.342688
-0.026426426 	0.25 	0.728 	54.215371 	-7.4680109 	-12.342812
-0.027627628 	0.25 	0.728 	54.220968 	-7.4751872 	-12.342936
-0.028828829 	0.25 	0.728 	54.226566 	-7.4823635 	-12.343059
-0.03003003 	0.25 	0.728 	54.232163 	-7.4895397 	-12.343183
-0.031231231 	0.25 	0.728 	54.23776 	-7.496716 	-12.343307
-0.032432432 	0.25 	0.728 	54.243357 	-7.5038923 	-12.343431
-0.033633634 	0.25 	0.728 	54.248955 	-7.5110685 	-12.343555
-0.034834835 	0.25 	0.728 	54.254552 	-7.5182448 	-12.343679
-0.036036036 	0.25 	0.728 	54.260149 	-7.5254211 	-12.343803
-0.037237237 	0.25 	0.728 	54.265747 	-7.5325973 	-12.343927
-0.038438438 	0.25 	0.728 	54.271344 	-7.5397736 	-12.344051
-0.03963964 	0.25 	0.728 	54.280321 	-7.5469084 	-12.345841
-0.040840841 	0.25 	0.728 	54.289437 	-7.5540415 	-12.3477
-0.042042042 	0.25 	0.728 	54.298553 	-7.5611746 	-12.349559
-0.043243243 	0.25 	0.728 	54.307669 	-7.5683077 	-12.351419
-0.044444444 	0.25 	0.728 	54.316785 	-7.5754407 	-12.353278
-0.045645646 	0.25 	0.728 	54.325901 	-7.5825738 	-12.355137
-0.046846847 	0.25 	0.728 	54.335018 	-7.5897069 	-12.356996
-0.048048048 	0.25 	0.728 	54.344134 	-7.59684 	-12.358855
-0.049249249 	0.25 	0.728 	54.35325 	-7.6039731 	-12.360714
-0.05045045 	0.25 	0.728 	54.362366 	-7.6111062 	-12.362573
-0.051651652 	0.25 	0.728 	54.371482 	-7.6182393 	-12.364432
-0.052852853 	0.25 	0.728 	54.380598 	-7.6253724 	-12.366291
-0.054054054 	0.25 	0.728 	54.389714 	-7.6325054 	-12.368151
-0.055255255 	0.25 	0.728 	54.39883 	-7.6396385 	-12.37001
-0.056456456 	0.25 	0.728 	54.407947 	-7.6467716 	-12.371869
-0.057657658 	0.25 	0.728 	54.417063 	-7.6539047 	-12.373728
-0.058858859 	0.25 	0.728 	54.426179 	-7.6610378 	-12.375587
-0.06006006 	0.25 	0.728 	54.435295 	-7.6681709 	-12.377446
-0.061261261 	0.25 	0.728 	54.442248 	-7.6769623 	-12.375449
-0.062462462 	0.25 	0.728 	54.449121 	-7.6858156 	-12.373307
-0.063663664 	0.25 	0.728 	54.455994 	-7.6946689 	-12.371165
-0.064864865 	0.25 	0.728 	54.462867 	-7.7035222 	-12.369024
-0.066066066 	0.25 	0.728 	54.469739 	-7.7123755 	-12.366882
-0.067267267 	0.25 	0.728 	54.476612 	-7.7212289 	-12.36474
-0.068468468 	0.25 	0.728 	54.483485 	-7.7300822 	-12.362599
-0.06966967 	0.25 	0.728 	54.490357 	-7.7389355 	-12.360457
-0.070870871 	0.25 	0.728 	54.49723 	-7.7477888 	-12.358315
-0.072072072 	0.25 	0.728 	54.504103 	-7.7566421 	-12.356174
-0.073273273 	0.25 	0.728 	54.510976 	-7.7654954 	-12.354032
-0.074474474 	0.25 	0.728 	54.517848 	-7.7743488 	-12.35189
-0.075675676 	0.25 	0.728 	54.524721 	-7.7832021 	-12.349749
-0.076876877 	0.25 	0.728 	54.531594 	-7.7920554 	-12.347607
-0.078078078 	0.25 	0.728 	54.538467 	-7.8009087 	-12.345465
-0.079279279 	0.25 	0.728 	54.545339 	-7.809762 	-12.343324
-0.08048048 	0.25 	0.728 	54.552212 	-7.8186154 	-12.341182
-0.081681682 	0.25 	0.728 	54.559425 	-7.8273947 	-12.339247
-0.082882883 	0.25 	0.728 	54.568145 	-7.8358467 	-12.338226
-0.084084084 	0.25 	0.728 	54.576865 	-7.8442987 	-12.337204
-0.085285285 	0.25 	0.728 	54.585585 	-7.8527507 	-12.336183
-0.086486486 	0.25 	0.728 	54.594305 	-7.8612027 	-12.335161
-0.087687688 	0.25 	0.728 	54.603025 	-7.8696547 	-12.33414
-0.088888889 	0.25 	0.728 	54.611745 	-7.8781066 	-12.333119
-0.09009009 	0.25 	0.728 	54.620465 	-7.8865586 	-12.332097
-0.091291291 	0.25 	0.728 	54.629185 	-7.8950106 	-12.331076
-0.092492492 	0.25 	0.728 	54.637905 	-7.9034626 	-12.330054
-0.093693694 	0.25 	0.728 	54.646625 	-7.9119146 	-12.329033
-0.094894895 	0.25 	0.728 	54.655345 	-7.9203666 	-12.328012
-0.096096096 	0.25 	0.728 	54.664065 	-7.9288186 	-12.32699
-0.097297297 	0.25 	0.728 	54.672785 	-7.9372706 	-12.325969
-0.098498498 	0.25 	0.728 	54.681462 	-7.945786 	-12.324896
-0.0996997 	0.25 	0.728 	54.6901 	-7.9543575 	-12.323776
-0.1009009 	0.25 	0.728 	54.700941 	-7.9620017 	-12.325791
-0.1021021 	0.25 	0.728 	54.711908 	-7.969593 	-12.327984
-0.1033033 	0.25 	0.728 	54.722875 	-7.9771842 	-12.330177
-0.1045045 	0.25 	0.728 	54.733842 	-7.9847755 	-12.33237
-0.10570571 	0.25 	0.728 	54.744808 	-7.9923668 	-12.334563
-0.10690691 	0.25 	0.728 	54.755775 	-7.999958 	-12.336756
-0.10810811 	0.25 	0.728 	54.766742 	-8.0075493 	-12.33895
-0.10930931 	0.25 	0.728 	54.777709 	-8.0151406 	-12.341143
-0.11051051 	0.25 	0.728 	54.788676 	-8.0227318 	-12.343336
-0.11171171 	0.25 	0.728 	54.799643 	-8.0303231 	-12.345529
-0.11291291 	0.25 	0.728 	54.81061 	-8.0379144 	-12.347722
-0.11411411 	0.25 	0.728 	54.821577 	-8.0455056 	-12.349915
-0.11531532 	0.25 	0.728 	54.832543 	-8.0530969 	-12.352108
-0.11651652 	0.25 	0.728 	54.84351 	-8.0606882 	-12.354301
-0.11771772 	0.25 	0.728 	54.854477 	-8.0682794 	-12.356495
-0.11891892 	0.25 	0.728 	54.865444 	-8.0758707 	-12.358688
-0.12012012 	0.25 	0.728 	54.876411 	-8.083462 	-12.360881
-0.12132132 	0.25 	0.728 	54.886861 	-8.0911165 	-12.361647
-0.12252252 	0.25 	0.728 	54.895341 	-8.0990118 	-12.356977
-0.12372372 	0.25 	0.728 	54.903821 	-8.1069072 	-12.352307
-0.12492492 	0.25 	0.728 	54.912301 	-8.1148025 	-12.347637
-0.12612613 	0.25 	0.728 	54.920781 	-8.1226979 	-12.342966
-0.12732733 	0.25 	0.728 	54.929261 	-8.1305933 	-12.338296
-0.12852853 	0.25 	0.728 	54.937741 	-8.1384886 	-12.333626
-0.12972973 	0.25 	0.728 	54.946221 	-8.146384 	-12.328956
-0.13093093 	0.25 	0.728 	54.954701 	-8.1542793 	-12.324285
-0.13213213 	0.25 	0.728 	54.963181 	-8.1621747 	-12.319615
-0.13333333 	0.25 	0.728 	54.971661 	-8.1700701 	-12.314945
-0.13453453 	0.25 	0.728 	54.980141 	-8.1779654 	-12.310275
-0.13573574 	0.25 	0.728 	54.988621 	-8.1858608 	-12.305605
-0.13693694 	0.25 	0.728 	54.997101 	-8.1937561 	-12.300934
-0.13813814 	0.25 	0.728 	55.005582 	-8.2016515 	-12.296264
-0.13933934 	0.25 	0.728 	55.014062 	-8.2095469 	-12.291594
-0.14054054 	0.25 	0.728 	55.022542 	-8.2174422 	-12.286924
-0.14174174 	0.25 	0.728 	55.031022 	-8.2253376 	-12.282254
-0.14294294 	0.25 	0.728 	55.041001 	-8.233584 	-12.278962
-0.14414414 	0.25 	0.728 	55.051828 	-8.242029 	-12.276449
-0.14534535 	0.25 	0.728 	55.062819 	-8.2503412 	-12.274076
-0.14654655 	0.25 	0.728 	55.073828 	-8.2586382 	-12.271718
-0.14774775 	0.25 	0.728 	55.084837 	-8.2669353 	-12.26936
-0.14894895 	0.25 	0.728 	55.095846 	-8.2752323 	-12.267002
-0.15015015 	0.25 	0.728 	55.106855 	-8.2835294 	-12.264645
-0.15135135 	0.25 	0.728 	55.117864 	-8.2918264 	-12.262287
-0.15255255 	0.25 	0.728 	55.128873 	-8.3001235 	-12.259929
-0.15375375 	0.25 	0.728 	55.139882 	-8.3084205 	-12.257571
-0.15495495 	0.25 	0.728 	55.150891 	-8.3167176 	-12.255213
-0.15615616 	0.25 	0.728 	55.1619 	-8.3250146 	-12.252856
-0.15735736 	0.25 	0.728 	55.172909 	-8.3333117 	-12.250498
-0.15855856 	0.25 	0.728 	55.183918 	-8.3416087 	-12.24814
-0.15975976 	0.25 	0.728 	55.194927 	-8.3499058 	-12.245782
-0.16096096 	0.25 	0.728 	55.205936 	-8.3582028 	-12.243424
-0.16216216 	0.25 	0.728 	55.219148 	-8.3668092 	-12.242791
-0.16336336 	0.25 	0.728 	55.232472 	-8.3754312 	-12.242245
-0.16456456 	0.25 	0.728 	55.245795 	-8.3840532 	-12.2417
-0.16576577 	0.25 	0.728 	55.259119 	-8.3926751 	-12.241154
-0.16696697 	0.25 	0.728 	55.272442 	-8.4012971 	-12.240608
-0.16816817 	0.25 	0.728 	55.285766 	-8.4099191 	-12.240062
-0.16936937 	0.25 	0.728 	55.29909 	-8.4185411 	-12.239516
-0.17057057 	0.25 	0.728 	55.312413 	-8.4271631 	-12.23897
-0.17177177 	0.25 	0.728 	55.325737 	-8.4357851 	-12.238424
-0.17297297 	0.25 	0.728 	55.33906 	-8.4444071 	-12.237879
-0.17417417 	0.25 	0.728 	55.352384 	-8.453029 	-12.237333
-0.17537538 	0.25 	0.728 	55.365708 	-8.461651 	-12.236787
-0.17657658 	0.25 	0.728 	55.379031 	-8.470273 	-12.236241
-0.17777778 	0.25 	0.728 	55.392355 	-8.478895 	-12.235695
-0.17897898 	0.25 	0.728 	55.405678 	-8.487517 	-12.235149
-0.18018018 	0.25 	0.728 	55.419002 	-8.496139 	-12.234603
-0.18138138 	0.25 	0.728 	55.432325 	-8.504761 	-12.234057
-0.18258258 	0.25 	0.728 	55.444844 	-8.5133579 	-12.231601
-0.18378378 	0.25 	0.728 	55.456494 	-8.5219278 	-12.227083
-0.18498498 	0.25 	0.728 	55.468143 	-8.5304977 	-12.222566
-0.18618619 	0.25 	0.728 	55.479793 	-8.5390677 	-12.218048
-0.18738739 	0.25 	0.728 	55.491443 	-8.5476376 	-12.21353
-0.18858859 	0.25 	0.728 	55.503093 	-8.5562075 	-12.209012
-0.18978979 	0.25 	0.728 	55.514742 	-8.5647774 	-12.204495
-0.19099099 	0.25 	0.728 	55.526392 	-8.5733474 	-12.199977
-0.19219219 	0.25 	0.728 	55.538042 	-8.5819173 	-12.195459
-0.19339339 	0.25 	0.728 	55.549692 	-8.5904872 	-12.190942
-0.19459459 	0.25 	0.728 	55.561342 	-8.5990571 	-12.186424
-0.1957958 	0.25 	0.728 	55.572991 	-8.607627 	-12.181906
-0.196997 	0.25 	0.728 	55.584641 	-8.616197 	-12.177389
-0.1981982 	0.25 	0.728 	55.596291 	-8.6247669 	-12.172871
-0.1993994 	0.25 	0.728 	55.607941 	-8.6333368 	-12.168353
-0.2006006 	0.25 	0.728 	55.61959 	-8.6419067 	-12.163835
-0.2018018 	0.25 	0.728 	55.63124 	-8.6504767 	-12.159318
-0.203003 	0.25 	0.728 	55.643126 	-8.6589093 	-12.154932
-0.2042042 	0.25 	0.728 	55.656123 	-8.6666957 	-12.151165
-0.20540541 	0.25 	0.728 	55.66912 	-8.6744822 	-12.147399
-0.20660661 	0.25 	0.728 	55.682117 	-8.6822686 	-12.143632
-0.20780781 	0.25 	0.728 	55.695115 	-8.6900551 	-12.139866
-0.20900901 	0.25 	0.728 	55.708112 	-8.6978415 	-12.136099
-0.21021021 	0.25 	0.728 	55.721109 	-8.7056279 	-12.132333
-0.21141141 	0.25 	0.728 	55.734106 	-8.7134144 	-12.128566
-0.21261261 	0.25 	0.728 	55.747103 	-8.7212008 	-12.1248
-0.21381381 	0.25 	0.728 	55.7601 	-8.7289873 	-12.121033
-0.21501502 	0.25 	0.728 	55.773097 	-8.7367737 	-12.117267
-0.21621622 	0.25 	0.728 	55.786094 	-8.7445602 	-12.1135
-0.21741742 	0.25 	0.728 	55.799091 	-8.7523466 	-12.109734
-0.21861862 	0.25 	0.728 	55.812088 	-8.7601331 	-12.105967
-0.21981982 	0.25 	0.728 	55.825071 	-8.7679308 	-12.10219
-0.22102102 	0.25 	0.728 	55.837799 	-8.775926 	-12.098221
-0.22222222 	0.25 	0.728 	55.850527 	-8.7839213 	-12.094251
-0.22342342 	0.25 	0.728 	55.865391 	-8.7911895 	-12.093449
-0.22462462 	0.25 	0.728 	55.880297 	-8.7984434 	-12.092709
-0.22582583 	0.25 	0.728 	55.895203 	-8.8056973 	-12.091968
-0.22702703 	0.25 	0.728 	55.910108 	-8.8129512 	-12.091228
-0.22822823 	0.25 	0.728 	55.925014 	-8.8202051 	-12.090488
-0.22942943 	0.25 	0.728 	55.93992 	-8.827459 	-12.089748
-0.23063063 	0.25 	0.728 	55.954825 	-8.8347129 	-12.089007
-0.23183183 	0.25 	0.728 	55.969731 	-8.8419668 	-12.088267
-0.23303303 	0.25 	0.728 	55.984637 	-8.8492207 	-12.087527
-0.23423423 	0.25 	0.728 	55.999543 	-8.8564746 	-12.086787
-0.23543544 	0.25 	0.728 	56.014448 	-8.8637286 	-12.086047
-0.23663664 	0.25 	0.728 	56.029354 	-8.8709825 	-12.085306
-0.23783784 	0.25 	0.728 	56.04426 	-8.8782364 	-12.084566
-0.23903904 	0.25 	0.728 	56.059166 	-8.8854903 	-12.083826
-0.24024024 	0.25 	0.728 	56.074071 	-8.8927442 	-12.083086
-0.24144144 	0.25 	0.728 	56.088977 	-8.8999981 	-12.082345
-0.24264264 	0.25 	0.728 	56.103883 	-8.907252 	-12.081605
-0.24384384 	0.25 	0.728 	56.117353 	-8.9142075 	-12.076012
-0.24504505 	0.25 	0.728 	56.130302 	-8.9210545 	-12.068652
-0.24624625 	0.25 	0.728 	56.14325 	-8.9279014 	-12.061292
-0.24744745 	0.25 	0.728 	56.156198 	-8.9347483 	-12.053932
-0.24864865 	0.25 	0.728 	56.169146 	-8.9415952 	-12.046572
-0.24984985 	0.25 	0.728 	56.182094 	-8.9484422 	-12.039212
-0.25105105 	0.25 	0.728 	56.195043 	-8.9552891 	-12.031852
-0.25225225 	0.25 	0.728 	56.207991 	-8.962136 	-12.024492
-0.25345345 	0.25 	0.728 	56.220939 	-8.9689829 	-12.017132
-0.25465465 	0.25 	0.728 	56.233887 	-8.9758299 	-12.009772
-0.25585586 	0.25 	0.728 	56.246835 	-8.9826768 	-12.002413
-0.25705706 	0.25 	0.728 	56.259784 	-8.9895237 	-11.995053
-0.25825826 	0.25 	0.728 	56.272732 	-8.9963706 	-11.987693
-0.25945946 	0.25 	0.728 	56.28568 	-9.0032176 	-11.980333
-0.26066066 	0.25 	0.728 	56.298628 	-9.0100645 	-11.972973
-0.26186186 	0.25 	0.728 	56.311576 	-9.0169114 	-11.965613
-0.26306306 	0.25 	0.728 	56.324525 	-9.0237583 	-11.958253
-0.26426426 	0.25 	0.728 	56.338408 	-9.0315097 	-11.95207
-0.26546547 	0.25 	0.728 	56.352789 	-9.039743 	-11.946513
-0.26666667 	0.25 	0.728 	56.367297 	-9.047836 	-11.941107
-0.26786787 	0.25 	0.728 	56.381982 	-9.0557333 	-11.93591
-0.26906907 	0.25 	0.728 	56.396668 	-9.0636305 	-11.930713
-0.27027027 	0.25 	0.728 	56.411353 	-9.0715277 	-11.925516
-0.27147147 	0.25 	0.728 	56.426038 	-9.0794249 	-11.920319
-0.27267267 	0.25 	0.728 	56.440724 	-9.0873222 	-11.915122
-0.27387387 	0.25 	0.728 	56.455409 	-9.0952194 	-11.909925
-0.27507508 	0.25 	0.728 	56.470094 	-9.1031166 	-11.904727
-0.27627628 	0.25 	0.728 	56.484779 	-9.1110139 	-11.89953
-0.27747748 	0.25 	0.728 	56.499465 	-9.1189111 	-11.894333
-0.27867868 	0.25 	0.728 	56.51415 	-9.1268083 	-11.889136
-0.27987988 	0.25 	0.728 	56.528835 	-9.1347055 	-11.883939
-0.28108108 	0.25 	0.728 	56.54352 	-9.1426028 	-11.878742
-0.28228228 	0.25 	0.728 	56.558206 	-9.1505 	-11.873545
-0.28348348 	0.25 	0.728 	56.572891 	-9.1583972 	-11.868348
-0.28468468 	0.25 	0.728 	56.589194 	-9.1674404 	-11.864879
-0.28588589 	0.25 	0.728 	56.605533 	-9.1765087 	-11.861448
-0.28708709 	0.25 	0.728 	56.621872 	-9.185577 	-11.858017
-0.28828829 	0.25 	0.728 	56.638211 	-9.1946454 	-11.854586
-0.28948949 	0.25 	0.728 	56.65455 	-9.2037137 	-11.851156
-0.29069069 	0.25 	0.728 	56.670888 	-9.212782 	-11.847725
-0.29189189 	0.25 	0.728 	56.687227 	-9.2218504 	-11.844294
-0.29309309 	0.25 	0.728 	56.703566 	-9.2309187 	-11.840863
-0.29429429 	0.25 	0.728 	56.719905 	-9.239987 	-11.837432
-0.2954955 	0.25 	0.728 	56.736244 	-9.2490554 	-11.834001
-0.2966967 	0.25 	0.728 	56.752583 	-9.2581237 	-11.830571
-0.2978979 	0.25 	0.728 	56.768922 	-9.267192 	-11.82714
-0.2990991 	0.25 	0.728 	56.785261 	-9.2762604 	-11.823709
-0.3003003 	0.25 	0.728 	56.801599 	-9.2853287 	-11.820278
-0.3015015 	0.25 	0.728 	56.817938 	-9.294397 	-11.816847
-0.3027027 	0.25 	0.728 	56.834277 	-9.3034654 	-11.813416
-0.3039039 	0.25 	0.728 	56.850616 	-9.3125337 	-11.809986
-0.30510511 	0.25 	0.728 	56.866271 	-9.3220579 	-11.801517
-0.30630631 	0.25 	0.728 	56.881923 	-9.3315838 	-11.79303
-0.30750751 	0.25 	0.728 	56.897575 	-9.3411097 	-11.784543
-0.30870871 	0.25 	0.728 	56.913226 	-9.3506356 	-11.776056
-0.30990991 	0.25 	0.728 	56.928878 	-9.3601615 	-11.767568
-0.31111111 	0.25 	0.728 	56.94453 	-9.3696874 	-11.759081
-0.31231231 	0.25 	0.728 	56.960182 	-9.3792134 	-11.750594
-0.31351351 	0.25 	0.728 	56.975834 	-9.3887393 	-11.742107
-0.31471471 	0.25 	0.728 	56.991486 	-9.3982652 	-11.733619
-0.31591592 	0.25 	0.728 	57.007138 	-9.4077911 	-11.725132
-0.31711712 	0.25 	0.728 	57.02279 	-9.417317 	-11.716645
-0.31831832 	0.25 	0.728 	57.038442 	-9.4268429 	-11.708157
-0.31951952 	0.25 	0.728 	57.054094 	-9.4363688 	-11.69967
-0.32072072 	0.25 	0.728 	57.069746 	-9.4458947 	-11.691183
-0.32192192 	0.25 	0.728 	57.085398 	-9.4554207 	-11.682696
-0.32312312 	0.25 	0.728 	57.10105 	-9.4649466 	-11.674208
-0.32432432 	0.25 	0.728 	57.116803 	-9.4740278 	-11.666156
-0.32552553 	0.25 	0.728 	57.132981 	-9.4812273 	-11.659944
-0.32672673 	0.25 	0.728 	57.14916 	-9.4884267 	-11.653731
-0.32792793 	0.25 	0.728 	57.165338 	-9.4956262 	-11.647519
-0.32912913 	0.25 	0.728 	57.181517 	-9.5028256 	-11.641307
-0.33033033 	0.25 	0.728 	57.197695 	-9.5100251 	-11.635095
-0.33153153 	0.25 	0.728 	57.213873 	-9.5172245 	-11.628882
-0.33273273 	0.25 	0.728 	57.230052 	-9.524424 	-11.62267
-0.33393393 	0.25 	0.728 	57.24623 	-9.5316234 	-11.616458
-0.33513514 	0.25 	0.728 	57.262409 	-9.5388229 	-11.610245
-0.33633634 	0.25 	0.728 	57.278587 	-9.5460223 	-11.604033
-0.33753754 	0.25 	0.728 	57.294766 	-9.5532218 	-11.597821
-0.33873874 	0.25 	0.728 	57.310944 	-9.5604212 	-11.591609
-0.33993994 	0.25 	0.728 	57.327123 	-9.5676207 	-11.585396
-0.34114114 	0.25 	0.728 	57.343301 	-9.5748202 	-11.579184
-0.34234234 	0.25 	0.728 	57.35935 	-9.5824175 	-11.572709
-0.34354354 	0.25 	0.728 	57.375298 	-9.5903211 	-11.566033
-0.34474474 	0.25 	0.728 	57.391246 	-9.5982247 	-11.559356
-0.34594595 	0.25 	0.728 	57.408305 	-9.6037852 	-11.555467
-0.34714715 	0.25 	0.728 	57.425404 	-9.6092605 	-11.551679
-0.34834835 	0.25 	0.728 	57.442503 	-9.6147359 	-11.547891
-0.34954955 	0.25 	0.728 	57.459603 	-9.6202113 	-11.544103
-0.35075075 	0.25 	0.728 	57.476702 	-9.6256867 	-11.540315
-0.35195195 	0.25 	0.728 	57.493801 	-9.631162 	-11.536527
-0.35315315 	0.25 	0.728 	57.5109 	-9.6366374 	-11.532739
-0.35435435 	0.25 	0.728 	57.527999 	-9.6421128 	-11.528951
-0.35555556 	0.25 	0.728 	57.545099 	-9.6475881 	-11.525163
-0.35675676 	0.25 	0.728 	57.562198 	-9.6530635 	-11.521375
-0.35795796 	0.25 	0.728 	57.579297 	-9.6585389 	-11.517587
-0.35915916 	0.25 	0.728 	57.596396 	-9.6640142 	-11.513799
-0.36036036 	0.25 	0.728 	57.613496 	-9.6694896 	-11.510011
-0.36156156 	0.25 	0.728 	57.630595 	-9.674965 	-11.506223
-0.36276276 	0.25 	0.728 	57.647694 	-9.6804403 	-11.502435
-0.36396396 	0.25 	0.728 	57.664793 	-9.6859157 	-11.498647
-0.36516517 	0.25 	0.728 	57.681803 	-9.6914063 	-11.493573
-0.36636637 	0.25 	0.728 	57.698534 	-9.6969439 	-11.484511
-0.36756757 	0.25 	0.728 	57.715265 	-9.7024816 	-11.47545
-0.36876877 	0.25 	0.728 	57.731996 	-9.7080193 	-11.466388
-0.36996997 	0.25 	0.728 	57.748728 	-9.713557 	-11.457327
-0.37117117 	0.25 	0.728 	57.765459 	-9.7190947 	-11.448265
-0.37237237 	0.25 	0.728 	57.78219 	-9.7246323 	-11.439204
-0.37357357 	0.25 	0.728 	57.798921 	-9.73017 	-11.430142
-0.37477477 	0.25 	0.728 	57.815652 	-9.7357077 	-11.421081
-0.37597598 	0.25 	0.728 	57.832384 	-9.7412454 	-11.412019
-0.37717718 	0.25 	0.728 	57.849115 	-9.746783 	-11.402958
-0.37837838 	0.25 	0.728 	57.865846 	-9.7523207 	-11.393896
-0.37957958 	0.25 	0.728 	57.882577 	-9.7578584 	-11.384835
-0.38078078 	0.25 	0.728 	57.899308 	-9.7633961 	-11.375773
-0.38198198 	0.25 	0.728 	57.91604 	-9.7689338 	-11.366712
-0.38318318 	0.25 	0.728 	57.932771 	-9.7744714 	-11.35765
-0.38438438 	0.25 	0.728 	57.949502 	-9.7800091 	-11.348589
-0.38558559 	0.25 	0.728 	57.96692 	-9.785941 	-11.340913
-0.38678679 	0.25 	0.728 	57.984608 	-9.7920282 	-11.333783
-0.38798799 	0.25 	0.728 	58.002297 	-9.7981154 	-11.326653
-0.38918919 	0.25 	0.728 	58.019985 	-9.8042026 	-11.319523
-0.39039039 	0.25 	0.728 	58.037673 	-9.8102897 	-11.312393
-0.39159159 	0.25 	0.728 	58.055361 	-9.8163769 	-11.305263
-0.39279279 	0.25 	0.728 	58.07305 	-9.8224641 	-11.298133
-0.39399399 	0.25 	0.728 	58.090738 	-9.8285513 	-11.291003
-0.3951952 	0.25 	0.728 	58.108426 	-9.8346384 	-11.283873
-0.3963964 	0.25 	0.728 	58.126115 	-9.8407256 	-11.276743
-0.3975976 	0.25 	0.728 	58.143803 	-9.8468128 	-11.269613
-0.3987988 	0.25 	0.728 	58.161491 	-9.8529 	-11.262483
-0.4 	0.25 	0.728 	58.17918 	-9.8589871 	-11.255353
-0.4012012 	0.25 	0.728 	58.196868 	-9.8650743 	-11.248223
-0.4024024 	0.25 	0.728 	58.214556 	-9.8711615 	-11.241093
-0.4036036 	0.25 	0.728 	58.232057 	-9.8779888 	-11.233574
-0.4048048 	0.25 	0.728 	58.249518 	-9.884974 	-11.225973
-0.40600601 	0.25 	0.728 	58.26698 	-9.8919593 	-11.218371
-0.40720721 	0.25 	0.728 	58.285946 	-9.8981902 	-11.212615
-0.40840841 	0.25 	0.728 	58.305049 	-9.9043531 	-11.207024
-0.40960961 	0.25 	0.728 	58.324151 	-9.9105161 	-11.201434
-0.41081081 	0.25 	0.728 	58.343254 	-9.9166791 	-11.195844
-0.41201201 	0.25 	0.728 	58.362356 	-9.9228421 	-11.190253
-0.41321321 	0.25 	0.728 	58.381459 	-9.9290051 	-11.184663
-0.41441441 	0.25 	0.728 	58.400561 	-9.935168 	-11.179072
-0.41561562 	0.25 	0.728 	58.419664 	-9.941331 	-11.173482
-0.41681682 	0.25 	0.728 	58.438766 	-9.947494 	-11.167891
-0.41801802 	0.25 	0.728 	58.457869 	-9.953657 	-11.162301
-0.41921922 	0.25 	0.728 	58.476971 	-9.95982 	-11.156711
-0.42042042 	0.25 	0.728 	58.496074 	-9.9659829 	-11.15112
-0.42162162 	0.25 	0.728 	58.515176 	-9.9721459 	-11.14553
-0.42282282 	0.25 	0.728 	58.534279 	-9.9783089 	-11.139939
-0.42402402 	0.25 	0.728 	58.553381 	-9.9844719 	-11.134349
-0.42522523 	0.25 	0.728 	58.572484 	-9.9906348 	-11.128758
-0.42642643 	0.25 	0.728 	58.591174 	-9.997344 	-11.120919
-0.42762763 	0.25 	0.728 	58.609465 	-10.004583 	-11.110896
-0.42882883 	0.25 	0.728 	58.627756 	-10.011822 	-11.100874
-0.43003003 	0.25 	0.728 	58.646047 	-10.019062 	-11.090852
-0.43123123 	0.25 	0.728 	58.664338 	-10.026301 	-11.080829
-0.43243243 	0.25 	0.728 	58.682628 	-10.03354 	-11.070807
-0.43363363 	0.25 	0.728 	58.700919 	-10.040779 	-11.060784
-0.43483483 	0.25 	0.728 	58.71921 	-10.048018 	-11.050762
-0.43603604 	0.25 	0.728 	58.737501 	-10.055258 	-11.04074
-0.43723724 	0.25 	0.728 	58.755792 	-10.062497 	-11.030717
-0.43843844 	0.25 	0.728 	58.774082 	-10.069736 	-11.020695
-0.43963964 	0.25 	0.728 	58.792373 	-10.076975 	-11.010672
-0.44084084 	0.25 	0.728 	58.810664 	-10.084214 	-11.00065
-0.44204204 	0.25 	0.728 	58.828955 	-10.091454 	-10.990628
-0.44324324 	0.25 	0.728 	58.847246 	-10.098693 	-10.980605
-0.44444444 	0.25 	0.728 	58.865536 	-10.105932 	-10.970583
-0.44564565 	0.25 	0.728 	58.88422 	-10.112345 	-10.96114
-0.44684685 	0.25 	0.728 	58.903862 	-10.116742 	-10.953113
-0.44804805 	0.25 	0.728 	58.923504 	-10.121139 	-10.945085
-0.44924925 	0.25 	0.728 	58.943147 	-10.125535 	-10.937058
-0.45045045 	0.25 	0.728 	58.962789 	-10.129932 	-10.929031
-0.45165165 	0.25 	0.728 	58.982431 	-10.134328 	-10.921003
-0.45285285 	0.25 	0.728 	59.002073 	-10.138725 	-10.912976
-0.45405405 	0.25 	0.728 	59.021716 	-10.143122 	-10.904949
-0.45525526 	0.25 	0.728 	59.041358 	-10.147518 	-10.896921
-0.45645646 	0.25 	0.728 	59.061 	-10.151915 	-10.888894
-0.45765766 	0.25 	0.728 	59.080642 	-10.156312 	-10.880867
-0.45885886 	0.25 	0.728 	59.100285 	-10.160708 	-10.872839
-0.46006006 	0.25 	0.728 	59.119927 	-10.165105 	-10.864812
-0.46126126 	0.25 	0.728 	59.139569 	-10.169502 	-10.856784
-0.46246246 	0.25 	0.728 	59.159211 	-10.173898 	-10.848757
-0.46366366 	0.25 	0.728 	59.178822 	-10.178351 	-10.840628
-0.46486486 	0.25 	0.728 	59.198043 	-10.183487 	-10.831263
-0.46606607 	0.25 	0.728 	59.217265 	-10.188623 	-10.821899
-0.46726727 	0.25 	0.728 	59.236486 	-10.193759 	-10.812535
-0.46846847 	0.25 	0.728 	59.256892 	-10.198015 	-10.805532
-0.46966967 	0.25 	0.728 	59.277481 	-10.202136 	-10.798893
-0.47087087 	0.25 	0.728 	59.298069 	-10.206257 	-10.792254
-0.47207207 	0.25 	0.728 	59.318658 	-10.210378 	-10.785615
-0.47327327 	0.25 	0.728 	59.339246 	-10.214499 	-10.778976
-0.47447447 	0.25 	0.728 	59.359835 	-10.21862 	-10.772337
-0.47567568 	0.25 	0.728 	59.380423 	-10.222741 	-10.765698
-0.47687688 	0.25 	0.728 	59.401012 	-10.226861 	-10.759059
-0.47807808 	0.25 	0.728 	59.4216 	-10.230982 	-10.75242
-0.47927928 	0.25 	0.728 	59.442189 	-10.235103 	-10.74578
-0.48048048 	0.25 	0.728 	59.462777 	-10.239224 	-10.739141
-0.48168168 	0.25 	0.728 	59.483365 	-10.243345 	-10.732502
-0.48288288 	0.25 	0.728 	59.503954 	-10.247466 	-10.725863
-0.48408408 	0.25 	0.728 	59.524542 	-10.251587 	-10.719224
-0.48528529 	0.25 	0.728 	59.545131 	-10.255708 	-10.712585
-0.48648649 	0.25 	0.728 	59.565719 	-10.259829 	-10.705946
-0.48768769 	0.25 	0.728 	59.585982 	-10.263855 	-10.696833
-0.48888889 	0.25 	0.728 	59.606139 	-10.26785 	-10.68691
-0.49009009 	0.25 	0.728 	59.626296 	-10.271845 	-10.676988
-0.49129129 	0.25 	0.728 	59.646452 	-10.27584 	-10.667065
-0.49249249 	0.25 	0.728 	59.666609 	-10.279834 	-10.657143
-0.49369369 	0.25 	0.728 	59.686766 	-10.283829 	-10.647221
-0.49489489 	0.25 	0.728 	59.706922 	-10.287824 	-10.637298
-0.4960961 	0.25 	0.728 	59.727079 	-10.291819 	-10.627376
-0.4972973 	0.25 	0.728 	59.747236 	-10.295814 	-10.617453
-0.4984985 	0.25 	0.728 	59.767392 	-10.299809 	-10.607531
-0.4996997 	0.25 	0.728 	59.787549 	-10.303804 	-10.597608
-0.5009009 	0.25 	0.728 	59.807706 	-10.307798 	-10.587686
-0.5021021 	0.25 	0.728 	59.827862 	-10.311793 	-10.577763
-0.5033033 	0.25 	0.728 	59.848019 	-10.315788 	-10.567841
-0.5045045 	0.25 	0.728 	59.868176 	-10.319783 	-10.557918
-0.50570571 	0.25 	0.728 	59.888332 	-10.323778 	-10.547996
-0.50690691 	0.25 	0.728 	59.908745 	-10.32734 	-10.537891
-0.50810811 	0.25 	0.728 	59.92931 	-10.330635 	-10.527982
-0.50930931 	0.25 	0.728 	59.950516 	-10.332785 	-10.519534
-0.51051051 	0.25 	0.728 	59.971723 	-10.334935 	-10.511086
-0.51171171 	0.25 	0.728 	59.992929 	-10.337085 	-10.502638
-0.51291291 	0.25 	0.728 	60.014135 	-10.339235 	-10.494189
-0.51411411 	0.25 	0.728 	60.035341 	-10.341385 	-10.485741
-0.51531532 	0.25 	0.728 	60.056547 	-10.343535 	-10.477293
-0.51651652 	0.25 	0.728 	60.077754 	-10.345685 	-10.468845
-0.51771772 	0.25 	0.728 	60.098279 	-10.34884 	-10.460522
-0.51891892 	0.25 	0.728 	60.117669 	-10.353671 	-10.45241
-0.52012012 	0.25 	0.728 	60.137058 	-10.358501 	-10.444298
-0.52132132 	0.25 	0.728 	60.156448 	-10.363331 	-10.436186
-0.52252252 	0.25 	0.728 	60.175838 	-10.368161 	-10.428074
-0.52372372 	0.25 	0.728 	60.195228 	-10.372992 	-10.419962
-0.52492492 	0.25 	0.728 	60.214618 	-10.377822 	-10.41185
-0.52612613 	0.25 	0.728 	60.234008 	-10.382652 	-10.403738
-0.52732733 	0.25 	0.728 	60.253387 	-10.386918 	-10.394919
-0.52852853 	0.25 	0.728 	60.272758 	-10.39075 	-10.385558
-0.52972973 	0.25 	0.728 	60.29852 	-10.393445 	-10.375731
-0.53093093 	0.25 	0.728 	60.325904 	-10.395851 	-10.365786
-0.53213213 	0.25 	0.728 	60.353289 	-10.398256 	-10.355842
-0.53333333 	0.25 	0.728 	60.380673 	-10.400662 	-10.345897
-0.53453453 	0.25 	0.728 	60.408058 	-10.403068 	-10.335952
-0.53573574 	0.25 	0.728 	60.435442 	-10.405474 	-10.326008
-0.53693694 	0.25 	0.728 	60.462827 	-10.407879 	-10.316063
-0.53813814 	0.25 	0.728 	60.490211 	-10.410285 	-10.306118
-0.53933934 	0.25 	0.728 	60.517596 	-10.412691 	-10.296173
-0.54054054 	0.25 	0.728 	60.544981 	-10.415096 	-10.286229
-0.54174174 	0.25 	0.728 	60.572365 	-10.417502 	-10.276284
-0.54294294 	0.25 	0.728 	60.59975 	-10.419908 	-10.266339
-0.54414414 	0.25 	0.728 	60.627134 	-10.422314 	-10.256395
-0.54534535 	0.25 	0.728 	60.654519 	-10.424719 	-10.24645
-0.54654655 	0.25 	0.728 	60.681903 	-10.427125 	-10.236505
-0.54774775 	0.25 	0.728 	60.709262 	-10.429524 	-10.226564
-0.54894895 	0.25 	0.728 	60.726916 	-10.42935 	-10.217696
-0.55015015 	0.25 	0.728 	60.74457 	-10.429176 	-10.208829
-0.55135135 	0.25 	0.728 	60.762224 	-10.429002 	-10.199962
-0.55255255 	0.25 	0.728 	60.779877 	-10.428828 	-10.191095
-0.55375375 	0.25 	0.728 	60.797531 	-10.428655 	-10.182228
-0.55495495 	0.25 	0.728 	60.815185 	-10.428481 	-10.173361
-0.55615616 	0.25 	0.728 	60.832839 	-10.428307 	-10.164494
-0.55735736 	0.25 	0.728 	60.850492 	-10.428133 	-10.155627
-0.55855856 	0.25 	0.728 	60.868146 	-10.427959 	-10.146759
-0.55975976 	0.25 	0.728 	60.886153 	-10.429349 	-10.138377
-0.56096096 	0.25 	0.728 	60.904838 	-10.433747 	-10.130925
-0.56216216 	0.25 	0.728 	60.923524 	-10.438144 	-10.123474
-0.56336336 	0.25 	0.728 	60.94221 	-10.442542 	-10.116022
-0.56456456 	0.25 	0.728 	60.960895 	-10.44694 	-10.108571
-0.56576577 	0.25 	0.728 	60.979581 	-10.451338 	-10.101119
-0.56696697 	0.25 	0.728 	60.999389 	-10.455206 	-10.093109
-0.56816817 	0.25 	0.728 	61.020954 	-10.459375 	-10.084412
-0.56936937 	0.25 	0.728 	61.042519 	-10.463544 	-10.075716
-0.57057057 	0.25 	0.728 	61.064083 	-10.467713 	-10.067019
-0.57177177 	0.25 	0.728 	61.085648 	-10.471881 	-10.058322
-0.57297297 	0.25 	0.728 	61.107213 	-10.47605 	-10.049625
-0.57417417 	0.25 	0.728 	61.128778 	-10.480219 	-10.040928
-0.57537538 	0.25 	0.728 	61.150342 	-10.484388 	-10.032232
-0.57657658 	0.25 	0.728 	61.171907 	-10.488557 	-10.023535
-0.57777778 	0.25 	0.728 	61.193472 	-10.492725 	-10.014838
-0.57897898 	0.25 	0.728 	61.216751 	-10.497658 	-10.004573
-0.58018018 	0.25 	0.728 	61.241059 	-10.503049 	-9.9933682
-0.58138138 	0.25 	0.728 	61.265366 	-10.50844 	-9.9821634
-0.58258258 	0.25 	0.728 	61.289673 	-10.51383 	-9.9709586
-0.58378378 	0.25 	0.728 	61.31398 	-10.519221 	-9.9597539
-0.58498498 	0.25 	0.728 	61.338287 	-10.524612 	-9.9485491
-0.58618619 	0.25 	0.728 	61.362595 	-10.530003 	-9.9373444
-0.58738739 	0.25 	0.728 	61.386902 	-10.535393 	-9.9261396
-0.58858859 	0.25 	0.728 	61.411209 	-10.540784 	-9.9149348
-0.58978979 	0.25 	0.728 	61.435516 	-10.546175 	-9.9037301
-0.59099099 	0.25 	0.728 	61.457971 	-10.547175 	-9.8945791
-0.59219219 	0.25 	0.728 	61.48091 	-10.548063 	-9.8855162
-0.59339339 	0.25 	0.728 	61.503849 	-10.548952 	-9.8764533
-0.59459459 	0.25 	0.728 	61.526788 	-10.54984 	-9.8673904
-0.5957958 	0.25 	0.728 	61.549728 	-10.550729 	-9.8583275
-0.596997 	0.25 	0.728 	61.572667 	-10.551617 	-9.8492647
-0.5981982 	0.25 	0.728 	61.592183 	-10.548561 	-9.8414608
-0.5993994 	0.25 	0.728 	61.611349 	-10.545099 	-9.8337862
-0.6006006 	0.25 	0.728 	61.630514 	-10.541637 	-9.8261116
-0.6018018 	0.25 	0.728 	61.649679 	-10.538176 	-9.8184369
-0.603003 	0.25 	0.728 	61.668845 	-10.534714 	-9.8107623
-0.6042042 	0.25 	0.728 	61.68801 	-10.531252 	-9.8030877
-0.60540541 	0.25 	0.728 	61.707175 	-10.527791 	-9.7954131
-0.60660661 	0.25 	0.728 	61.726341 	-10.524329 	-9.7877385
-0.60780781 	0.25 	0.728 	61.745506 	-10.520867 	-9.7800639
-0.60900901 	0.25 	0.728 	61.765961 	-10.517625 	-9.7719061
-0.61021021 	0.25 	0.728 	61.790399 	-10.51506 	-9.7622558
-0.61141141 	0.25 	0.728 	61.814838 	-10.512494 	-9.7526055
-0.61261261 	0.25 	0.728 	61.839276 	-10.509929 	-9.7429552
-0.61381381 	0.25 	0.728 	61.863715 	-10.507363 	-9.7333049
-0.61501502 	0.25 	0.728 	61.888153 	-10.504798 	-9.7236546
-0.61621622 	0.25 	0.728 	61.912592 	-10.502232 	-9.7140043
-0.61741742 	0.25 	0.728 	61.93703 	-10.499667 	-9.704354
-0.61861862 	0.25 	0.728 	61.961469 	-10.497102 	-9.6947037
-0.61981982 	0.25 	0.728 	61.985907 	-10.494536 	-9.6850534
-0.62102102 	0.25 	0.728 	62.009899 	-10.491836 	-9.6755931
-0.62222222 	0.25 	0.728 	62.033568 	-10.489038 	-9.6662708
-0.62342342 	0.25 	0.728 	62.057236 	-10.486239 	-9.6569484
-0.62462462 	0.25 	0.728 	62.080904 	-10.483441 	-9.6476261
-0.62582583 	0.25 	0.728 	62.104573 	-10.480643 	-9.6383037
-0.62702703 	0.25 	0.728 	62.128241 	-10.477844 	-9.6289813
-0.62822823 	0.25 	0.728 	62.148434 	-10.47632 	-9.619451
-0.62942943 	0.25 	0.728 	62.168232 	-10.474836 	-9.6097808
-0.63063063 	0.25 	0.728 	62.188031 	-10.473351 	-9.6001106
-0.63183183 	0.25 	0.728 	62.20783 	-10.471867 	-9.5904404
-0.63303303 	0.25 	0.728 	62.227628 	-10.470383 	-9.5807702
-0.63423423 	0.25 	0.728 	62.247427 	-10.468898 	-9.5711
-0.63543544 	0.25 	0.728 	62.267225 	-10.467414 	-9.5614298
-0.63663664 	0.25 	0.728 	62.287024 	-10.465929 	-9.5517596
-0.63783784 	0.25 	0.728 	62.306822 	-10.464445 	-9.5420894
-0.63903904 	0.25 	0.728 	62.326621 	-10.46296 	-9.5324192
-0.64024024 	0.25 	0.728 	62.352588 	-10.463213 	-9.5224365
-0.64144144 	0.25 	0.728 	62.37956 	-10.463749 	-9.5124029
-0.64264264 	0.25 	0.728 	62.406532 	-10.464285 	-9.5023693
-0.64384384 	0.25 	0.728 	62.433505 	-10.46482 	-9.4923357
-0.64504505 	0.25 	0.728 	62.460477 	-10.465356 	-9.482302
-0.64624625 	0.25 	0.728 	62.487449 	-10.465892 	-9.4722684
-0.64744745 	0.25 	0.728 	62.514422 	-10.466428 	-9.4622348
-0.64864865 	0.25 	0.728 	62.541394 	-10.466963 	-9.4522012
-0.64984985 	0.25 	0.728 	62.568366 	-10.467499 	-9.4421675
-0.65105105 	0.25 	0.728 	62.593868 	-10.467666 	-9.4320734
-0.65225225 	0.25 	0.728 	62.616372 	-10.466358 	-9.4219395
-0.65345345 	0.25 	0.728 	62.640415 	-10.465067 	-9.4119112
-0.65465465 	0.25 	0.728 	62.664459 	-10.463776 	-9.401883
-0.65585586 	0.25 	0.728 	62.688502 	-10.462485 	-9.3918548
-0.65705706 	0.25 	0.728 	62.712546 	-10.461194 	-9.3818265
-0.65825826 	0.25 	0.728 	62.73612 	-10.459644 	-9.3716506
-0.65945946 	0.25 	0.728 	62.756806 	-10.4565 	-9.3605676
-0.66066066 	0.25 	0.728 	62.777492 	-10.453355 	-9.3494845
-0.66186186 	0.25 	0.728 	62.798179 	-10.450211 	-9.3384014
-0.66306306 	0.25 	0.728 	62.818865 	-10.447066 	-9.3273184
-0.66426426 	0.25 	0.728 	62.839552 	-10.443922 	-9.3162353
-0.66546547 	0.25 	0.728 	62.860238 	-10.440777 	-9.3051523
-0.66666667 	0.25 	0.728 	62.880924 	-10.437632 	-9.2940692
-0.66786787 	0.25 	0.728 	62.901611 	-10.434488 	-9.2829861
-0.66906907 	0.25 	0.728 	62.922297 	-10.431343 	-9.2719031
-0.67027027 	0.25 	0.728 	62.945083 	-10.428979 	-9.2613581
-0.67147147 	0.25 	0.728 	62.970172 	-10.427471 	-9.2514037
-0.67267267 	0.25 	0.728 	62.995262 	-10.425963 	-9.2414493
-0.67387387 	0.25 	0.728 	63.020351 	-10.424455 	-9.2314948
-0.67507508 	0.25 	0.728 	63.045441 	-10.422947 	-9.2215404
-0.67627628 	0.25 	0.728 	63.07053 	-10.421439 	-9.2115859
-0.67747748 	0.25 	0.728 	63.09562 	-10.41993 	-9.2016315
-0.67867868 	0.25 	0.728 	63.120709 	-10.418422 	-9.1916771
-0.67987988 	0.25 	0.728 	63.145799 	-10.416914 	-9.1817226
-0.68108108 	0.25 	0.728 	63.170888 	-10.415406 	-9.1717682
-0.68228228 	0.25 	0.728 	63.194659 	-10.413536 	-9.1609325
-0.68348348 	0.25 	0.728 	63.21813 	-10.411584 	-9.1498964
-0.68468468 	0.25 	0.728 	63.2416 	-10.409633 	-9.1388602
-0.68588589 	0.25 	0.728 	63.265071 	-10.407681 	-9.127824
-0.68708709 	0.25 	0.728 	63.288541 	-10.405729 	-9.1167878
-0.68828829 	0.25 	0.728 	63.310165 	-10.403691 	-9.1057133
-0.68948949 	0.25 	0.728 	63.326886 	-10.40074 	-9.0938697
-0.69069069 	0.25 	0.728 	63.342776 	-10.397531 	-9.0817959
-0.69189189 	0.25 	0.728 	63.358666 	-10.394322 	-9.069722
-0.69309309 	0.25 	0.728 	63.374556 	-10.391113 	-9.0576482
-0.69429429 	0.25 	0.728 	63.390445 	-10.387904 	-9.0455744
-0.6954955 	0.25 	0.728 	63.406335 	-10.384695 	-9.0335005
-0.6966967 	0.25 	0.728 	63.422225 	-10.381486 	-9.0214267
-0.6978979 	0.25 	0.728 	63.438114 	-10.378277 	-9.0093529
-0.6990991 	0.25 	0.728 	63.454004 	-10.375068 	-8.9972791
-0.7003003 	0.25 	0.728 	63.470897 	-10.372238 	-8.9852635
-0.7015015 	0.25 	0.728 	63.497688 	-10.373154 	-8.9738225
-0.7027027 	0.25 	0.728 	63.524479 	-10.37407 	-8.9623815
-0.7039039 	0.25 	0.728 	63.55127 	-10.374985 	-8.9509406
-0.70510511 	0.25 	0.728 	63.578062 	-10.375901 	-8.9394996
-0.70630631 	0.25 	0.728 	63.604853 	-10.376817 	-8.9280587
-0.70750751 	0.25 	0.728 	63.631644 	-10.377733 	-8.9166177
-0.70870871 	0.25 	0.728 	63.658435 	-10.378648 	-8.9051768
-0.70990991 	0.25 	0.728 	63.685227 	-10.379564 	-8.8937358
-0.71111111 	0.25 	0.728 	63.712018 	-10.38048 	-8.8822948
-0.71231231 	0.25 	0.728 	63.733751 	-10.379778 	-8.8705487
-0.71351351 	0.25 	0.728 	63.753439 	-10.376678 	-8.8584088
-0.71471471 	0.25 	0.728 	63.775892 	-10.373474 	-8.8462824
-0.71591592 	0.25 	0.728 	63.798346 	-10.370269 	-8.834156
-0.71711712 	0.25 	0.728 	63.8208 	-10.367064 	-8.8220296
-0.71831832 	0.25 	0.728 	63.843253 	-10.363859 	-8.8099032
-0.71951952 	0.25 	0.728 	63.861951 	-10.358968 	-8.7975321
-0.72072072 	0.25 	0.728 	63.874046 	-10.35111 	-8.7847309
-0.72192192 	0.25 	0.728 	63.886141 	-10.343252 	-8.7719297
-0.72312312 	0.25 	0.728 	63.898237 	-10.335394 	-8.7591286
-0.72432432 	0.25 	0.728 	63.910332 	-10.327536 	-8.7463274
-0.72552553 	0.25 	0.728 	63.922427 	-10.319678 	-8.7335262
-0.72672673 	0.25 	0.728 	63.934523 	-10.31182 	-8.720725
-0.72792793 	0.25 	0.728 	63.946618 	-10.303962 	-8.7079239
-0.72912913 	0.25 	0.728 	63.958713 	-10.296105 	-8.6951227
-0.73033033 	0.25 	0.728 	63.970808 	-10.288247 	-8.6823215
-0.73153153 	0.25 	0.728 	63.994249 	-10.282038 	-8.6702819
-0.73273273 	0.25 	0.728 	64.022701 	-10.276558 	-8.6585788
-0.73393393 	0.25 	0.728 	64.051153 	-10.271077 	-8.6468756
-0.73513514 	0.25 	0.728 	64.079606 	-10.265597 	-8.6351725
-0.73633634 	0.25 	0.728 	64.108058 	-10.260117 	-8.6234693
-0.73753754 	0.25 	0.728 	64.13651 	-10.254637 	-8.6117662
-0.73873874 	0.25 	0.728 	64.164962 	-10.249156 	-8.600063
-0.73993994 	0.25 	0.728 	64.193415 	-10.243676 	-8.5883599
-0.74114114 	0.25 	0.728 	64.221867 	-10.238196 	-8.5766567
-0.74234234 	0.25 	0.728 	64.250201 	-10.232717 	-8.5649312
-0.74354354 	0.25 	0.728 	64.27451 	-10.227288 	-8.5524424
-0.74474474 	0.25 	0.728 	64.298818 	-10.221858 	-8.5399535
-0.74594595 	0.25 	0.728 	64.323126 	-10.216429 	-8.5274647
-0.74714715 	0.25 	0.728 	64.347434 	-10.211 	-8.5149759
-0.74834835 	0.25 	0.728 	64.371743 	-10.205571 	-8.5024871
-0.74954955 	0.25 	0.728 	64.396321 	-10.197014 	-8.4888247
-0.75075075 	0.25 	0.728 	64.418269 	-10.187307 	-8.4742729
-0.75195195 	0.25 	0.728 	64.440139 	-10.177575 	-8.4596983
-0.75315315 	0.25 	0.728 	64.462008 	-10.167843 	-8.4451236
-0.75435435 	0.25 	0.728 	64.483877 	-10.158111 	-8.430549
-0.75555556 	0.25 	0.728 	64.506027 	-10.147946 	-8.4154805
-0.75675676 	0.25 	0.728 	64.52824 	-10.137684 	-8.4003027
-0.75795796 	0.25 	0.728 	64.550452 	-10.127423 	-8.3851248
-0.75915916 	0.25 	0.728 	64.572665 	-10.117161 	-8.3699469
-0.76036036 	0.25 	0.728 	64.594877 	-10.1069 	-8.3547691
-0.76156156 	0.25 	0.728 	64.620843 	-10.098656 	-8.3426734
-0.76276276 	0.25 	0.728 	64.655434 	-10.095048 	-8.3376604
-0.76396396 	0.25 	0.728 	64.684491 	-10.091551 	-8.3307366
-0.76516517 	0.25 	0.728 	64.697159 	-10.088381 	-8.318153
-0.76636637 	0.25 	0.728 	64.709827 	-10.085211 	-8.3055694
-0.76756757 	0.25 	0.728 	64.722494 	-10.082042 	-8.2929859
-0.76876877 	0.25 	0.728 	64.735162 	-10.078872 	-8.2804023
-0.76996997 	0.25 	0.728 	64.74783 	-10.075702 	-8.2678187
-0.77117117 	0.25 	0.728 	64.760003 	-10.072117 	-8.2552434
-0.77237237 	0.25 	0.728 	64.771546 	-10.068003 	-8.2426788
-0.77357357 	0.25 	0.728 	64.783089 	-10.063888 	-8.2301142
-0.77477477 	0.25 	0.728 	64.790139 	-10.058966 	-8.2116459
-0.77597598 	0.25 	0.728 	64.794466 	-10.053554 	-8.1896
-0.77717718 	0.25 	0.728 	64.810888 	-10.055732 	-8.1735052
-0.77837838 	0.25 	0.728 	64.835247 	-10.062892 	-8.1613157
-0.77957958 	0.25 	0.728 	64.851997 	-10.059164 	-8.1466545
-0.78078078 	0.25 	0.728 	64.863585 	-10.04805 	-8.1303164
-0.78198198 	0.25 	0.728 	64.875174 	-10.036936 	-8.1139783
-0.78318318 	0.25 	0.728 	64.887864 	-10.026662 	-8.0975046
-0.78438438 	0.25 	0.728 	64.90089 	-10.016644 	-8.0809898
-0.78558559 	0.25 	0.728 	64.913915 	-10.006625 	-8.0644749
-0.78678679 	0.25 	0.728 	64.926941 	-9.9966068 	-8.0479601
-0.78798799 	0.25 	0.728 	64.939966 	-9.9865883 	-8.0314453
-0.78918919 	0.25 	0.728 	64.952991 	-9.9765698 	-8.0149304
-0.79039039 	0.25 	0.728 	64.959019 	-9.9498646 	-7.9963296
-0.79159159 	0.25 	0.728 	64.964189 	-9.9211129 	-7.9774729
-0.79279279 	0.25 	0.728 	64.990623 	-9.9008968 	-7.9635237
-0.79399399 	0.25 	0.728 	65.019401 	-9.8816213 	-7.9501152
-0.7951952 	0.25 	0.728 	65.032507 	-9.8678501 	-7.9339941
-0.7963964 	0.25 	0.728 	65.044139 	-9.854596 	-7.9176182
-0.7975976 	0.25 	0.728 	65.055887 	-9.841352 	-7.9012422
-0.7987988 	0.25 	0.728 	65.069336 	-9.8282561 	-7.8848643
-0.8 	0.25 	0.728 	65.082784 	-9.8151603 	-7.8684865
-0.8012012 	0.25 	0.728 	65.096233 	-9.8020644 	-7.8521087
-0.8024024 	0.25 	0.728 	65.109681 	-9.7889686 	-7.8357309
-0.8036036 	0.25 	0.728 	65.12313 	-9.7758728 	-7.8193531
-0.8048048 	0.25 	0.728 	65.135189 	-9.7641134 	-7.8025315
-0.80600601 	0.25 	0.728 	65.141406 	-9.7579743 	-7.7838439
-0.80720721 	0.25 	0.728 	65.152079 	-9.7520965 	-7.7659384
-0.80840841 	0.25 	0.728 	65.181065 	-9.7472929 	-7.7512489
-0.80960961 	0.25 	0.728 	65.206386 	-9.7415371 	-7.7360745
-0.81081081 	0.25 	0.728 	65.216593 	-9.7318562 	-7.7189015
-0.81201201 	0.25 	0.728 	65.226801 	-9.7221752 	-7.7017286
-0.81321321 	0.25 	0.728 	65.237688 	-9.7123172 	-7.6846102
-0.81441441 	0.25 	0.728 	65.249797 	-9.7021409 	-7.6675896
-0.81561562 	0.25 	0.728 	65.261906 	-9.6919647 	-7.6505691
-0.81681682 	0.25 	0.728 	65.274014 	-9.6817884 	-7.6335485
-0.81801802 	0.25 	0.728 	65.286123 	-9.6716121 	-7.616528
-0.81921922 	0.25 	0.728 	65.298232 	-9.6614358 	-7.5995074
-0.82042042 	0.25 	0.728 	65.305482 	-9.6486374 	-7.5814991
-0.82162162 	0.25 	0.728 	65.307917 	-9.6332404 	-7.5625118
-0.82282282 	0.25 	0.728 	65.322061 	-9.6189799 	-7.5452426
-0.82402402 	0.25 	0.728 	65.348472 	-9.60591 	-7.529773
-0.82522523 	0.25 	0.728 	65.367099 	-9.5927164 	-7.5131737
-0.82642643 	0.25 	0.728 	65.377004 	-9.5793842 	-7.4953084
-0.82762763 	0.25 	0.728 	65.38691 	-9.566052 	-7.4774431
-0.82882883 	0.25 	0.728 	65.396816 	-9.5527197 	-7.4595778
-0.83003003 	0.25 	0.728 	65.406722 	-9.5393875 	-7.4417125
-0.83123123 	0.25 	0.728 	65.416627 	-9.5260553 	-7.4238472
-0.83243243 	0.25 	0.728 	65.425617 	-9.5134139 	-7.4057531
-0.83363363 	0.25 	0.728 	65.434038 	-9.5012011 	-7.3875172
-0.83483483 	0.25 	0.728 	65.442459 	-9.4889882 	-7.3692813
-0.83603604 	0.25 	0.728 	65.444892 	-9.4762246 	-7.3497925
-0.83723724 	0.25 	0.728 	65.445824 	-9.463323 	-7.3299897
-0.83843844 	0.25 	0.728 	65.466388 	-9.4513701 	-7.3125437
-0.83963964 	0.25 	0.728 	65.492521 	-9.4396863 	-7.2957663
-0.84084084 	0.25 	0.728 	65.505036 	-9.4256551 	-7.2769809
-0.84204204 	0.25 	0.728 	65.513223 	-9.4108777 	-7.2575572
-0.84324324 	0.25 	0.728 	65.52141 	-9.3961003 	-7.2381336
-0.84444444 	0.25 	0.728 	65.530225 	-9.3798113 	-7.2191839
-0.84564565 	0.25 	0.728 	65.53908 	-9.3634269 	-7.2002641
-0.84684685 	0.25 	0.728 	65.547935 	-9.3470426 	-7.1813443
-0.84804805 	0.25 	0.728 	65.55679 	-9.3306583 	-7.1624244
-0.84924925 	0.25 	0.728 	65.565644 	-9.3142739 	-7.1435046
-0.85045045 	0.25 	0.728 	65.57325 	-9.2974738 	-7.1242426
-0.85165165 	0.25 	0.728 	65.568654 	-9.2766153 	-7.10164
-0.85285285 	0.25 	0.728 	65.566481 	-9.2560879 	-7.0794837
-0.85405405 	0.25 	0.728 	65.595787 	-9.2398652 	-7.0631299
-0.85525526 	0.25 	0.728 	65.623906 	-9.2235903 	-7.0465432
-0.85645646 	0.25 	0.728 	65.631287 	-9.2064006 	-7.0258849
-0.85765766 	0.25 	0.728 	65.638667 	-9.189211 	-7.0052266
-0.85885886 	0.25 	0.728 	65.645983 	-9.1715396 	-6.9847146
-0.86006006 	0.25 	0.728 	65.653089 	-9.1522834 	-6.9646839
-0.86126126 	0.25 	0.728 	65.660194 	-9.1330271 	-6.9446533
-0.86246246 	0.25 	0.728 	65.6673 	-9.1137709 	-6.9246227
-0.86366366 	0.25 	0.728 	65.674406 	-9.0945146 	-6.904592
-0.86486486 	0.25 	0.728 	65.681511 	-9.0752584 	-6.8845614
-0.86606607 	0.25 	0.728 	65.68432 	-9.0560758 	-6.8632586
-0.86726727 	0.25 	0.728 	65.679743 	-9.0370198 	-6.8397696
-0.86846847 	0.25 	0.728 	65.685636 	-9.0218535 	-6.8179707
-0.86966967 	0.25 	0.728 	65.709849 	-9.0134931 	-6.7991291
-0.87087087 	0.25 	0.728 	65.728209 	-9.0011669 	-6.7791932
-0.87207207 	0.25 	0.728 	65.736829 	-8.9822423 	-6.7574366
-0.87327327 	0.25 	0.728 	65.745449 	-8.9633177 	-6.73568
-0.87447447 	0.25 	0.728 	65.753768 	-8.9430811 	-6.7145024
-0.87567568 	0.25 	0.728 	65.761814 	-8.9216567 	-6.6938488
-0.87687688 	0.25 	0.728 	65.76986 	-8.9002324 	-6.6731952
-0.87807808 	0.25 	0.728 	65.777906 	-8.878808 	-6.6525416
-0.87927928 	0.25 	0.728 	65.785952 	-8.8573837 	-6.631888
-0.88048048 	0.25 	0.728 	65.793998 	-8.8359594 	-6.6112345
-0.88168168 	0.25 	0.728 	65.797875 	-8.8089793 	-6.5903016
-0.88288288 	0.25 	0.728 	65.798766 	-8.7780213 	-6.5691687
-0.88408408 	0.25 	0.728 	65.807716 	-8.7573671 	-6.5463185
-0.88528529 	0.25 	0.728 	65.820952 	-8.742192 	-6.5225552
-0.88648649 	0.25 	0.728 	65.830537 	-8.7213592 	-6.4999264
-0.88768769 	0.25 	0.728 	65.838935 	-8.6986884 	-6.4776661
-0.88888889 	0.25 	0.728 	65.847333 	-8.6760176 	-6.4554059
-0.89009009 	0.25 	0.728 	65.857366 	-8.6558186 	-6.4324496
-0.89129129 	0.25 	0.728 	65.86308 	-8.632724 	-6.4093814
-0.89249249 	0.25 	0.728 	65.85772 	-8.6013159 	-6.3865054
-0.89369369 	0.25 	0.728 	65.852361 	-8.5699077 	-6.3636294
-0.89489489 	0.25 	0.728 	65.847011 	-8.5392533 	-6.3404082
-0.8960961 	0.25 	0.728 	65.841685 	-8.5105861 	-6.316277
-0.8972973 	0.25 	0.728 	65.841319 	-8.4759622 	-6.2940764
-0.8984985 	0.25 	0.728 	65.842721 	-8.4392153 	-6.2725638
-0.8996997 	0.25 	0.728 	65.85395 	-8.4167687 	-6.2481377
-0.9009009 	0.25 	0.728 	65.864582 	-8.3929142 	-6.2240441
-0.9021021 	0.25 	0.728 	65.870653 	-8.3602458 	-6.201931
-0.9033033 	0.25 	0.728 	65.876723 	-8.3275774 	-6.1798179
-0.9045045 	0.25 	0.728 	65.883283 	-8.295171 	-6.1576482
-0.90570571 	0.25 	0.728 	65.892522 	-8.2641993 	-6.1351685
-0.90690691 	0.25 	0.728 	65.89458 	-8.2305649 	-6.1127872
-0.90810811 	0.25 	0.728 	65.891743 	-8.1951153 	-6.0904728
-0.90930931 	0.25 	0.728 	65.888905 	-8.1596657 	-6.0681585
-0.91051051 	0.25 	0.728 	65.885353 	-8.12484 	-6.0454609
-0.91171171 	0.25 	0.728 	65.881072 	-8.0906501 	-6.0223727
-0.91291291 	0.25 	0.728 	65.882178 	-8.0502146 	-6.0007544
-0.91411411 	0.25 	0.728 	65.884954 	-8.0111754 	-5.9784608
-0.91531532 	0.25 	0.728 	65.891044 	-7.9788659 	-5.9534839
-0.91651652 	0.25 	0.728 	65.898401 	-7.9439658 	-5.9300772
-0.91771772 	0.25 	0.728 	65.906607 	-7.9073264 	-5.9077246
-0.91891892 	0.25 	0.728 	65.914813 	-7.8706871 	-5.885372
-0.92012012 	0.25 	0.728 	65.923792 	-7.8342347 	-5.8627911
-0.92132132 	0.25 	0.728 	65.933623 	-7.7979884 	-5.8399584
-0.92252252 	0.25 	0.728 	65.926312 	-7.7590012 	-5.8184845
-0.92372372 	0.25 	0.728 	65.916647 	-7.7196375 	-5.7971973
-0.92492492 	0.25 	0.728 	65.906982 	-7.6802738 	-5.77591
-0.92612613 	0.25 	0.728 	65.896478 	-7.6411179 	-5.7535432
-0.92732733 	0.25 	0.728 	65.887163 	-7.6008059 	-5.730281
-0.92852853 	0.25 	0.728 	65.885065 	-7.5544062 	-5.7042066
-0.92972973 	0.25 	0.728 	65.870803 	-7.5071252 	-5.6835173
-0.93093093 	0.25 	0.728 	65.845276 	-7.4590278 	-5.6678153
-0.93213213 	0.25 	0.728 	65.846853 	-7.4168836 	-5.6455965
-0.93333333 	0.25 	0.728 	65.852192 	-7.3749187 	-5.6230023
-0.93453453 	0.25 	0.728 	65.857531 	-7.3329537 	-5.6004081
-0.93573574 	0.25 	0.728 	65.881335 	-7.3048757 	-5.5749818
-0.93693694 	0.25 	0.728 	65.904701 	-7.2778145 	-5.5494227
-0.93813814 	0.25 	0.728 	65.894647 	-7.2324975 	-5.5279677
-0.93933934 	0.25 	0.728 	65.903152 	-7.1914076 	-5.505867
-0.94054054 	0.25 	0.728 	65.926465 	-7.1531487 	-5.483595
-0.94174174 	0.25 	0.728 	65.950888 	-7.1149586 	-5.4614014
-0.94294294 	0.25 	0.728 	65.981021 	-7.0772609 	-5.4386449
-0.94414414 	0.25 	0.728 	66.024123 	-7.0406819 	-5.4146094
-0.94534535 	0.25 	0.728 	66.018236 	-6.9897239 	-5.3932486
-0.94654655 	0.25 	0.728 	66.016683 	-6.940682 	-5.3719472
-0.94774775 	0.25 	0.728 	66.048038 	-6.9020587 	-5.3496647
-0.94894895 	0.25 	0.728 	66.082749 	-6.8636437 	-5.327581
-0.95015015 	0.25 	0.728 	66.11746 	-6.8252287 	-5.3054972
-0.95135135 	0.25 	0.728 	66.167562 	-6.7990913 	-5.2814748
-0.95255255 	0.25 	0.728 	66.194538 	-6.7772715 	-5.258434
-0.95375375 	0.25 	0.728 	66.192204 	-6.7587086 	-5.2368142
-0.95495495 	0.25 	0.728 	66.235335 	-6.7186917 	-5.2139029
-0.95615616 	0.25 	0.728 	66.284112 	-6.6789843 	-5.1915069
-0.95735736 	0.25 	0.728 	66.332889 	-6.6392768 	-5.1691108
-0.95855856 	0.25 	0.728 	66.396086 	-6.5901721 	-5.1457341
-0.95975976 	0.25 	0.728 	66.467972 	-6.5330006 	-5.1214918
-0.96096096 	0.25 	0.728 	66.462887 	-6.5027779 	-5.0998335
-0.96216216 	0.25 	0.728 	66.505098 	-6.460014 	-5.0770112
-0.96336336 	0.25 	0.728 	66.565891 	-6.41279 	-5.0541606
-0.96456456 	0.25 	0.728 	66.628481 	-6.3653138 	-5.0314719
-0.96576577 	0.25 	0.728 	66.691347 	-6.3176847 	-5.0087725
-0.96696697 	0.25 	0.728 	66.788007 	-6.2514204 	-4.9847786
-0.96816817 	0.25 	0.728 	66.820798 	-6.2138215 	-4.9616849
-0.96936937 	0.25 	0.728 	66.853604 	-6.179686 	-4.9386824
-0.97057057 	0.25 	0.728 	66.919385 	-6.1361461 	-4.9155458
-0.97177177 	0.25 	0.728 	66.988883 	-6.0924879 	-4.8928413
-0.97297297 	0.25 	0.728 	67.05838 	-6.0488296 	-4.8701368
-0.97417417 	0.25 	0.728 	67.144417 	-5.9854042 	-4.8460149
-0.97537538 	0.25 	0.728 	67.213041 	-5.9210721 	-4.8205776
-0.97657658 	0.25 	0.728 	67.245273 	-5.8615187 	-4.793254
-0.97777778 	0.25 	0.728 	67.311259 	-5.8162072 	-4.7687766
-0.97897898 	0.25 	0.728 	67.38671 	-5.7742383 	-4.7455161
-0.98018018 	0.25 	0.728 	67.462379 	-5.7323189 	-4.7223016
-0.98138138 	0.25 	0.728 	67.546545 	-5.6934474 	-4.6999788
-0.98258258 	0.25 	0.728 	67.641171 	-5.6583273 	-4.6787535
-0.98378378 	0.25 	0.728 	67.696176 	-5.5885384 	-4.650277
-0.98498498 	0.25 	0.728 	67.771671 	-5.5366371 	-4.6249485
-0.98618619 	0.25 	0.728 	67.857181 	-5.4925296 	-4.6012767
-0.98738739 	0.25 	0.728 	67.943716 	-5.4486745 	-4.5778421
-0.98858859 	0.25 	0.728 	68.030251 	-5.4048194 	-4.5544075
-0.98978979 	0.25 	0.728 	68.126253 	-5.3693961 	-4.5326955
-0.99099099 	0.25 	0.728 	68.204726 	-5.3002639 	-4.5052277
-0.99219219 	0.25 	0.728 	68.299507 	-5.2553246 	-4.4820235
-0.99339339 	0.25 	0.728 	68.395447 	-5.2116694 	-4.4592373
-0.99459459 	0.25 	0.728 	68.492377 	-5.1680884 	-4.437052
-0.9957958 	0.25 	0.728 	68.589307 	-5.1245074 	-4.4148667
-0.996997 	0.25 	0.728 	68.686237 	-5.0809263 	-4.3926814
-0.9981982 	0.25 	0.728 	68.779652 	-5.0250851 	-4.3682719
-0.9993994 	0.25 	0.728 	68.891376 	-4.9551537 	-4.3445624
-1.0006006 	0.25 	0.728 	69.004392 	-4.8870324 	-4.3212797
-1.0018018 	0.25 	0.728 	69.115173 	-4.8195007 	-4.2974984
-1.003003 	0.25 	0.728 	69.222063 	-4.7529954 	-4.2728495
-1.0042042 	0.25 	0.728 	69.328954 	-4.6864902 	-4.2482005
-1.0054054 	0.25 	0.728 	69.454562 	-4.6881102 	-4.2359251
-1.0066066 	0.25 	0.728 	69.581934 	-4.6961536 	-4.2248163
-1.0078078 	0.25 	0.728 	69.653614 	-4.6460951 	-4.188984
-1.009009 	0.25 	0.728 	69.725703 	-4.5901383 	-4.1513904
-1.0102102 	0.25 	0.728 	69.895811 	-4.5238072 	-4.1227145
-1.0114114 	0.25 	0.728 	70.064168 	-4.4582666 	-4.0947777
-1.0126126 	0.25 	0.728 	70.232635 	-4.3957494 	-4.0752502
-1.0138138 	0.25 	0.728 	70.373447 	-4.3372999 	-4.0531045
-1.015015 	0.25 	0.728 	70.417512 	-4.2909917 	-4.0154302
-1.0162162 	0.25 	0.728 	70.545195 	-4.2316255 	-3.98863
-1.0174174 	0.25 	0.728 	70.682115 	-4.1708168 	-3.9630312
-1.0186186 	0.25 	0.728 	70.818007 	-4.1095527 	-3.9372901
-1.0198198 	0.25 	0.728 	70.952714 	-4.0477632 	-3.9113848
-1.021021 	0.25 	0.728 	71.096241 	-3.9828499 	-3.8872314
-1.0222222 	0.25 	0.728 	71.211392 	-3.9227566 	-3.8603134
-1.0234234 	0.25 	0.728 	71.350233 	-3.856431 	-3.8345448
-1.0246246 	0.25 	0.728 	71.506913 	-3.7923587 	-3.8103871
-1.0258258 	0.25 	0.728 	71.668066 	-3.728663 	-3.7865314
-1.027027 	0.25 	0.728 	71.828771 	-3.6642679 	-3.7622876
-1.0282282 	0.25 	0.728 	71.629889 	-3.5838283 	-3.7402464
-1.0294294 	0.25 	0.728 	71.95495 	-3.5205284 	-3.7123747
-1.0306306 	0.25 	0.728 	72.328929 	-3.4589057 	-3.6843742
-1.0318318 	0.25 	0.728 	72.490193 	-3.3896282 	-3.6592608
-1.033033 	0.25 	0.728 	72.651457 	-3.3203507 	-3.6341474
-1.0342342 	0.25 	0.728 	72.497999 	-3.2342382 	-3.6102586
-1.0354354 	0.25 	0.728 	72.188875 	-3.1401665 	-3.5871703
-1.0366366 	0.25 	0.728 	72.290619 	-3.0645399 	-3.5593516
-1.0378378 	0.25 	0.728 	72.783754 	-3.0064841 	-3.5270268
-1.039039 	0.25 	0.728 	73.158188 	-2.943657 	-3.4963272
-1.0402402 	0.25 	0.728 	73.269822 	-2.8647796 	-3.4649938
-1.0414414 	0.25 	0.728 	73.02306 	-2.7682582 	-3.4362193
-1.0426426 	0.25 	0.728 	72.73032 	-2.6697635 	-3.4079962
-1.0438438 	0.25 	0.728 	72.86314 	-2.6124391 	-3.3766481
-1.045045 	0.25 	0.728 	73.210333 	-2.5757824 	-3.3434944
-1.0462462 	0.25 	0.728 	73.543449 	-2.5358199 	-3.3105814
-1.0474474 	0.25 	0.728 	73.612524 	-2.4338512 	-3.2821855
-1.0486486 	0.25 	0.728 	73.6816 	-2.3318826 	-3.2537897
-1.0498498 	0.25 	0.728 	73.750448 	-2.2285477 	-3.2249601
-1.0510511 	0.25 	0.728 	73.81891 	-2.1228747 	-3.1953883
-1.0522523 	0.25 	0.728 	73.733368 	-1.9809102 	-3.1719893
-1.0534535 	0.25 	0.728 	73.665323 	-1.8297774 	-3.1478429
-1.0546547 	0.25 	0.728 	74.012016 	-1.7110801 	-3.1056792
-1.0558559 	0.25 	0.728 	74.124393 	-1.5888829 	-3.0714859
-1.0570571 	0.25 	0.728 	74.23677 	-1.4666856 	-3.0372927
-1.0582583 	0.25 	0.728 	74.343484 	-1.3462023 	-3.004157
-1.0594595 	0.25 	0.728 	74.40795 	-1.22549 	-2.9715863
-1.0606607 	0.25 	0.728 	74.54295 	-1.1154733 	-2.9388983
-1.0618619 	0.25 	0.728 	74.658499 	-1.00033 	-2.9057753
-1.0630631 	0.25 	0.728 	74.774048 	-0.88518674 	-2.8726522
-1.0642643 	0.25 	0.728 	74.886875 	-0.77022689 	-2.8392764
-1.0654655 	0.25 	0.728 	74.996716 	-0.65291429 	-2.8055632
-1.0666667 	0.25 	0.728 	75.026903 	-0.53267199 	-2.7758582
-1.0678679 	0.25 	0.728 	75.25334 	-0.40673641 	-2.7349846
-1.0690691 	0.25 	0.728 	75.383812 	-0.27559509 	-2.6986837
-1.0702703 	0.25 	0.728 	75.514283 	-0.14445378 	-2.6623828
-1.0714715 	0.25 	0.728 	75.644754 	-0.013312459 	-2.6260819
-1.0726727 	0.25 	0.728 	75.774114 	0.11968509 	-2.5885723
-1.0738739 	0.25 	0.728 	75.833488 	0.25407488 	-2.5553054
-1.0750751 	0.25 	0.728 	76.058963 	0.40070247 	-2.5096057
-1.0762763 	0.25 	0.728 	76.209272 	0.5555121 	-2.4701732
-1.0774775 	0.25 	0.728 	76.343458 	0.71049764 	-2.4318062
-1.0786787 	0.25 	0.728 	76.477644 	0.86548319 	-2.3934392
-1.0798799 	0.25 	0.728 	76.612419 	1.0199995 	-2.3533605
-1.0810811 	0.25 	0.728 	76.747534 	1.1742458 	-2.3122972
-1.0822823 	0.25 	0.728 	76.710453 	1.3392935 	-2.2825377
-1.0834835 	0.25 	0.728 	77.050865 	1.5146249 	-2.2325772
-1.0846847 	0.25 	0.728 	77.18863 	1.6805818 	-2.1970272
-1.0858859 	0.25 	0.728 	77.326395 	1.8465388 	-2.1614772
-1.0870871 	0.25 	0.728 	77.465477 	2.0133141 	-2.1254845
-1.0882883 	0.25 	0.728 	77.605802 	2.1808687 	-2.0890591
-1.0894895 	0.25 	0.728 	77.741362 	2.3506661 	-2.051178
-1.0906907 	0.25 	0.728 	77.877613 	2.5391028 	-2.0128774
-1.0918919 	0.25 	0.728 	78.013864 	2.7275396 	-1.9745768
-1.0930931 	0.25 	0.728 	78.150115 	2.9159763 	-1.9362762
-1.0942943 	0.25 	0.728 	78.285428 	3.1002 	-1.8971778
-1.0954955 	0.25 	0.728 	78.316058 	3.3086959 	-1.8545244
-1.0966967 	0.25 	0.728 	78.466528 	3.4713416 	-1.825483
-1.0978979 	0.25 	0.728 	78.588108 	3.633872 	-1.7924572
-1.0990991 	0.25 	0.728 	78.692804 	3.7975077 	-1.7573362
-1.1003003 	0.25 	0.728 	78.797499 	3.9611433 	-1.7222151
-1.1015015 	0.25 	0.728 	78.902194 	4.1247789 	-1.6870941
-1.1027027 	0.25 	0.728 	79.010134 	4.2916755 	-1.6495116
-1.1039039 	0.25 	0.728 	79.044067 	4.4693438 	-1.6066597
-1.1051051 	0.25 	0.728 	79.075097 	4.6473605 	-1.5636545
-1.1063063 	0.25 	0.728 	79.157071 	4.7646763 	-1.5223392
-1.1075075 	0.25 	0.728 	79.317597 	4.7883963 	-1.4836296
-1.1087087 	0.25 	0.728 	79.461471 	4.8373228 	-1.4446243
-1.1099099 	0.25 	0.728 	79.524799 	5.0316706 	-1.4037599
-1.1111111 	0.25 	0.728 	79.522088 	5.3572097 	-1.3603401
-1.1123123 	0.25 	0.728 	79.492878 	5.7220246 	-1.3161971
-1.1135135 	0.25 	0.728 	79.520289 	5.9509057 	-1.2779993
-1.1147147 	0.25 	0.728 	79.602971 	6.0502284 	-1.245523
-1.1159159 	0.25 	0.728 	79.620682 	6.2661573 	-1.2069027
-1.1171171 	0.25 	0.728 	79.62234 	6.5108987 	-1.1667644
-1.1183183 	0.25 	0.728 	79.624354 	6.7560927 	-1.1267168
-1.1195195 	0.25 	0.728 	79.626595 	7.0015762 	-1.0867271
-1.1207207 	0.25 	0.728 	79.628197 	7.2523596 	-1.0456701
-1.1219219 	0.25 	0.728 	79.643712 	7.5047811 	-0.99813627
-1.1231231 	0.25 	0.728 	79.659227 	7.7572025 	-0.9506024
-1.1243243 	0.25 	0.728 	79.674742 	8.009624 	-0.90306853
-1.1255255 	0.25 	0.728 	79.690005 	8.2623573 	-0.85551987
-1.1267267 	0.25 	0.728 	79.731771 	8.5532361 	-0.81940671
-1.1279279 	0.25 	0.728 	79.806597 	8.8946648 	-0.79748783
-1.1291291 	0.25 	0.728 	79.751732 	9.0958822 	-0.72113968
-1.1303303 	0.25 	0.728 	79.707085 	9.3400311 	-0.65060751
-1.1315315 	0.25 	0.728 	79.685717 	9.6819769 	-0.593324
-1.1327327 	0.25 	0.728 	79.712762 	10.085814 	-0.55500769
-1.1339339 	0.25 	0.728 	79.809478 	10.579576 	-0.54385418
-1.1351351 	0.25 	0.728 	79.867443 	11.017339 	-0.51804829
-1.1363363 	0.25 	0.728 	79.807312 	11.284429 	-0.44758661
-1.1375375 	0.25 	0.728 	79.74718 	11.55152 	-0.37712492
-1.1387387 	0.25 	0.728 	79.717533 	11.865036 	-0.33187224
-1.1399399 	0.25 	0.728 	79.704481 	12.203826 	-0.30034317
-1.1411411 	0.25 	0.728 	79.693079 	12.544782 	-0.27091102
-1.1423423 	0.25 	0.728 	79.730979 	12.956807 	-0.26082529
-1.1435435 	0.25 	0.728 	79.768878 	13.368832 	-0.25073956
-1.1447447 	0.25 	0.728 	79.688214 	13.819259 	-0.17600992
-1.1459459 	0.25 	0.728 	79.615214 	14.264272 	-0.11265215
-1.1471471 	0.25 	0.728 	79.568571 	14.696798 	-0.071714489
-1.1483483 	0.25 	0.728 	79.522536 	15.128497 	-0.0304979
-1.1495495 	0.25 	0.728 	79.476501 	15.560197 	0.01071869
-1.1507508 	0.25 	0.728 	79.518686 	15.940346 	0.0084671969
-1.151952 	0.25 	0.728 	79.522482 	16.353074 	0.038034589
-1.1531532 	0.25 	0.728 	79.471652 	16.810401 	0.11064241
-1.1543544 	0.25 	0.728 	79.391567 	17.264021 	0.14975805
-1.1555556 	0.25 	0.728 	79.309765 	17.718541 	0.18610957
-1.1567568 	0.25 	0.728 	79.227947 	18.173091 	0.22241886
-1.157958 	0.25 	0.728 	79.147704 	18.617456 	0.25062652
-1.1591592 	0.25 	0.728 	79.07217 	19.031391 	0.25462669
-1.1603604 	0.25 	0.728 	78.946511 	19.517677 	0.32045972
-1.1615616 	0.25 	0.728 	78.78906 	19.998739 	0.37218541
-1.1627628 	0.25 	0.728 	78.612581 	20.474092 	0.4106949
-1.163964 	0.25 	0.728 	78.434637 	20.951066 	0.44788224
-1.1651652 	0.25 	0.728 	78.256692 	21.42804 	0.48506958
-1.1663664 	0.25 	0.728 	78.045756 	21.858237 	0.49279872
-1.1675676 	0.25 	0.728 	77.820314 	22.292478 	0.51682618
-1.1687688 	0.25 	0.728 	77.581971 	22.743813 	0.5713873
-1.16997 	0.25 	0.728 	77.297549 	23.216958 	0.61098213
-1.1711712 	0.25 	0.728 	77.003263 	23.693505 	0.64481787
-1.1723724 	0.25 	0.728 	76.708868 	24.170002 	0.67841042
-1.1735736 	0.25 	0.728 	76.364712 	24.619506 	0.70146027
-1.1747748 	0.25 	0.728 	75.990756 	25.052846 	0.7181963
-1.175976 	0.25 	0.728 	75.594777 	25.518946 	0.75718204
-1.1771772 	0.25 	0.728 	75.196222 	25.988877 	0.79876994
-1.1783784 	0.25 	0.728 	74.745365 	26.430704 	0.83311208
-1.1795796 	0.25 	0.728 	74.288839 	26.869813 	0.86490317
-1.1807808 	0.25 	0.728 	73.803107 	27.289742 	0.89109425
-1.181982 	0.25 	0.728 	73.280365 	27.685368 	0.91018892
-1.1831832 	0.25 	0.728 	72.753801 	28.068504 	0.93385289
-1.1843844 	0.25 	0.728 	72.216627 	28.416973 	0.97019955
-1.1855856 	0.25 	0.728 	71.679453 	28.765443 	1.0065462
-1.1867868 	0.25 	0.728 	71.016148 	29.037103 	1.0336588
-1.187988 	0.25 	0.728 	70.354475 	29.286221 	1.0566219
-1.1891892 	0.25 	0.728 	69.74001 	29.473738 	1.0675717
-1.1903904 	0.25 	0.728 	69.125571 	29.661255 	1.0785194
-1.1915916 	0.25 	0.728 	68.411319 	29.768168 	1.0980946
-1.1927928 	0.25 	0.728 	67.677981 	29.859639 	1.1193198
-1.193994 	0.25 	0.728 	66.953497 	29.939256 	1.1401453
-1.1951952 	0.25 	0.728 	66.309106 	29.911628 	1.1573555
-1.1963964 	0.25 	0.728 	65.664716 	29.884 	1.1745657
-1.1975976 	0.25 	0.728 	65.020326 	29.856372 	1.191776
-1.1987988 	0.25 	0.728 	64.375935 	29.828744 	1.2089862
-1.2 	0.25 	0.728 	63.731545 	29.801117 	1.2261964
