0 	0.25 	0.819 	54.284619 	-3.8564947 	-16.248735
-0.0012012012 	0.25 	0.819 	54.290021 	-3.8619384 	-16.248274
-0.0024024024 	0.25 	0.819 	54.295424 	-3.867382 	-16.247814
-0.0036036036 	0.25 	0.819 	54.300827 	-3.8728257 	-16.247353
-0.0048048048 	0.25 	0.819 	54.30623 	-3.8782694 	-16.246893
-0.006006006 	0.25 	0.819 	54.311633 	-3.883713 	-16.246432
-0.0072072072 	0.25 	0.819 	54.317036 	-3.8891567 	-16.245971
-0.0084084084 	0.25 	0.819 	54.322439 	-3.8946004 	-16.245511
-0.0096096096 	0.25 	0.819 	54.327842 	-3.900044 	-16.24505
-0.010810811 	0.25 	0.819 	54.333244 	-3.9054877 	-16.24459
-0.012012012 	0.25 	0.819 	54.338647 	-3.9109313 	-16.244129
-0.013213213 	0.25 	0.819 	54.34405 	-3.916375 	-16.243668
-0.014414414 	0.25 	0.819 	54.349453 	-3.9218187 	-16.243208
-0.015615616 	0.25 	0.819 	54.354856 	-3.9272623 	-16.242747
-0.016816817 	0.25 	0.819 	54.360259 	-3.932706 	-16.242287
-0.018018018 	0.25 	0.819 	54.366031 	-3.9388722 	-16.241634
-0.019219219 	0.25 	0.819 	54.372676 	-3.9467433 	-16.24053
-0.02042042 	0.25 	0.819 	54.379321 	-3.9546144 	-16.239425
-0.021621622 	0.25 	0.819 	54.385618 	-3.9630839 	-16.238112
-0.022822823 	0.25 	0.819 	54.391795 	-3.9717614 	-16.236726
-0.024024024 	0.25 	0.819 	54.397971 	-3.9804389 	-16.23534
-0.025225225 	0.25 	0.819 	54.404148 	-3.9891164 	-16.233954
-0.026426426 	0.25 	0.819 	54.410325 	-3.9977939 	-16.232568
-0.027627628 	0.25 	0.819 	54.416501 	-4.0064714 	-16.231182
-0.028828829 	0.25 	0.819 	54.422678 	-4.0151489 	-16.229796
-0.03003003 	0.25 	0.819 	54.428855 	-4.0238264 	-16.22841
-0.031231231 	0.25 	0.819 	54.435032 	-4.0325039 	-16.227024
-0.032432432 	0.25 	0.819 	54.441208 	-4.0411814 	-16.225638
-0.033633634 	0.25 	0.819 	54.447385 	-4.0498589 	-16.224251
-0.034834835 	0.25 	0.819 	54.453562 	-4.0585364 	-16.222865
-0.036036036 	0.25 	0.819 	54.459738 	-4.067214 	-16.221479
-0.037237237 	0.25 	0.819 	54.465915 	-4.0758915 	-16.220093
-0.038438438 	0.25 	0.819 	54.472092 	-4.084569 	-16.218707
-0.03963964 	0.25 	0.819 	54.478268 	-4.0932465 	-16.217321
-0.040840841 	0.25 	0.819 	54.484445 	-4.101924 	-16.215935
-0.042042042 	0.25 	0.819 	54.491064 	-4.1101474 	-16.216073
-0.043243243 	0.25 	0.819 	54.498159 	-4.117883 	-16.217847
-0.044444444 	0.25 	0.819 	54.505254 	-4.1256185 	-16.219621
-0.045645646 	0.25 	0.819 	54.512349 	-4.1333541 	-16.221395
-0.046846847 	0.25 	0.819 	54.519444 	-4.1410896 	-16.22317
-0.048048048 	0.25 	0.819 	54.526539 	-4.1488252 	-16.224944
-0.049249249 	0.25 	0.819 	54.533634 	-4.1565607 	-16.226718
-0.05045045 	0.25 	0.819 	54.540729 	-4.1642963 	-16.228492
-0.051651652 	0.25 	0.819 	54.547824 	-4.1720318 	-16.230267
-0.052852853 	0.25 	0.819 	54.554919 	-4.1797674 	-16.232041
-0.054054054 	0.25 	0.819 	54.562014 	-4.1875029 	-16.233815
-0.055255255 	0.25 	0.819 	54.56911 	-4.1952385 	-16.235589
-0.056456456 	0.25 	0.819 	54.576205 	-4.202974 	-16.237364
-0.057657658 	0.25 	0.819 	54.5833 	-4.2107096 	-16.239138
-0.058858859 	0.25 	0.819 	54.590395 	-4.2184451 	-16.240912
-0.06006006 	0.25 	0.819 	54.59749 	-4.2261807 	-16.242686
-0.061261261 	0.25 	0.819 	54.605268 	-4.2384197 	-16.239966
-0.062462462 	0.25 	0.819 	54.613066 	-4.2507907 	-16.237114
-0.063663664 	0.25 	0.819 	54.620864 	-4.2631617 	-16.234262
-0.064864865 	0.25 	0.819 	54.628662 	-4.2755327 	-16.23141
-0.066066066 	0.25 	0.819 	54.636461 	-4.2879037 	-16.228557
-0.067267267 	0.25 	0.819 	54.644259 	-4.3002747 	-16.225705
-0.068468468 	0.25 	0.819 	54.652057 	-4.3126457 	-16.222853
-0.06966967 	0.25 	0.819 	54.659855 	-4.3250167 	-16.220001
-0.070870871 	0.25 	0.819 	54.667654 	-4.3373877 	-16.217149
-0.072072072 	0.25 	0.819 	54.675452 	-4.3497587 	-16.214297
-0.073273273 	0.25 	0.819 	54.68325 	-4.3621297 	-16.211445
-0.074474474 	0.25 	0.819 	54.691048 	-4.3745007 	-16.208592
-0.075675676 	0.25 	0.819 	54.698847 	-4.3868718 	-16.20574
-0.076876877 	0.25 	0.819 	54.706645 	-4.3992428 	-16.202888
-0.078078078 	0.25 	0.819 	54.714443 	-4.4116138 	-16.200036
-0.079279279 	0.25 	0.819 	54.72269 	-4.4230186 	-16.198238
-0.08048048 	0.25 	0.819 	54.731407 	-4.4334117 	-16.197543
-0.081681682 	0.25 	0.819 	54.740125 	-4.4438048 	-16.196849
-0.082882883 	0.25 	0.819 	54.748842 	-4.4541979 	-16.196154
-0.084084084 	0.25 	0.819 	54.757559 	-4.464591 	-16.195459
-0.085285285 	0.25 	0.819 	54.766276 	-4.4749841 	-16.194765
-0.086486486 	0.25 	0.819 	54.774993 	-4.4853772 	-16.19407
-0.087687688 	0.25 	0.819 	54.783711 	-4.4957703 	-16.193376
-0.088888889 	0.25 	0.819 	54.792428 	-4.5061634 	-16.192681
-0.09009009 	0.25 	0.819 	54.801145 	-4.5165565 	-16.191986
-0.091291291 	0.25 	0.819 	54.809862 	-4.5269496 	-16.191292
-0.092492492 	0.25 	0.819 	54.81858 	-4.5373427 	-16.190597
-0.093693694 	0.25 	0.819 	54.827297 	-4.5477358 	-16.189903
-0.094894895 	0.25 	0.819 	54.836014 	-4.5581288 	-16.189208
-0.096096096 	0.25 	0.819 	54.844731 	-4.5685219 	-16.188513
-0.097297297 	0.25 	0.819 	54.853448 	-4.578915 	-16.187819
-0.098498498 	0.25 	0.819 	54.862166 	-4.5893081 	-16.187124
-0.0996997 	0.25 	0.819 	54.870883 	-4.5997012 	-16.18643
-0.1009009 	0.25 	0.819 	54.879748 	-4.6093074 	-16.185736
-0.1021021 	0.25 	0.819 	54.888635 	-4.6187949 	-16.185044
-0.1033033 	0.25 	0.819 	54.898343 	-4.6299612 	-16.183596
-0.1045045 	0.25 	0.819 	54.908389 	-4.6418194 	-16.181839
-0.10570571 	0.25 	0.819 	54.918435 	-4.6536775 	-16.180081
-0.10690691 	0.25 	0.819 	54.928481 	-4.6655357 	-16.178323
-0.10810811 	0.25 	0.819 	54.938527 	-4.6773938 	-16.176565
-0.10930931 	0.25 	0.819 	54.948573 	-4.689252 	-16.174807
-0.11051051 	0.25 	0.819 	54.958619 	-4.7011101 	-16.173049
-0.11171171 	0.25 	0.819 	54.968665 	-4.7129683 	-16.171291
-0.11291291 	0.25 	0.819 	54.978711 	-4.7248264 	-16.169533
-0.11411411 	0.25 	0.819 	54.988757 	-4.7366846 	-16.167775
-0.11531532 	0.25 	0.819 	54.998803 	-4.7485427 	-16.166017
-0.11651652 	0.25 	0.819 	55.008849 	-4.7604009 	-16.164259
-0.11771772 	0.25 	0.819 	55.018895 	-4.772259 	-16.162501
-0.11891892 	0.25 	0.819 	55.028941 	-4.7841172 	-16.160743
-0.12012012 	0.25 	0.819 	55.038987 	-4.7959753 	-16.158986
-0.12132132 	0.25 	0.819 	55.049049 	-4.8071995 	-16.157526
-0.12252252 	0.25 	0.819 	55.059168 	-4.8162084 	-16.157111
-0.12372372 	0.25 	0.819 	55.069288 	-4.8252173 	-16.156695
-0.12492492 	0.25 	0.819 	55.079407 	-4.8342262 	-16.15628
-0.12612613 	0.25 	0.819 	55.089527 	-4.8432351 	-16.155864
-0.12732733 	0.25 	0.819 	55.099646 	-4.852244 	-16.155448
-0.12852853 	0.25 	0.819 	55.109765 	-4.8612529 	-16.155033
-0.12972973 	0.25 	0.819 	55.119885 	-4.8702617 	-16.154617
-0.13093093 	0.25 	0.819 	55.130004 	-4.8792706 	-16.154202
-0.13213213 	0.25 	0.819 	55.140124 	-4.8882795 	-16.153786
-0.13333333 	0.25 	0.819 	55.150243 	-4.8972884 	-16.15337
-0.13453453 	0.25 	0.819 	55.160362 	-4.9062973 	-16.152955
-0.13573574 	0.25 	0.819 	55.170482 	-4.9153062 	-16.152539
-0.13693694 	0.25 	0.819 	55.180601 	-4.924315 	-16.152124
-0.13813814 	0.25 	0.819 	55.190721 	-4.9333239 	-16.151708
-0.13933934 	0.25 	0.819 	55.20084 	-4.9423328 	-16.151293
-0.14054054 	0.25 	0.819 	55.211576 	-4.9518674 	-16.150365
-0.14174174 	0.25 	0.819 	55.222526 	-4.9615847 	-16.149259
-0.14294294 	0.25 	0.819 	55.233596 	-4.9720407 	-16.148161
-0.14414414 	0.25 	0.819 	55.244706 	-4.9827397 	-16.147066
-0.14534535 	0.25 	0.819 	55.255815 	-4.9934388 	-16.145971
-0.14654655 	0.25 	0.819 	55.266925 	-5.0041379 	-16.144876
-0.14774775 	0.25 	0.819 	55.278034 	-5.0148369 	-16.143782
-0.14894895 	0.25 	0.819 	55.289143 	-5.025536 	-16.142687
-0.15015015 	0.25 	0.819 	55.300253 	-5.0362351 	-16.141592
-0.15135135 	0.25 	0.819 	55.311362 	-5.0469341 	-16.140497
-0.15255255 	0.25 	0.819 	55.322472 	-5.0576332 	-16.139402
-0.15375375 	0.25 	0.819 	55.333581 	-5.0683323 	-16.138307
-0.15495495 	0.25 	0.819 	55.344691 	-5.0790314 	-16.137212
-0.15615616 	0.25 	0.819 	55.3558 	-5.0897304 	-16.136117
-0.15735736 	0.25 	0.819 	55.36691 	-5.1004295 	-16.135022
-0.15855856 	0.25 	0.819 	55.378019 	-5.1111286 	-16.133927
-0.15975976 	0.25 	0.819 	55.389129 	-5.1218276 	-16.132832
-0.16096096 	0.25 	0.819 	55.400238 	-5.1325267 	-16.131737
-0.16216216 	0.25 	0.819 	55.411348 	-5.1432258 	-16.130642
-0.16336336 	0.25 	0.819 	55.422457 	-5.1539248 	-16.129548
-0.16456456 	0.25 	0.819 	55.433817 	-5.1621907 	-16.132157
-0.16576577 	0.25 	0.819 	55.445186 	-5.1703721 	-16.134894
-0.16696697 	0.25 	0.819 	55.456555 	-5.1785536 	-16.137632
-0.16816817 	0.25 	0.819 	55.467924 	-5.1867351 	-16.140369
-0.16936937 	0.25 	0.819 	55.479293 	-5.1949165 	-16.143107
-0.17057057 	0.25 	0.819 	55.490662 	-5.203098 	-16.145845
-0.17177177 	0.25 	0.819 	55.502031 	-5.2112794 	-16.148582
-0.17297297 	0.25 	0.819 	55.513399 	-5.2194609 	-16.15132
-0.17417417 	0.25 	0.819 	55.524768 	-5.2276424 	-16.154057
-0.17537538 	0.25 	0.819 	55.536137 	-5.2358238 	-16.156795
-0.17657658 	0.25 	0.819 	55.547506 	-5.2440053 	-16.159533
-0.17777778 	0.25 	0.819 	55.558875 	-5.2521868 	-16.16227
-0.17897898 	0.25 	0.819 	55.570244 	-5.2603682 	-16.165008
-0.18018018 	0.25 	0.819 	55.581612 	-5.2685497 	-16.167745
-0.18138138 	0.25 	0.819 	55.592981 	-5.2767311 	-16.170483
-0.18258258 	0.25 	0.819 	55.604684 	-5.2870705 	-16.169539
-0.18378378 	0.25 	0.819 	55.616739 	-5.299689 	-16.164706
-0.18498498 	0.25 	0.819 	55.628794 	-5.3123075 	-16.159873
-0.18618619 	0.25 	0.819 	55.640849 	-5.3249259 	-16.15504
-0.18738739 	0.25 	0.819 	55.652904 	-5.3375444 	-16.150207
-0.18858859 	0.25 	0.819 	55.66496 	-5.3501629 	-16.145374
-0.18978979 	0.25 	0.819 	55.677015 	-5.3627813 	-16.140541
-0.19099099 	0.25 	0.819 	55.68907 	-5.3753998 	-16.135708
-0.19219219 	0.25 	0.819 	55.701125 	-5.3880183 	-16.130876
-0.19339339 	0.25 	0.819 	55.71318 	-5.4006367 	-16.126043
-0.19459459 	0.25 	0.819 	55.725235 	-5.4132552 	-16.12121
-0.1957958 	0.25 	0.819 	55.737291 	-5.4258737 	-16.116377
-0.196997 	0.25 	0.819 	55.749346 	-5.4384921 	-16.111544
-0.1981982 	0.25 	0.819 	55.761401 	-5.4511106 	-16.106711
-0.1993994 	0.25 	0.819 	55.773456 	-5.4637291 	-16.101878
-0.2006006 	0.25 	0.819 	55.785514 	-5.4763407 	-16.09706
-0.2018018 	0.25 	0.819 	55.798092 	-5.4875249 	-16.095319
-0.203003 	0.25 	0.819 	55.810671 	-5.4987092 	-16.093577
-0.2042042 	0.25 	0.819 	55.82325 	-5.5098935 	-16.091836
-0.20540541 	0.25 	0.819 	55.835829 	-5.5210777 	-16.090094
-0.20660661 	0.25 	0.819 	55.848407 	-5.532262 	-16.088353
-0.20780781 	0.25 	0.819 	55.860986 	-5.5434462 	-16.086612
-0.20900901 	0.25 	0.819 	55.873565 	-5.5546305 	-16.08487
-0.21021021 	0.25 	0.819 	55.886144 	-5.5658148 	-16.083129
-0.21141141 	0.25 	0.819 	55.898723 	-5.576999 	-16.081387
-0.21261261 	0.25 	0.819 	55.911301 	-5.5881833 	-16.079646
-0.21381381 	0.25 	0.819 	55.92388 	-5.5993676 	-16.077904
-0.21501502 	0.25 	0.819 	55.936459 	-5.6105518 	-16.076163
-0.21621622 	0.25 	0.819 	55.949038 	-5.6217361 	-16.074421
-0.21741742 	0.25 	0.819 	55.961616 	-5.6329204 	-16.07268
-0.21861862 	0.25 	0.819 	55.974195 	-5.6441046 	-16.070938
-0.21981982 	0.25 	0.819 	55.986774 	-5.6552889 	-16.069197
-0.22102102 	0.25 	0.819 	55.999353 	-5.6664732 	-16.067455
-0.22222222 	0.25 	0.819 	56.011932 	-5.6776574 	-16.065714
-0.22342342 	0.25 	0.819 	56.024341 	-5.6877423 	-16.064015
-0.22462462 	0.25 	0.819 	56.036918 	-5.6982281 	-16.062277
-0.22582583 	0.25 	0.819 	56.050148 	-5.7106202 	-16.060385
-0.22702703 	0.25 	0.819 	56.063378 	-5.7230124 	-16.058493
-0.22822823 	0.25 	0.819 	56.076608 	-5.7354045 	-16.056601
-0.22942943 	0.25 	0.819 	56.089838 	-5.7477966 	-16.05471
-0.23063063 	0.25 	0.819 	56.103069 	-5.7601888 	-16.052818
-0.23183183 	0.25 	0.819 	56.116299 	-5.7725809 	-16.050926
-0.23303303 	0.25 	0.819 	56.129529 	-5.784973 	-16.049034
-0.23423423 	0.25 	0.819 	56.142759 	-5.7973652 	-16.047143
-0.23543544 	0.25 	0.819 	56.155989 	-5.8097573 	-16.045251
-0.23663664 	0.25 	0.819 	56.169219 	-5.8221495 	-16.043359
-0.23783784 	0.25 	0.819 	56.18245 	-5.8345416 	-16.041467
-0.23903904 	0.25 	0.819 	56.19568 	-5.8469337 	-16.039576
-0.24024024 	0.25 	0.819 	56.20891 	-5.8593259 	-16.037684
-0.24144144 	0.25 	0.819 	56.22214 	-5.871718 	-16.035792
-0.24264264 	0.25 	0.819 	56.23537 	-5.8841101 	-16.0339
-0.24384384 	0.25 	0.819 	56.248316 	-5.894075 	-16.032567
-0.24504505 	0.25 	0.819 	56.261161 	-5.9031923 	-16.031429
-0.24624625 	0.25 	0.819 	56.274007 	-5.9123096 	-16.030291
-0.24744745 	0.25 	0.819 	56.286852 	-5.9214268 	-16.029153
-0.24864865 	0.25 	0.819 	56.299698 	-5.9305441 	-16.028014
-0.24984985 	0.25 	0.819 	56.312543 	-5.9396613 	-16.026876
-0.25105105 	0.25 	0.819 	56.325389 	-5.9487786 	-16.025738
-0.25225225 	0.25 	0.819 	56.338234 	-5.9578958 	-16.0246
-0.25345345 	0.25 	0.819 	56.35108 	-5.9670131 	-16.023462
-0.25465465 	0.25 	0.819 	56.363925 	-5.9761304 	-16.022323
-0.25585586 	0.25 	0.819 	56.376771 	-5.9852476 	-16.021185
-0.25705706 	0.25 	0.819 	56.389616 	-5.9943649 	-16.020047
-0.25825826 	0.25 	0.819 	56.402462 	-6.0034821 	-16.018909
-0.25945946 	0.25 	0.819 	56.415307 	-6.0125994 	-16.017771
-0.26066066 	0.25 	0.819 	56.428153 	-6.0217166 	-16.016632
-0.26186186 	0.25 	0.819 	56.44116 	-6.0311881 	-16.015164
-0.26306306 	0.25 	0.819 	56.454627 	-6.0416678 	-16.012754
-0.26426426 	0.25 	0.819 	56.468176 	-6.0535947 	-16.009854
-0.26546547 	0.25 	0.819 	56.481749 	-6.0659302 	-16.006815
-0.26666667 	0.25 	0.819 	56.495321 	-6.0782656 	-16.003775
-0.26786787 	0.25 	0.819 	56.508893 	-6.0906011 	-16.000736
-0.26906907 	0.25 	0.819 	56.522466 	-6.1029366 	-15.997697
-0.27027027 	0.25 	0.819 	56.536038 	-6.115272 	-15.994657
-0.27147147 	0.25 	0.819 	56.54961 	-6.1276075 	-15.991618
-0.27267267 	0.25 	0.819 	56.563182 	-6.139943 	-15.988579
-0.27387387 	0.25 	0.819 	56.576755 	-6.1522784 	-15.98554
-0.27507508 	0.25 	0.819 	56.590327 	-6.1646139 	-15.9825
-0.27627628 	0.25 	0.819 	56.603899 	-6.1769494 	-15.979461
-0.27747748 	0.25 	0.819 	56.617471 	-6.1892848 	-15.976422
-0.27867868 	0.25 	0.819 	56.631044 	-6.2016203 	-15.973382
-0.27987988 	0.25 	0.819 	56.644616 	-6.2139558 	-15.970343
-0.28108108 	0.25 	0.819 	56.658188 	-6.2262912 	-15.967304
-0.28228228 	0.25 	0.819 	56.671761 	-6.2386267 	-15.964265
-0.28348348 	0.25 	0.819 	56.685333 	-6.2509622 	-15.961225
-0.28468468 	0.25 	0.819 	56.698905 	-6.2632976 	-15.958186
-0.28588589 	0.25 	0.819 	56.712469 	-6.2745567 	-15.958206
-0.28708709 	0.25 	0.819 	56.726023 	-6.2846781 	-15.96146
-0.28828829 	0.25 	0.819 	56.739578 	-6.2947995 	-15.964714
-0.28948949 	0.25 	0.819 	56.753133 	-6.3049209 	-15.967967
-0.29069069 	0.25 	0.819 	56.766687 	-6.3150423 	-15.971221
-0.29189189 	0.25 	0.819 	56.780242 	-6.3251638 	-15.974475
-0.29309309 	0.25 	0.819 	56.793796 	-6.3352852 	-15.977729
-0.29429429 	0.25 	0.819 	56.807351 	-6.3454066 	-15.980982
-0.2954955 	0.25 	0.819 	56.820905 	-6.355528 	-15.984236
-0.2966967 	0.25 	0.819 	56.83446 	-6.3656494 	-15.98749
-0.2978979 	0.25 	0.819 	56.848015 	-6.3757708 	-15.990744
-0.2990991 	0.25 	0.819 	56.861569 	-6.3858922 	-15.993997
-0.3003003 	0.25 	0.819 	56.875124 	-6.3960137 	-15.997251
-0.3015015 	0.25 	0.819 	56.888678 	-6.4061351 	-16.000505
-0.3027027 	0.25 	0.819 	56.902233 	-6.4162565 	-16.003758
-0.3039039 	0.25 	0.819 	56.915793 	-6.4263989 	-16.006956
-0.30510511 	0.25 	0.819 	56.93034 	-6.4406664 	-15.999099
-0.30630631 	0.25 	0.819 	56.944888 	-6.454934 	-15.991241
-0.30750751 	0.25 	0.819 	56.959436 	-6.4692015 	-15.983384
-0.30870871 	0.25 	0.819 	56.973983 	-6.483469 	-15.975527
-0.30990991 	0.25 	0.819 	56.988531 	-6.4977366 	-15.967669
-0.31111111 	0.25 	0.819 	57.003079 	-6.5120041 	-15.959812
-0.31231231 	0.25 	0.819 	57.017626 	-6.5262716 	-15.951954
-0.31351351 	0.25 	0.819 	57.032174 	-6.5405392 	-15.944097
-0.31471471 	0.25 	0.819 	57.046722 	-6.5548067 	-15.93624
-0.31591592 	0.25 	0.819 	57.061269 	-6.5690742 	-15.928382
-0.31711712 	0.25 	0.819 	57.075817 	-6.5833418 	-15.920525
-0.31831832 	0.25 	0.819 	57.090365 	-6.5976093 	-15.912668
-0.31951952 	0.25 	0.819 	57.104913 	-6.6118768 	-15.90481
-0.32072072 	0.25 	0.819 	57.11946 	-6.6261444 	-15.896953
-0.32192192 	0.25 	0.819 	57.134008 	-6.6404119 	-15.889096
-0.32312312 	0.25 	0.819 	57.148508 	-6.6540254 	-15.882711
-0.32432432 	0.25 	0.819 	57.162964 	-6.667032 	-15.877693
-0.32552553 	0.25 	0.819 	57.17742 	-6.6800386 	-15.872675
-0.32672673 	0.25 	0.819 	57.191877 	-6.6930452 	-15.867657
-0.32792793 	0.25 	0.819 	57.206333 	-6.7060518 	-15.862639
-0.32912913 	0.25 	0.819 	57.220789 	-6.7190585 	-15.857621
-0.33033033 	0.25 	0.819 	57.235245 	-6.7320651 	-15.852603
-0.33153153 	0.25 	0.819 	57.249701 	-6.7450717 	-15.847585
-0.33273273 	0.25 	0.819 	57.264157 	-6.7580783 	-15.842567
-0.33393393 	0.25 	0.819 	57.278614 	-6.7710849 	-15.837548
-0.33513514 	0.25 	0.819 	57.29307 	-6.7840915 	-15.83253
-0.33633634 	0.25 	0.819 	57.307526 	-6.7970982 	-15.827512
-0.33753754 	0.25 	0.819 	57.321982 	-6.8101048 	-15.822494
-0.33873874 	0.25 	0.819 	57.336438 	-6.8231114 	-15.817476
-0.33993994 	0.25 	0.819 	57.350894 	-6.836118 	-15.812458
-0.34114114 	0.25 	0.819 	57.365351 	-6.8491246 	-15.80744
-0.34234234 	0.25 	0.819 	57.379807 	-6.8621312 	-15.802422
-0.34354354 	0.25 	0.819 	57.394263 	-6.8751379 	-15.797404
-0.34474474 	0.25 	0.819 	57.408719 	-6.8881445 	-15.792386
-0.34594595 	0.25 	0.819 	57.423266 	-6.8995342 	-15.788535
-0.34714715 	0.25 	0.819 	57.438037 	-6.9127318 	-15.783508
-0.34834835 	0.25 	0.819 	57.452882 	-6.9266707 	-15.777991
-0.34954955 	0.25 	0.819 	57.467726 	-6.9406095 	-15.772474
-0.35075075 	0.25 	0.819 	57.482571 	-6.9545484 	-15.766958
-0.35195195 	0.25 	0.819 	57.497416 	-6.9684873 	-15.761441
-0.35315315 	0.25 	0.819 	57.51226 	-6.9824262 	-15.755924
-0.35435435 	0.25 	0.819 	57.527105 	-6.996365 	-15.750407
-0.35555556 	0.25 	0.819 	57.54195 	-7.0103039 	-15.74489
-0.35675676 	0.25 	0.819 	57.556794 	-7.0242428 	-15.739373
-0.35795796 	0.25 	0.819 	57.571639 	-7.0381816 	-15.733856
-0.35915916 	0.25 	0.819 	57.586484 	-7.0521205 	-15.72834
-0.36036036 	0.25 	0.819 	57.601328 	-7.0660594 	-15.722823
-0.36156156 	0.25 	0.819 	57.616173 	-7.0799983 	-15.717306
-0.36276276 	0.25 	0.819 	57.631018 	-7.0939371 	-15.711789
-0.36396396 	0.25 	0.819 	57.645862 	-7.107876 	-15.706272
-0.36516517 	0.25 	0.819 	57.660756 	-7.1216238 	-15.701361
-0.36636637 	0.25 	0.819 	57.675793 	-7.1348101 	-15.69823
-0.36756757 	0.25 	0.819 	57.69083 	-7.1479964 	-15.6951
-0.36876877 	0.25 	0.819 	57.705867 	-7.1611826 	-15.691969
-0.36996997 	0.25 	0.819 	57.720903 	-7.1743689 	-15.688839
-0.37117117 	0.25 	0.819 	57.73594 	-7.1875552 	-15.685708
-0.37237237 	0.25 	0.819 	57.750977 	-7.2007415 	-15.682578
-0.37357357 	0.25 	0.819 	57.766014 	-7.2139277 	-15.679447
-0.37477477 	0.25 	0.819 	57.781051 	-7.227114 	-15.676316
-0.37597598 	0.25 	0.819 	57.796088 	-7.2403003 	-15.673186
-0.37717718 	0.25 	0.819 	57.811125 	-7.2534866 	-15.670055
-0.37837838 	0.25 	0.819 	57.826162 	-7.2666728 	-15.666925
-0.37957958 	0.25 	0.819 	57.841199 	-7.2798591 	-15.663794
-0.38078078 	0.25 	0.819 	57.856235 	-7.2930454 	-15.660664
-0.38198198 	0.25 	0.819 	57.871272 	-7.3062317 	-15.657533
-0.38318318 	0.25 	0.819 	57.886309 	-7.3194179 	-15.654402
-0.38438438 	0.25 	0.819 	57.901948 	-7.3315291 	-15.649299
-0.38558559 	0.25 	0.819 	57.917357 	-7.345935 	-15.64152
-0.38678679 	0.25 	0.819 	57.932701 	-7.3607567 	-15.633405
-0.38798799 	0.25 	0.819 	57.948046 	-7.3755785 	-15.62529
-0.38918919 	0.25 	0.819 	57.96339 	-7.3904003 	-15.617175
-0.39039039 	0.25 	0.819 	57.978735 	-7.4052221 	-15.60906
-0.39159159 	0.25 	0.819 	57.99408 	-7.4200439 	-15.600945
-0.39279279 	0.25 	0.819 	58.009424 	-7.4348656 	-15.59283
-0.39399399 	0.25 	0.819 	58.024769 	-7.4496874 	-15.584715
-0.3951952 	0.25 	0.819 	58.040113 	-7.4645092 	-15.5766
-0.3963964 	0.25 	0.819 	58.055458 	-7.479331 	-15.568485
-0.3975976 	0.25 	0.819 	58.070803 	-7.4941527 	-15.560371
-0.3987988 	0.25 	0.819 	58.086147 	-7.5089745 	-15.552256
-0.4 	0.25 	0.819 	58.101492 	-7.5237963 	-15.544141
-0.4012012 	0.25 	0.819 	58.116836 	-7.5386181 	-15.536026
-0.4024024 	0.25 	0.819 	58.132181 	-7.5534399 	-15.527911
-0.4036036 	0.25 	0.819 	58.147525 	-7.5682616 	-15.519796
-0.4048048 	0.25 	0.819 	58.16287 	-7.5830834 	-15.511681
-0.40600601 	0.25 	0.819 	58.178215 	-7.5979052 	-15.503566
-0.40720721 	0.25 	0.819 	58.19356 	-7.6127193 	-15.495459
-0.40840841 	0.25 	0.819 	58.209412 	-7.6227589 	-15.492288
-0.40960961 	0.25 	0.819 	58.225265 	-7.6327986 	-15.489117
-0.41081081 	0.25 	0.819 	58.241117 	-7.6428382 	-15.485945
-0.41201201 	0.25 	0.819 	58.256969 	-7.6528779 	-15.482774
-0.41321321 	0.25 	0.819 	58.272822 	-7.6629175 	-15.479603
-0.41441441 	0.25 	0.819 	58.288674 	-7.6729572 	-15.476431
-0.41561562 	0.25 	0.819 	58.304526 	-7.6829968 	-15.47326
-0.41681682 	0.25 	0.819 	58.320378 	-7.6930365 	-15.470089
-0.41801802 	0.25 	0.819 	58.336231 	-7.7030761 	-15.466917
-0.41921922 	0.25 	0.819 	58.352083 	-7.7131157 	-15.463746
-0.42042042 	0.25 	0.819 	58.367935 	-7.7231554 	-15.460574
-0.42162162 	0.25 	0.819 	58.383788 	-7.733195 	-15.457403
-0.42282282 	0.25 	0.819 	58.39964 	-7.7432347 	-15.454232
-0.42402402 	0.25 	0.819 	58.415492 	-7.7532743 	-15.45106
-0.42522523 	0.25 	0.819 	58.431344 	-7.763314 	-15.447889
-0.42642643 	0.25 	0.819 	58.447234 	-7.7772209 	-15.441634
-0.42762763 	0.25 	0.819 	58.463157 	-7.7946967 	-15.432533
-0.42882883 	0.25 	0.819 	58.47908 	-7.8121725 	-15.423432
-0.43003003 	0.25 	0.819 	58.495003 	-7.8296484 	-15.414331
-0.43123123 	0.25 	0.819 	58.510927 	-7.8471242 	-15.40523
-0.43243243 	0.25 	0.819 	58.52685 	-7.8646001 	-15.396129
-0.43363363 	0.25 	0.819 	58.542773 	-7.8820759 	-15.387028
-0.43483483 	0.25 	0.819 	58.558697 	-7.8995518 	-15.377927
-0.43603604 	0.25 	0.819 	58.57462 	-7.9170276 	-15.368826
-0.43723724 	0.25 	0.819 	58.590543 	-7.9345035 	-15.359725
-0.43843844 	0.25 	0.819 	58.606466 	-7.9519793 	-15.350624
-0.43963964 	0.25 	0.819 	58.62239 	-7.9694552 	-15.341524
-0.44084084 	0.25 	0.819 	58.638313 	-7.986931 	-15.332423
-0.44204204 	0.25 	0.819 	58.654236 	-8.0044069 	-15.323322
-0.44324324 	0.25 	0.819 	58.670159 	-8.0218827 	-15.314221
-0.44444444 	0.25 	0.819 	58.686094 	-8.039243 	-15.304998
-0.44564565 	0.25 	0.819 	58.702333 	-8.0534822 	-15.292493
-0.44684685 	0.25 	0.819 	58.718572 	-8.0677213 	-15.279989
-0.44804805 	0.25 	0.819 	58.734812 	-8.0819604 	-15.267484
-0.44924925 	0.25 	0.819 	58.751051 	-8.0961996 	-15.254979
-0.45045045 	0.25 	0.819 	58.76729 	-8.1104387 	-15.242474
-0.45165165 	0.25 	0.819 	58.783529 	-8.1246779 	-15.229969
-0.45285285 	0.25 	0.819 	58.799769 	-8.138917 	-15.217465
-0.45405405 	0.25 	0.819 	58.816008 	-8.1531561 	-15.20496
-0.45525526 	0.25 	0.819 	58.832247 	-8.1673953 	-15.192455
-0.45645646 	0.25 	0.819 	58.848811 	-8.1804002 	-15.18186
-0.45765766 	0.25 	0.819 	58.865978 	-8.1920326 	-15.172268
-0.45885886 	0.25 	0.819 	58.882912 	-8.2061085 	-15.160874
-0.46006006 	0.25 	0.819 	58.899846 	-8.2201844 	-15.14948
-0.46126126 	0.25 	0.819 	58.91678 	-8.2342603 	-15.138086
-0.46246246 	0.25 	0.819 	58.933713 	-8.2483362 	-15.126692
-0.46366366 	0.25 	0.819 	58.950647 	-8.2624121 	-15.115298
-0.46486486 	0.25 	0.819 	58.967581 	-8.276488 	-15.103904
-0.46606607 	0.25 	0.819 	58.984515 	-8.2905639 	-15.09251
-0.46726727 	0.25 	0.819 	59.001449 	-8.3046398 	-15.081116
-0.46846847 	0.25 	0.819 	59.01955 	-8.3193575 	-15.06974
-0.46966967 	0.25 	0.819 	59.04104 	-8.335938 	-15.058418
-0.47087087 	0.25 	0.819 	59.06253 	-8.3525186 	-15.047097
-0.47207207 	0.25 	0.819 	59.08402 	-8.3690992 	-15.035775
-0.47327327 	0.25 	0.819 	59.105511 	-8.3856798 	-15.024453
-0.47447447 	0.25 	0.819 	59.127001 	-8.4022603 	-15.013132
-0.47567568 	0.25 	0.819 	59.148491 	-8.4188409 	-15.00181
-0.47687688 	0.25 	0.819 	59.169981 	-8.4354215 	-14.990488
-0.47807808 	0.25 	0.819 	59.191471 	-8.4520021 	-14.979167
-0.47927928 	0.25 	0.819 	59.212962 	-8.4685826 	-14.967845
-0.48048048 	0.25 	0.819 	59.234452 	-8.4851632 	-14.956523
-0.48168168 	0.25 	0.819 	59.255942 	-8.5017438 	-14.945202
-0.48288288 	0.25 	0.819 	59.277432 	-8.5183243 	-14.93388
-0.48408408 	0.25 	0.819 	59.298922 	-8.5349049 	-14.922558
-0.48528529 	0.25 	0.819 	59.320413 	-8.5514855 	-14.911237
-0.48648649 	0.25 	0.819 	59.341903 	-8.5680661 	-14.899915
-0.48768769 	0.25 	0.819 	59.353438 	-8.5807289 	-14.893467
-0.48888889 	0.25 	0.819 	59.361993 	-8.5922187 	-14.888478
-0.49009009 	0.25 	0.819 	59.370548 	-8.6037086 	-14.883489
-0.49129129 	0.25 	0.819 	59.379103 	-8.6151984 	-14.8785
-0.49249249 	0.25 	0.819 	59.387658 	-8.6266882 	-14.873511
-0.49369369 	0.25 	0.819 	59.396213 	-8.6381781 	-14.868522
-0.49489489 	0.25 	0.819 	59.404768 	-8.6496679 	-14.863532
-0.4960961 	0.25 	0.819 	59.413323 	-8.6611578 	-14.858543
-0.4972973 	0.25 	0.819 	59.421878 	-8.6726476 	-14.853554
-0.4984985 	0.25 	0.819 	59.431624 	-8.6845004 	-14.846969
-0.4996997 	0.25 	0.819 	59.444188 	-8.6959713 	-14.836313
-0.5009009 	0.25 	0.819 	59.456354 	-8.7071483 	-14.826152
-0.5021021 	0.25 	0.819 	59.46852 	-8.7183253 	-14.81599
-0.5033033 	0.25 	0.819 	59.480686 	-8.7295023 	-14.805828
-0.5045045 	0.25 	0.819 	59.492852 	-8.7406792 	-14.795667
-0.50570571 	0.25 	0.819 	59.50534 	-8.7519036 	-14.785323
-0.50690691 	0.25 	0.819 	59.527408 	-8.7645376 	-14.769572
-0.50810811 	0.25 	0.819 	59.549476 	-8.7771715 	-14.753821
-0.50930931 	0.25 	0.819 	59.571544 	-8.7898054 	-14.738071
-0.51051051 	0.25 	0.819 	59.593611 	-8.8024394 	-14.72232
-0.51171171 	0.25 	0.819 	59.615679 	-8.8150733 	-14.706569
-0.51291291 	0.25 	0.819 	59.637747 	-8.8277073 	-14.690818
-0.51411411 	0.25 	0.819 	59.659815 	-8.8403412 	-14.675067
-0.51531532 	0.25 	0.819 	59.681882 	-8.8529751 	-14.659316
-0.51651652 	0.25 	0.819 	59.70395 	-8.8656091 	-14.643566
-0.51771772 	0.25 	0.819 	59.724454 	-8.8786838 	-14.621413
-0.51891892 	0.25 	0.819 	59.742519 	-8.8924456 	-14.589282
-0.52012012 	0.25 	0.819 	59.760584 	-8.9062074 	-14.557151
-0.52132132 	0.25 	0.819 	59.778649 	-8.9199692 	-14.525021
-0.52252252 	0.25 	0.819 	59.796714 	-8.933731 	-14.49289
-0.52372372 	0.25 	0.819 	59.81478 	-8.9474928 	-14.460759
-0.52492492 	0.25 	0.819 	59.832845 	-8.9612546 	-14.428628
-0.52612613 	0.25 	0.819 	59.85091 	-8.9750164 	-14.396497
-0.52732733 	0.25 	0.819 	59.868975 	-8.9887781 	-14.364366
-0.52852853 	0.25 	0.819 	59.88704 	-9.0025399 	-14.332235
-0.52972973 	0.25 	0.819 	59.905716 	-9.0159757 	-14.310394
-0.53093093 	0.25 	0.819 	59.924798 	-9.0291942 	-14.295413
-0.53213213 	0.25 	0.819 	59.94388 	-9.0424127 	-14.280431
-0.53333333 	0.25 	0.819 	59.962963 	-9.0556312 	-14.265449
-0.53453453 	0.25 	0.819 	59.982045 	-9.0688497 	-14.250468
-0.53573574 	0.25 	0.819 	60.001127 	-9.0820682 	-14.235486
-0.53693694 	0.25 	0.819 	60.021505 	-9.0926973 	-14.229242
-0.53813814 	0.25 	0.819 	60.042018 	-9.1029995 	-14.224485
-0.53933934 	0.25 	0.819 	60.062531 	-9.1133018 	-14.219727
-0.54054054 	0.25 	0.819 	60.083044 	-9.1236041 	-14.214969
-0.54174174 	0.25 	0.819 	60.103556 	-9.1339064 	-14.210212
-0.54294294 	0.25 	0.819 	60.124069 	-9.1442087 	-14.205454
-0.54414414 	0.25 	0.819 	60.144588 	-9.1545137 	-14.200711
-0.54534535 	0.25 	0.819 	60.165115 	-9.1648225 	-14.195988
-0.54654655 	0.25 	0.819 	60.185642 	-9.1751313 	-14.191265
-0.54774775 	0.25 	0.819 	60.206136 	-9.1854108 	-14.18642
-0.54894895 	0.25 	0.819 	60.224851 	-9.1941357 	-14.175108
-0.55015015 	0.25 	0.819 	60.243567 	-9.2028605 	-14.163796
-0.55135135 	0.25 	0.819 	60.262282 	-9.2115854 	-14.152484
-0.55255255 	0.25 	0.819 	60.280997 	-9.2203103 	-14.141171
-0.55375375 	0.25 	0.819 	60.299713 	-9.2290351 	-14.129859
-0.55495495 	0.25 	0.819 	60.318428 	-9.23776 	-14.118547
-0.55615616 	0.25 	0.819 	60.337144 	-9.2464849 	-14.107235
-0.55735736 	0.25 	0.819 	60.355859 	-9.2552097 	-14.095923
-0.55855856 	0.25 	0.819 	60.374574 	-9.2639346 	-14.084611
-0.55975976 	0.25 	0.819 	60.393662 	-9.2731066 	-14.072617
-0.56096096 	0.25 	0.819 	60.414376 	-9.2837152 	-14.058002
-0.56216216 	0.25 	0.819 	60.43509 	-9.2943238 	-14.043387
-0.56336336 	0.25 	0.819 	60.455804 	-9.3049324 	-14.028772
-0.56456456 	0.25 	0.819 	60.476517 	-9.315541 	-14.014157
-0.56576577 	0.25 	0.819 	60.497231 	-9.3261496 	-13.999542
-0.56696697 	0.25 	0.819 	60.519762 	-9.338663 	-13.984152
-0.56816817 	0.25 	0.819 	60.543868 	-9.3528275 	-13.968089
-0.56936937 	0.25 	0.819 	60.567974 	-9.366992 	-13.952026
-0.57057057 	0.25 	0.819 	60.592079 	-9.3811565 	-13.935962
-0.57177177 	0.25 	0.819 	60.616185 	-9.395321 	-13.919899
-0.57297297 	0.25 	0.819 	60.640291 	-9.4094855 	-13.903836
-0.57417417 	0.25 	0.819 	60.664396 	-9.42365 	-13.887773
-0.57537538 	0.25 	0.819 	60.688502 	-9.4378145 	-13.87171
-0.57657658 	0.25 	0.819 	60.712608 	-9.451979 	-13.855647
-0.57777778 	0.25 	0.819 	60.736713 	-9.4661434 	-13.839584
-0.57897898 	0.25 	0.819 	60.759429 	-9.477749 	-13.820674
-0.58018018 	0.25 	0.819 	60.781376 	-9.4879374 	-13.800186
-0.58138138 	0.25 	0.819 	60.803322 	-9.4981258 	-13.779698
-0.58258258 	0.25 	0.819 	60.825268 	-9.5083141 	-13.759211
-0.58378378 	0.25 	0.819 	60.847214 	-9.5185025 	-13.738723
-0.58498498 	0.25 	0.819 	60.869161 	-9.5286908 	-13.718235
-0.58618619 	0.25 	0.819 	60.891107 	-9.5388792 	-13.697748
-0.58738739 	0.25 	0.819 	60.913053 	-9.5490675 	-13.67726
-0.58858859 	0.25 	0.819 	60.935 	-9.5592559 	-13.656772
-0.58978979 	0.25 	0.819 	60.956946 	-9.5694442 	-13.636285
-0.59099099 	0.25 	0.819 	60.979619 	-9.580268 	-13.618589
-0.59219219 	0.25 	0.819 	61.002528 	-9.5912973 	-13.601795
-0.59339339 	0.25 	0.819 	61.025436 	-9.6023266 	-13.585002
-0.59459459 	0.25 	0.819 	61.048344 	-9.6133559 	-13.568209
-0.5957958 	0.25 	0.819 	61.071253 	-9.6243852 	-13.551416
-0.596997 	0.25 	0.819 	61.095905 	-9.6355573 	-13.533211
-0.5981982 	0.25 	0.819 	61.124289 	-9.6472368 	-13.514563
-0.5993994 	0.25 	0.819 	61.152336 	-9.6586534 	-13.496411
-0.6006006 	0.25 	0.819 	61.180383 	-9.67007 	-13.478258
-0.6018018 	0.25 	0.819 	61.208429 	-9.6814865 	-13.460105
-0.603003 	0.25 	0.819 	61.236476 	-9.6929031 	-13.441953
-0.6042042 	0.25 	0.819 	61.264523 	-9.7043197 	-13.4238
-0.60540541 	0.25 	0.819 	61.292569 	-9.7157363 	-13.405647
-0.60660661 	0.25 	0.819 	61.320616 	-9.7271529 	-13.387495
-0.60780781 	0.25 	0.819 	61.348663 	-9.7385695 	-13.369342
-0.60900901 	0.25 	0.819 	61.375153 	-9.7485265 	-13.351559
-0.61021021 	0.25 	0.819 	61.397438 	-9.7545417 	-13.334774
-0.61141141 	0.25 	0.819 	61.419723 	-9.7605569 	-13.31799
-0.61261261 	0.25 	0.819 	61.442008 	-9.7665722 	-13.301205
-0.61381381 	0.25 	0.819 	61.464294 	-9.7725874 	-13.28442
-0.61501502 	0.25 	0.819 	61.486579 	-9.7786026 	-13.267635
-0.61621622 	0.25 	0.819 	61.508864 	-9.7846179 	-13.25085
-0.61741742 	0.25 	0.819 	61.531149 	-9.7906331 	-13.234066
-0.61861862 	0.25 	0.819 	61.553435 	-9.7966483 	-13.217281
-0.61981982 	0.25 	0.819 	61.57572 	-9.8026636 	-13.200496
-0.62102102 	0.25 	0.819 	61.597967 	-9.8087855 	-13.184048
-0.62222222 	0.25 	0.819 	61.626759 	-9.8166494 	-13.164806
-0.62342342 	0.25 	0.819 	61.652449 	-9.8248822 	-13.147283
-0.62462462 	0.25 	0.819 	61.678139 	-9.8331151 	-13.129761
-0.62582583 	0.25 	0.819 	61.70383 	-9.8413479 	-13.112238
-0.62702703 	0.25 	0.819 	61.72952 	-9.8495808 	-13.094716
-0.62822823 	0.25 	0.819 	61.763141 	-9.8562555 	-13.071715
-0.62942943 	0.25 	0.819 	61.799 	-9.8624907 	-13.047169
-0.63063063 	0.25 	0.819 	61.834859 	-9.8687259 	-13.022623
-0.63183183 	0.25 	0.819 	61.870717 	-9.8749611 	-12.998078
-0.63303303 	0.25 	0.819 	61.906576 	-9.8811963 	-12.973532
-0.63423423 	0.25 	0.819 	61.942435 	-9.8874315 	-12.948986
-0.63543544 	0.25 	0.819 	61.978293 	-9.8936667 	-12.92444
-0.63663664 	0.25 	0.819 	62.014152 	-9.899902 	-12.899895
-0.63783784 	0.25 	0.819 	62.050011 	-9.9061372 	-12.875349
-0.63903904 	0.25 	0.819 	62.085869 	-9.9123724 	-12.850803
-0.64024024 	0.25 	0.819 	62.107896 	-9.9150018 	-12.837167
-0.64144144 	0.25 	0.819 	62.128136 	-9.9171655 	-12.82494
-0.64264264 	0.25 	0.819 	62.148442 	-9.9230302 	-12.809961
-0.64384384 	0.25 	0.819 	62.16568 	-9.9291161 	-12.796618
-0.64504505 	0.25 	0.819 	62.182918 	-9.9352021 	-12.783276
-0.64624625 	0.25 	0.819 	62.200156 	-9.9412881 	-12.769934
-0.64744745 	0.25 	0.819 	62.217394 	-9.9473741 	-12.756591
-0.64864865 	0.25 	0.819 	62.234632 	-9.9534601 	-12.743249
-0.64984985 	0.25 	0.819 	62.25187 	-9.9595461 	-12.729907
-0.65105105 	0.25 	0.819 	62.269108 	-9.965632 	-12.716564
-0.65225225 	0.25 	0.819 	62.288224 	-9.9747705 	-12.701821
-0.65345345 	0.25 	0.819 	62.312011 	-9.9915011 	-12.683594
-0.65465465 	0.25 	0.819 	62.336126 	-10.007317 	-12.665064
-0.65585586 	0.25 	0.819 	62.361578 	-10.019385 	-12.645292
-0.65705706 	0.25 	0.819 	62.386922 	-10.030171 	-12.625487
-0.65825826 	0.25 	0.819 	62.411592 	-10.033052 	-12.605482
-0.65945946 	0.25 	0.819 	62.436262 	-10.035934 	-12.585476
-0.66066066 	0.25 	0.819 	62.460933 	-10.038815 	-12.56547
-0.66186186 	0.25 	0.819 	62.485603 	-10.041696 	-12.545464
-0.66306306 	0.25 	0.819 	62.510273 	-10.044578 	-12.525458
-0.66426426 	0.25 	0.819 	62.534944 	-10.047459 	-12.505452
-0.66546547 	0.25 	0.819 	62.559614 	-10.05034 	-12.485446
-0.66666667 	0.25 	0.819 	62.584276 	-10.053455 	-12.465241
-0.66786787 	0.25 	0.819 	62.60891 	-10.050519 	-12.444546
-0.66906907 	0.25 	0.819 	62.633538 	-10.040919 	-12.423808
-0.67027027 	0.25 	0.819 	62.65939 	-10.034201 	-12.403718
-0.67147147 	0.25 	0.819 	62.686422 	-10.030258 	-12.384254
-0.67267267 	0.25 	0.819 	62.712417 	-10.028777 	-12.364012
-0.67387387 	0.25 	0.819 	62.737465 	-10.028684 	-12.343609
-0.67507508 	0.25 	0.819 	62.762476 	-10.02833 	-12.323403
-0.67627628 	0.25 	0.819 	62.787487 	-10.027977 	-12.303198
-0.67747748 	0.25 	0.819 	62.812498 	-10.027623 	-12.282992
-0.67867868 	0.25 	0.819 	62.837509 	-10.02727 	-12.262786
-0.67987988 	0.25 	0.819 	62.86252 	-10.026916 	-12.24258
-0.68108108 	0.25 	0.819 	62.887531 	-10.026563 	-12.222374
-0.68228228 	0.25 	0.819 	62.912541 	-10.026209 	-12.202168
-0.68348348 	0.25 	0.819 	62.936921 	-10.030867 	-12.181926
-0.68468468 	0.25 	0.819 	62.961056 	-10.037466 	-12.161669
-0.68588589 	0.25 	0.819 	62.98659 	-10.04059 	-12.140949
-0.68708709 	0.25 	0.819 	63.012445 	-10.042917 	-12.120122
-0.68828829 	0.25 	0.819 	63.037783 	-10.044505 	-12.099949
-0.68948949 	0.25 	0.819 	63.063081 	-10.046034 	-12.079827
-0.69069069 	0.25 	0.819 	63.08838 	-10.047564 	-12.059705
-0.69189189 	0.25 	0.819 	63.113678 	-10.049093 	-12.039582
-0.69309309 	0.25 	0.819 	63.138976 	-10.050623 	-12.01946
-0.69429429 	0.25 	0.819 	63.164274 	-10.052153 	-11.999338
-0.6954955 	0.25 	0.819 	63.189572 	-10.053682 	-11.979216
-0.6966967 	0.25 	0.819 	63.21487 	-10.055212 	-11.959094
-0.6978979 	0.25 	0.819 	63.240555 	-10.057505 	-11.93827
-0.6990991 	0.25 	0.819 	63.265612 	-10.057533 	-11.918144
-0.7003003 	0.25 	0.819 	63.290799 	-10.057299 	-11.898099
-0.7015015 	0.25 	0.819 	63.317059 	-10.055688 	-11.878466
-0.7027027 	0.25 	0.819 	63.343402 	-10.054731 	-11.858329
-0.7039039 	0.25 	0.819 	63.369665 	-10.055135 	-11.837269
-0.70510511 	0.25 	0.819 	63.395342 	-10.055119 	-11.816783
-0.70630631 	0.25 	0.819 	63.421018 	-10.055103 	-11.796296
-0.70750751 	0.25 	0.819 	63.446695 	-10.055088 	-11.775809
-0.70870871 	0.25 	0.819 	63.472372 	-10.055072 	-11.755323
-0.70990991 	0.25 	0.819 	63.498048 	-10.055056 	-11.734836
-0.71111111 	0.25 	0.819 	63.523725 	-10.055041 	-11.71435
-0.71231231 	0.25 	0.819 	63.549402 	-10.055025 	-11.693863
-0.71351351 	0.25 	0.819 	63.57522 	-10.055672 	-11.673249
-0.71471471 	0.25 	0.819 	63.601692 	-10.059385 	-11.652044
-0.71591592 	0.25 	0.819 	63.628057 	-10.061113 	-11.630945
-0.71711712 	0.25 	0.819 	63.654275 	-10.060144 	-11.609992
-0.71831832 	0.25 	0.819 	63.680563 	-10.058428 	-11.589205
-0.71951952 	0.25 	0.819 	63.706881 	-10.056384 	-11.56849
-0.72072072 	0.25 	0.819 	63.733199 	-10.05434 	-11.547775
-0.72192192 	0.25 	0.819 	63.759517 	-10.052297 	-11.52706
-0.72312312 	0.25 	0.819 	63.785836 	-10.050253 	-11.506345
-0.72432432 	0.25 	0.819 	63.812154 	-10.04821 	-11.48563
-0.72552553 	0.25 	0.819 	63.838472 	-10.046166 	-11.464916
-0.72672673 	0.25 	0.819 	63.86479 	-10.044122 	-11.444201
-0.72792793 	0.25 	0.819 	63.892001 	-10.042243 	-11.423161
-0.72912913 	0.25 	0.819 	63.919198 	-10.039908 	-11.40186
-0.73033033 	0.25 	0.819 	63.945168 	-10.03667 	-11.380603
-0.73153153 	0.25 	0.819 	63.973505 	-10.03478 	-11.359539
-0.73273273 	0.25 	0.819 	64.002802 	-10.033257 	-11.338443
-0.73393393 	0.25 	0.819 	64.033012 	-10.029876 	-11.315996
-0.73513514 	0.25 	0.819 	64.063223 	-10.026495 	-11.293548
-0.73633634 	0.25 	0.819 	64.091178 	-10.022018 	-11.272953
-0.73753754 	0.25 	0.819 	64.11846 	-10.017214 	-11.25291
-0.73873874 	0.25 	0.819 	64.145743 	-10.012411 	-11.232868
-0.73993994 	0.25 	0.819 	64.173025 	-10.007608 	-11.212825
-0.74114114 	0.25 	0.819 	64.200308 	-10.002804 	-11.192782
-0.74234234 	0.25 	0.819 	64.22759 	-9.9980006 	-11.172739
-0.74354354 	0.25 	0.819 	64.254873 	-9.9931972 	-11.152697
-0.74474474 	0.25 	0.819 	64.277448 	-9.988339 	-11.134623
-0.74594595 	0.25 	0.819 	64.306393 	-9.9846393 	-11.113172
-0.74714715 	0.25 	0.819 	64.33493 	-9.9820585 	-11.091005
-0.74834835 	0.25 	0.819 	64.366621 	-9.9797983 	-11.067207
-0.74954955 	0.25 	0.819 	64.389954 	-9.976064 	-11.047349
-0.75075075 	0.25 	0.819 	64.41634 	-9.9716623 	-11.025666
-0.75195195 	0.25 	0.819 	64.442725 	-9.9672606 	-11.003983
-0.75315315 	0.25 	0.819 	64.469111 	-9.9628588 	-10.9823
-0.75435435 	0.25 	0.819 	64.494335 	-9.9565549 	-10.962031
-0.75555556 	0.25 	0.819 	64.519011 	-9.9493534 	-10.942429
-0.75675676 	0.25 	0.819 	64.543687 	-9.9421518 	-10.922828
-0.75795796 	0.25 	0.819 	64.568308 	-9.9352848 	-10.903058
-0.75915916 	0.25 	0.819 	64.592572 	-9.9306276 	-10.882178
-0.76036036 	0.25 	0.819 	64.616463 	-9.9212369 	-10.86275
-0.76156156 	0.25 	0.819 	64.642883 	-9.9128945 	-10.841977
-0.76276276 	0.25 	0.819 	64.674456 	-9.9077934 	-10.818165
-0.76396396 	0.25 	0.819 	64.701237 	-9.8975809 	-10.796876
-0.76516517 	0.25 	0.819 	64.726218 	-9.8874733 	-10.776204
-0.76636637 	0.25 	0.819 	64.75078 	-9.8787025 	-10.75546
-0.76756757 	0.25 	0.819 	64.775342 	-9.8699317 	-10.734716
-0.76876877 	0.25 	0.819 	64.799905 	-9.8611609 	-10.713972
-0.76996997 	0.25 	0.819 	64.823102 	-9.8525956 	-10.695639
-0.77117117 	0.25 	0.819 	64.84627 	-9.8440347 	-10.677359
-0.77237237 	0.25 	0.819 	64.869438 	-9.8354738 	-10.659078
-0.77357357 	0.25 	0.819 	64.891953 	-9.8278819 	-10.640875
-0.77477477 	0.25 	0.819 	64.913607 	-9.8217961 	-10.62295
-0.77597598 	0.25 	0.819 	64.935275 	-9.8169095 	-10.605951
-0.77717718 	0.25 	0.819 	64.964317 	-9.8067459 	-10.585676
-0.77837838 	0.25 	0.819 	64.996455 	-9.7935347 	-10.563709
-0.77957958 	0.25 	0.819 	65.019076 	-9.7806005 	-10.543474
-0.78078078 	0.25 	0.819 	65.041275 	-9.7701042 	-10.523489
-0.78198198 	0.25 	0.819 	65.063386 	-9.7601109 	-10.503554
-0.78318318 	0.25 	0.819 	65.085498 	-9.7501177 	-10.48362
-0.78438438 	0.25 	0.819 	65.10725 	-9.7396431 	-10.46412
-0.78558559 	0.25 	0.819 	65.12805 	-9.7278987 	-10.445767
-0.78678679 	0.25 	0.819 	65.14885 	-9.7161543 	-10.427413
-0.78798799 	0.25 	0.819 	65.169651 	-9.7044099 	-10.40906
-0.78918919 	0.25 	0.819 	65.190325 	-9.6924155 	-10.388694
-0.79039039 	0.25 	0.819 	65.216563 	-9.6778575 	-10.365741
-0.79159159 	0.25 	0.819 	65.249979 	-9.6601403 	-10.340448
-0.79279279 	0.25 	0.819 	65.274846 	-9.6527759 	-10.323966
-0.79399399 	0.25 	0.819 	65.296551 	-9.6426654 	-10.306943
-0.7951952 	0.25 	0.819 	65.314891 	-9.6277849 	-10.288039
-0.7963964 	0.25 	0.819 	65.334082 	-9.6146262 	-10.268143
-0.7975976 	0.25 	0.819 	65.352474 	-9.6017094 	-10.248386
-0.7987988 	0.25 	0.819 	65.361618 	-9.5915943 	-10.230232
-0.8 	0.25 	0.819 	65.382659 	-9.5813383 	-10.200563
-0.8012012 	0.25 	0.819 	65.411841 	-9.5708262 	-10.163349
-0.8024024 	0.25 	0.819 	65.426095 	-9.5577819 	-10.14626
-0.8036036 	0.25 	0.819 	65.440361 	-9.5447248 	-10.129153
-0.8048048 	0.25 	0.819 	65.455165 	-9.5310311 	-10.111136
-0.80600601 	0.25 	0.819 	65.462878 	-9.5150532 	-10.107979
-0.80720721 	0.25 	0.819 	65.473139 	-9.4981217 	-10.106121
-0.80840841 	0.25 	0.819 	65.500976 	-9.4805736 	-10.090912
-0.80960961 	0.25 	0.819 	65.518797 	-9.4648453 	-10.073852
-0.81081081 	0.25 	0.819 	65.532577 	-9.4499989 	-10.055934
-0.81201201 	0.25 	0.819 	65.547148 	-9.4352139 	-10.038011
-0.81321321 	0.25 	0.819 	65.558237 	-9.4223352 	-10.018892
-0.81441441 	0.25 	0.819 	65.564342 	-9.4121848 	-9.9980624
-0.81561562 	0.25 	0.819 	65.589001 	-9.4011737 	-9.9617651
-0.81681682 	0.25 	0.819 	65.611243 	-9.388481 	-9.9300358
-0.81801802 	0.25 	0.819 	65.621697 	-9.3723248 	-9.9138433
-0.81921922 	0.25 	0.819 	65.632481 	-9.356132 	-9.8972597
-0.82042042 	0.25 	0.819 	65.643152 	-9.3394303 	-9.8817138
-0.82162162 	0.25 	0.819 	65.645063 	-9.3182077 	-9.8861294
-0.82282282 	0.25 	0.819 	65.657429 	-9.29821 	-9.8816511
-0.82402402 	0.25 	0.819 	65.679801 	-9.2793847 	-9.8686617
-0.82522523 	0.25 	0.819 	65.689766 	-9.2617769 	-9.851386
-0.82642643 	0.25 	0.819 	65.699013 	-9.2444336 	-9.8336004
-0.82762763 	0.25 	0.819 	65.708393 	-9.2271572 	-9.8157532
-0.82882883 	0.25 	0.819 	65.713296 	-9.2118357 	-9.7941564
-0.83003003 	0.25 	0.819 	65.719196 	-9.1976406 	-9.7690143
-0.83123123 	0.25 	0.819 	65.738465 	-9.1860994 	-9.7312502
-0.83243243 	0.25 	0.819 	65.74936 	-9.1715736 	-9.704761
-0.83363363 	0.25 	0.819 	65.753184 	-9.1545276 	-9.6877914
-0.83483483 	0.25 	0.819 	65.758307 	-9.1368672 	-9.6702717
-0.83603604 	0.25 	0.819 	65.760693 	-9.1168681 	-9.6614803
-0.83723724 	0.25 	0.819 	65.758335 	-9.0943193 	-9.6646861
-0.83843844 	0.25 	0.819 	65.769481 	-9.0729619 	-9.6568365
-0.83963964 	0.25 	0.819 	65.782339 	-9.0522973 	-9.6449805
-0.84084084 	0.25 	0.819 	65.785736 	-9.0338386 	-9.626247
-0.84204204 	0.25 	0.819 	65.790216 	-9.0141209 	-9.6072564
-0.84324324 	0.25 	0.819 	65.794396 	-8.9947082 	-9.5873476
-0.84444444 	0.25 	0.819 	65.795958 	-8.9779617 	-9.5595452
-0.84564565 	0.25 	0.819 	65.804514 	-8.9643661 	-9.5277638
-0.84684685 	0.25 	0.819 	65.821819 	-8.9547131 	-9.4910038
-0.84804805 	0.25 	0.819 	65.828747 	-8.9368999 	-9.4677948
-0.84924925 	0.25 	0.819 	65.832461 	-8.9165597 	-9.4487819
-0.85045045 	0.25 	0.819 	65.829065 	-8.8987371 	-9.4323853
-0.85165165 	0.25 	0.819 	65.819473 	-8.8805445 	-9.4308021
-0.85285285 	0.25 	0.819 	65.810393 	-8.861063 	-9.4310005
-0.85405405 	0.25 	0.819 	65.820953 	-8.829904 	-9.410922
-0.85525526 	0.25 	0.819 	65.828159 	-8.8022436 	-9.391839
-0.85645646 	0.25 	0.819 	65.830012 	-8.7816113 	-9.3743561
-0.85765766 	0.25 	0.819 	65.834822 	-8.7615595 	-9.3560254
-0.85885886 	0.25 	0.819 	65.839633 	-8.7415076 	-9.3376946
-0.86006006 	0.25 	0.819 	65.844443 	-8.7214558 	-9.3193639
-0.86126126 	0.25 	0.819 	65.845 	-8.7006167 	-9.2999012
-0.86246246 	0.25 	0.819 	65.843967 	-8.6794835 	-9.2800155
-0.86366366 	0.25 	0.819 	65.842934 	-8.6583502 	-9.2601297
-0.86486486 	0.25 	0.819 	65.840208 	-8.6374357 	-9.240308
-0.86606607 	0.25 	0.819 	65.836631 	-8.6161009 	-9.2202066
-0.86726727 	0.25 	0.819 	65.860793 	-8.5887151 	-9.1976363
-0.86846847 	0.25 	0.819 	65.86791 	-8.5665728 	-9.1752444
-0.86966967 	0.25 	0.819 	65.865655 	-8.5512338 	-9.1525677
-0.87087087 	0.25 	0.819 	65.865007 	-8.5316336 	-9.1304429
-0.87207207 	0.25 	0.819 	65.870755 	-8.5085541 	-9.108656
-0.87327327 	0.25 	0.819 	65.873966 	-8.4861726 	-9.0869727
-0.87447447 	0.25 	0.819 	65.877177 	-8.4637912 	-9.0652894
-0.87567568 	0.25 	0.819 	65.880296 	-8.4413861 	-9.043644
-0.87687688 	0.25 	0.819 	65.876286 	-8.4171659 	-9.0249035
-0.87807808 	0.25 	0.819 	65.872276 	-8.3929457 	-9.0061629
-0.87927928 	0.25 	0.819 	65.868266 	-8.3687255 	-8.9874224
-0.88048048 	0.25 	0.819 	65.857933 	-8.3450966 	-8.9694216
-0.88168168 	0.25 	0.819 	65.862372 	-8.3191788 	-8.9505361
-0.88288288 	0.25 	0.819 	65.876024 	-8.2906147 	-8.9308025
-0.88408408 	0.25 	0.819 	65.879789 	-8.2669515 	-8.9097308
-0.88528529 	0.25 	0.819 	65.862712 	-8.246342 	-8.8890648
-0.88648649 	0.25 	0.819 	65.867517 	-8.2219481 	-8.8674733
-0.88768769 	0.25 	0.819 	65.873119 	-8.1988827 	-8.8462287
-0.88888889 	0.25 	0.819 	65.877955 	-8.1761722 	-8.8250848
-0.89009009 	0.25 	0.819 	65.882791 	-8.1534617 	-8.8039409
-0.89129129 	0.25 	0.819 	65.883303 	-8.1299063 	-8.7821146
-0.89249249 	0.25 	0.819 	65.873917 	-8.1044172 	-8.7587265
-0.89369369 	0.25 	0.819 	65.864532 	-8.0789281 	-8.7353384
-0.89489489 	0.25 	0.819 	65.855147 	-8.053439 	-8.7119503
-0.8960961 	0.25 	0.819 	65.840073 	-8.0293625 	-8.6881041
-0.8972973 	0.25 	0.819 	65.815921 	-8.0030197 	-8.6659421
-0.8984985 	0.25 	0.819 	65.788652 	-7.9754978 	-8.6445727
-0.8996997 	0.25 	0.819 	65.816008 	-7.9501586 	-8.619232
-0.9009009 	0.25 	0.819 	65.842337 	-7.9239849 	-8.5935613
-0.9021021 	0.25 	0.819 	65.853905 	-7.8945358 	-8.5677605
-0.9033033 	0.25 	0.819 	65.859106 	-7.8652621 	-8.543599
-0.9045045 	0.25 	0.819 	65.864307 	-7.8359885 	-8.5194376
-0.90570571 	0.25 	0.819 	65.869508 	-7.8067148 	-8.4952761
-0.90690691 	0.25 	0.819 	65.86726 	-7.776307 	-8.4717808
-0.90810811 	0.25 	0.819 	65.859932 	-7.7451261 	-8.4487398
-0.90930931 	0.25 	0.819 	65.852604 	-7.7139452 	-8.4256987
-0.91051051 	0.25 	0.819 	65.844945 	-7.6828293 	-8.4026748
-0.91171171 	0.25 	0.819 	65.829571 	-7.6532293 	-8.3800488
-0.91291291 	0.25 	0.819 	65.826343 	-7.619364 	-8.356861
-0.91411411 	0.25 	0.819 	65.826848 	-7.5860836 	-8.3337079
-0.91531532 	0.25 	0.819 	65.835149 	-7.5561369 	-8.3108583
-0.91651652 	0.25 	0.819 	65.848429 	-7.5242236 	-8.2862006
-0.91771772 	0.25 	0.819 	65.861693 	-7.4910024 	-8.2606844
-0.91891892 	0.25 	0.819 	65.87013 	-7.4579658 	-8.2357886
-0.92012012 	0.25 	0.819 	65.878567 	-7.4249293 	-8.2108929
-0.92132132 	0.25 	0.819 	65.887005 	-7.3918927 	-8.1859971
-0.92252252 	0.25 	0.819 	65.879218 	-7.3579893 	-8.1617423
-0.92372372 	0.25 	0.819 	65.869163 	-7.3239645 	-8.1375772
-0.92492492 	0.25 	0.819 	65.859107 	-7.2899398 	-8.113412
-0.92612613 	0.25 	0.819 	65.850661 	-7.2549477 	-8.0884996
-0.92732733 	0.25 	0.819 	65.847762 	-7.2160505 	-8.0611769
-0.92852853 	0.25 	0.819 	65.852931 	-7.1701585 	-8.0307272
-0.92972973 	0.25 	0.819 	65.842742 	-7.1317404 	-8.0086814
-0.93093093 	0.25 	0.819 	65.818276 	-7.1002701 	-7.994448
-0.93213213 	0.25 	0.819 	65.825589 	-7.0667677 	-7.9707426
-0.93333333 	0.25 	0.819 	65.832316 	-7.0318082 	-7.9445429
-0.93453453 	0.25 	0.819 	65.836464 	-6.9964231 	-7.9180572
-0.93573574 	0.25 	0.819 	65.859139 	-6.9698796 	-7.8889133
-0.93693694 	0.25 	0.819 	65.880148 	-6.9431889 	-7.8596603
-0.93813814 	0.25 	0.819 	65.869249 	-6.9046023 	-7.8331958
-0.93933934 	0.25 	0.819 	65.871742 	-6.8692635 	-7.8056909
-0.94054054 	0.25 	0.819 	65.88468 	-6.8364579 	-7.7773745
-0.94174174 	0.25 	0.819 	65.897585 	-6.8036802 	-7.7489863
-0.94294294 	0.25 	0.819 	65.913831 	-6.7709719 	-7.7203065
-0.94414414 	0.25 	0.819 	65.936 	-6.7383549 	-7.6911938
-0.94534535 	0.25 	0.819 	65.931349 	-6.696425 	-7.6637213
-0.94654655 	0.25 	0.819 	65.928345 	-6.6541272 	-7.6361456
-0.94774775 	0.25 	0.819 	65.946795 	-6.6167792 	-7.6072513
-0.94894895 	0.25 	0.819 	65.965361 	-6.5794349 	-7.5784268
-0.95015015 	0.25 	0.819 	65.983928 	-6.5420906 	-7.5496023
-0.95135135 	0.25 	0.819 	66.021482 	-6.5082062 	-7.51919
-0.95255255 	0.25 	0.819 	66.039946 	-6.4790932 	-7.4890792
-0.95375375 	0.25 	0.819 	66.034061 	-6.4558356 	-7.4593895
-0.95495495 	0.25 	0.819 	66.059728 	-6.4180776 	-7.4297775
-0.95615616 	0.25 	0.819 	66.087596 	-6.3793081 	-7.400171
-0.95735736 	0.25 	0.819 	66.11532 	-6.3404931 	-7.3705
-0.95855856 	0.25 	0.819 	66.154186 	-6.2953509 	-7.3407101
-0.95975976 	0.25 	0.819 	66.197578 	-6.2473104 	-7.3106454
-0.96096096 	0.25 	0.819 	66.195101 	-6.2218742 	-7.2787131
-0.96216216 	0.25 	0.819 	66.217422 	-6.1844963 	-7.2478976
-0.96336336 	0.25 	0.819 	66.252579 	-6.1409735 	-7.2176855
-0.96456456 	0.25 	0.819 	66.287878 	-6.097473 	-7.1875418
-0.96576577 	0.25 	0.819 	66.325671 	-6.0520896 	-7.1574754
-0.96696697 	0.25 	0.819 	66.38287 	-5.9920507 	-7.1280099
-0.96816817 	0.25 	0.819 	66.400958 	-5.9509337 	-7.0944636
-0.96936937 	0.25 	0.819 	66.414612 	-5.9148209 	-7.0607952
-0.97057057 	0.25 	0.819 	66.454037 	-5.8735355 	-7.0306852
-0.97177177 	0.25 	0.819 	66.493422 	-5.8322468 	-7.0005514
-0.97297297 	0.25 	0.819 	66.532571 	-5.7909398 	-6.9702812
-0.97417417 	0.25 	0.819 	66.596573 	-5.7379555 	-6.9430274
-0.97537538 	0.25 	0.819 	66.641946 	-5.6850371 	-6.9116916
-0.97657658 	0.25 	0.819 	66.651853 	-5.6325321 	-6.8726456
-0.97777778 	0.25 	0.819 	66.687296 	-5.5875145 	-6.8388803
-0.97897898 	0.25 	0.819 	66.735503 	-5.5461461 	-6.8078096
-0.98018018 	0.25 	0.819 	66.783869 	-5.5047476 	-6.7768171
-0.98138138 	0.25 	0.819 	66.846132 	-5.4658023 	-6.7489733
-0.98258258 	0.25 	0.819 	66.91705 	-5.4283848 	-6.7230905
-0.98378378 	0.25 	0.819 	66.9419 	-5.3603796 	-6.6822196
-0.98498498 	0.25 	0.819 	66.985968 	-5.3058093 	-6.6461483
-0.98618619 	0.25 	0.819 	67.045633 	-5.2621415 	-6.6139778
-0.98738739 	0.25 	0.819 	67.105098 	-5.2185533 	-6.5817183
-0.98858859 	0.25 	0.819 	67.164332 	-5.1750569 	-6.549356
-0.98978979 	0.25 	0.819 	67.233511 	-5.1423897 	-6.5209976
-0.99099099 	0.25 	0.819 	67.287025 	-5.0798208 	-6.4842888
-0.99219219 	0.25 	0.819 	67.349058 	-5.031205 	-6.4512726
-0.99339339 	0.25 	0.819 	67.415704 	-4.9903142 	-6.4204303
-0.99459459 	0.25 	0.819 	67.482822 	-4.9492451 	-6.3898817
-0.9957958 	0.25 	0.819 	67.550017 	-4.9081467 	-6.3593814
-0.996997 	0.25 	0.819 	67.617213 	-4.8670483 	-6.3288812
-0.9981982 	0.25 	0.819 	67.684978 	-4.8192153 	-6.2962918
-0.9993994 	0.25 	0.819 	67.763176 	-4.7425069 	-6.257663
-1.0006006 	0.25 	0.819 	67.851064 	-4.6774405 	-6.2225842
-1.0018018 	0.25 	0.819 	67.938952 	-4.6123741 	-6.1875053
-1.003003 	0.25 	0.819 	68.026786 	-4.5473258 	-6.1523117
-1.0042042 	0.25 	0.819 	68.115399 	-4.4901657 	-6.1178009
-1.0054054 	0.25 	0.819 	68.21488 	-4.492878 	-6.098831
-1.0066066 	0.25 	0.819 	68.30952 	-4.4917885 	-6.0781587
-1.0078078 	0.25 	0.819 	68.332907 	-4.4347304 	-6.0324251
-1.009009 	0.25 	0.819 	68.368122 	-4.3774953 	-5.9873775
-1.0102102 	0.25 	0.819 	68.497498 	-4.318604 	-5.9481196
-1.0114114 	0.25 	0.819 	68.627275 	-4.2594884 	-5.9091762
-1.0126126 	0.25 	0.819 	68.773311 	-4.2033257 	-5.8748098
-1.0138138 	0.25 	0.819 	68.88704 	-4.1477354 	-5.8383612
-1.015015 	0.25 	0.819 	68.904366 	-4.0931104 	-5.7948912
-1.0162162 	0.25 	0.819 	69.007099 	-4.0356559 	-5.756793
-1.0174174 	0.25 	0.819 	69.12032 	-3.9778539 	-5.7193545
-1.0186186 	0.25 	0.819 	69.232776 	-3.9204315 	-5.6817031
-1.0198198 	0.25 	0.819 	69.345095 	-3.863077 	-5.6440136
-1.021021 	0.25 	0.819 	69.466031 	-3.8038477 	-5.6086004
-1.0222222 	0.25 	0.819 	69.555926 	-3.7445357 	-5.568864
-1.0234234 	0.25 	0.819 	69.672615 	-3.6821385 	-5.5300837
-1.0246246 	0.25 	0.819 	69.799955 	-3.6227992 	-5.4929697
-1.0258258 	0.25 	0.819 	69.930382 	-3.5639327 	-5.4564325
-1.027027 	0.25 	0.819 	70.060808 	-3.5050661 	-5.4198953
-1.0282282 	0.25 	0.819 	69.91415 	-3.4236535 	-5.3951812
-1.0294294 	0.25 	0.819 	70.173605 	-3.3696793 	-5.3495912
-1.0306306 	0.25 	0.819 	70.477509 	-3.3184811 	-5.3020427
-1.0318318 	0.25 	0.819 	70.610603 	-3.254378 	-5.2634704
-1.033033 	0.25 	0.819 	70.743406 	-3.1904112 	-5.2247898
-1.0342342 	0.25 	0.819 	70.639134 	-3.1035599 	-5.1959935
-1.0354354 	0.25 	0.819 	70.414696 	-3.0048979 	-5.1723617
-1.0366366 	0.25 	0.819 	70.498044 	-2.9331616 	-5.1329969
-1.0378378 	0.25 	0.819 	70.887725 	-2.8883848 	-5.0781761
-1.039039 	0.25 	0.819 	71.277406 	-2.8436081 	-5.0233552
-1.0402402 	0.25 	0.819 	71.326153 	-2.764223 	-4.9833732
-1.0414414 	0.25 	0.819 	71.113538 	-2.6603241 	-4.9557625
-1.0426426 	0.25 	0.819 	70.900922 	-2.5564253 	-4.9281517
-1.0438438 	0.25 	0.819 	71.011509 	-2.4983538 	-4.8831673
-1.045045 	0.25 	0.819 	71.291864 	-2.4643539 	-4.8290572
-1.0462462 	0.25 	0.819 	71.551356 	-2.4235824 	-4.7761448
-1.0474474 	0.25 	0.819 	71.625248 	-2.3225662 	-4.7338885
-1.0486486 	0.25 	0.819 	71.700532 	-2.221061 	-4.6920152
-1.0498498 	0.25 	0.819 	71.775838 	-2.119548 	-4.6501479
-1.0510511 	0.25 	0.819 	71.851143 	-2.0180351 	-4.6082806
-1.0522523 	0.25 	0.819 	71.761065 	-1.8684027 	-4.5762122
-1.0534535 	0.25 	0.819 	71.824193 	-1.7423728 	-4.5358965
-1.0546547 	0.25 	0.819 	72.043439 	-1.6452249 	-4.4843672
-1.0558559 	0.25 	0.819 	72.145607 	-1.5316631 	-4.4372762
-1.0570571 	0.25 	0.819 	72.247265 	-1.4182663 	-4.3900654
-1.0582583 	0.25 	0.819 	72.347725 	-1.3052569 	-4.3425729
-1.0594595 	0.25 	0.819 	72.404958 	-1.1869402 	-4.2963411
-1.0606607 	0.25 	0.819 	72.536478 	-1.0785586 	-4.246826
-1.0618619 	0.25 	0.819 	72.642898 	-0.96036419 	-4.1970914
-1.0630631 	0.25 	0.819 	72.749781 	-0.84206243 	-4.1474469
-1.0642643 	0.25 	0.819 	72.85694 	-0.72414607 	-4.0984157
-1.0654655 	0.25 	0.819 	72.962867 	-0.60700192 	-4.0497504
-1.0666667 	0.25 	0.819 	72.986565 	-0.48864582 	-4.0063154
-1.0678679 	0.25 	0.819 	73.198424 	-0.36033982 	-3.9491095
-1.0690691 	0.25 	0.819 	73.313799 	-0.23234236 	-3.8982075
-1.0702703 	0.25 	0.819 	73.429175 	-0.10434489 	-3.8473055
-1.0714715 	0.25 	0.819 	73.543852 	0.023492091 	-3.7962636
-1.0726727 	0.25 	0.819 	73.657161 	0.15101433 	-3.7449473
-1.0738739 	0.25 	0.819 	73.738919 	0.27805252 	-3.6956814
-1.0750751 	0.25 	0.819 	73.913866 	0.41414765 	-3.6395736
-1.0762763 	0.25 	0.819 	74.03159 	0.55315999 	-3.5864302
-1.0774775 	0.25 	0.819 	74.149313 	0.69217234 	-3.5332869
-1.0786787 	0.25 	0.819 	74.268764 	0.83163117 	-3.4804336
-1.0798799 	0.25 	0.819 	74.388762 	0.97123167 	-3.4276723
-1.0810811 	0.25 	0.819 	74.508761 	1.1108322 	-3.3749111
-1.0822823 	0.25 	0.819 	74.542543 	1.2552695 	-3.3271378
-1.0834835 	0.25 	0.819 	74.770437 	1.4203939 	-3.2653766
-1.0846847 	0.25 	0.819 	74.890976 	1.5795027 	-3.2106534
-1.0858859 	0.25 	0.819 	75.011514 	1.7386114 	-3.1559301
-1.0870871 	0.25 	0.819 	75.129991 	1.8971216 	-3.1009276
-1.0882883 	0.25 	0.819 	75.247988 	2.0549469 	-3.0460619
-1.0894895 	0.25 	0.819 	75.360488 	2.2135883 	-2.9912914
-1.0906907 	0.25 	0.819 	75.468734 	2.3898387 	-2.9336873
-1.0918919 	0.25 	0.819 	75.57698 	2.5660892 	-2.8760831
-1.0930931 	0.25 	0.819 	75.687009 	2.7428413 	-2.8188274
-1.0942943 	0.25 	0.819 	75.797518 	2.9197285 	-2.7616655
-1.0954955 	0.25 	0.819 	75.861042 	3.1186605 	-2.6998219
-1.0966967 	0.25 	0.819 	75.944902 	3.294996 	-2.6448515
-1.0978979 	0.25 	0.819 	76.052303 	3.453757 	-2.592499
-1.0990991 	0.25 	0.819 	76.137721 	3.6195008 	-2.5358244
-1.1003003 	0.25 	0.819 	76.223289 	3.7852888 	-2.4791847
-1.1015015 	0.25 	0.819 	76.310871 	3.9516688 	-2.4230116
-1.1027027 	0.25 	0.819 	76.398454 	4.1180488 	-2.3668384
-1.1039039 	0.25 	0.819 	76.432924 	4.3006476 	-2.3093243
-1.1051051 	0.25 	0.819 	76.463048 	4.4845737 	-2.2517003
-1.1063063 	0.25 	0.819 	76.520273 	4.594768 	-2.1953169
-1.1075075 	0.25 	0.819 	76.617569 	4.5959411 	-2.1407677
-1.1087087 	0.25 	0.819 	76.714866 	4.5971141 	-2.0862185
-1.1099099 	0.25 	0.819 	76.76494 	4.7644664 	-2.026809
-1.1111111 	0.25 	0.819 	76.762623 	5.1233269 	-1.9614453
-1.1123123 	0.25 	0.819 	76.761793 	5.4818993 	-1.8959777
-1.1135135 	0.25 	0.819 	76.791745 	5.6908182 	-1.8370062
-1.1147147 	0.25 	0.819 	76.849226 	5.765895 	-1.7838445
-1.1159159 	0.25 	0.819 	76.863775 	5.9858497 	-1.7217065
-1.1171171 	0.25 	0.819 	76.870264 	6.2331798 	-1.658459
-1.1183183 	0.25 	0.819 	76.876709 	6.4807186 	-1.5953985
-1.1195195 	0.25 	0.819 	76.883154 	6.7282575 	-1.532338
-1.1207207 	0.25 	0.819 	76.887645 	6.9812104 	-1.4688413
-1.1219219 	0.25 	0.819 	76.898787 	7.2393837 	-1.4050889
-1.1231231 	0.25 	0.819 	76.909928 	7.497557 	-1.3413365
-1.1243243 	0.25 	0.819 	76.921069 	7.7557303 	-1.277584
-1.1255255 	0.25 	0.819 	76.932406 	8.0131594 	-1.2132533
-1.1267267 	0.25 	0.819 	76.98241 	8.2902413 	-1.1535488
-1.1279279 	0.25 	0.819 	77.079959 	8.5923311 	-1.0998706
-1.1291291 	0.25 	0.819 	77.011881 	8.8179428 	-1.0275712
-1.1303303 	0.25 	0.819 	76.949354 	9.0537158 	-0.95522935
-1.1315315 	0.25 	0.819 	76.933063 	9.3750187 	-0.88297036
-1.1327327 	0.25 	0.819 	76.976554 	9.7406472 	-0.81746554
-1.1339339 	0.25 	0.819 	77.111348 	10.172861 	-0.76102643
-1.1351351 	0.25 	0.819 	77.225374 	10.589016 	-0.70381252
-1.1363363 	0.25 	0.819 	77.169987 	10.874178 	-0.64027853
-1.1375375 	0.25 	0.819 	77.1146 	11.15934 	-0.57674454
-1.1387387 	0.25 	0.819 	77.078821 	11.461815 	-0.51568425
-1.1399399 	0.25 	0.819 	77.07258 	11.790362 	-0.45805689
-1.1411411 	0.25 	0.819 	77.08966 	12.137533 	-0.40025845
-1.1423423 	0.25 	0.819 	77.15483 	12.522834 	-0.34420508
-1.1435435 	0.25 	0.819 	77.22 	12.908136 	-0.28815172
-1.1447447 	0.25 	0.819 	77.166 	13.327841 	-0.22556576
-1.1459459 	0.25 	0.819 	77.110266 	13.748432 	-0.16252163
-1.1471471 	0.25 	0.819 	77.086239 	14.161063 	-0.10020051
-1.1483483 	0.25 	0.819 	77.061422 	14.574632 	-0.039118161
-1.1495495 	0.25 	0.819 	77.050964 	14.981579 	0.021450008
-1.1507508 	0.25 	0.819 	77.115164 	15.354098 	0.079344525
-1.151952 	0.25 	0.819 	77.1406 	15.738431 	0.1357003
-1.1531532 	0.25 	0.819 	77.119955 	16.136806 	0.19022693
-1.1543544 	0.25 	0.819 	77.081238 	16.569332 	0.24826956
-1.1555556 	0.25 	0.819 	77.037763 	17.010851 	0.30723795
-1.1567568 	0.25 	0.819 	76.99465 	17.451109 	0.36709195
-1.157958 	0.25 	0.819 	76.949916 	17.896639 	0.42899535
-1.1591592 	0.25 	0.819 	76.902857 	18.349753 	0.49343765
-1.1603604 	0.25 	0.819 	76.839554 	18.821922 	0.55414996
-1.1615616 	0.25 	0.819 	76.749277 	19.303464 	0.61493238
-1.1627628 	0.25 	0.819 	76.631953 	19.793511 	0.67601379
-1.163964 	0.25 	0.819 	76.514534 	20.284664 	0.7364263
-1.1651652 	0.25 	0.819 	76.397114 	20.775817 	0.79683882
-1.1663664 	0.25 	0.819 	76.210697 	21.241515 	0.85866843
-1.1675676 	0.25 	0.819 	76.033631 	21.718902 	0.91995865
-1.1687688 	0.25 	0.819 	75.875111 	22.214655 	0.98038216
-1.16997 	0.25 	0.819 	75.649222 	22.700864 	1.0404943
-1.1711712 	0.25 	0.819 	75.405395 	23.184532 	1.1005235
-1.1723724 	0.25 	0.819 	75.161512 	23.666909 	1.1610189
-1.1735736 	0.25 	0.819 	74.824737 	24.094797 	1.2201321
-1.1747748 	0.25 	0.819 	74.440096 	24.494805 	1.27846
-1.175976 	0.25 	0.819 	74.090676 	24.914585 	1.3374207
-1.1771772 	0.25 	0.819 	73.745251 	25.336608 	1.3964531
-1.1783784 	0.25 	0.819 	73.311558 	25.737966 	1.4542595
-1.1795796 	0.25 	0.819 	72.866976 	26.138421 	1.5114306
-1.1807808 	0.25 	0.819 	72.364271 	26.500079 	1.566704
-1.181982 	0.25 	0.819 	71.781126 	26.807945 	1.6193791
-1.1831832 	0.25 	0.819 	71.20245 	27.120623 	1.6725259
-1.1843844 	0.25 	0.819 	70.637456 	27.448035 	1.7271171
-1.1855856 	0.25 	0.819 	70.072463 	27.775446 	1.7817083
-1.1867868 	0.25 	0.819 	69.424033 	28.018255 	1.832382
-1.187988 	0.25 	0.819 	68.765095 	28.239403 	1.8820783
-1.1891892 	0.25 	0.819 	68.058227 	28.347783 	1.9247453
-1.1903904 	0.25 	0.819 	67.351358 	28.456163 	1.9674123
-1.1915916 	0.25 	0.819 	66.646957 	28.539595 	2.0102656
-1.1927928 	0.25 	0.819 	65.943156 	28.616953 	2.0531644
-1.193994 	0.25 	0.819 	65.236356 	28.679597 	2.095724
-1.1951952 	0.25 	0.819 	64.512793 	28.670052 	2.1362032
-1.1963964 	0.25 	0.819 	63.839319 	28.577002 	2.1719475
-1.1975976 	0.25 	0.819 	63.170345 	28.47645 	2.2072723
-1.1987988 	0.25 	0.819 	62.500453 	28.37045 	2.2411188
-1.2 	0.25 	0.819 	61.826456 	28.240105 	2.2683605
