0 	0.25 	0.91 	54.366331 	3.2540177 	-16.527553
-0.0012012012 	0.25 	0.91 	54.372959 	3.2461364 	-16.524828
-0.0024024024 	0.25 	0.91 	54.379587 	3.2382552 	-16.522103
-0.0036036036 	0.25 	0.91 	54.386215 	3.2303739 	-16.519378
-0.0048048048 	0.25 	0.91 	54.392843 	3.2224926 	-16.516653
-0.006006006 	0.25 	0.91 	54.399471 	3.2146113 	-16.513927
-0.0072072072 	0.25 	0.91 	54.406099 	3.2067301 	-16.511202
-0.0084084084 	0.25 	0.91 	54.412727 	3.1988488 	-16.508477
-0.0096096096 	0.25 	0.91 	54.419356 	3.1909675 	-16.505752
-0.010810811 	0.25 	0.91 	54.425984 	3.1830862 	-16.503027
-0.012012012 	0.25 	0.91 	54.432612 	3.175205 	-16.500302
-0.013213213 	0.25 	0.91 	54.439429 	3.1665736 	-16.498331
-0.014414414 	0.25 	0.91 	54.446816 	3.1556756 	-16.498639
-0.015615616 	0.25 	0.91 	54.454203 	3.1447776 	-16.498946
-0.016816817 	0.25 	0.91 	54.46159 	3.1338796 	-16.499254
-0.018018018 	0.25 	0.91 	54.468977 	3.1229815 	-16.499562
-0.019219219 	0.25 	0.91 	54.476364 	3.1120835 	-16.49987
-0.02042042 	0.25 	0.91 	54.483751 	3.1011855 	-16.500178
-0.021621622 	0.25 	0.91 	54.491138 	3.0902875 	-16.500486
-0.022822823 	0.25 	0.91 	54.498525 	3.0793895 	-16.500794
-0.024024024 	0.25 	0.91 	54.505912 	3.0684915 	-16.501101
-0.025225225 	0.25 	0.91 	54.513299 	3.0575934 	-16.501409
-0.026426426 	0.25 	0.91 	54.520686 	3.0466954 	-16.501717
-0.027627628 	0.25 	0.91 	54.528073 	3.0357974 	-16.502025
-0.028828829 	0.25 	0.91 	54.53546 	3.0248994 	-16.502333
-0.03003003 	0.25 	0.91 	54.542847 	3.0140014 	-16.502641
-0.031231231 	0.25 	0.91 	54.550234 	3.0031034 	-16.502949
-0.032432432 	0.25 	0.91 	54.557621 	2.9922053 	-16.503257
-0.033633634 	0.25 	0.91 	54.565008 	2.9813073 	-16.503564
-0.034834835 	0.25 	0.91 	54.572395 	2.9704093 	-16.503872
-0.036036036 	0.25 	0.91 	54.579782 	2.9595113 	-16.50418
-0.037237237 	0.25 	0.91 	54.587169 	2.9486133 	-16.504488
-0.038438438 	0.25 	0.91 	54.594557 	2.9377252 	-16.504794
-0.03963964 	0.25 	0.91 	54.60217 	2.9281884 	-16.504876
-0.040840841 	0.25 	0.91 	54.609782 	2.9186516 	-16.504958
-0.042042042 	0.25 	0.91 	54.617394 	2.9091149 	-16.50504
-0.043243243 	0.25 	0.91 	54.625006 	2.8995781 	-16.505123
-0.044444444 	0.25 	0.91 	54.632618 	2.8900413 	-16.505205
-0.045645646 	0.25 	0.91 	54.64023 	2.8805045 	-16.505287
-0.046846847 	0.25 	0.91 	54.647916 	2.8717293 	-16.505612
-0.048048048 	0.25 	0.91 	54.655781 	2.8648197 	-16.506532
-0.049249249 	0.25 	0.91 	54.663647 	2.8579102 	-16.507452
-0.05045045 	0.25 	0.91 	54.671512 	2.8510006 	-16.508373
-0.051651652 	0.25 	0.91 	54.679378 	2.844091 	-16.509293
-0.052852853 	0.25 	0.91 	54.687243 	2.8371815 	-16.510213
-0.054054054 	0.25 	0.91 	54.695109 	2.8302719 	-16.511133
-0.055255255 	0.25 	0.91 	54.702974 	2.8233624 	-16.512054
-0.056456456 	0.25 	0.91 	54.71084 	2.8164528 	-16.512974
-0.057657658 	0.25 	0.91 	54.718705 	2.8095432 	-16.513894
-0.058858859 	0.25 	0.91 	54.726571 	2.8026337 	-16.514814
-0.06006006 	0.25 	0.91 	54.734437 	2.7957241 	-16.515735
-0.061261261 	0.25 	0.91 	54.742673 	2.7822564 	-16.518738
-0.062462462 	0.25 	0.91 	54.750927 	2.7684938 	-16.521835
-0.063663664 	0.25 	0.91 	54.75918 	2.7547311 	-16.524932
-0.064864865 	0.25 	0.91 	54.767433 	2.7409685 	-16.528029
-0.066066066 	0.25 	0.91 	54.775687 	2.7272059 	-16.531126
-0.067267267 	0.25 	0.91 	54.78394 	2.7134433 	-16.534224
-0.068468468 	0.25 	0.91 	54.792194 	2.6996806 	-16.537321
-0.06966967 	0.25 	0.91 	54.800447 	2.685918 	-16.540418
-0.070870871 	0.25 	0.91 	54.8087 	2.6721554 	-16.543515
-0.072072072 	0.25 	0.91 	54.816954 	2.6583928 	-16.546612
-0.073273273 	0.25 	0.91 	54.825207 	2.6446301 	-16.549709
-0.074474474 	0.25 	0.91 	54.834455 	2.6338065 	-16.552115
-0.075675676 	0.25 	0.91 	54.844149 	2.6242981 	-16.554212
-0.076876877 	0.25 	0.91 	54.853842 	2.6147896 	-16.556308
-0.078078078 	0.25 	0.91 	54.863536 	2.6052812 	-16.558405
-0.079279279 	0.25 	0.91 	54.873229 	2.5957727 	-16.560502
-0.08048048 	0.25 	0.91 	54.882923 	2.5862643 	-16.562598
-0.081681682 	0.25 	0.91 	54.892575 	2.5764868 	-16.564779
-0.082882883 	0.25 	0.91 	54.902032 	2.565412 	-16.567362
-0.084084084 	0.25 	0.91 	54.911488 	2.5543372 	-16.569945
-0.085285285 	0.25 	0.91 	54.920944 	2.5432624 	-16.572528
-0.086486486 	0.25 	0.91 	54.9304 	2.5321876 	-16.575111
-0.087687688 	0.25 	0.91 	54.939857 	2.5211127 	-16.577694
-0.088888889 	0.25 	0.91 	54.949313 	2.5100379 	-16.580277
-0.09009009 	0.25 	0.91 	54.958769 	2.4989631 	-16.58286
-0.091291291 	0.25 	0.91 	54.968225 	2.4878883 	-16.585443
-0.092492492 	0.25 	0.91 	54.977682 	2.4768135 	-16.588026
-0.093693694 	0.25 	0.91 	54.987138 	2.4657387 	-16.590609
-0.094894895 	0.25 	0.91 	54.996594 	2.4546639 	-16.593192
-0.096096096 	0.25 	0.91 	55.00605 	2.4435891 	-16.595775
-0.097297297 	0.25 	0.91 	55.015507 	2.4325143 	-16.598358
-0.098498498 	0.25 	0.91 	55.024963 	2.4214395 	-16.600941
-0.0996997 	0.25 	0.91 	55.034419 	2.4103647 	-16.603524
-0.1009009 	0.25 	0.91 	55.043875 	2.3992899 	-16.606108
-0.1021021 	0.25 	0.91 	55.053331 	2.3882151 	-16.608691
-0.1033033 	0.25 	0.91 	55.062788 	2.3771403 	-16.611274
-0.1045045 	0.25 	0.91 	55.072244 	2.3660655 	-16.613857
-0.10570571 	0.25 	0.91 	55.0817 	2.3549907 	-16.61644
-0.10690691 	0.25 	0.91 	55.091156 	2.3439159 	-16.619023
-0.10810811 	0.25 	0.91 	55.10171 	2.3325179 	-16.626379
-0.10930931 	0.25 	0.91 	55.113245 	2.320831 	-16.638003
-0.11051051 	0.25 	0.91 	55.12478 	2.3091441 	-16.649628
-0.11171171 	0.25 	0.91 	55.136316 	2.2974571 	-16.661252
-0.11291291 	0.25 	0.91 	55.147851 	2.2857702 	-16.672877
-0.11411411 	0.25 	0.91 	55.159386 	2.2740833 	-16.684501
-0.11531532 	0.25 	0.91 	55.170921 	2.2623963 	-16.696126
-0.11651652 	0.25 	0.91 	55.182456 	2.2507094 	-16.707751
-0.11771772 	0.25 	0.91 	55.193991 	2.2390225 	-16.719375
-0.11891892 	0.25 	0.91 	55.205527 	2.2273356 	-16.731
-0.12012012 	0.25 	0.91 	55.217062 	2.2156486 	-16.742624
-0.12132132 	0.25 	0.91 	55.228268 	2.2046262 	-16.750184
-0.12252252 	0.25 	0.91 	55.238278 	2.1960167 	-16.742986
-0.12372372 	0.25 	0.91 	55.248288 	2.1874072 	-16.735789
-0.12492492 	0.25 	0.91 	55.258298 	2.1787976 	-16.728591
-0.12612613 	0.25 	0.91 	55.268308 	2.1701881 	-16.721393
-0.12732733 	0.25 	0.91 	55.278318 	2.1615786 	-16.714195
-0.12852853 	0.25 	0.91 	55.288328 	2.152969 	-16.706997
-0.12972973 	0.25 	0.91 	55.298338 	2.1443595 	-16.699799
-0.13093093 	0.25 	0.91 	55.308348 	2.13575 	-16.692601
-0.13213213 	0.25 	0.91 	55.318358 	2.1271404 	-16.685403
-0.13333333 	0.25 	0.91 	55.328368 	2.1185309 	-16.678205
-0.13453453 	0.25 	0.91 	55.338378 	2.1099214 	-16.671007
-0.13573574 	0.25 	0.91 	55.349286 	2.0976183 	-16.67208
-0.13693694 	0.25 	0.91 	55.360303 	2.0848682 	-16.674153
-0.13813814 	0.25 	0.91 	55.37132 	2.072118 	-16.676227
-0.13933934 	0.25 	0.91 	55.382336 	2.0593679 	-16.6783
-0.14054054 	0.25 	0.91 	55.393353 	2.0466178 	-16.680374
-0.14174174 	0.25 	0.91 	55.40437 	2.0338677 	-16.682447
-0.14294294 	0.25 	0.91 	55.415386 	2.0211175 	-16.684521
-0.14414414 	0.25 	0.91 	55.426403 	2.0083674 	-16.686594
-0.14534535 	0.25 	0.91 	55.43742 	1.9956173 	-16.688668
-0.14654655 	0.25 	0.91 	55.448436 	1.9828672 	-16.690741
-0.14774775 	0.25 	0.91 	55.459453 	1.970117 	-16.692815
-0.14894895 	0.25 	0.91 	55.470786 	1.9600332 	-16.69811
-0.15015015 	0.25 	0.91 	55.482126 	1.950008 	-16.703477
-0.15135135 	0.25 	0.91 	55.493466 	1.9399828 	-16.708843
-0.15255255 	0.25 	0.91 	55.504805 	1.9299576 	-16.714209
-0.15375375 	0.25 	0.91 	55.516145 	1.9199324 	-16.719575
-0.15495495 	0.25 	0.91 	55.527485 	1.9099072 	-16.724942
-0.15615616 	0.25 	0.91 	55.538825 	1.899882 	-16.730308
-0.15735736 	0.25 	0.91 	55.550165 	1.8898568 	-16.735674
-0.15855856 	0.25 	0.91 	55.561505 	1.8798316 	-16.741041
-0.15975976 	0.25 	0.91 	55.572845 	1.8698064 	-16.746407
-0.16096096 	0.25 	0.91 	55.584185 	1.8597812 	-16.751773
-0.16216216 	0.25 	0.91 	55.59574 	1.8501851 	-16.754779
-0.16336336 	0.25 	0.91 	55.607318 	1.8406343 	-16.757535
-0.16456456 	0.25 	0.91 	55.618896 	1.8310835 	-16.760291
-0.16576577 	0.25 	0.91 	55.630474 	1.8215327 	-16.763047
-0.16696697 	0.25 	0.91 	55.642052 	1.8119819 	-16.765804
-0.16816817 	0.25 	0.91 	55.65363 	1.8024311 	-16.76856
-0.16936937 	0.25 	0.91 	55.664131 	1.7906954 	-16.778384
-0.17057057 	0.25 	0.91 	55.674295 	1.7782738 	-16.790426
-0.17177177 	0.25 	0.91 	55.684458 	1.7658522 	-16.802469
-0.17297297 	0.25 	0.91 	55.694621 	1.7534306 	-16.814512
-0.17417417 	0.25 	0.91 	55.704784 	1.741009 	-16.826555
-0.17537538 	0.25 	0.91 	55.714947 	1.7285874 	-16.838597
-0.17657658 	0.25 	0.91 	55.72511 	1.7161658 	-16.85064
-0.17777778 	0.25 	0.91 	55.735274 	1.7037442 	-16.862683
-0.17897898 	0.25 	0.91 	55.745437 	1.6913226 	-16.874726
-0.18018018 	0.25 	0.91 	55.7556 	1.6789011 	-16.886768
-0.18138138 	0.25 	0.91 	55.765763 	1.6664795 	-16.898811
-0.18258258 	0.25 	0.91 	55.777752 	1.6559336 	-16.901956
-0.18378378 	0.25 	0.91 	55.791727 	1.6474274 	-16.895427
-0.18498498 	0.25 	0.91 	55.805702 	1.6389211 	-16.888899
-0.18618619 	0.25 	0.91 	55.819676 	1.6304149 	-16.88237
-0.18738739 	0.25 	0.91 	55.833651 	1.6219087 	-16.875841
-0.18858859 	0.25 	0.91 	55.847626 	1.6134024 	-16.869312
-0.18978979 	0.25 	0.91 	55.8616 	1.6048962 	-16.862783
-0.19099099 	0.25 	0.91 	55.875575 	1.5963899 	-16.856254
-0.19219219 	0.25 	0.91 	55.88955 	1.5878837 	-16.849725
-0.19339339 	0.25 	0.91 	55.903524 	1.5793775 	-16.843196
-0.19459459 	0.25 	0.91 	55.917499 	1.5708712 	-16.836667
-0.1957958 	0.25 	0.91 	55.931229 	1.5622191 	-16.832093
-0.196997 	0.25 	0.91 	55.943989 	1.5529894 	-16.835259
-0.1981982 	0.25 	0.91 	55.956749 	1.5437597 	-16.838426
-0.1993994 	0.25 	0.91 	55.969509 	1.53453 	-16.841592
-0.2006006 	0.25 	0.91 	55.982269 	1.5253003 	-16.844758
-0.2018018 	0.25 	0.91 	55.995029 	1.5160706 	-16.847925
-0.203003 	0.25 	0.91 	56.007636 	1.5063822 	-16.85065
-0.2042042 	0.25 	0.91 	56.01974 	1.4951955 	-16.851936
-0.20540541 	0.25 	0.91 	56.031845 	1.4840089 	-16.853221
-0.20660661 	0.25 	0.91 	56.043949 	1.4728222 	-16.854506
-0.20780781 	0.25 	0.91 	56.056054 	1.4616355 	-16.855791
-0.20900901 	0.25 	0.91 	56.068159 	1.4504489 	-16.857077
-0.21021021 	0.25 	0.91 	56.080263 	1.4392622 	-16.858362
-0.21141141 	0.25 	0.91 	56.092368 	1.4280755 	-16.859647
-0.21261261 	0.25 	0.91 	56.104472 	1.4168889 	-16.860933
-0.21381381 	0.25 	0.91 	56.116577 	1.4057022 	-16.862218
-0.21501502 	0.25 	0.91 	56.128682 	1.3945155 	-16.863503
-0.21621622 	0.25 	0.91 	56.140825 	1.3834432 	-16.865319
-0.21741742 	0.25 	0.91 	56.153263 	1.3732525 	-16.871221
-0.21861862 	0.25 	0.91 	56.165701 	1.3630619 	-16.877123
-0.21981982 	0.25 	0.91 	56.17814 	1.3528713 	-16.883026
-0.22102102 	0.25 	0.91 	56.190578 	1.3426806 	-16.888928
-0.22222222 	0.25 	0.91 	56.203017 	1.33249 	-16.894831
-0.22342342 	0.25 	0.91 	56.215455 	1.3222993 	-16.900733
-0.22462462 	0.25 	0.91 	56.227893 	1.3121087 	-16.906636
-0.22582583 	0.25 	0.91 	56.240332 	1.301918 	-16.912538
-0.22702703 	0.25 	0.91 	56.25277 	1.2917274 	-16.91844
-0.22822823 	0.25 	0.91 	56.265209 	1.2815367 	-16.924343
-0.22942943 	0.25 	0.91 	56.277647 	1.2713461 	-16.930245
-0.23063063 	0.25 	0.91 	56.288271 	1.2582077 	-16.943037
-0.23183183 	0.25 	0.91 	56.298829 	1.244962 	-16.95608
-0.23303303 	0.25 	0.91 	56.309388 	1.2317163 	-16.969122
-0.23423423 	0.25 	0.91 	56.319946 	1.2184706 	-16.982165
-0.23543544 	0.25 	0.91 	56.330504 	1.2052249 	-16.995207
-0.23663664 	0.25 	0.91 	56.341062 	1.1919792 	-17.00825
-0.23783784 	0.25 	0.91 	56.35162 	1.1787335 	-17.021293
-0.23903904 	0.25 	0.91 	56.362178 	1.1654878 	-17.034335
-0.24024024 	0.25 	0.91 	56.372736 	1.1522421 	-17.047378
-0.24144144 	0.25 	0.91 	56.383295 	1.1389964 	-17.06042
-0.24264264 	0.25 	0.91 	56.393853 	1.1257507 	-17.073463
-0.24384384 	0.25 	0.91 	56.407989 	1.1174286 	-17.07144
-0.24504505 	0.25 	0.91 	56.423389 	1.1108451 	-17.064097
-0.24624625 	0.25 	0.91 	56.438788 	1.1042617 	-17.056754
-0.24744745 	0.25 	0.91 	56.454188 	1.0976783 	-17.049411
-0.24864865 	0.25 	0.91 	56.469588 	1.0910948 	-17.042067
-0.24984985 	0.25 	0.91 	56.484987 	1.0845114 	-17.034724
-0.25105105 	0.25 	0.91 	56.500387 	1.0779279 	-17.027381
-0.25225225 	0.25 	0.91 	56.515787 	1.0713445 	-17.020038
-0.25345345 	0.25 	0.91 	56.531186 	1.0647611 	-17.012695
-0.25465465 	0.25 	0.91 	56.546586 	1.0581776 	-17.005352
-0.25585586 	0.25 	0.91 	56.561986 	1.0515942 	-16.998009
-0.25705706 	0.25 	0.91 	56.57636 	1.0426766 	-16.995826
-0.25825826 	0.25 	0.91 	56.58975 	1.0315184 	-16.998597
-0.25945946 	0.25 	0.91 	56.60314 	1.0203603 	-17.001369
-0.26066066 	0.25 	0.91 	56.616531 	1.0092021 	-17.00414
-0.26186186 	0.25 	0.91 	56.629921 	0.99804392 	-17.006911
-0.26306306 	0.25 	0.91 	56.643311 	0.98688575 	-17.009683
-0.26426426 	0.25 	0.91 	56.656701 	0.97572758 	-17.012454
-0.26546547 	0.25 	0.91 	56.670092 	0.9645694 	-17.015225
-0.26666667 	0.25 	0.91 	56.683482 	0.95341123 	-17.017997
-0.26786787 	0.25 	0.91 	56.696872 	0.94225306 	-17.020768
-0.26906907 	0.25 	0.91 	56.710262 	0.93109489 	-17.023539
-0.27027027 	0.25 	0.91 	56.723494 	0.92019343 	-17.027373
-0.27147147 	0.25 	0.91 	56.73611 	0.91028523 	-17.03532
-0.27267267 	0.25 	0.91 	56.748726 	0.90037703 	-17.043267
-0.27387387 	0.25 	0.91 	56.761343 	0.89046882 	-17.051214
-0.27507508 	0.25 	0.91 	56.773959 	0.88056062 	-17.059161
-0.27627628 	0.25 	0.91 	56.786575 	0.87065242 	-17.067108
-0.27747748 	0.25 	0.91 	56.799192 	0.86074422 	-17.075055
-0.27867868 	0.25 	0.91 	56.811808 	0.85083602 	-17.083002
-0.27987988 	0.25 	0.91 	56.824424 	0.84092781 	-17.090949
-0.28108108 	0.25 	0.91 	56.837041 	0.83101961 	-17.098896
-0.28228228 	0.25 	0.91 	56.849657 	0.82111141 	-17.106843
-0.28348348 	0.25 	0.91 	56.862273 	0.81120321 	-17.11479
-0.28468468 	0.25 	0.91 	56.877604 	0.8004115 	-17.116987
-0.28588589 	0.25 	0.91 	56.893399 	0.78946825 	-17.118197
-0.28708709 	0.25 	0.91 	56.909195 	0.77852499 	-17.119408
-0.28828829 	0.25 	0.91 	56.924991 	0.76758174 	-17.120618
-0.28948949 	0.25 	0.91 	56.940787 	0.75663848 	-17.121829
-0.29069069 	0.25 	0.91 	56.956477 	0.74459297 	-17.124202
-0.29189189 	0.25 	0.91 	56.971945 	0.73022753 	-17.129023
-0.29309309 	0.25 	0.91 	56.987414 	0.71586208 	-17.133845
-0.29429429 	0.25 	0.91 	57.002882 	0.70149664 	-17.138666
-0.2954955 	0.25 	0.91 	57.018351 	0.6871312 	-17.143487
-0.2966967 	0.25 	0.91 	57.033819 	0.67276575 	-17.148308
-0.2978979 	0.25 	0.91 	57.049288 	0.65840031 	-17.15313
-0.2990991 	0.25 	0.91 	57.064757 	0.64403486 	-17.157951
-0.3003003 	0.25 	0.91 	57.080225 	0.62966942 	-17.162772
-0.3015015 	0.25 	0.91 	57.095694 	0.61530398 	-17.167593
-0.3027027 	0.25 	0.91 	57.111162 	0.60093853 	-17.172414
-0.3039039 	0.25 	0.91 	57.126621 	0.58658535 	-17.177237
-0.30510511 	0.25 	0.91 	57.132801 	0.583965 	-17.182994
-0.30630631 	0.25 	0.91 	57.13898 	0.58134465 	-17.188752
-0.30750751 	0.25 	0.91 	57.14516 	0.5787243 	-17.19451
-0.30870871 	0.25 	0.91 	57.15134 	0.57610395 	-17.200268
-0.30990991 	0.25 	0.91 	57.15752 	0.5734836 	-17.206026
-0.31111111 	0.25 	0.91 	57.163699 	0.57086325 	-17.211783
-0.31231231 	0.25 	0.91 	57.169879 	0.5682429 	-17.217541
-0.31351351 	0.25 	0.91 	57.176059 	0.56562255 	-17.223299
-0.31471471 	0.25 	0.91 	57.183592 	0.56087552 	-17.228377
-0.31591592 	0.25 	0.91 	57.193908 	0.55175425 	-17.232058
-0.31711712 	0.25 	0.91 	57.204224 	0.54263297 	-17.235738
-0.31831832 	0.25 	0.91 	57.21454 	0.5335117 	-17.239419
-0.31951952 	0.25 	0.91 	57.224856 	0.52439042 	-17.243099
-0.32072072 	0.25 	0.91 	57.235172 	0.51526915 	-17.24678
-0.32192192 	0.25 	0.91 	57.244257 	0.50675893 	-17.249818
-0.32312312 	0.25 	0.91 	57.253065 	0.49838646 	-17.252712
-0.32432432 	0.25 	0.91 	57.26467 	0.48667268 	-17.256527
-0.32552553 	0.25 	0.91 	57.281112 	0.46918258 	-17.261934
-0.32672673 	0.25 	0.91 	57.297553 	0.45169248 	-17.267342
-0.32792793 	0.25 	0.91 	57.313995 	0.43420237 	-17.272749
-0.32912913 	0.25 	0.91 	57.330436 	0.41671227 	-17.278157
-0.33033033 	0.25 	0.91 	57.346878 	0.39922216 	-17.283564
-0.33153153 	0.25 	0.91 	57.36332 	0.38173206 	-17.288972
-0.33273273 	0.25 	0.91 	57.379761 	0.36424195 	-17.294379
-0.33393393 	0.25 	0.91 	57.396203 	0.34675185 	-17.299787
-0.33513514 	0.25 	0.91 	57.410664 	0.33591283 	-17.302514
-0.33633634 	0.25 	0.91 	57.423961 	0.32898659 	-17.303664
-0.33753754 	0.25 	0.91 	57.437259 	0.32206035 	-17.304814
-0.33873874 	0.25 	0.91 	57.450556 	0.31513412 	-17.305965
-0.33993994 	0.25 	0.91 	57.463853 	0.30820788 	-17.307115
-0.34114114 	0.25 	0.91 	57.47715 	0.30128164 	-17.308265
-0.34234234 	0.25 	0.91 	57.490447 	0.2943554 	-17.309415
-0.34354354 	0.25 	0.91 	57.503744 	0.28742916 	-17.310566
-0.34474474 	0.25 	0.91 	57.517041 	0.28050292 	-17.311716
-0.34594595 	0.25 	0.91 	57.530977 	0.27088168 	-17.31608
-0.34714715 	0.25 	0.91 	57.545069 	0.26060484 	-17.321225
-0.34834835 	0.25 	0.91 	57.559014 	0.25052145 	-17.326332
-0.34954955 	0.25 	0.91 	57.572771 	0.24068261 	-17.331391
-0.35075075 	0.25 	0.91 	57.586528 	0.23084376 	-17.336449
-0.35195195 	0.25 	0.91 	57.600285 	0.22100491 	-17.341507
-0.35315315 	0.25 	0.91 	57.614043 	0.21116607 	-17.346565
-0.35435435 	0.25 	0.91 	57.627936 	0.2012616 	-17.352046
-0.35555556 	0.25 	0.91 	57.643088 	0.19074981 	-17.361438
-0.35675676 	0.25 	0.91 	57.65824 	0.18023802 	-17.37083
-0.35795796 	0.25 	0.91 	57.673392 	0.16972622 	-17.380222
-0.35915916 	0.25 	0.91 	57.688544 	0.15921443 	-17.389614
-0.36036036 	0.25 	0.91 	57.703696 	0.14870264 	-17.399006
-0.36156156 	0.25 	0.91 	57.718848 	0.13819085 	-17.408398
-0.36276276 	0.25 	0.91 	57.734 	0.12767906 	-17.417791
-0.36396396 	0.25 	0.91 	57.749152 	0.11716726 	-17.427183
-0.36516517 	0.25 	0.91 	57.763939 	0.10701755 	-17.43564
-0.36636637 	0.25 	0.91 	57.777674 	0.097910947 	-17.441407
-0.36756757 	0.25 	0.91 	57.79141 	0.088804348 	-17.447174
-0.36876877 	0.25 	0.91 	57.805145 	0.079697749 	-17.45294
-0.36996997 	0.25 	0.91 	57.81888 	0.07059115 	-17.458707
-0.37117117 	0.25 	0.91 	57.832616 	0.06148455 	-17.464474
-0.37237237 	0.25 	0.91 	57.846351 	0.052377951 	-17.47024
-0.37357357 	0.25 	0.91 	57.860087 	0.043271352 	-17.476007
-0.37477477 	0.25 	0.91 	57.873822 	0.034164753 	-17.481773
-0.37597598 	0.25 	0.91 	57.88781 	0.024788155 	-17.487677
-0.37717718 	0.25 	0.91 	57.902381 	0.014788703 	-17.493898
-0.37837838 	0.25 	0.91 	57.916952 	0.0047892515 	-17.500119
-0.37957958 	0.25 	0.91 	57.931523 	-0.0052102002 	-17.50634
-0.38078078 	0.25 	0.91 	57.946094 	-0.015209652 	-17.512561
-0.38198198 	0.25 	0.91 	57.960712 	-0.025387891 	-17.518749
-0.38318318 	0.25 	0.91 	57.975556 	-0.036429738 	-17.524779
-0.38438438 	0.25 	0.91 	57.9904 	-0.047471586 	-17.530809
-0.38558559 	0.25 	0.91 	58.006083 	-0.062933028 	-17.541437
-0.38678679 	0.25 	0.91 	58.021863 	-0.078908721 	-17.5526
-0.38798799 	0.25 	0.91 	58.037644 	-0.094884413 	-17.563763
-0.38918919 	0.25 	0.91 	58.053424 	-0.11086011 	-17.574926
-0.39039039 	0.25 	0.91 	58.069205 	-0.1268358 	-17.586089
-0.39159159 	0.25 	0.91 	58.084985 	-0.14281149 	-17.597251
-0.39279279 	0.25 	0.91 	58.100766 	-0.15878718 	-17.608414
-0.39399399 	0.25 	0.91 	58.116547 	-0.17476288 	-17.619577
-0.3951952 	0.25 	0.91 	58.132327 	-0.19073857 	-17.63074
-0.3963964 	0.25 	0.91 	58.146662 	-0.19863597 	-17.636182
-0.3975976 	0.25 	0.91 	58.160818 	-0.20553325 	-17.640917
-0.3987988 	0.25 	0.91 	58.174974 	-0.21243053 	-17.645651
-0.4 	0.25 	0.91 	58.18913 	-0.21932781 	-17.650385
-0.4012012 	0.25 	0.91 	58.203286 	-0.2262251 	-17.655119
-0.4024024 	0.25 	0.91 	58.217442 	-0.23312238 	-17.659853
-0.4036036 	0.25 	0.91 	58.231598 	-0.24001966 	-17.664587
-0.4048048 	0.25 	0.91 	58.245755 	-0.24691694 	-17.669321
-0.40600601 	0.25 	0.91 	58.259911 	-0.25381422 	-17.674055
-0.40720721 	0.25 	0.91 	58.274919 	-0.26407101 	-17.680146
-0.40840841 	0.25 	0.91 	58.290206 	-0.27542367 	-17.686679
-0.40960961 	0.25 	0.91 	58.30546 	-0.28596075 	-17.693624
-0.41081081 	0.25 	0.91 	58.320697 	-0.29603903 	-17.700802
-0.41201201 	0.25 	0.91 	58.335934 	-0.30611732 	-17.707979
-0.41321321 	0.25 	0.91 	58.351171 	-0.3161956 	-17.715157
-0.41441441 	0.25 	0.91 	58.366408 	-0.32627388 	-17.722334
-0.41561562 	0.25 	0.91 	58.38287 	-0.33698501 	-17.731876
-0.41681682 	0.25 	0.91 	58.399783 	-0.34792866 	-17.742286
-0.41801802 	0.25 	0.91 	58.416695 	-0.35887231 	-17.752697
-0.41921922 	0.25 	0.91 	58.433608 	-0.36981597 	-17.763107
-0.42042042 	0.25 	0.91 	58.450521 	-0.38075962 	-17.773517
-0.42162162 	0.25 	0.91 	58.467434 	-0.39170327 	-17.783927
-0.42282282 	0.25 	0.91 	58.484346 	-0.40264693 	-17.794338
-0.42402402 	0.25 	0.91 	58.501259 	-0.41359058 	-17.804748
-0.42522523 	0.25 	0.91 	58.518172 	-0.42453423 	-17.815158
-0.42642643 	0.25 	0.91 	58.534219 	-0.43617826 	-17.823843
-0.42762763 	0.25 	0.91 	58.54948 	-0.44845921 	-17.830959
-0.42882883 	0.25 	0.91 	58.56474 	-0.46074017 	-17.838075
-0.43003003 	0.25 	0.91 	58.58 	-0.47302112 	-17.845191
-0.43123123 	0.25 	0.91 	58.595261 	-0.48530208 	-17.852306
-0.43243243 	0.25 	0.91 	58.610521 	-0.49758304 	-17.859422
-0.43363363 	0.25 	0.91 	58.625781 	-0.50986399 	-17.866538
-0.43483483 	0.25 	0.91 	58.641042 	-0.52214495 	-17.873654
-0.43603604 	0.25 	0.91 	58.656302 	-0.5344259 	-17.88077
-0.43723724 	0.25 	0.91 	58.671718 	-0.54606061 	-17.888053
-0.43843844 	0.25 	0.91 	58.687787 	-0.55497763 	-17.89604
-0.43963964 	0.25 	0.91 	58.703856 	-0.56389465 	-17.904027
-0.44084084 	0.25 	0.91 	58.719925 	-0.57281167 	-17.912013
-0.44204204 	0.25 	0.91 	58.735995 	-0.5817287 	-17.92
-0.44324324 	0.25 	0.91 	58.752078 	-0.59115238 	-17.927734
-0.44444444 	0.25 	0.91 	58.768189 	-0.60156114 	-17.934975
-0.44564565 	0.25 	0.91 	58.784609 	-0.61365226 	-17.944432
-0.44684685 	0.25 	0.91 	58.801318 	-0.62731741 	-17.955964
-0.44804805 	0.25 	0.91 	58.818026 	-0.64098255 	-17.967496
-0.44924925 	0.25 	0.91 	58.834735 	-0.6546477 	-17.979027
-0.45045045 	0.25 	0.91 	58.851444 	-0.66831285 	-17.990559
-0.45165165 	0.25 	0.91 	58.868153 	-0.681978 	-18.002091
-0.45285285 	0.25 	0.91 	58.884861 	-0.69564314 	-18.013622
-0.45405405 	0.25 	0.91 	58.90157 	-0.70930829 	-18.025154
-0.45525526 	0.25 	0.91 	58.918279 	-0.72297344 	-18.036686
-0.45645646 	0.25 	0.91 	58.935013 	-0.73619758 	-18.047697
-0.45765766 	0.25 	0.91 	58.951896 	-0.74681815 	-18.055636
-0.45885886 	0.25 	0.91 	58.968779 	-0.75743872 	-18.063575
-0.46006006 	0.25 	0.91 	58.985662 	-0.7680593 	-18.071515
-0.46126126 	0.25 	0.91 	59.002545 	-0.77867987 	-18.079454
-0.46246246 	0.25 	0.91 	59.019428 	-0.78930044 	-18.087393
-0.46366366 	0.25 	0.91 	59.036311 	-0.79992102 	-18.095332
-0.46486486 	0.25 	0.91 	59.053194 	-0.81054159 	-18.103271
-0.46606607 	0.25 	0.91 	59.070077 	-0.82116216 	-18.111211
-0.46726727 	0.25 	0.91 	59.08696 	-0.83178274 	-18.11915
-0.46846847 	0.25 	0.91 	59.103863 	-0.84361366 	-18.127101
-0.46966967 	0.25 	0.91 	59.120777 	-0.85607039 	-18.135058
-0.47087087 	0.25 	0.91 	59.137509 	-0.86709406 	-18.143825
-0.47207207 	0.25 	0.91 	59.154226 	-0.87800893 	-18.152654
-0.47327327 	0.25 	0.91 	59.170943 	-0.88892381 	-18.161483
-0.47447447 	0.25 	0.91 	59.187661 	-0.89983869 	-18.170311
-0.47567568 	0.25 	0.91 	59.20453 	-0.91000462 	-18.179623
-0.47687688 	0.25 	0.91 	59.221789 	-0.91825905 	-18.190168
-0.47807808 	0.25 	0.91 	59.239048 	-0.92651347 	-18.200713
-0.47927928 	0.25 	0.91 	59.256307 	-0.9347679 	-18.211258
-0.48048048 	0.25 	0.91 	59.273566 	-0.94302233 	-18.221804
-0.48168168 	0.25 	0.91 	59.290825 	-0.95127675 	-18.232349
-0.48288288 	0.25 	0.91 	59.308084 	-0.95953118 	-18.242894
-0.48408408 	0.25 	0.91 	59.325343 	-0.96778561 	-18.253439
-0.48528529 	0.25 	0.91 	59.342602 	-0.97604003 	-18.263984
-0.48648649 	0.25 	0.91 	59.359861 	-0.98429446 	-18.274529
-0.48768769 	0.25 	0.91 	59.377328 	-0.99869704 	-18.284213
-0.48888889 	0.25 	0.91 	59.394855 	-1.0149266 	-18.293642
-0.49009009 	0.25 	0.91 	59.412383 	-1.0311562 	-18.30307
-0.49129129 	0.25 	0.91 	59.429911 	-1.0473859 	-18.312499
-0.49249249 	0.25 	0.91 	59.447439 	-1.0636155 	-18.321927
-0.49369369 	0.25 	0.91 	59.464967 	-1.0798451 	-18.331355
-0.49489489 	0.25 	0.91 	59.482494 	-1.0960747 	-18.340784
-0.4960961 	0.25 	0.91 	59.500022 	-1.1123043 	-18.350212
-0.4972973 	0.25 	0.91 	59.51755 	-1.1285339 	-18.359641
-0.4984985 	0.25 	0.91 	59.535064 	-1.1441267 	-18.369013
-0.4996997 	0.25 	0.91 	59.552474 	-1.1550121 	-18.377973
-0.5009009 	0.25 	0.91 	59.569884 	-1.1658975 	-18.386933
-0.5021021 	0.25 	0.91 	59.587294 	-1.176783 	-18.395893
-0.5033033 	0.25 	0.91 	59.604705 	-1.1876684 	-18.404853
-0.5045045 	0.25 	0.91 	59.622239 	-1.1999063 	-18.412966
-0.50570571 	0.25 	0.91 	59.639706 	-1.2131212 	-18.420696
-0.50690691 	0.25 	0.91 	59.65598 	-1.2286583 	-18.42903
-0.50810811 	0.25 	0.91 	59.672254 	-1.2441953 	-18.437364
-0.50930931 	0.25 	0.91 	59.688527 	-1.2597324 	-18.445698
-0.51051051 	0.25 	0.91 	59.704801 	-1.2752695 	-18.454032
-0.51171171 	0.25 	0.91 	59.721075 	-1.2908065 	-18.462366
-0.51291291 	0.25 	0.91 	59.737348 	-1.3063436 	-18.4707
-0.51411411 	0.25 	0.91 	59.753622 	-1.3218806 	-18.479034
-0.51531532 	0.25 	0.91 	59.769896 	-1.3374177 	-18.487368
-0.51651652 	0.25 	0.91 	59.78617 	-1.3529547 	-18.495702
-0.51771772 	0.25 	0.91 	59.803786 	-1.3663368 	-18.50502
-0.51891892 	0.25 	0.91 	59.823414 	-1.3764894 	-18.515811
-0.52012012 	0.25 	0.91 	59.843042 	-1.3866419 	-18.526603
-0.52132132 	0.25 	0.91 	59.862671 	-1.3967944 	-18.537394
-0.52252252 	0.25 	0.91 	59.882299 	-1.4069469 	-18.548186
-0.52372372 	0.25 	0.91 	59.901928 	-1.4170995 	-18.558977
-0.52492492 	0.25 	0.91 	59.921556 	-1.427252 	-18.569769
-0.52612613 	0.25 	0.91 	59.941184 	-1.4374045 	-18.58056
-0.52732733 	0.25 	0.91 	59.960813 	-1.4475571 	-18.591352
-0.52852853 	0.25 	0.91 	59.980441 	-1.4577096 	-18.602143
-0.52972973 	0.25 	0.91 	59.999246 	-1.4687965 	-18.611408
-0.53093093 	0.25 	0.91 	60.017364 	-1.4806641 	-18.619398
-0.53213213 	0.25 	0.91 	60.035481 	-1.4925317 	-18.627388
-0.53333333 	0.25 	0.91 	60.053599 	-1.5043992 	-18.635378
-0.53453453 	0.25 	0.91 	60.072254 	-1.5172009 	-18.645203
-0.53573574 	0.25 	0.91 	60.092744 	-1.5331914 	-18.66129
-0.53693694 	0.25 	0.91 	60.114021 	-1.5518729 	-18.673153
-0.53813814 	0.25 	0.91 	60.135353 	-1.5707413 	-18.684723
-0.53933934 	0.25 	0.91 	60.156685 	-1.5896097 	-18.696292
-0.54054054 	0.25 	0.91 	60.178016 	-1.608478 	-18.707862
-0.54174174 	0.25 	0.91 	60.199348 	-1.6273464 	-18.719431
-0.54294294 	0.25 	0.91 	60.220679 	-1.6462148 	-18.731001
-0.54414414 	0.25 	0.91 	60.242011 	-1.6650832 	-18.742571
-0.54534535 	0.25 	0.91 	60.263343 	-1.6839516 	-18.75414
-0.54654655 	0.25 	0.91 	60.284674 	-1.70282 	-18.76571
-0.54774775 	0.25 	0.91 	60.305849 	-1.7213907 	-18.776956
-0.54894895 	0.25 	0.91 	60.321621 	-1.7296785 	-18.777036
-0.55015015 	0.25 	0.91 	60.337088 	-1.7402855 	-18.778355
-0.55135135 	0.25 	0.91 	60.350906 	-1.7532261 	-18.781932
-0.55255255 	0.25 	0.91 	60.362318 	-1.7649477 	-18.786788
-0.55375375 	0.25 	0.91 	60.37373 	-1.7766694 	-18.791644
-0.55495495 	0.25 	0.91 	60.385141 	-1.788391 	-18.7965
-0.55615616 	0.25 	0.91 	60.396553 	-1.8001126 	-18.801355
-0.55735736 	0.25 	0.91 	60.407965 	-1.8118343 	-18.806211
-0.55855856 	0.25 	0.91 	60.419377 	-1.8235559 	-18.811067
-0.55975976 	0.25 	0.91 	60.430789 	-1.8352775 	-18.815923
-0.56096096 	0.25 	0.91 	60.442201 	-1.8469991 	-18.820779
-0.56216216 	0.25 	0.91 	60.455791 	-1.8617843 	-18.837961
-0.56336336 	0.25 	0.91 	60.470548 	-1.8807122 	-18.851279
-0.56456456 	0.25 	0.91 	60.487293 	-1.9072945 	-18.855516
-0.56576577 	0.25 	0.91 	60.504639 	-1.9252919 	-18.861939
-0.56696697 	0.25 	0.91 	60.522197 	-1.9402817 	-18.869127
-0.56816817 	0.25 	0.91 	60.539754 	-1.9552714 	-18.876315
-0.56936937 	0.25 	0.91 	60.557312 	-1.9702612 	-18.883503
-0.57057057 	0.25 	0.91 	60.574869 	-1.985251 	-18.890691
-0.57177177 	0.25 	0.91 	60.592427 	-2.0002408 	-18.897879
-0.57297297 	0.25 	0.91 	60.609984 	-2.0152305 	-18.905066
-0.57417417 	0.25 	0.91 	60.627542 	-2.0302203 	-18.912254
-0.57537538 	0.25 	0.91 	60.644998 	-2.0451903 	-18.920956
-0.57657658 	0.25 	0.91 	60.662333 	-2.0572612 	-18.933581
-0.57777778 	0.25 	0.91 	60.680494 	-2.0605368 	-18.940327
-0.57897898 	0.25 	0.91 	60.698515 	-2.0673003 	-18.946613
-0.58018018 	0.25 	0.91 	60.716544 	-2.0762799 	-18.952285
-0.58138138 	0.25 	0.91 	60.735902 	-2.0910107 	-18.952896
-0.58258258 	0.25 	0.91 	60.754583 	-2.1079283 	-18.960818
-0.58378378 	0.25 	0.91 	60.773263 	-2.124846 	-18.968739
-0.58498498 	0.25 	0.91 	60.791944 	-2.1417636 	-18.976661
-0.58618619 	0.25 	0.91 	60.810624 	-2.1586813 	-18.984583
-0.58738739 	0.25 	0.91 	60.829305 	-2.1755989 	-18.992504
-0.58858859 	0.25 	0.91 	60.847985 	-2.1925166 	-19.000426
-0.58978979 	0.25 	0.91 	60.866665 	-2.2094342 	-19.008348
-0.59099099 	0.25 	0.91 	60.885346 	-2.2263519 	-19.016269
-0.59219219 	0.25 	0.91 	60.904328 	-2.243975 	-19.027154
-0.59339339 	0.25 	0.91 	60.923564 	-2.2621938 	-19.04054
-0.59459459 	0.25 	0.91 	60.941608 	-2.2923624 	-19.045299
-0.5957958 	0.25 	0.91 	60.960148 	-2.318232 	-19.050672
-0.596997 	0.25 	0.91 	60.979636 	-2.3357489 	-19.057807
-0.5981982 	0.25 	0.91 	60.999124 	-2.3532659 	-19.064942
-0.5993994 	0.25 	0.91 	61.018611 	-2.3707829 	-19.072076
-0.6006006 	0.25 	0.91 	61.038099 	-2.3882999 	-19.079211
-0.6018018 	0.25 	0.91 	61.057586 	-2.4058169 	-19.086346
-0.603003 	0.25 	0.91 	61.077074 	-2.4233339 	-19.093481
-0.6042042 	0.25 	0.91 	61.096562 	-2.4408508 	-19.100615
-0.60540541 	0.25 	0.91 	61.116049 	-2.4583678 	-19.10775
-0.60660661 	0.25 	0.91 	61.135637 	-2.4745044 	-19.115648
-0.60780781 	0.25 	0.91 	61.155595 	-2.4797001 	-19.123398
-0.60900901 	0.25 	0.91 	61.175367 	-2.4844125 	-19.131089
-0.61021021 	0.25 	0.91 	61.194477 	-2.4925682 	-19.138871
-0.61141141 	0.25 	0.91 	61.213026 	-2.5031858 	-19.14139
-0.61261261 	0.25 	0.91 	61.232925 	-2.5192987 	-19.14624
-0.61381381 	0.25 	0.91 	61.252984 	-2.5358422 	-19.151573
-0.61501502 	0.25 	0.91 	61.273044 	-2.5523857 	-19.156906
-0.61621622 	0.25 	0.91 	61.293103 	-2.5689293 	-19.162239
-0.61741742 	0.25 	0.91 	61.313163 	-2.5854728 	-19.167572
-0.61861862 	0.25 	0.91 	61.333223 	-2.6020164 	-19.172905
-0.61981982 	0.25 	0.91 	61.353282 	-2.6185599 	-19.178238
-0.62102102 	0.25 	0.91 	61.373342 	-2.6351034 	-19.183571
-0.62222222 	0.25 	0.91 	61.393442 	-2.6514201 	-19.189012
-0.62342342 	0.25 	0.91 	61.413732 	-2.6666824 	-19.194954
-0.62462462 	0.25 	0.91 	61.43388 	-2.6853385 	-19.201267
-0.62582583 	0.25 	0.91 	61.453927 	-2.7064472 	-19.207849
-0.62702703 	0.25 	0.91 	61.474214 	-2.726453 	-19.210995
-0.62822823 	0.25 	0.91 	61.494506 	-2.7464401 	-19.214083
-0.62942943 	0.25 	0.91 	61.514797 	-2.7664272 	-19.21717
-0.63063063 	0.25 	0.91 	61.535088 	-2.7864143 	-19.220258
-0.63183183 	0.25 	0.91 	61.55538 	-2.8064015 	-19.223345
-0.63303303 	0.25 	0.91 	61.575671 	-2.8263886 	-19.226433
-0.63423423 	0.25 	0.91 	61.595962 	-2.8463757 	-19.22952
-0.63543544 	0.25 	0.91 	61.616253 	-2.8663628 	-19.232608
-0.63663664 	0.25 	0.91 	61.636552 	-2.8861428 	-19.235717
-0.63783784 	0.25 	0.91 	61.65662 	-2.9045238 	-19.237224
-0.63903904 	0.25 	0.91 	61.676352 	-2.9239227 	-19.236777
-0.64024024 	0.25 	0.91 	61.697535 	-2.938703 	-19.245869
-0.64144144 	0.25 	0.91 	61.718682 	-2.9539651 	-19.253892
-0.64264264 	0.25 	0.91 	61.739005 	-2.9736431 	-19.255001
-0.64384384 	0.25 	0.91 	61.759215 	-2.9940185 	-19.255516
-0.64504505 	0.25 	0.91 	61.779424 	-3.0143939 	-19.256031
-0.64624625 	0.25 	0.91 	61.799633 	-3.0347694 	-19.256546
-0.64744745 	0.25 	0.91 	61.819842 	-3.0551448 	-19.257061
-0.64864865 	0.25 	0.91 	61.840052 	-3.0755202 	-19.257577
-0.64984985 	0.25 	0.91 	61.860261 	-3.0958956 	-19.258092
-0.65105105 	0.25 	0.91 	61.88047 	-3.116271 	-19.258607
-0.65225225 	0.25 	0.91 	61.900679 	-3.1366464 	-19.259122
-0.65345345 	0.25 	0.91 	61.921262 	-3.1537916 	-19.259072
-0.65465465 	0.25 	0.91 	61.941999 	-3.1709666 	-19.259697
-0.65585586 	0.25 	0.91 	61.962964 	-3.1917515 	-19.263679
-0.65705706 	0.25 	0.91 	61.983514 	-3.212579 	-19.263756
-0.65825826 	0.25 	0.91 	62.003794 	-3.2334343 	-19.261294
-0.65945946 	0.25 	0.91 	62.024074 	-3.2542896 	-19.258832
-0.66066066 	0.25 	0.91 	62.044354 	-3.2751449 	-19.25637
-0.66186186 	0.25 	0.91 	62.064633 	-3.2960002 	-19.253908
-0.66306306 	0.25 	0.91 	62.084913 	-3.3168555 	-19.251447
-0.66426426 	0.25 	0.91 	62.105193 	-3.3377108 	-19.248985
-0.66546547 	0.25 	0.91 	62.125473 	-3.3585661 	-19.246523
-0.66666667 	0.25 	0.91 	62.145753 	-3.3794214 	-19.244061
-0.66786787 	0.25 	0.91 	62.166287 	-3.3994977 	-19.241919
-0.66906907 	0.25 	0.91 	62.185611 	-3.4216563 	-19.234196
-0.67027027 	0.25 	0.91 	62.20694 	-3.4403475 	-19.233373
-0.67147147 	0.25 	0.91 	62.23019 	-3.455713 	-19.23917
-0.67267267 	0.25 	0.91 	62.251645 	-3.4754988 	-19.236179
-0.67387387 	0.25 	0.91 	62.272626 	-3.4965473 	-19.231598
-0.67507508 	0.25 	0.91 	62.293607 	-3.5175958 	-19.227016
-0.67627628 	0.25 	0.91 	62.314588 	-3.5386443 	-19.222435
-0.67747748 	0.25 	0.91 	62.335569 	-3.5596928 	-19.217853
-0.67867868 	0.25 	0.91 	62.35655 	-3.5807413 	-19.213272
-0.67987988 	0.25 	0.91 	62.377531 	-3.6017898 	-19.208691
-0.68108108 	0.25 	0.91 	62.398512 	-3.6228383 	-19.204109
-0.68228228 	0.25 	0.91 	62.419493 	-3.6438869 	-19.199528
-0.68348348 	0.25 	0.91 	62.440407 	-3.663152 	-19.194492
-0.68468468 	0.25 	0.91 	62.461239 	-3.6802005 	-19.18889
-0.68588589 	0.25 	0.91 	62.482304 	-3.7018268 	-19.186779
-0.68708709 	0.25 	0.91 	62.503164 	-3.7247479 	-19.184273
-0.68828829 	0.25 	0.91 	62.52284 	-3.748805 	-19.176309
-0.68948949 	0.25 	0.91 	62.542515 	-3.772862 	-19.168346
-0.69069069 	0.25 	0.91 	62.562191 	-3.7969191 	-19.160383
-0.69189189 	0.25 	0.91 	62.581867 	-3.8209762 	-19.152419
-0.69309309 	0.25 	0.91 	62.60119 	-3.8439207 	-19.146042
-0.69429429 	0.25 	0.91 	62.618824 	-3.8673483 	-19.140859
-0.6954955 	0.25 	0.91 	62.636458 	-3.8907759 	-19.135676
-0.6966967 	0.25 	0.91 	62.654091 	-3.9142034 	-19.130493
-0.6978979 	0.25 	0.91 	62.671725 	-3.937631 	-19.12531
-0.6990991 	0.25 	0.91 	62.689509 	-3.9618761 	-19.115189
-0.7003003 	0.25 	0.91 	62.707968 	-3.9852754 	-19.104779
-0.7015015 	0.25 	0.91 	62.731116 	-4.0003056 	-19.104408
-0.7027027 	0.25 	0.91 	62.752531 	-4.0179852 	-19.098325
-0.7039039 	0.25 	0.91 	62.772068 	-4.0385344 	-19.086056
-0.70510511 	0.25 	0.91 	62.791606 	-4.0590836 	-19.073788
-0.70630631 	0.25 	0.91 	62.811143 	-4.0796328 	-19.06152
-0.70750751 	0.25 	0.91 	62.83068 	-4.100182 	-19.049251
-0.70870871 	0.25 	0.91 	62.847879 	-4.1239107 	-19.041169
-0.70990991 	0.25 	0.91 	62.864589 	-4.1483025 	-19.033959
-0.71111111 	0.25 	0.91 	62.881299 	-4.1726943 	-19.026749
-0.71231231 	0.25 	0.91 	62.89801 	-4.1970861 	-19.019539
-0.71351351 	0.25 	0.91 	62.916213 	-4.2214214 	-19.012289
-0.71471471 	0.25 	0.91 	62.941976 	-4.2487992 	-19.002809
-0.71591592 	0.25 	0.91 	62.961123 	-4.2715413 	-18.997813
-0.71711712 	0.25 	0.91 	62.971354 	-4.2880352 	-18.998861
-0.71831832 	0.25 	0.91 	62.987641 	-4.3068074 	-18.990091
-0.71951952 	0.25 	0.91 	63.005926 	-4.3262843 	-18.978143
-0.72072072 	0.25 	0.91 	63.024211 	-4.3457612 	-18.966196
-0.72192192 	0.25 	0.91 	63.044613 	-4.3630556 	-18.950372
-0.72312312 	0.25 	0.91 	63.065601 	-4.3797707 	-18.933669
-0.72432432 	0.25 	0.91 	63.084918 	-4.3984718 	-18.922185
-0.72552553 	0.25 	0.91 	63.103855 	-4.4184401 	-18.909676
-0.72672673 	0.25 	0.91 	63.122259 	-4.4401792 	-18.895735
-0.72792793 	0.25 	0.91 	63.140663 	-4.4619183 	-18.881793
-0.72912913 	0.25 	0.91 	63.158573 	-4.4847891 	-18.867411
-0.73033033 	0.25 	0.91 	63.175622 	-4.5096778 	-18.852138
-0.73153153 	0.25 	0.91 	63.194282 	-4.5280848 	-18.841705
-0.73273273 	0.25 	0.91 	63.213376 	-4.5447854 	-18.832415
-0.73393393 	0.25 	0.91 	63.231375 	-4.5667732 	-18.81773
-0.73513514 	0.25 	0.91 	63.249374 	-4.5887609 	-18.803045
-0.73633634 	0.25 	0.91 	63.267373 	-4.6107487 	-18.78836
-0.73753754 	0.25 	0.91 	63.285696 	-4.6343869 	-18.772562
-0.73873874 	0.25 	0.91 	63.30387 	-4.6572028 	-18.757714
-0.73993994 	0.25 	0.91 	63.321798 	-4.6786606 	-18.744412
-0.74114114 	0.25 	0.91 	63.339597 	-4.7007828 	-18.728921
-0.74234234 	0.25 	0.91 	63.357365 	-4.7230675 	-18.712895
-0.74354354 	0.25 	0.91 	63.375132 	-4.7453522 	-18.696868
-0.74474474 	0.25 	0.91 	63.392545 	-4.7685503 	-18.679525
-0.74594595 	0.25 	0.91 	63.409775 	-4.7923012 	-18.661192
-0.74714715 	0.25 	0.91 	63.428424 	-4.8105679 	-18.649928
-0.74834835 	0.25 	0.91 	63.446741 	-4.8304594 	-18.636003
-0.74954955 	0.25 	0.91 	63.464751 	-4.8520049 	-18.619077
-0.75075075 	0.25 	0.91 	63.48276 	-4.8735505 	-18.602152
-0.75195195 	0.25 	0.91 	63.500881 	-4.8944753 	-18.585156
-0.75315315 	0.25 	0.91 	63.519465 	-4.9127855 	-18.567861
-0.75435435 	0.25 	0.91 	63.537992 	-4.9342788 	-18.5527
-0.75555556 	0.25 	0.91 	63.556422 	-4.9568937 	-18.53779
-0.75675676 	0.25 	0.91 	63.574544 	-4.9779742 	-18.519693
-0.75795796 	0.25 	0.91 	63.592667 	-4.9990547 	-18.501596
-0.75915916 	0.25 	0.91 	63.610789 	-5.0201352 	-18.483499
-0.76036036 	0.25 	0.91 	63.628536 	-5.0407016 	-18.462707
-0.76156156 	0.25 	0.91 	63.646691 	-5.0608298 	-18.444244
-0.76276276 	0.25 	0.91 	63.665752 	-5.080313 	-18.432106
-0.76396396 	0.25 	0.91 	63.683793 	-5.1007951 	-18.41395
-0.76516517 	0.25 	0.91 	63.701706 	-5.1214507 	-18.394509
-0.76636637 	0.25 	0.91 	63.71962 	-5.1421063 	-18.375068
-0.76756757 	0.25 	0.91 	63.737605 	-5.1615629 	-18.355097
-0.76876877 	0.25 	0.91 	63.755682 	-5.1794476 	-18.334433
-0.76996997 	0.25 	0.91 	63.774199 	-5.2009159 	-18.317719
-0.77117117 	0.25 	0.91 	63.792334 	-5.2215111 	-18.298685
-0.77237237 	0.25 	0.91 	63.810146 	-5.241334 	-18.27768
-0.77357357 	0.25 	0.91 	63.827959 	-5.261157 	-18.256676
-0.77477477 	0.25 	0.91 	63.845709 	-5.2808884 	-18.235804
-0.77597598 	0.25 	0.91 	63.862894 	-5.2997483 	-18.210918
-0.77717718 	0.25 	0.91 	63.881209 	-5.3179745 	-18.192626
-0.77837838 	0.25 	0.91 	63.899888 	-5.3360983 	-18.176775
-0.77957958 	0.25 	0.91 	63.917577 	-5.3552539 	-18.154532
-0.78078078 	0.25 	0.91 	63.935266 	-5.3744126 	-18.132235
-0.78198198 	0.25 	0.91 	63.952955 	-5.3935714 	-18.109938
-0.78318318 	0.25 	0.91 	63.970809 	-5.4110784 	-18.086768
-0.78438438 	0.25 	0.91 	63.988968 	-5.4286889 	-18.064498
-0.78558559 	0.25 	0.91 	64.007717 	-5.4485342 	-18.04559
-0.78678679 	0.25 	0.91 	64.025494 	-5.4670751 	-18.022333
-0.78798799 	0.25 	0.91 	64.043144 	-5.4854466 	-17.998511
-0.78918919 	0.25 	0.91 	64.060795 	-5.5038181 	-17.97469
-0.79039039 	0.25 	0.91 	64.07824 	-5.5219775 	-17.949954
-0.79159159 	0.25 	0.91 	64.095259 	-5.5395795 	-17.921912
-0.79279279 	0.25 	0.91 	64.114074 	-5.5566443 	-17.904218
-0.79399399 	0.25 	0.91 	64.132073 	-5.5740364 	-17.883189
-0.7951952 	0.25 	0.91 	64.149264 	-5.5915341 	-17.857836
-0.7963964 	0.25 	0.91 	64.166455 	-5.6090318 	-17.832484
-0.7975976 	0.25 	0.91 	64.183646 	-5.6265295 	-17.807132
-0.7987988 	0.25 	0.91 	64.200791 	-5.6414176 	-17.780279
-0.8 	0.25 	0.91 	64.218449 	-5.6584259 	-17.756392
-0.8012012 	0.25 	0.91 	64.236241 	-5.67666 	-17.73374
-0.8024024 	0.25 	0.91 	64.252947 	-5.693093 	-17.706725
-0.8036036 	0.25 	0.91 	64.269652 	-5.7095259 	-17.679709
-0.8048048 	0.25 	0.91 	64.286358 	-5.7259589 	-17.652694
-0.80600601 	0.25 	0.91 	64.302654 	-5.741817 	-17.623259
-0.80720721 	0.25 	0.91 	64.319156 	-5.7571515 	-17.594328
-0.80840841 	0.25 	0.91 	64.3373 	-5.7727162 	-17.57456
-0.80960961 	0.25 	0.91 	64.353959 	-5.7882821 	-17.548013
-0.81081081 	0.25 	0.91 	64.370247 	-5.8036376 	-17.519475
-0.81201201 	0.25 	0.91 	64.386536 	-5.8189931 	-17.490937
-0.81321321 	0.25 	0.91 	64.402873 	-5.8335129 	-17.461937
-0.81441441 	0.25 	0.91 	64.419334 	-5.8458895 	-17.431752
-0.81561562 	0.25 	0.91 	64.436742 	-5.8618119 	-17.406562
-0.81681682 	0.25 	0.91 	64.453538 	-5.877124 	-17.379475
-0.81801802 	0.25 	0.91 	64.469465 	-5.8911332 	-17.349346
-0.81921922 	0.25 	0.91 	64.485392 	-5.9051423 	-17.319217
-0.82042042 	0.25 	0.91 	64.501366 	-5.9192935 	-17.289417
-0.82162162 	0.25 	0.91 	64.51661 	-5.9319717 	-17.254853
-0.82282282 	0.25 	0.91 	64.533054 	-5.945121 	-17.226393
-0.82402402 	0.25 	0.91 	64.550471 	-5.9588152 	-17.203226
-0.82522523 	0.25 	0.91 	64.565731 	-5.9717 	-17.171694
-0.82642643 	0.25 	0.91 	64.580941 	-5.9844411 	-17.139899
-0.82762763 	0.25 	0.91 	64.596151 	-5.9971822 	-17.108104
-0.82882883 	0.25 	0.91 	64.611396 	-6.0081168 	-17.07519
-0.83003003 	0.25 	0.91 	64.626868 	-6.0185295 	-17.042519
-0.83123123 	0.25 	0.91 	64.643375 	-6.0325033 	-17.01493
-0.83243243 	0.25 	0.91 	64.658424 	-6.0443764 	-16.983011
-0.83363363 	0.25 	0.91 	64.672922 	-6.0554571 	-16.949458
-0.83483483 	0.25 	0.91 	64.68742 	-6.0665378 	-16.915906
-0.83603604 	0.25 	0.91 	64.701787 	-6.0773826 	-16.881416
-0.83723724 	0.25 	0.91 	64.715416 	-6.0866518 	-16.842781
-0.83843844 	0.25 	0.91 	64.731242 	-6.0975733 	-16.814838
-0.83963964 	0.25 	0.91 	64.746765 	-6.1085378 	-16.786341
-0.84084084 	0.25 	0.91 	64.76043 	-6.1180863 	-16.751055
-0.84204204 	0.25 	0.91 	64.774096 	-6.1276348 	-16.715769
-0.84324324 	0.25 	0.91 	64.787761 	-6.1371834 	-16.680483
-0.84444444 	0.25 	0.91 	64.801666 	-6.1439141 	-16.643416
-0.84564565 	0.25 	0.91 	64.81612 	-6.1524437 	-16.609132
-0.84684685 	0.25 	0.91 	64.831205 	-6.1634366 	-16.578379
-0.84804805 	0.25 	0.91 	64.844277 	-6.1709698 	-16.541446
-0.84924925 	0.25 	0.91 	64.857316 	-6.1784472 	-16.504414
-0.85045045 	0.25 	0.91 	64.870354 	-6.1859246 	-16.467381
-0.85165165 	0.25 	0.91 	64.883096 	-6.1923128 	-16.427494
-0.85285285 	0.25 	0.91 	64.895674 	-6.197736 	-16.386402
-0.85405405 	0.25 	0.91 	64.91059 	-6.2059421 	-16.358129
-0.85525526 	0.25 	0.91 	64.923851 	-6.2126607 	-16.323821
-0.85645646 	0.25 	0.91 	64.935843 	-6.2179016 	-16.285107
-0.85765766 	0.25 	0.91 	64.947834 	-6.2231426 	-16.246393
-0.85885886 	0.25 	0.91 	64.959899 	-6.2276235 	-16.207208
-0.86006006 	0.25 	0.91 	64.972196 	-6.2296799 	-16.166519
-0.86126126 	0.25 	0.91 	64.984827 	-6.2352792 	-16.13072
-0.86246246 	0.25 	0.91 	64.997071 	-6.2410668 	-16.095044
-0.86366366 	0.25 	0.91 	65.007764 	-6.2436644 	-16.054543
-0.86486486 	0.25 	0.91 	65.018456 	-6.2462619 	-16.014041
-0.86606607 	0.25 	0.91 	65.029189 	-6.2489896 	-15.973643
-0.86726727 	0.25 	0.91 	65.039351 	-6.249354 	-15.927967
-0.86846847 	0.25 	0.91 	65.049995 	-6.2509138 	-15.887063
-0.86966967 	0.25 	0.91 	65.061605 	-6.2551163 	-15.854908
-0.87087087 	0.25 	0.91 	65.071574 	-6.2566948 	-15.814004
-0.87207207 	0.25 	0.91 	65.081198 	-6.2574481 	-15.771639
-0.87327327 	0.25 	0.91 	65.090823 	-6.2582014 	-15.729273
-0.87447447 	0.25 	0.91 	65.101129 	-6.2577923 	-15.685809
-0.87567568 	0.25 	0.91 	65.111995 	-6.2565066 	-15.641554
-0.87687688 	0.25 	0.91 	65.121977 	-6.2592851 	-15.60238
-0.87807808 	0.25 	0.91 	65.13173 	-6.2596447 	-15.560912
-0.87927928 	0.25 	0.91 	65.141276 	-6.2578071 	-15.517359
-0.88048048 	0.25 	0.91 	65.150821 	-6.2559694 	-15.473807
-0.88168168 	0.25 	0.91 	65.160678 	-6.2540835 	-15.429523
-0.88288288 	0.25 	0.91 	65.171195 	-6.2492028 	-15.381137
-0.88408408 	0.25 	0.91 	65.18132 	-6.2474983 	-15.340062
-0.88528529 	0.25 	0.91 	65.191324 	-6.2469933 	-15.30162
-0.88648649 	0.25 	0.91 	65.200785 	-6.2421178 	-15.25848
-0.88768769 	0.25 	0.91 	65.210237 	-6.2372138 	-15.215334
-0.88888889 	0.25 	0.91 	65.219689 	-6.2323099 	-15.172189
-0.89009009 	0.25 	0.91 	65.230997 	-6.2260486 	-15.128991
-0.89129129 	0.25 	0.91 	65.241522 	-6.2203418 	-15.085598
-0.89249249 	0.25 	0.91 	65.249385 	-6.216543 	-15.041816
-0.89369369 	0.25 	0.91 	65.258063 	-6.2081654 	-14.999481
-0.89489489 	0.25 	0.91 	65.266884 	-6.1989866 	-14.9574
-0.8960961 	0.25 	0.91 	65.275705 	-6.1898078 	-14.915319
-0.8972973 	0.25 	0.91 	65.285225 	-6.1796767 	-14.87248
-0.8984985 	0.25 	0.91 	65.295452 	-6.1663879 	-14.828751
-0.8996997 	0.25 	0.91 	65.301731 	-6.1592807 	-14.784073
-0.9009009 	0.25 	0.91 	65.308728 	-6.1498997 	-14.741193
-0.9021021 	0.25 	0.91 	65.31645 	-6.1366777 	-14.700412
-0.9033033 	0.25 	0.91 	65.324172 	-6.1234557 	-14.659631
-0.9045045 	0.25 	0.91 	65.332025 	-6.1102326 	-14.618967
-0.90570571 	0.25 	0.91 	65.343201 	-6.0969808 	-14.581234
-0.90690691 	0.25 	0.91 	65.34959 	-6.0856858 	-14.534884
-0.90810811 	0.25 	0.91 	65.353789 	-6.074775 	-14.485296
-0.90930931 	0.25 	0.91 	65.362295 	-6.0597065 	-14.446765
-0.91051051 	0.25 	0.91 	65.370802 	-6.044638 	-14.408234
-0.91171171 	0.25 	0.91 	65.379308 	-6.0295695 	-14.369703
-0.91291291 	0.25 	0.91 	65.391096 	-6.0125567 	-14.334786
-0.91411411 	0.25 	0.91 	65.402387 	-5.9959163 	-14.2965
-0.91531532 	0.25 	0.91 	65.407563 	-5.9872329 	-14.2411
-0.91651652 	0.25 	0.91 	65.416639 	-5.9705667 	-14.201966
-0.91771772 	0.25 	0.91 	65.426634 	-5.9509217 	-14.16738
-0.91891892 	0.25 	0.91 	65.436628 	-5.9312767 	-14.132794
-0.92012012 	0.25 	0.91 	65.448634 	-5.9106997 	-14.10243
-0.92132132 	0.25 	0.91 	65.464207 	-5.8884692 	-14.079556
-0.92252252 	0.25 	0.91 	65.46921 	-5.8687203 	-14.024353
-0.92372372 	0.25 	0.91 	65.4756 	-5.8477117 	-13.977118
-0.92492492 	0.25 	0.91 	65.486111 	-5.8243145 	-13.948158
-0.92612613 	0.25 	0.91 	65.496623 	-5.8009173 	-13.919198
-0.92732733 	0.25 	0.91 	65.507382 	-5.7777646 	-13.890631
-0.92852853 	0.25 	0.91 	65.523351 	-5.7498369 	-13.878606
-0.92972973 	0.25 	0.91 	65.533789 	-5.727815 	-13.841073
-0.93093093 	0.25 	0.91 	65.539285 	-5.7110622 	-13.780785
-0.93213213 	0.25 	0.91 	65.551357 	-5.6850411 	-13.757807
-0.93333333 	0.25 	0.91 	65.563427 	-5.6588196 	-13.735111
-0.93453453 	0.25 	0.91 	65.575498 	-5.6325981 	-13.712415
-0.93573574 	0.25 	0.91 	65.592292 	-5.6048055 	-13.704159
-0.93693694 	0.25 	0.91 	65.609233 	-5.5765331 	-13.693075
-0.93813814 	0.25 	0.91 	65.615299 	-5.5497432 	-13.632521
-0.93933934 	0.25 	0.91 	65.626078 	-5.5202953 	-13.601482
-0.94054054 	0.25 	0.91 	65.639047 	-5.4896128 	-13.584153
-0.94174174 	0.25 	0.91 	65.652016 	-5.4589303 	-13.566825
-0.94294294 	0.25 	0.91 	65.666083 	-5.4268594 	-13.555659
-0.94414414 	0.25 	0.91 	65.683055 	-5.3913258 	-13.562199
-0.94534535 	0.25 	0.91 	65.692173 	-5.3624873 	-13.518193
-0.94654655 	0.25 	0.91 	65.701861 	-5.3330461 	-13.477656
-0.94774775 	0.25 	0.91 	65.715685 	-5.3010456 	-13.464532
-0.94894895 	0.25 	0.91 	65.729508 	-5.269045 	-13.451407
-0.95015015 	0.25 	0.91 	65.743332 	-5.2370445 	-13.438283
-0.95135135 	0.25 	0.91 	65.763888 	-5.2026339 	-13.452739
-0.95255255 	0.25 	0.91 	65.778776 	-5.1716424 	-13.438168
-0.95375375 	0.25 	0.91 	65.785926 	-5.145142 	-13.384708
-0.95495495 	0.25 	0.91 	65.801929 	-5.1131761 	-13.375021
-0.95615616 	0.25 	0.91 	65.818077 	-5.0811203 	-13.366053
-0.95735736 	0.25 	0.91 	65.834225 	-5.0490644 	-13.357086
-0.95855856 	0.25 	0.91 	65.852803 	-5.0126583 	-13.36037
-0.95975976 	0.25 	0.91 	65.87266 	-4.9743636 	-13.368996
-0.96096096 	0.25 	0.91 	65.884666 	-4.9403859 	-13.328198
-0.96216216 	0.25 	0.91 	65.900387 	-4.9060417 	-13.308571
-0.96336336 	0.25 	0.91 	65.9177 	-4.8730998 	-13.296379
-0.96456456 	0.25 	0.91 	65.935013 	-4.8401579 	-13.284187
-0.96576577 	0.25 	0.91 	65.952638 	-4.8067113 	-13.274127
-0.96696697 	0.25 	0.91 	65.974063 	-4.7671221 	-13.290016
-0.96816817 	0.25 	0.91 	65.987117 	-4.7298788 	-13.261598
-0.96936937 	0.25 	0.91 	65.999577 	-4.6959247 	-13.225012
-0.97057057 	0.25 	0.91 	66.017259 	-4.6670155 	-13.205586
-0.97177177 	0.25 	0.91 	66.034941 	-4.6381064 	-13.18616
-0.97297297 	0.25 	0.91 	66.052623 	-4.6091745 	-13.166794
-0.97417417 	0.25 	0.91 	66.074643 	-4.5848151 	-13.159682
-0.97537538 	0.25 	0.91 	66.095747 	-4.552621 	-13.147582
-0.97657658 	0.25 	0.91 	66.114734 	-4.5052851 	-13.125421
-0.97777778 	0.25 	0.91 	66.137755 	-4.4721085 	-13.103766
-0.97897898 	0.25 	0.91 	66.162422 	-4.4449229 	-13.08213
-0.98018018 	0.25 	0.91 	66.187089 	-4.4177372 	-13.060493
-0.98138138 	0.25 	0.91 	66.212943 	-4.3919566 	-13.049694
-0.98258258 	0.25 	0.91 	66.23964 	-4.3671749 	-13.0466
-0.98378378 	0.25 	0.91 	66.263647 	-4.3163962 	-13.022454
-0.98498498 	0.25 	0.91 	66.290468 	-4.2783552 	-12.996773
-0.98618619 	0.25 	0.91 	66.319341 	-4.249601 	-12.969974
-0.98738739 	0.25 	0.91 	66.348213 	-4.2208467 	-12.943175
-0.98858859 	0.25 	0.91 	66.377712 	-4.1912002 	-12.91788
-0.98978979 	0.25 	0.91 	66.405265 	-4.1715116 	-12.886544
-0.99099099 	0.25 	0.91 	66.43287 	-4.1286437 	-12.868657
-0.99219219 	0.25 	0.91 	66.464498 	-4.097432 	-12.843063
-0.99339339 	0.25 	0.91 	66.495225 	-4.0712407 	-12.808907
-0.99459459 	0.25 	0.91 	66.525949 	-4.0450482 	-12.774744
-0.9957958 	0.25 	0.91 	66.556674 	-4.0188557 	-12.740581
-0.996997 	0.25 	0.91 	66.587399 	-3.9926632 	-12.706418
-0.9981982 	0.25 	0.91 	66.619161 	-3.9578595 	-12.666054
-0.9993994 	0.25 	0.91 	66.658679 	-3.9026794 	-12.609314
-1.0006006 	0.25 	0.91 	66.70011 	-3.8537634 	-12.547765
-1.0018018 	0.25 	0.91 	66.741542 	-3.8048473 	-12.486216
-1.003003 	0.25 	0.91 	66.783347 	-3.7571551 	-12.423727
-1.0042042 	0.25 	0.91 	66.825289 	-3.7179298 	-12.35794
-1.0054054 	0.25 	0.91 	66.85479 	-3.7048655 	-12.29542
-1.0066066 	0.25 	0.91 	66.885454 	-3.6991017 	-12.232044
-1.0078078 	0.25 	0.91 	66.90732 	-3.6730055 	-12.249401
-1.009009 	0.25 	0.91 	66.931546 	-3.6375551 	-12.233381
-1.0102102 	0.25 	0.91 	66.987713 	-3.6036425 	-12.180256
-1.0114114 	0.25 	0.91 	67.04388 	-3.56973 	-12.12713
-1.0126126 	0.25 	0.91 	67.099282 	-3.5152119 	-12.0395
-1.0138138 	0.25 	0.91 	67.142501 	-3.4666707 	-11.963787
-1.015015 	0.25 	0.91 	67.151268 	-3.4432463 	-11.935573
-1.0162162 	0.25 	0.91 	67.191909 	-3.4010102 	-11.873903
-1.0174174 	0.25 	0.91 	67.236434 	-3.3564822 	-11.808157
-1.0186186 	0.25 	0.91 	67.280959 	-3.3119541 	-11.742411
-1.0198198 	0.25 	0.91 	67.326823 	-3.2699789 	-11.677427
-1.021021 	0.25 	0.91 	67.372056 	-3.2215377 	-11.599753
-1.0222222 	0.25 	0.91 	67.407234 	-3.1811611 	-11.538497
-1.0234234 	0.25 	0.91 	67.456036 	-3.1339015 	-11.468772
-1.0246246 	0.25 	0.91 	67.510665 	-3.0936942 	-11.401681
-1.0258258 	0.25 	0.91 	67.566449 	-3.055659 	-11.335194
-1.027027 	0.25 	0.91 	67.622233 	-3.0176238 	-11.268707
-1.0282282 	0.25 	0.91 	67.576974 	-2.939256 	-11.18278
-1.0294294 	0.25 	0.91 	67.679508 	-2.9175257 	-11.124893
-1.0306306 	0.25 	0.91 	67.79964 	-2.9006607 	-11.070135
-1.0318318 	0.25 	0.91 	67.839441 	-2.8467402 	-10.99941
-1.033033 	0.25 	0.91 	67.869364 	-2.7882637 	-10.926723
-1.0342342 	0.25 	0.91 	67.902351 	-2.7177982 	-10.853046
-1.0354354 	0.25 	0.91 	67.841238 	-2.6029899 	-10.758522
-1.0366366 	0.25 	0.91 	67.878958 	-2.5432406 	-10.688025
-1.0378378 	0.25 	0.91 	68.0187 	-2.5403266 	-10.642331
-1.039039 	0.25 	0.91 	68.069567 	-2.4783704 	-10.567464
-1.0402402 	0.25 	0.91 	68.132688 	-2.4089571 	-10.491342
-1.0414414 	0.25 	0.91 	68.189968 	-2.3289403 	-10.411516
-1.0426426 	0.25 	0.91 	68.162412 	-2.1969999 	-10.308211
-1.0438438 	0.25 	0.91 	68.2141 	-2.1423701 	-10.220233
-1.045045 	0.25 	0.91 	68.318494 	-2.139162 	-10.142449
-1.0462462 	0.25 	0.91 	68.404791 	-2.1017577 	-10.062696
-1.0474474 	0.25 	0.91 	68.484418 	-2.0231796 	-9.984829
-1.0486486 	0.25 	0.91 	68.552966 	-1.929243 	-9.9056304
-1.0498498 	0.25 	0.91 	68.617897 	-1.8302913 	-9.8259968
-1.0510511 	0.25 	0.91 	68.682827 	-1.7313396 	-9.7463633
-1.0522523 	0.25 	0.91 	68.703901 	-1.5695724 	-9.6626905
-1.0534535 	0.25 	0.91 	68.750919 	-1.4492796 	-9.5776328
-1.0546547 	0.25 	0.91 	68.853936 	-1.3951136 	-9.4910399
-1.0558559 	0.25 	0.91 	68.932123 	-1.2835639 	-9.4051832
-1.0570571 	0.25 	0.91 	69.01031 	-1.1720143 	-9.3193266
-1.0582583 	0.25 	0.91 	69.083716 	-1.0625194 	-9.2323783
-1.0594595 	0.25 	0.91 	69.141287 	-0.94262733 	-9.1423006
-1.0606607 	0.25 	0.91 	69.21629 	-0.84341675 	-9.0502786
-1.0618619 	0.25 	0.91 	69.292572 	-0.72798377 	-8.9564239
-1.0630631 	0.25 	0.91 	69.374599 	-0.61086201 	-8.8632189
-1.0642643 	0.25 	0.91 	69.457338 	-0.49502958 	-8.7700351
-1.0654655 	0.25 	0.91 	69.540841 	-0.38058412 	-8.676874
-1.0666667 	0.25 	0.91 	69.580553 	-0.27381292 	-8.5919101
-1.0678679 	0.25 	0.91 	69.717241 	-0.1382137 	-8.486792
-1.0690691 	0.25 	0.91 	69.800546 	-0.012519989 	-8.3907418
-1.0702703 	0.25 	0.91 	69.88385 	0.11317373 	-8.2946916
-1.0714715 	0.25 	0.91 	69.967155 	0.23886744 	-8.1986413
-1.0726727 	0.25 	0.91 	70.049484 	0.36462668 	-8.1025241
-1.0738739 	0.25 	0.91 	70.107768 	0.48737611 	-8.0104591
-1.0750751 	0.25 	0.91 	70.22316 	0.62322224 	-7.9120004
-1.0762763 	0.25 	0.91 	70.298144 	0.75618312 	-7.8015003
-1.0774775 	0.25 	0.91 	70.374287 	0.88854378 	-7.6961056
-1.0786787 	0.25 	0.91 	70.450569 	1.0208328 	-7.5913205
-1.0798799 	0.25 	0.91 	70.526851 	1.1531218 	-7.4865355
-1.0810811 	0.25 	0.91 	70.603133 	1.2854108 	-7.3817504
-1.0822823 	0.25 	0.91 	70.629741 	1.4087762 	-7.2803286
-1.0834835 	0.25 	0.91 	70.758361 	1.5728447 	-7.1542297
-1.0846847 	0.25 	0.91 	70.823773 	1.7194974 	-7.0424159
-1.0858859 	0.25 	0.91 	70.889185 	1.8661501 	-6.9306021
-1.0870871 	0.25 	0.91 	70.954597 	2.0128028 	-6.8187883
-1.0882883 	0.25 	0.91 	71.024348 	2.1573781 	-6.6998872
-1.0894895 	0.25 	0.91 	71.091484 	2.2997091 	-6.5793017
-1.0906907 	0.25 	0.91 	71.151893 	2.4508462 	-6.4567646
-1.0918919 	0.25 	0.91 	71.20834 	2.6036634 	-6.3388618
-1.0930931 	0.25 	0.91 	71.263514 	2.7570206 	-6.2224485
-1.0942943 	0.25 	0.91 	71.318688 	2.9103778 	-6.1060353
-1.0954955 	0.25 	0.91 	71.374376 	3.1085906 	-5.9863901
-1.0966967 	0.25 	0.91 	71.402289 	3.2125292 	-5.8719106
-1.0978979 	0.25 	0.91 	71.425517 	3.2940803 	-5.7554618
-1.0990991 	0.25 	0.91 	71.454299 	3.4315193 	-5.6344369
-1.1003003 	0.25 	0.91 	71.481848 	3.5702206 	-5.5166477
-1.1015015 	0.25 	0.91 	71.509807 	3.7116377 	-5.3990466
-1.1027027 	0.25 	0.91 	71.540708 	3.8725477 	-5.2827957
-1.1039039 	0.25 	0.91 	71.57958 	4.0862868 	-5.1702039
-1.1051051 	0.25 	0.91 	71.62347 	4.3332808 	-5.0599154
-1.1063063 	0.25 	0.91 	71.633559 	4.4818174 	-4.9381111
-1.1075075 	0.25 	0.91 	71.594369 	4.4868068 	-4.7995172
-1.1087087 	0.25 	0.91 	71.592612 	4.6433537 	-4.6733448
-1.1099099 	0.25 	0.91 	71.597938 	4.8278438 	-4.5486858
-1.1111111 	0.25 	0.91 	71.60788 	5.0310648 	-4.4234331
-1.1123123 	0.25 	0.91 	71.656473 	5.4036719 	-4.3016695
-1.1135135 	0.25 	0.91 	71.641818 	5.5826482 	-4.1807908
-1.1147147 	0.25 	0.91 	71.570653 	5.5886274 	-4.0607027
-1.1159159 	0.25 	0.91 	71.558571 	5.7963381 	-3.9336708
-1.1171171 	0.25 	0.91 	71.55733 	6.0411467 	-3.805236
-1.1183183 	0.25 	0.91 	71.556089 	6.2859554 	-3.6768013
-1.1195195 	0.25 	0.91 	71.554848 	6.530764 	-3.5483665
-1.1207207 	0.25 	0.91 	71.551385 	6.7792813 	-3.4184483
-1.1219219 	0.25 	0.91 	71.548808 	7.0256397 	-3.2869221
-1.1231231 	0.25 	0.91 	71.546231 	7.2719981 	-3.1553959
-1.1243243 	0.25 	0.91 	71.543654 	7.5183565 	-3.0238697
-1.1255255 	0.25 	0.91 	71.541076 	7.7647149 	-2.8923435
-1.1267267 	0.25 	0.91 	71.561163 	8.0112117 	-2.754025
-1.1279279 	0.25 	0.91 	71.611911 	8.2608096 	-2.6113192
-1.1291291 	0.25 	0.91 	71.54384 	8.5076061 	-2.4769375
-1.1303303 	0.25 	0.91 	71.507897 	8.768955 	-2.3391413
-1.1315315 	0.25 	0.91 	71.506191 	9.0802603 	-2.1849346
-1.1327327 	0.25 	0.91 	71.504485 	9.3915656 	-2.0307279
-1.1339339 	0.25 	0.91 	71.552907 	9.710205 	-1.8687392
-1.1351351 	0.25 	0.91 	71.612507 	10.028822 	-1.7078631
-1.1363363 	0.25 	0.91 	71.56306 	10.318751 	-1.5857917
-1.1375375 	0.25 	0.91 	71.521105 	10.61151 	-1.4597213
-1.1387387 	0.25 	0.91 	71.493676 	10.909757 	-1.3258974
-1.1399399 	0.25 	0.91 	71.466247 	11.208004 	-1.1920735
-1.1411411 	0.25 	0.91 	71.444653 	11.507368 	-1.0567372
-1.1423423 	0.25 	0.91 	71.468302 	11.820777 	-0.89909876
-1.1435435 	0.25 	0.91 	71.493989 	12.135311 	-0.7390105
-1.1447447 	0.25 	0.91 	71.458821 	12.493856 	-0.60066907
-1.1459459 	0.25 	0.91 	71.41978 	12.853368 	-0.45827585
-1.1471471 	0.25 	0.91 	71.387886 	13.20352 	-0.30128922
-1.1483483 	0.25 	0.91 	71.355993 	13.553672 	-0.14430259
-1.1495495 	0.25 	0.91 	71.327318 	13.896372 	0.015989849
-1.1507508 	0.25 	0.91 	71.319702 	14.190312 	0.19791078
-1.151952 	0.25 	0.91 	71.303136 	14.484454 	0.36182217
-1.1531532 	0.25 	0.91 	71.275869 	14.778839 	0.5041988
-1.1543544 	0.25 	0.91 	71.226402 	15.119123 	0.66689082
-1.1555556 	0.25 	0.91 	71.171889 	15.46984 	0.83419999
-1.1567568 	0.25 	0.91 	71.117377 	15.820556 	1.0015092
-1.157958 	0.25 	0.91 	71.047952 	16.177581 	1.1831955
-1.1591592 	0.25 	0.91 	70.957527 	16.549193 	1.3807886
-1.1603604 	0.25 	0.91 	70.890948 	16.921164 	1.5527703
-1.1615616 	0.25 	0.91 	70.792173 	17.290705 	1.7275269
-1.1627628 	0.25 	0.91 	70.664091 	17.664238 	1.901676
-1.163964 	0.25 	0.91 	70.536009 	18.03777 	2.075825
-1.1651652 	0.25 	0.91 	70.407926 	18.411303 	2.2499741
-1.1663664 	0.25 	0.91 	70.191557 	18.739623 	2.4305223
-1.1675676 	0.25 	0.91 	69.983803 	19.075085 	2.6073947
-1.1687688 	0.25 	0.91 	69.800884 	19.427128 	2.77815
-1.16997 	0.25 	0.91 	69.562598 	19.767547 	2.9490581
-1.1711712 	0.25 	0.91 	69.313093 	20.105611 	3.1199971
-1.1723724 	0.25 	0.91 	69.063589 	20.443674 	3.2909361
-1.1735736 	0.25 	0.91 	68.744791 	20.726937 	3.4550695
-1.1747748 	0.25 	0.91 	68.382747 	20.976056 	3.6149357
-1.175976 	0.25 	0.91 	68.053156 	21.240351 	3.7765888
-1.1771772 	0.25 	0.91 	67.716478 	21.497469 	3.9353633
-1.1783784 	0.25 	0.91 	67.311719 	21.735746 	4.0868682
-1.1795796 	0.25 	0.91 	66.907274 	21.976616 	4.2392194
-1.1807808 	0.25 	0.91 	66.502828 	22.217485 	4.3915706
-1.181982 	0.25 	0.91 	66.017522 	22.375175 	4.528093
-1.1831832 	0.25 	0.91 	65.53415 	22.536396 	4.6648189
-1.1843844 	0.25 	0.91 	65.057818 	22.709634 	4.8023812
-1.1855856 	0.25 	0.91 	64.552825 	22.84394 	4.930935
-1.1867868 	0.25 	0.91 	64.02379 	22.945591 	5.0519325
-1.187988 	0.25 	0.91 	63.498885 	23.045379 	5.1717384
-1.1891892 	0.25 	0.91 	62.992882 	23.087887 	5.2717627
-1.1903904 	0.25 	0.91 	62.466781 	23.092896 	5.3638979
-1.1915916 	0.25 	0.91 	61.934901 	23.076307 	5.4516459
-1.1927928 	0.25 	0.91 	61.405017 	23.051811 	5.5374599
-1.193994 	0.25 	0.91 	60.927391 	22.974825 	5.6074868
-1.1951952 	0.25 	0.91 	60.402391 	22.882571 	5.6785484
-1.1963964 	0.25 	0.91 	59.877392 	22.790318 	5.74961
-1.1975976 	0.25 	0.91 	59.428136 	22.641563 	5.8086418
-1.1987988 	0.25 	0.91 	58.982764 	22.48814 	5.8647093
-1.2 	0.25 	0.91 	58.532579 	22.330351 	5.910999
