0 	0.25 	0.091 	52.055758 	-5.6288006 	-0.87891282
-0.0012012012 	0.25 	0.091 	52.065551 	-5.6429821 	-0.87930826
-0.0024024024 	0.25 	0.091 	52.075344 	-5.6571636 	-0.8797037
-0.0036036036 	0.25 	0.091 	52.085137 	-5.6713451 	-0.88009914
-0.0048048048 	0.25 	0.091 	52.09493 	-5.6855266 	-0.88049458
-0.006006006 	0.25 	0.091 	52.104723 	-5.6997081 	-0.88089002
-0.0072072072 	0.25 	0.091 	52.114516 	-5.7138896 	-0.88128546
-0.0084084084 	0.25 	0.091 	52.124309 	-5.7280711 	-0.8816809
-0.0096096096 	0.25 	0.091 	52.134102 	-5.7422526 	-0.88207634
-0.010810811 	0.25 	0.091 	52.143895 	-5.7564341 	-0.88247178
-0.012012012 	0.25 	0.091 	52.153688 	-5.7706156 	-0.88286722
-0.013213213 	0.25 	0.091 	52.163481 	-5.7847971 	-0.88326266
-0.014414414 	0.25 	0.091 	52.173274 	-5.7989786 	-0.8836581
-0.015615616 	0.25 	0.091 	52.18294 	-5.8130058 	-0.884044
-0.016816817 	0.25 	0.091 	52.191308 	-5.8254597 	-0.88433261
-0.018018018 	0.25 	0.091 	52.199676 	-5.8379136 	-0.88462123
-0.019219219 	0.25 	0.091 	52.208044 	-5.8503675 	-0.88490984
-0.02042042 	0.25 	0.091 	52.216412 	-5.8628214 	-0.88519846
-0.021621622 	0.25 	0.091 	52.225986 	-5.8764831 	-0.88555466
-0.022822823 	0.25 	0.091 	52.236073 	-5.890659 	-0.88593965
-0.024024024 	0.25 	0.091 	52.246159 	-5.904835 	-0.88632463
-0.025225225 	0.25 	0.091 	52.256246 	-5.919011 	-0.88670962
-0.026426426 	0.25 	0.091 	52.266333 	-5.9331869 	-0.8870946
-0.027627628 	0.25 	0.091 	52.276419 	-5.9473629 	-0.88747958
-0.028828829 	0.25 	0.091 	52.286506 	-5.9615388 	-0.88786457
-0.03003003 	0.25 	0.091 	52.296593 	-5.9757148 	-0.88824955
-0.031231231 	0.25 	0.091 	52.30668 	-5.9898908 	-0.88863454
-0.032432432 	0.25 	0.091 	52.316766 	-6.0040667 	-0.88901952
-0.033633634 	0.25 	0.091 	52.326853 	-6.0182427 	-0.88940451
-0.034834835 	0.25 	0.091 	52.33694 	-6.0324187 	-0.88978949
-0.036036036 	0.25 	0.091 	52.347026 	-6.0465946 	-0.89017448
-0.037237237 	0.25 	0.091 	52.357113 	-6.0607706 	-0.89055946
-0.038438438 	0.25 	0.091 	52.3672 	-6.0749465 	-0.89094444
-0.03963964 	0.25 	0.091 	52.377286 	-6.0891225 	-0.89132943
-0.040840841 	0.25 	0.091 	52.387373 	-6.1032985 	-0.89171441
-0.042042042 	0.25 	0.091 	52.39746 	-6.1174744 	-0.8920994
-0.043243243 	0.25 	0.091 	52.407547 	-6.1316504 	-0.89248438
-0.044444444 	0.25 	0.091 	52.41662 	-6.1446555 	-0.89277979
-0.045645646 	0.25 	0.091 	52.425244 	-6.157141 	-0.89303544
-0.046846847 	0.25 	0.091 	52.433868 	-6.1696264 	-0.89329109
-0.048048048 	0.25 	0.091 	52.442492 	-6.1821119 	-0.89354673
-0.049249249 	0.25 	0.091 	52.451115 	-6.1945973 	-0.89380238
-0.05045045 	0.25 	0.091 	52.459739 	-6.2070828 	-0.89405803
-0.051651652 	0.25 	0.091 	52.468363 	-6.2195682 	-0.89431368
-0.052852853 	0.25 	0.091 	52.476987 	-6.2320537 	-0.89456933
-0.054054054 	0.25 	0.091 	52.48561 	-6.2445391 	-0.89482498
-0.055255255 	0.25 	0.091 	52.494234 	-6.2570246 	-0.89508062
-0.056456456 	0.25 	0.091 	52.502858 	-6.26951 	-0.89533627
-0.057657658 	0.25 	0.091 	52.511482 	-6.2819955 	-0.89559192
-0.058858859 	0.25 	0.091 	52.520106 	-6.2944809 	-0.89584757
-0.06006006 	0.25 	0.091 	52.528729 	-6.3069664 	-0.89610322
-0.061261261 	0.25 	0.091 	52.540445 	-6.324101 	-0.89631015
-0.062462462 	0.25 	0.091 	52.552276 	-6.3414092 	-0.89651527
-0.063663664 	0.25 	0.091 	52.564106 	-6.3587175 	-0.89672039
-0.064864865 	0.25 	0.091 	52.575937 	-6.3760258 	-0.89692551
-0.066066066 	0.25 	0.091 	52.587768 	-6.3933341 	-0.89713063
-0.067267267 	0.25 	0.091 	52.599599 	-6.4106423 	-0.89733575
-0.068468468 	0.25 	0.091 	52.61143 	-6.4279506 	-0.89754087
-0.06966967 	0.25 	0.091 	52.623261 	-6.4452589 	-0.89774599
-0.070870871 	0.25 	0.091 	52.635092 	-6.4625671 	-0.89795111
-0.072072072 	0.25 	0.091 	52.646922 	-6.4798754 	-0.89815623
-0.073273273 	0.25 	0.091 	52.658753 	-6.4971837 	-0.89836135
-0.074474474 	0.25 	0.091 	52.670584 	-6.514492 	-0.89856647
-0.075675676 	0.25 	0.091 	52.682415 	-6.5318002 	-0.89877159
-0.076876877 	0.25 	0.091 	52.694397 	-6.5481305 	-0.89900166
-0.078078078 	0.25 	0.091 	52.706808 	-6.5616787 	-0.89930271
-0.079279279 	0.25 	0.091 	52.719219 	-6.5752268 	-0.89960376
-0.08048048 	0.25 	0.091 	52.731631 	-6.5887749 	-0.89990481
-0.081681682 	0.25 	0.091 	52.744042 	-6.602323 	-0.90020586
-0.082882883 	0.25 	0.091 	52.756453 	-6.6158711 	-0.90050691
-0.084084084 	0.25 	0.091 	52.768864 	-6.6294193 	-0.90080796
-0.085285285 	0.25 	0.091 	52.781276 	-6.6429674 	-0.90110901
-0.086486486 	0.25 	0.091 	52.793687 	-6.6565155 	-0.90141007
-0.087687688 	0.25 	0.091 	52.806098 	-6.6700636 	-0.90171112
-0.088888889 	0.25 	0.091 	52.81851 	-6.6836118 	-0.90201217
-0.09009009 	0.25 	0.091 	52.830921 	-6.6971599 	-0.90231322
-0.091291291 	0.25 	0.091 	52.843332 	-6.710708 	-0.90261427
-0.092492492 	0.25 	0.091 	52.855743 	-6.7242561 	-0.90291532
-0.093693694 	0.25 	0.091 	52.868155 	-6.7378043 	-0.90321637
-0.094894895 	0.25 	0.091 	52.880566 	-6.7513524 	-0.90351742
-0.096096096 	0.25 	0.091 	52.892977 	-6.7649005 	-0.90381847
-0.097297297 	0.25 	0.091 	52.905389 	-6.7784486 	-0.90411952
-0.098498498 	0.25 	0.091 	52.9178 	-6.7919967 	-0.90442057
-0.0996997 	0.25 	0.091 	52.930211 	-6.8055449 	-0.90472162
-0.1009009 	0.25 	0.091 	52.942825 	-6.8177899 	-0.90499638
-0.1021021 	0.25 	0.091 	52.95545 	-6.8299602 	-0.90526963
-0.1033033 	0.25 	0.091 	52.968074 	-6.8421304 	-0.90554287
-0.1045045 	0.25 	0.091 	52.980699 	-6.8543007 	-0.90581612
-0.10570571 	0.25 	0.091 	52.993929 	-6.8630715 	-0.90602058
-0.10690691 	0.25 	0.091 	53.007218 	-6.8715142 	-0.9062184
-0.10810811 	0.25 	0.091 	53.020506 	-6.8799569 	-0.90641622
-0.10930931 	0.25 	0.091 	53.033795 	-6.8883995 	-0.90661404
-0.11051051 	0.25 	0.091 	53.047083 	-6.8968422 	-0.90681186
-0.11171171 	0.25 	0.091 	53.060372 	-6.9052849 	-0.90700968
-0.11291291 	0.25 	0.091 	53.07366 	-6.9137276 	-0.9072075
-0.11411411 	0.25 	0.091 	53.086949 	-6.9221703 	-0.90740532
-0.11531532 	0.25 	0.091 	53.100237 	-6.930613 	-0.90760313
-0.11651652 	0.25 	0.091 	53.113526 	-6.9390557 	-0.90780095
-0.11771772 	0.25 	0.091 	53.126814 	-6.9474983 	-0.90799877
-0.11891892 	0.25 	0.091 	53.140103 	-6.955941 	-0.90819659
-0.12012012 	0.25 	0.091 	53.153391 	-6.9643837 	-0.90839441
-0.12132132 	0.25 	0.091 	53.167292 	-6.9738426 	-0.90860785
-0.12252252 	0.25 	0.091 	53.183524 	-6.9871734 	-0.90888079
-0.12372372 	0.25 	0.091 	53.199756 	-7.0005043 	-0.90915374
-0.12492492 	0.25 	0.091 	53.215988 	-7.0138351 	-0.90942668
-0.12612613 	0.25 	0.091 	53.232219 	-7.027166 	-0.90969962
-0.12732733 	0.25 	0.091 	53.248451 	-7.0404968 	-0.90997256
-0.12852853 	0.25 	0.091 	53.264683 	-7.0538277 	-0.91024551
-0.12972973 	0.25 	0.091 	53.280915 	-7.0671585 	-0.91051845
-0.13093093 	0.25 	0.091 	53.297147 	-7.0804894 	-0.91079139
-0.13213213 	0.25 	0.091 	53.313379 	-7.0938202 	-0.91106434
-0.13333333 	0.25 	0.091 	53.329611 	-7.1071511 	-0.91133728
-0.13453453 	0.25 	0.091 	53.345843 	-7.1204819 	-0.91161022
-0.13573574 	0.25 	0.091 	53.362075 	-7.1338128 	-0.91188317
-0.13693694 	0.25 	0.091 	53.378307 	-7.1471436 	-0.91215611
-0.13813814 	0.25 	0.091 	53.394393 	-7.1600607 	-0.91240033
-0.13933934 	0.25 	0.091 	53.410342 	-7.172585 	-0.9126173
-0.14054054 	0.25 	0.091 	53.426291 	-7.1851094 	-0.91283427
-0.14174174 	0.25 	0.091 	53.442239 	-7.1976337 	-0.91305123
-0.14294294 	0.25 	0.091 	53.458 	-7.2102927 	-0.91328846
-0.14414414 	0.25 	0.091 	53.473653 	-7.2230282 	-0.91353722
-0.14534535 	0.25 	0.091 	53.489306 	-7.2357638 	-0.91378598
-0.14654655 	0.25 	0.091 	53.504959 	-7.2484993 	-0.91403473
-0.14774775 	0.25 	0.091 	53.520612 	-7.2612349 	-0.91428349
-0.14894895 	0.25 	0.091 	53.536265 	-7.2739705 	-0.91453225
-0.15015015 	0.25 	0.091 	53.551918 	-7.286706 	-0.91478101
-0.15135135 	0.25 	0.091 	53.567572 	-7.2994416 	-0.91502976
-0.15255255 	0.25 	0.091 	53.583225 	-7.3121771 	-0.91527852
-0.15375375 	0.25 	0.091 	53.598878 	-7.3249127 	-0.91552728
-0.15495495 	0.25 	0.091 	53.614531 	-7.3376483 	-0.91577604
-0.15615616 	0.25 	0.091 	53.630184 	-7.3503838 	-0.91602479
-0.15735736 	0.25 	0.091 	53.645837 	-7.3631194 	-0.91627355
-0.15855856 	0.25 	0.091 	53.66149 	-7.375855 	-0.91652231
-0.15975976 	0.25 	0.091 	53.677143 	-7.3885905 	-0.91677107
-0.16096096 	0.25 	0.091 	53.692796 	-7.4013261 	-0.91701983
-0.16216216 	0.25 	0.091 	53.708449 	-7.4140616 	-0.91726858
-0.16336336 	0.25 	0.091 	53.724103 	-7.4267972 	-0.91751734
-0.16456456 	0.25 	0.091 	53.739756 	-7.4395328 	-0.9177661
-0.16576577 	0.25 	0.091 	53.755352 	-7.4521309 	-0.91800249
-0.16696697 	0.25 	0.091 	53.77069 	-7.4640972 	-0.91818202
-0.16816817 	0.25 	0.091 	53.786027 	-7.4760634 	-0.91836155
-0.16936937 	0.25 	0.091 	53.801364 	-7.4880296 	-0.91854108
-0.17057057 	0.25 	0.091 	53.816701 	-7.4999959 	-0.91872061
-0.17177177 	0.25 	0.091 	53.832038 	-7.5119621 	-0.91890014
-0.17297297 	0.25 	0.091 	53.847376 	-7.5239284 	-0.91907967
-0.17417417 	0.25 	0.091 	53.862713 	-7.5358946 	-0.9192592
-0.17537538 	0.25 	0.091 	53.87805 	-7.5478608 	-0.91943873
-0.17657658 	0.25 	0.091 	53.893387 	-7.5598271 	-0.91961826
-0.17777778 	0.25 	0.091 	53.908725 	-7.5717933 	-0.91979779
-0.17897898 	0.25 	0.091 	53.924062 	-7.5837596 	-0.91997732
-0.18018018 	0.25 	0.091 	53.939399 	-7.5957258 	-0.92015685
-0.18138138 	0.25 	0.091 	53.954736 	-7.607692 	-0.92033638
-0.18258258 	0.25 	0.091 	53.972133 	-7.6213275 	-0.9204795
-0.18378378 	0.25 	0.091 	53.991751 	-7.6367635 	-0.92058335
-0.18498498 	0.25 	0.091 	54.01137 	-7.6521995 	-0.92068719
-0.18618619 	0.25 	0.091 	54.030988 	-7.6676356 	-0.92079104
-0.18738739 	0.25 	0.091 	54.050606 	-7.6830716 	-0.92089488
-0.18858859 	0.25 	0.091 	54.070224 	-7.6985076 	-0.92099873
-0.18978979 	0.25 	0.091 	54.089843 	-7.7139437 	-0.92110258
-0.19099099 	0.25 	0.091 	54.109461 	-7.7293797 	-0.92120642
-0.19219219 	0.25 	0.091 	54.129079 	-7.7448157 	-0.92131027
-0.19339339 	0.25 	0.091 	54.148698 	-7.7602518 	-0.92141411
-0.19459459 	0.25 	0.091 	54.168316 	-7.7756878 	-0.92151796
-0.1957958 	0.25 	0.091 	54.187934 	-7.7911238 	-0.92162181
-0.196997 	0.25 	0.091 	54.207552 	-7.8065599 	-0.92172565
-0.1981982 	0.25 	0.091 	54.227171 	-7.8219959 	-0.9218295
-0.1993994 	0.25 	0.091 	54.245467 	-7.8348405 	-0.92198237
-0.2006006 	0.25 	0.091 	54.263389 	-7.8469526 	-0.9221491
-0.2018018 	0.25 	0.091 	54.281311 	-7.8590647 	-0.92231584
-0.203003 	0.25 	0.091 	54.299233 	-7.8711767 	-0.92248257
-0.2042042 	0.25 	0.091 	54.317155 	-7.8832888 	-0.9226493
-0.20540541 	0.25 	0.091 	54.335077 	-7.8954009 	-0.92281603
-0.20660661 	0.25 	0.091 	54.352999 	-7.9075129 	-0.92298277
-0.20780781 	0.25 	0.091 	54.370922 	-7.919625 	-0.9231495
-0.20900901 	0.25 	0.091 	54.388844 	-7.9317371 	-0.92331623
-0.21021021 	0.25 	0.091 	54.406766 	-7.9438491 	-0.92348297
-0.21141141 	0.25 	0.091 	54.424688 	-7.9559612 	-0.9236497
-0.21261261 	0.25 	0.091 	54.44261 	-7.9680732 	-0.92381643
-0.21381381 	0.25 	0.091 	54.460532 	-7.9801853 	-0.92398316
-0.21501502 	0.25 	0.091 	54.478454 	-7.9922974 	-0.9241499
-0.21621622 	0.25 	0.091 	54.496377 	-8.0044094 	-0.92431663
-0.21741742 	0.25 	0.091 	54.514299 	-8.0165215 	-0.92448336
-0.21861862 	0.25 	0.091 	54.532221 	-8.0286336 	-0.9246501
-0.21981982 	0.25 	0.091 	54.550143 	-8.0407456 	-0.92481683
-0.22102102 	0.25 	0.091 	54.568065 	-8.0528577 	-0.92498356
-0.22222222 	0.25 	0.091 	54.585987 	-8.0649698 	-0.9251503
-0.22342342 	0.25 	0.091 	54.604869 	-8.0766485 	-0.92527063
-0.22462462 	0.25 	0.091 	54.623771 	-8.0883185 	-0.92539004
-0.22582583 	0.25 	0.091 	54.642673 	-8.0999885 	-0.92550944
-0.22702703 	0.25 	0.091 	54.660885 	-8.1102334 	-0.92561423
-0.22822823 	0.25 	0.091 	54.678203 	-8.118631 	-0.92570008
-0.22942943 	0.25 	0.091 	54.695522 	-8.1270286 	-0.92578594
-0.23063063 	0.25 	0.091 	54.712841 	-8.1354262 	-0.92587179
-0.23183183 	0.25 	0.091 	54.73016 	-8.1438238 	-0.92595765
-0.23303303 	0.25 	0.091 	54.747478 	-8.1522214 	-0.92604351
-0.23423423 	0.25 	0.091 	54.764797 	-8.160619 	-0.92612936
-0.23543544 	0.25 	0.091 	54.782116 	-8.1690166 	-0.92621522
-0.23663664 	0.25 	0.091 	54.799434 	-8.1774142 	-0.92630107
-0.23783784 	0.25 	0.091 	54.816753 	-8.1858118 	-0.92638693
-0.23903904 	0.25 	0.091 	54.834072 	-8.1942094 	-0.92647278
-0.24024024 	0.25 	0.091 	54.851391 	-8.202607 	-0.92655864
-0.24144144 	0.25 	0.091 	54.868709 	-8.2110046 	-0.9266445
-0.24264264 	0.25 	0.091 	54.886028 	-8.2194022 	-0.92673035
-0.24384384 	0.25 	0.091 	54.907106 	-8.2300092 	-0.92681821
-0.24504505 	0.25 	0.091 	54.929551 	-8.2414206 	-0.92690679
-0.24624625 	0.25 	0.091 	54.951997 	-8.2528319 	-0.92699537
-0.24744745 	0.25 	0.091 	54.974443 	-8.2642433 	-0.92708396
-0.24864865 	0.25 	0.091 	54.996889 	-8.2756547 	-0.92717254
-0.24984985 	0.25 	0.091 	55.019335 	-8.287066 	-0.92726112
-0.25105105 	0.25 	0.091 	55.04178 	-8.2984774 	-0.92734971
-0.25225225 	0.25 	0.091 	55.064226 	-8.3098887 	-0.92743829
-0.25345345 	0.25 	0.091 	55.086672 	-8.3213001 	-0.92752687
-0.25465465 	0.25 	0.091 	55.109118 	-8.3327114 	-0.92761546
-0.25585586 	0.25 	0.091 	55.131563 	-8.3441228 	-0.92770404
-0.25705706 	0.25 	0.091 	55.154009 	-8.3555341 	-0.92779262
-0.25825826 	0.25 	0.091 	55.176455 	-8.3669455 	-0.92788121
-0.25945946 	0.25 	0.091 	55.198842 	-8.3783732 	-0.92796733
-0.26066066 	0.25 	0.091 	55.219581 	-8.3902619 	-0.92798443
-0.26186186 	0.25 	0.091 	55.240319 	-8.4021505 	-0.92800152
-0.26306306 	0.25 	0.091 	55.261057 	-8.4140392 	-0.92801862
-0.26426426 	0.25 	0.091 	55.280857 	-8.425501 	-0.92806966
-0.26546547 	0.25 	0.091 	55.300155 	-8.4367353 	-0.9281388
-0.26666667 	0.25 	0.091 	55.319453 	-8.4479696 	-0.92820795
-0.26786787 	0.25 	0.091 	55.338752 	-8.4592039 	-0.92827709
-0.26906907 	0.25 	0.091 	55.35805 	-8.4704382 	-0.92834624
-0.27027027 	0.25 	0.091 	55.377349 	-8.4816725 	-0.92841538
-0.27147147 	0.25 	0.091 	55.396647 	-8.4929068 	-0.92848453
-0.27267267 	0.25 	0.091 	55.415946 	-8.5041411 	-0.92855367
-0.27387387 	0.25 	0.091 	55.435244 	-8.5153754 	-0.92862282
-0.27507508 	0.25 	0.091 	55.454543 	-8.5266097 	-0.92869196
-0.27627628 	0.25 	0.091 	55.473841 	-8.537844 	-0.92876111
-0.27747748 	0.25 	0.091 	55.493139 	-8.5490783 	-0.92883025
-0.27867868 	0.25 	0.091 	55.512438 	-8.5603126 	-0.92889939
-0.27987988 	0.25 	0.091 	55.531736 	-8.5715469 	-0.92896854
-0.28108108 	0.25 	0.091 	55.551035 	-8.5827812 	-0.92903768
-0.28228228 	0.25 	0.091 	55.570333 	-8.5940155 	-0.92910683
-0.28348348 	0.25 	0.091 	55.589632 	-8.6052498 	-0.92917597
-0.28468468 	0.25 	0.091 	55.60893 	-8.6164841 	-0.92924512
-0.28588589 	0.25 	0.091 	55.628229 	-8.6277184 	-0.92931426
-0.28708709 	0.25 	0.091 	55.647527 	-8.6389527 	-0.92938341
-0.28828829 	0.25 	0.091 	55.66562 	-8.6505464 	-0.92941771
-0.28948949 	0.25 	0.091 	55.683186 	-8.6622977 	-0.92943674
-0.29069069 	0.25 	0.091 	55.700751 	-8.6740489 	-0.92945577
-0.29189189 	0.25 	0.091 	55.718316 	-8.6858002 	-0.9294748
-0.29309309 	0.25 	0.091 	55.735881 	-8.6975514 	-0.92949383
-0.29429429 	0.25 	0.091 	55.753446 	-8.7093027 	-0.92951286
-0.2954955 	0.25 	0.091 	55.771012 	-8.7210539 	-0.92953189
-0.2966967 	0.25 	0.091 	55.788577 	-8.7328052 	-0.92955092
-0.2978979 	0.25 	0.091 	55.806142 	-8.7445564 	-0.92956995
-0.2990991 	0.25 	0.091 	55.823707 	-8.7563077 	-0.92958898
-0.3003003 	0.25 	0.091 	55.841272 	-8.7680589 	-0.92960801
-0.3015015 	0.25 	0.091 	55.858838 	-8.7798102 	-0.92962704
-0.3027027 	0.25 	0.091 	55.876403 	-8.7915615 	-0.92964607
-0.3039039 	0.25 	0.091 	55.893968 	-8.8033127 	-0.9296651
-0.30510511 	0.25 	0.091 	55.918048 	-8.816069 	-0.92959798
-0.30630631 	0.25 	0.091 	55.942153 	-8.8288291 	-0.92953053
-0.30750751 	0.25 	0.091 	55.966258 	-8.8415892 	-0.92946308
-0.30870871 	0.25 	0.091 	55.990363 	-8.8543493 	-0.92939563
-0.30990991 	0.25 	0.091 	56.014468 	-8.8671095 	-0.92932818
-0.31111111 	0.25 	0.091 	56.038573 	-8.8798696 	-0.92926073
-0.31231231 	0.25 	0.091 	56.062677 	-8.8926297 	-0.92919328
-0.31351351 	0.25 	0.091 	56.086782 	-8.9053898 	-0.92912583
-0.31471471 	0.25 	0.091 	56.110887 	-8.9181499 	-0.92905838
-0.31591592 	0.25 	0.091 	56.134992 	-8.93091 	-0.92899093
-0.31711712 	0.25 	0.091 	56.159097 	-8.9436701 	-0.92892349
-0.31831832 	0.25 	0.091 	56.183202 	-8.9564302 	-0.92885604
-0.31951952 	0.25 	0.091 	56.207307 	-8.9691903 	-0.92878859
-0.32072072 	0.25 	0.091 	56.230376 	-8.9812347 	-0.9287242
-0.32192192 	0.25 	0.091 	56.250943 	-8.9915501 	-0.92866719
-0.32312312 	0.25 	0.091 	56.27151 	-9.0018655 	-0.92861018
-0.32432432 	0.25 	0.091 	56.292078 	-9.0121809 	-0.92855318
-0.32552553 	0.25 	0.091 	56.312645 	-9.0224964 	-0.92849617
-0.32672673 	0.25 	0.091 	56.333213 	-9.0328118 	-0.92843917
-0.32792793 	0.25 	0.091 	56.35378 	-9.0431272 	-0.92838216
-0.32912913 	0.25 	0.091 	56.374347 	-9.0534426 	-0.92832516
-0.33033033 	0.25 	0.091 	56.394915 	-9.063758 	-0.92826815
-0.33153153 	0.25 	0.091 	56.415482 	-9.0740734 	-0.92821115
-0.33273273 	0.25 	0.091 	56.43605 	-9.0843888 	-0.92815414
-0.33393393 	0.25 	0.091 	56.456617 	-9.0947042 	-0.92809713
-0.33513514 	0.25 	0.091 	56.477184 	-9.1050196 	-0.92804013
-0.33633634 	0.25 	0.091 	56.497752 	-9.115335 	-0.92798312
-0.33753754 	0.25 	0.091 	56.518319 	-9.1256504 	-0.92792612
-0.33873874 	0.25 	0.091 	56.538886 	-9.1359658 	-0.92786911
-0.33993994 	0.25 	0.091 	56.559454 	-9.1462812 	-0.92781211
-0.34114114 	0.25 	0.091 	56.580021 	-9.1565967 	-0.9277551
-0.34234234 	0.25 	0.091 	56.600589 	-9.1669121 	-0.9276981
-0.34354354 	0.25 	0.091 	56.621156 	-9.1772275 	-0.92764109
-0.34474474 	0.25 	0.091 	56.641723 	-9.1875429 	-0.92758409
-0.34594595 	0.25 	0.091 	56.664626 	-9.1989454 	-0.92745053
-0.34714715 	0.25 	0.091 	56.687614 	-9.2103871 	-0.92731422
-0.34834835 	0.25 	0.091 	56.710601 	-9.2218288 	-0.9271779
-0.34954955 	0.25 	0.091 	56.730294 	-9.2310023 	-0.92707217
-0.35075075 	0.25 	0.091 	56.749801 	-9.2400477 	-0.92696816
-0.35195195 	0.25 	0.091 	56.769308 	-9.249093 	-0.92686415
-0.35315315 	0.25 	0.091 	56.788816 	-9.2581384 	-0.92676014
-0.35435435 	0.25 	0.091 	56.808323 	-9.2671837 	-0.92665613
-0.35555556 	0.25 	0.091 	56.82783 	-9.2762291 	-0.92655212
-0.35675676 	0.25 	0.091 	56.847337 	-9.2852744 	-0.92644811
-0.35795796 	0.25 	0.091 	56.866844 	-9.2943197 	-0.9263441
-0.35915916 	0.25 	0.091 	56.886352 	-9.3033651 	-0.92624009
-0.36036036 	0.25 	0.091 	56.905859 	-9.3124104 	-0.92613608
-0.36156156 	0.25 	0.091 	56.925366 	-9.3214558 	-0.92603207
-0.36276276 	0.25 	0.091 	56.944873 	-9.3305011 	-0.92592806
-0.36396396 	0.25 	0.091 	56.96438 	-9.3395465 	-0.92582405
-0.36516517 	0.25 	0.091 	56.985653 	-9.3483359 	-0.92570592
-0.36636637 	0.25 	0.091 	57.0124 	-9.3563318 	-0.92554396
-0.36756757 	0.25 	0.091 	57.039147 	-9.3643276 	-0.92538201
-0.36876877 	0.25 	0.091 	57.065895 	-9.3723235 	-0.92522006
-0.36996997 	0.25 	0.091 	57.092642 	-9.3803193 	-0.92505811
-0.37117117 	0.25 	0.091 	57.119389 	-9.3883152 	-0.92489616
-0.37237237 	0.25 	0.091 	57.146136 	-9.396311 	-0.9247342
-0.37357357 	0.25 	0.091 	57.172883 	-9.4043069 	-0.92457225
-0.37477477 	0.25 	0.091 	57.199631 	-9.4123027 	-0.9244103
-0.37597598 	0.25 	0.091 	57.226378 	-9.4202986 	-0.92424835
-0.37717718 	0.25 	0.091 	57.253125 	-9.4282945 	-0.9240864
-0.37837838 	0.25 	0.091 	57.279872 	-9.4362903 	-0.92392444
-0.37957958 	0.25 	0.091 	57.30662 	-9.4442862 	-0.92376249
-0.38078078 	0.25 	0.091 	57.333367 	-9.452282 	-0.92360054
-0.38198198 	0.25 	0.091 	57.358812 	-9.4594145 	-0.9233856
-0.38318318 	0.25 	0.091 	57.383174 	-9.4658285 	-0.92312657
-0.38438438 	0.25 	0.091 	57.407536 	-9.4722424 	-0.92286753
-0.38558559 	0.25 	0.091 	57.429477 	-9.4799922 	-0.92265713
-0.38678679 	0.25 	0.091 	57.450462 	-9.4882697 	-0.92246593
-0.38798799 	0.25 	0.091 	57.471447 	-9.4965473 	-0.92227474
-0.38918919 	0.25 	0.091 	57.492432 	-9.5048249 	-0.92208354
-0.39039039 	0.25 	0.091 	57.513417 	-9.5131024 	-0.92189235
-0.39159159 	0.25 	0.091 	57.534402 	-9.52138 	-0.92170115
-0.39279279 	0.25 	0.091 	57.555387 	-9.5296576 	-0.92150996
-0.39399399 	0.25 	0.091 	57.576372 	-9.5379351 	-0.92131877
-0.3951952 	0.25 	0.091 	57.597357 	-9.5462127 	-0.92112757
-0.3963964 	0.25 	0.091 	57.618342 	-9.5544903 	-0.92093638
-0.3975976 	0.25 	0.091 	57.639327 	-9.5627678 	-0.92074518
-0.3987988 	0.25 	0.091 	57.660312 	-9.5710454 	-0.92055399
-0.4 	0.25 	0.091 	57.681297 	-9.579323 	-0.92036279
-0.4012012 	0.25 	0.091 	57.702282 	-9.5876005 	-0.9201716
-0.4024024 	0.25 	0.091 	57.723267 	-9.5958781 	-0.91998041
-0.4036036 	0.25 	0.091 	57.744252 	-9.6041557 	-0.91978921
-0.4048048 	0.25 	0.091 	57.765238 	-9.6124332 	-0.91959802
-0.40600601 	0.25 	0.091 	57.786223 	-9.6207108 	-0.91940682
-0.40720721 	0.25 	0.091 	57.807208 	-9.6289884 	-0.91921563
-0.40840841 	0.25 	0.091 	57.828193 	-9.6372659 	-0.91902443
-0.40960961 	0.25 	0.091 	57.848697 	-9.6452225 	-0.91882686
-0.41081081 	0.25 	0.091 	57.867363 	-9.6519511 	-0.91860485
-0.41201201 	0.25 	0.091 	57.886029 	-9.6586797 	-0.91838284
-0.41321321 	0.25 	0.091 	57.904695 	-9.6654082 	-0.91816083
-0.41441441 	0.25 	0.091 	57.923361 	-9.6721368 	-0.91793882
-0.41561562 	0.25 	0.091 	57.942027 	-9.6788654 	-0.91771682
-0.41681682 	0.25 	0.091 	57.960692 	-9.6855939 	-0.91749481
-0.41801802 	0.25 	0.091 	57.979358 	-9.6923225 	-0.9172728
-0.41921922 	0.25 	0.091 	57.998024 	-9.6990511 	-0.91705079
-0.42042042 	0.25 	0.091 	58.01669 	-9.7057796 	-0.91682878
-0.42162162 	0.25 	0.091 	58.035356 	-9.7125082 	-0.91660678
-0.42282282 	0.25 	0.091 	58.054022 	-9.7192368 	-0.91638477
-0.42402402 	0.25 	0.091 	58.072688 	-9.7259653 	-0.91616276
-0.42522523 	0.25 	0.091 	58.091354 	-9.7326939 	-0.91594075
-0.42642643 	0.25 	0.091 	58.113201 	-9.7400499 	-0.91570286
-0.42762763 	0.25 	0.091 	58.138135 	-9.7480148 	-0.91544954
-0.42882883 	0.25 	0.091 	58.16307 	-9.7559797 	-0.91519622
-0.43003003 	0.25 	0.091 	58.188005 	-9.7639446 	-0.91494291
-0.43123123 	0.25 	0.091 	58.212939 	-9.7719094 	-0.91468959
-0.43243243 	0.25 	0.091 	58.237874 	-9.7798743 	-0.91443627
-0.43363363 	0.25 	0.091 	58.262808 	-9.7878392 	-0.91418296
-0.43483483 	0.25 	0.091 	58.287743 	-9.7958041 	-0.91392964
-0.43603604 	0.25 	0.091 	58.312677 	-9.803769 	-0.91367632
-0.43723724 	0.25 	0.091 	58.337612 	-9.8117338 	-0.91342301
-0.43843844 	0.25 	0.091 	58.362547 	-9.8196987 	-0.91316969
-0.43963964 	0.25 	0.091 	58.387481 	-9.8276636 	-0.91291637
-0.44084084 	0.25 	0.091 	58.412416 	-9.8356285 	-0.91266306
-0.44204204 	0.25 	0.091 	58.43735 	-9.8435934 	-0.91240974
-0.44324324 	0.25 	0.091 	58.461439 	-9.849858 	-0.91205264
-0.44444444 	0.25 	0.091 	58.485322 	-9.8557089 	-0.91167028
-0.44564565 	0.25 	0.091 	58.509204 	-9.8615598 	-0.91128793
-0.44684685 	0.25 	0.091 	58.533087 	-9.8674107 	-0.91090557
-0.44804805 	0.25 	0.091 	58.55697 	-9.8732616 	-0.91052322
-0.44924925 	0.25 	0.091 	58.580852 	-9.8791125 	-0.91014086
-0.45045045 	0.25 	0.091 	58.604735 	-9.8849634 	-0.90975851
-0.45165165 	0.25 	0.091 	58.628618 	-9.8908143 	-0.90937615
-0.45285285 	0.25 	0.091 	58.652501 	-9.8966652 	-0.9089938
-0.45405405 	0.25 	0.091 	58.676383 	-9.9025161 	-0.90861144
-0.45525526 	0.25 	0.091 	58.700266 	-9.9083671 	-0.90822909
-0.45645646 	0.25 	0.091 	58.724149 	-9.914218 	-0.90784673
-0.45765766 	0.25 	0.091 	58.748032 	-9.9200689 	-0.90746438
-0.45885886 	0.25 	0.091 	58.771914 	-9.9259198 	-0.90708202
-0.46006006 	0.25 	0.091 	58.795797 	-9.9317707 	-0.90669966
-0.46126126 	0.25 	0.091 	58.81968 	-9.9376216 	-0.90631731
-0.46246246 	0.25 	0.091 	58.843562 	-9.9434725 	-0.90593495
-0.46366366 	0.25 	0.091 	58.867445 	-9.9493234 	-0.9055526
-0.46486486 	0.25 	0.091 	58.891328 	-9.9551743 	-0.90517024
-0.46606607 	0.25 	0.091 	58.915211 	-9.9610253 	-0.90478789
-0.46726727 	0.25 	0.091 	58.939093 	-9.9668762 	-0.90440553
-0.46846847 	0.25 	0.091 	58.962936 	-9.9735741 	-0.90400827
-0.46966967 	0.25 	0.091 	58.986773 	-9.9804026 	-0.90360871
-0.47087087 	0.25 	0.091 	59.010201 	-9.9862881 	-0.90322466
-0.47207207 	0.25 	0.091 	59.033142 	-9.991055 	-0.90285902
-0.47327327 	0.25 	0.091 	59.056083 	-9.9958219 	-0.90249338
-0.47447447 	0.25 	0.091 	59.079025 	-10.000589 	-0.90212774
-0.47567568 	0.25 	0.091 	59.101966 	-10.005356 	-0.90176209
-0.47687688 	0.25 	0.091 	59.124908 	-10.010123 	-0.90139645
-0.47807808 	0.25 	0.091 	59.147849 	-10.014889 	-0.90103081
-0.47927928 	0.25 	0.091 	59.170791 	-10.019656 	-0.90066516
-0.48048048 	0.25 	0.091 	59.193732 	-10.024423 	-0.90029952
-0.48168168 	0.25 	0.091 	59.216673 	-10.02919 	-0.89993388
-0.48288288 	0.25 	0.091 	59.239615 	-10.033957 	-0.89956824
-0.48408408 	0.25 	0.091 	59.262556 	-10.038724 	-0.89920259
-0.48528529 	0.25 	0.091 	59.285498 	-10.043491 	-0.89883695
-0.48648649 	0.25 	0.091 	59.308439 	-10.048258 	-0.89847131
-0.48768769 	0.25 	0.091 	59.33222 	-10.055459 	-0.8980794
-0.48888889 	0.25 	0.091 	59.356276 	-10.063457 	-0.8976789
-0.49009009 	0.25 	0.091 	59.380332 	-10.071455 	-0.8972784
-0.49129129 	0.25 	0.091 	59.404388 	-10.079453 	-0.8968779
-0.49249249 	0.25 	0.091 	59.428444 	-10.087451 	-0.8964774
-0.49369369 	0.25 	0.091 	59.4525 	-10.095449 	-0.8960769
-0.49489489 	0.25 	0.091 	59.476556 	-10.103447 	-0.8956764
-0.4960961 	0.25 	0.091 	59.500612 	-10.111445 	-0.8952759
-0.4972973 	0.25 	0.091 	59.524668 	-10.119443 	-0.8948754
-0.4984985 	0.25 	0.091 	59.548724 	-10.127441 	-0.8944749
-0.4996997 	0.25 	0.091 	59.57278 	-10.135439 	-0.8940744
-0.5009009 	0.25 	0.091 	59.596836 	-10.143437 	-0.89367389
-0.5021021 	0.25 	0.091 	59.620892 	-10.151435 	-0.89327339
-0.5033033 	0.25 	0.091 	59.645125 	-10.159261 	-0.89286286
-0.5045045 	0.25 	0.091 	59.672764 	-10.163776 	-0.89225889
-0.50570571 	0.25 	0.091 	59.700404 	-10.168292 	-0.89165492
-0.50690691 	0.25 	0.091 	59.732859 	-10.17587 	-0.89088024
-0.50810811 	0.25 	0.091 	59.766261 	-10.18405 	-0.89007198
-0.50930931 	0.25 	0.091 	59.793897 	-10.192751 	-0.88938375
-0.51051051 	0.25 	0.091 	59.818438 	-10.201732 	-0.88875997
-0.51171171 	0.25 	0.091 	59.842978 	-10.210712 	-0.88813619
-0.51291291 	0.25 	0.091 	59.867519 	-10.219693 	-0.88751242
-0.51411411 	0.25 	0.091 	59.89206 	-10.228673 	-0.88688864
-0.51531532 	0.25 	0.091 	59.9166 	-10.237653 	-0.88626486
-0.51651652 	0.25 	0.091 	59.941141 	-10.246634 	-0.88564109
-0.51771772 	0.25 	0.091 	59.965681 	-10.255614 	-0.88501731
-0.51891892 	0.25 	0.091 	59.990222 	-10.264595 	-0.88439353
-0.52012012 	0.25 	0.091 	60.014762 	-10.273575 	-0.88376976
-0.52132132 	0.25 	0.091 	60.039303 	-10.282555 	-0.88314598
-0.52252252 	0.25 	0.091 	60.063844 	-10.291536 	-0.8825222
-0.52372372 	0.25 	0.091 	60.088384 	-10.300516 	-0.88189843
-0.52492492 	0.25 	0.091 	60.112925 	-10.309497 	-0.88127465
-0.52612613 	0.25 	0.091 	60.137465 	-10.318477 	-0.88065087
-0.52732733 	0.25 	0.091 	60.162006 	-10.327457 	-0.8800271
-0.52852853 	0.25 	0.091 	60.186547 	-10.336438 	-0.87940332
-0.52972973 	0.25 	0.091 	60.211087 	-10.345418 	-0.87877954
-0.53093093 	0.25 	0.091 	60.235628 	-10.354399 	-0.87815577
-0.53213213 	0.25 	0.091 	60.26888 	-10.360393 	-0.87741798
-0.53333333 	0.25 	0.091 	60.305791 	-10.365132 	-0.87663229
-0.53453453 	0.25 	0.091 	60.342703 	-10.369871 	-0.87584661
-0.53573574 	0.25 	0.091 	60.379615 	-10.374611 	-0.87506092
-0.53693694 	0.25 	0.091 	60.416527 	-10.37935 	-0.87427523
-0.53813814 	0.25 	0.091 	60.453438 	-10.38409 	-0.87348955
-0.53933934 	0.25 	0.091 	60.49035 	-10.388829 	-0.87270386
-0.54054054 	0.25 	0.091 	60.527262 	-10.393568 	-0.87191818
-0.54174174 	0.25 	0.091 	60.564174 	-10.398308 	-0.87113249
-0.54294294 	0.25 	0.091 	60.601086 	-10.403047 	-0.87034681
-0.54414414 	0.25 	0.091 	60.637997 	-10.407786 	-0.86956112
-0.54534535 	0.25 	0.091 	60.674909 	-10.412526 	-0.86877544
-0.54654655 	0.25 	0.091 	60.711821 	-10.417265 	-0.86798975
-0.54774775 	0.25 	0.091 	60.748712 	-10.422006 	-0.86720412
-0.54894895 	0.25 	0.091 	60.77779 	-10.427195 	-0.86644089
-0.55015015 	0.25 	0.091 	60.806867 	-10.432383 	-0.86567765
-0.55135135 	0.25 	0.091 	60.835945 	-10.437572 	-0.86491442
-0.55255255 	0.25 	0.091 	60.865023 	-10.442761 	-0.86415118
-0.55375375 	0.25 	0.091 	60.8941 	-10.44795 	-0.86338795
-0.55495495 	0.25 	0.091 	60.923178 	-10.453138 	-0.86262471
-0.55615616 	0.25 	0.091 	60.951405 	-10.458826 	-0.86187171
-0.55735736 	0.25 	0.091 	60.974863 	-10.467311 	-0.86117614
-0.55855856 	0.25 	0.091 	60.998321 	-10.475795 	-0.86048057
-0.55975976 	0.25 	0.091 	61.021779 	-10.48428 	-0.859785
-0.56096096 	0.25 	0.091 	61.045237 	-10.492765 	-0.85908943
-0.56216216 	0.25 	0.091 	61.068695 	-10.501249 	-0.85839386
-0.56336336 	0.25 	0.091 	61.092153 	-10.509734 	-0.85769829
-0.56456456 	0.25 	0.091 	61.115611 	-10.518219 	-0.85700272
-0.56576577 	0.25 	0.091 	61.139069 	-10.526704 	-0.85630715
-0.56696697 	0.25 	0.091 	61.163508 	-10.533206 	-0.85554685
-0.56816817 	0.25 	0.091 	61.189415 	-10.536738 	-0.85468954
-0.56936937 	0.25 	0.091 	61.215323 	-10.540269 	-0.85383223
-0.57057057 	0.25 	0.091 	61.238525 	-10.545394 	-0.85310497
-0.57177177 	0.25 	0.091 	61.25877 	-10.552261 	-0.85251979
-0.57297297 	0.25 	0.091 	61.279015 	-10.559127 	-0.8519346
-0.57417417 	0.25 	0.091 	61.29926 	-10.565993 	-0.85134942
-0.57537538 	0.25 	0.091 	61.319505 	-10.57286 	-0.85076424
-0.57657658 	0.25 	0.091 	61.33975 	-10.579726 	-0.85017905
-0.57777778 	0.25 	0.091 	61.359995 	-10.586592 	-0.84959387
-0.57897898 	0.25 	0.091 	61.384351 	-10.593878 	-0.84890942
-0.58018018 	0.25 	0.091 	61.41117 	-10.601414 	-0.8481655
-0.58138138 	0.25 	0.091 	61.43799 	-10.60895 	-0.84742158
-0.58258258 	0.25 	0.091 	61.464809 	-10.616486 	-0.84667766
-0.58378378 	0.25 	0.091 	61.491628 	-10.624023 	-0.84593374
-0.58498498 	0.25 	0.091 	61.518447 	-10.631559 	-0.84518982
-0.58618619 	0.25 	0.091 	61.545267 	-10.639095 	-0.8444459
-0.58738739 	0.25 	0.091 	61.569081 	-10.643379 	-0.84361906
-0.58858859 	0.25 	0.091 	61.592009 	-10.646704 	-0.84276776
-0.58978979 	0.25 	0.091 	61.614937 	-10.650029 	-0.84191646
-0.59099099 	0.25 	0.091 	61.639993 	-10.654489 	-0.84101567
-0.59219219 	0.25 	0.091 	61.665814 	-10.659357 	-0.84009709
-0.59339339 	0.25 	0.091 	61.691634 	-10.664226 	-0.83917851
-0.59459459 	0.25 	0.091 	61.717455 	-10.669094 	-0.83825994
-0.5957958 	0.25 	0.091 	61.743276 	-10.673962 	-0.83734136
-0.596997 	0.25 	0.091 	61.769096 	-10.678831 	-0.83642278
-0.5981982 	0.25 	0.091 	61.794917 	-10.683699 	-0.8355042
-0.5993994 	0.25 	0.091 	61.820738 	-10.688567 	-0.83458563
-0.6006006 	0.25 	0.091 	61.846187 	-10.693029 	-0.83368462
-0.6018018 	0.25 	0.091 	61.868183 	-10.693714 	-0.83294689
-0.603003 	0.25 	0.091 	61.890179 	-10.694399 	-0.83220916
-0.6042042 	0.25 	0.091 	61.912176 	-10.695084 	-0.83147143
-0.60540541 	0.25 	0.091 	61.934172 	-10.695769 	-0.8307337
-0.60660661 	0.25 	0.091 	61.956169 	-10.696454 	-0.82999597
-0.60780781 	0.25 	0.091 	61.978165 	-10.69714 	-0.82925824
-0.60900901 	0.25 	0.091 	62.002193 	-10.697528 	-0.82848039
-0.61021021 	0.25 	0.091 	62.032495 	-10.697 	-0.82757856
-0.61141141 	0.25 	0.091 	62.062798 	-10.696473 	-0.82667674
-0.61261261 	0.25 	0.091 	62.0931 	-10.695945 	-0.82577491
-0.61381381 	0.25 	0.091 	62.123402 	-10.695417 	-0.82487309
-0.61501502 	0.25 	0.091 	62.153705 	-10.69489 	-0.82397126
-0.61621622 	0.25 	0.091 	62.184007 	-10.694362 	-0.82306944
-0.61741742 	0.25 	0.091 	62.213342 	-10.69332 	-0.82211135
-0.61861862 	0.25 	0.091 	62.241163 	-10.691474 	-0.8210653
-0.61981982 	0.25 	0.091 	62.268984 	-10.689628 	-0.82001925
-0.62102102 	0.25 	0.091 	62.296805 	-10.687781 	-0.8189732
-0.62222222 	0.25 	0.091 	62.324626 	-10.685935 	-0.81792715
-0.62342342 	0.25 	0.091 	62.352447 	-10.684089 	-0.81688109
-0.62462462 	0.25 	0.091 	62.380268 	-10.682243 	-0.81583504
-0.62582583 	0.25 	0.091 	62.408089 	-10.680397 	-0.81478899
-0.62702703 	0.25 	0.091 	62.43591 	-10.67855 	-0.81374294
-0.62822823 	0.25 	0.091 	62.459703 	-10.679436 	-0.81280405
-0.62942943 	0.25 	0.091 	62.48322 	-10.680509 	-0.81187249
-0.63063063 	0.25 	0.091 	62.506737 	-10.681581 	-0.81094092
-0.63183183 	0.25 	0.091 	62.528531 	-10.681733 	-0.81013134
-0.63303303 	0.25 	0.091 	62.549631 	-10.681515 	-0.80937081
-0.63423423 	0.25 	0.091 	62.570732 	-10.681297 	-0.80861028
-0.63543544 	0.25 	0.091 	62.591832 	-10.681079 	-0.80784974
-0.63663664 	0.25 	0.091 	62.612933 	-10.680861 	-0.80708921
-0.63783784 	0.25 	0.091 	62.634033 	-10.680643 	-0.80632868
-0.63903904 	0.25 	0.091 	62.655134 	-10.680424 	-0.80556815
-0.64024024 	0.25 	0.091 	62.68246 	-10.681571 	-0.80471896
-0.64144144 	0.25 	0.091 	62.710802 	-10.68294 	-0.80385531
-0.64264264 	0.25 	0.091 	62.739143 	-10.684309 	-0.80299167
-0.64384384 	0.25 	0.091 	62.767484 	-10.685678 	-0.80212802
-0.64504505 	0.25 	0.091 	62.795826 	-10.687047 	-0.80126438
-0.64624625 	0.25 	0.091 	62.824167 	-10.688416 	-0.80040073
-0.64744745 	0.25 	0.091 	62.852478 	-10.68978 	-0.79953634
-0.64864865 	0.25 	0.091 	62.87589 	-10.690445 	-0.79855095
-0.64984985 	0.25 	0.091 	62.899303 	-10.691109 	-0.79756555
-0.65105105 	0.25 	0.091 	62.922716 	-10.691773 	-0.79658016
-0.65225225 	0.25 	0.091 	62.948461 	-10.692056 	-0.795547
-0.65345345 	0.25 	0.091 	62.975389 	-10.692147 	-0.7944896
-0.65465465 	0.25 	0.091 	63.002317 	-10.692237 	-0.79343221
-0.65585586 	0.25 	0.091 	63.029245 	-10.692327 	-0.79237482
-0.65705706 	0.25 	0.091 	63.056173 	-10.692417 	-0.79131743
-0.65825826 	0.25 	0.091 	63.083101 	-10.692508 	-0.79026003
-0.65945946 	0.25 	0.091 	63.110028 	-10.692598 	-0.78920264
-0.66066066 	0.25 	0.091 	63.136956 	-10.692688 	-0.78814525
-0.66186186 	0.25 	0.091 	63.162317 	-10.692557 	-0.78719641
-0.66306306 	0.25 	0.091 	63.184498 	-10.691977 	-0.78646797
-0.66426426 	0.25 	0.091 	63.206678 	-10.691396 	-0.78573952
-0.66546547 	0.25 	0.091 	63.228858 	-10.690816 	-0.78501108
-0.66666667 	0.25 	0.091 	63.251039 	-10.690235 	-0.78428264
-0.66786787 	0.25 	0.091 	63.273219 	-10.689654 	-0.78355419
-0.66906907 	0.25 	0.091 	63.2954 	-10.689074 	-0.78282575
-0.67027027 	0.25 	0.091 	63.320777 	-10.689417 	-0.78194427
-0.67147147 	0.25 	0.091 	63.349663 	-10.690773 	-0.78089484
-0.67267267 	0.25 	0.091 	63.37855 	-10.69213 	-0.7798454
-0.67387387 	0.25 	0.091 	63.407436 	-10.693487 	-0.77879597
-0.67507508 	0.25 	0.091 	63.436322 	-10.694843 	-0.77774654
-0.67627628 	0.25 	0.091 	63.465208 	-10.6962 	-0.77669711
-0.67747748 	0.25 	0.091 	63.494095 	-10.697557 	-0.77564768
-0.67867868 	0.25 	0.091 	63.521787 	-10.69828 	-0.77454056
-0.67987988 	0.25 	0.091 	63.54876 	-10.698621 	-0.77339873
-0.68108108 	0.25 	0.091 	63.575734 	-10.698963 	-0.7722569
-0.68228228 	0.25 	0.091 	63.602707 	-10.699304 	-0.77111506
-0.68348348 	0.25 	0.091 	63.629681 	-10.699646 	-0.76997323
-0.68468468 	0.25 	0.091 	63.656655 	-10.699987 	-0.76883139
-0.68588589 	0.25 	0.091 	63.683628 	-10.700328 	-0.76768956
-0.68708709 	0.25 	0.091 	63.710602 	-10.70067 	-0.76654773
-0.68828829 	0.25 	0.091 	63.737745 	-10.70034 	-0.76541624
-0.68948949 	0.25 	0.091 	63.765103 	-10.699166 	-0.76429775
-0.69069069 	0.25 	0.091 	63.79246 	-10.697992 	-0.76317927
-0.69189189 	0.25 	0.091 	63.819817 	-10.696818 	-0.76206078
-0.69309309 	0.25 	0.091 	63.845322 	-10.694691 	-0.76110194
-0.69429429 	0.25 	0.091 	63.870723 	-10.692511 	-0.76015201
-0.6954955 	0.25 	0.091 	63.896124 	-10.690332 	-0.75920207
-0.6966967 	0.25 	0.091 	63.921525 	-10.688152 	-0.75825213
-0.6978979 	0.25 	0.091 	63.946926 	-10.685972 	-0.7573022
-0.6990991 	0.25 	0.091 	63.972327 	-10.683793 	-0.75635226
-0.7003003 	0.25 	0.091 	63.99753 	-10.682254 	-0.75540332
-0.7015015 	0.25 	0.091 	64.020783 	-10.68704 	-0.75446422
-0.7027027 	0.25 	0.091 	64.044036 	-10.691826 	-0.75352512
-0.7039039 	0.25 	0.091 	64.06729 	-10.696613 	-0.75258602
-0.70510511 	0.25 	0.091 	64.090543 	-10.701399 	-0.75164692
-0.70630631 	0.25 	0.091 	64.113796 	-10.706185 	-0.75070782
-0.70750751 	0.25 	0.091 	64.137049 	-10.710971 	-0.74976872
-0.70870871 	0.25 	0.091 	64.161052 	-10.714456 	-0.7487486
-0.70990991 	0.25 	0.091 	64.18751 	-10.713686 	-0.74746355
-0.71111111 	0.25 	0.091 	64.213967 	-10.712916 	-0.74617849
-0.71231231 	0.25 	0.091 	64.240425 	-10.712146 	-0.74489344
-0.71351351 	0.25 	0.091 	64.266651 	-10.710818 	-0.74365222
-0.71471471 	0.25 	0.091 	64.292746 	-10.709171 	-0.74243595
-0.71591592 	0.25 	0.091 	64.318841 	-10.707524 	-0.74121968
-0.71711712 	0.25 	0.091 	64.344936 	-10.705878 	-0.7400034
-0.71831832 	0.25 	0.091 	64.37103 	-10.704231 	-0.73878713
-0.71951952 	0.25 	0.091 	64.397125 	-10.702585 	-0.73757086
-0.72072072 	0.25 	0.091 	64.42322 	-10.700938 	-0.73635459
-0.72192192 	0.25 	0.091 	64.449315 	-10.699291 	-0.73513832
-0.72312312 	0.25 	0.091 	64.477215 	-10.694602 	-0.73397052
-0.72432432 	0.25 	0.091 	64.506587 	-10.687433 	-0.73284223
-0.72552553 	0.25 	0.091 	64.535959 	-10.680263 	-0.73171395
-0.72672673 	0.25 	0.091 	64.565331 	-10.673094 	-0.73058566
-0.72792793 	0.25 	0.091 	64.594703 	-10.665924 	-0.72945738
-0.72912913 	0.25 	0.091 	64.624075 	-10.658755 	-0.72832909
-0.73033033 	0.25 	0.091 	64.653447 	-10.651585 	-0.7272008
-0.73153153 	0.25 	0.091 	64.675489 	-10.648437 	-0.72622264
-0.73273273 	0.25 	0.091 	64.694292 	-10.647065 	-0.7253108
-0.73393393 	0.25 	0.091 	64.713095 	-10.645693 	-0.72439896
-0.73513514 	0.25 	0.091 	64.731898 	-10.644321 	-0.72348712
-0.73633634 	0.25 	0.091 	64.750701 	-10.642948 	-0.72257528
-0.73753754 	0.25 	0.091 	64.769504 	-10.641576 	-0.72166344
-0.73873874 	0.25 	0.091 	64.788307 	-10.640204 	-0.7207516
-0.73993994 	0.25 	0.091 	64.817243 	-10.634699 	-0.7194806
-0.74114114 	0.25 	0.091 	64.848123 	-10.628402 	-0.7181407
-0.74234234 	0.25 	0.091 	64.879003 	-10.622104 	-0.71680081
-0.74354354 	0.25 	0.091 	64.909883 	-10.615807 	-0.71546091
-0.74474474 	0.25 	0.091 	64.940763 	-10.609509 	-0.71412101
-0.74594595 	0.25 	0.091 	64.971642 	-10.603212 	-0.71278111
-0.74714715 	0.25 	0.091 	65.002522 	-10.596914 	-0.71144122
-0.74834835 	0.25 	0.091 	65.033402 	-10.590616 	-0.71010132
-0.74954955 	0.25 	0.091 	65.060037 	-10.582112 	-0.70849497
-0.75075075 	0.25 	0.091 	65.086234 	-10.57338 	-0.70686107
-0.75195195 	0.25 	0.091 	65.112431 	-10.564647 	-0.70522717
-0.75315315 	0.25 	0.091 	65.140575 	-10.555132 	-0.70361299
-0.75435435 	0.25 	0.091 	65.178962 	-10.541499 	-0.70210252
-0.75555556 	0.25 	0.091 	65.217349 	-10.527865 	-0.70059206
-0.75675676 	0.25 	0.091 	65.255736 	-10.514232 	-0.69908159
-0.75795796 	0.25 	0.091 	65.294124 	-10.500599 	-0.69757113
-0.75915916 	0.25 	0.091 	65.332511 	-10.486965 	-0.69606066
-0.76036036 	0.25 	0.091 	65.370898 	-10.473332 	-0.6945502
-0.76156156 	0.25 	0.091 	65.413155 	-10.460166 	-0.69301002
-0.76276276 	0.25 	0.091 	65.464305 	-10.448073 	-0.69140156
-0.76396396 	0.25 	0.091 	65.508776 	-10.438307 	-0.68995973
-0.76516517 	0.25 	0.091 	65.533469 	-10.435434 	-0.68901148
-0.76636637 	0.25 	0.091 	65.558112 	-10.432533 	-0.68764097
-0.76756757 	0.25 	0.091 	65.582748 	-10.429627 	-0.68621016
-0.76876877 	0.25 	0.091 	65.607383 	-10.426721 	-0.68477936
-0.76996997 	0.25 	0.091 	65.632019 	-10.423815 	-0.68334855
-0.77117117 	0.25 	0.091 	65.656655 	-10.420909 	-0.68191775
-0.77237237 	0.25 	0.091 	65.68129 	-10.418004 	-0.68048695
-0.77357357 	0.25 	0.091 	65.705926 	-10.415098 	-0.67905614
-0.77477477 	0.25 	0.091 	65.718196 	-10.418389 	-0.6779349
-0.77597598 	0.25 	0.091 	65.722973 	-10.425435 	-0.67700124
-0.77717718 	0.25 	0.091 	65.742259 	-10.438457 	-0.67595035
-0.77837838 	0.25 	0.091 	65.771068 	-10.4554 	-0.67482254
-0.77957958 	0.25 	0.091 	65.794672 	-10.456651 	-0.67344355
-0.78078078 	0.25 	0.091 	65.814745 	-10.447258 	-0.67189415
-0.78198198 	0.25 	0.091 	65.834818 	-10.437864 	-0.67034476
-0.78318318 	0.25 	0.091 	65.854892 	-10.428471 	-0.66879537
-0.78438438 	0.25 	0.091 	65.874965 	-10.419077 	-0.66724597
-0.78558559 	0.25 	0.091 	65.895038 	-10.409684 	-0.66569658
-0.78678679 	0.25 	0.091 	65.915111 	-10.40029 	-0.66414718
-0.78798799 	0.25 	0.091 	65.935201 	-10.390906 	-0.66276958
-0.78918919 	0.25 	0.091 	65.955324 	-10.381541 	-0.66174091
-0.79039039 	0.25 	0.091 	65.973693 	-10.346111 	-0.66034639
-0.79159159 	0.25 	0.091 	65.991847 	-10.307484 	-0.658907
-0.79279279 	0.25 	0.091 	66.021009 	-10.282953 	-0.6572335
-0.79399399 	0.25 	0.091 	66.051384 	-10.259975 	-0.6555342
-0.7951952 	0.25 	0.091 	66.074466 	-10.242164 	-0.65387445
-0.7963964 	0.25 	0.091 	66.096864 	-10.224838 	-0.65221841
-0.7975976 	0.25 	0.091 	66.119262 	-10.207512 	-0.65056237
-0.7987988 	0.25 	0.091 	66.141659 	-10.190186 	-0.64890633
-0.8 	0.25 	0.091 	66.164057 	-10.172859 	-0.64725029
-0.8012012 	0.25 	0.091 	66.186455 	-10.155533 	-0.64559425
-0.8024024 	0.25 	0.091 	66.208852 	-10.138207 	-0.64393821
-0.8036036 	0.25 	0.091 	66.231283 	-10.120882 	-0.64263041
-0.8048048 	0.25 	0.091 	66.253254 	-10.104835 	-0.64150437
-0.80600601 	0.25 	0.091 	66.273216 	-10.094163 	-0.64026525
-0.80720721 	0.25 	0.091 	66.294768 	-10.083512 	-0.63899863
-0.80840841 	0.25 	0.091 	66.322861 	-10.07295 	-0.63761897
-0.80960961 	0.25 	0.091 	66.349886 	-10.061962 	-0.63619733
-0.81081081 	0.25 	0.091 	66.372509 	-10.049214 	-0.63460263
-0.81201201 	0.25 	0.091 	66.395131 	-10.036465 	-0.63300794
-0.81321321 	0.25 	0.091 	66.417754 	-10.023717 	-0.63141324
-0.81441441 	0.25 	0.091 	66.440377 	-10.010969 	-0.62981855
-0.81561562 	0.25 	0.091 	66.462999 	-9.9982209 	-0.62822385
-0.81681682 	0.25 	0.091 	66.485622 	-9.9854728 	-0.62662916
-0.81801802 	0.25 	0.091 	66.508245 	-9.9727246 	-0.62503446
-0.81921922 	0.25 	0.091 	66.530921 	-9.9599843 	-0.62393244
-0.82042042 	0.25 	0.091 	66.552539 	-9.9459056 	-0.62275255
-0.82162162 	0.25 	0.091 	66.573105 	-9.9304995 	-0.62145232
-0.82282282 	0.25 	0.091 	66.597416 	-9.913824 	-0.6200713
-0.82402402 	0.25 	0.091 	66.625649 	-9.8958188 	-0.61860566
-0.82522523 	0.25 	0.091 	66.650938 	-9.8802406 	-0.61731447
-0.82642643 	0.25 	0.091 	66.672926 	-9.8673808 	-0.61618738
-0.82762763 	0.25 	0.091 	66.694858 	-9.8545017 	-0.61453715
-0.82882883 	0.25 	0.091 	66.716789 	-9.8416226 	-0.61288692
-0.83003003 	0.25 	0.091 	66.738721 	-9.8287435 	-0.61123669
-0.83123123 	0.25 	0.091 	66.760653 	-9.8158644 	-0.60958645
-0.83243243 	0.25 	0.091 	66.782585 	-9.8029853 	-0.60793622
-0.83363363 	0.25 	0.091 	66.804516 	-9.7901062 	-0.60628599
-0.83483483 	0.25 	0.091 	66.826448 	-9.7772271 	-0.60463576
-0.83603604 	0.25 	0.091 	66.846013 	-9.7675291 	-0.60324606
-0.83723724 	0.25 	0.091 	66.864985 	-9.7586283 	-0.60192166
-0.83843844 	0.25 	0.091 	66.889687 	-9.744526 	-0.60045576
-0.83963964 	0.25 	0.091 	66.916013 	-9.7289482 	-0.59894971
-0.84084084 	0.25 	0.091 	66.938828 	-9.7132951 	-0.59730104
-0.84204204 	0.25 	0.091 	66.960526 	-9.697618 	-0.59560705
-0.84324324 	0.25 	0.091 	66.982224 	-9.681941 	-0.59391306
-0.84444444 	0.25 	0.091 	67.003922 	-9.6662639 	-0.59221906
-0.84564565 	0.25 	0.091 	67.02562 	-9.6505869 	-0.59052507
-0.84684685 	0.25 	0.091 	67.047318 	-9.6349098 	-0.58883107
-0.84804805 	0.25 	0.091 	67.069016 	-9.6192328 	-0.58713708
-0.84924925 	0.25 	0.091 	67.090742 	-9.6035642 	-0.58572872
-0.85045045 	0.25 	0.091 	67.112356 	-9.5877508 	-0.58459535
-0.85165165 	0.25 	0.091 	67.132612 	-9.5704401 	-0.58337996
-0.85285285 	0.25 	0.091 	67.153327 	-9.5525435 	-0.58212886
-0.85405405 	0.25 	0.091 	67.180027 	-9.5270299 	-0.58041366
-0.85525526 	0.25 	0.091 	67.20647 	-9.5018818 	-0.57869754
-0.85645646 	0.25 	0.091 	67.228414 	-9.4831266 	-0.57696539
-0.85765766 	0.25 	0.091 	67.250358 	-9.4643713 	-0.57523325
-0.85885886 	0.25 	0.091 	67.272302 	-9.445616 	-0.5735011
-0.86006006 	0.25 	0.091 	67.294246 	-9.4268608 	-0.57176896
-0.86126126 	0.25 	0.091 	67.31619 	-9.4081055 	-0.57003681
-0.86246246 	0.25 	0.091 	67.338134 	-9.3893502 	-0.56830467
-0.86366366 	0.25 	0.091 	67.360078 	-9.370595 	-0.56657252
-0.86486486 	0.25 	0.091 	67.382065 	-9.3518542 	-0.56530264
-0.86606607 	0.25 	0.091 	67.403457 	-9.3354816 	-0.56412751
-0.86726727 	0.25 	0.091 	67.423805 	-9.3231725 	-0.56290947
-0.86846847 	0.25 	0.091 	67.445916 	-9.3092133 	-0.56149698
-0.86966967 	0.25 	0.091 	67.471113 	-9.2923669 	-0.55974424
-0.87087087 	0.25 	0.091 	67.497722 	-9.2737774 	-0.55796708
-0.87207207 	0.25 	0.091 	67.526682 	-9.2522879 	-0.55614929
-0.87327327 	0.25 	0.091 	67.555642 	-9.2307984 	-0.55433151
-0.87447447 	0.25 	0.091 	67.584603 	-9.2093089 	-0.55251373
-0.87567568 	0.25 	0.091 	67.613563 	-9.1878194 	-0.55069594
-0.87687688 	0.25 	0.091 	67.642523 	-9.1663299 	-0.54887816
-0.87807808 	0.25 	0.091 	67.671483 	-9.1448404 	-0.54706038
-0.87927928 	0.25 	0.091 	67.700449 	-9.1233518 	-0.54529458
-0.88048048 	0.25 	0.091 	67.729472 	-9.1018723 	-0.54408803
-0.88168168 	0.25 	0.091 	67.757866 	-9.0785568 	-0.54271942
-0.88288288 	0.25 	0.091 	67.785811 	-9.0539265 	-0.54123476
-0.88408408 	0.25 	0.091 	67.806054 	-9.0335259 	-0.53970623
-0.88528529 	0.25 	0.091 	67.822201 	-9.0153743 	-0.53815436
-0.88648649 	0.25 	0.091 	67.845862 	-8.9936419 	-0.53669784
-0.88768769 	0.25 	0.091 	67.871909 	-8.9707293 	-0.53455184
-0.88888889 	0.25 	0.091 	67.897955 	-8.9478165 	-0.53240009
-0.89009009 	0.25 	0.091 	67.924001 	-8.9249038 	-0.53024834
-0.89129129 	0.25 	0.091 	67.952873 	-8.9002376 	-0.52835768
-0.89249249 	0.25 	0.091 	67.988249 	-8.8714934 	-0.52674038
-0.89369369 	0.25 	0.091 	68.023582 	-8.8427358 	-0.52480777
-0.89489489 	0.25 	0.091 	68.058915 	-8.8139782 	-0.52287517
-0.8960961 	0.25 	0.091 	68.094248 	-8.7852205 	-0.52094256
-0.8972973 	0.25 	0.091 	68.133006 	-8.7526838 	-0.51919618
-0.8984985 	0.25 	0.091 	68.172984 	-8.7188001 	-0.51751617
-0.8996997 	0.25 	0.091 	68.184636 	-8.6983588 	-0.51610533
-0.9009009 	0.25 	0.091 	68.194415 	-8.6772957 	-0.51474421
-0.9021021 	0.25 	0.091 	68.202791 	-8.6507776 	-0.51329949
-0.9033033 	0.25 	0.091 	68.211141 	-8.6242474 	-0.51145763
-0.9045045 	0.25 	0.091 	68.21949 	-8.5977173 	-0.50961577
-0.90570571 	0.25 	0.091 	68.22784 	-8.5711871 	-0.50777391
-0.90690691 	0.25 	0.091 	68.25321 	-8.5407298 	-0.50623517
-0.90810811 	0.25 	0.091 	68.290128 	-8.5075961 	-0.50441597
-0.90930931 	0.25 	0.091 	68.327025 	-8.4744628 	-0.50241285
-0.91051051 	0.25 	0.091 	68.363922 	-8.4413295 	-0.50040973
-0.91171171 	0.25 	0.091 	68.40082 	-8.4081961 	-0.49840662
-0.91291291 	0.25 	0.091 	68.440106 	-8.3700447 	-0.49661658
-0.91411411 	0.25 	0.091 	68.473045 	-8.3341607 	-0.49494148
-0.91531532 	0.25 	0.091 	68.484974 	-8.3073168 	-0.49355239
-0.91651652 	0.25 	0.091 	68.493655 	-8.2781927 	-0.49221194
-0.91771772 	0.25 	0.091 	68.500134 	-8.2475395 	-0.49044239
-0.91891892 	0.25 	0.091 	68.506603 	-8.216887 	-0.48847489
-0.92012012 	0.25 	0.091 	68.513073 	-8.1862344 	-0.48650739
-0.92132132 	0.25 	0.091 	68.519542 	-8.1555819 	-0.48453989
-0.92252252 	0.25 	0.091 	68.542969 	-8.1188307 	-0.48309608
-0.92372372 	0.25 	0.091 	68.56866 	-8.0812542 	-0.48103922
-0.92492492 	0.25 	0.091 	68.594349 	-8.0436779 	-0.47897422
-0.92612613 	0.25 	0.091 	68.620039 	-8.0061016 	-0.47690921
-0.92732733 	0.25 	0.091 	68.648116 	-7.966689 	-0.47484864
-0.92852853 	0.25 	0.091 	68.688111 	-7.9181138 	-0.47281023
-0.92972973 	0.25 	0.091 	68.717037 	-7.862959 	-0.47046839
-0.93093093 	0.25 	0.091 	68.735714 	-7.8017106 	-0.46784554
-0.93213213 	0.25 	0.091 	68.753464 	-7.7531965 	-0.46526971
-0.93333333 	0.25 	0.091 	68.771103 	-7.7062088 	-0.46269951
-0.93453453 	0.25 	0.091 	68.788743 	-7.659221 	-0.4601293
-0.93573574 	0.25 	0.091 	68.813227 	-7.6335334 	-0.45852394
-0.93693694 	0.25 	0.091 	68.838525 	-7.6118893 	-0.45697767
-0.93813814 	0.25 	0.091 	68.856482 	-7.5749138 	-0.45486534
-0.93933934 	0.25 	0.091 	68.879282 	-7.5369015 	-0.45273408
-0.94054054 	0.25 	0.091 	68.905094 	-7.4982444 	-0.45059106
-0.94174174 	0.25 	0.091 	68.930907 	-7.4595872 	-0.44844804
-0.94294294 	0.25 	0.091 	68.958 	-7.4198675 	-0.44663184
-0.94414414 	0.25 	0.091 	68.987956 	-7.3777369 	-0.44503685
-0.94534535 	0.25 	0.091 	69.011073 	-7.3227239 	-0.44299623
-0.94654655 	0.25 	0.091 	69.035229 	-7.270724 	-0.44084851
-0.94774775 	0.25 	0.091 	69.06453 	-7.2304561 	-0.43869651
-0.94894895 	0.25 	0.091 	69.093831 	-7.1901883 	-0.43654452
-0.95015015 	0.25 	0.091 	69.123143 	-7.1499205 	-0.43451211
-0.95135135 	0.25 	0.091 	69.155949 	-7.1264148 	-0.43313744
-0.95255255 	0.25 	0.091 	69.184325 	-7.1021916 	-0.43134956
-0.95375375 	0.25 	0.091 	69.207078 	-7.0746209 	-0.4290515
-0.95495495 	0.25 	0.091 	69.241117 	-7.0318555 	-0.42689944
-0.95615616 	0.25 	0.091 	69.275156 	-6.98909 	-0.42474737
-0.95735736 	0.25 	0.091 	69.309195 	-6.9463246 	-0.4225953
-0.95855856 	0.25 	0.091 	69.345273 	-6.8977069 	-0.4209651
-0.95975976 	0.25 	0.091 	69.383026 	-6.8433876 	-0.41933147
-0.96096096 	0.25 	0.091 	69.414697 	-6.7993279 	-0.41708585
-0.96216216 	0.25 	0.091 	69.454032 	-6.7485405 	-0.41490298
-0.96336336 	0.25 	0.091 	69.495771 	-6.6956424 	-0.4127398
-0.96456456 	0.25 	0.091 	69.53751 	-6.6427444 	-0.41057662
-0.96576577 	0.25 	0.091 	69.579305 	-6.5897593 	-0.40874434
-0.96696697 	0.25 	0.091 	69.624221 	-6.5271354 	-0.40719046
-0.96816817 	0.25 	0.091 	69.666339 	-6.4855822 	-0.40519181
-0.96936937 	0.25 	0.091 	69.709431 	-6.4453532 	-0.40304524
-0.97057057 	0.25 	0.091 	69.755225 	-6.3965813 	-0.40091522
-0.97177177 	0.25 	0.091 	69.801019 	-6.3478095 	-0.39878521
-0.97297297 	0.25 	0.091 	69.846818 	-6.2990373 	-0.39670401
-0.97417417 	0.25 	0.091 	69.891142 	-6.2346407 	-0.39546499
-0.97537538 	0.25 	0.091 	69.931671 	-6.1716336 	-0.39381494
-0.97657658 	0.25 	0.091 	69.965931 	-6.1161571 	-0.39137019
-0.97777778 	0.25 	0.091 	70.00732 	-6.0686784 	-0.38923545
-0.97897898 	0.25 	0.091 	70.050005 	-6.0226545 	-0.38715711
-0.98018018 	0.25 	0.091 	70.09269 	-5.9766306 	-0.38507877
-0.98138138 	0.25 	0.091 	70.137465 	-5.9312637 	-0.38360923
-0.98258258 	0.25 	0.091 	70.184764 	-5.8867033 	-0.38246724
-0.98378378 	0.25 	0.091 	70.223381 	-5.8161712 	-0.37992253
-0.98498498 	0.25 	0.091 	70.269158 	-5.7626497 	-0.37767674
-0.98618619 	0.25 	0.091 	70.317905 	-5.7161844 	-0.375555
-0.98738739 	0.25 	0.091 	70.366653 	-5.669719 	-0.37343327
-0.98858859 	0.25 	0.091 	70.415442 	-5.6232534 	-0.37159786
-0.98978979 	0.25 	0.091 	70.466148 	-5.5829442 	-0.37016045
-0.99099099 	0.25 	0.091 	70.517983 	-5.5107709 	-0.36819062
-0.99219219 	0.25 	0.091 	70.575949 	-5.4578276 	-0.36598025
-0.99339339 	0.25 	0.091 	70.634094 	-5.4059483 	-0.36376973
-0.99459459 	0.25 	0.091 	70.692239 	-5.354069 	-0.36155922
-0.9957958 	0.25 	0.091 	70.750387 	-5.3021897 	-0.35936832
-0.996997 	0.25 	0.091 	70.808645 	-5.2503117 	-0.35793342
-0.9981982 	0.25 	0.091 	70.86743 	-5.1892981 	-0.35623713
-0.9993994 	0.25 	0.091 	70.920273 	-5.1206018 	-0.35426665
-1.0006006 	0.25 	0.091 	70.972715 	-5.0536077 	-0.3523223
-1.0018018 	0.25 	0.091 	71.025157 	-4.9866135 	-0.35037796
-1.003003 	0.25 	0.091 	71.077599 	-4.9196194 	-0.34843361
-1.0042042 	0.25 	0.091 	71.127135 	-4.8648302 	-0.34658623
-1.0054054 	0.25 	0.091 	71.171119 	-4.8440048 	-0.34530643
-1.0066066 	0.25 	0.091 	71.211182 	-4.8408764 	-0.34447937
-1.0078078 	0.25 	0.091 	71.272913 	-4.754359 	-0.34168885
-1.009009 	0.25 	0.091 	71.332713 	-4.6715248 	-0.3389539
-1.0102102 	0.25 	0.091 	71.434535 	-4.5858192 	-0.33593604
-1.0114114 	0.25 	0.091 	71.536671 	-4.5005584 	-0.3329317
-1.0126126 	0.25 	0.091 	71.622194 	-4.442813 	-0.33116556
-1.0138138 	0.25 	0.091 	71.694397 	-4.3899034 	-0.32951191
-1.015015 	0.25 	0.091 	71.732655 	-4.3339817 	-0.32729887
-1.0162162 	0.25 	0.091 	71.812754 	-4.2734819 	-0.32544448
-1.0174174 	0.25 	0.091 	71.897405 	-4.2124827 	-0.32333672
-1.0186186 	0.25 	0.091 	71.982055 	-4.1514834 	-0.32122896
-1.0198198 	0.25 	0.091 	72.066706 	-4.0904841 	-0.3191212
-1.021021 	0.25 	0.091 	72.152092 	-4.025325 	-0.31712994
-1.0222222 	0.25 	0.091 	72.231495 	-3.9618829 	-0.31572452
-1.0234234 	0.25 	0.091 	72.324826 	-3.8961437 	-0.31401699
-1.0246246 	0.25 	0.091 	72.420348 	-3.8335722 	-0.31174239
-1.0258258 	0.25 	0.091 	72.516466 	-3.7718145 	-0.30944562
-1.027027 	0.25 	0.091 	72.612584 	-3.7100569 	-0.30714885
-1.0282282 	0.25 	0.091 	72.406058 	-3.6053975 	-0.30534059
-1.0294294 	0.25 	0.091 	72.659173 	-3.5598771 	-0.30339761
-1.0306306 	0.25 	0.091 	72.953089 	-3.5192355 	-0.3014274
-1.0318318 	0.25 	0.091 	73.01258 	-3.4464725 	-0.29916842
-1.033033 	0.25 	0.091 	73.026533 	-3.367437 	-0.29707456
-1.0342342 	0.25 	0.091 	72.991035 	-3.2734772 	-0.29503776
-1.0354354 	0.25 	0.091 	72.680199 	-3.1377523 	-0.29347815
-1.0366366 	0.25 	0.091 	72.749627 	-3.0614786 	-0.29165926
-1.0378378 	0.25 	0.091 	73.181293 	-3.0418381 	-0.28959339
-1.039039 	0.25 	0.091 	73.246699 	-2.9590231 	-0.28729331
-1.0402402 	0.25 	0.091 	73.314891 	-2.8663872 	-0.28491807
-1.0414414 	0.25 	0.091 	73.299652 	-2.7551665 	-0.28268684
-1.0426426 	0.25 	0.091 	72.987167 	-2.5926581 	-0.28097871
-1.0438438 	0.25 	0.091 	73.072121 	-2.54059 	-0.27959409
-1.045045 	0.25 	0.091 	73.358222 	-2.5444169 	-0.27837319
-1.0462462 	0.25 	0.091 	73.553571 	-2.5121286 	-0.27682019
-1.0474474 	0.25 	0.091 	73.625102 	-2.4311762 	-0.27487175
-1.0486486 	0.25 	0.091 	73.6517 	-2.3323052 	-0.27289029
-1.0498498 	0.25 	0.091 	73.662396 	-2.227093 	-0.27089715
-1.0510511 	0.25 	0.091 	73.673092 	-2.1218808 	-0.268904
-1.0522523 	0.25 	0.091 	73.537571 	-1.9581004 	-0.26711015
-1.0534535 	0.25 	0.091 	73.431732 	-1.7907228 	-0.26515826
-1.0546547 	0.25 	0.091 	73.786433 	-1.7153192 	-0.26212656
-1.0558559 	0.25 	0.091 	73.871037 	-1.5696302 	-0.25926211
-1.0570571 	0.25 	0.091 	73.955518 	-1.423957 	-0.256034
-1.0582583 	0.25 	0.091 	74.039999 	-1.2782838 	-0.25280589
-1.0594595 	0.25 	0.091 	74.075062 	-1.1202101 	-0.24963967
-1.0606607 	0.25 	0.091 	74.178631 	-1.0178266 	-0.24804006
-1.0618619 	0.25 	0.091 	74.252171 	-0.89491715 	-0.24626661
-1.0630631 	0.25 	0.091 	74.325483 	-0.77202886 	-0.24383373
-1.0642643 	0.25 	0.091 	74.393613 	-0.6490952 	-0.24138051
-1.0654655 	0.25 	0.091 	74.456751 	-0.52611787 	-0.2389077
-1.0666667 	0.25 	0.091 	74.496827 	-0.41965914 	-0.23646273
-1.0678679 	0.25 	0.091 	74.626646 	-0.26491952 	-0.23451283
-1.0690691 	0.25 	0.091 	74.726189 	-0.13001413 	-0.23261269
-1.0702703 	0.25 	0.091 	74.825471 	0.004860652 	-0.22994699
-1.0714715 	0.25 	0.091 	74.924752 	0.13973543 	-0.22728129
-1.0726727 	0.25 	0.091 	75.024034 	0.27461021 	-0.22461558
-1.0738739 	0.25 	0.091 	75.103897 	0.39102348 	-0.2220534
-1.0750751 	0.25 	0.091 	75.252055 	0.56246581 	-0.21963807
-1.0762763 	0.25 	0.091 	75.372885 	0.71984765 	-0.2177446
-1.0774775 	0.25 	0.091 	75.488428 	0.8728603 	-0.21508605
-1.0786787 	0.25 	0.091 	75.603918 	1.0258654 	-0.2122797
-1.0798799 	0.25 	0.091 	75.719408 	1.1788706 	-0.20947335
-1.0810811 	0.25 	0.091 	75.834897 	1.3318757 	-0.20666701
-1.0822823 	0.25 	0.091 	75.916987 	1.4407907 	-0.20427946
-1.0834835 	0.25 	0.091 	76.109088 	1.6567513 	-0.2019724
-1.0846847 	0.25 	0.091 	76.247417 	1.7955466 	-0.19939702
-1.0858859 	0.25 	0.091 	76.385602 	1.934312 	-0.19644245
-1.0870871 	0.25 	0.091 	76.523788 	2.0730773 	-0.19348788
-1.0882883 	0.25 	0.091 	76.661943 	2.2118824 	-0.19053275
-1.0894895 	0.25 	0.091 	76.797422 	2.3564942 	-0.18768364
-1.0906907 	0.25 	0.091 	76.951572 	2.5217028 	-0.18546981
-1.0918919 	0.25 	0.091 	77.105427 	2.6868362 	-0.1824348
-1.0930931 	0.25 	0.091 	77.259211 	2.8519516 	-0.17920407
-1.0942943 	0.25 	0.091 	77.412995 	3.0170669 	-0.17597334
-1.0954955 	0.25 	0.091 	77.361794 	3.3252743 	-0.17245981
-1.0966967 	0.25 	0.091 	77.65227 	3.275454 	-0.17123273
-1.0978979 	0.25 	0.091 	77.857567 	3.3125252 	-0.16966992
-1.0990991 	0.25 	0.091 	78.014872 	3.3973592 	-0.16739904
-1.1003003 	0.25 	0.091 	78.172088 	3.4821669 	-0.1648535
-1.1015015 	0.25 	0.091 	78.329304 	3.5669746 	-0.16230797
-1.1027027 	0.25 	0.091 	78.433866 	3.7007369 	-0.15947535
-1.1039039 	0.25 	0.091 	78.378116 	3.9840466 	-0.15621869
-1.1051051 	0.25 	0.091 	78.259645 	4.3258738 	-0.15280365
-1.1063063 	0.25 	0.091 	78.382636 	4.4739999 	-0.14944527
-1.1075075 	0.25 	0.091 	78.877942 	4.3234541 	-0.14617427
-1.1087087 	0.25 	0.091 	79.045449 	4.4606553 	-0.14252607
-1.1099099 	0.25 	0.091 	79.146662 	4.6734642 	-0.13863804
-1.1111111 	0.25 	0.091 	79.225153 	4.9314942 	-0.13458978
-1.1123123 	0.25 	0.091 	78.938438 	5.5103043 	-0.13104267
-1.1135135 	0.25 	0.091 	79.007561 	5.7136955 	-0.12803513
-1.1147147 	0.25 	0.091 	79.415856 	5.5592495 	-0.12554189
-1.1159159 	0.25 	0.091 	79.445742 	5.783058 	-0.12209365
-1.1171171 	0.25 	0.091 	79.382131 	6.1003325 	-0.11842276
-1.1183183 	0.25 	0.091 	79.318519 	6.417607 	-0.11475188
-1.1195195 	0.25 	0.091 	79.254907 	6.7348815 	-0.11108099
-1.1207207 	0.25 	0.091 	79.191811 	7.056481 	-0.1075566
-1.1219219 	0.25 	0.091 	79.156478 	7.3710388 	-0.10463451
-1.1231231 	0.25 	0.091 	79.120973 	7.6854578 	-0.10114973
-1.1243243 	0.25 	0.091 	79.085333 	7.9997673 	-0.097220629
-1.1255255 	0.25 	0.091 	79.049692 	8.3140768 	-0.093291529
-1.1267267 	0.25 	0.091 	79.107443 	8.5543418 	-0.090637015
-1.1279279 	0.25 	0.091 	79.287699 	8.6959546 	-0.089777338
-1.1291291 	0.25 	0.091 	79.09371 	9.118704 	-0.085056938
-1.1303303 	0.25 	0.091 	78.979816 	9.5122958 	-0.080732673
-1.1315315 	0.25 	0.091 	78.958947 	9.8988307 	-0.076630806
-1.1327327 	0.25 	0.091 	78.938077 	10.285366 	-0.07252894
-1.1339339 	0.25 	0.091 	79.111211 	10.543359 	-0.070926477
-1.1351351 	0.25 	0.091 	79.236769 	10.771759 	-0.069370302
-1.1363363 	0.25 	0.091 	79.089718 	10.994522 	-0.066311132
-1.1375375 	0.25 	0.091 	78.963272 	11.272578 	-0.063117037
-1.1387387 	0.25 	0.091 	78.865634 	11.627938 	-0.059734298
-1.1399399 	0.25 	0.091 	78.767996 	11.983299 	-0.056351559
-1.1411411 	0.25 	0.091 	78.670473 	12.338646 	-0.052969442
-1.1423423 	0.25 	0.091 	78.703181 	12.793597 	-0.050547617
-1.1435435 	0.25 	0.091 	78.73637 	13.2578 	-0.04817853
-1.1447447 	0.25 	0.091 	78.737629 	13.654283 	-0.046275782
-1.1459459 	0.25 	0.091 	78.730529 	14.030208 	-0.044144886
-1.1471471 	0.25 	0.091 	78.718068 	14.391411 	-0.041677798
-1.1483483 	0.25 	0.091 	78.705607 	14.752614 	-0.039210711
-1.1495495 	0.25 	0.091 	78.693174 	15.113904 	-0.036893814
-1.1507508 	0.25 	0.091 	78.689823 	15.471321 	-0.034492254
-1.151952 	0.25 	0.091 	78.680264 	15.834621 	-0.032275501
-1.1531532 	0.25 	0.091 	78.662275 	16.205594 	-0.03034772
-1.1543544 	0.25 	0.091 	78.628366 	16.621244 	-0.027733256
-1.1555556 	0.25 	0.091 	78.593844 	17.038614 	-0.02509237
-1.1567568 	0.25 	0.091 	78.559323 	17.455983 	-0.022451485
-1.157958 	0.25 	0.091 	78.521357 	17.88162 	-0.020216624
-1.1591592 	0.25 	0.091 	78.472757 	18.331022 	-0.017671642
-1.1603604 	0.25 	0.091 	78.420831 	18.86422 	-0.015484544
-1.1615616 	0.25 	0.091 	78.329053 	19.39248 	-0.012941269
-1.1627628 	0.25 	0.091 	78.211883 	19.913349 	-0.010151512
-1.163964 	0.25 	0.091 	78.094713 	20.434217 	-0.0073617557
-1.1651652 	0.25 	0.091 	77.977571 	20.955191 	-0.0047300368
-1.1663664 	0.25 	0.091 	77.788421 	21.435959 	-0.0022245139
-1.1675676 	0.25 	0.091 	77.587821 	21.924971 	0.00026949904
-1.1687688 	0.25 	0.091 	77.388156 	22.435654 	0.0025872449
-1.16997 	0.25 	0.091 	77.15372 	22.968985 	0.0054012002
-1.1711712 	0.25 	0.091 	76.912862 	23.506499 	0.0083068022
-1.1723724 	0.25 	0.091 	76.672004 	24.044013 	0.011212404
-1.1735736 	0.25 	0.091 	76.389573 	24.563704 	0.013817708
-1.1747748 	0.25 	0.091 	76.08224 	25.072692 	0.016280229
-1.175976 	0.25 	0.091 	75.785503 	25.592811 	0.018745597
-1.1771772 	0.25 	0.091 	75.479775 	26.116005 	0.021274351
-1.1783784 	0.25 	0.091 	75.091913 	26.667037 	0.02433688
-1.1795796 	0.25 	0.091 	74.704788 	27.219367 	0.027397752
-1.1807808 	0.25 	0.091 	74.312936 	27.772572 	0.030446067
-1.181982 	0.25 	0.091 	73.825848 	28.343418 	0.033241385
-1.1831832 	0.25 	0.091 	73.342908 	28.910346 	0.035966856
-1.1843844 	0.25 	0.091 	72.871486 	29.466401 	0.038498456
-1.1855856 	0.25 	0.091 	72.312361 	29.984105 	0.041376388
-1.1867868 	0.25 	0.091 	71.6755 	30.467816 	0.044561299
-1.187988 	0.25 	0.091 	71.077498 	30.944273 	0.047598357
-1.1891892 	0.25 	0.091 	70.518776 	31.354656 	0.049786567
-1.1903904 	0.25 	0.091 	69.889945 	31.73495 	0.051727425
-1.1915916 	0.25 	0.091 	69.401684 	31.995568 	0.053483992
-1.1927928 	0.25 	0.091 	68.940355 	32.233259 	0.055205253
-1.193994 	0.25 	0.091 	68.471789 	32.455788 	0.056874195
-1.1951952 	0.25 	0.091 	67.937961 	32.540941 	0.058248505
-1.1963964 	0.25 	0.091 	67.40463 	32.625567 	0.060069132
-1.1975976 	0.25 	0.091 	66.871299 	32.710193 	0.061889759
-1.1987988 	0.25 	0.091 	66.337969 	32.794819 	0.063710386
-1.2 	0.25 	0.091 	65.804638 	32.879446 	0.065531012
