0 	0.25 	0.01 	52.028016 	-5.6041824 	-0.096085172
-0.0012012012 	0.25 	0.01 	52.037666 	-5.6181608 	-0.096351895
-0.0024024024 	0.25 	0.01 	52.047316 	-5.6321393 	-0.096618618
-0.0036036036 	0.25 	0.01 	52.056966 	-5.6461177 	-0.096885342
-0.0048048048 	0.25 	0.01 	52.066616 	-5.6600962 	-0.097152065
-0.006006006 	0.25 	0.01 	52.076266 	-5.6740747 	-0.097418789
-0.0072072072 	0.25 	0.01 	52.085916 	-5.6880531 	-0.097685512
-0.0084084084 	0.25 	0.01 	52.095566 	-5.7020316 	-0.097952235
-0.0096096096 	0.25 	0.01 	52.105216 	-5.7160101 	-0.098218959
-0.010810811 	0.25 	0.01 	52.114865 	-5.7299885 	-0.098485682
-0.012012012 	0.25 	0.01 	52.124515 	-5.743967 	-0.098752405
-0.013213213 	0.25 	0.01 	52.134165 	-5.7579455 	-0.099019129
-0.014414414 	0.25 	0.01 	52.143815 	-5.7719239 	-0.099285852
-0.015615616 	0.25 	0.01 	52.153465 	-5.7859024 	-0.099552575
-0.016816817 	0.25 	0.01 	52.163115 	-5.7998808 	-0.099819299
-0.018018018 	0.25 	0.01 	52.171937 	-5.812879 	-0.099935302
-0.019219219 	0.25 	0.01 	52.180121 	-5.8251227 	-0.099935302
-0.02042042 	0.25 	0.01 	52.188306 	-5.8373664 	-0.099935302
-0.021621622 	0.25 	0.01 	52.197865 	-5.8508105 	-0.099935302
-0.022822823 	0.25 	0.01 	52.208008 	-5.8647656 	-0.099935302
-0.024024024 	0.25 	0.01 	52.218152 	-5.8787207 	-0.099935302
-0.025225225 	0.25 	0.01 	52.228296 	-5.8926758 	-0.099935302
-0.026426426 	0.25 	0.01 	52.23844 	-5.9066309 	-0.099935302
-0.027627628 	0.25 	0.01 	52.248583 	-5.920586 	-0.099935302
-0.028828829 	0.25 	0.01 	52.258727 	-5.9345411 	-0.099935302
-0.03003003 	0.25 	0.01 	52.268871 	-5.9484962 	-0.099935302
-0.031231231 	0.25 	0.01 	52.279015 	-5.9624513 	-0.099935302
-0.032432432 	0.25 	0.01 	52.289158 	-5.9764064 	-0.099935302
-0.033633634 	0.25 	0.01 	52.299302 	-5.9903615 	-0.099935302
-0.034834835 	0.25 	0.01 	52.309446 	-6.0043166 	-0.099935302
-0.036036036 	0.25 	0.01 	52.31959 	-6.0182717 	-0.099935302
-0.037237237 	0.25 	0.01 	52.329734 	-6.0322268 	-0.099935302
-0.038438438 	0.25 	0.01 	52.339877 	-6.0461819 	-0.099935302
-0.03963964 	0.25 	0.01 	52.350021 	-6.060137 	-0.099935302
-0.040840841 	0.25 	0.01 	52.360165 	-6.0740922 	-0.099935302
-0.042042042 	0.25 	0.01 	52.369983 	-6.0877336 	-0.09992124
-0.043243243 	0.25 	0.01 	52.378635 	-6.1002496 	-0.099856732
-0.044444444 	0.25 	0.01 	52.387286 	-6.1127656 	-0.099792224
-0.045645646 	0.25 	0.01 	52.395937 	-6.1252816 	-0.099727716
-0.046846847 	0.25 	0.01 	52.404589 	-6.1377976 	-0.099663207
-0.048048048 	0.25 	0.01 	52.41324 	-6.1503136 	-0.099598699
-0.049249249 	0.25 	0.01 	52.421891 	-6.1628297 	-0.099534191
-0.05045045 	0.25 	0.01 	52.430543 	-6.1753457 	-0.099469683
-0.051651652 	0.25 	0.01 	52.439194 	-6.1878617 	-0.099405175
-0.052852853 	0.25 	0.01 	52.447845 	-6.2003777 	-0.099340667
-0.054054054 	0.25 	0.01 	52.456497 	-6.2128937 	-0.099276158
-0.055255255 	0.25 	0.01 	52.465148 	-6.2254098 	-0.09921165
-0.056456456 	0.25 	0.01 	52.473799 	-6.2379258 	-0.099147142
-0.057657658 	0.25 	0.01 	52.482451 	-6.2504418 	-0.099082634
-0.058858859 	0.25 	0.01 	52.491102 	-6.2629578 	-0.099018126
-0.06006006 	0.25 	0.01 	52.499753 	-6.2754738 	-0.098953618
-0.061261261 	0.25 	0.01 	52.511469 	-6.2927356 	-0.099087306
-0.062462462 	0.25 	0.01 	52.523298 	-6.3101746 	-0.099228398
-0.063663664 	0.25 	0.01 	52.535128 	-6.3276136 	-0.09936949
-0.064864865 	0.25 	0.01 	52.546957 	-6.3450526 	-0.099510582
-0.066066066 	0.25 	0.01 	52.558787 	-6.3624916 	-0.099651674
-0.067267267 	0.25 	0.01 	52.570617 	-6.3799306 	-0.099792765
-0.068468468 	0.25 	0.01 	52.582446 	-6.3973696 	-0.099933857
-0.06966967 	0.25 	0.01 	52.594276 	-6.4148085 	-0.10007495
-0.070870871 	0.25 	0.01 	52.606105 	-6.4322475 	-0.10021604
-0.072072072 	0.25 	0.01 	52.617935 	-6.4496865 	-0.10035713
-0.073273273 	0.25 	0.01 	52.629765 	-6.4671255 	-0.10049822
-0.074474474 	0.25 	0.01 	52.641594 	-6.4845645 	-0.10063932
-0.075675676 	0.25 	0.01 	52.653424 	-6.5020035 	-0.10078041
-0.076876877 	0.25 	0.01 	52.665254 	-6.5194425 	-0.1009215
-0.078078078 	0.25 	0.01 	52.677083 	-6.5368815 	-0.10106259
-0.079279279 	0.25 	0.01 	52.689366 	-6.5514929 	-0.10109964
-0.08048048 	0.25 	0.01 	52.701809 	-6.5650976 	-0.10109964
-0.081681682 	0.25 	0.01 	52.714253 	-6.5787023 	-0.10109964
-0.082882883 	0.25 	0.01 	52.726697 	-6.5923069 	-0.10109964
-0.084084084 	0.25 	0.01 	52.73914 	-6.6059116 	-0.10109964
-0.085285285 	0.25 	0.01 	52.751584 	-6.6195162 	-0.10109964
-0.086486486 	0.25 	0.01 	52.764028 	-6.6331209 	-0.10109964
-0.087687688 	0.25 	0.01 	52.776471 	-6.6467255 	-0.10109964
-0.088888889 	0.25 	0.01 	52.788915 	-6.6603302 	-0.10109964
-0.09009009 	0.25 	0.01 	52.801359 	-6.6739348 	-0.10109964
-0.091291291 	0.25 	0.01 	52.813802 	-6.6875395 	-0.10109964
-0.092492492 	0.25 	0.01 	52.826246 	-6.7011441 	-0.10109964
-0.093693694 	0.25 	0.01 	52.83869 	-6.7147488 	-0.10109964
-0.094894895 	0.25 	0.01 	52.851133 	-6.7283535 	-0.10109964
-0.096096096 	0.25 	0.01 	52.863577 	-6.7419581 	-0.10109964
-0.097297297 	0.25 	0.01 	52.876021 	-6.7555628 	-0.10109964
-0.098498498 	0.25 	0.01 	52.888464 	-6.7691674 	-0.10109964
-0.0996997 	0.25 	0.01 	52.900908 	-6.7827721 	-0.10109964
-0.1009009 	0.25 	0.01 	52.913555 	-6.7950751 	-0.10109964
-0.1021021 	0.25 	0.01 	52.926214 	-6.8073036 	-0.10109964
-0.1033033 	0.25 	0.01 	52.939144 	-6.8178599 	-0.1010465
-0.1045045 	0.25 	0.01 	52.952429 	-6.826241 	-0.10092426
-0.10570571 	0.25 	0.01 	52.965713 	-6.8346222 	-0.10080201
-0.10690691 	0.25 	0.01 	52.978997 	-6.8430034 	-0.10067977
-0.10810811 	0.25 	0.01 	52.992282 	-6.8513846 	-0.10055752
-0.10930931 	0.25 	0.01 	53.005566 	-6.8597658 	-0.10043527
-0.11051051 	0.25 	0.01 	53.01885 	-6.8681469 	-0.10031303
-0.11171171 	0.25 	0.01 	53.032135 	-6.8765281 	-0.10019078
-0.11291291 	0.25 	0.01 	53.045419 	-6.8849093 	-0.10006853
-0.11411411 	0.25 	0.01 	53.058704 	-6.8932905 	-0.099946287
-0.11531532 	0.25 	0.01 	53.071988 	-6.9016717 	-0.099824041
-0.11651652 	0.25 	0.01 	53.085272 	-6.9100529 	-0.099701794
-0.11771772 	0.25 	0.01 	53.098557 	-6.918434 	-0.099579548
-0.11891892 	0.25 	0.01 	53.111841 	-6.9268152 	-0.099457301
-0.12012012 	0.25 	0.01 	53.125125 	-6.9351964 	-0.099335055
-0.12132132 	0.25 	0.01 	53.139035 	-6.9446165 	-0.099281489
-0.12252252 	0.25 	0.01 	53.155326 	-6.9579955 	-0.099489618
-0.12372372 	0.25 	0.01 	53.171617 	-6.9713744 	-0.099697748
-0.12492492 	0.25 	0.01 	53.187907 	-6.9847534 	-0.099905878
-0.12612613 	0.25 	0.01 	53.204198 	-6.9981323 	-0.10011401
-0.12732733 	0.25 	0.01 	53.220489 	-7.0115113 	-0.10032214
-0.12852853 	0.25 	0.01 	53.23678 	-7.0248902 	-0.10053027
-0.12972973 	0.25 	0.01 	53.253071 	-7.0382692 	-0.1007384
-0.13093093 	0.25 	0.01 	53.269362 	-7.0516481 	-0.10094653
-0.13213213 	0.25 	0.01 	53.285653 	-7.065027 	-0.10115466
-0.13333333 	0.25 	0.01 	53.301944 	-7.078406 	-0.10136279
-0.13453453 	0.25 	0.01 	53.318234 	-7.0917849 	-0.10157092
-0.13573574 	0.25 	0.01 	53.334525 	-7.1051639 	-0.10177905
-0.13693694 	0.25 	0.01 	53.350816 	-7.1185428 	-0.10198718
-0.13813814 	0.25 	0.01 	53.367107 	-7.1319218 	-0.1021953
-0.13933934 	0.25 	0.01 	53.383398 	-7.1453007 	-0.10240343
-0.14054054 	0.25 	0.01 	53.399411 	-7.1579061 	-0.10240522
-0.14174174 	0.25 	0.01 	53.415421 	-7.1705048 	-0.10240522
-0.14294294 	0.25 	0.01 	53.431238 	-7.1832307 	-0.10240522
-0.14414414 	0.25 	0.01 	53.446943 	-7.196029 	-0.10240522
-0.14534535 	0.25 	0.01 	53.462649 	-7.2088272 	-0.10240522
-0.14654655 	0.25 	0.01 	53.478355 	-7.2216254 	-0.10240522
-0.14774775 	0.25 	0.01 	53.494061 	-7.2344236 	-0.10240522
-0.14894895 	0.25 	0.01 	53.509767 	-7.2472219 	-0.10240522
-0.15015015 	0.25 	0.01 	53.525473 	-7.2600201 	-0.10240522
-0.15135135 	0.25 	0.01 	53.541179 	-7.2728183 	-0.10240522
-0.15255255 	0.25 	0.01 	53.556884 	-7.2856166 	-0.10240522
-0.15375375 	0.25 	0.01 	53.57259 	-7.2984148 	-0.10240522
-0.15495495 	0.25 	0.01 	53.588296 	-7.311213 	-0.10240522
-0.15615616 	0.25 	0.01 	53.604002 	-7.3240113 	-0.10240522
-0.15735736 	0.25 	0.01 	53.619708 	-7.3368095 	-0.10240522
-0.15855856 	0.25 	0.01 	53.635414 	-7.3496077 	-0.10240522
-0.15975976 	0.25 	0.01 	53.65112 	-7.3624059 	-0.10240522
-0.16096096 	0.25 	0.01 	53.666825 	-7.3752042 	-0.10240522
-0.16216216 	0.25 	0.01 	53.682531 	-7.3880024 	-0.10240522
-0.16336336 	0.25 	0.01 	53.698237 	-7.4008006 	-0.10240522
-0.16456456 	0.25 	0.01 	53.713733 	-7.4130511 	-0.10235877
-0.16576577 	0.25 	0.01 	53.729138 	-7.4250676 	-0.10229247
-0.16696697 	0.25 	0.01 	53.744544 	-7.437084 	-0.10222618
-0.16816817 	0.25 	0.01 	53.75995 	-7.4491004 	-0.10215988
-0.16936937 	0.25 	0.01 	53.775355 	-7.4611168 	-0.10209358
-0.17057057 	0.25 	0.01 	53.790761 	-7.4731332 	-0.10202728
-0.17177177 	0.25 	0.01 	53.806167 	-7.4851497 	-0.10196098
-0.17297297 	0.25 	0.01 	53.821572 	-7.4971661 	-0.10189468
-0.17417417 	0.25 	0.01 	53.836978 	-7.5091825 	-0.10182839
-0.17537538 	0.25 	0.01 	53.852383 	-7.5211989 	-0.10176209
-0.17657658 	0.25 	0.01 	53.867789 	-7.5332153 	-0.10169579
-0.17777778 	0.25 	0.01 	53.883195 	-7.5452317 	-0.10162949
-0.17897898 	0.25 	0.01 	53.8986 	-7.5572482 	-0.10156319
-0.18018018 	0.25 	0.01 	53.914006 	-7.5692646 	-0.10149689
-0.18138138 	0.25 	0.01 	53.929412 	-7.581281 	-0.1014306
-0.18258258 	0.25 	0.01 	53.946858 	-7.5950034 	-0.1014497
-0.18378378 	0.25 	0.01 	53.966504 	-7.610566 	-0.10156093
-0.18498498 	0.25 	0.01 	53.986151 	-7.6261286 	-0.10167216
-0.18618619 	0.25 	0.01 	54.005798 	-7.6416912 	-0.10178339
-0.18738739 	0.25 	0.01 	54.025445 	-7.6572538 	-0.10189462
-0.18858859 	0.25 	0.01 	54.045092 	-7.6728164 	-0.10200586
-0.18978979 	0.25 	0.01 	54.064739 	-7.688379 	-0.10211709
-0.19099099 	0.25 	0.01 	54.084386 	-7.7039416 	-0.10222832
-0.19219219 	0.25 	0.01 	54.104033 	-7.7195042 	-0.10233955
-0.19339339 	0.25 	0.01 	54.12368 	-7.7350668 	-0.10245078
-0.19459459 	0.25 	0.01 	54.143327 	-7.7506294 	-0.10256201
-0.1957958 	0.25 	0.01 	54.162973 	-7.766192 	-0.10267324
-0.196997 	0.25 	0.01 	54.18262 	-7.7817546 	-0.10278447
-0.1981982 	0.25 	0.01 	54.202267 	-7.7973172 	-0.10289571
-0.1993994 	0.25 	0.01 	54.221914 	-7.8128798 	-0.10300694
-0.2006006 	0.25 	0.01 	54.241135 	-7.8275753 	-0.10308956
-0.2018018 	0.25 	0.01 	54.259128 	-7.8397666 	-0.10308956
-0.203003 	0.25 	0.01 	54.277121 	-7.851958 	-0.10308956
-0.2042042 	0.25 	0.01 	54.295113 	-7.8641494 	-0.10308956
-0.20540541 	0.25 	0.01 	54.313106 	-7.8763407 	-0.10308956
-0.20660661 	0.25 	0.01 	54.331099 	-7.8885321 	-0.10308956
-0.20780781 	0.25 	0.01 	54.349091 	-7.9007234 	-0.10308956
-0.20900901 	0.25 	0.01 	54.367084 	-7.9129148 	-0.10308956
-0.21021021 	0.25 	0.01 	54.385077 	-7.9251061 	-0.10308956
-0.21141141 	0.25 	0.01 	54.403069 	-7.9372975 	-0.10308956
-0.21261261 	0.25 	0.01 	54.421062 	-7.9494889 	-0.10308956
-0.21381381 	0.25 	0.01 	54.439055 	-7.9616802 	-0.10308956
-0.21501502 	0.25 	0.01 	54.457047 	-7.9738716 	-0.10308956
-0.21621622 	0.25 	0.01 	54.47504 	-7.9860629 	-0.10308956
-0.21741742 	0.25 	0.01 	54.493033 	-7.9982543 	-0.10308956
-0.21861862 	0.25 	0.01 	54.511025 	-8.0104457 	-0.10308956
-0.21981982 	0.25 	0.01 	54.529018 	-8.022637 	-0.10308956
-0.22102102 	0.25 	0.01 	54.547011 	-8.0348284 	-0.10308956
-0.22222222 	0.25 	0.01 	54.565003 	-8.0470197 	-0.10308956
-0.22342342 	0.25 	0.01 	54.583966 	-8.0587849 	-0.10308956
-0.22462462 	0.25 	0.01 	54.602949 	-8.0705415 	-0.10308956
-0.22582583 	0.25 	0.01 	54.620353 	-8.0790567 	-0.10297837
-0.22702703 	0.25 	0.01 	54.637688 	-8.0874299 	-0.10286232
-0.22822823 	0.25 	0.01 	54.655023 	-8.095803 	-0.10274626
-0.22942943 	0.25 	0.01 	54.672357 	-8.1041762 	-0.10263021
-0.23063063 	0.25 	0.01 	54.689692 	-8.1125493 	-0.10251415
-0.23183183 	0.25 	0.01 	54.707027 	-8.1209225 	-0.1023981
-0.23303303 	0.25 	0.01 	54.724362 	-8.1292956 	-0.10228204
-0.23423423 	0.25 	0.01 	54.741697 	-8.1376688 	-0.10216599
-0.23543544 	0.25 	0.01 	54.759032 	-8.1460419 	-0.10204993
-0.23663664 	0.25 	0.01 	54.776366 	-8.1544151 	-0.10193387
-0.23783784 	0.25 	0.01 	54.793701 	-8.1627882 	-0.10181782
-0.23903904 	0.25 	0.01 	54.811036 	-8.1711614 	-0.10170176
-0.24024024 	0.25 	0.01 	54.828371 	-8.1795345 	-0.10158571
-0.24144144 	0.25 	0.01 	54.845706 	-8.1879077 	-0.10146965
-0.24264264 	0.25 	0.01 	54.86304 	-8.1962808 	-0.1013536
-0.24384384 	0.25 	0.01 	54.884185 	-8.2069181 	-0.10142428
-0.24504505 	0.25 	0.01 	54.906716 	-8.2183795 	-0.10156294
-0.24624625 	0.25 	0.01 	54.929247 	-8.2298408 	-0.10170159
-0.24744745 	0.25 	0.01 	54.951778 	-8.2413022 	-0.10184025
-0.24864865 	0.25 	0.01 	54.974309 	-8.2527636 	-0.10197891
-0.24984985 	0.25 	0.01 	54.99684 	-8.264225 	-0.10211757
-0.25105105 	0.25 	0.01 	55.019371 	-8.2756863 	-0.10225623
-0.25225225 	0.25 	0.01 	55.041902 	-8.2871477 	-0.10239488
-0.25345345 	0.25 	0.01 	55.064433 	-8.2986091 	-0.10253354
-0.25465465 	0.25 	0.01 	55.086964 	-8.3100705 	-0.1026722
-0.25585586 	0.25 	0.01 	55.109495 	-8.3215319 	-0.10281086
-0.25705706 	0.25 	0.01 	55.132026 	-8.3329932 	-0.10294951
-0.25825826 	0.25 	0.01 	55.154557 	-8.3444546 	-0.10308817
-0.25945946 	0.25 	0.01 	55.177088 	-8.355916 	-0.10322683
-0.26066066 	0.25 	0.01 	55.199619 	-8.3673774 	-0.10336549
-0.26186186 	0.25 	0.01 	55.22128 	-8.379108 	-0.10343312
-0.26306306 	0.25 	0.01 	55.242112 	-8.391095 	-0.10343312
-0.26426426 	0.25 	0.01 	55.261999 	-8.402643 	-0.10343312
-0.26546547 	0.25 	0.01 	55.281382 	-8.4139572 	-0.10343312
-0.26666667 	0.25 	0.01 	55.300766 	-8.4252713 	-0.10343312
-0.26786787 	0.25 	0.01 	55.320149 	-8.4365854 	-0.10343312
-0.26906907 	0.25 	0.01 	55.339532 	-8.4478995 	-0.10343312
-0.27027027 	0.25 	0.01 	55.358916 	-8.4592136 	-0.10343312
-0.27147147 	0.25 	0.01 	55.378299 	-8.4705278 	-0.10343312
-0.27267267 	0.25 	0.01 	55.397683 	-8.4818419 	-0.10343312
-0.27387387 	0.25 	0.01 	55.417066 	-8.493156 	-0.10343312
-0.27507508 	0.25 	0.01 	55.436449 	-8.5044701 	-0.10343312
-0.27627628 	0.25 	0.01 	55.455833 	-8.5157843 	-0.10343312
-0.27747748 	0.25 	0.01 	55.475216 	-8.5270984 	-0.10343312
-0.27867868 	0.25 	0.01 	55.4946 	-8.5384125 	-0.10343312
-0.27987988 	0.25 	0.01 	55.513983 	-8.5497266 	-0.10343312
-0.28108108 	0.25 	0.01 	55.533366 	-8.5610408 	-0.10343312
-0.28228228 	0.25 	0.01 	55.55275 	-8.5723549 	-0.10343312
-0.28348348 	0.25 	0.01 	55.572133 	-8.583669 	-0.10343312
-0.28468468 	0.25 	0.01 	55.591517 	-8.5949831 	-0.10343312
-0.28588589 	0.25 	0.01 	55.610525 	-8.6064094 	-0.10341387
-0.28708709 	0.25 	0.01 	55.628183 	-8.6182395 	-0.10332535
-0.28828829 	0.25 	0.01 	55.645842 	-8.6300695 	-0.10323683
-0.28948949 	0.25 	0.01 	55.6635 	-8.6418996 	-0.10314831
-0.29069069 	0.25 	0.01 	55.681158 	-8.6537296 	-0.10305979
-0.29189189 	0.25 	0.01 	55.698817 	-8.6655597 	-0.10297127
-0.29309309 	0.25 	0.01 	55.716475 	-8.6773897 	-0.10288275
-0.29429429 	0.25 	0.01 	55.734134 	-8.6892198 	-0.10279423
-0.2954955 	0.25 	0.01 	55.751792 	-8.7010498 	-0.10270571
-0.2966967 	0.25 	0.01 	55.76945 	-8.7128799 	-0.10261719
-0.2978979 	0.25 	0.01 	55.787109 	-8.7247099 	-0.10252867
-0.2990991 	0.25 	0.01 	55.804767 	-8.73654 	-0.10244015
-0.3003003 	0.25 	0.01 	55.822425 	-8.74837 	-0.10235163
-0.3015015 	0.25 	0.01 	55.840084 	-8.7602001 	-0.10226311
-0.3027027 	0.25 	0.01 	55.857742 	-8.7720301 	-0.10217459
-0.3039039 	0.25 	0.01 	55.8754 	-8.7838602 	-0.10208607
-0.30510511 	0.25 	0.01 	55.899524 	-8.7967286 	-0.10215516
-0.30630631 	0.25 	0.01 	55.923672 	-8.809601 	-0.10222483
-0.30750751 	0.25 	0.01 	55.947819 	-8.8224734 	-0.10229451
-0.30870871 	0.25 	0.01 	55.971967 	-8.8353457 	-0.10236419
-0.30990991 	0.25 	0.01 	55.996115 	-8.8482181 	-0.10243387
-0.31111111 	0.25 	0.01 	56.020263 	-8.8610904 	-0.10250354
-0.31231231 	0.25 	0.01 	56.044411 	-8.8739628 	-0.10257322
-0.31351351 	0.25 	0.01 	56.068559 	-8.8868352 	-0.1026429
-0.31471471 	0.25 	0.01 	56.092706 	-8.8997075 	-0.10271258
-0.31591592 	0.25 	0.01 	56.116854 	-8.9125799 	-0.10278225
-0.31711712 	0.25 	0.01 	56.141002 	-8.9254523 	-0.10285193
-0.31831832 	0.25 	0.01 	56.16515 	-8.9383246 	-0.10292161
-0.31951952 	0.25 	0.01 	56.189298 	-8.951197 	-0.10299129
-0.32072072 	0.25 	0.01 	56.213446 	-8.9640693 	-0.10306097
-0.32192192 	0.25 	0.01 	56.237593 	-8.9769417 	-0.10313064
-0.32312312 	0.25 	0.01 	56.259064 	-8.9879122 	-0.10314666
-0.32432432 	0.25 	0.01 	56.279736 	-8.9983151 	-0.10314666
-0.32552553 	0.25 	0.01 	56.300408 	-9.008718 	-0.10314666
-0.32672673 	0.25 	0.01 	56.32108 	-9.0191209 	-0.10314666
-0.32792793 	0.25 	0.01 	56.341752 	-9.0295238 	-0.10314666
-0.32912913 	0.25 	0.01 	56.362423 	-9.0399267 	-0.10314666
-0.33033033 	0.25 	0.01 	56.383095 	-9.0503296 	-0.10314666
-0.33153153 	0.25 	0.01 	56.403767 	-9.0607325 	-0.10314666
-0.33273273 	0.25 	0.01 	56.424439 	-9.0711354 	-0.10314666
-0.33393393 	0.25 	0.01 	56.445111 	-9.0815383 	-0.10314666
-0.33513514 	0.25 	0.01 	56.465783 	-9.0919412 	-0.10314666
-0.33633634 	0.25 	0.01 	56.486455 	-9.1023441 	-0.10314666
-0.33753754 	0.25 	0.01 	56.507126 	-9.112747 	-0.10314666
-0.33873874 	0.25 	0.01 	56.527798 	-9.1231499 	-0.10314666
-0.33993994 	0.25 	0.01 	56.54847 	-9.1335528 	-0.10314666
-0.34114114 	0.25 	0.01 	56.569142 	-9.1439557 	-0.10314666
-0.34234234 	0.25 	0.01 	56.589814 	-9.1543586 	-0.10314666
-0.34354354 	0.25 	0.01 	56.610486 	-9.1647615 	-0.10314666
-0.34474474 	0.25 	0.01 	56.631158 	-9.1751644 	-0.10314666
-0.34594595 	0.25 	0.01 	56.654167 	-9.1866727 	-0.10314666
-0.34714715 	0.25 	0.01 	56.675625 	-9.1970557 	-0.10309223
-0.34834835 	0.25 	0.01 	56.695231 	-9.2061198 	-0.10297619
-0.34954955 	0.25 	0.01 	56.714837 	-9.2151838 	-0.10286016
-0.35075075 	0.25 	0.01 	56.734443 	-9.2242479 	-0.10274412
-0.35195195 	0.25 	0.01 	56.754049 	-9.2333119 	-0.10262808
-0.35315315 	0.25 	0.01 	56.773655 	-9.242376 	-0.10251205
-0.35435435 	0.25 	0.01 	56.793261 	-9.25144 	-0.10239601
-0.35555556 	0.25 	0.01 	56.812867 	-9.2605041 	-0.10227997
-0.35675676 	0.25 	0.01 	56.832473 	-9.2695681 	-0.10216393
-0.35795796 	0.25 	0.01 	56.852079 	-9.2786322 	-0.1020479
-0.35915916 	0.25 	0.01 	56.871685 	-9.2876962 	-0.10193186
-0.36036036 	0.25 	0.01 	56.891291 	-9.2967603 	-0.10181582
-0.36156156 	0.25 	0.01 	56.910896 	-9.3058243 	-0.10169978
-0.36276276 	0.25 	0.01 	56.930502 	-9.3148884 	-0.10158375
-0.36396396 	0.25 	0.01 	56.950108 	-9.3239524 	-0.10146771
-0.36516517 	0.25 	0.01 	56.971468 	-9.3327643 	-0.10139126
-0.36636637 	0.25 	0.01 	56.998268 	-9.3407938 	-0.1014376
-0.36756757 	0.25 	0.01 	57.025068 	-9.3488234 	-0.10148393
-0.36876877 	0.25 	0.01 	57.051868 	-9.356853 	-0.10153026
-0.36996997 	0.25 	0.01 	57.078667 	-9.3648826 	-0.10157659
-0.37117117 	0.25 	0.01 	57.105467 	-9.3729121 	-0.10162292
-0.37237237 	0.25 	0.01 	57.132267 	-9.3809417 	-0.10166926
-0.37357357 	0.25 	0.01 	57.159067 	-9.3889713 	-0.10171559
-0.37477477 	0.25 	0.01 	57.185866 	-9.3970008 	-0.10176192
-0.37597598 	0.25 	0.01 	57.212666 	-9.4050304 	-0.10180825
-0.37717718 	0.25 	0.01 	57.239466 	-9.41306 	-0.10185458
-0.37837838 	0.25 	0.01 	57.266266 	-9.4210896 	-0.10190092
-0.37957958 	0.25 	0.01 	57.293065 	-9.4291191 	-0.10194725
-0.38078078 	0.25 	0.01 	57.319865 	-9.4371487 	-0.10199358
-0.38198198 	0.25 	0.01 	57.346665 	-9.4451783 	-0.10203991
-0.38318318 	0.25 	0.01 	57.373409 	-9.4531706 	-0.10208514
-0.38438438 	0.25 	0.01 	57.397892 	-9.4596328 	-0.10208514
-0.38558559 	0.25 	0.01 	57.419951 	-9.4674374 	-0.10208514
-0.38678679 	0.25 	0.01 	57.441054 	-9.4757715 	-0.10208514
-0.38798799 	0.25 	0.01 	57.462157 	-9.4841057 	-0.10208514
-0.38918919 	0.25 	0.01 	57.48326 	-9.4924398 	-0.10208514
-0.39039039 	0.25 	0.01 	57.504362 	-9.5007739 	-0.10208514
-0.39159159 	0.25 	0.01 	57.525465 	-9.5091081 	-0.10208514
-0.39279279 	0.25 	0.01 	57.546568 	-9.5174422 	-0.10208514
-0.39399399 	0.25 	0.01 	57.567671 	-9.5257763 	-0.10208514
-0.3951952 	0.25 	0.01 	57.588774 	-9.5341105 	-0.10208514
-0.3963964 	0.25 	0.01 	57.609876 	-9.5424446 	-0.10208514
-0.3975976 	0.25 	0.01 	57.630979 	-9.5507787 	-0.10208514
-0.3987988 	0.25 	0.01 	57.652082 	-9.5591129 	-0.10208514
-0.4 	0.25 	0.01 	57.673185 	-9.567447 	-0.10208514
-0.4012012 	0.25 	0.01 	57.694288 	-9.5757811 	-0.10208514
-0.4024024 	0.25 	0.01 	57.715391 	-9.5841152 	-0.10208514
-0.4036036 	0.25 	0.01 	57.736493 	-9.5924494 	-0.10208514
-0.4048048 	0.25 	0.01 	57.757596 	-9.6007835 	-0.10208514
-0.40600601 	0.25 	0.01 	57.778699 	-9.6091176 	-0.10208514
-0.40720721 	0.25 	0.01 	57.799802 	-9.6174518 	-0.10208514
-0.40840841 	0.25 	0.01 	57.819206 	-9.6246395 	-0.10198841
-0.40960961 	0.25 	0.01 	57.837979 	-9.631402 	-0.1018558
-0.41081081 	0.25 	0.01 	57.856752 	-9.6381644 	-0.10172318
-0.41201201 	0.25 	0.01 	57.875526 	-9.6449268 	-0.10159056
-0.41321321 	0.25 	0.01 	57.894299 	-9.6516892 	-0.10145794
-0.41441441 	0.25 	0.01 	57.913073 	-9.6584517 	-0.10132532
-0.41561562 	0.25 	0.01 	57.931846 	-9.6652141 	-0.1011927
-0.41681682 	0.25 	0.01 	57.950619 	-9.6719765 	-0.10106008
-0.41801802 	0.25 	0.01 	57.969393 	-9.6787389 	-0.10092746
-0.41921922 	0.25 	0.01 	57.988166 	-9.6855014 	-0.10079484
-0.42042042 	0.25 	0.01 	58.00694 	-9.6922638 	-0.10066222
-0.42162162 	0.25 	0.01 	58.025713 	-9.6990262 	-0.1005296
-0.42282282 	0.25 	0.01 	58.044486 	-9.7057887 	-0.10039699
-0.42402402 	0.25 	0.01 	58.06326 	-9.7125511 	-0.10026437
-0.42522523 	0.25 	0.01 	58.082033 	-9.7193135 	-0.10013175
-0.42642643 	0.25 	0.01 	58.103962 	-9.7267007 	-0.10007967
-0.42762763 	0.25 	0.01 	58.128952 	-9.7346941 	-0.10010576
-0.42882883 	0.25 	0.01 	58.153943 	-9.7426874 	-0.10013184
-0.43003003 	0.25 	0.01 	58.178933 	-9.7506808 	-0.10015793
-0.43123123 	0.25 	0.01 	58.203923 	-9.7586742 	-0.10018401
-0.43243243 	0.25 	0.01 	58.228914 	-9.7666676 	-0.1002101
-0.43363363 	0.25 	0.01 	58.253904 	-9.774661 	-0.10023618
-0.43483483 	0.25 	0.01 	58.278895 	-9.7826544 	-0.10026227
-0.43603604 	0.25 	0.01 	58.303885 	-9.7906478 	-0.10028835
-0.43723724 	0.25 	0.01 	58.328876 	-9.7986411 	-0.10031444
-0.43843844 	0.25 	0.01 	58.353866 	-9.8066345 	-0.10034052
-0.43963964 	0.25 	0.01 	58.378856 	-9.8146279 	-0.10036661
-0.44084084 	0.25 	0.01 	58.403847 	-9.8226213 	-0.10039269
-0.44204204 	0.25 	0.01 	58.428837 	-9.8306147 	-0.10041878
-0.44324324 	0.25 	0.01 	58.453828 	-9.8386081 	-0.10044486
-0.44444444 	0.25 	0.01 	58.478629 	-9.8461025 	-0.1004636
-0.44564565 	0.25 	0.01 	58.502949 	-9.8523246 	-0.1004636
-0.44684685 	0.25 	0.01 	58.527269 	-9.8585468 	-0.1004636
-0.44804805 	0.25 	0.01 	58.551589 	-9.864769 	-0.1004636
-0.44924925 	0.25 	0.01 	58.575909 	-9.8709911 	-0.1004636
-0.45045045 	0.25 	0.01 	58.600229 	-9.8772133 	-0.1004636
-0.45165165 	0.25 	0.01 	58.624549 	-9.8834355 	-0.1004636
-0.45285285 	0.25 	0.01 	58.648869 	-9.8896577 	-0.1004636
-0.45405405 	0.25 	0.01 	58.673189 	-9.8958798 	-0.1004636
-0.45525526 	0.25 	0.01 	58.697509 	-9.902102 	-0.1004636
-0.45645646 	0.25 	0.01 	58.721828 	-9.9083242 	-0.1004636
-0.45765766 	0.25 	0.01 	58.746148 	-9.9145463 	-0.1004636
-0.45885886 	0.25 	0.01 	58.770468 	-9.9207685 	-0.1004636
-0.46006006 	0.25 	0.01 	58.794788 	-9.9269907 	-0.1004636
-0.46126126 	0.25 	0.01 	58.819108 	-9.9332129 	-0.1004636
-0.46246246 	0.25 	0.01 	58.843428 	-9.939435 	-0.1004636
-0.46366366 	0.25 	0.01 	58.867748 	-9.9456572 	-0.1004636
-0.46486486 	0.25 	0.01 	58.892068 	-9.9518794 	-0.1004636
-0.46606607 	0.25 	0.01 	58.916388 	-9.9581016 	-0.1004636
-0.46726727 	0.25 	0.01 	58.940708 	-9.9643237 	-0.1004636
-0.46846847 	0.25 	0.01 	58.964726 	-9.9711237 	-0.1004636
-0.46966967 	0.25 	0.01 	58.987748 	-9.9759651 	-0.10033529
-0.47087087 	0.25 	0.01 	59.01075 	-9.9807648 	-0.10020437
-0.47207207 	0.25 	0.01 	59.033753 	-9.9855644 	-0.10007345
-0.47327327 	0.25 	0.01 	59.056755 	-9.9903641 	-0.099942527
-0.47447447 	0.25 	0.01 	59.079757 	-9.9951638 	-0.099811607
-0.47567568 	0.25 	0.01 	59.102759 	-9.9999635 	-0.099680687
-0.47687688 	0.25 	0.01 	59.125762 	-10.004763 	-0.099549767
-0.47807808 	0.25 	0.01 	59.148764 	-10.009563 	-0.099418847
-0.47927928 	0.25 	0.01 	59.171766 	-10.014363 	-0.099287927
-0.48048048 	0.25 	0.01 	59.194769 	-10.019162 	-0.099157007
-0.48168168 	0.25 	0.01 	59.217771 	-10.023962 	-0.099026087
-0.48288288 	0.25 	0.01 	59.240773 	-10.028762 	-0.098895167
-0.48408408 	0.25 	0.01 	59.263776 	-10.033561 	-0.098764247
-0.48528529 	0.25 	0.01 	59.286778 	-10.038361 	-0.098633327
-0.48648649 	0.25 	0.01 	59.30978 	-10.043161 	-0.098502407
-0.48768769 	0.25 	0.01 	59.333669 	-10.050401 	-0.098443666
-0.48888889 	0.25 	0.01 	59.357847 	-10.058439 	-0.098408536
-0.49009009 	0.25 	0.01 	59.382026 	-10.066477 	-0.098373406
-0.49129129 	0.25 	0.01 	59.406204 	-10.074515 	-0.098338275
-0.49249249 	0.25 	0.01 	59.430382 	-10.082553 	-0.098303145
-0.49369369 	0.25 	0.01 	59.454561 	-10.090591 	-0.098268015
-0.49489489 	0.25 	0.01 	59.478739 	-10.098629 	-0.098232885
-0.4960961 	0.25 	0.01 	59.502918 	-10.106667 	-0.098197755
-0.4972973 	0.25 	0.01 	59.527096 	-10.114705 	-0.098162625
-0.4984985 	0.25 	0.01 	59.551274 	-10.122743 	-0.098127494
-0.4996997 	0.25 	0.01 	59.575453 	-10.130782 	-0.098092364
-0.5009009 	0.25 	0.01 	59.599631 	-10.13882 	-0.098057234
-0.5021021 	0.25 	0.01 	59.62381 	-10.146858 	-0.098022104
-0.5033033 	0.25 	0.01 	59.647988 	-10.154896 	-0.097986974
-0.5045045 	0.25 	0.01 	59.672167 	-10.162934 	-0.097951843
-0.50570571 	0.25 	0.01 	59.698522 	-10.169302 	-0.097935214
-0.50690691 	0.25 	0.01 	59.730684 	-10.176904 	-0.097935214
-0.50810811 	0.25 	0.01 	59.755152 	-10.186081 	-0.097935214
-0.50930931 	0.25 	0.01 	59.779621 	-10.195257 	-0.097935214
-0.51051051 	0.25 	0.01 	59.804089 	-10.204434 	-0.097935214
-0.51171171 	0.25 	0.01 	59.828558 	-10.21361 	-0.097935214
-0.51291291 	0.25 	0.01 	59.853026 	-10.222787 	-0.097935214
-0.51411411 	0.25 	0.01 	59.877495 	-10.231964 	-0.097935214
-0.51531532 	0.25 	0.01 	59.901963 	-10.24114 	-0.097935214
-0.51651652 	0.25 	0.01 	59.926432 	-10.250317 	-0.097935214
-0.51771772 	0.25 	0.01 	59.9509 	-10.259494 	-0.097935214
-0.51891892 	0.25 	0.01 	59.975369 	-10.26867 	-0.097935214
-0.52012012 	0.25 	0.01 	59.999837 	-10.277847 	-0.097935214
-0.52132132 	0.25 	0.01 	60.024306 	-10.287023 	-0.097935214
-0.52252252 	0.25 	0.01 	60.048774 	-10.2962 	-0.097935214
-0.52372372 	0.25 	0.01 	60.073243 	-10.305377 	-0.097935214
-0.52492492 	0.25 	0.01 	60.097711 	-10.314553 	-0.097935214
-0.52612613 	0.25 	0.01 	60.12218 	-10.32373 	-0.097935214
-0.52732733 	0.25 	0.01 	60.146648 	-10.332906 	-0.097935214
-0.52852853 	0.25 	0.01 	60.171117 	-10.342083 	-0.097935214
-0.52972973 	0.25 	0.01 	60.19887 	-10.350236 	-0.09789589
-0.53093093 	0.25 	0.01 	60.237835 	-10.354895 	-0.097722327
-0.53213213 	0.25 	0.01 	60.276801 	-10.359555 	-0.097548763
-0.53333333 	0.25 	0.01 	60.315766 	-10.364214 	-0.097375199
-0.53453453 	0.25 	0.01 	60.354732 	-10.368873 	-0.097201635
-0.53573574 	0.25 	0.01 	60.393698 	-10.373532 	-0.097028071
-0.53693694 	0.25 	0.01 	60.432663 	-10.378191 	-0.096854508
-0.53813814 	0.25 	0.01 	60.471629 	-10.38285 	-0.096680944
-0.53933934 	0.25 	0.01 	60.510594 	-10.38751 	-0.09650738
-0.54054054 	0.25 	0.01 	60.54956 	-10.392169 	-0.096333816
-0.54174174 	0.25 	0.01 	60.588525 	-10.396828 	-0.096160252
-0.54294294 	0.25 	0.01 	60.627491 	-10.401487 	-0.095986689
-0.54414414 	0.25 	0.01 	60.666456 	-10.406146 	-0.095813125
-0.54534535 	0.25 	0.01 	60.705422 	-10.410805 	-0.095639561
-0.54654655 	0.25 	0.01 	60.744387 	-10.415464 	-0.095465997
-0.54774775 	0.25 	0.01 	60.783322 	-10.420125 	-0.095292623
-0.54894895 	0.25 	0.01 	60.810458 	-10.425117 	-0.095191116
-0.55015015 	0.25 	0.01 	60.837595 	-10.43011 	-0.09508961
-0.55135135 	0.25 	0.01 	60.864731 	-10.435102 	-0.094988104
-0.55255255 	0.25 	0.01 	60.891867 	-10.440095 	-0.094886597
-0.55375375 	0.25 	0.01 	60.919004 	-10.445087 	-0.094785091
-0.55495495 	0.25 	0.01 	60.94614 	-10.45008 	-0.094683585
-0.55615616 	0.25 	0.01 	60.973276 	-10.455072 	-0.094582079
-0.55735736 	0.25 	0.01 	60.998218 	-10.461361 	-0.094520163
-0.55855856 	0.25 	0.01 	61.019728 	-10.469677 	-0.094520163
-0.55975976 	0.25 	0.01 	61.041238 	-10.477993 	-0.094520163
-0.56096096 	0.25 	0.01 	61.062747 	-10.48631 	-0.094520163
-0.56216216 	0.25 	0.01 	61.084257 	-10.494626 	-0.094520163
-0.56336336 	0.25 	0.01 	61.105767 	-10.502942 	-0.094520163
-0.56456456 	0.25 	0.01 	61.127276 	-10.511258 	-0.094520163
-0.56576577 	0.25 	0.01 	61.148786 	-10.519575 	-0.094520163
-0.56696697 	0.25 	0.01 	61.172015 	-10.525668 	-0.094520163
-0.56816817 	0.25 	0.01 	61.197819 	-10.528432 	-0.094520163
-0.56936937 	0.25 	0.01 	61.222323 	-10.532187 	-0.094469555
-0.57057057 	0.25 	0.01 	61.242693 	-10.539087 	-0.094258086
-0.57177177 	0.25 	0.01 	61.263062 	-10.545987 	-0.094046618
-0.57297297 	0.25 	0.01 	61.283432 	-10.552888 	-0.09383515
-0.57417417 	0.25 	0.01 	61.303802 	-10.559788 	-0.093623681
-0.57537538 	0.25 	0.01 	61.324171 	-10.566688 	-0.093412213
-0.57657658 	0.25 	0.01 	61.344541 	-10.573589 	-0.093200744
-0.57777778 	0.25 	0.01 	61.364911 	-10.580489 	-0.092989276
-0.57897898 	0.25 	0.01 	61.389334 	-10.587813 	-0.092870601
-0.58018018 	0.25 	0.01 	61.416186 	-10.595391 	-0.092807526
-0.58138138 	0.25 	0.01 	61.443037 	-10.602969 	-0.092744452
-0.58258258 	0.25 	0.01 	61.469889 	-10.610547 	-0.092681377
-0.58378378 	0.25 	0.01 	61.496741 	-10.618125 	-0.092618303
-0.58498498 	0.25 	0.01 	61.523592 	-10.625703 	-0.092555228
-0.58618619 	0.25 	0.01 	61.550444 	-10.633281 	-0.092492154
-0.58738739 	0.25 	0.01 	61.577255 	-10.640814 	-0.092429757
-0.58858859 	0.25 	0.01 	61.600304 	-10.644192 	-0.092429757
-0.58978979 	0.25 	0.01 	61.623353 	-10.647571 	-0.092429757
-0.59099099 	0.25 	0.01 	61.648531 	-10.652103 	-0.092429757
-0.59219219 	0.25 	0.01 	61.674476 	-10.65705 	-0.092429757
-0.59339339 	0.25 	0.01 	61.700421 	-10.661997 	-0.092429757
-0.59459459 	0.25 	0.01 	61.726366 	-10.666945 	-0.092429757
-0.5957958 	0.25 	0.01 	61.752311 	-10.671892 	-0.092429757
-0.596997 	0.25 	0.01 	61.778256 	-10.676839 	-0.092429757
-0.5981982 	0.25 	0.01 	61.804201 	-10.681786 	-0.092429757
-0.5993994 	0.25 	0.01 	61.830145 	-10.686733 	-0.092429757
-0.6006006 	0.25 	0.01 	61.852814 	-10.688063 	-0.092221312
-0.6018018 	0.25 	0.01 	61.874944 	-10.688797 	-0.091978526
-0.603003 	0.25 	0.01 	61.897073 	-10.689531 	-0.091735739
-0.6042042 	0.25 	0.01 	61.919202 	-10.690265 	-0.091492953
-0.60540541 	0.25 	0.01 	61.941331 	-10.690999 	-0.091250167
-0.60660661 	0.25 	0.01 	61.96346 	-10.691732 	-0.09100738
-0.60780781 	0.25 	0.01 	61.98559 	-10.692466 	-0.090764594
-0.60900901 	0.25 	0.01 	62.009729 	-10.692897 	-0.090557134
-0.61021021 	0.25 	0.01 	62.04008 	-10.692393 	-0.090458814
-0.61141141 	0.25 	0.01 	62.070431 	-10.691888 	-0.090360493
-0.61261261 	0.25 	0.01 	62.100782 	-10.691384 	-0.090262172
-0.61381381 	0.25 	0.01 	62.131133 	-10.690879 	-0.090163852
-0.61501502 	0.25 	0.01 	62.161484 	-10.690374 	-0.090065531
-0.61621622 	0.25 	0.01 	62.191835 	-10.68987 	-0.08996721
-0.61741742 	0.25 	0.01 	62.222186 	-10.689365 	-0.08986889
-0.61861862 	0.25 	0.01 	62.251029 	-10.688032 	-0.089832363
-0.61981982 	0.25 	0.01 	62.27898 	-10.686209 	-0.089832363
-0.62102102 	0.25 	0.01 	62.306931 	-10.684385 	-0.089832363
-0.62222222 	0.25 	0.01 	62.334882 	-10.682562 	-0.089832363
-0.62342342 	0.25 	0.01 	62.362834 	-10.680739 	-0.089832363
-0.62462462 	0.25 	0.01 	62.390785 	-10.678916 	-0.089832363
-0.62582583 	0.25 	0.01 	62.418736 	-10.677093 	-0.089832363
-0.62702703 	0.25 	0.01 	62.446687 	-10.675269 	-0.089832363
-0.62822823 	0.25 	0.01 	62.470602 	-10.676202 	-0.089832363
-0.62942943 	0.25 	0.01 	62.494239 	-10.677323 	-0.089832363
-0.63063063 	0.25 	0.01 	62.516729 	-10.677818 	-0.089714076
-0.63183183 	0.25 	0.01 	62.537948 	-10.67762 	-0.089464904
-0.63303303 	0.25 	0.01 	62.559168 	-10.677422 	-0.089215731
-0.63423423 	0.25 	0.01 	62.580388 	-10.677225 	-0.088966559
-0.63543544 	0.25 	0.01 	62.601608 	-10.677027 	-0.088717387
-0.63663664 	0.25 	0.01 	62.622828 	-10.676829 	-0.088468214
-0.63783784 	0.25 	0.01 	62.644048 	-10.676631 	-0.088219042
-0.63903904 	0.25 	0.01 	62.665267 	-10.676433 	-0.08796987
-0.64024024 	0.25 	0.01 	62.692634 	-10.677593 	-0.087863633
-0.64144144 	0.25 	0.01 	62.721002 	-10.678973 	-0.087780692
-0.64264264 	0.25 	0.01 	62.749371 	-10.680354 	-0.087697751
-0.64384384 	0.25 	0.01 	62.777739 	-10.681735 	-0.08761481
-0.64504505 	0.25 	0.01 	62.806108 	-10.683115 	-0.087531869
-0.64624625 	0.25 	0.01 	62.834476 	-10.684496 	-0.087448928
-0.64744745 	0.25 	0.01 	62.862845 	-10.685876 	-0.087365986
-0.64864865 	0.25 	0.01 	62.890029 	-10.687091 	-0.087303339
-0.64984985 	0.25 	0.01 	62.91356 	-10.687795 	-0.087303339
-0.65105105 	0.25 	0.01 	62.93709 	-10.688499 	-0.087303339
-0.65225225 	0.25 	0.01 	62.962955 	-10.688823 	-0.087303339
-0.65345345 	0.25 	0.01 	62.990004 	-10.688954 	-0.087303339
-0.65465465 	0.25 	0.01 	63.017053 	-10.689085 	-0.087303339
-0.65585586 	0.25 	0.01 	63.044103 	-10.689216 	-0.087303339
-0.65705706 	0.25 	0.01 	63.071152 	-10.689347 	-0.087303339
-0.65825826 	0.25 	0.01 	63.098201 	-10.689478 	-0.087303339
-0.65945946 	0.25 	0.01 	63.125251 	-10.689609 	-0.087303339
-0.66066066 	0.25 	0.01 	63.151858 	-10.689677 	-0.087289158
-0.66186186 	0.25 	0.01 	63.174077 	-10.68913 	-0.08713412
-0.66306306 	0.25 	0.01 	63.196295 	-10.688583 	-0.086979083
-0.66426426 	0.25 	0.01 	63.218514 	-10.688035 	-0.086824045
-0.66546547 	0.25 	0.01 	63.240733 	-10.687488 	-0.086669007
-0.66666667 	0.25 	0.01 	63.262951 	-10.686941 	-0.086513969
-0.66786787 	0.25 	0.01 	63.28517 	-10.686393 	-0.086358932
-0.66906907 	0.25 	0.01 	63.307388 	-10.685846 	-0.086203894
-0.67027027 	0.25 	0.01 	63.332843 	-10.686231 	-0.086023177
-0.67147147 	0.25 	0.01 	63.361849 	-10.687639 	-0.08581428
-0.67267267 	0.25 	0.01 	63.390854 	-10.689047 	-0.085605382
-0.67387387 	0.25 	0.01 	63.41986 	-10.690455 	-0.085396485
-0.67507508 	0.25 	0.01 	63.448866 	-10.691863 	-0.085187587
-0.67627628 	0.25 	0.01 	63.477871 	-10.69327 	-0.08497869
-0.67747748 	0.25 	0.01 	63.506877 	-10.694678 	-0.084769793
-0.67867868 	0.25 	0.01 	63.535883 	-10.696086 	-0.084560895
-0.67987988 	0.25 	0.01 	63.563236 	-10.696616 	-0.084532262
-0.68108108 	0.25 	0.01 	63.590328 	-10.697006 	-0.084532262
-0.68228228 	0.25 	0.01 	63.617419 	-10.697396 	-0.084532262
-0.68348348 	0.25 	0.01 	63.644511 	-10.697786 	-0.084532262
-0.68468468 	0.25 	0.01 	63.671602 	-10.698176 	-0.084532262
-0.68588589 	0.25 	0.01 	63.698693 	-10.698566 	-0.084532262
-0.68708709 	0.25 	0.01 	63.725785 	-10.698956 	-0.084532262
-0.68828829 	0.25 	0.01 	63.75305 	-10.698692 	-0.084532262
-0.68948949 	0.25 	0.01 	63.780533 	-10.697606 	-0.084532262
-0.69069069 	0.25 	0.01 	63.808016 	-10.69652 	-0.084532262
-0.69189189 	0.25 	0.01 	63.834118 	-10.694707 	-0.084331464
-0.69309309 	0.25 	0.01 	63.859653 	-10.692595 	-0.084048204
-0.69429429 	0.25 	0.01 	63.885187 	-10.690484 	-0.083764944
-0.6954955 	0.25 	0.01 	63.910722 	-10.688372 	-0.083481684
-0.6966967 	0.25 	0.01 	63.936257 	-10.68626 	-0.083198424
-0.6978979 	0.25 	0.01 	63.961792 	-10.684148 	-0.082915164
-0.6990991 	0.25 	0.01 	63.987326 	-10.682037 	-0.082631903
-0.7003003 	0.25 	0.01 	64.012653 	-10.680556 	-0.082365426
-0.7015015 	0.25 	0.01 	64.035926 	-10.685307 	-0.082264602
-0.7027027 	0.25 	0.01 	64.059199 	-10.690057 	-0.082163778
-0.7039039 	0.25 	0.01 	64.082472 	-10.694808 	-0.082062954
-0.70510511 	0.25 	0.01 	64.105745 	-10.699558 	-0.081962131
-0.70630631 	0.25 	0.01 	64.129018 	-10.704309 	-0.081861307
-0.70750751 	0.25 	0.01 	64.152291 	-10.70906 	-0.081760483
-0.70870871 	0.25 	0.01 	64.175564 	-10.71381 	-0.081659659
-0.70990991 	0.25 	0.01 	64.19883 	-10.716393 	-0.081606446
-0.71111111 	0.25 	0.01 	64.22209 	-10.716554 	-0.081606446
-0.71231231 	0.25 	0.01 	64.245349 	-10.716715 	-0.081606446
-0.71351351 	0.25 	0.01 	64.270482 	-10.715756 	-0.081606446
-0.71471471 	0.25 	0.01 	64.296681 	-10.714159 	-0.081606446
-0.71591592 	0.25 	0.01 	64.322879 	-10.712562 	-0.081606446
-0.71711712 	0.25 	0.01 	64.349077 	-10.710965 	-0.081606446
-0.71831832 	0.25 	0.01 	64.375276 	-10.709368 	-0.081606446
-0.71951952 	0.25 	0.01 	64.401474 	-10.707771 	-0.081606446
-0.72072072 	0.25 	0.01 	64.427672 	-10.706174 	-0.081606446
-0.72192192 	0.25 	0.01 	64.453861 	-10.703139 	-0.081511574
-0.72312312 	0.25 	0.01 	64.480026 	-10.696947 	-0.081208313
-0.72432432 	0.25 	0.01 	64.506192 	-10.690755 	-0.080905053
-0.72552553 	0.25 	0.01 	64.532358 	-10.684564 	-0.080601793
-0.72672673 	0.25 	0.01 	64.558524 	-10.678372 	-0.080298533
-0.72792793 	0.25 	0.01 	64.58469 	-10.67218 	-0.079995273
-0.72912913 	0.25 	0.01 	64.610855 	-10.665988 	-0.079692013
-0.73033033 	0.25 	0.01 	64.637021 	-10.659796 	-0.079388753
-0.73153153 	0.25 	0.01 	64.66039 	-10.656333 	-0.079218522
-0.73273273 	0.25 	0.01 	64.682523 	-10.654074 	-0.079107057
-0.73393393 	0.25 	0.01 	64.704656 	-10.651816 	-0.078995591
-0.73513514 	0.25 	0.01 	64.726789 	-10.649557 	-0.078884126
-0.73633634 	0.25 	0.01 	64.748923 	-10.647299 	-0.078772661
-0.73753754 	0.25 	0.01 	64.771056 	-10.64504 	-0.078661195
-0.73873874 	0.25 	0.01 	64.793189 	-10.642782 	-0.07854973
-0.73993994 	0.25 	0.01 	64.81603 	-10.640207 	-0.078446894
-0.74114114 	0.25 	0.01 	64.847302 	-10.633857 	-0.078446894
-0.74234234 	0.25 	0.01 	64.878575 	-10.627508 	-0.078446894
-0.74354354 	0.25 	0.01 	64.909847 	-10.621159 	-0.078446894
-0.74474474 	0.25 	0.01 	64.94112 	-10.61481 	-0.078446894
-0.74594595 	0.25 	0.01 	64.972393 	-10.60846 	-0.078446894
-0.74714715 	0.25 	0.01 	65.003665 	-10.602111 	-0.078446894
-0.74834835 	0.25 	0.01 	65.034938 	-10.595762 	-0.078446894
-0.74954955 	0.25 	0.01 	65.068539 	-10.585102 	-0.078446894
-0.75075075 	0.25 	0.01 	65.10238 	-10.573996 	-0.078446894
-0.75195195 	0.25 	0.01 	65.136221 	-10.562891 	-0.078446894
-0.75315315 	0.25 	0.01 	65.178214 	-10.548094 	-0.078139792
-0.75435435 	0.25 	0.01 	65.2209 	-10.532983 	-0.07780654
-0.75555556 	0.25 	0.01 	65.263587 	-10.517872 	-0.077473288
-0.75675676 	0.25 	0.01 	65.306274 	-10.50276 	-0.077140035
-0.75795796 	0.25 	0.01 	65.347427 	-10.488202 	-0.076807321
-0.75915916 	0.25 	0.01 	65.388156 	-10.473796 	-0.076474755
-0.76036036 	0.25 	0.01 	65.428885 	-10.459391 	-0.076142189
-0.76156156 	0.25 	0.01 	65.471437 	-10.44616 	-0.075829249
-0.76276276 	0.25 	0.01 	65.518177 	-10.435627 	-0.07556141
-0.76396396 	0.25 	0.01 	65.558237 	-10.427433 	-0.075361437
-0.76516517 	0.25 	0.01 	65.578508 	-10.426164 	-0.075362479
-0.76636637 	0.25 	0.01 	65.598779 	-10.424895 	-0.075363522
-0.76756757 	0.25 	0.01 	65.619051 	-10.423625 	-0.075364564
-0.76876877 	0.25 	0.01 	65.639322 	-10.422356 	-0.075365606
-0.76996997 	0.25 	0.01 	65.659593 	-10.421087 	-0.075366649
-0.77117117 	0.25 	0.01 	65.679864 	-10.419818 	-0.075367691
-0.77237237 	0.25 	0.01 	65.701982 	-10.417892 	-0.07517171
-0.77357357 	0.25 	0.01 	65.72671 	-10.41504 	-0.074697323
-0.77477477 	0.25 	0.01 	65.739073 	-10.418406 	-0.074356726
-0.77597598 	0.25 	0.01 	65.743945 	-10.425541 	-0.074097203
-0.77717718 	0.25 	0.01 	65.763277 	-10.438668 	-0.07389895
-0.77837838 	0.25 	0.01 	65.792099 	-10.455728 	-0.073740906
-0.77957958 	0.25 	0.01 	65.815757 	-10.457054 	-0.073370198
-0.78078078 	0.25 	0.01 	65.835911 	-10.447707 	-0.072855213
-0.78198198 	0.25 	0.01 	65.856076 	-10.438371 	-0.072747797
-0.78318318 	0.25 	0.01 	65.876244 	-10.429038 	-0.072747213
-0.78438438 	0.25 	0.01 	65.896412 	-10.419705 	-0.07274663
-0.78558559 	0.25 	0.01 	65.91658 	-10.410373 	-0.072746046
-0.78678679 	0.25 	0.01 	65.936748 	-10.40104 	-0.072745463
-0.78798799 	0.25 	0.01 	65.956916 	-10.391707 	-0.07274488
-0.78918919 	0.25 	0.01 	65.977084 	-10.382374 	-0.072744296
-0.79039039 	0.25 	0.01 	65.995568 	-10.346914 	-0.072429752
-0.79159159 	0.25 	0.01 	66.013846 	-10.30825 	-0.072076703
-0.79279279 	0.25 	0.01 	66.04302 	-10.28372 	-0.071787177
-0.79399399 	0.25 	0.01 	66.073396 	-10.260746 	-0.071504652
-0.7951952 	0.25 	0.01 	66.096555 	-10.242937 	-0.070978414
-0.7963964 	0.25 	0.01 	66.119036 	-10.225612 	-0.070477992
-0.7975976 	0.25 	0.01 	66.141525 	-10.208285 	-0.070478267
-0.7987988 	0.25 	0.01 	66.164013 	-10.190957 	-0.070478542
-0.8 	0.25 	0.01 	66.186501 	-10.173629 	-0.070478817
-0.8012012 	0.25 	0.01 	66.20899 	-10.156302 	-0.070479091
-0.8024024 	0.25 	0.01 	66.231478 	-10.138974 	-0.070479366
-0.8036036 	0.25 	0.01 	66.253967 	-10.121646 	-0.070479641
-0.8048048 	0.25 	0.01 	66.275994 	-10.105597 	-0.070416883
-0.80600601 	0.25 	0.01 	66.296082 	-10.094924 	-0.07008904
-0.80720721 	0.25 	0.01 	66.317736 	-10.084268 	-0.069786335
-0.80840841 	0.25 	0.01 	66.345829 	-10.073685 	-0.069586977
-0.80960961 	0.25 	0.01 	66.372873 	-10.062681 	-0.069323379
-0.81081081 	0.25 	0.01 	66.395589 	-10.049947 	-0.068794981
-0.81201201 	0.25 	0.01 	66.418309 	-10.037213 	-0.068469098
-0.81321321 	0.25 	0.01 	66.441036 	-10.024482 	-0.068469461
-0.81441441 	0.25 	0.01 	66.463763 	-10.01175 	-0.068469824
-0.81561562 	0.25 	0.01 	66.48649 	-9.9990182 	-0.068470187
-0.81681682 	0.25 	0.01 	66.509217 	-9.9862865 	-0.06847055
-0.81801802 	0.25 	0.01 	66.531944 	-9.9735549 	-0.068470913
-0.81921922 	0.25 	0.01 	66.554671 	-9.9608232 	-0.068471276
-0.82042042 	0.25 	0.01 	66.576386 	-9.9467662 	-0.068301512
-0.82162162 	0.25 	0.01 	66.5971 	-9.9313958 	-0.06796314
-0.82282282 	0.25 	0.01 	66.621494 	-9.9147417 	-0.067682957
-0.82402402 	0.25 	0.01 	66.649743 	-9.8967431 	-0.067463725
-0.82522523 	0.25 	0.01 	66.675067 	-9.8811763 	-0.067347795
-0.82642643 	0.25 	0.01 	66.697113 	-9.8683346 	-0.067347621
-0.82762763 	0.25 	0.01 	66.719159 	-9.8554928 	-0.067347446
-0.82882883 	0.25 	0.01 	66.741205 	-9.8426511 	-0.067347272
-0.83003003 	0.25 	0.01 	66.763251 	-9.8298093 	-0.067347098
-0.83123123 	0.25 	0.01 	66.785296 	-9.8169676 	-0.067346923
-0.83243243 	0.25 	0.01 	66.807342 	-9.8041258 	-0.067346749
-0.83363363 	0.25 	0.01 	66.829378 	-9.791282 	-0.067022831
-0.83483483 	0.25 	0.01 	66.851406 	-9.7784367 	-0.066475288
-0.83603604 	0.25 	0.01 	66.871102 	-9.7687862 	-0.066091125
-0.83723724 	0.25 	0.01 	66.890213 	-9.7599363 	-0.065747908
-0.83843844 	0.25 	0.01 	66.91494 	-9.7458667 	-0.065495535
-0.83963964 	0.25 	0.01 	66.941259 	-9.7303166 	-0.065268931
-0.84084084 	0.25 	0.01 	66.96414 	-9.7146919 	-0.064787665
-0.84204204 	0.25 	0.01 	66.985927 	-9.6990435 	-0.064225461
-0.84324324 	0.25 	0.01 	67.007725 	-9.6834023 	-0.064206573
-0.84444444 	0.25 	0.01 	67.029522 	-9.6677613 	-0.064206625
-0.84564565 	0.25 	0.01 	67.05132 	-9.6521203 	-0.064206676
-0.84684685 	0.25 	0.01 	67.073118 	-9.6364793 	-0.064206728
-0.84804805 	0.25 	0.01 	67.094915 	-9.6208383 	-0.064206779
-0.84924925 	0.25 	0.01 	67.116713 	-9.6051973 	-0.064206831
-0.85045045 	0.25 	0.01 	67.138369 	-9.589403 	-0.06418823
-0.85165165 	0.25 	0.01 	67.158647 	-9.572112 	-0.063987541
-0.85285285 	0.25 	0.01 	67.179392 	-9.554234 	-0.063773334
-0.85405405 	0.25 	0.01 	67.2062 	-9.5287242 	-0.063383418
-0.85525526 	0.25 	0.01 	67.23275 	-9.5035814 	-0.062983477
-0.85645646 	0.25 	0.01 	67.254782 	-9.4848566 	-0.062408187
-0.85765766 	0.25 	0.01 	67.276817 	-9.4661332 	-0.061981664
-0.85885886 	0.25 	0.01 	67.29886 	-9.4474138 	-0.061981402
-0.86006006 	0.25 	0.01 	67.320903 	-9.4286944 	-0.061981139
-0.86126126 	0.25 	0.01 	67.342946 	-9.409975 	-0.061980876
-0.86246246 	0.25 	0.01 	67.36499 	-9.3912556 	-0.061980613
-0.86366366 	0.25 	0.01 	67.387033 	-9.3725362 	-0.06198035
-0.86486486 	0.25 	0.01 	67.409076 	-9.3538168 	-0.061980088
-0.86606607 	0.25 	0.01 	67.430502 	-9.3374697 	-0.061911839
-0.86726727 	0.25 	0.01 	67.450869 	-9.3251997 	-0.061726747
-0.86846847 	0.25 	0.01 	67.47303 	-9.3112722 	-0.06145898
-0.86966967 	0.25 	0.01 	67.498334 	-9.2944442 	-0.061046549
-0.87087087 	0.25 	0.01 	67.525048 	-9.2758727 	-0.060561784
-0.87207207 	0.25 	0.01 	67.554108 	-9.2544005 	-0.059956673
-0.87327327 	0.25 	0.01 	67.582563 	-9.2319565 	-0.05968411
-0.87447447 	0.25 	0.01 	67.610525 	-9.2087197 	-0.059682827
-0.87567568 	0.25 	0.01 	67.638486 	-9.1854829 	-0.059681543
-0.87687688 	0.25 	0.01 	67.666447 	-9.1622462 	-0.059680259
-0.87807808 	0.25 	0.01 	67.694409 	-9.1390094 	-0.059678976
-0.87927928 	0.25 	0.01 	67.72237 	-9.1157727 	-0.059677692
-0.88048048 	0.25 	0.01 	67.750331 	-9.0925359 	-0.059676408
-0.88168168 	0.25 	0.01 	67.777717 	-9.0674679 	-0.059453187
-0.88288288 	0.25 	0.01 	67.804689 	-9.0410887 	-0.059071063
-0.88408408 	0.25 	0.01 	67.825312 	-9.0212426 	-0.05879013
-0.88528529 	0.25 	0.01 	67.842559 	-9.0048705 	-0.058563007
-0.88648649 	0.25 	0.01 	67.875498 	-8.9852497 	-0.058509679
-0.88768769 	0.25 	0.01 	67.913536 	-8.9645736 	-0.058512811
-0.88888889 	0.25 	0.01 	67.951574 	-8.9438975 	-0.058515943
-0.89009009 	0.25 	0.01 	67.986402 	-8.9226228 	-0.058324893
-0.89129129 	0.25 	0.01 	68.008244 	-8.8989235 	-0.057825991
-0.89249249 	0.25 	0.01 	68.020052 	-8.8733458 	-0.057827083
-0.89369369 	0.25 	0.01 	68.031861 	-8.8477682 	-0.057828176
-0.89489489 	0.25 	0.01 	68.043669 	-8.8221905 	-0.057829268
-0.8960961 	0.25 	0.01 	68.073321 	-8.7942482 	-0.057345669
-0.8972973 	0.25 	0.01 	68.106975 	-8.7624102 	-0.056887584
-0.8984985 	0.25 	0.01 	68.140026 	-8.729453 	-0.056493751
-0.8996997 	0.25 	0.01 	68.158027 	-8.7082431 	-0.056262592
-0.9009009 	0.25 	0.01 	68.178447 	-8.6859122 	-0.056085059
-0.9021021 	0.25 	0.01 	68.211929 	-8.6564851 	-0.056088857
-0.9033033 	0.25 	0.01 	68.24541 	-8.6270579 	-0.056092655
-0.9045045 	0.25 	0.01 	68.278892 	-8.5976308 	-0.056096453
-0.90570571 	0.25 	0.01 	68.296261 	-8.5700854 	-0.055703746
-0.90690691 	0.25 	0.01 	68.306077 	-8.5413973 	-0.055456121
-0.90810811 	0.25 	0.01 	68.316808 	-8.5112217 	-0.05545666
-0.90930931 	0.25 	0.01 	68.32754 	-8.481046 	-0.0554572
-0.91051051 	0.25 	0.01 	68.338272 	-8.4508704 	-0.05545774
-0.91171171 	0.25 	0.01 	68.374685 	-8.4178042 	-0.054808104
-0.91291291 	0.25 	0.01 	68.407104 	-8.3804676 	-0.054378941
-0.91411411 	0.25 	0.01 	68.43608 	-8.345054 	-0.054018035
-0.91531532 	0.25 	0.01 	68.455798 	-8.317291 	-0.053787492
-0.91651652 	0.25 	0.01 	68.484113 	-8.2858487 	-0.053694259
-0.91771772 	0.25 	0.01 	68.518199 	-8.2519364 	-0.053693207
-0.91891892 	0.25 	0.01 	68.552284 	-8.2180241 	-0.053692156
-0.92012012 	0.25 	0.01 	68.58637 	-8.1841118 	-0.053691104
-0.92132132 	0.25 	0.01 	68.593931 	-8.1533324 	-0.053062985
-0.92252252 	0.25 	0.01 	68.601605 	-8.1147182 	-0.052984123
-0.92372372 	0.25 	0.01 	68.609441 	-8.0750106 	-0.052984151
-0.92492492 	0.25 	0.01 	68.617276 	-8.0353029 	-0.052984178
-0.92612613 	0.25 	0.01 	68.629623 	-7.9961249 	-0.052812107
-0.92732733 	0.25 	0.01 	68.659391 	-7.9556709 	-0.052188824
-0.92852853 	0.25 	0.01 	68.708981 	-7.9009728 	-0.051873752
-0.92972973 	0.25 	0.01 	68.739126 	-7.846945 	-0.051396472
-0.93093093 	0.25 	0.01 	68.751262 	-7.7935379 	-0.050768965
-0.93213213 	0.25 	0.01 	68.772038 	-7.7479379 	-0.050460446
-0.93333333 	0.25 	0.01 	68.795735 	-7.7043611 	-0.050457463
-0.93453453 	0.25 	0.01 	68.819432 	-7.6607843 	-0.05045448
-0.93573574 	0.25 	0.01 	68.845431 	-7.6359796 	-0.050282383
-0.93693694 	0.25 	0.01 	68.870772 	-7.6143747 	-0.050012299
-0.93813814 	0.25 	0.01 	68.888871 	-7.5774107 	-0.04952749
-0.93933934 	0.25 	0.01 	68.911809 	-7.5394044 	-0.04908464
-0.94054054 	0.25 	0.01 	68.937805 	-7.5007639 	-0.049080899
-0.94174174 	0.25 	0.01 	68.963801 	-7.4621234 	-0.049077158
-0.94294294 	0.25 	0.01 	68.991068 	-7.4224149 	-0.048968656
-0.94414414 	0.25 	0.01 	69.021224 	-7.3802798 	-0.048622142
-0.94534535 	0.25 	0.01 	69.044349 	-7.3252152 	-0.048229919
-0.94654655 	0.25 	0.01 	69.068516 	-7.2731746 	-0.047720751
-0.94774775 	0.25 	0.01 	69.097814 	-7.2329129 	-0.047649006
-0.94894895 	0.25 	0.01 	69.1271 	-7.1926516 	-0.047648406
-0.95015015 	0.25 	0.01 	69.156386 	-7.1523903 	-0.047647806
-0.95135135 	0.25 	0.01 	69.189176 	-7.1289325 	-0.047475184
-0.95255255 	0.25 	0.01 	69.21763 	-7.1047569 	-0.047124737
-0.95375375 	0.25 	0.01 	69.24057 	-7.0772273 	-0.046574551
-0.95495495 	0.25 	0.01 	69.274765 	-7.0344057 	-0.046244957
-0.95615616 	0.25 	0.01 	69.309002 	-6.9915336 	-0.046242022
-0.95735736 	0.25 	0.01 	69.343238 	-6.9486616 	-0.046239087
-0.95855856 	0.25 	0.01 	69.379461 	-6.8999201 	-0.046069311
-0.95975976 	0.25 	0.01 	69.417342 	-6.8454818 	-0.045703209
-0.96096096 	0.25 	0.01 	69.449068 	-6.8015183 	-0.045302843
-0.96216216 	0.25 	0.01 	69.488584 	-6.750977 	-0.044792459
-0.96336336 	0.25 	0.01 	69.530892 	-6.6993528 	-0.044790287
-0.96456456 	0.25 	0.01 	69.5732 	-6.6477286 	-0.044788116
-0.96576577 	0.25 	0.01 	69.615535 	-6.5960242 	-0.044782863
-0.96696697 	0.25 	0.01 	69.661019 	-6.5345536 	-0.044402043
-0.96816817 	0.25 	0.01 	69.703014 	-6.4924402 	-0.044032384
-0.96936937 	0.25 	0.01 	69.745925 	-6.4515018 	-0.043530606
-0.97057057 	0.25 	0.01 	69.790056 	-6.402457 	-0.043405596
-0.97177177 	0.25 	0.01 	69.833787 	-6.3533659 	-0.043409637
-0.97297297 	0.25 	0.01 	69.877517 	-6.3042747 	-0.043413678
-0.97417417 	0.25 	0.01 	69.921434 	-6.2398489 	-0.043350915
-0.97537538 	0.25 	0.01 	69.962011 	-6.1768397 	-0.043068088
-0.97657658 	0.25 	0.01 	69.996576 	-6.1213169 	-0.042414575
-0.97777778 	0.25 	0.01 	70.038238 	-6.0737465 	-0.042038706
-0.97897898 	0.25 	0.01 	70.081345 	-6.0275134 	-0.042037898
-0.98018018 	0.25 	0.01 	70.124452 	-5.9812804 	-0.042037089
-0.98138138 	0.25 	0.01 	70.169414 	-5.9357395 	-0.042017644
-0.98258258 	0.25 	0.01 	70.21666 	-5.8910506 	-0.041975259
-0.98378378 	0.25 	0.01 	70.255398 	-5.8207039 	-0.041261514
-0.98498498 	0.25 	0.01 	70.301376 	-5.7672209 	-0.040602088
-0.98618619 	0.25 	0.01 	70.351718 	-5.720117 	-0.040597262
-0.98738739 	0.25 	0.01 	70.402061 	-5.6730132 	-0.040592436
-0.98858859 	0.25 	0.01 	70.452404 	-5.6259093 	-0.04058761
-0.98978979 	0.25 	0.01 	70.504047 	-5.585253 	-0.040393898
-0.99099099 	0.25 	0.01 	70.555912 	-5.5130658 	-0.040050254
-0.99219219 	0.25 	0.01 	70.61405 	-5.4601302 	-0.039292581
-0.99339339 	0.25 	0.01 	70.672379 	-5.4095481 	-0.03910421
-0.99459459 	0.25 	0.01 	70.730709 	-5.3593783 	-0.039101806
-0.9957958 	0.25 	0.01 	70.789039 	-5.3092085 	-0.039099403
-0.996997 	0.25 	0.01 	70.84737 	-5.2590386 	-0.039096999
-0.9981982 	0.25 	0.01 	70.906231 	-5.1987497 	-0.038894846
-0.9993994 	0.25 	0.01 	70.958716 	-5.129385 	-0.038377665
-1.0006006 	0.25 	0.01 	71.010775 	-5.061762 	-0.037866533
-1.0018018 	0.25 	0.01 	71.07262 	-4.9828522 	-0.037797269
-1.003003 	0.25 	0.01 	71.134549 	-4.9038454 	-0.037731806
-1.0042042 	0.25 	0.01 	71.196479 	-4.8248385 	-0.037666343
-1.0054054 	0.25 	0.01 	71.234 	-4.8183009 	-0.037839609
-1.0066066 	0.25 	0.01 	71.269219 	-4.8185963 	-0.038035385
-1.0078078 	0.25 	0.01 	71.334794 	-4.7299226 	-0.037158299
-1.009009 	0.25 	0.01 	71.40098 	-4.6394748 	-0.036373489
-1.0102102 	0.25 	0.01 	71.487101 	-4.5703387 	-0.036403652
-1.0114114 	0.25 	0.01 	71.570481 	-4.505635 	-0.036548943
-1.0126126 	0.25 	0.01 	71.654013 	-4.4485887 	-0.036319502
-1.0138138 	0.25 	0.01 	71.724949 	-4.3961596 	-0.036115607
-1.015015 	0.25 	0.01 	71.765866 	-4.339445 	-0.035391098
-1.0162162 	0.25 	0.01 	71.846561 	-4.2785585 	-0.035444663
-1.0174174 	0.25 	0.01 	71.931651 	-4.2172111 	-0.035584186
-1.0186186 	0.25 	0.01 	72.016742 	-4.1558638 	-0.035723709
-1.0198198 	0.25 	0.01 	72.101303 	-4.094919 	-0.035070303
-1.021021 	0.25 	0.01 	72.186354 	-4.0299772 	-0.0345466
-1.0222222 	0.25 	0.01 	72.266357 	-3.9659414 	-0.03462582
-1.0234234 	0.25 	0.01 	72.360331 	-3.8995947 	-0.034772837
-1.0246246 	0.25 	0.01 	72.456463 	-3.8362922 	-0.034748286
-1.0258258 	0.25 	0.01 	72.553152 	-3.7737755 	-0.034679444
-1.027027 	0.25 	0.01 	72.649345 	-3.711658 	-0.034006818
-1.0282282 	0.25 	0.01 	72.442049 	-3.6069802 	-0.033312316
-1.0294294 	0.25 	0.01 	72.695345 	-3.5611955 	-0.032982201
-1.0306306 	0.25 	0.01 	72.989891 	-3.5200608 	-0.032776808
-1.0318318 	0.25 	0.01 	73.096298 	-3.452755 	-0.032709588
-1.033033 	0.25 	0.01 	73.134995 	-3.3760307 	-0.032692095
-1.0342342 	0.25 	0.01 	73.030782 	-3.2711644 	-0.032450379
-1.0354354 	0.25 	0.01 	72.72074 	-3.134015 	-0.031851286
-1.0366366 	0.25 	0.01 	72.78968 	-3.0575823 	-0.031407473
-1.0378378 	0.25 	0.01 	73.219635 	-3.038988 	-0.031111579
-1.039039 	0.25 	0.01 	73.344963 	-2.9698159 	-0.031039764
-1.0402402 	0.25 	0.01 	73.400365 	-2.8852102 	-0.031039764
-1.0414414 	0.25 	0.01 	73.303323 	-2.7720613 	-0.030782293
-1.0426426 	0.25 	0.01 	72.978538 	-2.6187634 	-0.030166615
-1.0438438 	0.25 	0.01 	73.064204 	-2.5668069 	-0.029840583
-1.045045 	0.25 	0.01 	73.357604 	-2.5661406 	-0.029661145
-1.0462462 	0.25 	0.01 	73.628912 	-2.5552965 	-0.029499225
-1.0474474 	0.25 	0.01 	73.67123 	-2.4360615 	-0.029627681
-1.0486486 	0.25 	0.01 	73.704701 	-2.3126658 	-0.029779251
-1.0498498 	0.25 	0.01 	73.738172 	-2.1892702 	-0.029930821
-1.0510511 	0.25 	0.01 	73.758079 	-2.0765984 	-0.029557271
-1.0522523 	0.25 	0.01 	73.631613 	-1.9031592 	-0.029301627
-1.0534535 	0.25 	0.01 	73.533826 	-1.7272192 	-0.029056208
-1.0546547 	0.25 	0.01 	73.867802 	-1.6728392 	-0.028393749
-1.0558559 	0.25 	0.01 	73.928223 	-1.5479362 	-0.028517383
-1.0570571 	0.25 	0.01 	73.988643 	-1.4230331 	-0.028641017
-1.0582583 	0.25 	0.01 	74.059541 	-1.2892023 	-0.028247636
-1.0594595 	0.25 	0.01 	74.093977 	-1.1319063 	-0.027222847
-1.0606607 	0.25 	0.01 	74.199004 	-1.0283051 	-0.027167702
-1.0618619 	0.25 	0.01 	74.274329 	-0.90397784 	-0.027233977
-1.0630631 	0.25 	0.01 	74.349653 	-0.7796506 	-0.027300251
-1.0642643 	0.25 	0.01 	74.419996 	-0.65517591 	-0.027323446
-1.0654655 	0.25 	0.01 	74.484301 	-0.53159883 	-0.02673595
-1.0666667 	0.25 	0.01 	74.524554 	-0.42512321 	-0.025876521
-1.0678679 	0.25 	0.01 	74.655877 	-0.26957689 	-0.025701996
-1.0690691 	0.25 	0.01 	74.757129 	-0.13332695 	-0.025689341
-1.0702703 	0.25 	0.01 	74.858381 	0.0029229878 	-0.025676686
-1.0714715 	0.25 	0.01 	74.959633 	0.13917292 	-0.025664031
-1.0726727 	0.25 	0.01 	75.060215 	0.27481338 	-0.025253404
-1.0738739 	0.25 	0.01 	75.140257 	0.39135927 	-0.024432243
-1.0750751 	0.25 	0.01 	75.289067 	0.56264284 	-0.023920113
-1.0762763 	0.25 	0.01 	75.411603 	0.72206276 	-0.023902043
-1.0774775 	0.25 	0.01 	75.529105 	0.87722789 	-0.023904284
-1.0786787 	0.25 	0.01 	75.646608 	1.032393 	-0.023906525
-1.0798799 	0.25 	0.01 	75.763929 	1.1873014 	-0.023792738
-1.0810811 	0.25 	0.01 	75.879974 	1.3404086 	-0.022865038
-1.0822823 	0.25 	0.01 	75.962242 	1.4503884 	-0.022390509
-1.0834835 	0.25 	0.01 	76.156342 	1.6679391 	-0.022176802
-1.0846847 	0.25 	0.01 	76.296743 	1.8099888 	-0.022211502
-1.0858859 	0.25 	0.01 	76.437144 	1.9520386 	-0.022246202
-1.0870871 	0.25 	0.01 	76.577507 	2.0940152 	-0.022253284
-1.0882883 	0.25 	0.01 	76.716551 	2.2335528 	-0.021325894
-1.0894895 	0.25 	0.01 	76.85003 	2.3734139 	-0.02051483
-1.0906907 	0.25 	0.01 	76.989668 	2.510993 	-0.02042625
-1.0918919 	0.25 	0.01 	77.129306 	2.6485721 	-0.02033767
-1.0930931 	0.25 	0.01 	77.268944 	2.7861512 	-0.020249089
-1.0942943 	0.25 	0.01 	77.41745 	2.940246 	-0.019611794
-1.0954955 	0.25 	0.01 	77.363154 	3.2314853 	-0.018998885
-1.0966967 	0.25 	0.01 	77.660097 	3.200819 	-0.018498421
-1.0978979 	0.25 	0.01 	77.87847 	3.2620953 	-0.018240901
-1.0990991 	0.25 	0.01 	78.051785 	3.3725637 	-0.018100475
-1.1003003 	0.25 	0.01 	78.2251 	3.4830322 	-0.01796005
-1.1015015 	0.25 	0.01 	78.398415 	3.5935007 	-0.017819624
-1.1027027 	0.25 	0.01 	78.57173 	3.7039691 	-0.017679199
-1.1039039 	0.25 	0.01 	78.456936 	4.048848 	-0.017414995
-1.1051051 	0.25 	0.01 	78.33118 	4.4028531 	-0.017149759
-1.1063063 	0.25 	0.01 	78.450557 	4.5515395 	-0.016606289
-1.1075075 	0.25 	0.01 	78.94791 	4.3836407 	-0.015633805
-1.1087087 	0.25 	0.01 	79.19016 	4.4366969 	-0.015273806
-1.1099099 	0.25 	0.01 	79.287994 	4.6261562 	-0.015273806
-1.1111111 	0.25 	0.01 	79.285903 	4.9286556 	-0.015218321
-1.1123123 	0.25 	0.01 	79.002385 	5.501292 	-0.015018145
-1.1135135 	0.25 	0.01 	79.073318 	5.704685 	-0.014556606
-1.1147147 	0.25 	0.01 	79.481704 	5.5562348 	-0.013771419
-1.1159159 	0.25 	0.01 	79.515191 	5.782866 	-0.01358212
-1.1171171 	0.25 	0.01 	79.456279 	6.1021124 	-0.013584551
-1.1183183 	0.25 	0.01 	79.397106 	6.421088 	-0.01349211
-1.1195195 	0.25 	0.01 	79.3356 	6.7376494 	-0.012554026
-1.1207207 	0.25 	0.01 	79.275631 	7.0578913 	-0.011779989
-1.1219219 	0.25 	0.01 	79.244689 	7.3698385 	-0.011472448
-1.1231231 	0.25 	0.01 	79.213748 	7.6817858 	-0.011164908
-1.1243243 	0.25 	0.01 	79.182806 	7.993733 	-0.010857367
-1.1255255 	0.25 	0.01 	79.151864 	8.3056803 	-0.010549826
-1.1267267 	0.25 	0.01 	79.207857 	8.5488601 	-0.0098503533
-1.1279279 	0.25 	0.01 	79.386462 	8.6956533 	-0.0098805883
-1.1291291 	0.25 	0.01 	79.190875 	9.1159768 	-0.0087525581
-1.1303303 	0.25 	0.01 	79.031746 	9.5242308 	-0.0078981056
-1.1315315 	0.25 	0.01 	79.001694 	9.8754779 	-0.0078981056
-1.1327327 	0.25 	0.01 	78.971643 	10.226725 	-0.0078981056
-1.1339339 	0.25 	0.01 	79.186554 	10.474184 	-0.0077958477
-1.1351351 	0.25 	0.01 	79.312472 	10.712443 	-0.0075450395
-1.1363363 	0.25 	0.01 	79.165321 	10.923446 	-0.0068422686
-1.1375375 	0.25 	0.01 	79.028693 	11.172081 	-0.0062896452
-1.1387387 	0.25 	0.01 	78.930798 	11.559225 	-0.0062896452
-1.1399399 	0.25 	0.01 	78.832903 	11.94637 	-0.0062896452
-1.1411411 	0.25 	0.01 	78.744906 	12.34981 	-0.0062109492
-1.1423423 	0.25 	0.01 	78.779351 	12.820714 	-0.0056914557
-1.1435435 	0.25 	0.01 	78.813795 	13.291617 	-0.0051719622
-1.1447447 	0.25 	0.01 	78.814475 	13.682045 	-0.0048661133
-1.1459459 	0.25 	0.01 	78.807037 	14.054189 	-0.0043394185
-1.1471471 	0.25 	0.01 	78.792352 	14.418758 	-0.0043113136
-1.1483483 	0.25 	0.01 	78.777544 	14.783462 	-0.0043231625
-1.1495495 	0.25 	0.01 	78.762736 	15.148165 	-0.0043350115
-1.1507508 	0.25 	0.01 	78.759597 	15.505738 	-0.0038165063
-1.151952 	0.25 	0.01 	78.75031 	15.869608 	-0.0033681047
-1.1531532 	0.25 	0.01 	78.732457 	16.241888 	-0.0030473046
-1.1543544 	0.25 	0.01 	78.699073 	16.660713 	-0.002612457
-1.1555556 	0.25 	0.01 	78.665323 	17.083325 	-0.0025871045
-1.1567568 	0.25 	0.01 	78.631573 	17.505938 	-0.0025617519
-1.157958 	0.25 	0.01 	78.594204 	17.935418 	-0.0024079096
-1.1591592 	0.25 	0.01 	78.546022 	18.385418 	-0.0018701424
-1.1603604 	0.25 	0.01 	78.494296 	18.91917 	-0.0014604118
-1.1615616 	0.25 	0.01 	78.402754 	19.448055 	-0.00074321605
-1.1627628 	0.25 	0.01 	78.286738 	19.958993 	-0.00073320485
-1.163964 	0.25 	0.01 	78.170751 	20.46959 	-0.00075252477
-1.1651652 	0.25 	0.01 	78.054763 	20.980187 	-0.00077184468
-1.1663664 	0.25 	0.01 	77.86604 	21.459822 	-0.00031183331
-1.1675676 	0.25 	0.01 	77.665587 	21.949583 	0.00019029559
-1.1687688 	0.25 	0.01 	77.465807 	22.461368 	0.00063740757
-1.16997 	0.25 	0.01 	77.231921 	22.995289 	0.0010681587
-1.1711712 	0.25 	0.01 	76.99223 	23.53261 	0.0010393508
-1.1723724 	0.25 	0.01 	76.752538 	24.069931 	0.0010105429
-1.1735736 	0.25 	0.01 	76.4716 	24.588107 	0.0012273769
-1.1747748 	0.25 	0.01 	76.165961 	25.094817 	0.0015913208
-1.175976 	0.25 	0.01 	75.868048 	25.61843 	0.0021695858
-1.1771772 	0.25 	0.01 	75.571038 	26.144019 	0.0027729162
-1.1783784 	0.25 	0.01 	75.187837 	26.702163 	0.0028312652
-1.1795796 	0.25 	0.01 	74.795474 	27.263804 	0.0028312652
-1.1807808 	0.25 	0.01 	74.379282 	27.828996 	0.0029723439
-1.181982 	0.25 	0.01 	73.889794 	28.405112 	0.003547384
-1.1831832 	0.25 	0.01 	73.405686 	28.975167 	0.0041008054
-1.1843844 	0.25 	0.01 	72.936509 	29.528399 	0.0045942216
-1.1855856 	0.25 	0.01 	72.453561 	30.03684 	0.0049211736
-1.1867868 	0.25 	0.01 	71.943564 	30.457307 	0.0049211736
-1.187988 	0.25 	0.01 	71.462028 	30.874852 	0.0049211736
-1.1891892 	0.25 	0.01 	70.983282 	31.216149 	0.0050678743
-1.1903904 	0.25 	0.01 	70.475794 	31.537626 	0.0052585529
-1.1915916 	0.25 	0.01 	69.970729 	31.808323 	0.0055814796
-1.1927928 	0.25 	0.01 	69.456465 	32.073386 	0.0060136932
-1.193994 	0.25 	0.01 	68.927095 	32.326627 	0.0064670117
-1.1951952 	0.25 	0.01 	68.333553 	32.442188 	0.006481489
-1.1963964 	0.25 	0.01 	67.74001 	32.557749 	0.0064959663
-1.1975976 	0.25 	0.01 	67.146467 	32.673311 	0.0065104435
-1.1987988 	0.25 	0.01 	66.552924 	32.788872 	0.0065249208
-1.2 	0.25 	0.01 	65.959381 	32.904433 	0.006539398
