-1.2 	0.25 	0.182 	65.602853 	32.679341 	0.13126229
-1.2 	0.2496997 	0.182 	65.427661 	32.677817 	0.13250707
-1.2 	0.2493994 	0.182 	65.252468 	32.676294 	0.13375186
-1.2 	0.2490991 	0.182 	65.077275 	32.67477 	0.13499664
-1.2 	0.2487988 	0.182 	64.902082 	32.673246 	0.13624142
-1.2 	0.2484985 	0.182 	64.932133 	32.830949 	0.13711969
-1.2 	0.2481982 	0.182 	64.987396 	33.008212 	0.13795294
-1.2 	0.2478979 	0.182 	65.042659 	33.185474 	0.13878618
-1.2 	0.2475976 	0.182 	65.097922 	33.362737 	0.13961943
-1.2 	0.2472973 	0.182 	65.153186 	33.54 	0.14045268
-1.2 	0.246997 	0.182 	65.208449 	33.717263 	0.14128592
-1.2 	0.2466967 	0.182 	65.263712 	33.894526 	0.14211917
-1.2 	0.2463964 	0.182 	65.173626 	34.058345 	0.14323044
-1.2 	0.2460961 	0.182 	65.0397 	34.218109 	0.14442556
-1.2 	0.2457958 	0.182 	64.905763 	34.377538 	0.14577131
-1.2 	0.2454955 	0.182 	64.72645 	34.634445 	0.14732915
-1.2 	0.2451952 	0.182 	64.541129 	34.90528 	0.14913209
-1.2 	0.24489489 	0.182 	64.355809 	35.176114 	0.15093504
-1.2 	0.24459459 	0.182 	64.170489 	35.446948 	0.15273799
-1.2 	0.24429429 	0.182 	63.985169 	35.717782 	0.15454094
-1.2 	0.24399399 	0.182 	63.799849 	35.988617 	0.15634388
-1.2 	0.24369369 	0.182 	63.614528 	36.259451 	0.15814683
-1.2 	0.24339339 	0.182 	63.2854 	36.942023 	0.1609738
-1.2 	0.24309309 	0.182 	63.067687 	37.391245 	0.16308581
-1.2 	0.24279279 	0.182 	62.945105 	37.631714 	0.16457865
-1.2 	0.24249249 	0.182 	62.822534 	37.872234 	0.16605543
-1.2 	0.24219219 	0.182 	62.700122 	38.113519 	0.16729166
-1.2 	0.24189189 	0.182 	62.57771 	38.354804 	0.16852789
-1.2 	0.24159159 	0.182 	62.455298 	38.596089 	0.16976412
-1.2 	0.24129129 	0.182 	62.524495 	38.476853 	0.17032982
-1.2 	0.24099099 	0.182 	62.434878 	38.599763 	0.17130575
-1.2 	0.24069069 	0.182 	62.243298 	38.913885 	0.17261312
-1.2 	0.24039039 	0.182 	62.163794 	39.129299 	0.17375358
-1.2 	0.24009009 	0.182 	62.08429 	39.344713 	0.17489404
-1.2 	0.23978979 	0.182 	62.004924 	39.560282 	0.17590506
-1.2 	0.23948949 	0.182 	61.925638 	39.775939 	0.17684163
-1.2 	0.23918919 	0.182 	61.846352 	39.991596 	0.17777819
-1.2 	0.23888889 	0.182 	61.761482 	40.157967 	0.17868876
-1.2 	0.23858859 	0.182 	61.652431 	40.126685 	0.17950438
-1.2 	0.23828829 	0.182 	61.460465 	40.634913 	0.18135418
-1.2 	0.23798799 	0.182 	61.343195 	40.904356 	0.18241428
-1.2 	0.23768769 	0.182 	61.243193 	41.118598 	0.18329181
-1.2 	0.23738739 	0.182 	61.143191 	41.332839 	0.18416935
-1.2 	0.23708709 	0.182 	61.043185 	41.547052 	0.18506223
-1.2 	0.23678679 	0.182 	60.943119 	41.760904 	0.1861474
-1.2 	0.23648649 	0.182 	60.843053 	41.974756 	0.18723256
-1.2 	0.23618619 	0.182 	60.742988 	42.188608 	0.18831773
-1.2 	0.23588589 	0.182 	60.766517 	42.204749 	0.18881672
-1.2 	0.23558559 	0.182 	60.539375 	42.552781 	0.18990777
-1.2 	0.23528529 	0.182 	60.343922 	42.763187 	0.19137753
-1.2 	0.23498498 	0.182 	60.155588 	42.955365 	0.19287066
-1.2 	0.23468468 	0.182 	59.967253 	43.147543 	0.19436379
-1.2 	0.23438438 	0.182 	59.778902 	43.340473 	0.19569773
-1.2 	0.23408408 	0.182 	59.590541 	43.533875 	0.196932
-1.2 	0.23378378 	0.182 	59.40218 	43.727277 	0.19816627
-1.2 	0.23348348 	0.182 	59.213819 	43.920679 	0.19940053
-1.2 	0.23318318 	0.182 	59.025681 	43.99062 	0.20085698
-1.2 	0.23288288 	0.182 	58.816768 	44.395461 	0.20224757
-1.2 	0.23258258 	0.182 	58.525364 	44.745369 	0.20412699
-1.2 	0.23228228 	0.182 	58.220684 	45.034424 	0.20613194
-1.2 	0.23198198 	0.182 	57.916004 	45.32348 	0.2081369
-1.2 	0.23168168 	0.182 	57.611292 	45.613265 	0.20995359
-1.2 	0.23138138 	0.182 	57.306556 	45.903622 	0.21162298
-1.2 	0.23108108 	0.182 	57.00182 	46.193979 	0.21329236
-1.2 	0.23078078 	0.182 	56.697084 	46.484336 	0.21496175
-1.2 	0.23048048 	0.182 	56.360845 	46.538553 	0.21690493
-1.2 	0.23018018 	0.182 	56.020662 	47.007801 	0.21838325
-1.2 	0.22987988 	0.182 	55.76088 	47.443763 	0.21979254
-1.2 	0.22957958 	0.182 	55.555114 	47.742976 	0.22128057
-1.2 	0.22927928 	0.182 	55.349349 	48.04219 	0.22276859
-1.2 	0.22897898 	0.182 	55.143583 	48.341403 	0.22425662
-1.2 	0.22867868 	0.182 	54.938452 	48.640981 	0.22564995
-1.2 	0.22837838 	0.182 	54.73372 	48.940787 	0.22698397
-1.2 	0.22807808 	0.182 	54.528988 	49.240593 	0.228318
-1.2 	0.22777778 	0.182 	54.337385 	49.356712 	0.22959944
-1.2 	0.22747748 	0.182 	54.175685 	49.054462 	0.23076109
-1.2 	0.22717718 	0.182 	54.013984 	48.752212 	0.23192274
-1.2 	0.22687688 	0.182 	53.358105 	48.981225 	0.23435347
-1.2 	0.22657658 	0.182 	52.611308 	49.314639 	0.23702606
-1.2 	0.22627628 	0.182 	52.010855 	49.78855 	0.239698
-1.2 	0.22597598 	0.182 	51.410403 	50.26246 	0.24236993
-1.2 	0.22567568 	0.182 	50.81072 	50.73449 	0.24553558
-1.2 	0.22537538 	0.182 	50.211399 	51.205634 	0.24893383
-1.2 	0.22507508 	0.182 	49.612078 	51.676778 	0.25233207
-1.2 	0.22477477 	0.182 	49.142368 	52.002566 	0.2550922
-1.2 	0.22447447 	0.182 	48.47398 	52.330486 	0.25694314
-1.2 	0.22417417 	0.182 	48.12207 	52.824565 	0.25836539
-1.2 	0.22387387 	0.182 	48.298179 	53.589459 	0.25868018
-1.2 	0.22357357 	0.182 	48.474289 	54.354352 	0.25899496
-1.2 	0.22327327 	0.182 	48.650517 	55.119093 	0.25934721
-1.2 	0.22297297 	0.182 	48.123765 	55.952619 	0.26052011
-1.2 	0.22267267 	0.182 	47.347376 	56.809913 	0.26175714
-1.2 	0.22237237 	0.182 	46.570703 	57.666899 	0.26295247
-1.2 	0.22207207 	0.182 	45.79403 	58.523885 	0.26414781
-1.2 	0.22177177 	0.182 	45.130874 	59.343821 	0.26518097
-1.2 	0.22147147 	0.182 	44.335831 	60.155503 	0.26628129
-1.2 	0.22117117 	0.182 	43.537974 	61.038123 	0.26743339
-1.2 	0.22087087 	0.182 	42.825732 	61.837755 	0.26862114
-1.2 	0.22057057 	0.182 	42.11349 	62.637387 	0.2698089
-1.2 	0.22027027 	0.182 	41.511018 	63.269194 	0.27115926
-1.2 	0.21996997 	0.182 	41.140524 	63.547074 	0.27304252
-1.2 	0.21966967 	0.182 	40.771059 	63.823868 	0.27511478
-1.2 	0.21936937 	0.182 	40.401594 	64.100662 	0.27718705
-1.2 	0.21906907 	0.182 	40.251689 	64.533325 	0.27931644
-1.2 	0.21876877 	0.182 	37.810865 	65.809641 	0.28016878
-1.2 	0.21846847 	0.182 	37.117965 	66.401197 	0.28080868
-1.2 	0.21816817 	0.182 	36.476791 	66.973146 	0.28144675
-1.2 	0.21786787 	0.182 	35.833878 	67.546054 	0.28211713
-1.2 	0.21756757 	0.182 	35.190702 	68.119107 	0.28279238
-1.2 	0.21726727 	0.182 	34.298258 	68.641918 	0.28361359
-1.2 	0.21696697 	0.182 	32.0922 	68.899963 	0.28520391
-1.2 	0.21666667 	0.182 	29.886141 	69.158007 	0.28679423
-1.2 	0.21636637 	0.182 	28.014155 	70.217269 	0.2864101
-1.2 	0.21606607 	0.182 	26.237304 	71.504699 	0.28546369
-1.2 	0.21576577 	0.182 	24.460453 	72.79213 	0.28451729
-1.2 	0.21546547 	0.182 	21.607014 	67.735577 	0.26299563
-1.2 	0.21516517 	0.182 	17.336443 	54.33831 	0.20958771
-1.2 	0.21486486 	0.182 	12.408679 	38.889021 	0.14728869
-1.2 	0.21456456 	0.182 	6.3685806 	19.959245 	0.075593854
-1.2 	0.21426426 	0.182 	0.32848202 	1.0294685 	0.0038990198
