0 	-0.05 	0.182 	51.066103 	-2.7055535 	3.2669942
2.5410988e-21 	-0.0496997 	0.182 	51.059499 	-2.7065154 	3.2668122
-1.5881868e-21 	-0.049399399 	0.182 	51.05296 	-2.7074638 	3.2666477
4.2351647e-22 	-0.049099099 	0.182 	51.046421 	-2.7084123 	3.2664832
0 	-0.048798799 	0.182 	51.039881 	-2.7093607 	3.2663187
0 	-0.048498498 	0.182 	51.033342 	-2.7103091 	3.2661542
-8.4703295e-22 	-0.048198198 	0.182 	51.026802 	-2.7112575 	3.2659897
8.4703295e-22 	-0.047897898 	0.182 	51.020263 	-2.7122059 	3.2658252
8.4703295e-22 	-0.047597598 	0.182 	51.013723 	-2.7131543 	3.2656607
8.4703295e-22 	-0.047297297 	0.182 	51.007184 	-2.7141028 	3.2654961
-8.4703295e-22 	-0.046996997 	0.182 	51.000644 	-2.7150512 	3.2653316
-1.6940659e-21 	-0.046696697 	0.182 	50.994105 	-2.7159996 	3.2651671
0 	-0.046396396 	0.182 	50.987565 	-2.716948 	3.2650026
0 	-0.046096096 	0.182 	50.981026 	-2.7178964 	3.2648381
-3.3881318e-21 	-0.045795796 	0.182 	50.974487 	-2.7188448 	3.2646736
1.6940659e-21 	-0.045495495 	0.182 	50.967947 	-2.7197933 	3.2645091
-1.6940659e-21 	-0.045195195 	0.182 	50.961408 	-2.7207417 	3.2643446
1.6940659e-21 	-0.044894895 	0.182 	50.954868 	-2.7216901 	3.26418
0 	-0.044594595 	0.182 	50.948329 	-2.7226385 	3.2640155
4.446923e-21 	-0.044294294 	0.182 	50.940454 	-2.7227373 	3.2638404
-8.4703295e-22 	-0.043993994 	0.182 	50.926911 	-2.7198012 	3.2636366
-8.4703295e-22 	-0.043693694 	0.182 	50.913368 	-2.7168651 	3.2634328
0 	-0.043393393 	0.182 	50.899825 	-2.713929 	3.263229
3.3881318e-21 	-0.043093093 	0.182 	50.886282 	-2.7109929 	3.2630252
1.6940659e-21 	-0.042792793 	0.182 	50.87274 	-2.7080568 	3.2628214
0 	-0.042492492 	0.182 	50.859197 	-2.7051207 	3.2626176
1.6940659e-21 	-0.042192192 	0.182 	50.845654 	-2.7021847 	3.2624138
-1.6940659e-21 	-0.041891892 	0.182 	50.832111 	-2.6992486 	3.26221
1.5484821e-21 	-0.041591592 	0.182 	50.818551 	-2.6963116 	3.2620035
-6.3527471e-22 	-0.041291291 	0.182 	50.804752 	-2.6933625 	3.2617592
-2.5410988e-21 	-0.040990991 	0.182 	50.790953 	-2.6904134 	3.2615149
6.7762636e-21 	-0.040690691 	0.182 	50.777154 	-2.6874644 	3.2612706
-1.6940659e-21 	-0.04039039 	0.182 	50.763355 	-2.6845153 	3.2610263
1.6940659e-21 	-0.04009009 	0.182 	50.749556 	-2.6815662 	3.260782
0 	-0.03978979 	0.182 	50.735757 	-2.6786171 	3.2605377
-5.0821977e-21 	-0.039489489 	0.182 	50.721958 	-2.675668 	3.2602934
6.7762636e-21 	-0.039189189 	0.182 	50.707277 	-2.6729287 	3.2600434
3.3881318e-21 	-0.038888889 	0.182 	50.689619 	-2.6715555 	3.2597591
-5.0821977e-21 	-0.038588589 	0.182 	50.67196 	-2.6701822 	3.2594748
-6.7762636e-21 	-0.038288288 	0.182 	50.654301 	-2.668809 	3.2591904
-1.6940659e-21 	-0.037987988 	0.182 	50.636643 	-2.6674357 	3.2589061
8.4703295e-21 	-0.037687688 	0.182 	50.618984 	-2.6660625 	3.2586218
-6.7762636e-21 	-0.037387387 	0.182 	50.601326 	-2.6646892 	3.2583375
-6.7762636e-21 	-0.037087087 	0.182 	50.583667 	-2.6633159 	3.2580532
2.7528571e-21 	-0.036786787 	0.182 	50.566136 	-2.661952 	3.2577874
-2.5410988e-21 	-0.036486486 	0.182 	50.54874 	-2.660598 	3.2575412
5.0821977e-21 	-0.036186186 	0.182 	50.531344 	-2.659244 	3.257295
0 	-0.035885886 	0.182 	50.513948 	-2.65789 	3.2570487
-3.3881318e-21 	-0.035585586 	0.182 	50.496552 	-2.6565359 	3.2568025
0 	-0.035285285 	0.182 	50.479156 	-2.6551819 	3.2565563
1.6940659e-21 	-0.034984985 	0.182 	50.46176 	-2.6538279 	3.2563101
-3.3881318e-21 	-0.034684685 	0.182 	50.444364 	-2.6524738 	3.2560639
6.7762636e-21 	-0.034384384 	0.182 	50.426967 	-2.6511198 	3.2558177
4.2351647e-22 	-0.034084084 	0.182 	50.408224 	-2.6495093 	3.2555589
1.6940659e-21 	-0.033783784 	0.182 	50.386715 	-2.6475938 	3.2552714
-2.5410988e-21 	-0.033483483 	0.182 	50.365206 	-2.6456783 	3.2549839
1.6940659e-21 	-0.033183183 	0.182 	50.343698 	-2.6437629 	3.2546964
-1.6940659e-21 	-0.032882883 	0.182 	50.322189 	-2.6418474 	3.254409
-3.3881318e-21 	-0.032582583 	0.182 	50.30068 	-2.6399319 	3.2541215
0 	-0.032282282 	0.182 	50.279172 	-2.6380164 	3.253834
0 	-0.031981982 	0.182 	50.257663 	-2.636101 	3.2535466
0 	-0.031681682 	0.182 	50.236154 	-2.6341855 	3.2532591
-4.5528021e-21 	-0.031381381 	0.182 	50.21459 	-2.6322615 	3.2529621
2.1175824e-21 	-0.031081081 	0.182 	50.1928 	-2.6303023 	3.2526259
-4.2351647e-21 	-0.030780781 	0.182 	50.171011 	-2.6283431 	3.2522897
-1.1858461e-20 	-0.03048048 	0.182 	50.149221 	-2.626384 	3.2519535
1.6940659e-21 	-0.03018018 	0.182 	50.127431 	-2.6244248 	3.2516174
-3.3881318e-21 	-0.02987988 	0.182 	50.105641 	-2.6224656 	3.2512812
0 	-0.02957958 	0.182 	50.083851 	-2.6205065 	3.250945
0 	-0.029279279 	0.182 	50.062061 	-2.6185473 	3.2506088
-8.4703295e-21 	-0.028978979 	0.182 	50.038986 	-2.6161581 	3.2502681
-1.6940659e-21 	-0.028678679 	0.182 	50.012924 	-2.6137317 	3.2498865
6.7762636e-21 	-0.028378378 	0.182 	49.986863 	-2.6113052 	3.2495049
8.4703295e-21 	-0.028078078 	0.182 	49.960801 	-2.6088787 	3.2491232
-1.0164395e-20 	-0.027777778 	0.182 	49.934739 	-2.6064522 	3.2487416
-3.3881318e-21 	-0.027477477 	0.182 	49.908678 	-2.6040257 	3.24836
-1.0164395e-20 	-0.027177177 	0.182 	49.882616 	-2.6015992 	3.2479783
6.7762636e-21 	-0.026876877 	0.182 	49.856554 	-2.5991727 	3.2475967
0 	-0.026576577 	0.182 	49.830493 	-2.5967462 	3.247215
-3.8116483e-21 	-0.026276276 	0.182 	49.804351 	-2.5943305 	3.2468142
0 	-0.025975976 	0.182 	49.777988 	-2.5919446 	3.2463604
-1.6940659e-21 	-0.025675676 	0.182 	49.751626 	-2.5895587 	3.2459066
-5.0821977e-21 	-0.025375375 	0.182 	49.725264 	-2.5871729 	3.2454528
6.7762636e-21 	-0.025075075 	0.182 	49.698901 	-2.584787 	3.244999
1.3552527e-20 	-0.024774775 	0.182 	49.672539 	-2.5824011 	3.2445452
-3.3881318e-21 	-0.024474474 	0.182 	49.646176 	-2.5800152 	3.2440914
-6.7762636e-21 	-0.024174174 	0.182 	49.619814 	-2.5776293 	3.2436376
6.7762636e-21 	-0.023873874 	0.182 	49.58705 	-2.5745405 	3.2429889
-6.7762636e-21 	-0.023573574 	0.182 	49.544751 	-2.5706998 	3.2420343
-1.3552527e-20 	-0.023273273 	0.182 	49.502451 	-2.5668591 	3.2410796
0 	-0.022972973 	0.182 	49.460152 	-2.5630184 	3.240125
2.0328791e-20 	-0.022672673 	0.182 	49.417853 	-2.5591777 	3.2391703
-1.3552527e-20 	-0.022372372 	0.182 	49.375554 	-2.555337 	3.2382157
6.7762636e-21 	-0.022072072 	0.182 	49.333255 	-2.5514962 	3.237261
0 	-0.021771772 	0.182 	49.290955 	-2.5476555 	3.2363064
-1.1858461e-20 	-0.021471471 	0.182 	49.248962 	-2.5438082 	3.2354622
1.1858461e-20 	-0.021171171 	0.182 	49.207091 	-2.5399582 	3.2346624
3.3881318e-21 	-0.020870871 	0.182 	49.16522 	-2.5361082 	3.2338625
-3.3881318e-21 	-0.020570571 	0.182 	49.12335 	-2.5322582 	3.2330626
0 	-0.02027027 	0.182 	49.081479 	-2.5284082 	3.2322627
2.0328791e-20 	-0.01996997 	0.182 	49.039608 	-2.5245582 	3.2314629
0 	-0.01966967 	0.182 	48.997737 	-2.5207082 	3.230663
-6.7762636e-21 	-0.019369369 	0.182 	48.955867 	-2.5168582 	3.2298631
-6.7762636e-21 	-0.019069069 	0.182 	48.913996 	-2.5130082 	3.2290633
1.1011428e-20 	-0.018768769 	0.182 	48.867855 	-2.4937259 	3.228137
-6.7762636e-21 	-0.018468468 	0.182 	48.815528 	-2.4705274 	3.2271326
-6.7762636e-21 	-0.018168168 	0.182 	48.763201 	-2.4473289 	3.2261283
-6.7762636e-21 	-0.017867868 	0.182 	48.710875 	-2.4241305 	3.2251239
1.1646703e-21 	-0.017567568 	0.182 	48.658523 	-2.4008992 	3.2241093
6.7762636e-21 	-0.017267267 	0.182 	48.605712 	-2.3770473 	3.2229016
-6.7762636e-21 	-0.016966967 	0.182 	48.5529 	-2.3531954 	3.2216939
0 	-0.016666667 	0.182 	48.500088 	-2.3293435 	3.2204862
-1.3552527e-20 	-0.016366366 	0.182 	48.441431 	-2.3069444 	3.2191462
2.7105054e-20 	-0.016066066 	0.182 	48.337832 	-2.291753 	3.2166663
-1.3552527e-20 	-0.015765766 	0.182 	48.234234 	-2.2765616 	3.2141863
-1.3552527e-20 	-0.015465465 	0.182 	48.130636 	-2.2613702 	3.2117064
3.3881318e-21 	-0.015165165 	0.182 	48.027308 	-2.2462344 	3.2093517
2.0328791e-20 	-0.014864865 	0.182 	47.924574 	-2.2312209 	3.2072724
-6.7762636e-21 	-0.014564565 	0.182 	47.821839 	-2.2162074 	3.205193
-2.7105054e-20 	-0.014264264 	0.182 	47.719105 	-2.2011939 	3.2031137
1.3552527e-20 	-0.013963964 	0.182 	47.616371 	-2.1861804 	3.2010344
2.7105054e-20 	-0.013663664 	0.182 	47.487255 	-2.1636892 	3.1977315
-1.3552527e-20 	-0.013363363 	0.182 	47.35295 	-2.1359345 	3.1941109
0 	-0.013063063 	0.182 	47.218644 	-2.1081798 	3.1904903
0 	-0.012762763 	0.182 	47.084339 	-2.0804251 	3.1868698
-3.3881318e-21 	-0.012462462 	0.182 	46.950917 	-2.0530746 	3.1838098
6.7762636e-21 	-0.012162162 	0.182 	46.817536 	-2.0257431 	3.1807761
-1.3552527e-20 	-0.011861862 	0.182 	46.684155 	-1.9984115 	3.1777424
0 	-0.011561562 	0.182 	46.550775 	-1.9710799 	3.1747088
4.0657581e-20 	-0.011261261 	0.182 	46.403616 	-1.9485778 	3.1704491
0 	-0.010960961 	0.182 	46.209053 	-1.9243083 	3.1637635
-4.0657581e-20 	-0.010660661 	0.182 	46.01449 	-1.9000388 	3.157078
2.7105054e-20 	-0.01036036 	0.182 	45.819927 	-1.8757694 	3.1503924
2.0328791e-20 	-0.01006006 	0.182 	45.626022 	-1.8517035 	3.144423
2.7105054e-20 	-0.0097597598 	0.182 	45.432463 	-1.827745 	3.1388308
1.3552527e-20 	-0.0094594595 	0.182 	45.238905 	-1.8037864 	3.1332386
-1.3552527e-20 	-0.0091591592 	0.182 	45.045346 	-1.7798278 	3.1276464
4.0657581e-20 	-0.0088588589 	0.182 	44.834037 	-1.7309969 	3.1202654
0 	-0.0085585586 	0.182 	44.581959 	-1.6704117 	3.1098291
-2.3716923e-20 	-0.0082582583 	0.182 	44.330222 	-1.6106293 	3.1000113
-1.3552527e-20 	-0.007957958 	0.182 	44.078828 	-1.5514418 	3.0913038
-9.486769e-20 	-0.0076576577 	0.182 	43.84818 	-1.5131669 	3.083368
4.0657581e-20 	-0.0073573574 	0.182 	43.472287 	-1.4799197 	3.0697975
0 	-0.0070570571 	0.182 	43.087858 	-1.4586314 	3.0567599
-1.3552527e-20 	-0.0067567568 	0.182 	42.701682 	-1.4372719 	3.0412286
0 	-0.0064564565 	0.182 	42.337578 	-1.4258691 	3.0271848
-5.4210109e-20 	-0.0061561562 	0.182 	42.026674 	-1.357641 	3.0131783
-2.7105054e-20 	-0.0058558559 	0.182 	41.73293 	-1.3054562 	3.0004582
4.0657581e-20 	-0.0055555556 	0.182 	41.439126 	-1.2520896 	2.9852766
-8.1315163e-20 	-0.0052552553 	0.182 	41.137783 	-1.2244542 	2.9710853
8.1315163e-20 	-0.004954955 	0.182 	40.631621 	-1.1266208 	2.9465582
5.4210109e-20 	-0.0046546547 	0.182 	40.129146 	-1.0343679 	2.9243164
0 	-0.0043543544 	0.182 	39.627421 	-0.9433111 	2.9044314
-8.1315163e-20 	-0.0040540541 	0.182 	39.07611 	-0.90632132 	2.8793519
-8.1315163e-20 	-0.0037537538 	0.182 	38.354045 	-0.82642229 	2.8430376
-2.7105054e-20 	-0.0034534535 	0.182 	37.634898 	-0.74295349 	2.8040246
0 	-0.0031531532 	0.182 	37.005748 	-0.66774756 	2.7706446
-2.3716923e-19 	-0.0028528529 	0.182 	35.226228 	-0.67378231 	2.6531084
2.7105054e-20 	-0.0025525526 	0.182 	27.237109 	-0.50888772 	2.1068079
0 	-0.0022522523 	0.182 	19.247989 	-0.34399313 	1.5605074
-6.7762636e-21 	-0.001951952 	0.182 	11.273157 	-0.18058817 	0.93481257
0 	-0.0016516517 	0.182 	4.9733378 	-0.055580255 	0.3959272
-1.3552527e-20 	-0.0013513514 	0.182 	1.6853938 	-0.10757523 	0.041965281
-1.3552527e-20 	-0.0010510511 	0.182 	1.3107813 	-0.083664482 	0.032637657
3.0493186e-20 	-0.00075075075 	0.182 	0.93616874 	-0.059753732 	0.023310032
1.1858461e-20 	-0.00045045045 	0.182 	0.56155621 	-0.035842982 	0.013982408
0 	-0.00015015015 	0.182 	0.18694368 	-0.011932232 	0.004654784
