-1.2 	-0.05 	0.273 	44.390538 	-2.2274004 	1.6407356
-1.1987988 	-0.05 	0.273 	44.391135 	-2.2539032 	1.6446206
-1.1975976 	-0.05 	0.273 	44.391732 	-2.280406 	1.6485056
-1.1963964 	-0.05 	0.273 	44.392329 	-2.3069089 	1.6523906
-1.1951952 	-0.05 	0.273 	44.392926 	-2.3334117 	1.6562756
-1.193994 	-0.05 	0.273 	44.393523 	-2.3599145 	1.6601606
-1.1927928 	-0.05 	0.273 	44.394119 	-2.3864174 	1.6640456
-1.1915916 	-0.05 	0.273 	44.394716 	-2.4129202 	1.6679307
-1.1903904 	-0.05 	0.273 	44.395313 	-2.4394231 	1.6718157
-1.1891892 	-0.05 	0.273 	44.39591 	-2.4659259 	1.6757007
-1.187988 	-0.05 	0.273 	44.396507 	-2.4924287 	1.6795857
-1.1867868 	-0.05 	0.273 	44.397104 	-2.5189316 	1.6834707
-1.1855856 	-0.05 	0.273 	44.397701 	-2.5454344 	1.6873557
-1.1843844 	-0.05 	0.273 	44.398298 	-2.5719372 	1.6912407
-1.1831832 	-0.05 	0.273 	44.398895 	-2.5984401 	1.6951258
-1.181982 	-0.05 	0.273 	44.399492 	-2.6249429 	1.6990108
-1.1807808 	-0.05 	0.273 	44.400089 	-2.6514457 	1.7028958
-1.1795796 	-0.05 	0.273 	44.400686 	-2.6779486 	1.7067808
-1.1783784 	-0.05 	0.273 	44.401283 	-2.7044514 	1.7106658
-1.1771772 	-0.05 	0.273 	44.40188 	-2.7309542 	1.7145508
-1.175976 	-0.05 	0.273 	44.402477 	-2.7574571 	1.7184358
-1.1747748 	-0.05 	0.273 	44.403074 	-2.7839599 	1.7223209
-1.1735736 	-0.05 	0.273 	44.403671 	-2.8104627 	1.7262059
-1.1723724 	-0.05 	0.273 	44.404268 	-2.8369656 	1.7300909
-1.1711712 	-0.05 	0.273 	44.404864 	-2.8634684 	1.7339759
-1.16997 	-0.05 	0.273 	44.405461 	-2.8899712 	1.7378609
-1.1687688 	-0.05 	0.273 	44.406058 	-2.9164741 	1.7417459
-1.1675676 	-0.05 	0.273 	44.406655 	-2.9429769 	1.7456309
-1.1663664 	-0.05 	0.273 	44.407252 	-2.9694798 	1.749516
-1.1651652 	-0.05 	0.273 	44.40799 	-2.9959256 	1.7536909
-1.163964 	-0.05 	0.273 	44.408851 	-3.0223217 	1.7581184
-1.1627628 	-0.05 	0.273 	44.409711 	-3.0487178 	1.7625459
-1.1615616 	-0.05 	0.273 	44.410572 	-3.075114 	1.7669735
-1.1603604 	-0.05 	0.273 	44.411432 	-3.1015101 	1.771401
-1.1591592 	-0.05 	0.273 	44.412293 	-3.1279063 	1.7758285
-1.157958 	-0.05 	0.273 	44.428523 	-3.1501165 	1.7800549
-1.1567568 	-0.05 	0.273 	44.445576 	-3.1721029 	1.7842706
-1.1555556 	-0.05 	0.273 	44.462629 	-3.1940892 	1.7884862
-1.1543544 	-0.05 	0.273 	44.479682 	-3.2160756 	1.7927019
-1.1531532 	-0.05 	0.273 	44.496735 	-3.238062 	1.7969175
-1.151952 	-0.05 	0.273 	44.513788 	-3.2600483 	1.8011332
-1.1507508 	-0.05 	0.273 	44.530841 	-3.2820347 	1.8053488
-1.1495495 	-0.05 	0.273 	44.547894 	-3.304021 	1.8095645
-1.1483483 	-0.05 	0.273 	44.564947 	-3.3260074 	1.8137801
-1.1471471 	-0.05 	0.273 	44.582 	-3.3479937 	1.8179958
-1.1459459 	-0.05 	0.273 	44.599052 	-3.3699801 	1.8222114
-1.1447447 	-0.05 	0.273 	44.616105 	-3.3919664 	1.8264271
-1.1435435 	-0.05 	0.273 	44.633158 	-3.4139528 	1.8306428
-1.1423423 	-0.05 	0.273 	44.650211 	-3.4359391 	1.8348584
-1.1411411 	-0.05 	0.273 	44.667264 	-3.4579255 	1.8390741
-1.1399399 	-0.05 	0.273 	44.684317 	-3.4799118 	1.8432897
-1.1387387 	-0.05 	0.273 	44.70137 	-3.5018982 	1.8475054
-1.1375375 	-0.05 	0.273 	44.718423 	-3.5238845 	1.851721
-1.1363363 	-0.05 	0.273 	44.735476 	-3.5458709 	1.8559367
-1.1351351 	-0.05 	0.273 	44.752529 	-3.5678572 	1.8601523
-1.1339339 	-0.05 	0.273 	44.769582 	-3.5898436 	1.864368
-1.1327327 	-0.05 	0.273 	44.786635 	-3.6118299 	1.8685836
-1.1315315 	-0.05 	0.273 	44.803688 	-3.6338163 	1.8727993
-1.1303303 	-0.05 	0.273 	44.820741 	-3.6558026 	1.8770149
-1.1291291 	-0.05 	0.273 	44.837794 	-3.677789 	1.8812306
-1.1279279 	-0.05 	0.273 	44.854846 	-3.6997753 	1.8854462
-1.1267267 	-0.05 	0.273 	44.871899 	-3.7217617 	1.8896619
-1.1255255 	-0.05 	0.273 	44.888952 	-3.743748 	1.8938776
-1.1243243 	-0.05 	0.273 	44.906005 	-3.7657344 	1.8980932
-1.1231231 	-0.05 	0.273 	44.923058 	-3.7877207 	1.9023089
-1.1219219 	-0.05 	0.273 	44.940111 	-3.8097071 	1.9065245
-1.1207207 	-0.05 	0.273 	44.957164 	-3.8316934 	1.9107402
-1.1195195 	-0.05 	0.273 	44.974217 	-3.8536798 	1.9149558
-1.1183183 	-0.05 	0.273 	44.99127 	-3.8756661 	1.9191715
-1.1171171 	-0.05 	0.273 	45.008323 	-3.8976525 	1.9233871
-1.1159159 	-0.05 	0.273 	45.025376 	-3.9196389 	1.9276028
-1.1147147 	-0.05 	0.273 	45.042429 	-3.9416252 	1.9318184
-1.1135135 	-0.05 	0.273 	45.059611 	-3.963489 	1.9364382
-1.1123123 	-0.05 	0.273 	45.076844 	-3.985306 	1.9412119
-1.1111111 	-0.05 	0.273 	45.094076 	-4.0071231 	1.9459856
-1.1099099 	-0.05 	0.273 	45.111308 	-4.0289402 	1.9507594
-1.1087087 	-0.05 	0.273 	45.12854 	-4.0507572 	1.9555331
-1.1075075 	-0.05 	0.273 	45.145772 	-4.0725743 	1.9603068
-1.1063063 	-0.05 	0.273 	45.161215 	-4.0945856 	1.9643648
-1.1051051 	-0.05 	0.273 	45.176614 	-4.1166017 	1.9684052
-1.1039039 	-0.05 	0.273 	45.192013 	-4.1386177 	1.9724457
-1.1027027 	-0.05 	0.273 	45.207411 	-4.1606338 	1.9764861
-1.1015015 	-0.05 	0.273 	45.22281 	-4.1826499 	1.9805265
-1.1003003 	-0.05 	0.273 	45.238209 	-4.204666 	1.9845669
-1.0990991 	-0.05 	0.273 	45.253608 	-4.226682 	1.9886073
-1.0978979 	-0.05 	0.273 	45.269441 	-4.2466128 	1.992599
-1.0966967 	-0.05 	0.273 	45.288418 	-4.2514647 	1.996238
-1.0954955 	-0.05 	0.273 	45.307396 	-4.2563165 	1.999877
-1.0942943 	-0.05 	0.273 	45.326373 	-4.2611684 	2.0035159
-1.0930931 	-0.05 	0.273 	45.34535 	-4.2660203 	2.0071549
-1.0918919 	-0.05 	0.273 	45.364328 	-4.2708722 	2.0107939
-1.0906907 	-0.05 	0.273 	45.383305 	-4.2757241 	2.0144329
-1.0894895 	-0.05 	0.273 	45.402282 	-4.280576 	2.0180719
-1.0882883 	-0.05 	0.273 	45.42476 	-4.2889267 	2.0224266
-1.0870871 	-0.05 	0.273 	45.452268 	-4.3023062 	2.0278099
-1.0858859 	-0.05 	0.273 	45.479747 	-4.3157151 	2.0329019
-1.0846847 	-0.05 	0.273 	45.507193 	-4.3291568 	2.0376683
-1.0834835 	-0.05 	0.273 	45.534639 	-4.3425985 	2.0424348
-1.0822823 	-0.05 	0.273 	45.562085 	-4.3560402 	2.0472013
-1.0810811 	-0.05 	0.273 	45.58953 	-4.3694819 	2.0519678
-1.0798799 	-0.05 	0.273 	45.616976 	-4.3829236 	2.0567343
-1.0786787 	-0.05 	0.273 	45.644422 	-4.3963653 	2.0615007
-1.0774775 	-0.05 	0.273 	45.671868 	-4.409807 	2.0662672
-1.0762763 	-0.05 	0.273 	45.699314 	-4.4232487 	2.0710337
-1.0750751 	-0.05 	0.273 	45.726759 	-4.4366904 	2.0758002
-1.0738739 	-0.05 	0.273 	45.754205 	-4.4501321 	2.0805666
-1.0726727 	-0.05 	0.273 	45.781651 	-4.4635738 	2.0853331
-1.0714715 	-0.05 	0.273 	45.809097 	-4.4770155 	2.0900996
-1.0702703 	-0.05 	0.273 	45.836542 	-4.4904572 	2.0948661
-1.0690691 	-0.05 	0.273 	45.863988 	-4.5038989 	2.0996326
-1.0678679 	-0.05 	0.273 	45.891434 	-4.5173406 	2.104399
-1.0666667 	-0.05 	0.273 	45.91888 	-4.5307823 	2.1091655
-1.0654655 	-0.05 	0.273 	45.946325 	-4.544224 	2.113932
-1.0642643 	-0.05 	0.273 	45.973771 	-4.5576657 	2.1186985
-1.0630631 	-0.05 	0.273 	46.001217 	-4.5711074 	2.1234649
-1.0618619 	-0.05 	0.273 	46.028663 	-4.5845491 	2.1282314
-1.0606607 	-0.05 	0.273 	46.056108 	-4.5979908 	2.1329979
-1.0594595 	-0.05 	0.273 	46.083554 	-4.6114325 	2.1377644
-1.0582583 	-0.05 	0.273 	46.111 	-4.6248742 	2.1425309
-1.0570571 	-0.05 	0.273 	46.138446 	-4.6383159 	2.1472973
-1.0558559 	-0.05 	0.273 	46.165892 	-4.6517576 	2.1520638
-1.0546547 	-0.05 	0.273 	46.193337 	-4.6651993 	2.1568303
-1.0534535 	-0.05 	0.273 	46.220783 	-4.678641 	2.1615968
-1.0522523 	-0.05 	0.273 	46.248229 	-4.6920827 	2.1663632
-1.0510511 	-0.05 	0.273 	46.275675 	-4.7055244 	2.1711297
-1.0498498 	-0.05 	0.273 	46.30312 	-4.7189661 	2.1758962
-1.0486486 	-0.05 	0.273 	46.330566 	-4.7324078 	2.1806627
-1.0474474 	-0.05 	0.273 	46.358012 	-4.7458495 	2.1854292
-1.0462462 	-0.05 	0.273 	46.385458 	-4.7592912 	2.1901956
-1.045045 	-0.05 	0.273 	46.412797 	-4.7750352 	2.1954547
-1.0438438 	-0.05 	0.273 	46.440094 	-4.7916759 	2.2009055
-1.0426426 	-0.05 	0.273 	46.467392 	-4.8083166 	2.2063564
-1.0414414 	-0.05 	0.273 	46.49469 	-4.8249573 	2.2118073
-1.0402402 	-0.05 	0.273 	46.521987 	-4.841598 	2.2172582
-1.039039 	-0.05 	0.273 	46.549285 	-4.8582387 	2.222709
-1.0378378 	-0.05 	0.273 	46.576582 	-4.8748794 	2.2281599
-1.0366366 	-0.05 	0.273 	46.605642 	-4.8871057 	2.2336469
-1.0354354 	-0.05 	0.273 	46.638265 	-4.890408 	2.239207
-1.0342342 	-0.05 	0.273 	46.670889 	-4.8937103 	2.2447671
-1.033033 	-0.05 	0.273 	46.703512 	-4.8970126 	2.2503272
-1.0318318 	-0.05 	0.273 	46.736135 	-4.9003149 	2.2558874
-1.0306306 	-0.05 	0.273 	46.768758 	-4.9036172 	2.2614475
-1.0294294 	-0.05 	0.273 	46.801381 	-4.9069195 	2.2670076
-1.0282282 	-0.05 	0.273 	46.833919 	-4.9103007 	2.2725681
-1.027027 	-0.05 	0.273 	46.864085 	-4.9158658 	2.2781394
-1.0258258 	-0.05 	0.273 	46.89425 	-4.9214308 	2.2837106
-1.0246246 	-0.05 	0.273 	46.924447 	-4.9270379 	2.2888538
-1.0234234 	-0.05 	0.273 	46.95466 	-4.9326651 	2.2937909
-1.0222222 	-0.05 	0.273 	46.984873 	-4.9382923 	2.2987279
-1.021021 	-0.05 	0.273 	47.015086 	-4.9439195 	2.303665
-1.0198198 	-0.05 	0.273 	47.045298 	-4.9495468 	2.3086021
-1.0186186 	-0.05 	0.273 	47.075511 	-4.955174 	2.3135391
-1.0174174 	-0.05 	0.273 	47.105724 	-4.9608012 	2.3184762
-1.0162162 	-0.05 	0.273 	47.135936 	-4.9664284 	2.3234133
-1.015015 	-0.05 	0.273 	47.166149 	-4.9720556 	2.3283503
-1.0138138 	-0.05 	0.273 	47.196362 	-4.9776829 	2.3332874
-1.0126126 	-0.05 	0.273 	47.226574 	-4.9833101 	2.3382245
-1.0114114 	-0.05 	0.273 	47.256787 	-4.9889373 	2.3431615
-1.0102102 	-0.05 	0.273 	47.287 	-4.9945645 	2.3480986
-1.009009 	-0.05 	0.273 	47.317213 	-5.0001918 	2.3530357
-1.0078078 	-0.05 	0.273 	47.347425 	-5.005819 	2.3579728
-1.0066066 	-0.05 	0.273 	47.377638 	-5.0114462 	2.3629098
-1.0054054 	-0.05 	0.273 	47.407851 	-5.0170734 	2.3678469
-1.0042042 	-0.05 	0.273 	47.438063 	-5.0227006 	2.372784
-1.003003 	-0.05 	0.273 	47.468276 	-5.0283279 	2.377721
-1.0018018 	-0.05 	0.273 	47.498489 	-5.0339551 	2.3826581
-1.0006006 	-0.05 	0.273 	47.528701 	-5.0395823 	2.3875952
-0.9993994 	-0.05 	0.273 	47.558914 	-5.0452095 	2.3925322
-0.9981982 	-0.05 	0.273 	47.589127 	-5.0508368 	2.3974693
-0.996997 	-0.05 	0.273 	47.61934 	-5.056464 	2.4024064
-0.9957958 	-0.05 	0.273 	47.649552 	-5.0620912 	2.4073434
-0.99459459 	-0.05 	0.273 	47.679765 	-5.0677184 	2.4122805
-0.99339339 	-0.05 	0.273 	47.709978 	-5.0733456 	2.4172176
-0.99219219 	-0.05 	0.273 	47.74019 	-5.0789729 	2.4221546
-0.99099099 	-0.05 	0.273 	47.770403 	-5.0846001 	2.4270917
-0.98978979 	-0.05 	0.273 	47.800616 	-5.0902273 	2.4320288
-0.98858859 	-0.05 	0.273 	47.830828 	-5.0958545 	2.4369659
-0.98738739 	-0.05 	0.273 	47.861041 	-5.1014818 	2.4419029
-0.98618619 	-0.05 	0.273 	47.891254 	-5.107109 	2.44684
-0.98498498 	-0.05 	0.273 	47.921466 	-5.1127362 	2.4517771
-0.98378378 	-0.05 	0.273 	47.949319 	-5.1190631 	2.4568126
-0.98258258 	-0.05 	0.273 	47.97572 	-5.1258203 	2.4619088
-0.98138138 	-0.05 	0.273 	48.002121 	-5.1325775 	2.467005
-0.98018018 	-0.05 	0.273 	48.028521 	-5.1393347 	2.4721012
-0.97897898 	-0.05 	0.273 	48.054922 	-5.1460918 	2.4771973
-0.97777778 	-0.05 	0.273 	48.081323 	-5.152849 	2.4822935
-0.97657658 	-0.05 	0.273 	48.107724 	-5.1596062 	2.4873897
-0.97537538 	-0.05 	0.273 	48.136166 	-5.1645528 	2.4925746
-0.97417417 	-0.05 	0.273 	48.166665 	-5.1676748 	2.497849
-0.97297297 	-0.05 	0.273 	48.197164 	-5.1707969 	2.5031233
-0.97177177 	-0.05 	0.273 	48.227662 	-5.173919 	2.5083977
-0.97057057 	-0.05 	0.273 	48.258161 	-5.177041 	2.513672
-0.96936937 	-0.05 	0.273 	48.28866 	-5.1801631 	2.5189464
-0.96816817 	-0.05 	0.273 	48.319159 	-5.1832851 	2.5242208
-0.96696697 	-0.05 	0.273 	48.34774 	-5.1852246 	2.529235
-0.96576577 	-0.05 	0.273 	48.374177 	-5.1858413 	2.5339581
-0.96456456 	-0.05 	0.273 	48.400613 	-5.1864579 	2.5386813
-0.96336336 	-0.05 	0.273 	48.427049 	-5.1870745 	2.5434044
-0.96216216 	-0.05 	0.273 	48.453485 	-5.1876912 	2.5481276
-0.96096096 	-0.05 	0.273 	48.479922 	-5.1883078 	2.5528507
-0.95975976 	-0.05 	0.273 	48.506358 	-5.1889244 	2.5575739
-0.95855856 	-0.05 	0.273 	48.532794 	-5.189541 	2.562297
-0.95735736 	-0.05 	0.273 	48.55923 	-5.1901577 	2.5670202
-0.95615616 	-0.05 	0.273 	48.585667 	-5.1907743 	2.5717433
-0.95495495 	-0.05 	0.273 	48.612103 	-5.1913909 	2.5764665
-0.95375375 	-0.05 	0.273 	48.638539 	-5.1920076 	2.5811896
-0.95255255 	-0.05 	0.273 	48.664976 	-5.1926242 	2.5859128
-0.95135135 	-0.05 	0.273 	48.691412 	-5.1932408 	2.5906359
-0.95015015 	-0.05 	0.273 	48.717848 	-5.1938575 	2.5953591
-0.94894895 	-0.05 	0.273 	48.744284 	-5.1944741 	2.6000822
-0.94774775 	-0.05 	0.273 	48.770721 	-5.1950907 	2.6048054
-0.94654655 	-0.05 	0.273 	48.797157 	-5.1957073 	2.6095285
-0.94534535 	-0.05 	0.273 	48.823593 	-5.196324 	2.6142517
-0.94414414 	-0.05 	0.273 	48.85003 	-5.1969406 	2.6189748
-0.94294294 	-0.05 	0.273 	48.876466 	-5.1975572 	2.623698
-0.94174174 	-0.05 	0.273 	48.902902 	-5.1981739 	2.6284211
-0.94054054 	-0.05 	0.273 	48.929338 	-5.1987905 	2.6331443
-0.93933934 	-0.05 	0.273 	48.955775 	-5.1994071 	2.6378674
-0.93813814 	-0.05 	0.273 	48.982211 	-5.2000237 	2.6425906
-0.93693694 	-0.05 	0.273 	49.008647 	-5.2006404 	2.6473137
-0.93573574 	-0.05 	0.273 	49.035083 	-5.201257 	2.6520369
-0.93453453 	-0.05 	0.273 	49.06152 	-5.2018736 	2.65676
-0.93333333 	-0.05 	0.273 	49.087956 	-5.2024903 	2.6614832
-0.93213213 	-0.05 	0.273 	49.114392 	-5.2031069 	2.6662063
-0.93093093 	-0.05 	0.273 	49.140829 	-5.2037235 	2.6709295
-0.92972973 	-0.05 	0.273 	49.167265 	-5.2043402 	2.6756526
-0.92852853 	-0.05 	0.273 	49.193701 	-5.2049568 	2.6803758
-0.92732733 	-0.05 	0.273 	49.220137 	-5.2055734 	2.6850989
-0.92612613 	-0.05 	0.273 	49.246547 	-5.2061566 	2.6900359
-0.92492492 	-0.05 	0.273 	49.272906 	-5.2066787 	2.6953641
-0.92372372 	-0.05 	0.273 	49.299266 	-5.2072008 	2.7006923
-0.92252252 	-0.05 	0.273 	49.323854 	-5.2076202 	2.7058288
-0.92132132 	-0.05 	0.273 	49.346045 	-5.2079007 	2.710706
-0.92012012 	-0.05 	0.273 	49.368236 	-5.2081812 	2.7155832
-0.91891892 	-0.05 	0.273 	49.390427 	-5.2084617 	2.7204604
-0.91771772 	-0.05 	0.273 	49.412618 	-5.2087422 	2.7253376
-0.91651652 	-0.05 	0.273 	49.434809 	-5.2090227 	2.7302148
-0.91531532 	-0.05 	0.273 	49.457 	-5.2093032 	2.735092
-0.91411411 	-0.05 	0.273 	49.481645 	-5.2094726 	2.7401961
-0.91291291 	-0.05 	0.273 	49.507327 	-5.2095951 	2.7453961
-0.91171171 	-0.05 	0.273 	49.533008 	-5.2097177 	2.7505961
-0.91051051 	-0.05 	0.273 	49.55869 	-5.2098402 	2.755796
-0.90930931 	-0.05 	0.273 	49.584371 	-5.2099627 	2.760996
-0.90810811 	-0.05 	0.273 	49.610052 	-5.2100852 	2.7661959
-0.90690691 	-0.05 	0.273 	49.635568 	-5.2100781 	2.7713993
-0.90570571 	-0.05 	0.273 	49.657865 	-5.2075618 	2.7766673
-0.9045045 	-0.05 	0.273 	49.680162 	-5.2050456 	2.7819353
-0.9033033 	-0.05 	0.273 	49.702463 	-5.2025328 	2.7871708
-0.9021021 	-0.05 	0.273 	49.724837 	-5.2000789 	2.7918467
-0.9009009 	-0.05 	0.273 	49.747211 	-5.197625 	2.7965226
-0.8996997 	-0.05 	0.273 	49.769585 	-5.195171 	2.8011985
-0.8984985 	-0.05 	0.273 	49.791959 	-5.1927171 	2.8058745
-0.8972973 	-0.05 	0.273 	49.814333 	-5.1902631 	2.8105504
-0.8960961 	-0.05 	0.273 	49.836707 	-5.1878092 	2.8152263
-0.89489489 	-0.05 	0.273 	49.859081 	-5.1853553 	2.8199022
-0.89369369 	-0.05 	0.273 	49.881455 	-5.1829013 	2.8245782
-0.89249249 	-0.05 	0.273 	49.903829 	-5.1804474 	2.8292541
-0.89129129 	-0.05 	0.273 	49.926203 	-5.1779934 	2.83393
-0.89009009 	-0.05 	0.273 	49.948577 	-5.1755395 	2.8386059
-0.88888889 	-0.05 	0.273 	49.970951 	-5.1730856 	2.8432819
-0.88768769 	-0.05 	0.273 	49.993325 	-5.1706316 	2.8479578
-0.88648649 	-0.05 	0.273 	50.015699 	-5.1681777 	2.8526337
-0.88528529 	-0.05 	0.273 	50.038073 	-5.1657238 	2.8573096
-0.88408408 	-0.05 	0.273 	50.060448 	-5.1632698 	2.8619856
-0.88288288 	-0.05 	0.273 	50.082822 	-5.1608159 	2.8666615
-0.88168168 	-0.05 	0.273 	50.105196 	-5.1583619 	2.8713374
-0.88048048 	-0.05 	0.273 	50.12757 	-5.155908 	2.8760133
-0.87927928 	-0.05 	0.273 	50.149944 	-5.1534541 	2.8806893
-0.87807808 	-0.05 	0.273 	50.172318 	-5.1510001 	2.8853652
-0.87687688 	-0.05 	0.273 	50.194692 	-5.1485462 	2.8900411
-0.87567568 	-0.05 	0.273 	50.217066 	-5.1460922 	2.894717
-0.87447447 	-0.05 	0.273 	50.23944 	-5.1436383 	2.899393
-0.87327327 	-0.05 	0.273 	50.261814 	-5.1411844 	2.9040689
-0.87207207 	-0.05 	0.273 	50.284188 	-5.1387304 	2.9087448
-0.87087087 	-0.05 	0.273 	50.306562 	-5.1362765 	2.9134207
-0.86966967 	-0.05 	0.273 	50.328936 	-5.1338225 	2.9180967
-0.86846847 	-0.05 	0.273 	50.35131 	-5.1313686 	2.9227726
-0.86726727 	-0.05 	0.273 	50.373684 	-5.1289147 	2.9274485
-0.86606607 	-0.05 	0.273 	50.396058 	-5.1264607 	2.9321244
-0.86486486 	-0.05 	0.273 	50.418432 	-5.1240068 	2.9368003
-0.86366366 	-0.05 	0.273 	50.440806 	-5.1215529 	2.9414763
-0.86246246 	-0.05 	0.273 	50.46318 	-5.1190989 	2.9461522
-0.86126126 	-0.05 	0.273 	50.483659 	-5.1158472 	2.9509024
-0.86006006 	-0.05 	0.273 	50.502197 	-5.1117791 	2.9557285
-0.85885886 	-0.05 	0.273 	50.520735 	-5.1077111 	2.9605547
-0.85765766 	-0.05 	0.273 	50.539273 	-5.103643 	2.9653809
-0.85645646 	-0.05 	0.273 	50.557811 	-5.0995749 	2.970207
-0.85525526 	-0.05 	0.273 	50.57635 	-5.0955069 	2.9750332
-0.85405405 	-0.05 	0.273 	50.594888 	-5.0914388 	2.9798594
-0.85285285 	-0.05 	0.273 	50.615993 	-5.0891215 	2.9848772
-0.85165165 	-0.05 	0.273 	50.637331 	-5.0869624 	2.9899123
-0.85045045 	-0.05 	0.273 	50.658668 	-5.0848033 	2.9949474
-0.84924925 	-0.05 	0.273 	50.680005 	-5.0826442 	2.9999826
-0.84804805 	-0.05 	0.273 	50.701343 	-5.0804851 	3.0050177
-0.84684685 	-0.05 	0.273 	50.72268 	-5.078326 	3.0100528
-0.84564565 	-0.05 	0.273 	50.743213 	-5.075203 	3.0151312
-0.84444444 	-0.05 	0.273 	50.762552 	-5.0706497 	3.0202737
-0.84324324 	-0.05 	0.273 	50.781891 	-5.0660964 	3.0254163
-0.84204204 	-0.05 	0.273 	50.801257 	-5.0615545 	3.0304037
-0.84084084 	-0.05 	0.273 	50.820699 	-5.0570435 	3.0349719
-0.83963964 	-0.05 	0.273 	50.84014 	-5.0525325 	3.0395401
-0.83843844 	-0.05 	0.273 	50.859582 	-5.0480214 	3.0441084
-0.83723724 	-0.05 	0.273 	50.879023 	-5.0435104 	3.0486766
-0.83603604 	-0.05 	0.273 	50.898464 	-5.0389994 	3.0532448
-0.83483483 	-0.05 	0.273 	50.917906 	-5.0344884 	3.0578131
-0.83363363 	-0.05 	0.273 	50.937347 	-5.0299774 	3.0623813
-0.83243243 	-0.05 	0.273 	50.956789 	-5.0254663 	3.0669495
-0.83123123 	-0.05 	0.273 	50.97623 	-5.0209553 	3.0715178
-0.83003003 	-0.05 	0.273 	50.995672 	-5.0164443 	3.076086
-0.82882883 	-0.05 	0.273 	51.015113 	-5.0119333 	3.0806542
-0.82762763 	-0.05 	0.273 	51.034554 	-5.0074222 	3.0852225
-0.82642643 	-0.05 	0.273 	51.053996 	-5.0029112 	3.0897907
-0.82522523 	-0.05 	0.273 	51.073437 	-4.9984002 	3.0943589
-0.82402402 	-0.05 	0.273 	51.092879 	-4.9938892 	3.0989272
-0.82282282 	-0.05 	0.273 	51.11232 	-4.9893782 	3.1034954
-0.82162162 	-0.05 	0.273 	51.131762 	-4.9848671 	3.1080636
-0.82042042 	-0.05 	0.273 	51.151203 	-4.9803561 	3.1126319
-0.81921922 	-0.05 	0.273 	51.170644 	-4.9758451 	3.1172001
-0.81801802 	-0.05 	0.273 	51.190086 	-4.9713341 	3.1217683
-0.81681682 	-0.05 	0.273 	51.209527 	-4.9668231 	3.1263366
-0.81561562 	-0.05 	0.273 	51.228969 	-4.962312 	3.1309048
-0.81441441 	-0.05 	0.273 	51.24841 	-4.957801 	3.135473
-0.81321321 	-0.05 	0.273 	51.267852 	-4.95329 	3.1400413
-0.81201201 	-0.05 	0.273 	51.287293 	-4.948779 	3.1446095
-0.81081081 	-0.05 	0.273 	51.306734 	-4.9442679 	3.1491777
-0.80960961 	-0.05 	0.273 	51.326176 	-4.9397569 	3.153746
-0.80840841 	-0.05 	0.273 	51.345617 	-4.9352459 	3.1583142
-0.80720721 	-0.05 	0.273 	51.365059 	-4.9307349 	3.1628824
-0.80600601 	-0.05 	0.273 	51.3845 	-4.9262239 	3.1674507
-0.8048048 	-0.05 	0.273 	51.403942 	-4.9217128 	3.1720189
-0.8036036 	-0.05 	0.273 	51.423383 	-4.9172018 	3.1765871
-0.8024024 	-0.05 	0.273 	51.442824 	-4.9126908 	3.1811554
-0.8012012 	-0.05 	0.273 	51.462266 	-4.9081798 	3.1857236
-0.8 	-0.05 	0.273 	51.48074 	-4.9031339 	3.190315
-0.7987988 	-0.05 	0.273 	51.497577 	-4.8971828 	3.1949458
-0.7975976 	-0.05 	0.273 	51.514415 	-4.8912316 	3.1995765
-0.7963964 	-0.05 	0.273 	51.531252 	-4.8852805 	3.2042072
-0.7951952 	-0.05 	0.273 	51.548089 	-4.8793293 	3.2088379
-0.79399399 	-0.05 	0.273 	51.564926 	-4.8733782 	3.2134686
-0.79279279 	-0.05 	0.273 	51.582128 	-4.8678421 	3.2181319
-0.79159159 	-0.05 	0.273 	51.60151 	-4.8647836 	3.2229898
-0.79039039 	-0.05 	0.273 	51.620891 	-4.8617252 	3.2278478
-0.78918919 	-0.05 	0.273 	51.640272 	-4.8586667 	3.2327057
-0.78798799 	-0.05 	0.273 	51.659654 	-4.8556082 	3.2375636
-0.78678679 	-0.05 	0.273 	51.679035 	-4.8525498 	3.2424216
-0.78558559 	-0.05 	0.273 	51.698416 	-4.8494913 	3.2472795
-0.78438438 	-0.05 	0.273 	51.712413 	-4.8455462 	3.2513446
-0.78318318 	-0.05 	0.273 	51.726266 	-4.8415774 	3.2553885
-0.78198198 	-0.05 	0.273 	51.740119 	-4.8376087 	3.2594324
-0.78078078 	-0.05 	0.273 	51.754021 	-4.8336592 	3.2632532
-0.77957958 	-0.05 	0.273 	51.767971 	-4.8297296 	3.2668462
-0.77837838 	-0.05 	0.273 	51.781922 	-4.8257999 	3.2704391
-0.77717718 	-0.05 	0.273 	51.795872 	-4.8218702 	3.2740321
-0.77597598 	-0.05 	0.273 	51.809823 	-4.8179405 	3.277625
-0.77477477 	-0.05 	0.273 	51.823774 	-4.8140109 	3.281218
-0.77357357 	-0.05 	0.273 	51.837724 	-4.8100812 	3.2848109
-0.77237237 	-0.05 	0.273 	51.851675 	-4.8061515 	3.2884039
-0.77117117 	-0.05 	0.273 	51.865625 	-4.8022218 	3.2919969
-0.76996997 	-0.05 	0.273 	51.879576 	-4.7982922 	3.2955898
-0.76876877 	-0.05 	0.273 	51.893526 	-4.7943625 	3.2991828
-0.76756757 	-0.05 	0.273 	51.907477 	-4.7904328 	3.3027757
-0.76636637 	-0.05 	0.273 	51.921428 	-4.7865031 	3.3063687
-0.76516517 	-0.05 	0.273 	51.935378 	-4.7825735 	3.3099616
-0.76396396 	-0.05 	0.273 	51.949329 	-4.7786438 	3.3135546
-0.76276276 	-0.05 	0.273 	51.963279 	-4.7747141 	3.3171475
-0.76156156 	-0.05 	0.273 	51.97723 	-4.7707844 	3.3207405
-0.76036036 	-0.05 	0.273 	51.99118 	-4.7668548 	3.3243334
-0.75915916 	-0.05 	0.273 	52.005131 	-4.7629251 	3.3279264
-0.75795796 	-0.05 	0.273 	52.019082 	-4.7589954 	3.3315193
-0.75675676 	-0.05 	0.273 	52.033032 	-4.7550658 	3.3351123
-0.75555556 	-0.05 	0.273 	52.046983 	-4.7511361 	3.3387053
-0.75435435 	-0.05 	0.273 	52.060933 	-4.7472064 	3.3422982
-0.75315315 	-0.05 	0.273 	52.074884 	-4.7432767 	3.3458912
-0.75195195 	-0.05 	0.273 	52.088834 	-4.7393471 	3.3494841
-0.75075075 	-0.05 	0.273 	52.102785 	-4.7354174 	3.3530771
-0.74954955 	-0.05 	0.273 	52.116735 	-4.7314877 	3.35667
-0.74834835 	-0.05 	0.273 	52.130686 	-4.727558 	3.360263
-0.74714715 	-0.05 	0.273 	52.144637 	-4.7236284 	3.3638559
-0.74594595 	-0.05 	0.273 	52.158587 	-4.7196987 	3.3674489
-0.74474474 	-0.05 	0.273 	52.172538 	-4.715769 	3.3710418
-0.74354354 	-0.05 	0.273 	52.186488 	-4.7118393 	3.3746348
-0.74234234 	-0.05 	0.273 	52.200439 	-4.7079097 	3.3782277
-0.74114114 	-0.05 	0.273 	52.214389 	-4.70398 	3.3818207
-0.73993994 	-0.05 	0.273 	52.22834 	-4.7000503 	3.3854137
-0.73873874 	-0.05 	0.273 	52.241055 	-4.6961943 	3.3889946
-0.73753754 	-0.05 	0.273 	52.252116 	-4.6924369 	3.3925595
-0.73633634 	-0.05 	0.273 	52.263177 	-4.6886796 	3.3961243
-0.73513514 	-0.05 	0.273 	52.274238 	-4.6849222 	3.3996892
-0.73393393 	-0.05 	0.273 	52.285319 	-4.6811799 	3.4032025
-0.73273273 	-0.05 	0.273 	52.296403 	-4.6774406 	3.4067054
-0.73153153 	-0.05 	0.273 	52.307338 	-4.6720335 	3.410075
-0.73033033 	-0.05 	0.273 	52.317998 	-4.6635782 	3.4132007
-0.72912913 	-0.05 	0.273 	52.328659 	-4.6551228 	3.4163264
-0.72792793 	-0.05 	0.273 	52.33932 	-4.6466674 	3.4194522
-0.72672673 	-0.05 	0.273 	52.34998 	-4.638212 	3.4225779
-0.72552553 	-0.05 	0.273 	52.360075 	-4.6305402 	3.4257506
-0.72432432 	-0.05 	0.273 	52.370485 	-4.6241764 	3.4291955
-0.72312312 	-0.05 	0.273 	52.382531 	-4.6190448 	3.4331028
-0.72192192 	-0.05 	0.273 	52.394578 	-4.6139133 	3.4370102
-0.72072072 	-0.05 	0.273 	52.406624 	-4.6087817 	3.4409176
-0.71951952 	-0.05 	0.273 	52.41867 	-4.6036502 	3.444825
-0.71831832 	-0.05 	0.273 	52.430716 	-4.5985186 	3.4487323
-0.71711712 	-0.05 	0.273 	52.442762 	-4.593387 	3.4526397
-0.71591592 	-0.05 	0.273 	52.454808 	-4.5882555 	3.4565471
-0.71471471 	-0.05 	0.273 	52.466855 	-4.5831239 	3.4604545
-0.71351351 	-0.05 	0.273 	52.478901 	-4.5779924 	3.4643618
-0.71231231 	-0.05 	0.273 	52.490947 	-4.5728608 	3.4682692
-0.71111111 	-0.05 	0.273 	52.502993 	-4.5677293 	3.4721766
-0.70990991 	-0.05 	0.273 	52.515039 	-4.5625977 	3.476084
-0.70870871 	-0.05 	0.273 	52.527085 	-4.5574661 	3.4799913
-0.70750751 	-0.05 	0.273 	52.539132 	-4.5523346 	3.4838987
-0.70630631 	-0.05 	0.273 	52.55028 	-4.5483699 	3.4881657
-0.70510511 	-0.05 	0.273 	52.56119 	-4.5447141 	3.492528
-0.7039039 	-0.05 	0.273 	52.5721 	-4.5410584 	3.4968902
-0.7027027 	-0.05 	0.273 	52.58301 	-4.5374026 	3.5012524
-0.7015015 	-0.05 	0.273 	52.59392 	-4.5337468 	3.5056147
-0.7003003 	-0.05 	0.273 	52.605794 	-4.5237279 	3.510262
-0.6990991 	-0.05 	0.273 	52.617701 	-4.5134942 	3.514919
-0.6978979 	-0.05 	0.273 	52.629608 	-4.5032604 	3.519576
-0.6966967 	-0.05 	0.273 	52.641514 	-4.4930267 	3.524233
-0.6954955 	-0.05 	0.273 	52.653339 	-4.483453 	3.5288412
-0.69429429 	-0.05 	0.273 	52.664672 	-4.4778066 	3.5331593
-0.69309309 	-0.05 	0.273 	52.676004 	-4.4721603 	3.5374774
-0.69189189 	-0.05 	0.273 	52.687337 	-4.4665139 	3.5417955
-0.69069069 	-0.05 	0.273 	52.69867 	-4.4608675 	3.5461136
-0.68948949 	-0.05 	0.273 	52.710003 	-4.4552211 	3.5504317
-0.68828829 	-0.05 	0.273 	52.721336 	-4.4495748 	3.5547498
-0.68708709 	-0.05 	0.273 	52.732669 	-4.4439284 	3.5590679
-0.68588589 	-0.05 	0.273 	52.744002 	-4.438282 	3.563386
-0.68468468 	-0.05 	0.273 	52.755335 	-4.4326356 	3.5677041
-0.68348348 	-0.05 	0.273 	52.766668 	-4.4269893 	3.5720222
-0.68228228 	-0.05 	0.273 	52.778001 	-4.4213429 	3.5763403
-0.68108108 	-0.05 	0.273 	52.789334 	-4.4156965 	3.5806583
-0.67987988 	-0.05 	0.273 	52.800667 	-4.4100501 	3.5849764
-0.67867868 	-0.05 	0.273 	52.812 	-4.4044038 	3.5892945
-0.67747748 	-0.05 	0.273 	52.823295 	-4.3984063 	3.5935797
-0.67627628 	-0.05 	0.273 	52.834226 	-4.3935576 	3.5978935
-0.67507508 	-0.05 	0.273 	52.844726 	-4.3914143 	3.6023444
-0.67387387 	-0.05 	0.273 	52.855226 	-4.389271 	3.6067954
-0.67267267 	-0.05 	0.273 	52.865726 	-4.3871277 	3.6112463
-0.67147147 	-0.05 	0.273 	52.876226 	-4.3849843 	3.6156973
-0.67027027 	-0.05 	0.273 	52.886455 	-4.3814981 	3.6201327
-0.66906907 	-0.05 	0.273 	52.896489 	-4.3770464 	3.6245569
-0.66786787 	-0.05 	0.273 	52.906523 	-4.3725946 	3.6289812
-0.66666667 	-0.05 	0.273 	52.916557 	-4.3681429 	3.6334055
-0.66546547 	-0.05 	0.273 	52.92659 	-4.3636912 	3.6378297
-0.66426426 	-0.05 	0.273 	52.93654 	-4.3588895 	3.6420335
-0.66306306 	-0.05 	0.273 	52.946689 	-4.3536655 	3.6462493
-0.66186186 	-0.05 	0.273 	52.95687 	-4.3483964 	3.650477
-0.66066066 	-0.05 	0.273 	52.967052 	-4.3431273 	3.6547047
-0.65945946 	-0.05 	0.273 	52.977233 	-4.3378581 	3.6589323
-0.65825826 	-0.05 	0.273 	52.987415 	-4.332589 	3.66316
-0.65705706 	-0.05 	0.273 	52.997596 	-4.3273199 	3.6673877
-0.65585586 	-0.05 	0.273 	53.007778 	-4.3220508 	3.6716154
-0.65465465 	-0.05 	0.273 	53.017959 	-4.3167816 	3.6758431
-0.65345345 	-0.05 	0.273 	53.028141 	-4.3115125 	3.6800708
-0.65225225 	-0.05 	0.273 	53.038322 	-4.3062434 	3.6842985
-0.65105105 	-0.05 	0.273 	53.048504 	-4.3009742 	3.6885262
-0.64984985 	-0.05 	0.273 	53.058685 	-4.2957051 	3.6927539
-0.64864865 	-0.05 	0.273 	53.068867 	-4.290436 	3.6969816
-0.64744745 	-0.05 	0.273 	53.079048 	-4.2851669 	3.7012093
-0.64624625 	-0.05 	0.273 	53.089226 	-4.27989 	3.7054406
-0.64504505 	-0.05 	0.273 	53.09917 	-4.274132 	3.7098984
-0.64384384 	-0.05 	0.273 	53.109115 	-4.268374 	3.7143562
-0.64264264 	-0.05 	0.273 	53.119059 	-4.262616 	3.7188139
-0.64144144 	-0.05 	0.273 	53.129003 	-4.256858 	3.7232717
-0.64024024 	-0.05 	0.273 	53.138722 	-4.2511031 	3.7276945
-0.63903904 	-0.05 	0.273 	53.147488 	-4.2453615 	3.7319695
-0.63783784 	-0.05 	0.273 	53.156253 	-4.2396199 	3.7362444
-0.63663664 	-0.05 	0.273 	53.165018 	-4.2338782 	3.7405194
-0.63543544 	-0.05 	0.273 	53.173784 	-4.2281366 	3.7447943
-0.63423423 	-0.05 	0.273 	53.182679 	-4.2225452 	3.749013
-0.63303303 	-0.05 	0.273 	53.191796 	-4.217212 	3.7531347
-0.63183183 	-0.05 	0.273 	53.200914 	-4.2118788 	3.7572565
-0.63063063 	-0.05 	0.273 	53.210032 	-4.2065456 	3.7613783
-0.62942943 	-0.05 	0.273 	53.219149 	-4.2012124 	3.7655
-0.62822823 	-0.05 	0.273 	53.228267 	-4.1958792 	3.7696218
-0.62702703 	-0.05 	0.273 	53.237384 	-4.190546 	3.7737436
-0.62582583 	-0.05 	0.273 	53.246502 	-4.1852128 	3.7778653
-0.62462462 	-0.05 	0.273 	53.25562 	-4.1798796 	3.7819871
-0.62342342 	-0.05 	0.273 	53.264737 	-4.1745464 	3.7861089
-0.62222222 	-0.05 	0.273 	53.273855 	-4.1692132 	3.7902306
-0.62102102 	-0.05 	0.273 	53.282973 	-4.16388 	3.7943524
-0.61981982 	-0.05 	0.273 	53.29209 	-4.1585469 	3.7984742
-0.61861862 	-0.05 	0.273 	53.301208 	-4.1532137 	3.8025959
-0.61741742 	-0.05 	0.273 	53.310325 	-4.1478805 	3.8067177
-0.61621622 	-0.05 	0.273 	53.319306 	-4.1426691 	3.8108031
-0.61501502 	-0.05 	0.273 	53.328261 	-4.137853 	3.8150644
-0.61381381 	-0.05 	0.273 	53.337304 	-4.1331806 	3.8194575
-0.61261261 	-0.05 	0.273 	53.346346 	-4.1285082 	3.8238506
-0.61141141 	-0.05 	0.273 	53.355388 	-4.1238357 	3.8282437
-0.61021021 	-0.05 	0.273 	53.36443 	-4.1191633 	3.8326368
-0.60900901 	-0.05 	0.273 	53.372313 	-4.1156522 	3.8368199
-0.60780781 	-0.05 	0.273 	53.379912 	-4.1124253 	3.8409516
-0.60660661 	-0.05 	0.273 	53.387511 	-4.1091984 	3.8450833
-0.60540541 	-0.05 	0.273 	53.395109 	-4.1059716 	3.849215
-0.6042042 	-0.05 	0.273 	53.402708 	-4.1027447 	3.8533467
-0.603003 	-0.05 	0.273 	53.410271 	-4.098086 	3.8573029
-0.6018018 	-0.05 	0.273 	53.41805 	-4.0928923 	3.8613089
-0.6006006 	-0.05 	0.273 	53.425829 	-4.0876986 	3.8653149
-0.5993994 	-0.05 	0.273 	53.433608 	-4.0825049 	3.8693209
-0.5981982 	-0.05 	0.273 	53.441388 	-4.0773112 	3.8733268
-0.596997 	-0.05 	0.273 	53.449167 	-4.0721175 	3.8773328
-0.5957958 	-0.05 	0.273 	53.456946 	-4.0669238 	3.8813388
-0.59459459 	-0.05 	0.273 	53.464725 	-4.0617301 	3.8853448
-0.59339339 	-0.05 	0.273 	53.472505 	-4.0565364 	3.8893508
-0.59219219 	-0.05 	0.273 	53.480284 	-4.0513427 	3.8933568
-0.59099099 	-0.05 	0.273 	53.488063 	-4.046149 	3.8973628
-0.58978979 	-0.05 	0.273 	53.495842 	-4.0409553 	3.9013688
-0.58858859 	-0.05 	0.273 	53.503622 	-4.0357616 	3.9053748
-0.58738739 	-0.05 	0.273 	53.511401 	-4.0305679 	3.9093807
-0.58618619 	-0.05 	0.273 	53.51918 	-4.0253742 	3.9133867
-0.58498498 	-0.05 	0.273 	53.526904 	-4.0198541 	3.9174687
-0.58378378 	-0.05 	0.273 	53.534452 	-4.0133079 	3.9217897
-0.58258258 	-0.05 	0.273 	53.542 	-4.0067617 	3.9261106
-0.58138138 	-0.05 	0.273 	53.549548 	-4.0002154 	3.9304316
-0.58018018 	-0.05 	0.273 	53.557096 	-3.9936692 	3.9347525
-0.57897898 	-0.05 	0.273 	53.564043 	-3.9878526 	3.9389408
-0.57777778 	-0.05 	0.273 	53.570154 	-3.9830506 	3.9429445
-0.57657658 	-0.05 	0.273 	53.576265 	-3.9782485 	3.9469482
-0.57537538 	-0.05 	0.273 	53.582375 	-3.9734465 	3.950952
-0.57417417 	-0.05 	0.273 	53.588486 	-3.9686444 	3.9549557
-0.57297297 	-0.05 	0.273 	53.594846 	-3.9634986 	3.9588863
-0.57177177 	-0.05 	0.273 	53.601376 	-3.9581192 	3.9627672
-0.57057057 	-0.05 	0.273 	53.607905 	-3.9527397 	3.9666481
-0.56936937 	-0.05 	0.273 	53.614435 	-3.9473602 	3.970529
-0.56816817 	-0.05 	0.273 	53.620965 	-3.9419807 	3.9744099
-0.56696697 	-0.05 	0.273 	53.627494 	-3.9366012 	3.9782908
-0.56576577 	-0.05 	0.273 	53.634024 	-3.9312217 	3.9821717
-0.56456456 	-0.05 	0.273 	53.640554 	-3.9258422 	3.9860526
-0.56336336 	-0.05 	0.273 	53.647083 	-3.9204628 	3.9899335
-0.56216216 	-0.05 	0.273 	53.653613 	-3.9150833 	3.9938144
-0.56096096 	-0.05 	0.273 	53.660143 	-3.9097038 	3.9976952
-0.55975976 	-0.05 	0.273 	53.666672 	-3.9043243 	4.0015761
-0.55855856 	-0.05 	0.273 	53.673202 	-3.8989448 	4.005457
-0.55735736 	-0.05 	0.273 	53.679732 	-3.8935653 	4.0093379
-0.55615616 	-0.05 	0.273 	53.686261 	-3.8881859 	4.0132188
-0.55495495 	-0.05 	0.273 	53.69274 	-3.8828942 	4.0170797
-0.55375375 	-0.05 	0.273 	53.699375 	-3.8772155 	4.0212211
-0.55255255 	-0.05 	0.273 	53.706048 	-3.8714516 	4.0254137
-0.55135135 	-0.05 	0.273 	53.712722 	-3.8656876 	4.0296064
-0.55015015 	-0.05 	0.273 	53.719395 	-3.8599236 	4.033799
-0.54894895 	-0.05 	0.273 	53.726021 	-3.8542263 	4.0379803
-0.54774775 	-0.05 	0.273 	53.731374 	-3.8503331 	4.0418542
-0.54654655 	-0.05 	0.273 	53.736726 	-3.8464399 	4.0457281
-0.54534535 	-0.05 	0.273 	53.742078 	-3.8425467 	4.049602
-0.54414414 	-0.05 	0.273 	53.747431 	-3.8386535 	4.0534759
-0.54294294 	-0.05 	0.273 	53.75279 	-3.8347716 	4.0573131
-0.54174174 	-0.05 	0.273 	53.758164 	-3.830158 	4.061041
-0.54054054 	-0.05 	0.273 	53.763533 	-3.8252082 	4.0647804
-0.53933934 	-0.05 	0.273 	53.768902 	-3.8202584 	4.0685199
-0.53813814 	-0.05 	0.273 	53.774271 	-3.8153086 	4.0722594
-0.53693694 	-0.05 	0.273 	53.77964 	-3.8103589 	4.0759989
-0.53573574 	-0.05 	0.273 	53.785009 	-3.8054091 	4.0797384
-0.53453453 	-0.05 	0.273 	53.790379 	-3.8004593 	4.0834778
-0.53333333 	-0.05 	0.273 	53.795748 	-3.7955096 	4.0872173
-0.53213213 	-0.05 	0.273 	53.801117 	-3.7905598 	4.0909568
-0.53093093 	-0.05 	0.273 	53.806486 	-3.78561 	4.0946963
-0.52972973 	-0.05 	0.273 	53.811855 	-3.7806602 	4.0984357
-0.52852853 	-0.05 	0.273 	53.817225 	-3.7757105 	4.1021752
-0.52732733 	-0.05 	0.273 	53.822594 	-3.7707607 	4.1059147
-0.52612613 	-0.05 	0.273 	53.827963 	-3.7658109 	4.1096542
-0.52492492 	-0.05 	0.273 	53.833332 	-3.7608611 	4.1133937
-0.52372372 	-0.05 	0.273 	53.838643 	-3.7559227 	4.1172751
-0.52252252 	-0.05 	0.273 	53.843888 	-3.750997 	4.1213158
-0.52132132 	-0.05 	0.273 	53.849133 	-3.7460714 	4.1253566
-0.52012012 	-0.05 	0.273 	53.854379 	-3.7411457 	4.1293973
-0.51891892 	-0.05 	0.273 	53.859624 	-3.73622 	4.1334381
-0.51771772 	-0.05 	0.273 	53.864154 	-3.7316113 	4.1372822
-0.51651652 	-0.05 	0.273 	53.868293 	-3.7271755 	4.1410189
-0.51531532 	-0.05 	0.273 	53.872433 	-3.7227397 	4.1447557
-0.51411411 	-0.05 	0.273 	53.876573 	-3.7183039 	4.1484924
-0.51291291 	-0.05 	0.273 	53.880712 	-3.7138682 	4.1522292
-0.51171171 	-0.05 	0.273 	53.884686 	-3.709152 	4.1558453
-0.51051051 	-0.05 	0.273 	53.888625 	-3.7043759 	4.1594357
-0.50930931 	-0.05 	0.273 	53.892563 	-3.6995998 	4.163026
-0.50810811 	-0.05 	0.273 	53.896502 	-3.6948237 	4.1666164
-0.50690691 	-0.05 	0.273 	53.90044 	-3.6900477 	4.1702067
-0.50570571 	-0.05 	0.273 	53.904379 	-3.6852716 	4.1737971
-0.5045045 	-0.05 	0.273 	53.908318 	-3.6804955 	4.1773874
-0.5033033 	-0.05 	0.273 	53.912256 	-3.6757194 	4.1809777
-0.5021021 	-0.05 	0.273 	53.916195 	-3.6709433 	4.1845681
-0.5009009 	-0.05 	0.273 	53.920133 	-3.6661672 	4.1881584
-0.4996997 	-0.05 	0.273 	53.924072 	-3.6613911 	4.1917488
-0.4984985 	-0.05 	0.273 	53.92801 	-3.656615 	4.1953391
-0.4972973 	-0.05 	0.273 	53.931949 	-3.6518389 	4.1989294
-0.4960961 	-0.05 	0.273 	53.935888 	-3.6470628 	4.2025198
-0.49489489 	-0.05 	0.273 	53.939826 	-3.6422867 	4.2061101
-0.49369369 	-0.05 	0.273 	53.943736 	-3.6377037 	4.2097147
-0.49249249 	-0.05 	0.273 	53.947318 	-3.6329711 	4.2136128
-0.49129129 	-0.05 	0.273 	53.950901 	-3.6282384 	4.217511
-0.49009009 	-0.05 	0.273 	53.954483 	-3.6235058 	4.2214092
-0.48888889 	-0.05 	0.273 	53.958066 	-3.6187731 	4.2253074
-0.48768769 	-0.05 	0.273 	53.961429 	-3.613997 	4.2291228
-0.48648649 	-0.05 	0.273 	53.96417 	-3.6090978 	4.2327042
-0.48528529 	-0.05 	0.273 	53.966912 	-3.6041987 	4.2362857
-0.48408408 	-0.05 	0.273 	53.969654 	-3.5992995 	4.2398671
-0.48288288 	-0.05 	0.273 	53.972395 	-3.5944004 	4.2434485
-0.48168168 	-0.05 	0.273 	53.975091 	-3.589654 	4.2469639
-0.48048048 	-0.05 	0.273 	53.977663 	-3.5849158 	4.2504048
-0.47927928 	-0.05 	0.273 	53.980233 	-3.5801741 	4.2538459
-0.47807808 	-0.05 	0.273 	53.982804 	-3.5754323 	4.257287
-0.47687688 	-0.05 	0.273 	53.985374 	-3.5706906 	4.260728
-0.47567568 	-0.05 	0.273 	53.987944 	-3.5659489 	4.2641691
-0.47447447 	-0.05 	0.273 	53.990515 	-3.5612071 	4.2676102
-0.47327327 	-0.05 	0.273 	53.993085 	-3.5564654 	4.2710512
-0.47207207 	-0.05 	0.273 	53.995656 	-3.5517236 	4.2744923
-0.47087087 	-0.05 	0.273 	53.998226 	-3.5469819 	4.2779334
-0.46966967 	-0.05 	0.273 	54.000796 	-3.5422401 	4.2813744
-0.46846847 	-0.05 	0.273 	54.003367 	-3.5374984 	4.2848155
-0.46726727 	-0.05 	0.273 	54.005937 	-3.5327567 	4.2882566
-0.46606607 	-0.05 	0.273 	54.008508 	-3.5280149 	4.2916976
-0.46486486 	-0.05 	0.273 	54.011078 	-3.5232732 	4.2951387
-0.46366366 	-0.05 	0.273 	54.013648 	-3.5185314 	4.2985798
-0.46246246 	-0.05 	0.273 	54.016034 	-3.5140219 	4.3022285
-0.46126126 	-0.05 	0.273 	54.018341 	-3.5096119 	4.3059662
-0.46006006 	-0.05 	0.273 	54.020647 	-3.5052018 	4.3097039
-0.45885886 	-0.05 	0.273 	54.022954 	-3.5007918 	4.3134416
-0.45765766 	-0.05 	0.273 	54.02526 	-3.4963818 	4.3171793
-0.45645646 	-0.05 	0.273 	54.026976 	-3.491618 	4.3206641
-0.45525526 	-0.05 	0.273 	54.028609 	-3.4868048 	4.3241136
-0.45405405 	-0.05 	0.273 	54.030242 	-3.4819915 	4.327563
-0.45285285 	-0.05 	0.273 	54.031874 	-3.4771782 	4.3310125
-0.45165165 	-0.05 	0.273 	54.033494 	-3.4723718 	4.3344532
-0.45045045 	-0.05 	0.273 	54.034879 	-3.4676833 	4.3377426
-0.44924925 	-0.05 	0.273 	54.036264 	-3.4629948 	4.3410321
-0.44804805 	-0.05 	0.273 	54.037649 	-3.4583063 	4.3443215
-0.44684685 	-0.05 	0.273 	54.039034 	-3.4536178 	4.3476109
-0.44564565 	-0.05 	0.273 	54.040419 	-3.4489294 	4.3509003
-0.44444444 	-0.05 	0.273 	54.041804 	-3.4442409 	4.3541897
-0.44324324 	-0.05 	0.273 	54.043189 	-3.4395524 	4.3574791
-0.44204204 	-0.05 	0.273 	54.044575 	-3.4348639 	4.3607685
-0.44084084 	-0.05 	0.273 	54.04596 	-3.4301755 	4.3640579
-0.43963964 	-0.05 	0.273 	54.047345 	-3.425487 	4.3673473
-0.43843844 	-0.05 	0.273 	54.04873 	-3.4207985 	4.3706367
-0.43723724 	-0.05 	0.273 	54.050115 	-3.41611 	4.3739261
-0.43603604 	-0.05 	0.273 	54.0515 	-3.4114216 	4.3772155
-0.43483483 	-0.05 	0.273 	54.052885 	-3.4067331 	4.3805049
-0.43363363 	-0.05 	0.273 	54.05427 	-3.4020446 	4.3837943
-0.43243243 	-0.05 	0.273 	54.055595 	-3.3975096 	4.3871708
-0.43123123 	-0.05 	0.273 	54.056686 	-3.3931331 	4.3907327
-0.43003003 	-0.05 	0.273 	54.057778 	-3.3887566 	4.3942947
-0.42882883 	-0.05 	0.273 	54.058869 	-3.38438 	4.3978566
-0.42762763 	-0.05 	0.273 	54.059961 	-3.3800035 	4.4014185
-0.42642643 	-0.05 	0.273 	54.060793 	-3.3753951 	4.4048532
-0.42522523 	-0.05 	0.273 	54.061363 	-3.3705513 	4.4081585
-0.42402402 	-0.05 	0.273 	54.061933 	-3.3657075 	4.4114639
-0.42282282 	-0.05 	0.273 	54.062504 	-3.3608637 	4.4147692
-0.42162162 	-0.05 	0.273 	54.063074 	-3.3560199 	4.4180745
-0.42042042 	-0.05 	0.273 	54.063449 	-3.3513606 	4.4212609
-0.41921922 	-0.05 	0.273 	54.063681 	-3.3467079 	4.424387
-0.41801802 	-0.05 	0.273 	54.063913 	-3.3420553 	4.4275131
-0.41681682 	-0.05 	0.273 	54.064144 	-3.3374027 	4.4306392
-0.41561562 	-0.05 	0.273 	54.064376 	-3.3327501 	4.4337653
-0.41441441 	-0.05 	0.273 	54.064608 	-3.3280974 	4.4368914
-0.41321321 	-0.05 	0.273 	54.06484 	-3.3234448 	4.4400175
-0.41201201 	-0.05 	0.273 	54.065072 	-3.3187922 	4.4431436
-0.41081081 	-0.05 	0.273 	54.065303 	-3.3141396 	4.4462697
-0.40960961 	-0.05 	0.273 	54.065535 	-3.3094869 	4.4493958
-0.40840841 	-0.05 	0.273 	54.065767 	-3.3048343 	4.4525219
-0.40720721 	-0.05 	0.273 	54.065999 	-3.3001817 	4.455648
-0.40600601 	-0.05 	0.273 	54.066231 	-3.2955291 	4.4587741
-0.4048048 	-0.05 	0.273 	54.066462 	-3.2908764 	4.4619002
-0.4036036 	-0.05 	0.273 	54.066694 	-3.2862238 	4.4650263
-0.4024024 	-0.05 	0.273 	54.066926 	-3.2815712 	4.4681524
-0.4012012 	-0.05 	0.273 	54.066801 	-3.2772788 	4.471487
-0.4 	-0.05 	0.273 	54.066651 	-3.2730118 	4.4748363
-0.3987988 	-0.05 	0.273 	54.066501 	-3.2687448 	4.4781856
-0.3975976 	-0.05 	0.273 	54.066352 	-3.2644779 	4.481535
-0.3963964 	-0.05 	0.273 	54.066164 	-3.2601752 	4.4848639
-0.3951952 	-0.05 	0.273 	54.065671 	-3.2555851 	4.488029
-0.39399399 	-0.05 	0.273 	54.065179 	-3.2509949 	4.4911941
-0.39279279 	-0.05 	0.273 	54.064686 	-3.2464048 	4.4943592
-0.39159159 	-0.05 	0.273 	54.064193 	-3.2418147 	4.4975242
-0.39039039 	-0.05 	0.273 	54.063591 	-3.2371894 	4.5006297
-0.38918919 	-0.05 	0.273 	54.062717 	-3.2324767 	4.5035875
-0.38798799 	-0.05 	0.273 	54.061843 	-3.2277639 	4.5065453
-0.38678679 	-0.05 	0.273 	54.060969 	-3.2230512 	4.509503
-0.38558559 	-0.05 	0.273 	54.060096 	-3.2183385 	4.5124608
-0.38438438 	-0.05 	0.273 	54.059222 	-3.2136258 	4.5154186
-0.38318318 	-0.05 	0.273 	54.058348 	-3.2089131 	4.5183764
-0.38198198 	-0.05 	0.273 	54.057474 	-3.2042004 	4.5213341
-0.38078078 	-0.05 	0.273 	54.0566 	-3.1994877 	4.5242919
-0.37957958 	-0.05 	0.273 	54.055726 	-3.194775 	4.5272497
-0.37837838 	-0.05 	0.273 	54.054852 	-3.1900623 	4.5302075
-0.37717718 	-0.05 	0.273 	54.053978 	-3.1853496 	4.5331652
-0.37597598 	-0.05 	0.273 	54.053104 	-3.1806369 	4.536123
-0.37477477 	-0.05 	0.273 	54.052231 	-3.1759242 	4.5390808
-0.37357357 	-0.05 	0.273 	54.051357 	-3.1712115 	4.5420386
-0.37237237 	-0.05 	0.273 	54.050483 	-3.1664988 	4.5449963
-0.37117117 	-0.05 	0.273 	54.049427 	-3.1618652 	4.5480678
-0.36996997 	-0.05 	0.273 	54.048151 	-3.1572099 	4.5512279
-0.36876877 	-0.05 	0.273 	54.046876 	-3.1525546 	4.5543879
-0.36756757 	-0.05 	0.273 	54.045601 	-3.1478993 	4.557548
-0.36636637 	-0.05 	0.273 	54.044325 	-3.1432439 	4.560708
-0.36516517 	-0.05 	0.273 	54.042943 	-3.1384319 	4.5637527
-0.36396396 	-0.05 	0.273 	54.041519 	-3.1335604 	4.5667537
-0.36276276 	-0.05 	0.273 	54.040096 	-3.1286889 	4.5697547
-0.36156156 	-0.05 	0.273 	54.038673 	-3.1238174 	4.5727557
-0.36036036 	-0.05 	0.273 	54.03725 	-3.1189459 	4.5757568
-0.35915916 	-0.05 	0.273 	54.03547 	-3.1144276 	4.5785624
-0.35795796 	-0.05 	0.273 	54.033601 	-3.1098744 	4.5813424
-0.35675676 	-0.05 	0.273 	54.031732 	-3.1053212 	4.5841223
-0.35555556 	-0.05 	0.273 	54.029862 	-3.100768 	4.5869023
-0.35435435 	-0.05 	0.273 	54.027993 	-3.0962148 	4.5896822
-0.35315315 	-0.05 	0.273 	54.026124 	-3.0916616 	4.5924621
-0.35195195 	-0.05 	0.273 	54.024255 	-3.0871084 	4.5952421
-0.35075075 	-0.05 	0.273 	54.022386 	-3.0825552 	4.598022
-0.34954955 	-0.05 	0.273 	54.020517 	-3.078002 	4.600802
-0.34834835 	-0.05 	0.273 	54.018647 	-3.0734488 	4.6035819
-0.34714715 	-0.05 	0.273 	54.016778 	-3.0688956 	4.6063619
-0.34594595 	-0.05 	0.273 	54.014909 	-3.0643424 	4.6091418
-0.34474474 	-0.05 	0.273 	54.01304 	-3.0597891 	4.6119218
-0.34354354 	-0.05 	0.273 	54.011171 	-3.0552359 	4.6147017
-0.34234234 	-0.05 	0.273 	54.009302 	-3.0506827 	4.6174817
-0.34114114 	-0.05 	0.273 	54.007361 	-3.0462389 	4.6202936
-0.33993994 	-0.05 	0.273 	54.005063 	-3.0423455 	4.6232665
-0.33873874 	-0.05 	0.273 	54.002765 	-3.0384521 	4.6262393
-0.33753754 	-0.05 	0.273 	54.000467 	-3.0345587 	4.6292122
-0.33633634 	-0.05 	0.273 	53.998168 	-3.0306653 	4.632185
-0.33513514 	-0.05 	0.273 	53.995886 	-3.0266063 	4.6350999
-0.33393393 	-0.05 	0.273 	53.993632 	-3.0222304 	4.637904
-0.33273273 	-0.05 	0.273 	53.991379 	-3.0178546 	4.6407081
-0.33153153 	-0.05 	0.273 	53.989126 	-3.0134788 	4.6435122
-0.33033033 	-0.05 	0.273 	53.986873 	-3.009103 	4.6463163
-0.32912913 	-0.05 	0.273 	53.984318 	-3.0047598 	4.6490075
-0.32792793 	-0.05 	0.273 	53.981485 	-3.0004467 	4.6515946
-0.32672673 	-0.05 	0.273 	53.978652 	-2.9961336 	4.6541817
-0.32552553 	-0.05 	0.273 	53.97582 	-2.9918205 	4.6567688
-0.32432432 	-0.05 	0.273 	53.972987 	-2.9875074 	4.6593559
-0.32312312 	-0.05 	0.273 	53.970154 	-2.9831943 	4.661943
-0.32192192 	-0.05 	0.273 	53.967322 	-2.9788811 	4.6645301
-0.32072072 	-0.05 	0.273 	53.964489 	-2.974568 	4.6671172
-0.31951952 	-0.05 	0.273 	53.961656 	-2.9702549 	4.6697043
-0.31831832 	-0.05 	0.273 	53.958824 	-2.9659418 	4.6722914
-0.31711712 	-0.05 	0.273 	53.955991 	-2.9616287 	4.6748784
-0.31591592 	-0.05 	0.273 	53.953158 	-2.9573156 	4.6774655
-0.31471471 	-0.05 	0.273 	53.950326 	-2.9530025 	4.6800526
-0.31351351 	-0.05 	0.273 	53.947493 	-2.9486894 	4.6826397
-0.31231231 	-0.05 	0.273 	53.94466 	-2.9443762 	4.6852268
-0.31111111 	-0.05 	0.273 	53.941828 	-2.9400631 	4.6878139
-0.30990991 	-0.05 	0.273 	53.938593 	-2.9357988 	4.6905225
-0.30870871 	-0.05 	0.273 	53.935238 	-2.9315473 	4.6932637
-0.30750751 	-0.05 	0.273 	53.931883 	-2.9272957 	4.6960048
-0.30630631 	-0.05 	0.273 	53.928529 	-2.9230442 	4.698746
-0.30510511 	-0.05 	0.273 	53.925174 	-2.9187926 	4.7014872
-0.3039039 	-0.05 	0.273 	53.921932 	-2.9143324 	4.7041142
-0.3027027 	-0.05 	0.273 	53.918695 	-2.909864 	4.7067366
-0.3015015 	-0.05 	0.273 	53.915458 	-2.9053956 	4.7093591
-0.3003003 	-0.05 	0.273 	53.91222 	-2.9009272 	4.7119816
-0.2990991 	-0.05 	0.273 	53.908869 	-2.8965145 	4.7145717
-0.2978979 	-0.05 	0.273 	53.904807 	-2.8924421 	4.716961
-0.2966967 	-0.05 	0.273 	53.900745 	-2.8883696 	4.7193504
-0.2954955 	-0.05 	0.273 	53.896684 	-2.8842972 	4.7217398
-0.29429429 	-0.05 	0.273 	53.892622 	-2.8802247 	4.7241291
-0.29309309 	-0.05 	0.273 	53.88856 	-2.8761523 	4.7265185
-0.29189189 	-0.05 	0.273 	53.884499 	-2.8720798 	4.7289078
-0.29069069 	-0.05 	0.273 	53.880437 	-2.8680074 	4.7312972
-0.28948949 	-0.05 	0.273 	53.876375 	-2.8639349 	4.7336866
-0.28828829 	-0.05 	0.273 	53.872313 	-2.8598625 	4.7360759
-0.28708709 	-0.05 	0.273 	53.868252 	-2.85579 	4.7384653
-0.28588589 	-0.05 	0.273 	53.86419 	-2.8517176 	4.7408547
-0.28468468 	-0.05 	0.273 	53.860128 	-2.8476451 	4.743244
-0.28348348 	-0.05 	0.273 	53.856066 	-2.8435727 	4.7456334
-0.28228228 	-0.05 	0.273 	53.852005 	-2.8395002 	4.7480227
-0.28108108 	-0.05 	0.273 	53.847943 	-2.8354277 	4.7504121
-0.27987988 	-0.05 	0.273 	53.843549 	-2.8316296 	4.7528593
-0.27867868 	-0.05 	0.273 	53.838657 	-2.8282428 	4.7553931
-0.27747748 	-0.05 	0.273 	53.833765 	-2.824856 	4.7579269
-0.27627628 	-0.05 	0.273 	53.828873 	-2.8214692 	4.7604608
-0.27507508 	-0.05 	0.273 	53.82398 	-2.8180824 	4.7629946
-0.27387387 	-0.05 	0.273 	53.81918 	-2.8147172 	4.7654645
-0.27267267 	-0.05 	0.273 	53.814448 	-2.8113678 	4.7678873
-0.27147147 	-0.05 	0.273 	53.809716 	-2.8080184 	4.7703101
-0.27027027 	-0.05 	0.273 	53.804984 	-2.8046691 	4.7727329
-0.26906907 	-0.05 	0.273 	53.800252 	-2.8013198 	4.7751557
-0.26786787 	-0.05 	0.273 	53.79484 	-2.7973863 	4.7773803
-0.26666667 	-0.05 	0.273 	53.789208 	-2.7932637 	4.7795399
-0.26546547 	-0.05 	0.273 	53.783577 	-2.7891411 	4.7816995
-0.26426426 	-0.05 	0.273 	53.777945 	-2.7850186 	4.783859
-0.26306306 	-0.05 	0.273 	53.772314 	-2.780896 	4.7860186
-0.26186186 	-0.05 	0.273 	53.766682 	-2.7767734 	4.7881782
-0.26066066 	-0.05 	0.273 	53.761051 	-2.7726509 	4.7903378
-0.25945946 	-0.05 	0.273 	53.755419 	-2.7685283 	4.7924974
-0.25825826 	-0.05 	0.273 	53.749788 	-2.7644057 	4.794657
-0.25705706 	-0.05 	0.273 	53.744156 	-2.7602831 	4.7968166
-0.25585586 	-0.05 	0.273 	53.738525 	-2.7561606 	4.7989762
-0.25465465 	-0.05 	0.273 	53.732893 	-2.752038 	4.8011357
-0.25345345 	-0.05 	0.273 	53.727262 	-2.7479154 	4.8032953
-0.25225225 	-0.05 	0.273 	53.72163 	-2.7437928 	4.8054549
-0.25105105 	-0.05 	0.273 	53.715998 	-2.7396703 	4.8076145
-0.24984985 	-0.05 	0.273 	53.710367 	-2.7355477 	4.8097741
-0.24864865 	-0.05 	0.273 	53.703705 	-2.731415 	4.8120192
-0.24744745 	-0.05 	0.273 	53.697033 	-2.7272822 	4.8142651
-0.24624625 	-0.05 	0.273 	53.690361 	-2.7231493 	4.816511
-0.24504505 	-0.05 	0.273 	53.683689 	-2.7190165 	4.818757
-0.24384384 	-0.05 	0.273 	53.677083 	-2.7147655 	4.8209796
-0.24264264 	-0.05 	0.273 	53.670752 	-2.7100218 	4.8231048
-0.24144144 	-0.05 	0.273 	53.664422 	-2.705278 	4.8252301
-0.24024024 	-0.05 	0.273 	53.658091 	-2.7005343 	4.8273554
-0.23903904 	-0.05 	0.273 	53.65176 	-2.6957906 	4.8294807
-0.23783784 	-0.05 	0.273 	53.645102 	-2.6911546 	4.831519
-0.23663664 	-0.05 	0.273 	53.638031 	-2.6866683 	4.8334039
-0.23543544 	-0.05 	0.273 	53.630961 	-2.682182 	4.8352887
-0.23423423 	-0.05 	0.273 	53.623891 	-2.6776956 	4.8371735
-0.23303303 	-0.05 	0.273 	53.61682 	-2.6732093 	4.8390583
-0.23183183 	-0.05 	0.273 	53.60975 	-2.668723 	4.8409431
-0.23063063 	-0.05 	0.273 	53.60268 	-2.6642366 	4.842828
-0.22942943 	-0.05 	0.273 	53.595609 	-2.6597503 	4.8447128
-0.22822823 	-0.05 	0.273 	53.588539 	-2.655264 	4.8465976
-0.22702703 	-0.05 	0.273 	53.581469 	-2.6507777 	4.8484824
-0.22582583 	-0.05 	0.273 	53.574398 	-2.6462913 	4.8503673
-0.22462462 	-0.05 	0.273 	53.567328 	-2.641805 	4.8522521
-0.22342342 	-0.05 	0.273 	53.560258 	-2.6373187 	4.8541369
-0.22222222 	-0.05 	0.273 	53.553187 	-2.6328323 	4.8560217
-0.22102102 	-0.05 	0.273 	53.546117 	-2.628346 	4.8579065
-0.21981982 	-0.05 	0.273 	53.539047 	-2.6238597 	4.8597914
-0.21861862 	-0.05 	0.273 	53.531504 	-2.6198841 	4.8617153
-0.21741742 	-0.05 	0.273 	53.523532 	-2.6163734 	4.8636747
-0.21621622 	-0.05 	0.273 	53.51556 	-2.6128627 	4.8656342
-0.21501502 	-0.05 	0.273 	53.507588 	-2.609352 	4.8675937
-0.21381381 	-0.05 	0.273 	53.499616 	-2.6058413 	4.8695531
-0.21261261 	-0.05 	0.273 	53.491969 	-2.6020017 	4.8714347
-0.21141141 	-0.05 	0.273 	53.484398 	-2.5980849 	4.8732979
-0.21021021 	-0.05 	0.273 	53.476827 	-2.5941682 	4.8751612
-0.20900901 	-0.05 	0.273 	53.469256 	-2.5902514 	4.8770245
-0.20780781 	-0.05 	0.273 	53.461536 	-2.58627 	4.8788861
-0.20660661 	-0.05 	0.273 	53.453207 	-2.5818798 	4.880489
-0.20540541 	-0.05 	0.273 	53.444881 	-2.5774895 	4.8820886
-0.2042042 	-0.05 	0.273 	53.436556 	-2.5730992 	4.8836882
-0.203003 	-0.05 	0.273 	53.428231 	-2.5687089 	4.8852877
-0.2018018 	-0.05 	0.273 	53.419906 	-2.5643186 	4.8868873
-0.2006006 	-0.05 	0.273 	53.411581 	-2.5599282 	4.8884868
-0.1993994 	-0.05 	0.273 	53.403256 	-2.5555379 	4.8900864
-0.1981982 	-0.05 	0.273 	53.39493 	-2.5511476 	4.8916859
-0.196997 	-0.05 	0.273 	53.386605 	-2.5467573 	4.8932855
-0.1957958 	-0.05 	0.273 	53.37828 	-2.542367 	4.8948851
-0.19459459 	-0.05 	0.273 	53.369955 	-2.5379767 	4.8964846
-0.19339339 	-0.05 	0.273 	53.36163 	-2.5335864 	4.8980842
-0.19219219 	-0.05 	0.273 	53.353305 	-2.5291961 	4.8996837
-0.19099099 	-0.05 	0.273 	53.34498 	-2.5248058 	4.9012833
-0.18978979 	-0.05 	0.273 	53.336654 	-2.5204155 	4.9028829
-0.18858859 	-0.05 	0.273 	53.328311 	-2.5160317 	4.904483
-0.18738739 	-0.05 	0.273 	53.319044 	-2.5119867 	4.9061154
-0.18618619 	-0.05 	0.273 	53.309776 	-2.5079416 	4.9077477
-0.18498498 	-0.05 	0.273 	53.300508 	-2.5038965 	4.9093801
-0.18378378 	-0.05 	0.273 	53.29124 	-2.4998514 	4.9110124
-0.18258258 	-0.05 	0.273 	53.282107 	-2.4961122 	4.9126149
-0.18138138 	-0.05 	0.273 	53.273155 	-2.4927843 	4.914177
-0.18018018 	-0.05 	0.273 	53.264203 	-2.4894564 	4.9157391
-0.17897898 	-0.05 	0.273 	53.255251 	-2.4861286 	4.9173012
-0.17777778 	-0.05 	0.273 	53.246299 	-2.4828007 	4.9188634
-0.17657658 	-0.05 	0.273 	53.236534 	-2.4789508 	4.9202598
-0.17537538 	-0.05 	0.273 	53.226739 	-2.4750026 	4.9215637
-0.17417417 	-0.05 	0.273 	53.216945 	-2.4710545 	4.9228676
-0.17297297 	-0.05 	0.273 	53.20715 	-2.4671064 	4.9241716
-0.17177177 	-0.05 	0.273 	53.197356 	-2.4631582 	4.9254755
-0.17057057 	-0.05 	0.273 	53.187562 	-2.4592101 	4.9267795
-0.16936937 	-0.05 	0.273 	53.177767 	-2.4552619 	4.9280834
-0.16816817 	-0.05 	0.273 	53.167973 	-2.4513138 	4.9293874
-0.16696697 	-0.05 	0.273 	53.158178 	-2.4473657 	4.9306913
-0.16576577 	-0.05 	0.273 	53.148384 	-2.4434175 	4.9319953
-0.16456456 	-0.05 	0.273 	53.13859 	-2.4394694 	4.9332992
-0.16336336 	-0.05 	0.273 	53.128795 	-2.4355212 	4.9346031
-0.16216216 	-0.05 	0.273 	53.119001 	-2.4315731 	4.9359071
-0.16096096 	-0.05 	0.273 	53.109206 	-2.427625 	4.937211
-0.15975976 	-0.05 	0.273 	53.099412 	-2.4236768 	4.938515
-0.15855856 	-0.05 	0.273 	53.089617 	-2.4197287 	4.9398189
-0.15735736 	-0.05 	0.273 	53.079205 	-2.415763 	4.9411238
-0.15615616 	-0.05 	0.273 	53.068402 	-2.4117863 	4.9424292
-0.15495495 	-0.05 	0.273 	53.057599 	-2.4078096 	4.9437346
-0.15375375 	-0.05 	0.273 	53.046796 	-2.4038329 	4.94504
-0.15255255 	-0.05 	0.273 	53.036001 	-2.3999274 	4.9463412
-0.15135135 	-0.05 	0.273 	53.025383 	-2.3976642 	4.9475455
-0.15015015 	-0.05 	0.273 	53.014765 	-2.3954011 	4.9487499
-0.14894895 	-0.05 	0.273 	53.004146 	-2.393138 	4.9499542
-0.14774775 	-0.05 	0.273 	52.993528 	-2.3908748 	4.9511586
-0.14654655 	-0.05 	0.273 	52.982266 	-2.3882906 	4.952305
-0.14534535 	-0.05 	0.273 	52.970521 	-2.3853145 	4.9532892
-0.14414414 	-0.05 	0.273 	52.958776 	-2.3823383 	4.9542733
-0.14294294 	-0.05 	0.273 	52.94703 	-2.3793621 	4.9552574
-0.14174174 	-0.05 	0.273 	52.935285 	-2.3763859 	4.9562416
-0.14054054 	-0.05 	0.273 	52.92354 	-2.3734097 	4.9572257
-0.13933934 	-0.05 	0.273 	52.911795 	-2.3704335 	4.9582098
-0.13813814 	-0.05 	0.273 	52.900049 	-2.3674574 	4.959194
-0.13693694 	-0.05 	0.273 	52.888304 	-2.3644812 	4.9601781
-0.13573574 	-0.05 	0.273 	52.876559 	-2.361505 	4.9611623
-0.13453453 	-0.05 	0.273 	52.864813 	-2.3585288 	4.9621464
-0.13333333 	-0.05 	0.273 	52.853068 	-2.3555526 	4.9631305
-0.13213213 	-0.05 	0.273 	52.841323 	-2.3525764 	4.9641147
-0.13093093 	-0.05 	0.273 	52.829577 	-2.3496003 	4.9650988
-0.12972973 	-0.05 	0.273 	52.817832 	-2.3466241 	4.9660829
-0.12852853 	-0.05 	0.273 	52.806087 	-2.3436479 	4.9670671
-0.12732733 	-0.05 	0.273 	52.794119 	-2.3406336 	4.9680458
-0.12612613 	-0.05 	0.273 	52.781173 	-2.3374518 	4.969001
-0.12492492 	-0.05 	0.273 	52.768227 	-2.3342701 	4.9699562
-0.12372372 	-0.05 	0.273 	52.755281 	-2.3310884 	4.9709114
-0.12252252 	-0.05 	0.273 	52.742335 	-2.3279067 	4.9718666
-0.12132132 	-0.05 	0.273 	52.729421 	-2.3260791 	4.9727479
-0.12012012 	-0.05 	0.273 	52.716524 	-2.3249632 	4.9735903
-0.11891892 	-0.05 	0.273 	52.703628 	-2.3238474 	4.9744328
-0.11771772 	-0.05 	0.273 	52.690731 	-2.3227315 	4.9752752
-0.11651652 	-0.05 	0.273 	52.677573 	-2.3215625 	4.976105
-0.11531532 	-0.05 	0.273 	52.663375 	-2.3199955 	4.9767498
-0.11411411 	-0.05 	0.273 	52.649254 	-2.3184068 	4.977371
-0.11291291 	-0.05 	0.273 	52.635133 	-2.316818 	4.9779923
-0.11171171 	-0.05 	0.273 	52.621012 	-2.3152293 	4.9786136
-0.11051051 	-0.05 	0.273 	52.606891 	-2.3136406 	4.9792348
-0.10930931 	-0.05 	0.273 	52.59277 	-2.3120518 	4.9798561
-0.10810811 	-0.05 	0.273 	52.578649 	-2.3104631 	4.9804774
-0.10690691 	-0.05 	0.273 	52.564528 	-2.3088744 	4.9810986
-0.10570571 	-0.05 	0.273 	52.550407 	-2.3072856 	4.9817199
-0.1045045 	-0.05 	0.273 	52.536286 	-2.3056969 	4.9823412
-0.1033033 	-0.05 	0.273 	52.522165 	-2.3041082 	4.9829624
-0.1021021 	-0.05 	0.273 	52.508044 	-2.3025194 	4.9835837
-0.1009009 	-0.05 	0.273 	52.493923 	-2.3009307 	4.984205
-0.0996997 	-0.05 	0.273 	52.479802 	-2.299342 	4.9848262
-0.098498498 	-0.05 	0.273 	52.465682 	-2.2977532 	4.9854475
-0.097297297 	-0.05 	0.273 	52.451561 	-2.2961645 	4.9860688
-0.096096096 	-0.05 	0.273 	52.43667 	-2.2944673 	4.9866577
-0.094894895 	-0.05 	0.273 	52.421433 	-2.2927212 	4.9872321
-0.093693694 	-0.05 	0.273 	52.406196 	-2.2909751 	4.9878065
-0.092492492 	-0.05 	0.273 	52.390958 	-2.289229 	4.9883809
-0.091291291 	-0.05 	0.273 	52.375712 	-2.2879384 	4.988909
-0.09009009 	-0.05 	0.273 	52.36044 	-2.2878989 	4.9893099
-0.088888889 	-0.05 	0.273 	52.345169 	-2.2878593 	4.9897108
-0.087687688 	-0.05 	0.273 	52.329898 	-2.2878198 	4.9901118
-0.086486486 	-0.05 	0.273 	52.314626 	-2.2877802 	4.9905127
-0.085285285 	-0.05 	0.273 	52.297728 	-2.2886769 	4.9907711
-0.084084084 	-0.05 	0.273 	52.280918 	-2.289563 	4.9909671
-0.082882883 	-0.05 	0.273 	52.264107 	-2.2904491 	4.9911631
-0.081681682 	-0.05 	0.273 	52.247296 	-2.2913352 	4.9913591
-0.08048048 	-0.05 	0.273 	52.230486 	-2.2922213 	4.9915551
-0.079279279 	-0.05 	0.273 	52.213675 	-2.2931075 	4.9917512
-0.078078078 	-0.05 	0.273 	52.196865 	-2.2939936 	4.9919472
-0.076876877 	-0.05 	0.273 	52.180054 	-2.2948797 	4.9921432
-0.075675676 	-0.05 	0.273 	52.163244 	-2.2957658 	4.9923392
-0.074474474 	-0.05 	0.273 	52.146433 	-2.2966519 	4.9925352
-0.073273273 	-0.05 	0.273 	52.129623 	-2.2975381 	4.9927312
-0.072072072 	-0.05 	0.273 	52.112812 	-2.2984242 	4.9929272
-0.070870871 	-0.05 	0.273 	52.096002 	-2.2993103 	4.9931232
-0.06966967 	-0.05 	0.273 	52.079191 	-2.3001964 	4.9933193
-0.068468468 	-0.05 	0.273 	52.062381 	-2.3010826 	4.9935153
-0.067267267 	-0.05 	0.273 	52.04557 	-2.3019687 	4.9937113
-0.066066066 	-0.05 	0.273 	52.02866 	-2.3030112 	4.9938988
-0.064864865 	-0.05 	0.273 	52.011101 	-2.3050795 	4.9940306
-0.063663664 	-0.05 	0.273 	51.993542 	-2.3071477 	4.9941625
-0.062462462 	-0.05 	0.273 	51.975983 	-2.3092159 	4.9942943
-0.061261261 	-0.05 	0.273 	51.958423 	-2.3112842 	4.9944261
-0.06006006 	-0.05 	0.273 	51.941508 	-2.3139474 	4.9943528
-0.058858859 	-0.05 	0.273 	51.924682 	-2.3166928 	4.9942512
-0.057657658 	-0.05 	0.273 	51.907856 	-2.3194381 	4.9941496
-0.056456456 	-0.05 	0.273 	51.89103 	-2.3221834 	4.994048
-0.055255255 	-0.05 	0.273 	51.873471 	-2.3258075 	4.9938916
-0.054054054 	-0.05 	0.273 	51.855823 	-2.329803 	4.9936586
-0.052852853 	-0.05 	0.273 	51.838174 	-2.3337984 	4.9934256
-0.051651652 	-0.05 	0.273 	51.820526 	-2.3377939 	4.9931926
-0.05045045 	-0.05 	0.273 	51.802878 	-2.3417893 	4.9929595
-0.049249249 	-0.05 	0.273 	51.785229 	-2.3457848 	4.9927265
-0.048048048 	-0.05 	0.273 	51.767581 	-2.3497802 	4.9924935
-0.046846847 	-0.05 	0.273 	51.749932 	-2.3537757 	4.9922605
-0.045645646 	-0.05 	0.273 	51.732284 	-2.3577712 	4.9920275
-0.044444444 	-0.05 	0.273 	51.714636 	-2.3617666 	4.9917945
-0.043243243 	-0.05 	0.273 	51.696987 	-2.3657621 	4.9915614
-0.042042042 	-0.05 	0.273 	51.679339 	-2.3697575 	4.9913284
-0.040840841 	-0.05 	0.273 	51.66169 	-2.373753 	4.9910954
-0.03963964 	-0.05 	0.273 	51.644042 	-2.3777484 	4.9908624
-0.038438438 	-0.05 	0.273 	51.626393 	-2.3817439 	4.9906294
-0.037237237 	-0.05 	0.273 	51.608745 	-2.3857393 	4.9903964
-0.036036036 	-0.05 	0.273 	51.590979 	-2.3900119 	4.9901583
-0.034834835 	-0.05 	0.273 	51.571772 	-2.3976897 	4.9898579
-0.033633634 	-0.05 	0.273 	51.552565 	-2.4053676 	4.9895574
-0.032432432 	-0.05 	0.273 	51.533357 	-2.4130454 	4.989257
-0.031231231 	-0.05 	0.273 	51.51415 	-2.4207233 	4.9889566
-0.03003003 	-0.05 	0.273 	51.494054 	-2.4308693 	4.9884939
-0.028828829 	-0.05 	0.273 	51.472666 	-2.444534 	4.9877923
-0.027627628 	-0.05 	0.273 	51.451279 	-2.4581986 	4.9870908
-0.026426426 	-0.05 	0.273 	51.429891 	-2.4718632 	4.9863893
-0.025225225 	-0.05 	0.273 	51.408503 	-2.4855279 	4.9856877
-0.024024024 	-0.05 	0.273 	51.389588 	-2.4995445 	4.98503
-0.022822823 	-0.05 	0.273 	51.372554 	-2.5138288 	4.9844055
-0.021621622 	-0.05 	0.273 	51.35552 	-2.5281131 	4.9837809
-0.02042042 	-0.05 	0.273 	51.334438 	-2.539826 	4.983171
-0.019219219 	-0.05 	0.273 	51.313229 	-2.551458 	4.9825614
-0.018018018 	-0.05 	0.273 	51.29202 	-2.56309 	4.9819519
-0.016816817 	-0.05 	0.273 	51.27081 	-2.574722 	4.9813424
-0.015615616 	-0.05 	0.273 	51.249601 	-2.5863539 	4.9807329
-0.014414414 	-0.05 	0.273 	51.228392 	-2.5979859 	4.9801234
-0.013213213 	-0.05 	0.273 	51.207183 	-2.6096179 	4.9795138
-0.012012012 	-0.05 	0.273 	51.185973 	-2.6212499 	4.9789043
-0.010810811 	-0.05 	0.273 	51.165743 	-2.6406122 	4.9781019
-0.0096096096 	-0.05 	0.273 	51.145607 	-2.6607264 	4.9772807
-0.0084084084 	-0.05 	0.273 	51.125472 	-2.6808407 	4.9764595
-0.0072072072 	-0.05 	0.273 	51.105336 	-2.7009549 	4.9756383
-0.006006006 	-0.05 	0.273 	51.0852 	-2.7210692 	4.9748171
-0.0048048048 	-0.05 	0.273 	51.067446 	-2.7381221 	4.9741114
-0.0036036036 	-0.05 	0.273 	51.050308 	-2.7543826 	4.9734356
-0.0024024024 	-0.05 	0.273 	51.033169 	-2.7706432 	4.9727598
-0.0012012012 	-0.05 	0.273 	51.016031 	-2.7869038 	4.9720839
-7.9667108e-15 	-0.05 	0.273 	50.998893 	-2.8031643 	4.9714081
