0 	0.25 	0.273 	52.305762 	-5.9127471 	-2.741284
-0.0012012012 	0.25 	0.273 	52.314875 	-5.9262483 	-2.7424584
-0.0024024024 	0.25 	0.273 	52.323988 	-5.9397496 	-2.7436327
-0.0036036036 	0.25 	0.273 	52.333101 	-5.9532508 	-2.744807
-0.0048048048 	0.25 	0.273 	52.342214 	-5.966752 	-2.7459813
-0.006006006 	0.25 	0.273 	52.351328 	-5.9802533 	-2.7471556
-0.0072072072 	0.25 	0.273 	52.360441 	-5.9937545 	-2.7483299
-0.0084084084 	0.25 	0.273 	52.369554 	-6.0072557 	-2.7495043
-0.0096096096 	0.25 	0.273 	52.378667 	-6.020757 	-2.7506786
-0.010810811 	0.25 	0.273 	52.387625 	-6.0340332 	-2.7518048
-0.012012012 	0.25 	0.273 	52.395731 	-6.046072 	-2.7526666
-0.013213213 	0.25 	0.273 	52.403836 	-6.0581108 	-2.7535285
-0.014414414 	0.25 	0.273 	52.411942 	-6.0701497 	-2.7543903
-0.015615616 	0.25 	0.273 	52.420048 	-6.0821885 	-2.7552521
-0.016816817 	0.25 	0.273 	52.428154 	-6.0942273 	-2.756114
-0.018018018 	0.25 	0.273 	52.43626 	-6.1062661 	-2.7569758
-0.019219219 	0.25 	0.273 	52.444365 	-6.118305 	-2.7578376
-0.02042042 	0.25 	0.273 	52.452471 	-6.1303438 	-2.7586995
-0.021621622 	0.25 	0.273 	52.461754 	-6.1435776 	-2.7597601
-0.022822823 	0.25 	0.273 	52.471539 	-6.1573207 	-2.7609055
-0.024024024 	0.25 	0.273 	52.481323 	-6.1710638 	-2.7620509
-0.025225225 	0.25 	0.273 	52.491108 	-6.1848069 	-2.7631963
-0.026426426 	0.25 	0.273 	52.500893 	-6.19855 	-2.7643417
-0.027627628 	0.25 	0.273 	52.510677 	-6.2122931 	-2.7654871
-0.028828829 	0.25 	0.273 	52.520462 	-6.2260362 	-2.7666325
-0.03003003 	0.25 	0.273 	52.530246 	-6.2397793 	-2.7677779
-0.031231231 	0.25 	0.273 	52.540031 	-6.2535223 	-2.7689233
-0.032432432 	0.25 	0.273 	52.549816 	-6.2672654 	-2.7700687
-0.033633634 	0.25 	0.273 	52.5596 	-6.2810085 	-2.7712141
-0.034834835 	0.25 	0.273 	52.569385 	-6.2947516 	-2.7723595
-0.036036036 	0.25 	0.273 	52.579169 	-6.3084947 	-2.7735049
-0.037237237 	0.25 	0.273 	52.588954 	-6.3222378 	-2.7746502
-0.038438438 	0.25 	0.273 	52.598739 	-6.3359809 	-2.7757956
-0.03963964 	0.25 	0.273 	52.608523 	-6.349724 	-2.776941
-0.040840841 	0.25 	0.273 	52.618308 	-6.3634671 	-2.7780864
-0.042042042 	0.25 	0.273 	52.628092 	-6.3772102 	-2.7792318
-0.043243243 	0.25 	0.273 	52.637877 	-6.3909533 	-2.7803772
-0.044444444 	0.25 	0.273 	52.647662 	-6.4046964 	-2.7815226
-0.045645646 	0.25 	0.273 	52.657446 	-6.4184395 	-2.782668
-0.046846847 	0.25 	0.273 	52.667231 	-6.4321826 	-2.7838134
-0.048048048 	0.25 	0.273 	52.677015 	-6.4459257 	-2.7849588
-0.049249249 	0.25 	0.273 	52.685985 	-6.4586154 	-2.7860736
-0.05045045 	0.25 	0.273 	52.694464 	-6.4706725 	-2.7871701
-0.051651652 	0.25 	0.273 	52.702944 	-6.4827296 	-2.7882666
-0.052852853 	0.25 	0.273 	52.711423 	-6.4947867 	-2.7893631
-0.054054054 	0.25 	0.273 	52.719903 	-6.5068438 	-2.7904596
-0.055255255 	0.25 	0.273 	52.728383 	-6.5189008 	-2.7915561
-0.056456456 	0.25 	0.273 	52.736862 	-6.5309579 	-2.7926526
-0.057657658 	0.25 	0.273 	52.745342 	-6.543015 	-2.7937491
-0.058858859 	0.25 	0.273 	52.753821 	-6.5550721 	-2.7948456
-0.06006006 	0.25 	0.273 	52.762301 	-6.5671292 	-2.7959421
-0.061261261 	0.25 	0.273 	52.773689 	-6.5833401 	-2.7966954
-0.062462462 	0.25 	0.273 	52.785187 	-6.5997061 	-2.7974358
-0.063663664 	0.25 	0.273 	52.796684 	-6.6160722 	-2.7981763
-0.064864865 	0.25 	0.273 	52.808181 	-6.6324382 	-2.7989167
-0.066066066 	0.25 	0.273 	52.819678 	-6.6488043 	-2.7996572
-0.067267267 	0.25 	0.273 	52.831175 	-6.6651703 	-2.8003976
-0.068468468 	0.25 	0.273 	52.842673 	-6.6815363 	-2.8011381
-0.06966967 	0.25 	0.273 	52.85417 	-6.6979024 	-2.8018785
-0.070870871 	0.25 	0.273 	52.865667 	-6.7142684 	-2.802619
-0.072072072 	0.25 	0.273 	52.877377 	-6.7295967 	-2.8034073
-0.073273273 	0.25 	0.273 	52.889538 	-6.7427253 	-2.804297
-0.074474474 	0.25 	0.273 	52.901699 	-6.7558539 	-2.8051868
-0.075675676 	0.25 	0.273 	52.913861 	-6.7689825 	-2.8060765
-0.076876877 	0.25 	0.273 	52.926022 	-6.782111 	-2.8069663
-0.078078078 	0.25 	0.273 	52.938183 	-6.7952396 	-2.807856
-0.079279279 	0.25 	0.273 	52.950344 	-6.8083682 	-2.8087457
-0.08048048 	0.25 	0.273 	52.962505 	-6.8214968 	-2.8096355
-0.081681682 	0.25 	0.273 	52.974666 	-6.8346254 	-2.8105252
-0.082882883 	0.25 	0.273 	52.986828 	-6.847754 	-2.811415
-0.084084084 	0.25 	0.273 	52.998989 	-6.8608826 	-2.8123047
-0.085285285 	0.25 	0.273 	53.01115 	-6.8740112 	-2.8131944
-0.086486486 	0.25 	0.273 	53.023311 	-6.8871397 	-2.8140842
-0.087687688 	0.25 	0.273 	53.035472 	-6.9002683 	-2.8149739
-0.088888889 	0.25 	0.273 	53.047633 	-6.9133969 	-2.8158637
-0.09009009 	0.25 	0.273 	53.059795 	-6.9265255 	-2.8167534
-0.091291291 	0.25 	0.273 	53.071956 	-6.9396541 	-2.8176432
-0.092492492 	0.25 	0.273 	53.084117 	-6.9527827 	-2.8185329
-0.093693694 	0.25 	0.273 	53.096278 	-6.9659113 	-2.8194226
-0.094894895 	0.25 	0.273 	53.108439 	-6.9790399 	-2.8203124
-0.096096096 	0.25 	0.273 	53.1206 	-6.9921684 	-2.8212021
-0.097297297 	0.25 	0.273 	53.132762 	-7.005297 	-2.8220919
-0.098498498 	0.25 	0.273 	53.144923 	-7.0184256 	-2.8229816
-0.0996997 	0.25 	0.273 	53.157084 	-7.0315542 	-2.8238713
-0.1009009 	0.25 	0.273 	53.169413 	-7.0434044 	-2.824671
-0.1021021 	0.25 	0.273 	53.181753 	-7.0551808 	-2.8254655
-0.1033033 	0.25 	0.273 	53.194092 	-7.0669572 	-2.8262599
-0.1045045 	0.25 	0.273 	53.206431 	-7.0787336 	-2.8270544
-0.10570571 	0.25 	0.273 	53.218771 	-7.09051 	-2.8278489
-0.10690691 	0.25 	0.273 	53.23111 	-7.1022864 	-2.8286433
-0.10810811 	0.25 	0.273 	53.243449 	-7.1140627 	-2.8294378
-0.10930931 	0.25 	0.273 	53.255789 	-7.1258391 	-2.8302322
-0.11051051 	0.25 	0.273 	53.268787 	-7.1347834 	-2.8311917
-0.11171171 	0.25 	0.273 	53.281899 	-7.1432337 	-2.8321799
-0.11291291 	0.25 	0.273 	53.295012 	-7.1516839 	-2.8331682
-0.11411411 	0.25 	0.273 	53.308125 	-7.1601342 	-2.8341564
-0.11531532 	0.25 	0.273 	53.321238 	-7.1685844 	-2.8351446
-0.11651652 	0.25 	0.273 	53.334351 	-7.1770347 	-2.8361329
-0.11771772 	0.25 	0.273 	53.347463 	-7.1854849 	-2.8371211
-0.11891892 	0.25 	0.273 	53.360576 	-7.1939352 	-2.8381093
-0.12012012 	0.25 	0.273 	53.373689 	-7.2023854 	-2.8390976
-0.12132132 	0.25 	0.273 	53.387323 	-7.211725 	-2.8400359
-0.12252252 	0.25 	0.273 	53.402943 	-7.224453 	-2.8407839
-0.12372372 	0.25 	0.273 	53.418564 	-7.237181 	-2.841532
-0.12492492 	0.25 	0.273 	53.434184 	-7.249909 	-2.8422801
-0.12612613 	0.25 	0.273 	53.449805 	-7.2626371 	-2.8430282
-0.12732733 	0.25 	0.273 	53.465425 	-7.2753651 	-2.8437762
-0.12852853 	0.25 	0.273 	53.481045 	-7.2880931 	-2.8445243
-0.12972973 	0.25 	0.273 	53.496666 	-7.3008212 	-2.8452724
-0.13093093 	0.25 	0.273 	53.512286 	-7.3135492 	-2.8460204
-0.13213213 	0.25 	0.273 	53.527906 	-7.3262772 	-2.8467685
-0.13333333 	0.25 	0.273 	53.543481 	-7.3386026 	-2.8474389
-0.13453453 	0.25 	0.273 	53.55902 	-7.3506252 	-2.8480508
-0.13573574 	0.25 	0.273 	53.57456 	-7.3626479 	-2.8486627
-0.13693694 	0.25 	0.273 	53.590099 	-7.3746705 	-2.8492746
-0.13813814 	0.25 	0.273 	53.605639 	-7.3866932 	-2.8498865
-0.13933934 	0.25 	0.273 	53.621179 	-7.3987158 	-2.8504984
-0.14054054 	0.25 	0.273 	53.636718 	-7.4107384 	-2.8511103
-0.14174174 	0.25 	0.273 	53.652258 	-7.4227611 	-2.8517222
-0.14294294 	0.25 	0.273 	53.667642 	-7.4349263 	-2.8524015
-0.14414414 	0.25 	0.273 	53.682937 	-7.4471733 	-2.8531194
-0.14534535 	0.25 	0.273 	53.698232 	-7.4594202 	-2.8538372
-0.14654655 	0.25 	0.273 	53.713526 	-7.4716672 	-2.8545551
-0.14774775 	0.25 	0.273 	53.728821 	-7.4839141 	-2.855273
-0.14894895 	0.25 	0.273 	53.744116 	-7.496161 	-2.8559909
-0.15015015 	0.25 	0.273 	53.759411 	-7.508408 	-2.8567088
-0.15135135 	0.25 	0.273 	53.774706 	-7.5206549 	-2.8574267
-0.15255255 	0.25 	0.273 	53.790001 	-7.5329019 	-2.8581446
-0.15375375 	0.25 	0.273 	53.805296 	-7.5451488 	-2.8588624
-0.15495495 	0.25 	0.273 	53.820591 	-7.5573957 	-2.8595803
-0.15615616 	0.25 	0.273 	53.835886 	-7.5696427 	-2.8602982
-0.15735736 	0.25 	0.273 	53.85118 	-7.5818896 	-2.8610161
-0.15855856 	0.25 	0.273 	53.866475 	-7.5941366 	-2.861734
-0.15975976 	0.25 	0.273 	53.88177 	-7.6063835 	-2.8624519
-0.16096096 	0.25 	0.273 	53.897065 	-7.6186305 	-2.8631698
-0.16216216 	0.25 	0.273 	53.91236 	-7.6308774 	-2.8638877
-0.16336336 	0.25 	0.273 	53.927655 	-7.6431243 	-2.8646055
-0.16456456 	0.25 	0.273 	53.94295 	-7.6553713 	-2.8653234
-0.16576577 	0.25 	0.273 	53.958245 	-7.6676182 	-2.8660413
-0.16696697 	0.25 	0.273 	53.97354 	-7.6798652 	-2.8667592
-0.16816817 	0.25 	0.273 	53.988834 	-7.6921121 	-2.8674771
-0.16936937 	0.25 	0.273 	54.004129 	-7.7043591 	-2.868195
-0.17057057 	0.25 	0.273 	54.019373 	-7.7164937 	-2.868915
-0.17177177 	0.25 	0.273 	54.034242 	-7.7278052 	-2.869651
-0.17297297 	0.25 	0.273 	54.049111 	-7.7391167 	-2.8703869
-0.17417417 	0.25 	0.273 	54.06398 	-7.7504282 	-2.8711228
-0.17537538 	0.25 	0.273 	54.078849 	-7.7617397 	-2.8718587
-0.17657658 	0.25 	0.273 	54.093718 	-7.7730512 	-2.8725947
-0.17777778 	0.25 	0.273 	54.108587 	-7.7843627 	-2.8733306
-0.17897898 	0.25 	0.273 	54.123456 	-7.7956742 	-2.8740665
-0.18018018 	0.25 	0.273 	54.138325 	-7.8069857 	-2.8748025
-0.18138138 	0.25 	0.273 	54.153194 	-7.8182972 	-2.8755384
-0.18258258 	0.25 	0.273 	54.170051 	-7.83108 	-2.8760735
-0.18378378 	0.25 	0.273 	54.189055 	-7.8454498 	-2.8763921
-0.18498498 	0.25 	0.273 	54.208058 	-7.8598195 	-2.8767106
-0.18618619 	0.25 	0.273 	54.227061 	-7.8741893 	-2.8770291
-0.18738739 	0.25 	0.273 	54.246064 	-7.8885591 	-2.8773476
-0.18858859 	0.25 	0.273 	54.265067 	-7.9029289 	-2.8776662
-0.18978979 	0.25 	0.273 	54.28407 	-7.9172987 	-2.8779847
-0.19099099 	0.25 	0.273 	54.303074 	-7.9316685 	-2.8783032
-0.19219219 	0.25 	0.273 	54.322077 	-7.9460383 	-2.8786218
-0.19339339 	0.25 	0.273 	54.34108 	-7.9604081 	-2.8789403
-0.19459459 	0.25 	0.273 	54.358793 	-7.9724292 	-2.8794002
-0.1957958 	0.25 	0.273 	54.376259 	-7.9840008 	-2.8798872
-0.196997 	0.25 	0.273 	54.393725 	-7.9955725 	-2.8803742
-0.1981982 	0.25 	0.273 	54.411191 	-8.0071441 	-2.8808612
-0.1993994 	0.25 	0.273 	54.428657 	-8.0187157 	-2.8813482
-0.2006006 	0.25 	0.273 	54.446124 	-8.0302873 	-2.8818352
-0.2018018 	0.25 	0.273 	54.46359 	-8.0418589 	-2.8823222
-0.203003 	0.25 	0.273 	54.481056 	-8.0534305 	-2.8828092
-0.2042042 	0.25 	0.273 	54.498522 	-8.0650021 	-2.8832962
-0.20540541 	0.25 	0.273 	54.515988 	-8.0765737 	-2.8837832
-0.20660661 	0.25 	0.273 	54.533454 	-8.0881453 	-2.8842702
-0.20780781 	0.25 	0.273 	54.55092 	-8.0997169 	-2.8847572
-0.20900901 	0.25 	0.273 	54.568386 	-8.1112886 	-2.8852442
-0.21021021 	0.25 	0.273 	54.585853 	-8.1228602 	-2.8857312
-0.21141141 	0.25 	0.273 	54.603319 	-8.1344318 	-2.8862181
-0.21261261 	0.25 	0.273 	54.620785 	-8.1460034 	-2.8867051
-0.21381381 	0.25 	0.273 	54.638251 	-8.157575 	-2.8871921
-0.21501502 	0.25 	0.273 	54.655717 	-8.1691466 	-2.8876791
-0.21621622 	0.25 	0.273 	54.673183 	-8.1807182 	-2.8881661
-0.21741742 	0.25 	0.273 	54.690649 	-8.1922898 	-2.8886531
-0.21861862 	0.25 	0.273 	54.708115 	-8.2038614 	-2.8891401
-0.21981982 	0.25 	0.273 	54.725582 	-8.215433 	-2.8896271
-0.22102102 	0.25 	0.273 	54.743048 	-8.2270046 	-2.8901141
-0.22222222 	0.25 	0.273 	54.760514 	-8.2385763 	-2.8906011
-0.22342342 	0.25 	0.273 	54.778885 	-8.2497105 	-2.8909496
-0.22462462 	0.25 	0.273 	54.797275 	-8.2608356 	-2.8912953
-0.22582583 	0.25 	0.273 	54.815666 	-8.2719607 	-2.8916409
-0.22702703 	0.25 	0.273 	54.834056 	-8.2830858 	-2.8919866
-0.22822823 	0.25 	0.273 	54.852446 	-8.2942109 	-2.8923322
-0.22942943 	0.25 	0.273 	54.870836 	-8.305336 	-2.8926779
-0.23063063 	0.25 	0.273 	54.889226 	-8.3164611 	-2.8930235
-0.23183183 	0.25 	0.273 	54.907068 	-8.3264867 	-2.8934415
-0.23303303 	0.25 	0.273 	54.923998 	-8.3346836 	-2.8939798
-0.23423423 	0.25 	0.273 	54.940929 	-8.3428806 	-2.8945181
-0.23543544 	0.25 	0.273 	54.957859 	-8.3510775 	-2.8950564
-0.23663664 	0.25 	0.273 	54.974789 	-8.3592745 	-2.8955947
-0.23783784 	0.25 	0.273 	54.991719 	-8.3674714 	-2.896133
-0.23903904 	0.25 	0.273 	55.008649 	-8.3756684 	-2.8966713
-0.24024024 	0.25 	0.273 	55.025579 	-8.3838653 	-2.8972095
-0.24144144 	0.25 	0.273 	55.042509 	-8.3920623 	-2.8977478
-0.24264264 	0.25 	0.273 	55.05944 	-8.4002592 	-2.8982861
-0.24384384 	0.25 	0.273 	55.079796 	-8.4103676 	-2.8985446
-0.24504505 	0.25 	0.273 	55.101399 	-8.4211717 	-2.8987013
-0.24624625 	0.25 	0.273 	55.123003 	-8.4319758 	-2.8988579
-0.24744745 	0.25 	0.273 	55.144606 	-8.44278 	-2.8990145
-0.24864865 	0.25 	0.273 	55.16621 	-8.4535841 	-2.8991712
-0.24984985 	0.25 	0.273 	55.187813 	-8.4643883 	-2.8993278
-0.25105105 	0.25 	0.273 	55.209417 	-8.4751924 	-2.8994845
-0.25225225 	0.25 	0.273 	55.23102 	-8.4859965 	-2.8996411
-0.25345345 	0.25 	0.273 	55.252624 	-8.4968007 	-2.8997977
-0.25465465 	0.25 	0.273 	55.27409 	-8.5076491 	-2.8999466
-0.25585586 	0.25 	0.273 	55.294226 	-8.5189283 	-2.9000202
-0.25705706 	0.25 	0.273 	55.314362 	-8.5302075 	-2.9000938
-0.25825826 	0.25 	0.273 	55.334499 	-8.5414867 	-2.9001674
-0.25945946 	0.25 	0.273 	55.354635 	-8.5527659 	-2.9002409
-0.26066066 	0.25 	0.273 	55.374771 	-8.5640451 	-2.9003145
-0.26186186 	0.25 	0.273 	55.394907 	-8.5753243 	-2.9003881
-0.26306306 	0.25 	0.273 	55.415043 	-8.5866034 	-2.9004617
-0.26426426 	0.25 	0.273 	55.434271 	-8.5974968 	-2.9006261
-0.26546547 	0.25 	0.273 	55.453013 	-8.6081843 	-2.900839
-0.26666667 	0.25 	0.273 	55.471755 	-8.6188718 	-2.9010519
-0.26786787 	0.25 	0.273 	55.490497 	-8.6295593 	-2.9012648
-0.26906907 	0.25 	0.273 	55.509239 	-8.6402468 	-2.9014777
-0.27027027 	0.25 	0.273 	55.527981 	-8.6509343 	-2.9016907
-0.27147147 	0.25 	0.273 	55.546723 	-8.6616218 	-2.9019036
-0.27267267 	0.25 	0.273 	55.565465 	-8.6723093 	-2.9021165
-0.27387387 	0.25 	0.273 	55.584207 	-8.6829968 	-2.9023294
-0.27507508 	0.25 	0.273 	55.60295 	-8.6936843 	-2.9025423
-0.27627628 	0.25 	0.273 	55.621692 	-8.7043718 	-2.9027552
-0.27747748 	0.25 	0.273 	55.640434 	-8.7150593 	-2.9029681
-0.27867868 	0.25 	0.273 	55.659176 	-8.7257468 	-2.903181
-0.27987988 	0.25 	0.273 	55.677918 	-8.7364343 	-2.9033939
-0.28108108 	0.25 	0.273 	55.69666 	-8.7471218 	-2.9036068
-0.28228228 	0.25 	0.273 	55.715402 	-8.7578093 	-2.9038198
-0.28348348 	0.25 	0.273 	55.734144 	-8.7684968 	-2.9040327
-0.28468468 	0.25 	0.273 	55.752887 	-8.7791843 	-2.9042456
-0.28588589 	0.25 	0.273 	55.771629 	-8.7898718 	-2.9044585
-0.28708709 	0.25 	0.273 	55.790371 	-8.8005593 	-2.9046714
-0.28828829 	0.25 	0.273 	55.809113 	-8.8112468 	-2.9048843
-0.28948949 	0.25 	0.273 	55.827855 	-8.8219343 	-2.9050972
-0.29069069 	0.25 	0.273 	55.846597 	-8.8326218 	-2.9053101
-0.29189189 	0.25 	0.273 	55.865339 	-8.8433093 	-2.905523
-0.29309309 	0.25 	0.273 	55.88287 	-8.8541395 	-2.9057138
-0.29429429 	0.25 	0.273 	55.899709 	-8.8650514 	-2.905892
-0.2954955 	0.25 	0.273 	55.916548 	-8.8759633 	-2.9060701
-0.2966967 	0.25 	0.273 	55.933387 	-8.8868751 	-2.9062483
-0.2978979 	0.25 	0.273 	55.950226 	-8.897787 	-2.9064264
-0.2990991 	0.25 	0.273 	55.967064 	-8.9086989 	-2.9066046
-0.3003003 	0.25 	0.273 	55.983903 	-8.9196108 	-2.9067827
-0.3015015 	0.25 	0.273 	56.000742 	-8.9305227 	-2.9069609
-0.3027027 	0.25 	0.273 	56.017581 	-8.9414345 	-2.907139
-0.3039039 	0.25 	0.273 	56.03442 	-8.9523464 	-2.9073172
-0.30510511 	0.25 	0.273 	56.057655 	-8.9641466 	-2.9070269
-0.30630631 	0.25 	0.273 	56.080914 	-8.9759503 	-2.9067347
-0.30750751 	0.25 	0.273 	56.104174 	-8.9877539 	-2.9064426
-0.30870871 	0.25 	0.273 	56.127433 	-8.9995575 	-2.9061505
-0.30990991 	0.25 	0.273 	56.150692 	-9.0113611 	-2.9058584
-0.31111111 	0.25 	0.273 	56.173952 	-9.0231647 	-2.9055662
-0.31231231 	0.25 	0.273 	56.197211 	-9.0349683 	-2.9052741
-0.31351351 	0.25 	0.273 	56.220471 	-9.0467719 	-2.904982
-0.31471471 	0.25 	0.273 	56.24373 	-9.0585755 	-2.9046899
-0.31591592 	0.25 	0.273 	56.265807 	-9.0696595 	-2.90444
-0.31711712 	0.25 	0.273 	56.285716 	-9.0794252 	-2.9042676
-0.31831832 	0.25 	0.273 	56.305625 	-9.0891908 	-2.9040952
-0.31951952 	0.25 	0.273 	56.325535 	-9.0989565 	-2.9039228
-0.32072072 	0.25 	0.273 	56.345444 	-9.1087222 	-2.9037504
-0.32192192 	0.25 	0.273 	56.365354 	-9.1184878 	-2.903578
-0.32312312 	0.25 	0.273 	56.385263 	-9.1282535 	-2.9034056
-0.32432432 	0.25 	0.273 	56.405172 	-9.1380191 	-2.9032332
-0.32552553 	0.25 	0.273 	56.425082 	-9.1477848 	-2.9030608
-0.32672673 	0.25 	0.273 	56.444991 	-9.1575505 	-2.9028884
-0.32792793 	0.25 	0.273 	56.4649 	-9.1673161 	-2.902716
-0.32912913 	0.25 	0.273 	56.48481 	-9.1770818 	-2.9025436
-0.33033033 	0.25 	0.273 	56.504719 	-9.1868474 	-2.9023712
-0.33153153 	0.25 	0.273 	56.524629 	-9.1966131 	-2.9021988
-0.33273273 	0.25 	0.273 	56.544538 	-9.2063788 	-2.9020264
-0.33393393 	0.25 	0.273 	56.564447 	-9.2161444 	-2.901854
-0.33513514 	0.25 	0.273 	56.584357 	-9.2259101 	-2.9016816
-0.33633634 	0.25 	0.273 	56.604266 	-9.2356757 	-2.9015092
-0.33753754 	0.25 	0.273 	56.624176 	-9.2454414 	-2.9013368
-0.33873874 	0.25 	0.273 	56.644085 	-9.2552071 	-2.9011644
-0.33993994 	0.25 	0.273 	56.663994 	-9.2649727 	-2.900992
-0.34114114 	0.25 	0.273 	56.683904 	-9.2747384 	-2.9008197
-0.34234234 	0.25 	0.273 	56.703813 	-9.284504 	-2.9006473
-0.34354354 	0.25 	0.273 	56.723723 	-9.2942697 	-2.9004749
-0.34474474 	0.25 	0.273 	56.743632 	-9.3040354 	-2.9003025
-0.34594595 	0.25 	0.273 	56.765849 	-9.3148276 	-2.8999241
-0.34714715 	0.25 	0.273 	56.788148 	-9.3256565 	-2.8995384
-0.34834835 	0.25 	0.273 	56.810447 	-9.3364853 	-2.8991527
-0.34954955 	0.25 	0.273 	56.832746 	-9.3473141 	-2.898767
-0.35075075 	0.25 	0.273 	56.855045 	-9.358143 	-2.8983812
-0.35195195 	0.25 	0.273 	56.877344 	-9.3689718 	-2.8979955
-0.35315315 	0.25 	0.273 	56.899643 	-9.3798006 	-2.8976098
-0.35435435 	0.25 	0.273 	56.918759 	-9.3886514 	-2.8972817
-0.35555556 	0.25 	0.273 	56.937467 	-9.3972488 	-2.8969609
-0.35675676 	0.25 	0.273 	56.956175 	-9.4058462 	-2.8966401
-0.35795796 	0.25 	0.273 	56.974883 	-9.4144436 	-2.8963193
-0.35915916 	0.25 	0.273 	56.993591 	-9.4230411 	-2.8959985
-0.36036036 	0.25 	0.273 	57.012299 	-9.4316385 	-2.8956777
-0.36156156 	0.25 	0.273 	57.031007 	-9.4402359 	-2.8953569
-0.36276276 	0.25 	0.273 	57.049715 	-9.4488333 	-2.8950361
-0.36396396 	0.25 	0.273 	57.068423 	-9.4574307 	-2.8947153
-0.36516517 	0.25 	0.273 	57.088872 	-9.465772 	-2.894293
-0.36636637 	0.25 	0.273 	57.114721 	-9.4733193 	-2.8935557
-0.36756757 	0.25 	0.273 	57.14057 	-9.4808667 	-2.8928184
-0.36876877 	0.25 	0.273 	57.16642 	-9.488414 	-2.8920812
-0.36996997 	0.25 	0.273 	57.192269 	-9.4959613 	-2.8913439
-0.37117117 	0.25 	0.273 	57.218118 	-9.5035087 	-2.8906066
-0.37237237 	0.25 	0.273 	57.243968 	-9.511056 	-2.8898693
-0.37357357 	0.25 	0.273 	57.269817 	-9.5186033 	-2.8891321
-0.37477477 	0.25 	0.273 	57.295666 	-9.5261507 	-2.8883948
-0.37597598 	0.25 	0.273 	57.321515 	-9.533698 	-2.8876575
-0.37717718 	0.25 	0.273 	57.346005 	-9.5403412 	-2.8869033
-0.37837838 	0.25 	0.273 	57.369605 	-9.5463928 	-2.8861379
-0.37957958 	0.25 	0.273 	57.393205 	-9.5524444 	-2.8853726
-0.38078078 	0.25 	0.273 	57.416806 	-9.558496 	-2.8846072
-0.38198198 	0.25 	0.273 	57.440406 	-9.5645476 	-2.8838419
-0.38318318 	0.25 	0.273 	57.464006 	-9.5705992 	-2.8830765
-0.38438438 	0.25 	0.273 	57.487606 	-9.5766508 	-2.8823112
-0.38558559 	0.25 	0.273 	57.508814 	-9.5840098 	-2.8816873
-0.38678679 	0.25 	0.273 	57.529071 	-9.5918878 	-2.8811197
-0.38798799 	0.25 	0.273 	57.549328 	-9.5997659 	-2.8805521
-0.38918919 	0.25 	0.273 	57.569585 	-9.607644 	-2.8799845
-0.39039039 	0.25 	0.273 	57.589842 	-9.6155221 	-2.8794168
-0.39159159 	0.25 	0.273 	57.6101 	-9.6234001 	-2.8788492
-0.39279279 	0.25 	0.273 	57.630357 	-9.6312782 	-2.8782816
-0.39399399 	0.25 	0.273 	57.650614 	-9.6391563 	-2.877714
-0.3951952 	0.25 	0.273 	57.670871 	-9.6470344 	-2.8771463
-0.3963964 	0.25 	0.273 	57.691128 	-9.6549125 	-2.8765787
-0.3975976 	0.25 	0.273 	57.711385 	-9.6627905 	-2.8760111
-0.3987988 	0.25 	0.273 	57.731643 	-9.6706686 	-2.8754435
-0.4 	0.25 	0.273 	57.7519 	-9.6785467 	-2.8748758
-0.4012012 	0.25 	0.273 	57.772157 	-9.6864248 	-2.8743082
-0.4024024 	0.25 	0.273 	57.792414 	-9.6943029 	-2.8737406
-0.4036036 	0.25 	0.273 	57.812671 	-9.7021809 	-2.873173
-0.4048048 	0.25 	0.273 	57.832928 	-9.710059 	-2.8726053
-0.40600601 	0.25 	0.273 	57.853186 	-9.7179371 	-2.8720377
-0.40720721 	0.25 	0.273 	57.873443 	-9.7258152 	-2.8714701
-0.40840841 	0.25 	0.273 	57.8937 	-9.7336933 	-2.8709025
-0.40960961 	0.25 	0.273 	57.913957 	-9.7415713 	-2.8703349
-0.41081081 	0.25 	0.273 	57.934214 	-9.7494494 	-2.8697672
-0.41201201 	0.25 	0.273 	57.954471 	-9.7573275 	-2.8691996
-0.41321321 	0.25 	0.273 	57.974729 	-9.7652056 	-2.868632
-0.41441441 	0.25 	0.273 	57.994617 	-9.7728441 	-2.8680418
-0.41561562 	0.25 	0.273 	58.012379 	-9.7791038 	-2.8673216
-0.41681682 	0.25 	0.273 	58.03014 	-9.7853634 	-2.8666013
-0.41801802 	0.25 	0.273 	58.047902 	-9.791623 	-2.8658811
-0.41921922 	0.25 	0.273 	58.065664 	-9.7978827 	-2.8651609
-0.42042042 	0.25 	0.273 	58.083426 	-9.8041423 	-2.8644407
-0.42162162 	0.25 	0.273 	58.101188 	-9.8104019 	-2.8637205
-0.42282282 	0.25 	0.273 	58.11895 	-9.8166615 	-2.8630002
-0.42402402 	0.25 	0.273 	58.136712 	-9.8229212 	-2.86228
-0.42522523 	0.25 	0.273 	58.154474 	-9.8291808 	-2.8615598
-0.42642643 	0.25 	0.273 	58.175401 	-9.8361002 	-2.8606684
-0.42762763 	0.25 	0.273 	58.199399 	-9.8436597 	-2.859611
-0.42882883 	0.25 	0.273 	58.223396 	-9.8512192 	-2.8585536
-0.43003003 	0.25 	0.273 	58.247394 	-9.8587788 	-2.8574962
-0.43123123 	0.25 	0.273 	58.271392 	-9.8663383 	-2.8564388
-0.43243243 	0.25 	0.273 	58.29539 	-9.8738979 	-2.8553814
-0.43363363 	0.25 	0.273 	58.319387 	-9.8814574 	-2.8543239
-0.43483483 	0.25 	0.273 	58.343385 	-9.889017 	-2.8532665
-0.43603604 	0.25 	0.273 	58.367383 	-9.8965765 	-2.8522091
-0.43723724 	0.25 	0.273 	58.391381 	-9.9041361 	-2.8511517
-0.43843844 	0.25 	0.273 	58.41455 	-9.9099253 	-2.8500656
-0.43963964 	0.25 	0.273 	58.43759 	-9.9154372 	-2.848975
-0.44084084 	0.25 	0.273 	58.46063 	-9.9209491 	-2.8478844
-0.44204204 	0.25 	0.273 	58.48367 	-9.9264609 	-2.8467938
-0.44324324 	0.25 	0.273 	58.50671 	-9.9319728 	-2.8457032
-0.44444444 	0.25 	0.273 	58.52975 	-9.9374847 	-2.8446125
-0.44564565 	0.25 	0.273 	58.55279 	-9.9429966 	-2.8435219
-0.44684685 	0.25 	0.273 	58.57583 	-9.9485084 	-2.8424313
-0.44804805 	0.25 	0.273 	58.59887 	-9.9540203 	-2.8413407
-0.44924925 	0.25 	0.273 	58.62191 	-9.9595322 	-2.8402501
-0.45045045 	0.25 	0.273 	58.64495 	-9.9650441 	-2.8391595
-0.45165165 	0.25 	0.273 	58.66799 	-9.970556 	-2.8380689
-0.45285285 	0.25 	0.273 	58.691031 	-9.9760678 	-2.8369783
-0.45405405 	0.25 	0.273 	58.714071 	-9.9815797 	-2.8358877
-0.45525526 	0.25 	0.273 	58.737111 	-9.9870916 	-2.8347971
-0.45645646 	0.25 	0.273 	58.760151 	-9.9926035 	-2.8337065
-0.45765766 	0.25 	0.273 	58.783191 	-9.9981154 	-2.8326159
-0.45885886 	0.25 	0.273 	58.806231 	-10.003627 	-2.8315253
-0.46006006 	0.25 	0.273 	58.829271 	-10.009139 	-2.8304346
-0.46126126 	0.25 	0.273 	58.852311 	-10.014651 	-2.829344
-0.46246246 	0.25 	0.273 	58.875351 	-10.020163 	-2.8282534
-0.46366366 	0.25 	0.273 	58.898391 	-10.025675 	-2.8271628
-0.46486486 	0.25 	0.273 	58.921431 	-10.031187 	-2.8260722
-0.46606607 	0.25 	0.273 	58.944471 	-10.036698 	-2.8249816
-0.46726727 	0.25 	0.273 	58.967511 	-10.04221 	-2.823891
-0.46846847 	0.25 	0.273 	58.990539 	-10.048539 	-2.822762
-0.46966967 	0.25 	0.273 	59.013566 	-10.054994 	-2.821627
-0.47087087 	0.25 	0.273 	59.036593 	-10.061449 	-2.820492
-0.47207207 	0.25 	0.273 	59.059619 	-10.067905 	-2.819357
-0.47327327 	0.25 	0.273 	59.082646 	-10.07436 	-2.818222
-0.47447447 	0.25 	0.273 	59.105673 	-10.080815 	-2.817087
-0.47567568 	0.25 	0.273 	59.128323 	-10.086443 	-2.815894
-0.47687688 	0.25 	0.273 	59.150402 	-10.090815 	-2.8146127
-0.47807808 	0.25 	0.273 	59.172481 	-10.095186 	-2.8133315
-0.47927928 	0.25 	0.273 	59.194559 	-10.099558 	-2.8120502
-0.48048048 	0.25 	0.273 	59.216638 	-10.10393 	-2.810769
-0.48168168 	0.25 	0.273 	59.238717 	-10.108302 	-2.8094877
-0.48288288 	0.25 	0.273 	59.260796 	-10.112673 	-2.8082064
-0.48408408 	0.25 	0.273 	59.282874 	-10.117045 	-2.8069252
-0.48528529 	0.25 	0.273 	59.304953 	-10.121417 	-2.8056439
-0.48648649 	0.25 	0.273 	59.327032 	-10.125788 	-2.8043627
-0.48768769 	0.25 	0.273 	59.349754 	-10.132642 	-2.8029157
-0.48888889 	0.25 	0.273 	59.372688 	-10.140308 	-2.8014145
-0.49009009 	0.25 	0.273 	59.395621 	-10.147973 	-2.7999133
-0.49129129 	0.25 	0.273 	59.418554 	-10.155639 	-2.798412
-0.49249249 	0.25 	0.273 	59.441487 	-10.163304 	-2.7969108
-0.49369369 	0.25 	0.273 	59.46442 	-10.17097 	-2.7954096
-0.49489489 	0.25 	0.273 	59.487353 	-10.178635 	-2.7939084
-0.4960961 	0.25 	0.273 	59.510286 	-10.186301 	-2.7924072
-0.4972973 	0.25 	0.273 	59.533219 	-10.193967 	-2.790906
-0.4984985 	0.25 	0.273 	59.556572 	-10.201254 	-2.789383
-0.4996997 	0.25 	0.273 	59.583323 	-10.205477 	-2.7876833
-0.5009009 	0.25 	0.273 	59.610075 	-10.209699 	-2.7859837
-0.5021021 	0.25 	0.273 	59.636826 	-10.213922 	-2.784284
-0.5033033 	0.25 	0.273 	59.663577 	-10.218144 	-2.7825844
-0.5045045 	0.25 	0.273 	59.690328 	-10.222367 	-2.7808847
-0.50570571 	0.25 	0.273 	59.717079 	-10.226589 	-2.7791851
-0.50690691 	0.25 	0.273 	59.748525 	-10.233675 	-2.7770006
-0.50810811 	0.25 	0.273 	59.780876 	-10.241313 	-2.7747227
-0.50930931 	0.25 	0.273 	59.813226 	-10.248951 	-2.7724448
-0.51051051 	0.25 	0.273 	59.845576 	-10.256588 	-2.7701668
-0.51171171 	0.25 	0.273 	59.877927 	-10.264226 	-2.7678889
-0.51291291 	0.25 	0.273 	59.910277 	-10.271864 	-2.765611
-0.51411411 	0.25 	0.273 	59.937057 	-10.279995 	-2.7636677
-0.51531532 	0.25 	0.273 	59.960811 	-10.288394 	-2.7619062
-0.51651652 	0.25 	0.273 	59.984565 	-10.296793 	-2.7601447
-0.51771772 	0.25 	0.273 	60.008318 	-10.305193 	-2.7583831
-0.51891892 	0.25 	0.273 	60.032072 	-10.313592 	-2.7566216
-0.52012012 	0.25 	0.273 	60.055826 	-10.321991 	-2.7548601
-0.52132132 	0.25 	0.273 	60.07958 	-10.330391 	-2.7530985
-0.52252252 	0.25 	0.273 	60.103334 	-10.33879 	-2.751337
-0.52372372 	0.25 	0.273 	60.127088 	-10.347189 	-2.7495755
-0.52492492 	0.25 	0.273 	60.150842 	-10.355588 	-2.7478139
-0.52612613 	0.25 	0.273 	60.174595 	-10.363988 	-2.7460524
-0.52732733 	0.25 	0.273 	60.198349 	-10.372387 	-2.7442909
-0.52852853 	0.25 	0.273 	60.222103 	-10.380786 	-2.7425294
-0.52972973 	0.25 	0.273 	60.245857 	-10.389186 	-2.7407678
-0.53093093 	0.25 	0.273 	60.269611 	-10.397585 	-2.7390063
-0.53213213 	0.25 	0.273 	60.293365 	-10.405984 	-2.7372448
-0.53333333 	0.25 	0.273 	60.317119 	-10.414384 	-2.7354832
-0.53453453 	0.25 	0.273 	60.340872 	-10.422783 	-2.7337217
-0.53573574 	0.25 	0.273 	60.364626 	-10.431182 	-2.7319602
-0.53693694 	0.25 	0.273 	60.396143 	-10.436767 	-2.7295791
-0.53813814 	0.25 	0.273 	60.431942 	-10.440798 	-2.7268563
-0.53933934 	0.25 	0.273 	60.467741 	-10.44483 	-2.7241334
-0.54054054 	0.25 	0.273 	60.503541 	-10.448862 	-2.7214105
-0.54174174 	0.25 	0.273 	60.53934 	-10.452893 	-2.7186877
-0.54294294 	0.25 	0.273 	60.57514 	-10.456925 	-2.7159648
-0.54414414 	0.25 	0.273 	60.610939 	-10.460957 	-2.7132419
-0.54534535 	0.25 	0.273 	60.646739 	-10.464988 	-2.7105191
-0.54654655 	0.25 	0.273 	60.682538 	-10.46902 	-2.7077962
-0.54774775 	0.25 	0.273 	60.718317 	-10.473053 	-2.7050731
-0.54894895 	0.25 	0.273 	60.746299 	-10.477545 	-2.7022721
-0.55015015 	0.25 	0.273 	60.774281 	-10.482038 	-2.6994711
-0.55135135 	0.25 	0.273 	60.802263 	-10.486531 	-2.6966701
-0.55255255 	0.25 	0.273 	60.830245 	-10.491024 	-2.6938691
-0.55375375 	0.25 	0.273 	60.857282 	-10.496148 	-2.6912212
-0.55495495 	0.25 	0.273 	60.88005 	-10.504122 	-2.6892645
-0.55615616 	0.25 	0.273 	60.902818 	-10.512097 	-2.6873078
-0.55735736 	0.25 	0.273 	60.925586 	-10.520071 	-2.6853511
-0.55855856 	0.25 	0.273 	60.948354 	-10.528045 	-2.6833943
-0.55975976 	0.25 	0.273 	60.971122 	-10.53602 	-2.6814376
-0.56096096 	0.25 	0.273 	60.99389 	-10.543994 	-2.6794809
-0.56216216 	0.25 	0.273 	61.016658 	-10.551968 	-2.6775241
-0.56336336 	0.25 	0.273 	61.039426 	-10.559942 	-2.6755674
-0.56456456 	0.25 	0.273 	61.062194 	-10.567917 	-2.6736107
-0.56576577 	0.25 	0.273 	61.084962 	-10.575891 	-2.671654
-0.56696697 	0.25 	0.273 	61.108674 	-10.581966 	-2.6695137
-0.56816817 	0.25 	0.273 	61.133802 	-10.585186 	-2.6670977
-0.56936937 	0.25 	0.273 	61.158931 	-10.588407 	-2.6646817
-0.57057057 	0.25 	0.273 	61.184059 	-10.591627 	-2.6622658
-0.57177177 	0.25 	0.273 	61.209188 	-10.594848 	-2.6598498
-0.57297297 	0.25 	0.273 	61.231718 	-10.599566 	-2.6576349
-0.57417417 	0.25 	0.273 	61.25104 	-10.606133 	-2.6556685
-0.57537538 	0.25 	0.273 	61.270362 	-10.612701 	-2.653702
-0.57657658 	0.25 	0.273 	61.289684 	-10.619268 	-2.6517355
-0.57777778 	0.25 	0.273 	61.309005 	-10.625835 	-2.6497691
-0.57897898 	0.25 	0.273 	61.332534 	-10.632806 	-2.6472494
-0.58018018 	0.25 	0.273 	61.358583 	-10.640019 	-2.6443983
-0.58138138 	0.25 	0.273 	61.384632 	-10.647231 	-2.6415472
-0.58258258 	0.25 	0.273 	61.41068 	-10.654444 	-2.6386961
-0.58378378 	0.25 	0.273 	61.436729 	-10.661656 	-2.635845
-0.58498498 	0.25 	0.273 	61.459689 	-10.665517 	-2.6333626
-0.58618619 	0.25 	0.273 	61.481889 	-10.668554 	-2.6309708
-0.58738739 	0.25 	0.273 	61.504089 	-10.671592 	-2.628579
-0.58858859 	0.25 	0.273 	61.526289 	-10.674629 	-2.6261872
-0.58978979 	0.25 	0.273 	61.548489 	-10.677667 	-2.6237954
-0.59099099 	0.25 	0.273 	61.57278 	-10.681745 	-2.6212716
-0.59219219 	0.25 	0.273 	61.597823 	-10.686196 	-2.6187004
-0.59339339 	0.25 	0.273 	61.622866 	-10.690648 	-2.6161292
-0.59459459 	0.25 	0.273 	61.647909 	-10.695099 	-2.613558
-0.5957958 	0.25 	0.273 	61.672952 	-10.699551 	-2.6109868
-0.596997 	0.25 	0.273 	61.697995 	-10.704002 	-2.6084156
-0.5981982 	0.25 	0.273 	61.723038 	-10.708454 	-2.6058444
-0.5993994 	0.25 	0.273 	61.748081 	-10.712905 	-2.6032732
-0.6006006 	0.25 	0.273 	61.773124 	-10.717357 	-2.600702
-0.6018018 	0.25 	0.273 	61.798167 	-10.721808 	-2.5981308
-0.603003 	0.25 	0.273 	61.822936 	-10.725973 	-2.5955661
-0.6042042 	0.25 	0.273 	61.843882 	-10.726126 	-2.5930924
-0.60540541 	0.25 	0.273 	61.864828 	-10.726278 	-2.5906187
-0.60660661 	0.25 	0.273 	61.885774 	-10.726431 	-2.588145
-0.60780781 	0.25 	0.273 	61.90672 	-10.726584 	-2.5856713
-0.60900901 	0.25 	0.273 	61.929724 	-10.726507 	-2.5829681
-0.61021021 	0.25 	0.273 	61.959089 	-10.725721 	-2.5795561
-0.61141141 	0.25 	0.273 	61.988454 	-10.724935 	-2.5761441
-0.61261261 	0.25 	0.273 	62.017819 	-10.724149 	-2.5727321
-0.61381381 	0.25 	0.273 	62.047184 	-10.723363 	-2.5693201
-0.61501502 	0.25 	0.273 	62.075561 	-10.722058 	-2.566112
-0.61621622 	0.25 	0.273 	62.102579 	-10.720039 	-2.5631843
-0.61741742 	0.25 	0.273 	62.129596 	-10.71802 	-2.5602566
-0.61861862 	0.25 	0.273 	62.156614 	-10.716001 	-2.5573289
-0.61981982 	0.25 	0.273 	62.183632 	-10.713982 	-2.5544012
-0.62102102 	0.25 	0.273 	62.210649 	-10.711963 	-2.5514735
-0.62222222 	0.25 	0.273 	62.237667 	-10.709944 	-2.5485458
-0.62342342 	0.25 	0.273 	62.264684 	-10.707925 	-2.5456182
-0.62462462 	0.25 	0.273 	62.291702 	-10.705906 	-2.5426905
-0.62582583 	0.25 	0.273 	62.31872 	-10.703887 	-2.5397628
-0.62702703 	0.25 	0.273 	62.345737 	-10.701868 	-2.5368351
-0.62822823 	0.25 	0.273 	62.368787 	-10.702481 	-2.5342025
-0.62942943 	0.25 	0.273 	62.391568 	-10.703271 	-2.5315898
-0.63063063 	0.25 	0.273 	62.414349 	-10.704061 	-2.5289771
-0.63183183 	0.25 	0.273 	62.437131 	-10.704851 	-2.5263644
-0.63303303 	0.25 	0.273 	62.459912 	-10.705642 	-2.5237518
-0.63423423 	0.25 	0.273 	62.480915 	-10.705556 	-2.5211891
-0.63543544 	0.25 	0.273 	62.50109 	-10.705063 	-2.5186496
-0.63663664 	0.25 	0.273 	62.521266 	-10.70457 	-2.5161102
-0.63783784 	0.25 	0.273 	62.541441 	-10.704077 	-2.5135707
-0.63903904 	0.25 	0.273 	62.561616 	-10.703584 	-2.5110313
-0.64024024 	0.25 	0.273 	62.588178 	-10.704525 	-2.5078176
-0.64144144 	0.25 	0.273 	62.61578 	-10.705699 	-2.504494
-0.64264264 	0.25 	0.273 	62.643382 	-10.706873 	-2.5011704
-0.64384384 	0.25 	0.273 	62.670984 	-10.708047 	-2.4978468
-0.64504505 	0.25 	0.273 	62.698405 	-10.709194 	-2.494544
-0.64624625 	0.25 	0.273 	62.721115 	-10.709633 	-2.4917807
-0.64744745 	0.25 	0.273 	62.743825 	-10.710071 	-2.4890174
-0.64864865 	0.25 	0.273 	62.766535 	-10.71051 	-2.4862541
-0.64984985 	0.25 	0.273 	62.789245 	-10.710948 	-2.4834908
-0.65105105 	0.25 	0.273 	62.811955 	-10.711387 	-2.4807275
-0.65225225 	0.25 	0.273 	62.83698 	-10.711429 	-2.4778339
-0.65345345 	0.25 	0.273 	62.863179 	-10.711271 	-2.4748744
-0.65465465 	0.25 	0.273 	62.889377 	-10.711113 	-2.4719149
-0.65585586 	0.25 	0.273 	62.915575 	-10.710955 	-2.4689554
-0.65705706 	0.25 	0.273 	62.941773 	-10.710796 	-2.4659959
-0.65825826 	0.25 	0.273 	62.967971 	-10.710638 	-2.4630363
-0.65945946 	0.25 	0.273 	62.99417 	-10.71048 	-2.4600768
-0.66066066 	0.25 	0.273 	63.020368 	-10.710322 	-2.4571173
-0.66186186 	0.25 	0.273 	63.046566 	-10.710164 	-2.4541578
-0.66306306 	0.25 	0.273 	63.072764 	-10.710005 	-2.4511983
-0.66426426 	0.25 	0.273 	63.097547 	-10.709623 	-2.4483243
-0.66546547 	0.25 	0.273 	63.119017 	-10.708714 	-2.4456506
-0.66666667 	0.25 	0.273 	63.140488 	-10.707806 	-2.4429768
-0.66786787 	0.25 	0.273 	63.161959 	-10.706898 	-2.4403031
-0.66906907 	0.25 	0.273 	63.183429 	-10.705989 	-2.4376293
-0.67027027 	0.25 	0.273 	63.207957 	-10.70596 	-2.4344586
-0.67147147 	0.25 	0.273 	63.23584 	-10.706894 	-2.4307425
-0.67267267 	0.25 	0.273 	63.263722 	-10.707829 	-2.4270264
-0.67387387 	0.25 	0.273 	63.291605 	-10.708764 	-2.4233103
-0.67507508 	0.25 	0.273 	63.319488 	-10.709698 	-2.4195942
-0.67627628 	0.25 	0.273 	63.346301 	-10.710084 	-2.4162227
-0.67747748 	0.25 	0.273 	63.37255 	-10.71018 	-2.4130328
-0.67867868 	0.25 	0.273 	63.3988 	-10.710276 	-2.4098429
-0.67987988 	0.25 	0.273 	63.425049 	-10.710373 	-2.4066531
-0.68108108 	0.25 	0.273 	63.451299 	-10.710469 	-2.4034632
-0.68228228 	0.25 	0.273 	63.477548 	-10.710565 	-2.4002734
-0.68348348 	0.25 	0.273 	63.503798 	-10.710661 	-2.3970835
-0.68468468 	0.25 	0.273 	63.530047 	-10.710758 	-2.3938937
-0.68588589 	0.25 	0.273 	63.556297 	-10.710854 	-2.3907038
-0.68708709 	0.25 	0.273 	63.582546 	-10.71095 	-2.387514
-0.68828829 	0.25 	0.273 	63.608934 	-10.710403 	-2.3843502
-0.68948949 	0.25 	0.273 	63.635497 	-10.709041 	-2.3812194
-0.69069069 	0.25 	0.273 	63.662061 	-10.707679 	-2.3780886
-0.69189189 	0.25 	0.273 	63.688624 	-10.706316 	-2.3749579
-0.69309309 	0.25 	0.273 	63.715188 	-10.704954 	-2.3718271
-0.69429429 	0.25 	0.273 	63.741751 	-10.703592 	-2.3686964
-0.6954955 	0.25 	0.273 	63.766247 	-10.701346 	-2.3655077
-0.6966967 	0.25 	0.273 	63.790553 	-10.699019 	-2.3623138
-0.6978979 	0.25 	0.273 	63.814859 	-10.696692 	-2.3591199
-0.6990991 	0.25 	0.273 	63.839166 	-10.694365 	-2.355926
-0.7003003 	0.25 	0.273 	63.863322 	-10.692681 	-2.3526946
-0.7015015 	0.25 	0.273 	63.886004 	-10.697342 	-2.3490934
-0.7027027 	0.25 	0.273 	63.908685 	-10.702003 	-2.3454922
-0.7039039 	0.25 	0.273 	63.931367 	-10.706664 	-2.3418911
-0.70510511 	0.25 	0.273 	63.954048 	-10.711324 	-2.3382899
-0.70630631 	0.25 	0.273 	63.977526 	-10.714453 	-2.3346912
-0.70750751 	0.25 	0.273 	64.003201 	-10.713357 	-2.3310992
-0.70870871 	0.25 	0.273 	64.028876 	-10.712261 	-2.3275073
-0.70990991 	0.25 	0.273 	64.05455 	-10.711165 	-2.3239154
-0.71111111 	0.25 	0.273 	64.080225 	-10.710069 	-2.3203235
-0.71231231 	0.25 	0.273 	64.1059 	-10.708973 	-2.3167316
-0.71351351 	0.25 	0.273 	64.13139 	-10.707394 	-2.3132663
-0.71471471 	0.25 	0.273 	64.156774 	-10.705539 	-2.3098733
-0.71591592 	0.25 	0.273 	64.182159 	-10.703684 	-2.3064804
-0.71711712 	0.25 	0.273 	64.207543 	-10.701829 	-2.3030874
-0.71831832 	0.25 	0.273 	64.232928 	-10.699974 	-2.2996944
-0.71951952 	0.25 	0.273 	64.258312 	-10.69812 	-2.2963014
-0.72072072 	0.25 	0.273 	64.283697 	-10.696265 	-2.2929084
-0.72192192 	0.25 	0.273 	64.309081 	-10.69441 	-2.2895155
-0.72312312 	0.25 	0.273 	64.334466 	-10.692555 	-2.2861225
-0.72432432 	0.25 	0.273 	64.35985 	-10.690701 	-2.2827295
-0.72552553 	0.25 	0.273 	64.386673 	-10.685828 	-2.2790942
-0.72672673 	0.25 	0.273 	64.414827 	-10.67816 	-2.2752346
-0.72792793 	0.25 	0.273 	64.442982 	-10.670492 	-2.2713749
-0.72912913 	0.25 	0.273 	64.471137 	-10.662823 	-2.2675152
-0.73033033 	0.25 	0.273 	64.499291 	-10.655155 	-2.2636555
-0.73153153 	0.25 	0.273 	64.520626 	-10.651737 	-2.2600794
-0.73273273 	0.25 	0.273 	64.538948 	-10.650196 	-2.2566285
-0.73393393 	0.25 	0.273 	64.557271 	-10.648656 	-2.2531777
-0.73513514 	0.25 	0.273 	64.575593 	-10.647115 	-2.2497268
-0.73633634 	0.25 	0.273 	64.593915 	-10.645574 	-2.246276
-0.73753754 	0.25 	0.273 	64.622468 	-10.639762 	-2.2425786
-0.73873874 	0.25 	0.273 	64.652548 	-10.633311 	-2.2388444
-0.73993994 	0.25 	0.273 	64.682629 	-10.62686 	-2.2351103
-0.74114114 	0.25 	0.273 	64.71271 	-10.62041 	-2.2313761
-0.74234234 	0.25 	0.273 	64.74279 	-10.613959 	-2.2276419
-0.74354354 	0.25 	0.273 	64.772871 	-10.607509 	-2.2239077
-0.74474474 	0.25 	0.273 	64.802951 	-10.601058 	-2.2201736
-0.74594595 	0.25 	0.273 	64.833032 	-10.594607 	-2.2164394
-0.74714715 	0.25 	0.273 	64.863112 	-10.588157 	-2.2127052
-0.74834835 	0.25 	0.273 	64.893193 	-10.581706 	-2.2089711
-0.74954955 	0.25 	0.273 	64.919181 	-10.572979 	-2.2044899
-0.75075075 	0.25 	0.273 	64.944745 	-10.564017 	-2.1999314
-0.75195195 	0.25 	0.273 	64.97031 	-10.555054 	-2.1953729
-0.75315315 	0.25 	0.273 	64.995875 	-10.546092 	-2.1908144
-0.75435435 	0.25 	0.273 	65.021439 	-10.537129 	-2.1862559
-0.75555556 	0.25 	0.273 	65.048478 	-10.527532 	-2.1815941
-0.75675676 	0.25 	0.273 	65.085546 	-10.513621 	-2.1762292
-0.75795796 	0.25 	0.273 	65.122615 	-10.49971 	-2.1708642
-0.75915916 	0.25 	0.273 	65.159684 	-10.485799 	-2.1654992
-0.76036036 	0.25 	0.273 	65.196754 	-10.471888 	-2.1601342
-0.76156156 	0.25 	0.273 	65.237908 	-10.458603 	-2.1546152
-0.76276276 	0.25 	0.273 	65.287973 	-10.44674 	-2.1487402
-0.76396396 	0.25 	0.273 	65.331466 	-10.437048 	-2.1433413
-0.76516517 	0.25 	0.273 	65.355496 	-10.433788 	-2.1393524
-0.76636637 	0.25 	0.273 	65.379526 	-10.430528 	-2.1353635
-0.76756757 	0.25 	0.273 	65.403556 	-10.427268 	-2.1313746
-0.76876877 	0.25 	0.273 	65.427587 	-10.424008 	-2.1273856
-0.76996997 	0.25 	0.273 	65.451617 	-10.420748 	-2.1233967
-0.77117117 	0.25 	0.273 	65.475647 	-10.417488 	-2.1194078
-0.77237237 	0.25 	0.273 	65.499677 	-10.414228 	-2.1154189
-0.77357357 	0.25 	0.273 	65.523704 	-10.410966 	-2.1114202
-0.77477477 	0.25 	0.273 	65.535335 	-10.413462 	-2.1077236
-0.77597598 	0.25 	0.273 	65.539565 	-10.41951 	-2.1045443
-0.77717718 	0.25 	0.273 	65.558318 	-10.431459 	-2.1007547
-0.77837838 	0.25 	0.273 	65.586601 	-10.44728 	-2.0965646
-0.77957958 	0.25 	0.273 	65.60961 	-10.447878 	-2.0920551
-0.78078078 	0.25 	0.273 	65.629151 	-10.438202 	-2.0877418
-0.78198198 	0.25 	0.273 	65.648693 	-10.428526 	-2.0834286
-0.78318318 	0.25 	0.273 	65.668235 	-10.41885 	-2.0791153
-0.78438438 	0.25 	0.273 	65.687777 	-10.409173 	-2.0748021
-0.78558559 	0.25 	0.273 	65.707319 	-10.399497 	-2.0704888
-0.78678679 	0.25 	0.273 	65.72686 	-10.389821 	-2.0661756
-0.78798799 	0.25 	0.273 	65.746402 	-10.380145 	-2.0618623
-0.78918919 	0.25 	0.273 	65.765944 	-10.370469 	-2.057549
-0.79039039 	0.25 	0.273 	65.783466 	-10.33536 	-2.0526204
-0.79159159 	0.25 	0.273 	65.80074 	-10.297131 	-2.0476164
-0.79279279 	0.25 	0.273 	65.829369 	-10.272547 	-2.0415196
-0.79399399 	0.25 	0.273 	65.85925 	-10.249467 	-2.0353023
-0.7951952 	0.25 	0.273 	65.881697 	-10.231639 	-2.0302751
-0.7963964 	0.25 	0.273 	65.903526 	-10.214304 	-2.025663
-0.7975976 	0.25 	0.273 	65.925356 	-10.196968 	-2.0210509
-0.7987988 	0.25 	0.273 	65.947185 	-10.179632 	-2.0164388
-0.8 	0.25 	0.273 	65.969015 	-10.162297 	-2.0118267
-0.8012012 	0.25 	0.273 	65.990844 	-10.144961 	-2.0072146
-0.8024024 	0.25 	0.273 	66.012673 	-10.127625 	-2.0026025
-0.8036036 	0.25 	0.273 	66.034503 	-10.11029 	-1.9979904
-0.8048048 	0.25 	0.273 	66.055799 	-10.09424 	-1.9934516
-0.80600601 	0.25 	0.273 	66.074854 	-10.0836 	-1.9892216
-0.80720721 	0.25 	0.273 	66.095591 	-10.073007 	-1.984813
-0.80840841 	0.25 	0.273 	66.123242 	-10.06261 	-1.9796706
-0.80960961 	0.25 	0.273 	66.149751 	-10.051736 	-1.9745434
-0.81081081 	0.25 	0.273 	66.171706 	-10.038905 	-1.9699668
-0.81201201 	0.25 	0.273 	66.193702 	-10.026079 	-1.9655272
-0.81321321 	0.25 	0.273 	66.215699 	-10.013253 	-1.9610877
-0.81441441 	0.25 	0.273 	66.237695 	-10.000426 	-1.9566481
-0.81561562 	0.25 	0.273 	66.259692 	-9.9876 	-1.9522085
-0.81681682 	0.25 	0.273 	66.281688 	-9.9747736 	-1.947769
-0.81801802 	0.25 	0.273 	66.303685 	-9.9619473 	-1.9433294
-0.81921922 	0.25 	0.273 	66.325681 	-9.949121 	-1.9388898
-0.82042042 	0.25 	0.273 	66.346393 	-9.9348578 	-1.9344498
-0.82162162 	0.25 	0.273 	66.36583 	-9.9191706 	-1.9300093
-0.82282282 	0.25 	0.273 	66.389292 	-9.902299 	-1.9250793
-0.82402402 	0.25 	0.273 	66.416969 	-9.8841869 	-1.9196366
-0.82522523 	0.25 	0.273 	66.441637 	-9.8684509 	-1.9145967
-0.82642643 	0.25 	0.273 	66.462934 	-9.8553776 	-1.9100083
-0.82762763 	0.25 	0.273 	66.48423 	-9.8423042 	-1.9054198
-0.82882883 	0.25 	0.273 	66.505527 	-9.8292309 	-1.9008314
-0.83003003 	0.25 	0.273 	66.526824 	-9.8161576 	-1.896243
-0.83123123 	0.25 	0.273 	66.54812 	-9.8030842 	-1.8916546
-0.83243243 	0.25 	0.273 	66.569417 	-9.7900109 	-1.8870661
-0.83363363 	0.25 	0.273 	66.590714 	-9.7769376 	-1.8824777
-0.83483483 	0.25 	0.273 	66.611973 	-9.7638542 	-1.8777642
-0.83603604 	0.25 	0.273 	66.630569 	-9.7537713 	-1.8731041
-0.83723724 	0.25 	0.273 	66.648538 	-9.7444509 	-1.8685882
-0.83843844 	0.25 	0.273 	66.672753 	-9.7300323 	-1.8632315
-0.83963964 	0.25 	0.273 	66.69874 	-9.7141676 	-1.8576365
-0.84084084 	0.25 	0.273 	66.720951 	-9.698315 	-1.8524533
-0.84204204 	0.25 	0.273 	66.742055 	-9.6824862 	-1.8477464
-0.84324324 	0.25 	0.273 	66.763159 	-9.6666573 	-1.8430395
-0.84444444 	0.25 	0.273 	66.784263 	-9.6508284 	-1.8383326
-0.84564565 	0.25 	0.273 	66.805368 	-9.6349995 	-1.8336257
-0.84684685 	0.25 	0.273 	66.826472 	-9.6191707 	-1.8289188
-0.84804805 	0.25 	0.273 	66.847576 	-9.6033418 	-1.8242119
-0.84924925 	0.25 	0.273 	66.86868 	-9.5875129 	-1.819505
-0.85045045 	0.25 	0.273 	66.889643 	-9.5715403 	-1.8148177
-0.85165165 	0.25 	0.273 	66.909224 	-9.5541643 	-1.810321
-0.85285285 	0.25 	0.273 	66.929261 	-9.5362048 	-1.8057197
-0.85405405 	0.25 	0.273 	66.955233 	-9.5106613 	-1.79976
-0.85525526 	0.25 	0.273 	66.980946 	-9.4854712 	-1.7938258
-0.85645646 	0.25 	0.273 	67.002239 	-9.4665006 	-1.7887839
-0.85765766 	0.25 	0.273 	67.023593 	-9.4475492 	-1.7839754
-0.85885886 	0.25 	0.273 	67.044947 	-9.4285979 	-1.7791668
-0.86006006 	0.25 	0.273 	67.066301 	-9.4096465 	-1.7743582
-0.86126126 	0.25 	0.273 	67.087655 	-9.3906952 	-1.7695497
-0.86246246 	0.25 	0.273 	67.109009 	-9.3717439 	-1.7647411
-0.86366366 	0.25 	0.273 	67.130363 	-9.3527925 	-1.7599326
-0.86486486 	0.25 	0.273 	67.151717 	-9.3338412 	-1.755124
-0.86606607 	0.25 	0.273 	67.172456 	-9.3171978 	-1.7504107
-0.86726727 	0.25 	0.273 	67.192137 	-9.3045211 	-1.7458611
-0.86846847 	0.25 	0.273 	67.213576 	-9.2902332 	-1.7407626
-0.86966967 	0.25 	0.273 	67.238088 	-9.2731259 	-1.7347038
-0.87087087 	0.25 	0.273 	67.263928 	-9.2542835 	-1.7287626
-0.87207207 	0.25 	0.273 	67.292184 	-9.2326132 	-1.7236917
-0.87327327 	0.25 	0.273 	67.320451 	-9.2109462 	-1.7186571
-0.87447447 	0.25 	0.273 	67.348719 	-9.1892791 	-1.7136225
-0.87567568 	0.25 	0.273 	67.376986 	-9.167612 	-1.7085879
-0.87687688 	0.25 	0.273 	67.405254 	-9.1459449 	-1.7035534
-0.87807808 	0.25 	0.273 	67.433521 	-9.1242778 	-1.6985188
-0.87927928 	0.25 	0.273 	67.461789 	-9.1026108 	-1.6934842
-0.88048048 	0.25 	0.273 	67.490056 	-9.0809437 	-1.6884496
-0.88168168 	0.25 	0.273 	67.517457 	-9.0574567 	-1.6834176
-0.88288288 	0.25 	0.273 	67.544236 	-9.0326666 	-1.6783876
-0.88408408 	0.25 	0.273 	67.564005 	-9.0120497 	-1.672849
-0.88528529 	0.25 	0.273 	67.580046 	-8.9936519 	-1.6670399
-0.88648649 	0.25 	0.273 	67.603139 	-8.9716751 	-1.6611114
-0.88768769 	0.25 	0.273 	67.628522 	-8.9485356 	-1.6551441
-0.88888889 	0.25 	0.273 	67.653906 	-8.9253962 	-1.6491769
-0.89009009 	0.25 	0.273 	67.679289 	-8.9022567 	-1.6432096
-0.89129129 	0.25 	0.273 	67.707349 	-8.8773611 	-1.6371889
-0.89249249 	0.25 	0.273 	67.741804 	-8.8484587 	-1.6318107
-0.89369369 	0.25 	0.273 	67.77626 	-8.8195564 	-1.6264325
-0.89489489 	0.25 	0.273 	67.810715 	-8.790654 	-1.6210543
-0.8960961 	0.25 	0.273 	67.845156 	-8.7617511 	-1.615636
-0.8972973 	0.25 	0.273 	67.882543 	-8.7291352 	-1.6097483
-0.8984985 	0.25 	0.273 	67.921071 	-8.6952002 	-1.6039477
-0.8996997 	0.25 	0.273 	67.932667 	-8.6745103 	-1.5987508
-0.9009009 	0.25 	0.273 	67.942378 	-8.6532205 	-1.5935976
-0.9021021 	0.25 	0.273 	67.950346 	-8.6266148 	-1.5884896
-0.9033033 	0.25 	0.273 	67.958313 	-8.6000092 	-1.5833816
-0.9045045 	0.25 	0.273 	67.966281 	-8.5734035 	-1.5782737
-0.90570571 	0.25 	0.273 	67.974248 	-8.5467978 	-1.5731657
-0.90690691 	0.25 	0.273 	67.998886 	-8.5163296 	-1.567531
-0.90810811 	0.25 	0.273 	68.034949 	-8.4832236 	-1.5619721
-0.90930931 	0.25 	0.273 	68.071011 	-8.4501176 	-1.5564132
-0.91051051 	0.25 	0.273 	68.107073 	-8.4170117 	-1.5508543
-0.91171171 	0.25 	0.273 	68.143062 	-8.3839097 	-1.5450793
-0.91291291 	0.25 	0.273 	68.180938 	-8.3459218 	-1.5389265
-0.91411411 	0.25 	0.273 	68.212782 	-8.3101712 	-1.5330391
-0.91531532 	0.25 	0.273 	68.224726 	-8.2833213 	-1.5279249
-0.91651652 	0.25 	0.273 	68.23318 	-8.2542167 	-1.5225975
-0.91771772 	0.25 	0.273 	68.239292 	-8.2235985 	-1.5171269
-0.91891892 	0.25 	0.273 	68.245404 	-8.1929804 	-1.5116563
-0.92012012 	0.25 	0.273 	68.251516 	-8.1623623 	-1.5061856
-0.92132132 	0.25 	0.273 	68.257604 	-8.1317497 	-1.5005129
-0.92252252 	0.25 	0.273 	68.280275 	-8.0951324 	-1.4947215
-0.92372372 	0.25 	0.273 	68.305235 	-8.057688 	-1.4889923
-0.92492492 	0.25 	0.273 	68.330194 	-8.0202436 	-1.483263
-0.92612613 	0.25 	0.273 	68.355153 	-7.9827992 	-1.4775338
-0.92732733 	0.25 	0.273 	68.382324 	-7.9435453 	-1.4711925
-0.92852853 	0.25 	0.273 	68.421052 	-7.8951614 	-1.4636476
-0.92972973 	0.25 	0.273 	68.448955 	-7.8404901 	-1.4553093
-0.93093093 	0.25 	0.273 	68.469688 	-7.7887136 	-1.4471358
-0.93213213 	0.25 	0.273 	68.487626 	-7.7430823 	-1.4400932
-0.93333333 	0.25 	0.273 	68.504462 	-7.6958687 	-1.4329478
-0.93453453 	0.25 	0.273 	68.521297 	-7.6486552 	-1.4258024
-0.93573574 	0.25 	0.273 	68.54146 	-7.6118421 	-1.4193527
-0.93693694 	0.25 	0.273 	68.565836 	-7.5896871 	-1.4137293
-0.93813814 	0.25 	0.273 	68.583072 	-7.5528246 	-1.4063356
-0.93933934 	0.25 	0.273 	68.607743 	-7.5143207 	-1.4003292
-0.94054054 	0.25 	0.273 	68.632743 	-7.4757442 	-1.3943841
-0.94174174 	0.25 	0.273 	68.657743 	-7.4371677 	-1.388439
-0.94294294 	0.25 	0.273 	68.681841 	-7.3980109 	-1.382478
-0.94414414 	0.25 	0.273 	68.710458 	-7.3559143 	-1.3769509
-0.94534535 	0.25 	0.273 	68.732969 	-7.3014863 	-1.3695552
-0.94654655 	0.25 	0.273 	68.757468 	-7.2545816 	-1.3627777
-0.94774775 	0.25 	0.273 	68.786051 	-7.2142535 	-1.3568012
-0.94894895 	0.25 	0.273 	68.814633 	-7.1739253 	-1.3508247
-0.95015015 	0.25 	0.273 	68.843216 	-7.1335972 	-1.3448482
-0.95135135 	0.25 	0.273 	68.87422 	-7.1050404 	-1.33947
-0.95255255 	0.25 	0.273 	68.901645 	-7.0803182 	-1.3330669
-0.95375375 	0.25 	0.273 	68.925955 	-7.04912 	-1.3255261
-0.95495495 	0.25 	0.273 	68.95905 	-7.0065941 	-1.3195465
-0.95615616 	0.25 	0.273 	68.992145 	-6.9640682 	-1.313567
-0.95735736 	0.25 	0.273 	69.025239 	-6.9215422 	-1.3075875
-0.95855856 	0.25 	0.273 	69.058476 	-6.8756028 	-1.3017456
-0.95975976 	0.25 	0.273 	69.095019 	-6.8215798 	-1.2961379
-0.96096096 	0.25 	0.273 	69.125848 	-6.7776752 	-1.28782
-0.96216216 	0.25 	0.273 	69.164768 	-6.7259615 	-1.2814838
-0.96336336 	0.25 	0.273 	69.205698 	-6.67343 	-1.2754773
-0.96456456 	0.25 	0.273 	69.246628 	-6.6208984 	-1.2694708
-0.96576577 	0.25 	0.273 	69.287559 	-6.5683669 	-1.2634643
-0.96696697 	0.25 	0.273 	69.331218 	-6.5066969 	-1.2582455
-0.96816817 	0.25 	0.273 	69.372286 	-6.4651711 	-1.2509372
-0.96936937 	0.25 	0.273 	69.415045 	-6.4231027 	-1.243978
-0.97057057 	0.25 	0.273 	69.460319 	-6.373545 	-1.2380674
-0.97177177 	0.25 	0.273 	69.505594 	-6.3239872 	-1.2321567
-0.97297297 	0.25 	0.273 	69.550868 	-6.2744295 	-1.2262461
-0.97417417 	0.25 	0.273 	69.593058 	-6.21463 	-1.2209402
-0.97537538 	0.25 	0.273 	69.632685 	-6.1518037 	-1.2149468
-0.97657658 	0.25 	0.273 	69.666126 	-6.0965549 	-1.2068605
-0.97777778 	0.25 	0.273 	69.707278 	-6.0492717 	-1.2010176
-0.97897898 	0.25 	0.273 	69.749019 	-6.0031901 	-1.1952538
-0.98018018 	0.25 	0.273 	69.790759 	-5.9571086 	-1.18949
-0.98138138 	0.25 	0.273 	69.833541 	-5.9113539 	-1.1840012
-0.98258258 	0.25 	0.273 	69.880283 	-5.8668429 	-1.1795585
-0.98378378 	0.25 	0.273 	69.917153 	-5.7966232 	-1.1708768
-0.98498498 	0.25 	0.273 	69.961945 	-5.7434968 	-1.1644436
-0.98618619 	0.25 	0.273 	70.009605 	-5.6966444 	-1.1587467
-0.98738739 	0.25 	0.273 	70.057415 	-5.6501299 	-1.1530805
-0.98858859 	0.25 	0.273 	70.105225 	-5.6036155 	-1.1474142
-0.98978979 	0.25 	0.273 	70.154809 	-5.5632477 	-1.1421419
-0.99099099 	0.25 	0.273 	70.205518 	-5.4913196 	-1.1348364
-0.99219219 	0.25 	0.273 	70.262213 	-5.4383101 	-1.1283571
-0.99339339 	0.25 	0.273 	70.319298 	-5.3863636 	-1.1224028
-0.99459459 	0.25 	0.273 	70.376382 	-5.3344171 	-1.1164485
-0.9957958 	0.25 	0.273 	70.433467 	-5.2824706 	-1.1104942
-0.996997 	0.25 	0.273 	70.490552 	-5.2305241 	-1.1045399
-0.9981982 	0.25 	0.273 	70.54815 	-5.1695886 	-1.0980717
-0.9993994 	0.25 	0.273 	70.603593 	-5.1017922 	-1.0911785
-1.0006006 	0.25 	0.273 	70.657238 	-5.0354198 	-1.0848361
-1.0018018 	0.25 	0.273 	70.710235 	-4.9721806 	-1.0787467
-1.003003 	0.25 	0.273 	70.761203 	-4.927152 	-1.0736235
-1.0042042 	0.25 	0.273 	70.812171 	-4.8821233 	-1.0685003
-1.0054054 	0.25 	0.273 	70.864039 	-4.8280225 	-1.0623022
-1.0066066 	0.25 	0.273 	70.910161 	-4.8253992 	-1.0587796
-1.0078078 	0.25 	0.273 	70.963616 	-4.7374909 	-1.0495044
-1.009009 	0.25 	0.273 	71.015833 	-4.6685149 	-1.0424731
-1.0102102 	0.25 	0.273 	71.112989 	-4.5856934 	-1.0341992
-1.0114114 	0.25 	0.273 	71.216276 	-4.5002396 	-1.0256784
-1.0126126 	0.25 	0.273 	71.31459 	-4.4280807 	-1.0180913
-1.0138138 	0.25 	0.273 	71.390778 	-4.376338 	-1.0118217
-1.015015 	0.25 	0.273 	71.422835 	-4.3180069 	-1.0047699
-1.0162162 	0.25 	0.273 	71.499984 	-4.2581327 	-0.99874343
-1.0174174 	0.25 	0.273 	71.585908 	-4.1979584 	-0.99291643
-1.0186186 	0.25 	0.273 	71.671832 	-4.137784 	-0.98708944
-1.0198198 	0.25 	0.273 	71.757513 	-4.0776374 	-0.98097563
-1.021021 	0.25 	0.273 	71.844961 	-4.013846 	-0.9742895
-1.0222222 	0.25 	0.273 	71.923513 	-3.9507257 	-0.96810823
-1.0234234 	0.25 	0.273 	72.017604 	-3.8859787 	-0.96208201
-1.0246246 	0.25 	0.273 	72.114762 	-3.8244696 	-0.95595688
-1.0258258 	0.25 	0.273 	72.21271 	-3.7637964 	-0.94980623
-1.027027 	0.25 	0.273 	72.310643 	-3.7031262 	-0.94363575
-1.0282282 	0.25 	0.273 	72.107926 	-3.5970879 	-0.93853789
-1.0294294 	0.25 	0.273 	72.359964 	-3.5538736 	-0.93089004
-1.0306306 	0.25 	0.273 	72.513668 	-3.4954497 	-0.92404443
-1.0318318 	0.25 	0.273 	72.529297 	-3.4167255 	-0.91814471
-1.033033 	0.25 	0.273 	72.544925 	-3.3380013 	-0.91224499
-1.0342342 	0.25 	0.273 	72.589571 	-3.2549351 	-0.90612027
-1.0354354 	0.25 	0.273 	72.388918 	-3.1317439 	-0.90096167
-1.0366366 	0.25 	0.273 	72.458234 	-3.0560272 	-0.89396332
-1.0378378 	0.25 	0.273 	72.730436 	-3.0116485 	-0.88586482
-1.039039 	0.25 	0.273 	72.770349 	-2.9244094 	-0.87936899
-1.0402402 	0.25 	0.273 	72.838726 	-2.831637 	-0.87272789
-1.0414414 	0.25 	0.273 	72.918704 	-2.7366094 	-0.86602759
-1.0426426 	0.25 	0.273 	72.697505 	-2.586224 	-0.86060689
-1.0438438 	0.25 	0.273 	72.782203 	-2.5345616 	-0.85516055
-1.045045 	0.25 	0.273 	73.055909 	-2.5368562 	-0.84949589
-1.0462462 	0.25 	0.273 	73.08131 	-2.4370045 	-0.84343354
-1.0474474 	0.25 	0.273 	73.152598 	-2.3561122 	-0.8379887
-1.0486486 	0.25 	0.273 	73.223885 	-2.2752198 	-0.83254385
-1.0498498 	0.25 	0.273 	73.295173 	-2.1943274 	-0.827099
-1.0510511 	0.25 	0.273 	73.36646 	-2.1134351 	-0.82165416
-1.0522523 	0.25 	0.273 	73.247696 	-1.9529139 	-0.81547885
-1.0534535 	0.25 	0.273 	73.144716 	-1.7841233 	-0.80835119
-1.0546547 	0.25 	0.273 	73.491757 	-1.713901 	-0.79741562
-1.0558559 	0.25 	0.273 	73.574803 	-1.5678595 	-0.78863834
-1.0570571 	0.25 	0.273 	73.657849 	-1.421818 	-0.77986106
-1.0582583 	0.25 	0.273 	73.740894 	-1.2757766 	-0.77108378
-1.0594595 	0.25 	0.273 	73.773734 	-1.1166216 	-0.76142569
-1.0606607 	0.25 	0.273 	73.875458 	-1.0149945 	-0.75487404
-1.0618619 	0.25 	0.273 	73.947375 	-0.89168554 	-0.74822049
-1.0630631 	0.25 	0.273 	74.019293 	-0.76837654 	-0.74156694
-1.0642643 	0.25 	0.273 	74.086067 	-0.64495933 	-0.73488943
-1.0654655 	0.25 	0.273 	74.147888 	-0.52143796 	-0.72818753
-1.0666667 	0.25 	0.273 	74.186193 	-0.41549142 	-0.7206606
-1.0678679 	0.25 	0.273 	74.312202 	-0.25929768 	-0.7129585
-1.0690691 	0.25 	0.273 	74.40905 	-0.12437988 	-0.70567794
-1.0702703 	0.25 	0.273 	74.505898 	0.01053791 	-0.69839737
-1.0714715 	0.25 	0.273 	74.602746 	0.1454557 	-0.6911168
-1.0726727 	0.25 	0.273 	74.699593 	0.2803735 	-0.68383623
-1.0738739 	0.25 	0.273 	74.777917 	0.39566844 	-0.6759965
-1.0750751 	0.25 	0.273 	74.920191 	0.56834206 	-0.66749374
-1.0762763 	0.25 	0.273 	75.036626 	0.72526908 	-0.65972256
-1.0774775 	0.25 	0.273 	75.148477 	0.87760339 	-0.65200726
-1.0786787 	0.25 	0.273 	75.260328 	1.0299377 	-0.64429195
-1.0798799 	0.25 	0.273 	75.372179 	1.182272 	-0.63657665
-1.0810811 	0.25 	0.273 	75.48339 	1.3345819 	-0.62841418
-1.0822823 	0.25 	0.273 	75.565248 	1.4395563 	-0.62012786
-1.0834835 	0.25 	0.273 	75.746037 	1.6570444 	-0.61121664
-1.0846847 	0.25 	0.273 	75.878945 	1.7935564 	-0.60307425
-1.0858859 	0.25 	0.273 	76.011853 	1.9300684 	-0.59493186
-1.0870871 	0.25 	0.273 	76.144761 	2.0665804 	-0.58678947
-1.0882883 	0.25 	0.273 	76.27704 	2.2030718 	-0.57824943
-1.0894895 	0.25 	0.273 	76.406191 	2.3450886 	-0.56893078
-1.0906907 	0.25 	0.273 	76.554637 	2.5072008 	-0.56003555
-1.0918919 	0.25 	0.273 	76.703083 	2.669313 	-0.55114031
-1.0930931 	0.25 	0.273 	76.851529 	2.8314253 	-0.54224508
-1.0942943 	0.25 	0.273 	76.999976 	2.9935375 	-0.53334984
-1.0954955 	0.25 	0.273 	76.944674 	3.306589 	-0.52117365
-1.0966967 	0.25 	0.273 	77.229841 	3.2453982 	-0.51718529
-1.0978979 	0.25 	0.273 	77.430074 	3.2754817 	-0.51131945
-1.0990991 	0.25 	0.273 	77.559064 	3.3791087 	-0.50406826
-1.1003003 	0.25 	0.273 	77.65305 	3.5173536 	-0.49628309
-1.1015015 	0.25 	0.273 	77.747035 	3.6555986 	-0.48849793
-1.1027027 	0.25 	0.273 	77.841021 	3.7938436 	-0.48071277
-1.1039039 	0.25 	0.273 	77.929882 	3.9371253 	-0.47282927
-1.1051051 	0.25 	0.273 	77.808184 	4.2873773 	-0.460905
-1.1063063 	0.25 	0.273 	77.926214 	4.4328185 	-0.44962711
-1.1075075 	0.25 	0.273 	78.302326 	4.3659274 	-0.43938453
-1.1087087 	0.25 	0.273 	78.386472 	4.5698222 	-0.42924305
-1.1099099 	0.25 	0.273 	78.482587 	4.7801103 	-0.41869476
-1.1111111 	0.25 	0.273 	78.596169 	4.9997287 	-0.40755273
-1.1123123 	0.25 	0.273 	78.454576 	5.4546365 	-0.39569131
-1.1135135 	0.25 	0.273 	78.51802 	5.654854 	-0.3857535
-1.1147147 	0.25 	0.273 	78.810713 	5.5954322 	-0.37740329
-1.1159159 	0.25 	0.273 	78.867853 	5.7841019 	-0.36765201
-1.1171171 	0.25 	0.273 	78.877061 	6.0226803 	-0.35754824
-1.1183183 	0.25 	0.273 	78.808774 	6.3419505 	-0.34687457
-1.1195195 	0.25 	0.273 	78.740096 	6.6609886 	-0.33577515
-1.1207207 	0.25 	0.273 	78.671555 	6.9839321 	-0.32410216
-1.1219219 	0.25 	0.273 	78.632558 	7.2991038 	-0.31288856
-1.1231231 	0.25 	0.273 	78.593562 	7.6142755 	-0.30167496
-1.1243243 	0.25 	0.273 	78.554565 	7.9294472 	-0.29046136
-1.1255255 	0.25 	0.273 	78.515569 	8.2446189 	-0.27924776
-1.1267267 	0.25 	0.273 	78.570202 	8.4806559 	-0.27165201
-1.1279279 	0.25 	0.273 	78.74741 	8.6108328 	-0.26856487
-1.1291291 	0.25 	0.273 	78.550287 	9.0399643 	-0.25201067
-1.1303303 	0.25 	0.273 	78.543471 	9.3581665 	-0.24252926
-1.1315315 	0.25 	0.273 	78.518839 	9.7419613 	-0.23137712
-1.1327327 	0.25 	0.273 	78.494208 	10.125756 	-0.22022497
-1.1339339 	0.25 	0.273 	78.553197 	10.449948 	-0.21188083
-1.1351351 	0.25 	0.273 	78.675109 	10.668396 	-0.20668707
-1.1363363 	0.25 	0.273 	78.527147 	10.893621 	-0.19559221
-1.1375375 	0.25 	0.273 	78.425176 	11.242651 	-0.18634109
-1.1387387 	0.25 	0.273 	78.32516 	11.596943 	-0.17716832
-1.1399399 	0.25 	0.273 	78.225143 	11.951234 	-0.16799555
-1.1411411 	0.25 	0.273 	78.125127 	12.305525 	-0.15882279
-1.1423423 	0.25 	0.273 	78.128119 	12.683697 	-0.15108333
-1.1435435 	0.25 	0.273 	78.157135 	13.141219 	-0.1436423
-1.1447447 	0.25 	0.273 	78.157769 	13.529559 	-0.13614455
-1.1459459 	0.25 	0.273 	78.151276 	13.898157 	-0.12900246
-1.1471471 	0.25 	0.273 	78.137295 	14.253873 	-0.12224726
-1.1483483 	0.25 	0.273 	78.123315 	14.609589 	-0.11549205
-1.1495495 	0.25 	0.273 	78.109334 	14.965305 	-0.10873685
-1.1507508 	0.25 	0.273 	78.09967 	15.318838 	-0.10144478
-1.151952 	0.25 	0.273 	78.086964 	15.675817 	-0.093818705
-1.1531532 	0.25 	0.273 	78.064126 	16.048541 	-0.086232321
-1.1543544 	0.25 	0.273 	78.028041 	16.45816 	-0.079083333
-1.1555556 	0.25 	0.273 	77.991956 	16.86778 	-0.071934345
-1.1567568 	0.25 	0.273 	77.955872 	17.277399 	-0.064785357
-1.157958 	0.25 	0.273 	77.916787 	17.692202 	-0.057450198
-1.1591592 	0.25 	0.273 	77.863274 	18.136565 	-0.04944175
-1.1603604 	0.25 	0.273 	77.808981 	18.662874 	-0.041121882
-1.1615616 	0.25 	0.273 	77.707165 	19.17975 	-0.033232056
-1.1627628 	0.25 	0.273 	77.585093 	19.692061 	-0.025591538
-1.163964 	0.25 	0.273 	77.463022 	20.204372 	-0.017951019
-1.1651652 	0.25 	0.273 	77.34095 	20.716683 	-0.010310501
-1.1663664 	0.25 	0.273 	77.165894 	21.198561 	-0.0022382009
-1.1675676 	0.25 	0.273 	76.963353 	21.679312 	0.0062676985
-1.1687688 	0.25 	0.273 	76.755624 	22.186987 	0.014916658
-1.16997 	0.25 	0.273 	76.511351 	22.717225 	0.022874121
-1.1711712 	0.25 	0.273 	76.267079 	23.247462 	0.030831584
-1.1723724 	0.25 	0.273 	76.022806 	23.777699 	0.038789047
-1.1735736 	0.25 	0.273 	75.760217 	24.274475 	0.046911532
-1.1747748 	0.25 	0.273 	75.451579 	24.770756 	0.05516117
-1.175976 	0.25 	0.273 	75.154777 	25.279334 	0.063961255
-1.1771772 	0.25 	0.273 	74.79692 	25.800625 	0.072493872
-1.1783784 	0.25 	0.273 	74.40975 	26.340857 	0.08078496
-1.1795796 	0.25 	0.273 	74.023213 	26.882258 	0.089071352
-1.1807808 	0.25 	0.273 	73.636676 	27.423659 	0.097357745
-1.181982 	0.25 	0.273 	73.198769 	27.972678 	0.10603266
-1.1831832 	0.25 	0.273 	72.717853 	28.525138 	0.11514405
-1.1843844 	0.25 	0.273 	72.242416 	29.064378 	0.12443609
-1.1855856 	0.25 	0.273 	71.610802 	29.534647 	0.13303422
-1.1867868 	0.25 	0.273 	70.979187 	30.004916 	0.14163234
-1.187988 	0.25 	0.273 	70.386161 	30.468486 	0.14983399
-1.1891892 	0.25 	0.273 	69.916741 	30.904223 	0.15666384
-1.1903904 	0.25 	0.273 	69.29586 	31.269284 	0.16350015
-1.1915916 	0.25 	0.273 	68.814823 	31.517895 	0.16919525
-1.1927928 	0.25 	0.273 	68.360577 	31.744197 	0.17467172
-1.193994 	0.25 	0.273 	67.856525 	31.911927 	0.18003109
-1.1951952 	0.25 	0.273 	67.315611 	31.972813 	0.18484852
-1.1963964 	0.25 	0.273 	66.774697 	32.033699 	0.18966594
-1.1975976 	0.25 	0.273 	66.233782 	32.094586 	0.19448337
-1.1987988 	0.25 	0.273 	65.692868 	32.155472 	0.1993008
-1.2 	0.25 	0.273 	65.151954 	32.216358 	0.20411823
