0 	0.25 	0.364 	52.53412 	-6.1754483 	-3.7875466
-0.0012012012 	0.25 	0.364 	52.54285 	-6.1884755 	-3.7889544
-0.0024024024 	0.25 	0.364 	52.551579 	-6.2015027 	-3.7903621
-0.0036036036 	0.25 	0.364 	52.560309 	-6.21453 	-3.7917699
-0.0048048048 	0.25 	0.364 	52.568355 	-6.2264275 	-3.7930518
-0.006006006 	0.25 	0.364 	52.576165 	-6.2379332 	-3.7942902
-0.0072072072 	0.25 	0.364 	52.583974 	-6.249439 	-3.7955285
-0.0084084084 	0.25 	0.364 	52.591784 	-6.2609448 	-3.7967669
-0.0096096096 	0.25 	0.364 	52.599593 	-6.2724505 	-3.7980052
-0.010810811 	0.25 	0.364 	52.607403 	-6.2839563 	-3.7992436
-0.012012012 	0.25 	0.364 	52.615212 	-6.2954621 	-3.8004819
-0.013213213 	0.25 	0.364 	52.623022 	-6.3069678 	-3.8017203
-0.014414414 	0.25 	0.364 	52.630831 	-6.3184736 	-3.8029586
-0.015615616 	0.25 	0.364 	52.638641 	-6.3299794 	-3.804197
-0.016816817 	0.25 	0.364 	52.64645 	-6.3414851 	-3.8054353
-0.018018018 	0.25 	0.364 	52.65426 	-6.3529909 	-3.8066737
-0.019219219 	0.25 	0.364 	52.662069 	-6.3644967 	-3.807912
-0.02042042 	0.25 	0.364 	52.669879 	-6.3760024 	-3.8091504
-0.021621622 	0.25 	0.364 	52.678834 	-6.3886682 	-3.8106933
-0.022822823 	0.25 	0.364 	52.688279 	-6.401829 	-3.8123662
-0.024024024 	0.25 	0.364 	52.697724 	-6.4149898 	-3.8140391
-0.025225225 	0.25 	0.364 	52.707169 	-6.4281506 	-3.815712
-0.026426426 	0.25 	0.364 	52.716613 	-6.4413115 	-3.8173849
-0.027627628 	0.25 	0.364 	52.726058 	-6.4544723 	-3.8190578
-0.028828829 	0.25 	0.364 	52.735503 	-6.4676331 	-3.8207307
-0.03003003 	0.25 	0.364 	52.744947 	-6.4807939 	-3.8224036
-0.031231231 	0.25 	0.364 	52.754392 	-6.4939547 	-3.8240765
-0.032432432 	0.25 	0.364 	52.763837 	-6.5071155 	-3.8257494
-0.033633634 	0.25 	0.364 	52.773282 	-6.5202764 	-3.8274223
-0.034834835 	0.25 	0.364 	52.782726 	-6.5334372 	-3.8290953
-0.036036036 	0.25 	0.364 	52.792171 	-6.546598 	-3.8307682
-0.037237237 	0.25 	0.364 	52.801616 	-6.5597588 	-3.8324411
-0.038438438 	0.25 	0.364 	52.81106 	-6.5729196 	-3.834114
-0.03963964 	0.25 	0.364 	52.820505 	-6.5860805 	-3.8357869
-0.040840841 	0.25 	0.364 	52.82995 	-6.5992413 	-3.8374598
-0.042042042 	0.25 	0.364 	52.839395 	-6.6124021 	-3.8391327
-0.043243243 	0.25 	0.364 	52.848839 	-6.6255629 	-3.8408056
-0.044444444 	0.25 	0.364 	52.858284 	-6.6387237 	-3.8424785
-0.045645646 	0.25 	0.364 	52.867729 	-6.6518845 	-3.8441514
-0.046846847 	0.25 	0.364 	52.877173 	-6.6650454 	-3.8458243
-0.048048048 	0.25 	0.364 	52.886618 	-6.6782062 	-3.8474972
-0.049249249 	0.25 	0.364 	52.896063 	-6.691367 	-3.8491701
-0.05045045 	0.25 	0.364 	52.905508 	-6.7045278 	-3.850843
-0.051651652 	0.25 	0.364 	52.914952 	-6.7176886 	-3.8525159
-0.052852853 	0.25 	0.364 	52.924397 	-6.7308495 	-3.8541888
-0.054054054 	0.25 	0.364 	52.933842 	-6.7440103 	-3.8558617
-0.055255255 	0.25 	0.364 	52.943253 	-6.7571258 	-3.8575285
-0.056456456 	0.25 	0.364 	52.951644 	-6.768862 	-3.8590106
-0.057657658 	0.25 	0.364 	52.960034 	-6.7805982 	-3.8604927
-0.058858859 	0.25 	0.364 	52.968425 	-6.7923343 	-3.8619748
-0.06006006 	0.25 	0.364 	52.976816 	-6.8040705 	-3.8634568
-0.061261261 	0.25 	0.364 	52.987972 	-6.8197025 	-3.8643471
-0.062462462 	0.25 	0.364 	52.999232 	-6.8354801 	-3.8652152
-0.063663664 	0.25 	0.364 	53.010492 	-6.8512576 	-3.8660834
-0.064864865 	0.25 	0.364 	53.021752 	-6.8670352 	-3.8669516
-0.066066066 	0.25 	0.364 	53.03355 	-6.8799029 	-3.8682098
-0.067267267 	0.25 	0.364 	53.045406 	-6.89246 	-3.8695098
-0.068468468 	0.25 	0.364 	53.057262 	-6.9050171 	-3.8708097
-0.06966967 	0.25 	0.364 	53.069118 	-6.9175742 	-3.8721096
-0.070870871 	0.25 	0.364 	53.080974 	-6.9301312 	-3.8734095
-0.072072072 	0.25 	0.364 	53.09283 	-6.9426883 	-3.8747094
-0.073273273 	0.25 	0.364 	53.104686 	-6.9552454 	-3.8760094
-0.074474474 	0.25 	0.364 	53.116543 	-6.9678025 	-3.8773093
-0.075675676 	0.25 	0.364 	53.128399 	-6.9803596 	-3.8786092
-0.076876877 	0.25 	0.364 	53.140255 	-6.9929166 	-3.8799091
-0.078078078 	0.25 	0.364 	53.152111 	-7.0054737 	-3.8812091
-0.079279279 	0.25 	0.364 	53.163967 	-7.0180308 	-3.882509
-0.08048048 	0.25 	0.364 	53.175823 	-7.0305879 	-3.8838089
-0.081681682 	0.25 	0.364 	53.187679 	-7.043145 	-3.8851088
-0.082882883 	0.25 	0.364 	53.199535 	-7.0557021 	-3.8864087
-0.084084084 	0.25 	0.364 	53.211391 	-7.0682591 	-3.8877087
-0.085285285 	0.25 	0.364 	53.223247 	-7.0808162 	-3.8890086
-0.086486486 	0.25 	0.364 	53.235103 	-7.0933733 	-3.8903085
-0.087687688 	0.25 	0.364 	53.246959 	-7.1059304 	-3.8916084
-0.088888889 	0.25 	0.364 	53.258815 	-7.1184875 	-3.8929084
-0.09009009 	0.25 	0.364 	53.270671 	-7.1310446 	-3.8942083
-0.091291291 	0.25 	0.364 	53.282527 	-7.1436016 	-3.8955082
-0.092492492 	0.25 	0.364 	53.294383 	-7.1561587 	-3.8968081
-0.093693694 	0.25 	0.364 	53.306239 	-7.1687158 	-3.898108
-0.094894895 	0.25 	0.364 	53.318095 	-7.1812729 	-3.899408
-0.096096096 	0.25 	0.364 	53.329951 	-7.19383 	-3.9007079
-0.097297297 	0.25 	0.364 	53.341807 	-7.206387 	-3.9020078
-0.098498498 	0.25 	0.364 	53.353663 	-7.2189441 	-3.9033077
-0.0996997 	0.25 	0.364 	53.365519 	-7.2315012 	-3.9046077
-0.1009009 	0.25 	0.364 	53.377503 	-7.2428258 	-3.9057509
-0.1021021 	0.25 	0.364 	53.389495 	-7.2540786 	-3.906885
-0.1033033 	0.25 	0.364 	53.401486 	-7.2653313 	-3.9080191
-0.1045045 	0.25 	0.364 	53.413478 	-7.2765841 	-3.9091531
-0.10570571 	0.25 	0.364 	53.425469 	-7.2878369 	-3.9102872
-0.10690691 	0.25 	0.364 	53.437461 	-7.2990897 	-3.9114213
-0.10810811 	0.25 	0.364 	53.449452 	-7.3103424 	-3.9125554
-0.10930931 	0.25 	0.364 	53.461443 	-7.3215952 	-3.9136895
-0.11051051 	0.25 	0.364 	53.473435 	-7.332848 	-3.9148236
-0.11171171 	0.25 	0.364 	53.485426 	-7.3441007 	-3.9159577
-0.11291291 	0.25 	0.364 	53.497418 	-7.3553535 	-3.9170917
-0.11411411 	0.25 	0.364 	53.509409 	-7.3666063 	-3.9182258
-0.11531532 	0.25 	0.364 	53.521401 	-7.3778591 	-3.9193599
-0.11651652 	0.25 	0.364 	53.533653 	-7.3883339 	-3.9205522
-0.11771772 	0.25 	0.364 	53.546618 	-7.3966883 	-3.921903
-0.11891892 	0.25 	0.364 	53.559583 	-7.4050427 	-3.9232538
-0.12012012 	0.25 	0.364 	53.572547 	-7.413397 	-3.9246046
-0.12132132 	0.25 	0.364 	53.585983 	-7.4225702 	-3.925855
-0.12252252 	0.25 	0.364 	53.601215 	-7.4348633 	-3.9267227
-0.12372372 	0.25 	0.364 	53.616446 	-7.4471565 	-3.9275904
-0.12492492 	0.25 	0.364 	53.631678 	-7.4594496 	-3.9284581
-0.12612613 	0.25 	0.364 	53.646886 	-7.4716081 	-3.929325
-0.12732733 	0.25 	0.364 	53.661962 	-7.4830043 	-3.9301875
-0.12852853 	0.25 	0.364 	53.677038 	-7.4944005 	-3.93105
-0.12972973 	0.25 	0.364 	53.692115 	-7.5057968 	-3.9319125
-0.13093093 	0.25 	0.364 	53.707191 	-7.517193 	-3.932775
-0.13213213 	0.25 	0.364 	53.722267 	-7.5285893 	-3.9336375
-0.13333333 	0.25 	0.364 	53.737343 	-7.5399855 	-3.9345
-0.13453453 	0.25 	0.364 	53.752419 	-7.5513818 	-3.9353625
-0.13573574 	0.25 	0.364 	53.767495 	-7.562778 	-3.936225
-0.13693694 	0.25 	0.364 	53.782572 	-7.5741742 	-3.9370875
-0.13813814 	0.25 	0.364 	53.797648 	-7.5855705 	-3.9379501
-0.13933934 	0.25 	0.364 	53.812724 	-7.5969667 	-3.9388126
-0.14054054 	0.25 	0.364 	53.8278 	-7.608363 	-3.9396751
-0.14174174 	0.25 	0.364 	53.842876 	-7.6197592 	-3.9405376
-0.14294294 	0.25 	0.364 	53.857824 	-7.6312891 	-3.9415113
-0.14414414 	0.25 	0.364 	53.872698 	-7.6428963 	-3.9425494
-0.14534535 	0.25 	0.364 	53.887572 	-7.6545036 	-3.9435875
-0.14654655 	0.25 	0.364 	53.902446 	-7.6661108 	-3.9446256
-0.14774775 	0.25 	0.364 	53.91732 	-7.677718 	-3.9456636
-0.14894895 	0.25 	0.364 	53.932193 	-7.6893252 	-3.9467017
-0.15015015 	0.25 	0.364 	53.947067 	-7.7009325 	-3.9477398
-0.15135135 	0.25 	0.364 	53.961941 	-7.7125397 	-3.9487779
-0.15255255 	0.25 	0.364 	53.976815 	-7.7241469 	-3.949816
-0.15375375 	0.25 	0.364 	53.991689 	-7.7357541 	-3.950854
-0.15495495 	0.25 	0.364 	54.006563 	-7.7473613 	-3.9518921
-0.15615616 	0.25 	0.364 	54.021436 	-7.7589686 	-3.9529302
-0.15735736 	0.25 	0.364 	54.03631 	-7.7705758 	-3.9539683
-0.15855856 	0.25 	0.364 	54.051184 	-7.782183 	-3.9550064
-0.15975976 	0.25 	0.364 	54.066058 	-7.7937902 	-3.9560445
-0.16096096 	0.25 	0.364 	54.080932 	-7.8053974 	-3.9570825
-0.16216216 	0.25 	0.364 	54.095806 	-7.8170047 	-3.9581206
-0.16336336 	0.25 	0.364 	54.110679 	-7.8286119 	-3.9591587
-0.16456456 	0.25 	0.364 	54.125553 	-7.8402191 	-3.9601968
-0.16576577 	0.25 	0.364 	54.140427 	-7.8518263 	-3.9612349
-0.16696697 	0.25 	0.364 	54.155301 	-7.8634336 	-3.9622729
-0.16816817 	0.25 	0.364 	54.170175 	-7.8750408 	-3.963311
-0.16936937 	0.25 	0.364 	54.185049 	-7.886648 	-3.9643491
-0.17057057 	0.25 	0.364 	54.199922 	-7.8982552 	-3.9653872
-0.17177177 	0.25 	0.364 	54.214796 	-7.9098624 	-3.9664253
-0.17297297 	0.25 	0.364 	54.22967 	-7.9214697 	-3.9674633
-0.17417417 	0.25 	0.364 	54.244544 	-7.9330769 	-3.9685014
-0.17537538 	0.25 	0.364 	54.259418 	-7.9446841 	-3.9695395
-0.17657658 	0.25 	0.364 	54.274292 	-7.9562913 	-3.9705776
-0.17777778 	0.25 	0.364 	54.289027 	-7.9674993 	-3.971596
-0.17897898 	0.25 	0.364 	54.303645 	-7.9783667 	-3.9725977
-0.18018018 	0.25 	0.364 	54.318264 	-7.989234 	-3.9735993
-0.18138138 	0.25 	0.364 	54.332882 	-8.0001014 	-3.974601
-0.18258258 	0.25 	0.364 	54.349414 	-8.0123357 	-3.975276
-0.18378378 	0.25 	0.364 	54.368011 	-8.0260446 	-3.9755986
-0.18498498 	0.25 	0.364 	54.386608 	-8.0397534 	-3.9759212
-0.18618619 	0.25 	0.364 	54.405206 	-8.0534622 	-3.9762438
-0.18738739 	0.25 	0.364 	54.423114 	-8.0659963 	-3.9767252
-0.18858859 	0.25 	0.364 	54.440076 	-8.0769167 	-3.9774245
-0.18978979 	0.25 	0.364 	54.457037 	-8.0878372 	-3.9781239
-0.19099099 	0.25 	0.364 	54.473999 	-8.0987577 	-3.9788232
-0.19219219 	0.25 	0.364 	54.490961 	-8.1096782 	-3.9795226
-0.19339339 	0.25 	0.364 	54.507922 	-8.1205986 	-3.980222
-0.19459459 	0.25 	0.364 	54.524884 	-8.1315191 	-3.9809213
-0.1957958 	0.25 	0.364 	54.541846 	-8.1424396 	-3.9816207
-0.196997 	0.25 	0.364 	54.558807 	-8.1533601 	-3.9823201
-0.1981982 	0.25 	0.364 	54.575769 	-8.1642806 	-3.9830194
-0.1993994 	0.25 	0.364 	54.592731 	-8.175201 	-3.9837188
-0.2006006 	0.25 	0.364 	54.609692 	-8.1861215 	-3.9844181
-0.2018018 	0.25 	0.364 	54.626654 	-8.197042 	-3.9851175
-0.203003 	0.25 	0.364 	54.643616 	-8.2079625 	-3.9858169
-0.2042042 	0.25 	0.364 	54.660577 	-8.218883 	-3.9865162
-0.20540541 	0.25 	0.364 	54.677539 	-8.2298034 	-3.9872156
-0.20660661 	0.25 	0.364 	54.694501 	-8.2407239 	-3.9879149
-0.20780781 	0.25 	0.364 	54.711462 	-8.2516444 	-3.9886143
-0.20900901 	0.25 	0.364 	54.728424 	-8.2625649 	-3.9893137
-0.21021021 	0.25 	0.364 	54.745386 	-8.2734854 	-3.990013
-0.21141141 	0.25 	0.364 	54.762347 	-8.2844058 	-3.9907124
-0.21261261 	0.25 	0.364 	54.779309 	-8.2953263 	-3.9914118
-0.21381381 	0.25 	0.364 	54.796271 	-8.3062468 	-3.9921111
-0.21501502 	0.25 	0.364 	54.813233 	-8.3171673 	-3.9928105
-0.21621622 	0.25 	0.364 	54.830194 	-8.3280878 	-3.9935098
-0.21741742 	0.25 	0.364 	54.847156 	-8.3390082 	-3.9942092
-0.21861862 	0.25 	0.364 	54.864118 	-8.3499287 	-3.9949086
-0.21981982 	0.25 	0.364 	54.881079 	-8.3608492 	-3.9956079
-0.22102102 	0.25 	0.364 	54.898041 	-8.3717697 	-3.9963073
-0.22222222 	0.25 	0.364 	54.915003 	-8.3826902 	-3.9970066
-0.22342342 	0.25 	0.364 	54.932835 	-8.393165 	-3.9974905
-0.22462462 	0.25 	0.364 	54.950686 	-8.4036302 	-3.9979697
-0.22582583 	0.25 	0.364 	54.968538 	-8.4140953 	-3.9984489
-0.22702703 	0.25 	0.364 	54.986389 	-8.4245605 	-3.998928
-0.22822823 	0.25 	0.364 	55.00424 	-8.4350257 	-3.9994072
-0.22942943 	0.25 	0.364 	55.022092 	-8.4454909 	-3.9998864
-0.23063063 	0.25 	0.364 	55.039943 	-8.4559561 	-4.0003656
-0.23183183 	0.25 	0.364 	55.057794 	-8.4664212 	-4.0008448
-0.23303303 	0.25 	0.364 	55.075645 	-8.4768864 	-4.0013239
-0.23423423 	0.25 	0.364 	55.093497 	-8.4873516 	-4.0018031
-0.23543544 	0.25 	0.364 	55.111348 	-8.4978168 	-4.0022823
-0.23663664 	0.25 	0.364 	55.129199 	-8.508282 	-4.0027615
-0.23783784 	0.25 	0.364 	55.147051 	-8.5187471 	-4.0032407
-0.23903904 	0.25 	0.364 	55.163985 	-8.5272726 	-4.0039484
-0.24024024 	0.25 	0.364 	55.18068 	-8.5352923 	-4.0047157
-0.24144144 	0.25 	0.364 	55.197375 	-8.5433119 	-4.0054831
-0.24264264 	0.25 	0.364 	55.21407 	-8.5513315 	-4.0062504
-0.24384384 	0.25 	0.364 	55.234005 	-8.561125 	-4.0065432
-0.24504505 	0.25 	0.364 	55.25512 	-8.5715641 	-4.0066632
-0.24624625 	0.25 	0.364 	55.276234 	-8.5820032 	-4.0067832
-0.24744745 	0.25 	0.364 	55.297348 	-8.5924423 	-4.0069033
-0.24864865 	0.25 	0.364 	55.317337 	-8.6029934 	-4.0070162
-0.24984985 	0.25 	0.364 	55.336783 	-8.6135985 	-4.0071258
-0.25105105 	0.25 	0.364 	55.356228 	-8.6242037 	-4.0072353
-0.25225225 	0.25 	0.364 	55.375674 	-8.6348088 	-4.0073449
-0.25345345 	0.25 	0.364 	55.395119 	-8.645414 	-4.0074544
-0.25465465 	0.25 	0.364 	55.414565 	-8.6560191 	-4.0075639
-0.25585586 	0.25 	0.364 	55.434011 	-8.6666242 	-4.0076735
-0.25705706 	0.25 	0.364 	55.453456 	-8.6772294 	-4.007783
-0.25825826 	0.25 	0.364 	55.472902 	-8.6878345 	-4.0078926
-0.25945946 	0.25 	0.364 	55.492347 	-8.6984397 	-4.0080021
-0.26066066 	0.25 	0.364 	55.511793 	-8.7090448 	-4.0081116
-0.26186186 	0.25 	0.364 	55.531238 	-8.71965 	-4.0082212
-0.26306306 	0.25 	0.364 	55.550684 	-8.7302551 	-4.0083307
-0.26426426 	0.25 	0.364 	55.569249 	-8.7405395 	-4.008571
-0.26546547 	0.25 	0.364 	55.587343 	-8.7506526 	-4.0088811
-0.26666667 	0.25 	0.364 	55.605437 	-8.7607657 	-4.0091912
-0.26786787 	0.25 	0.364 	55.623531 	-8.7708787 	-4.0095012
-0.26906907 	0.25 	0.364 	55.641625 	-8.7809918 	-4.0098113
-0.27027027 	0.25 	0.364 	55.659719 	-8.7911049 	-4.0101214
-0.27147147 	0.25 	0.364 	55.677814 	-8.801218 	-4.0104315
-0.27267267 	0.25 	0.364 	55.695908 	-8.8113311 	-4.0107416
-0.27387387 	0.25 	0.364 	55.714002 	-8.8214441 	-4.0110517
-0.27507508 	0.25 	0.364 	55.732096 	-8.8315572 	-4.0113618
-0.27627628 	0.25 	0.364 	55.75019 	-8.8416703 	-4.0116718
-0.27747748 	0.25 	0.364 	55.768284 	-8.8517834 	-4.0119819
-0.27867868 	0.25 	0.364 	55.786379 	-8.8618965 	-4.012292
-0.27987988 	0.25 	0.364 	55.804473 	-8.8720095 	-4.0126021
-0.28108108 	0.25 	0.364 	55.822567 	-8.8821226 	-4.0129122
-0.28228228 	0.25 	0.364 	55.840661 	-8.8922357 	-4.0132223
-0.28348348 	0.25 	0.364 	55.858755 	-8.9023488 	-4.0135323
-0.28468468 	0.25 	0.364 	55.876849 	-8.9124619 	-4.0138424
-0.28588589 	0.25 	0.364 	55.894943 	-8.9225749 	-4.0141525
-0.28708709 	0.25 	0.364 	55.913038 	-8.932688 	-4.0144626
-0.28828829 	0.25 	0.364 	55.931132 	-8.9428011 	-4.0147727
-0.28948949 	0.25 	0.364 	55.949226 	-8.9529142 	-4.0150828
-0.29069069 	0.25 	0.364 	55.96732 	-8.9630272 	-4.0153928
-0.29189189 	0.25 	0.364 	55.985414 	-8.9731403 	-4.0157029
-0.29309309 	0.25 	0.364 	56.003508 	-8.9832534 	-4.016013
-0.29429429 	0.25 	0.364 	56.021603 	-8.9933665 	-4.0163231
-0.2954955 	0.25 	0.364 	56.039697 	-9.0034796 	-4.0166332
-0.2966967 	0.25 	0.364 	56.057791 	-9.0135926 	-4.0169433
-0.2978979 	0.25 	0.364 	56.075885 	-9.0237057 	-4.0172533
-0.2990991 	0.25 	0.364 	56.093885 	-9.0338352 	-4.0175627
-0.3003003 	0.25 	0.364 	56.11027 	-9.0442451 	-4.0178596
-0.3015015 	0.25 	0.364 	56.126656 	-9.054655 	-4.0181565
-0.3027027 	0.25 	0.364 	56.143042 	-9.065065 	-4.0184534
-0.3039039 	0.25 	0.364 	56.159427 	-9.0754749 	-4.0187503
-0.30510511 	0.25 	0.364 	56.182054 	-9.0868677 	-4.0183247
-0.30630631 	0.25 	0.364 	56.204704 	-9.0982642 	-4.0178963
-0.30750751 	0.25 	0.364 	56.227355 	-9.1096607 	-4.017468
-0.30870871 	0.25 	0.364 	56.250005 	-9.1210573 	-4.0170396
-0.30990991 	0.25 	0.364 	56.269351 	-9.1303438 	-4.0167586
-0.31111111 	0.25 	0.364 	56.28847 	-9.1394858 	-4.0164876
-0.31231231 	0.25 	0.364 	56.307589 	-9.1486278 	-4.0162166
-0.31351351 	0.25 	0.364 	56.326708 	-9.1577698 	-4.0159457
-0.31471471 	0.25 	0.364 	56.345827 	-9.1669118 	-4.0156747
-0.31591592 	0.25 	0.364 	56.364947 	-9.1760538 	-4.0154037
-0.31711712 	0.25 	0.364 	56.384066 	-9.1851958 	-4.0151328
-0.31831832 	0.25 	0.364 	56.403185 	-9.1943378 	-4.0148618
-0.31951952 	0.25 	0.364 	56.422304 	-9.2034798 	-4.0145909
-0.32072072 	0.25 	0.364 	56.441423 	-9.2126218 	-4.0143199
-0.32192192 	0.25 	0.364 	56.460543 	-9.2217638 	-4.0140489
-0.32312312 	0.25 	0.364 	56.479662 	-9.2309058 	-4.013778
-0.32432432 	0.25 	0.364 	56.498781 	-9.2400478 	-4.013507
-0.32552553 	0.25 	0.364 	56.5179 	-9.2491898 	-4.013236
-0.32672673 	0.25 	0.364 	56.537019 	-9.2583318 	-4.0129651
-0.32792793 	0.25 	0.364 	56.556138 	-9.2674738 	-4.0126941
-0.32912913 	0.25 	0.364 	56.575258 	-9.2766158 	-4.0124232
-0.33033033 	0.25 	0.364 	56.594377 	-9.2857578 	-4.0121522
-0.33153153 	0.25 	0.364 	56.613496 	-9.2948999 	-4.0118812
-0.33273273 	0.25 	0.364 	56.632615 	-9.3040419 	-4.0116103
-0.33393393 	0.25 	0.364 	56.651734 	-9.3131839 	-4.0113393
-0.33513514 	0.25 	0.364 	56.670854 	-9.3223259 	-4.0110683
-0.33633634 	0.25 	0.364 	56.689973 	-9.3314679 	-4.0107974
-0.33753754 	0.25 	0.364 	56.709092 	-9.3406099 	-4.0105264
-0.33873874 	0.25 	0.364 	56.728211 	-9.3497519 	-4.0102555
-0.33993994 	0.25 	0.364 	56.74733 	-9.3588939 	-4.0099845
-0.34114114 	0.25 	0.364 	56.766449 	-9.3680359 	-4.0097135
-0.34234234 	0.25 	0.364 	56.785569 	-9.3771779 	-4.0094426
-0.34354354 	0.25 	0.364 	56.804688 	-9.3863199 	-4.0091716
-0.34474474 	0.25 	0.364 	56.823807 	-9.3954619 	-4.0089006
-0.34594595 	0.25 	0.364 	56.845184 	-9.4055945 	-4.0083355
-0.34714715 	0.25 	0.364 	56.866641 	-9.4157619 	-4.0077601
-0.34834835 	0.25 	0.364 	56.888097 	-9.4259293 	-4.0071847
-0.34954955 	0.25 	0.364 	56.909554 	-9.4360967 	-4.0066093
-0.35075075 	0.25 	0.364 	56.93101 	-9.446264 	-4.0060338
-0.35195195 	0.25 	0.364 	56.952467 	-9.4564314 	-4.0054584
-0.35315315 	0.25 	0.364 	56.973923 	-9.4665988 	-4.004883
-0.35435435 	0.25 	0.364 	56.99538 	-9.4767661 	-4.0043076
-0.35555556 	0.25 	0.364 	57.016836 	-9.4869335 	-4.0037321
-0.35675676 	0.25 	0.364 	57.038293 	-9.4971009 	-4.0031567
-0.35795796 	0.25 	0.364 	57.059749 	-9.5072683 	-4.0025813
-0.35915916 	0.25 	0.364 	57.081206 	-9.5174356 	-4.0020058
-0.36036036 	0.25 	0.364 	57.101681 	-9.5269898 	-4.0014909
-0.36156156 	0.25 	0.364 	57.119908 	-9.5351396 	-4.0011145
-0.36276276 	0.25 	0.364 	57.138135 	-9.5432894 	-4.000738
-0.36396396 	0.25 	0.364 	57.156363 	-9.5514392 	-4.0003616
-0.36516517 	0.25 	0.364 	57.176291 	-9.5593679 	-3.9998271
-0.36636637 	0.25 	0.364 	57.201496 	-9.5666109 	-3.9988023
-0.36756757 	0.25 	0.364 	57.226701 	-9.5738539 	-3.9977776
-0.36876877 	0.25 	0.364 	57.251906 	-9.5810969 	-3.9967528
-0.36996997 	0.25 	0.364 	57.276656 	-9.5880419 	-3.9957051
-0.37117117 	0.25 	0.364 	57.299404 	-9.5936752 	-3.9945565
-0.37237237 	0.25 	0.364 	57.322152 	-9.5993085 	-3.9934079
-0.37357357 	0.25 	0.364 	57.3449 	-9.6049418 	-3.9922592
-0.37477477 	0.25 	0.364 	57.367647 	-9.6105751 	-3.9911106
-0.37597598 	0.25 	0.364 	57.390395 	-9.6162085 	-3.9899619
-0.37717718 	0.25 	0.364 	57.413143 	-9.6218418 	-3.9888133
-0.37837838 	0.25 	0.364 	57.435891 	-9.6274751 	-3.9876647
-0.37957958 	0.25 	0.364 	57.458638 	-9.6331084 	-3.986516
-0.38078078 	0.25 	0.364 	57.481386 	-9.6387417 	-3.9853674
-0.38198198 	0.25 	0.364 	57.504134 	-9.644375 	-3.9842188
-0.38318318 	0.25 	0.364 	57.526882 	-9.6500083 	-3.9830701
-0.38438438 	0.25 	0.364 	57.549629 	-9.6556417 	-3.9819215
-0.38558559 	0.25 	0.364 	57.570016 	-9.6625137 	-3.9809817
-0.38678679 	0.25 	0.364 	57.589459 	-9.6698812 	-3.9801254
-0.38798799 	0.25 	0.364 	57.608902 	-9.6772486 	-3.979269
-0.38918919 	0.25 	0.364 	57.628345 	-9.684616 	-3.9784127
-0.39039039 	0.25 	0.364 	57.647788 	-9.6919835 	-3.9775564
-0.39159159 	0.25 	0.364 	57.667231 	-9.6993509 	-3.9767001
-0.39279279 	0.25 	0.364 	57.686674 	-9.7067183 	-3.9758438
-0.39399399 	0.25 	0.364 	57.706116 	-9.7140858 	-3.9749875
-0.3951952 	0.25 	0.364 	57.725559 	-9.7214532 	-3.9741312
-0.3963964 	0.25 	0.364 	57.745002 	-9.7288206 	-3.9732749
-0.3975976 	0.25 	0.364 	57.764445 	-9.7361881 	-3.9724186
-0.3987988 	0.25 	0.364 	57.783888 	-9.7435555 	-3.9715623
-0.4 	0.25 	0.364 	57.803331 	-9.7509229 	-3.9707059
-0.4012012 	0.25 	0.364 	57.822773 	-9.7582904 	-3.9698496
-0.4024024 	0.25 	0.364 	57.842216 	-9.7656578 	-3.9689933
-0.4036036 	0.25 	0.364 	57.861659 	-9.7730252 	-3.968137
-0.4048048 	0.25 	0.364 	57.881102 	-9.7803927 	-3.9672807
-0.40600601 	0.25 	0.364 	57.900545 	-9.7877601 	-3.9664244
-0.40720721 	0.25 	0.364 	57.919988 	-9.7951275 	-3.9655681
-0.40840841 	0.25 	0.364 	57.939431 	-9.802495 	-3.9647118
-0.40960961 	0.25 	0.364 	57.958873 	-9.8098624 	-3.9638555
-0.41081081 	0.25 	0.364 	57.978316 	-9.8172298 	-3.9629992
-0.41201201 	0.25 	0.364 	57.997759 	-9.8245973 	-3.9621428
-0.41321321 	0.25 	0.364 	58.017202 	-9.8319647 	-3.9612865
-0.41441441 	0.25 	0.364 	58.036645 	-9.8393321 	-3.9604302
-0.41561562 	0.25 	0.364 	58.056088 	-9.8466996 	-3.9595739
-0.41681682 	0.25 	0.364 	58.075531 	-9.854067 	-3.9587176
-0.41801802 	0.25 	0.364 	58.094973 	-9.8614344 	-3.9578613
-0.41921922 	0.25 	0.364 	58.114416 	-9.8688019 	-3.957005
-0.42042042 	0.25 	0.364 	58.133859 	-9.8761693 	-3.9561487
-0.42162162 	0.25 	0.364 	58.152086 	-9.8827342 	-3.9552798
-0.42282282 	0.25 	0.364 	58.169382 	-9.8886855 	-3.9544014
-0.42402402 	0.25 	0.364 	58.186679 	-9.8946369 	-3.953523
-0.42522523 	0.25 	0.364 	58.203976 	-9.9005882 	-3.9526446
-0.42642643 	0.25 	0.364 	58.224369 	-9.9072306 	-3.9514921
-0.42762763 	0.25 	0.364 	58.247769 	-9.9145437 	-3.9500735
-0.42882883 	0.25 	0.364 	58.271168 	-9.9218567 	-3.948655
-0.43003003 	0.25 	0.364 	58.294567 	-9.9291698 	-3.9472364
-0.43123123 	0.25 	0.364 	58.317402 	-9.9355119 	-3.9457344
-0.43243243 	0.25 	0.364 	58.339541 	-9.9406541 	-3.9441291
-0.43363363 	0.25 	0.364 	58.36168 	-9.9457962 	-3.9425239
-0.43483483 	0.25 	0.364 	58.383818 	-9.9509384 	-3.9409187
-0.43603604 	0.25 	0.364 	58.405957 	-9.9560805 	-3.9393134
-0.43723724 	0.25 	0.364 	58.428096 	-9.9612227 	-3.9377082
-0.43843844 	0.25 	0.364 	58.450234 	-9.9663648 	-3.9361029
-0.43963964 	0.25 	0.364 	58.472373 	-9.971507 	-3.9344977
-0.44084084 	0.25 	0.364 	58.494512 	-9.9766491 	-3.9328924
-0.44204204 	0.25 	0.364 	58.516651 	-9.9817913 	-3.9312872
-0.44324324 	0.25 	0.364 	58.538789 	-9.9869334 	-3.9296819
-0.44444444 	0.25 	0.364 	58.560928 	-9.9920756 	-3.9280767
-0.44564565 	0.25 	0.364 	58.583067 	-9.9972177 	-3.9264714
-0.44684685 	0.25 	0.364 	58.605205 	-10.00236 	-3.9248662
-0.44804805 	0.25 	0.364 	58.627344 	-10.007502 	-3.9232609
-0.44924925 	0.25 	0.364 	58.649483 	-10.012644 	-3.9216557
-0.45045045 	0.25 	0.364 	58.671621 	-10.017786 	-3.9200504
-0.45165165 	0.25 	0.364 	58.69376 	-10.022928 	-3.9184452
-0.45285285 	0.25 	0.364 	58.715899 	-10.028071 	-3.91684
-0.45405405 	0.25 	0.364 	58.738038 	-10.033213 	-3.9152347
-0.45525526 	0.25 	0.364 	58.760176 	-10.038355 	-3.9136295
-0.45645646 	0.25 	0.364 	58.782315 	-10.043497 	-3.9120242
-0.45765766 	0.25 	0.364 	58.804454 	-10.048639 	-3.910419
-0.45885886 	0.25 	0.364 	58.826592 	-10.053781 	-3.9088137
-0.46006006 	0.25 	0.364 	58.848731 	-10.058924 	-3.9072085
-0.46126126 	0.25 	0.364 	58.87087 	-10.064066 	-3.9056032
-0.46246246 	0.25 	0.364 	58.893008 	-10.069208 	-3.903998
-0.46366366 	0.25 	0.364 	58.915147 	-10.07435 	-3.9023927
-0.46486486 	0.25 	0.364 	58.937286 	-10.079492 	-3.9007875
-0.46606607 	0.25 	0.364 	58.959425 	-10.084634 	-3.8991822
-0.46726727 	0.25 	0.364 	58.981563 	-10.089776 	-3.897577
-0.46846847 	0.25 	0.364 	59.003731 	-10.095719 	-3.8959235
-0.46966967 	0.25 	0.364 	59.025902 	-10.101787 	-3.8942624
-0.47087087 	0.25 	0.364 	59.048074 	-10.107854 	-3.8926014
-0.47207207 	0.25 	0.364 	59.070246 	-10.113922 	-3.8909403
-0.47327327 	0.25 	0.364 	59.092418 	-10.119989 	-3.8892793
-0.47447447 	0.25 	0.364 	59.11459 	-10.126057 	-3.8876182
-0.47567568 	0.25 	0.364 	59.136762 	-10.132124 	-3.8859572
-0.47687688 	0.25 	0.364 	59.158933 	-10.138191 	-3.8842962
-0.47807808 	0.25 	0.364 	59.181105 	-10.144259 	-3.8826351
-0.47927928 	0.25 	0.364 	59.203277 	-10.150326 	-3.8809741
-0.48048048 	0.25 	0.364 	59.225449 	-10.156394 	-3.879313
-0.48168168 	0.25 	0.364 	59.247621 	-10.162461 	-3.877652
-0.48288288 	0.25 	0.364 	59.269304 	-10.166964 	-3.8760465
-0.48408408 	0.25 	0.364 	59.290875 	-10.17111 	-3.8744537
-0.48528529 	0.25 	0.364 	59.312447 	-10.175256 	-3.8728609
-0.48648649 	0.25 	0.364 	59.334018 	-10.179402 	-3.8712681
-0.48768769 	0.25 	0.364 	59.356112 	-10.186051 	-3.8693897
-0.48888889 	0.25 	0.364 	59.378377 	-10.19352 	-3.8674179
-0.49009009 	0.25 	0.364 	59.400642 	-10.200989 	-3.8654461
-0.49129129 	0.25 	0.364 	59.422906 	-10.208458 	-3.8634743
-0.49249249 	0.25 	0.364 	59.447617 	-10.213476 	-3.8611594
-0.49369369 	0.25 	0.364 	59.473412 	-10.217407 	-3.8586925
-0.49489489 	0.25 	0.364 	59.499206 	-10.221339 	-3.8562256
-0.4960961 	0.25 	0.364 	59.525 	-10.22527 	-3.8537587
-0.4972973 	0.25 	0.364 	59.550795 	-10.229202 	-3.8512918
-0.4984985 	0.25 	0.364 	59.576589 	-10.233133 	-3.8488249
-0.4996997 	0.25 	0.364 	59.602383 	-10.237065 	-3.846358
-0.5009009 	0.25 	0.364 	59.628178 	-10.240996 	-3.8438911
-0.5021021 	0.25 	0.364 	59.653972 	-10.244928 	-3.8414242
-0.5033033 	0.25 	0.364 	59.679767 	-10.248859 	-3.8389573
-0.5045045 	0.25 	0.364 	59.705561 	-10.252791 	-3.8364904
-0.50570571 	0.25 	0.364 	59.731355 	-10.256722 	-3.8340235
-0.50690691 	0.25 	0.364 	59.761707 	-10.263314 	-3.830852
-0.50810811 	0.25 	0.364 	59.792913 	-10.270405 	-3.8275485
-0.50930931 	0.25 	0.364 	59.824119 	-10.277495 	-3.824245
-0.51051051 	0.25 	0.364 	59.855324 	-10.284585 	-3.8209414
-0.51171171 	0.25 	0.364 	59.88653 	-10.291675 	-3.8176379
-0.51291291 	0.25 	0.364 	59.917736 	-10.298766 	-3.8143344
-0.51411411 	0.25 	0.364 	59.948941 	-10.305856 	-3.8110308
-0.51531532 	0.25 	0.364 	59.980147 	-10.312946 	-3.8077273
-0.51651652 	0.25 	0.364 	60.011353 	-10.320037 	-3.8044238
-0.51771772 	0.25 	0.364 	60.042559 	-10.327127 	-3.8011203
-0.51891892 	0.25 	0.364 	60.073764 	-10.334217 	-3.7978167
-0.52012012 	0.25 	0.364 	60.103768 	-10.341412 	-3.7946205
-0.52132132 	0.25 	0.364 	60.126661 	-10.349225 	-3.7920592
-0.52252252 	0.25 	0.364 	60.149553 	-10.357039 	-3.7894978
-0.52372372 	0.25 	0.364 	60.172446 	-10.364852 	-3.7869365
-0.52492492 	0.25 	0.364 	60.195339 	-10.372666 	-3.7843752
-0.52612613 	0.25 	0.364 	60.218231 	-10.380479 	-3.7818138
-0.52732733 	0.25 	0.364 	60.241124 	-10.388293 	-3.7792525
-0.52852853 	0.25 	0.364 	60.264017 	-10.396106 	-3.7766912
-0.52972973 	0.25 	0.364 	60.286909 	-10.40392 	-3.7741298
-0.53093093 	0.25 	0.364 	60.309802 	-10.411733 	-3.7715685
-0.53213213 	0.25 	0.364 	60.332695 	-10.419546 	-3.7690071
-0.53333333 	0.25 	0.364 	60.355587 	-10.42736 	-3.7664458
-0.53453453 	0.25 	0.364 	60.37848 	-10.435173 	-3.7638845
-0.53573574 	0.25 	0.364 	60.401373 	-10.442987 	-3.7613231
-0.53693694 	0.25 	0.364 	60.424266 	-10.4508 	-3.7587618
-0.53813814 	0.25 	0.364 	60.447158 	-10.458614 	-3.7562004
-0.53933934 	0.25 	0.364 	60.470051 	-10.466427 	-3.7536391
-0.54054054 	0.25 	0.364 	60.492944 	-10.47424 	-3.7510778
-0.54174174 	0.25 	0.364 	60.515836 	-10.482054 	-3.7485164
-0.54294294 	0.25 	0.364 	60.539475 	-10.489608 	-3.7458962
-0.54414414 	0.25 	0.364 	60.574334 	-10.493271 	-3.7423902
-0.54534535 	0.25 	0.364 	60.609192 	-10.496934 	-3.7388842
-0.54654655 	0.25 	0.364 	60.64405 	-10.500596 	-3.7353782
-0.54774775 	0.25 	0.364 	60.678889 	-10.50426 	-3.7318718
-0.54894895 	0.25 	0.364 	60.706164 	-10.508355 	-3.7282287
-0.55015015 	0.25 	0.364 	60.733439 	-10.51245 	-3.7245855
-0.55135135 	0.25 	0.364 	60.755603 	-10.519827 	-3.7217357
-0.55255255 	0.25 	0.364 	60.777623 	-10.527296 	-3.7189082
-0.55375375 	0.25 	0.364 	60.799643 	-10.534765 	-3.7160808
-0.55495495 	0.25 	0.364 	60.821663 	-10.542235 	-3.7132533
-0.55615616 	0.25 	0.364 	60.843683 	-10.549704 	-3.7104258
-0.55735736 	0.25 	0.364 	60.865703 	-10.557173 	-3.7075984
-0.55855856 	0.25 	0.364 	60.887723 	-10.564642 	-3.7047709
-0.55975976 	0.25 	0.364 	60.909743 	-10.572112 	-3.7019435
-0.56096096 	0.25 	0.364 	60.931763 	-10.579581 	-3.699116
-0.56216216 	0.25 	0.364 	60.953783 	-10.58705 	-3.6962885
-0.56336336 	0.25 	0.364 	60.975803 	-10.594519 	-3.6934611
-0.56456456 	0.25 	0.364 	60.997823 	-10.601989 	-3.6906336
-0.56576577 	0.25 	0.364 	61.019843 	-10.609458 	-3.6878061
-0.56696697 	0.25 	0.364 	61.042763 	-10.615113 	-3.6847137
-0.56816817 	0.25 	0.364 	61.067039 	-10.618032 	-3.6812216
-0.56936937 	0.25 	0.364 	61.091316 	-10.620951 	-3.6777296
-0.57057057 	0.25 	0.364 	61.115592 	-10.62387 	-3.6742376
-0.57177177 	0.25 	0.364 	61.139869 	-10.626789 	-3.6707456
-0.57297297 	0.25 	0.364 	61.164145 	-10.629708 	-3.6672536
-0.57417417 	0.25 	0.364 	61.188422 	-10.632627 	-3.6637616
-0.57537538 	0.25 	0.364 	61.212698 	-10.635546 	-3.6602695
-0.57657658 	0.25 	0.364 	61.233437 	-10.640758 	-3.6574719
-0.57777778 	0.25 	0.364 	61.252319 	-10.647174 	-3.6550389
-0.57897898 	0.25 	0.364 	61.275323 	-10.653978 	-3.6518122
-0.58018018 	0.25 	0.364 	61.300798 	-10.661014 	-3.6481101
-0.58138138 	0.25 	0.364 	61.323859 	-10.665511 	-3.644558
-0.58258258 	0.25 	0.364 	61.345276 	-10.668279 	-3.6411082
-0.58378378 	0.25 	0.364 	61.366694 	-10.671046 	-3.6376584
-0.58498498 	0.25 	0.364 	61.388111 	-10.673814 	-3.6342086
-0.58618619 	0.25 	0.364 	61.409528 	-10.676582 	-3.6307587
-0.58738739 	0.25 	0.364 	61.430945 	-10.679349 	-3.6273089
-0.58858859 	0.25 	0.364 	61.452362 	-10.682117 	-3.6238591
-0.58978979 	0.25 	0.364 	61.473779 	-10.684885 	-3.6204093
-0.59099099 	0.25 	0.364 	61.497244 	-10.688598 	-3.6167761
-0.59219219 	0.25 	0.364 	61.521444 	-10.692651 	-3.613077
-0.59339339 	0.25 	0.364 	61.545644 	-10.696704 	-3.609378
-0.59459459 	0.25 	0.364 	61.569844 	-10.700757 	-3.605679
-0.5957958 	0.25 	0.364 	61.594044 	-10.70481 	-3.60198
-0.596997 	0.25 	0.364 	61.618244 	-10.708863 	-3.598281
-0.5981982 	0.25 	0.364 	61.642444 	-10.712916 	-3.5945819
-0.5993994 	0.25 	0.364 	61.666645 	-10.716969 	-3.5908829
-0.6006006 	0.25 	0.364 	61.690845 	-10.721022 	-3.5871839
-0.6018018 	0.25 	0.364 	61.715045 	-10.725075 	-3.5834849
-0.603003 	0.25 	0.364 	61.739245 	-10.729128 	-3.5797859
-0.6042042 	0.25 	0.364 	61.763445 	-10.733181 	-3.5760868
-0.60540541 	0.25 	0.364 	61.787645 	-10.737234 	-3.5723878
-0.60660661 	0.25 	0.364 	61.81081 	-10.74014 	-3.5688601
-0.60780781 	0.25 	0.364 	61.831245 	-10.74002 	-3.5657839
-0.60900901 	0.25 	0.364 	61.853697 	-10.739703 	-3.5623833
-0.61021021 	0.25 	0.364 	61.882376 	-10.738777 	-3.5579804
-0.61141141 	0.25 	0.364 	61.910514 	-10.737584 	-3.553619
-0.61261261 	0.25 	0.364 	61.936658 	-10.73541 	-3.5494102
-0.61381381 	0.25 	0.364 	61.962802 	-10.733235 	-3.5452014
-0.61501502 	0.25 	0.364 	61.988946 	-10.731061 	-3.5409926
-0.61621622 	0.25 	0.364 	62.015089 	-10.728886 	-3.5367838
-0.61741742 	0.25 	0.364 	62.041233 	-10.726712 	-3.532575
-0.61861862 	0.25 	0.364 	62.067377 	-10.724537 	-3.5283662
-0.61981982 	0.25 	0.364 	62.093521 	-10.722362 	-3.5241575
-0.62102102 	0.25 	0.364 	62.119665 	-10.720188 	-3.5199487
-0.62222222 	0.25 	0.364 	62.145809 	-10.718013 	-3.5157399
-0.62342342 	0.25 	0.364 	62.171953 	-10.715839 	-3.5115311
-0.62462462 	0.25 	0.364 	62.198097 	-10.713664 	-3.5073223
-0.62582583 	0.25 	0.364 	62.22424 	-10.71149 	-3.5031135
-0.62702703 	0.25 	0.364 	62.250384 	-10.709315 	-3.4989047
-0.62822823 	0.25 	0.364 	62.27263 	-10.709674 	-3.4951139
-0.62942943 	0.25 	0.364 	62.294618 	-10.710201 	-3.4913507
-0.63063063 	0.25 	0.364 	62.316605 	-10.710727 	-3.4875876
-0.63183183 	0.25 	0.364 	62.338592 	-10.711254 	-3.4838245
-0.63303303 	0.25 	0.364 	62.36058 	-10.711781 	-3.4800614
-0.63423423 	0.25 	0.364 	62.382567 	-10.712308 	-3.4762982
-0.63543544 	0.25 	0.364 	62.404554 	-10.712835 	-3.4725351
-0.63663664 	0.25 	0.364 	62.426541 	-10.713362 	-3.468772
-0.63783784 	0.25 	0.364 	62.446534 	-10.71286 	-3.4655402
-0.63903904 	0.25 	0.364 	62.46628 	-10.712232 	-3.4623737
-0.64024024 	0.25 	0.364 	62.49228 	-10.71305 	-3.4582428
-0.64144144 	0.25 	0.364 	62.5193 	-10.714104 	-3.4539547
-0.64264264 	0.25 	0.364 	62.542119 	-10.714477 	-3.4499236
-0.64384384 	0.25 	0.364 	62.564073 	-10.714711 	-3.4459454
-0.64504505 	0.25 	0.364 	62.586027 	-10.714945 	-3.4419672
-0.64624625 	0.25 	0.364 	62.60798 	-10.715179 	-3.437989
-0.64744745 	0.25 	0.364 	62.629934 	-10.715413 	-3.4340108
-0.64864865 	0.25 	0.364 	62.651888 	-10.715647 	-3.4300327
-0.64984985 	0.25 	0.364 	62.673842 	-10.715881 	-3.4260545
-0.65105105 	0.25 	0.364 	62.695796 	-10.716115 	-3.4220763
-0.65225225 	0.25 	0.364 	62.720045 	-10.715934 	-3.4179152
-0.65345345 	0.25 	0.364 	62.745455 	-10.715544 	-3.4136617
-0.65465465 	0.25 	0.364 	62.770866 	-10.715153 	-3.4094081
-0.65585586 	0.25 	0.364 	62.796276 	-10.714763 	-3.4051546
-0.65705706 	0.25 	0.364 	62.821686 	-10.714373 	-3.400901
-0.65825826 	0.25 	0.364 	62.847097 	-10.713982 	-3.3966475
-0.65945946 	0.25 	0.364 	62.872507 	-10.713592 	-3.3923939
-0.66066066 	0.25 	0.364 	62.897918 	-10.713202 	-3.3881404
-0.66186186 	0.25 	0.364 	62.923328 	-10.712811 	-3.3838868
-0.66306306 	0.25 	0.364 	62.948738 	-10.712421 	-3.3796333
-0.66426426 	0.25 	0.364 	62.974149 	-10.712031 	-3.3753797
-0.66546547 	0.25 	0.364 	62.999559 	-10.71164 	-3.3711262
-0.66666667 	0.25 	0.364 	63.024969 	-10.71125 	-3.3668726
-0.66786787 	0.25 	0.364 	63.048201 	-10.71052 	-3.3630731
-0.66906907 	0.25 	0.364 	63.069318 	-10.709461 	-3.3597143
-0.67027027 	0.25 	0.364 	63.093337 	-10.709241 	-3.3556878
-0.67147147 	0.25 	0.364 	63.120539 	-10.709945 	-3.3509286
-0.67267267 	0.25 	0.364 	63.146969 	-10.710279 	-3.3462482
-0.67387387 	0.25 	0.364 	63.172442 	-10.710156 	-3.3416657
-0.67507508 	0.25 	0.364 	63.197914 	-10.710034 	-3.3370832
-0.67627628 	0.25 	0.364 	63.223387 	-10.709911 	-3.3325007
-0.67747748 	0.25 	0.364 	63.248859 	-10.709789 	-3.3279181
-0.67867868 	0.25 	0.364 	63.274332 	-10.709666 	-3.3233356
-0.67987988 	0.25 	0.364 	63.299805 	-10.709544 	-3.3187531
-0.68108108 	0.25 	0.364 	63.325277 	-10.709421 	-3.3141706
-0.68228228 	0.25 	0.364 	63.35075 	-10.709298 	-3.3095881
-0.68348348 	0.25 	0.364 	63.376222 	-10.709176 	-3.3050056
-0.68468468 	0.25 	0.364 	63.401695 	-10.709053 	-3.300423
-0.68588589 	0.25 	0.364 	63.427168 	-10.708931 	-3.2958405
-0.68708709 	0.25 	0.364 	63.45264 	-10.708808 	-3.291258
-0.68828829 	0.25 	0.364 	63.47822 	-10.70807 	-3.2867095
-0.68948949 	0.25 	0.364 	63.503938 	-10.706544 	-3.2822044
-0.69069069 	0.25 	0.364 	63.529655 	-10.705017 	-3.2776993
-0.69189189 	0.25 	0.364 	63.555372 	-10.703491 	-3.2731943
-0.69309309 	0.25 	0.364 	63.58109 	-10.701965 	-3.2686892
-0.69429429 	0.25 	0.364 	63.606807 	-10.700439 	-3.2641841
-0.6954955 	0.25 	0.364 	63.632525 	-10.698913 	-3.2596791
-0.6966967 	0.25 	0.364 	63.658242 	-10.697387 	-3.255174
-0.6978979 	0.25 	0.364 	63.683725 	-10.695756 	-3.25073
-0.6990991 	0.25 	0.364 	63.707538 	-10.693382 	-3.2467209
-0.7003003 	0.25 	0.364 	63.7312 	-10.691648 	-3.242655
-0.7015015 	0.25 	0.364 	63.753365 	-10.696224 	-3.2380282
-0.7027027 	0.25 	0.364 	63.775692 	-10.700442 	-3.2333691
-0.7039039 	0.25 	0.364 	63.800535 	-10.699047 	-3.2282033
-0.70510511 	0.25 	0.364 	63.825379 	-10.697651 	-3.2230376
-0.70630631 	0.25 	0.364 	63.850222 	-10.696256 	-3.2178719
-0.70750751 	0.25 	0.364 	63.875066 	-10.694861 	-3.2127062
-0.70870871 	0.25 	0.364 	63.89991 	-10.693465 	-3.2075405
-0.70990991 	0.25 	0.364 	63.924753 	-10.69207 	-3.2023748
-0.71111111 	0.25 	0.364 	63.949597 	-10.690675 	-3.197209
-0.71231231 	0.25 	0.364 	63.97444 	-10.68928 	-3.1920433
-0.71351351 	0.25 	0.364 	63.999145 	-10.687481 	-3.1870638
-0.71471471 	0.25 	0.364 	64.023769 	-10.685451 	-3.1821907
-0.71591592 	0.25 	0.364 	64.048393 	-10.683422 	-3.1773176
-0.71711712 	0.25 	0.364 	64.073018 	-10.681392 	-3.1724445
-0.71831832 	0.25 	0.364 	64.097642 	-10.679363 	-3.1675714
-0.71951952 	0.25 	0.364 	64.122267 	-10.677334 	-3.1626982
-0.72072072 	0.25 	0.364 	64.146891 	-10.675304 	-3.1578251
-0.72192192 	0.25 	0.364 	64.171515 	-10.673275 	-3.152952
-0.72312312 	0.25 	0.364 	64.19614 	-10.671245 	-3.1480789
-0.72432432 	0.25 	0.364 	64.220764 	-10.669216 	-3.1432058
-0.72552553 	0.25 	0.364 	64.245389 	-10.667186 	-3.1383327
-0.72672673 	0.25 	0.364 	64.270013 	-10.665157 	-3.1334596
-0.72792793 	0.25 	0.364 	64.294637 	-10.663127 	-3.1285865
-0.72912913 	0.25 	0.364 	64.321427 	-10.656842 	-3.1237207
-0.73033033 	0.25 	0.364 	64.349037 	-10.648946 	-3.1188577
-0.73153153 	0.25 	0.364 	64.369869 	-10.64539 	-3.1142996
-0.73273273 	0.25 	0.364 	64.387706 	-10.643751 	-3.1098764
-0.73393393 	0.25 	0.364 	64.41309 	-10.638844 	-3.1048304
-0.73513514 	0.25 	0.364 	64.442318 	-10.632274 	-3.0994674
-0.73633634 	0.25 	0.364 	64.471545 	-10.625703 	-3.0941043
-0.73753754 	0.25 	0.364 	64.500773 	-10.619132 	-3.0887413
-0.73873874 	0.25 	0.364 	64.530001 	-10.612561 	-3.0833782
-0.73993994 	0.25 	0.364 	64.559228 	-10.605991 	-3.0780152
-0.74114114 	0.25 	0.364 	64.588456 	-10.59942 	-3.0726521
-0.74234234 	0.25 	0.364 	64.617683 	-10.592849 	-3.0672891
-0.74354354 	0.25 	0.364 	64.646911 	-10.586279 	-3.061926
-0.74474474 	0.25 	0.364 	64.676139 	-10.579708 	-3.0565629
-0.74594595 	0.25 	0.364 	64.705366 	-10.573137 	-3.0511999
-0.74714715 	0.25 	0.364 	64.734594 	-10.566567 	-3.0458368
-0.74834835 	0.25 	0.364 	64.763821 	-10.559996 	-3.0404738
-0.74954955 	0.25 	0.364 	64.789111 	-10.55108 	-3.0340369
-0.75075075 	0.25 	0.364 	64.813992 	-10.541922 	-3.0274889
-0.75195195 	0.25 	0.364 	64.838874 	-10.532764 	-3.0209409
-0.75315315 	0.25 	0.364 	64.863755 	-10.523606 	-3.0143929
-0.75435435 	0.25 	0.364 	64.888637 	-10.514448 	-3.0078449
-0.75555556 	0.25 	0.364 	64.913518 	-10.505289 	-3.0012969
-0.75675676 	0.25 	0.364 	64.9384 	-10.496131 	-2.9947489
-0.75795796 	0.25 	0.364 	64.963282 	-10.486973 	-2.9882009
-0.75915916 	0.25 	0.364 	64.992143 	-10.47619 	-2.9815714
-0.76036036 	0.25 	0.364 	65.028914 	-10.46218 	-2.9747799
-0.76156156 	0.25 	0.364 	65.069407 	-10.448851 	-2.9677694
-0.76276276 	0.25 	0.364 	65.111102 	-10.439424 	-2.9607653
-0.76396396 	0.25 	0.364 	65.134583 	-10.435792 	-2.955023
-0.76516517 	0.25 	0.364 	65.158064 	-10.43216 	-2.9492808
-0.76636637 	0.25 	0.364 	65.181545 	-10.428529 	-2.9435386
-0.76756757 	0.25 	0.364 	65.205026 	-10.424897 	-2.9377964
-0.76876877 	0.25 	0.364 	65.228507 	-10.421265 	-2.9320542
-0.76996997 	0.25 	0.364 	65.251988 	-10.417633 	-2.9263119
-0.77117117 	0.25 	0.364 	65.275469 	-10.414001 	-2.9205697
-0.77237237 	0.25 	0.364 	65.29895 	-10.41037 	-2.9148275
-0.77357357 	0.25 	0.364 	65.322431 	-10.406738 	-2.9090853
-0.77477477 	0.25 	0.364 	65.349709 	-10.40368 	-2.9029524
-0.77597598 	0.25 	0.364 	65.363598 	-10.406088 	-2.8980558
-0.77717718 	0.25 	0.364 	65.38193 	-10.417417 	-2.8932333
-0.77837838 	0.25 	0.364 	65.408305 	-10.416041 	-2.8874079
-0.77957958 	0.25 	0.364 	65.429929 	-10.404916 	-2.8812329
-0.78078078 	0.25 	0.364 	65.448908 	-10.39504 	-2.8750397
-0.78198198 	0.25 	0.364 	65.467887 	-10.385164 	-2.8688465
-0.78318318 	0.25 	0.364 	65.486866 	-10.375288 	-2.8626533
-0.78438438 	0.25 	0.364 	65.505845 	-10.365412 	-2.8564601
-0.78558559 	0.25 	0.364 	65.524824 	-10.355536 	-2.8502669
-0.78678679 	0.25 	0.364 	65.543803 	-10.34566 	-2.8440737
-0.78798799 	0.25 	0.364 	65.562782 	-10.335784 	-2.8378805
-0.78918919 	0.25 	0.364 	65.581761 	-10.325908 	-2.8316873
-0.79039039 	0.25 	0.364 	65.60074 	-10.316032 	-2.8254941
-0.79159159 	0.25 	0.364 	65.618045 	-10.280464 	-2.819183
-0.79279279 	0.25 	0.364 	65.645957 	-10.255831 	-2.8114135
-0.79399399 	0.25 	0.364 	65.668082 	-10.23785 	-2.8046382
-0.7951952 	0.25 	0.364 	65.689292 	-10.220549 	-2.7980141
-0.7963964 	0.25 	0.364 	65.710502 	-10.203249 	-2.7913901
-0.7975976 	0.25 	0.364 	65.731712 	-10.185948 	-2.784766
-0.7987988 	0.25 	0.364 	65.752922 	-10.168647 	-2.778142
-0.8 	0.25 	0.364 	65.774132 	-10.151347 	-2.7715179
-0.8012012 	0.25 	0.364 	65.795342 	-10.134046 	-2.7648938
-0.8024024 	0.25 	0.364 	65.816552 	-10.116746 	-2.7582698
-0.8036036 	0.25 	0.364 	65.837763 	-10.099445 	-2.7516457
-0.8048048 	0.25 	0.364 	65.860025 	-10.082318 	-2.7448815
-0.80600601 	0.25 	0.364 	65.885059 	-10.067157 	-2.737956
-0.80720721 	0.25 	0.364 	65.905585 	-10.05665 	-2.7323716
-0.80840841 	0.25 	0.364 	65.932035 	-10.045772 	-2.7258231
-0.80960961 	0.25 	0.364 	65.95599 	-10.032598 	-2.7193646
-0.81081081 	0.25 	0.364 	65.977318 	-10.019719 	-2.7129852
-0.81201201 	0.25 	0.364 	65.998647 	-10.00684 	-2.7066058
-0.81321321 	0.25 	0.364 	66.019975 	-9.9939605 	-2.7002264
-0.81441441 	0.25 	0.364 	66.041304 	-9.9810812 	-2.693847
-0.81561562 	0.25 	0.364 	66.062632 	-9.968202 	-2.6874676
-0.81681682 	0.25 	0.364 	66.083961 	-9.9553227 	-2.6810882
-0.81801802 	0.25 	0.364 	66.105289 	-9.9424434 	-2.6747088
-0.81921922 	0.25 	0.364 	66.126618 	-9.9295641 	-2.6683294
-0.82042042 	0.25 	0.364 	66.147946 	-9.9166848 	-2.66195
-0.82162162 	0.25 	0.364 	66.16825 	-9.9023568 	-2.6559536
-0.82282282 	0.25 	0.364 	66.191195 	-9.8853993 	-2.6496938
-0.82402402 	0.25 	0.364 	66.215062 	-9.8695306 	-2.6429232
-0.82522523 	0.25 	0.364 	66.235684 	-9.8563002 	-2.6363306
-0.82642643 	0.25 	0.364 	66.256305 	-9.8430699 	-2.629738
-0.82762763 	0.25 	0.364 	66.276927 	-9.8298396 	-2.6231454
-0.82882883 	0.25 	0.364 	66.297549 	-9.8166092 	-2.6165527
-0.83003003 	0.25 	0.364 	66.31817 	-9.8033789 	-2.6099601
-0.83123123 	0.25 	0.364 	66.338792 	-9.7901485 	-2.6033675
-0.83243243 	0.25 	0.364 	66.359414 	-9.7769182 	-2.5967748
-0.83363363 	0.25 	0.364 	66.380035 	-9.7636879 	-2.5901822
-0.83483483 	0.25 	0.364 	66.400657 	-9.7504575 	-2.5835896
-0.83603604 	0.25 	0.364 	66.423871 	-9.736207 	-2.5768612
-0.83723724 	0.25 	0.364 	66.443032 	-9.7257171 	-2.5709195
-0.83843844 	0.25 	0.364 	66.466574 	-9.7111022 	-2.5641129
-0.83963964 	0.25 	0.364 	66.490469 	-9.6939251 	-2.5570892
-0.84084084 	0.25 	0.364 	66.511669 	-9.6776049 	-2.55027
-0.84204204 	0.25 	0.364 	66.532138 	-9.6616641 	-2.5435068
-0.84324324 	0.25 	0.364 	66.552608 	-9.6457232 	-2.5367435
-0.84444444 	0.25 	0.364 	66.573078 	-9.6297823 	-2.5299803
-0.84564565 	0.25 	0.364 	66.593548 	-9.6138415 	-2.523217
-0.84684685 	0.25 	0.364 	66.614018 	-9.5979006 	-2.5164538
-0.84804805 	0.25 	0.364 	66.634488 	-9.5819598 	-2.5096905
-0.84924925 	0.25 	0.364 	66.654958 	-9.5660189 	-2.5029273
-0.85045045 	0.25 	0.364 	66.675428 	-9.5500781 	-2.496164
-0.85165165 	0.25 	0.364 	66.695832 	-9.534017 	-2.489491
-0.85285285 	0.25 	0.364 	66.715915 	-9.516114 	-2.4836259
-0.85405405 	0.25 	0.364 	66.740597 	-9.4908695 	-2.476115
-0.85525526 	0.25 	0.364 	66.761327 	-9.4717394 	-2.469204
-0.85645646 	0.25 	0.364 	66.782056 	-9.4526094 	-2.462293
-0.85765766 	0.25 	0.364 	66.802786 	-9.4334793 	-2.455382
-0.85885886 	0.25 	0.364 	66.823515 	-9.4143493 	-2.448471
-0.86006006 	0.25 	0.364 	66.844245 	-9.3952192 	-2.44156
-0.86126126 	0.25 	0.364 	66.864975 	-9.3760892 	-2.434649
-0.86246246 	0.25 	0.364 	66.885704 	-9.3569591 	-2.427738
-0.86366366 	0.25 	0.364 	66.906434 	-9.3378291 	-2.420827
-0.86486486 	0.25 	0.364 	66.927163 	-9.3186991 	-2.413916
-0.86606607 	0.25 	0.364 	66.949044 	-9.2995057 	-2.4068946
-0.86726727 	0.25 	0.364 	66.971388 	-9.2826746 	-2.4002137
-0.86846847 	0.25 	0.364 	66.992556 	-9.2682327 	-2.3937272
-0.86966967 	0.25 	0.364 	67.015871 	-9.2498643 	-2.3861697
-0.87087087 	0.25 	0.364 	67.040654 	-9.228953 	-2.3788516
-0.87207207 	0.25 	0.364 	67.068178 	-9.2071129 	-2.3716173
-0.87327327 	0.25 	0.364 	67.095702 	-9.1852728 	-2.3643831
-0.87447447 	0.25 	0.364 	67.123227 	-9.1634326 	-2.3571488
-0.87567568 	0.25 	0.364 	67.150751 	-9.1415925 	-2.3499145
-0.87687688 	0.25 	0.364 	67.178275 	-9.1197523 	-2.3426803
-0.87807808 	0.25 	0.364 	67.205799 	-9.0979122 	-2.335446
-0.87927928 	0.25 	0.364 	67.233324 	-9.0760721 	-2.3282118
-0.88048048 	0.25 	0.364 	67.260848 	-9.0542319 	-2.3209775
-0.88168168 	0.25 	0.364 	67.288372 	-9.0323918 	-2.3137432
-0.88288288 	0.25 	0.364 	67.315468 	-9.0085569 	-2.3070583
-0.88408408 	0.25 	0.364 	67.334652 	-8.9877863 	-2.3000311
-0.88528529 	0.25 	0.364 	67.355772 	-8.9661644 	-2.291901
-0.88648649 	0.25 	0.364 	67.380327 	-8.9428316 	-2.2833282
-0.88768769 	0.25 	0.364 	67.404883 	-8.9194988 	-2.2747554
-0.88888889 	0.25 	0.364 	67.429438 	-8.8961661 	-2.2661826
-0.89009009 	0.25 	0.364 	67.453993 	-8.8728333 	-2.2576098
-0.89129129 	0.25 	0.364 	67.484936 	-8.8455205 	-2.2496555
-0.89249249 	0.25 	0.364 	67.518266 	-8.8167209 	-2.2419321
-0.89369369 	0.25 	0.364 	67.551596 	-8.7879213 	-2.2342087
-0.89489489 	0.25 	0.364 	67.584926 	-8.7591217 	-2.2264853
-0.8960961 	0.25 	0.364 	67.618255 	-8.7303221 	-2.218762
-0.8972973 	0.25 	0.364 	67.644989 	-8.7032842 	-2.2112186
-0.8984985 	0.25 	0.364 	67.683032 	-8.6697223 	-2.2038052
-0.8996997 	0.25 	0.364 	67.693721 	-8.6489329 	-2.1972447
-0.9009009 	0.25 	0.364 	67.714797 	-8.621229 	-2.1898376
-0.9021021 	0.25 	0.364 	67.722191 	-8.5947508 	-2.1824913
-0.9033033 	0.25 	0.364 	67.729586 	-8.5682726 	-2.175145
-0.9045045 	0.25 	0.364 	67.73698 	-8.5417944 	-2.1677986
-0.90570571 	0.25 	0.364 	67.744375 	-8.5153161 	-2.1604523
-0.90690691 	0.25 	0.364 	67.758783 	-8.4871934 	-2.1529453
-0.90810811 	0.25 	0.364 	67.793932 	-8.4542068 	-2.1449633
-0.90930931 	0.25 	0.364 	67.829082 	-8.4212202 	-2.1369812
-0.91051051 	0.25 	0.364 	67.864231 	-8.3882336 	-2.1289992
-0.91171171 	0.25 	0.364 	67.89938 	-8.3552471 	-2.1210171
-0.91291291 	0.25 	0.364 	67.935315 	-8.3208681 	-2.1130701
-0.91411411 	0.25 	0.364 	67.966971 	-8.2852319 	-2.1055628
-0.91531532 	0.25 	0.364 	67.976705 	-8.257561 	-2.0988118
-0.91651652 	0.25 	0.364 	67.982395 	-8.2270073 	-2.090943
-0.91771772 	0.25 	0.364 	67.988085 	-8.1964536 	-2.0830741
-0.91891892 	0.25 	0.364 	67.993775 	-8.1658999 	-2.0752053
-0.92012012 	0.25 	0.364 	67.999465 	-8.1353461 	-2.0673364
-0.92132132 	0.25 	0.364 	68.008832 	-8.1034558 	-2.0593963
-0.92252252 	0.25 	0.364 	68.033007 	-8.066182 	-2.0511693
-0.92372372 	0.25 	0.364 	68.057182 	-8.0289082 	-2.0429422
-0.92492492 	0.25 	0.364 	68.081357 	-7.9916343 	-2.0347152
-0.92612613 	0.25 	0.364 	68.105531 	-7.9543605 	-2.0264882
-0.92732733 	0.25 	0.364 	68.131365 	-7.9164471 	-2.0181015
-0.92852853 	0.25 	0.364 	68.167823 	-7.8715502 	-2.008588
-0.92972973 	0.25 	0.364 	68.194342 	-7.8174757 	-1.9980215
-0.93093093 	0.25 	0.364 	68.220511 	-7.7848222 	-1.9891273
-0.93213213 	0.25 	0.364 	68.237717 	-7.7393955 	-1.9790116
-0.93333333 	0.25 	0.364 	68.25381 	-7.6923818 	-1.9687443
-0.93453453 	0.25 	0.364 	68.269902 	-7.6453681 	-1.9584769
-0.93573574 	0.25 	0.364 	68.285994 	-7.5983545 	-1.9482096
-0.93693694 	0.25 	0.364 	68.307599 	-7.5669795 	-1.9398386
-0.93813814 	0.25 	0.364 	68.328479 	-7.5290856 	-1.9310894
-0.93933934 	0.25 	0.364 	68.35275 	-7.4906186 	-1.9225506
-0.94054054 	0.25 	0.364 	68.377021 	-7.4521515 	-1.9140118
-0.94174174 	0.25 	0.364 	68.401293 	-7.4136844 	-1.9054731
-0.94294294 	0.25 	0.364 	68.424546 	-7.3746835 	-1.8969005
-0.94414414 	0.25 	0.364 	68.448467 	-7.3338859 	-1.8886962
-0.94534535 	0.25 	0.364 	68.470581 	-7.2850966 	-1.8797126
-0.94654655 	0.25 	0.364 	68.495654 	-7.2453924 	-1.8709233
-0.94774775 	0.25 	0.364 	68.523497 	-7.2051044 	-1.862341
-0.94894895 	0.25 	0.364 	68.551339 	-7.1648164 	-1.8537586
-0.95015015 	0.25 	0.364 	68.579182 	-7.1245284 	-1.8451762
-0.95135135 	0.25 	0.364 	68.607024 	-7.0842404 	-1.8365938
-0.95255255 	0.25 	0.364 	68.63382 	-7.0585057 	-1.8283734
-0.95375375 	0.25 	0.364 	68.665308 	-7.0168486 	-1.8197129
-0.95495495 	0.25 	0.364 	68.697618 	-6.9743244 	-1.8111278
-0.95615616 	0.25 	0.364 	68.729927 	-6.9318002 	-1.8025428
-0.95735736 	0.25 	0.364 	68.762237 	-6.889276 	-1.7939578
-0.95855856 	0.25 	0.364 	68.791426 	-6.8478861 	-1.7851283
-0.95975976 	0.25 	0.364 	68.824106 	-6.7999325 	-1.7769557
-0.96096096 	0.25 	0.364 	68.854884 	-6.7505448 	-1.7672151
-0.96216216 	0.25 	0.364 	68.893311 	-6.6979723 	-1.7584014
-0.96336336 	0.25 	0.364 	68.933454 	-6.645658 	-1.7497812
-0.96456456 	0.25 	0.364 	68.973597 	-6.5933437 	-1.741161
-0.96576577 	0.25 	0.364 	69.013739 	-6.5410294 	-1.7325408
-0.96696697 	0.25 	0.364 	69.055343 	-6.4863457 	-1.7243416
-0.96816817 	0.25 	0.364 	69.096115 	-6.441459 	-1.7155629
-0.96936937 	0.25 	0.364 	69.140567 	-6.391961 	-1.7070848
-0.97057057 	0.25 	0.364 	69.185019 	-6.3424629 	-1.6986067
-0.97177177 	0.25 	0.364 	69.229471 	-6.2929649 	-1.6901285
-0.97297297 	0.25 	0.364 	69.273924 	-6.2434669 	-1.6816504
-0.97417417 	0.25 	0.364 	69.311938 	-6.1926152 	-1.6727078
-0.97537538 	0.25 	0.364 	69.350567 	-6.132008 	-1.664622
-0.97657658 	0.25 	0.364 	69.386281 	-6.0779875 	-1.6554493
-0.97777778 	0.25 	0.364 	69.426511 	-6.0306846 	-1.6470686
-0.97897898 	0.25 	0.364 	69.467345 	-5.9845573 	-1.6388006
-0.98018018 	0.25 	0.364 	69.508178 	-5.9384301 	-1.6305325
-0.98138138 	0.25 	0.364 	69.549012 	-5.8923028 	-1.6222645
-0.98258258 	0.25 	0.364 	69.594096 	-5.8470131 	-1.6150742
-0.98378378 	0.25 	0.364 	69.633398 	-5.7873989 	-1.6056359
-0.98498498 	0.25 	0.364 	69.679032 	-5.7383684 	-1.5971906
-0.98618619 	0.25 	0.364 	69.724667 	-5.689338 	-1.5887453
-0.98738739 	0.25 	0.364 	69.770301 	-5.6403075 	-1.5803
-0.98858859 	0.25 	0.364 	69.815936 	-5.5912771 	-1.5718547
-0.98978979 	0.25 	0.364 	69.861923 	-5.5433875 	-1.5635534
-0.99099099 	0.25 	0.364 	69.911235 	-5.4763317 	-1.5546339
-0.99219219 	0.25 	0.364 	69.966985 	-5.421467 	-1.5458936
-0.99339339 	0.25 	0.364 	70.022984 	-5.3668078 	-1.5371744
-0.99459459 	0.25 	0.364 	70.079122 	-5.3144405 	-1.5285297
-0.9957958 	0.25 	0.364 	70.13528 	-5.2624125 	-1.5198961
-0.996997 	0.25 	0.364 	70.191438 	-5.2103845 	-1.5112624
-0.9981982 	0.25 	0.364 	70.248259 	-5.1493702 	-1.5028713
-0.9993994 	0.25 	0.364 	70.303826 	-5.0887827 	-1.494588
-1.0006006 	0.25 	0.364 	70.359109 	-5.0448453 	-1.48709
-1.0018018 	0.25 	0.364 	70.414393 	-5.0009079 	-1.4795921
-1.003003 	0.25 	0.364 	70.469676 	-4.9569705 	-1.4720941
-1.0042042 	0.25 	0.364 	70.524959 	-4.9130331 	-1.4645962
-1.0054054 	0.25 	0.364 	70.576637 	-4.84783 	-1.4548816
-1.0066066 	0.25 	0.364 	70.627999 	-4.8102421 	-1.4470227
-1.0078078 	0.25 	0.364 	70.676741 	-4.7362804 	-1.437146
-1.009009 	0.25 	0.364 	70.727244 	-4.6728599 	-1.4279221
-1.0102102 	0.25 	0.364 	70.817333 	-4.5937581 	-1.4164261
-1.0114114 	0.25 	0.364 	70.921312 	-4.5091541 	-1.4041329
-1.0126126 	0.25 	0.364 	71.025291 	-4.4245501 	-1.3918396
-1.0138138 	0.25 	0.364 	71.107298 	-4.3632422 	-1.3822962
-1.015015 	0.25 	0.364 	71.169108 	-4.3035287 	-1.3738257
-1.0162162 	0.25 	0.364 	71.245142 	-4.2440972 	-1.365178
-1.0174174 	0.25 	0.364 	71.321175 	-4.1846656 	-1.3565303
-1.0186186 	0.25 	0.364 	71.397209 	-4.125234 	-1.3478825
-1.0198198 	0.25 	0.364 	71.473242 	-4.0658024 	-1.3392348
-1.021021 	0.25 	0.364 	71.559136 	-4.0033988 	-1.3304715
-1.0222222 	0.25 	0.364 	71.635834 	-3.94045 	-1.3219563
-1.0234234 	0.25 	0.364 	71.729739 	-3.8767974 	-1.3130037
-1.0246246 	0.25 	0.364 	71.826125 	-3.8165664 	-1.304282
-1.0258258 	0.25 	0.364 	71.921662 	-3.7570013 	-1.2956312
-1.027027 	0.25 	0.364 	71.918383 	-3.6830309 	-1.2877306
-1.0282282 	0.25 	0.364 	71.828297 	-3.5897731 	-1.2802029
-1.0294294 	0.25 	0.364 	71.965229 	-3.5312634 	-1.2716057
-1.0306306 	0.25 	0.364 	71.983323 	-3.4529395 	-1.2630693
-1.0318318 	0.25 	0.364 	72.001417 	-3.3746155 	-1.254533
-1.033033 	0.25 	0.364 	72.019511 	-3.2962916 	-1.2459966
-1.0342342 	0.25 	0.364 	72.065727 	-3.2132121 	-1.2371603
-1.0354354 	0.25 	0.364 	72.120066 	-3.1268203 	-1.2282083
-1.0366366 	0.25 	0.364 	72.174138 	-3.0483071 	-1.2195827
-1.0378378 	0.25 	0.364 	72.215584 	-2.9612219 	-1.2102353
-1.039039 	0.25 	0.364 	72.257029 	-2.8741366 	-1.200888
-1.0402402 	0.25 	0.364 	72.325932 	-2.7811062 	-1.1913482
-1.0414414 	0.25 	0.364 	72.406062 	-2.6856448 	-1.1817298
-1.0426426 	0.25 	0.364 	72.436549 	-2.5801055 	-1.1723845
-1.0438438 	0.25 	0.364 	72.521745 	-2.5291092 	-1.1657537
-1.045045 	0.25 	0.364 	72.550361 	-2.4304174 	-1.1570828
-1.0462462 	0.25 	0.364 	72.576109 	-2.3304396 	-1.1484042
-1.0474474 	0.25 	0.364 	72.647184 	-2.2495238 	-1.1405891
-1.0486486 	0.25 	0.364 	72.718259 	-2.168608 	-1.132774
-1.0498498 	0.25 	0.364 	72.789334 	-2.0876922 	-1.1249589
-1.0510511 	0.25 	0.364 	72.860409 	-2.0067764 	-1.1171439
-1.0522523 	0.25 	0.364 	72.931484 	-1.9258605 	-1.1093288
-1.0534535 	0.25 	0.364 	72.883729 	-1.7772743 	-1.1000052
-1.0546547 	0.25 	0.364 	73.126418 	-1.682787 	-1.086464
-1.0558559 	0.25 	0.364 	73.249368 	-1.5491105 	-1.0735409
-1.0570571 	0.25 	0.364 	73.372318 	-1.415434 	-1.0606178
-1.0582583 	0.25 	0.364 	73.465267 	-1.2727201 	-1.0477824
-1.0594595 	0.25 	0.364 	73.498335 	-1.1119684 	-1.035122
-1.0606607 	0.25 	0.364 	73.59761 	-1.0110315 	-1.0264667
-1.0618619 	0.25 	0.364 	73.667348 	-0.88717556 	-1.0168314
-1.0630631 	0.25 	0.364 	73.737086 	-0.76331964 	-1.0071961
-1.0642643 	0.25 	0.364 	73.80133 	-0.63927394 	-0.99764626
-1.0654655 	0.25 	0.364 	73.860283 	-0.51504552 	-0.98817883
-1.0666667 	0.25 	0.364 	73.898549 	-0.40949944 	-0.97873501
-1.0678679 	0.25 	0.364 	74.019969 	-0.25149187 	-0.96884773
-1.0690691 	0.25 	0.364 	74.113307 	-0.11642624 	-0.95856267
-1.0702703 	0.25 	0.364 	74.206645 	0.018639397 	-0.94827762
-1.0714715 	0.25 	0.364 	74.299983 	0.15370503 	-0.93799256
-1.0726727 	0.25 	0.364 	74.393321 	0.28877066 	-0.9277075
-1.0738739 	0.25 	0.364 	74.470431 	0.40314309 	-0.91753774
-1.0750751 	0.25 	0.364 	74.599359 	0.5672122 	-0.90706414
-1.0762763 	0.25 	0.364 	74.708411 	0.72058215 	-0.89615528
-1.0774775 	0.25 	0.364 	74.817463 	0.8739521 	-0.88524642
-1.0786787 	0.25 	0.364 	74.926515 	1.027322 	-0.87433756
-1.0798799 	0.25 	0.364 	75.035567 	1.180692 	-0.86342869
-1.0810811 	0.25 	0.364 	75.14462 	1.3340619 	-0.85251983
-1.0822823 	0.25 	0.364 	75.232631 	1.4418435 	-0.84181314
-1.0834835 	0.25 	0.364 	75.404502 	1.6607034 	-0.8300018
-1.0846847 	0.25 	0.364 	75.532493 	1.7949936 	-0.81838599
-1.0858859 	0.25 	0.364 	75.660485 	1.9292838 	-0.80677018
-1.0870871 	0.25 	0.364 	75.788476 	2.063574 	-0.79515436
-1.0882883 	0.25 	0.364 	75.916433 	2.1979061 	-0.78353856
-1.0894895 	0.25 	0.364 	76.041378 	2.3378495 	-0.77204972
-1.0906907 	0.25 	0.364 	76.184032 	2.4972129 	-0.75999565
-1.0918919 	0.25 	0.364 	76.326422 	2.6564933 	-0.74771353
-1.0930931 	0.25 	0.364 	76.468812 	2.8157737 	-0.73543141
-1.0942943 	0.25 	0.364 	76.593257 	2.9892839 	-0.72274278
-1.0954955 	0.25 	0.364 	76.556554 	3.2923744 	-0.70692378
-1.0966967 	0.25 	0.364 	76.774984 	3.2829926 	-0.70103923
-1.0978979 	0.25 	0.364 	76.863588 	3.4172475 	-0.69045537
-1.0990991 	0.25 	0.364 	76.953161 	3.5534972 	-0.67948316
-1.1003003 	0.25 	0.364 	77.042734 	3.6897468 	-0.66851095
-1.1015015 	0.25 	0.364 	77.132307 	3.8259965 	-0.65753874
-1.1027027 	0.25 	0.364 	77.221881 	3.9622461 	-0.64656653
-1.1039039 	0.25 	0.364 	77.311454 	4.0984958 	-0.63559432
-1.1051051 	0.25 	0.364 	77.384339 	4.2523978 	-0.62419429
-1.1063063 	0.25 	0.364 	77.499115 	4.3957264 	-0.60973254
-1.1075075 	0.25 	0.364 	77.609041 	4.566847 	-0.59561788
-1.1087087 	0.25 	0.364 	77.688493 	4.7677569 	-0.58129244
-1.1099099 	0.25 	0.364 	77.779194 	4.9750242 	-0.56640407
-1.1111111 	0.25 	0.364 	77.886456 	5.1916505 	-0.55068694
-1.1123123 	0.25 	0.364 	77.993717 	5.4082769 	-0.53496981
-1.1135135 	0.25 	0.364 	78.057332 	5.602176 	-0.52221514
-1.1147147 	0.25 	0.364 	78.10973 	5.7869314 	-0.50845921
-1.1159159 	0.25 	0.364 	78.162128 	5.9716869 	-0.49470328
-1.1171171 	0.25 	0.364 	78.214526 	6.1564424 	-0.48094735
-1.1183183 	0.25 	0.364 	78.266923 	6.3411979 	-0.46719141
-1.1195195 	0.25 	0.364 	78.261508 	6.5903683 	-0.45271597
-1.1207207 	0.25 	0.364 	78.192173 	6.9154836 	-0.43754391
-1.1219219 	0.25 	0.364 	78.150099 	7.2307474 	-0.42283763
-1.1231231 	0.25 	0.364 	78.122313 	7.5327087 	-0.40837063
-1.1243243 	0.25 	0.364 	78.130886 	7.802359 	-0.39531416
-1.1255255 	0.25 	0.364 	78.13946 	8.0720093 	-0.3822577
-1.1267267 	0.25 	0.364 	78.155231 	8.3381814 	-0.36994286
-1.1279279 	0.25 	0.364 	78.252854 	8.5322408 	-0.36164656
-1.1291291 	0.25 	0.364 	78.188771 	8.8629556 	-0.34738721
-1.1303303 	0.25 	0.364 	78.195602 	9.1691288 	-0.33482248
-1.1315315 	0.25 	0.364 	78.167797 	9.5504192 	-0.31907103
-1.1327327 	0.25 	0.364 	78.139992 	9.9317097 	-0.30331957
-1.1339339 	0.25 	0.364 	78.112186 	10.313 	-0.28756812
-1.1351351 	0.25 	0.364 	78.165148 	10.574958 	-0.27735012
-1.1363363 	0.25 	0.364 	78.049307 	10.891094 	-0.26443179
-1.1375375 	0.25 	0.364 	77.947677 	11.244857 	-0.25147422
-1.1387387 	0.25 	0.364 	77.846048 	11.598621 	-0.23851665
-1.1399399 	0.25 	0.364 	77.744419 	11.952385 	-0.22555908
-1.1411411 	0.25 	0.364 	77.642789 	12.306148 	-0.21260151
-1.1423423 	0.25 	0.364 	77.610516 	12.646549 	-0.20103648
-1.1435435 	0.25 	0.364 	77.635726 	13.037705 	-0.19056963
-1.1447447 	0.25 	0.364 	77.637168 	13.420512 	-0.18119658
-1.1459459 	0.25 	0.364 	77.630823 	13.782637 	-0.17114124
-1.1471471 	0.25 	0.364 	77.615184 	14.132466 	-0.16158785
-1.1483483 	0.25 	0.364 	77.599546 	14.482295 	-0.15203446
-1.1495495 	0.25 	0.364 	77.583907 	14.832123 	-0.14248107
-1.1507508 	0.25 	0.364 	77.568268 	15.181952 	-0.13292768
-1.151952 	0.25 	0.364 	77.553769 	15.535219 	-0.12319957
-1.1531532 	0.25 	0.364 	77.516701 	15.935272 	-0.11318838
-1.1543544 	0.25 	0.364 	77.478391 	16.338672 	-0.10306961
-1.1555556 	0.25 	0.364 	77.44008 	16.742071 	-0.092950843
-1.1567568 	0.25 	0.364 	77.401769 	17.145471 	-0.082832075
-1.157958 	0.25 	0.364 	77.363251 	17.546692 	-0.07254885
-1.1591592 	0.25 	0.364 	77.317023 	17.962021 	-0.061555802
-1.1603604 	0.25 	0.364 	77.227662 	18.465157 	-0.051156444
-1.1615616 	0.25 	0.364 	77.098387 	18.96112 	-0.040147825
-1.1627628 	0.25 	0.364 	76.974399 	19.466168 	-0.029344552
-1.163964 	0.25 	0.364 	76.850412 	19.971215 	-0.018541279
-1.1651652 	0.25 	0.364 	76.726424 	20.476262 	-0.0077380052
-1.1663664 	0.25 	0.364 	76.602437 	20.98131 	0.0030652681
-1.1675676 	0.25 	0.364 	76.404762 	21.460495 	0.013969877
-1.1687688 	0.25 	0.364 	76.164377 	21.979033 	0.025117398
-1.16997 	0.25 	0.364 	75.919079 	22.500068 	0.0363805
-1.1711712 	0.25 	0.364 	75.67378 	23.021103 	0.047643602
-1.1723724 	0.25 	0.364 	75.428482 	23.542138 	0.058906704
-1.1735736 	0.25 	0.364 	75.170617 	24.026606 	0.070408321
-1.1747748 	0.25 	0.364 	74.887601 	24.500778 	0.081900986
-1.175976 	0.25 	0.364 	74.555107 	25.007511 	0.092990201
-1.1771772 	0.25 	0.364 	74.162341 	25.52386 	0.10484219
-1.1783784 	0.25 	0.364 	73.776041 	26.052777 	0.11662528
-1.1795796 	0.25 	0.364 	73.390255 	26.582693 	0.12840289
-1.1807808 	0.25 	0.364 	73.004469 	27.112609 	0.1401805
-1.181982 	0.25 	0.364 	72.618683 	27.642526 	0.15195811
-1.1831832 	0.25 	0.364 	72.159755 	28.182908 	0.16382061
-1.1843844 	0.25 	0.364 	71.573554 	28.658952 	0.1758408
-1.1855856 	0.25 	0.364 	70.94777 	29.115472 	0.18806591
-1.1867868 	0.25 	0.364 	70.321986 	29.571992 	0.20029102
-1.187988 	0.25 	0.364 	69.734479 	30.022311 	0.21195344
-1.1891892 	0.25 	0.364 	69.279231 	30.451202 	0.22167166
-1.1903904 	0.25 	0.364 	68.767239 	30.85422 	0.23117466
-1.1915916 	0.25 	0.364 	68.290475 	31.095848 	0.23861711
-1.1927928 	0.25 	0.364 	67.632792 	31.163671 	0.24658615
-1.193994 	0.25 	0.364 	67.100154 	31.216182 	0.25343367
-1.1951952 	0.25 	0.364 	66.567516 	31.268693 	0.2602812
-1.1963964 	0.25 	0.364 	66.034877 	31.321204 	0.26712872
-1.1975976 	0.25 	0.364 	65.502239 	31.373715 	0.27397625
-1.1987988 	0.25 	0.364 	64.969601 	31.426226 	0.28082377
-1.2 	0.25 	0.364 	64.436963 	31.478737 	0.2876713
