-1.2 	-0.05 	0.455 	45.296473 	-2.4896559 	2.8291327
-1.1987988 	-0.05 	0.455 	45.298642 	-2.5155343 	2.8358976
-1.1975976 	-0.05 	0.455 	45.300812 	-2.5414127 	2.8426625
-1.1963964 	-0.05 	0.455 	45.302982 	-2.5672911 	2.8494274
-1.1951952 	-0.05 	0.455 	45.305152 	-2.5931695 	2.8561924
-1.193994 	-0.05 	0.455 	45.307322 	-2.6190479 	2.8629573
-1.1927928 	-0.05 	0.455 	45.309492 	-2.6449263 	2.8697222
-1.1915916 	-0.05 	0.455 	45.311662 	-2.6708047 	2.8764871
-1.1903904 	-0.05 	0.455 	45.313832 	-2.6966832 	2.883252
-1.1891892 	-0.05 	0.455 	45.316526 	-2.7222575 	2.890614
-1.187988 	-0.05 	0.455 	45.31925 	-2.7478147 	2.8980094
-1.1867868 	-0.05 	0.455 	45.321973 	-2.773372 	2.9054048
-1.1855856 	-0.05 	0.455 	45.324697 	-2.7989293 	2.9128002
-1.1843844 	-0.05 	0.455 	45.32742 	-2.8244866 	2.9201956
-1.1831832 	-0.05 	0.455 	45.330144 	-2.8500439 	2.927591
-1.181982 	-0.05 	0.455 	45.332867 	-2.8756012 	2.9349864
-1.1807808 	-0.05 	0.455 	45.335591 	-2.9011585 	2.9423818
-1.1795796 	-0.05 	0.455 	45.338315 	-2.9267157 	2.9497772
-1.1783784 	-0.05 	0.455 	45.341038 	-2.952273 	2.9571725
-1.1771772 	-0.05 	0.455 	45.343762 	-2.9778303 	2.9645679
-1.175976 	-0.05 	0.455 	45.346485 	-3.0033876 	2.9719633
-1.1747748 	-0.05 	0.455 	45.349209 	-3.0289449 	2.9793587
-1.1735736 	-0.05 	0.455 	45.351933 	-3.0545022 	2.9867541
-1.1723724 	-0.05 	0.455 	45.354656 	-3.0800595 	2.9941495
-1.1711712 	-0.05 	0.455 	45.35738 	-3.1056167 	3.0015449
-1.16997 	-0.05 	0.455 	45.360103 	-3.131174 	3.0089403
-1.1687688 	-0.05 	0.455 	45.362827 	-3.1567313 	3.0163357
-1.1675676 	-0.05 	0.455 	45.36555 	-3.1822886 	3.0237311
-1.1663664 	-0.05 	0.455 	45.368274 	-3.2078459 	3.0311264
-1.1651652 	-0.05 	0.455 	45.370998 	-3.2334032 	3.0385218
-1.163964 	-0.05 	0.455 	45.373721 	-3.2589605 	3.0459172
-1.1627628 	-0.05 	0.455 	45.376445 	-3.2845177 	3.0533126
-1.1615616 	-0.05 	0.455 	45.379168 	-3.310075 	3.060708
-1.1603604 	-0.05 	0.455 	45.381892 	-3.3356323 	3.0681034
-1.1591592 	-0.05 	0.455 	45.384616 	-3.3611896 	3.0754988
-1.157958 	-0.05 	0.455 	45.401938 	-3.3823278 	3.0827115
-1.1567568 	-0.05 	0.455 	45.420041 	-3.4032295 	3.0899145
-1.1555556 	-0.05 	0.455 	45.438144 	-3.4241313 	3.0971174
-1.1543544 	-0.05 	0.455 	45.456248 	-3.445033 	3.1043204
-1.1531532 	-0.05 	0.455 	45.474351 	-3.4659348 	3.1115233
-1.151952 	-0.05 	0.455 	45.492454 	-3.4868365 	3.1187263
-1.1507508 	-0.05 	0.455 	45.510557 	-3.5077382 	3.1259292
-1.1495495 	-0.05 	0.455 	45.528661 	-3.52864 	3.1331322
-1.1483483 	-0.05 	0.455 	45.546764 	-3.5495417 	3.1403352
-1.1471471 	-0.05 	0.455 	45.564867 	-3.5704435 	3.1475381
-1.1459459 	-0.05 	0.455 	45.58297 	-3.5913452 	3.1547411
-1.1447447 	-0.05 	0.455 	45.601074 	-3.612247 	3.161944
-1.1435435 	-0.05 	0.455 	45.619177 	-3.6331487 	3.169147
-1.1423423 	-0.05 	0.455 	45.63728 	-3.6540505 	3.1763499
-1.1411411 	-0.05 	0.455 	45.655383 	-3.6749522 	3.1835529
-1.1399399 	-0.05 	0.455 	45.673487 	-3.695854 	3.1907558
-1.1387387 	-0.05 	0.455 	45.691631 	-3.7167083 	3.1981542
-1.1375375 	-0.05 	0.455 	45.709868 	-3.7374541 	3.2060005
-1.1363363 	-0.05 	0.455 	45.728105 	-3.7581998 	3.2138468
-1.1351351 	-0.05 	0.455 	45.746342 	-3.7789456 	3.2216931
-1.1339339 	-0.05 	0.455 	45.764579 	-3.7996913 	3.2295394
-1.1327327 	-0.05 	0.455 	45.782816 	-3.8204371 	3.2373857
-1.1315315 	-0.05 	0.455 	45.801053 	-3.8411828 	3.245232
-1.1303303 	-0.05 	0.455 	45.81929 	-3.8619286 	3.2530783
-1.1291291 	-0.05 	0.455 	45.837528 	-3.8826743 	3.2609246
-1.1279279 	-0.05 	0.455 	45.855765 	-3.9034201 	3.2687709
-1.1267267 	-0.05 	0.455 	45.874002 	-3.9241658 	3.2766172
-1.1255255 	-0.05 	0.455 	45.892239 	-3.9449116 	3.2844634
-1.1243243 	-0.05 	0.455 	45.910476 	-3.9656573 	3.2923097
-1.1231231 	-0.05 	0.455 	45.928713 	-3.9864031 	3.300156
-1.1219219 	-0.05 	0.455 	45.94695 	-4.0071488 	3.3080023
-1.1207207 	-0.05 	0.455 	45.965188 	-4.0278946 	3.3158486
-1.1195195 	-0.05 	0.455 	45.983425 	-4.0486403 	3.3236949
-1.1183183 	-0.05 	0.455 	46.001662 	-4.0693861 	3.3315412
-1.1171171 	-0.05 	0.455 	46.019899 	-4.0901318 	3.3393875
-1.1159159 	-0.05 	0.455 	46.038136 	-4.1108775 	3.3472338
-1.1147147 	-0.05 	0.455 	46.056373 	-4.1316233 	3.3550801
-1.1135135 	-0.05 	0.455 	46.07461 	-4.152369 	3.3629264
-1.1123123 	-0.05 	0.455 	46.092847 	-4.1731148 	3.3707727
-1.1111111 	-0.05 	0.455 	46.111085 	-4.1938605 	3.378619
-1.1099099 	-0.05 	0.455 	46.129322 	-4.2146063 	3.3864653
-1.1087087 	-0.05 	0.455 	46.147559 	-4.235352 	3.3943116
-1.1075075 	-0.05 	0.455 	46.165796 	-4.2560978 	3.4021579
-1.1063063 	-0.05 	0.455 	46.182131 	-4.2773311 	3.4089665
-1.1051051 	-0.05 	0.455 	46.198419 	-4.2985764 	3.4157497
-1.1039039 	-0.05 	0.455 	46.214707 	-4.3198216 	3.4225329
-1.1027027 	-0.05 	0.455 	46.230995 	-4.3410669 	3.4293161
-1.1015015 	-0.05 	0.455 	46.247283 	-4.3623122 	3.4360993
-1.1003003 	-0.05 	0.455 	46.263571 	-4.3835575 	3.4428825
-1.0990991 	-0.05 	0.455 	46.27986 	-4.4048028 	3.4496657
-1.0978979 	-0.05 	0.455 	46.296535 	-4.4239498 	3.4563604
-1.0966967 	-0.05 	0.455 	46.316011 	-4.4279243 	3.4624155
-1.0954955 	-0.05 	0.455 	46.335487 	-4.4318988 	3.4684706
-1.0942943 	-0.05 	0.455 	46.354962 	-4.4358734 	3.4745257
-1.0930931 	-0.05 	0.455 	46.374438 	-4.4398479 	3.4805808
-1.0918919 	-0.05 	0.455 	46.393914 	-4.4438224 	3.4866358
-1.0906907 	-0.05 	0.455 	46.41339 	-4.4477969 	3.4926909
-1.0894895 	-0.05 	0.455 	46.432866 	-4.4517715 	3.498746
-1.0882883 	-0.05 	0.455 	46.455748 	-4.4593962 	3.5059
-1.0870871 	-0.05 	0.455 	46.483526 	-4.4722672 	3.5146334
-1.0858859 	-0.05 	0.455 	46.511304 	-4.4851383 	3.5233669
-1.0846847 	-0.05 	0.455 	46.539082 	-4.4980093 	3.5321003
-1.0834835 	-0.05 	0.455 	46.56686 	-4.5108803 	3.5408338
-1.0822823 	-0.05 	0.455 	46.594638 	-4.5237513 	3.5495672
-1.0810811 	-0.05 	0.455 	46.622417 	-4.5366224 	3.5583007
-1.0798799 	-0.05 	0.455 	46.650195 	-4.5494934 	3.5670341
-1.0786787 	-0.05 	0.455 	46.677973 	-4.5623644 	3.5757675
-1.0774775 	-0.05 	0.455 	46.705751 	-4.5752355 	3.584501
-1.0762763 	-0.05 	0.455 	46.733529 	-4.5881065 	3.5932344
-1.0750751 	-0.05 	0.455 	46.761307 	-4.6009775 	3.6019679
-1.0738739 	-0.05 	0.455 	46.789085 	-4.6138485 	3.6107013
-1.0726727 	-0.05 	0.455 	46.816863 	-4.6267196 	3.6194348
-1.0714715 	-0.05 	0.455 	46.844641 	-4.6395906 	3.6281682
-1.0702703 	-0.05 	0.455 	46.87242 	-4.6524616 	3.6369017
-1.0690691 	-0.05 	0.455 	46.900198 	-4.6653327 	3.6456351
-1.0678679 	-0.05 	0.455 	46.927976 	-4.6782037 	3.6543685
-1.0666667 	-0.05 	0.455 	46.955754 	-4.6910747 	3.663102
-1.0654655 	-0.05 	0.455 	46.983532 	-4.7039457 	3.6718354
-1.0642643 	-0.05 	0.455 	47.01131 	-4.7168168 	3.6805689
-1.0630631 	-0.05 	0.455 	47.039088 	-4.7296878 	3.6893023
-1.0618619 	-0.05 	0.455 	47.066866 	-4.7425588 	3.6980358
-1.0606607 	-0.05 	0.455 	47.094631 	-4.7555904 	3.7061156
-1.0594595 	-0.05 	0.455 	47.122394 	-4.7686288 	3.7141678
-1.0582583 	-0.05 	0.455 	47.150157 	-4.7816672 	3.7222201
-1.0570571 	-0.05 	0.455 	47.177921 	-4.7947055 	3.7302724
-1.0558559 	-0.05 	0.455 	47.205684 	-4.8077439 	3.7383246
-1.0546547 	-0.05 	0.455 	47.233448 	-4.8207822 	3.7463769
-1.0534535 	-0.05 	0.455 	47.261211 	-4.8338206 	3.7544292
-1.0522523 	-0.05 	0.455 	47.288975 	-4.846859 	3.7624814
-1.0510511 	-0.05 	0.455 	47.316738 	-4.8598973 	3.7705337
-1.0498498 	-0.05 	0.455 	47.344502 	-4.8729357 	3.778586
-1.0486486 	-0.05 	0.455 	47.372265 	-4.8859741 	3.7866382
-1.0474474 	-0.05 	0.455 	47.400029 	-4.8990124 	3.7946905
-1.0462462 	-0.05 	0.455 	47.427792 	-4.9120508 	3.8027428
-1.045045 	-0.05 	0.455 	47.455231 	-4.9275579 	3.8113859
-1.0438438 	-0.05 	0.455 	47.482542 	-4.9440266 	3.8202592
-1.0426426 	-0.05 	0.455 	47.509854 	-4.9604952 	3.8291325
-1.0414414 	-0.05 	0.455 	47.537165 	-4.9769638 	3.8380057
-1.0402402 	-0.05 	0.455 	47.564477 	-4.9934324 	3.846879
-1.039039 	-0.05 	0.455 	47.591788 	-5.009901 	3.8557523
-1.0378378 	-0.05 	0.455 	47.6191 	-5.0263697 	3.8646255
-1.0366366 	-0.05 	0.455 	47.648105 	-5.038527 	3.8736368
-1.0354354 	-0.05 	0.455 	47.680535 	-5.0419688 	3.8829272
-1.0342342 	-0.05 	0.455 	47.712964 	-5.0454106 	3.8922177
-1.033033 	-0.05 	0.455 	47.745394 	-5.0488524 	3.9015081
-1.0318318 	-0.05 	0.455 	47.777823 	-5.0522942 	3.9107985
-1.0306306 	-0.05 	0.455 	47.810252 	-5.055736 	3.9200889
-1.0294294 	-0.05 	0.455 	47.842682 	-5.0591779 	3.9293793
-1.0282282 	-0.05 	0.455 	47.875017 	-5.0626783 	3.938657
-1.027027 	-0.05 	0.455 	47.904729 	-5.067803 	3.9475825
-1.0258258 	-0.05 	0.455 	47.934441 	-5.0729276 	3.956508
-1.0246246 	-0.05 	0.455 	47.964152 	-5.0780523 	3.9654336
-1.0234234 	-0.05 	0.455 	47.993864 	-5.083177 	3.9743591
-1.0222222 	-0.05 	0.455 	48.023576 	-5.0883017 	3.9832846
-1.021021 	-0.05 	0.455 	48.053288 	-5.0934263 	3.9922101
-1.0198198 	-0.05 	0.455 	48.083 	-5.098551 	4.0011356
-1.0186186 	-0.05 	0.455 	48.112712 	-5.1036757 	4.0100611
-1.0174174 	-0.05 	0.455 	48.142424 	-5.1088004 	4.0189867
-1.0162162 	-0.05 	0.455 	48.172136 	-5.1139251 	4.0279122
-1.015015 	-0.05 	0.455 	48.201848 	-5.1190497 	4.0368377
-1.0138138 	-0.05 	0.455 	48.23156 	-5.1241744 	4.0457632
-1.0126126 	-0.05 	0.455 	48.261272 	-5.1292991 	4.0546887
-1.0114114 	-0.05 	0.455 	48.290984 	-5.1344238 	4.0636142
-1.0102102 	-0.05 	0.455 	48.320696 	-5.1395484 	4.0725398
-1.009009 	-0.05 	0.455 	48.350408 	-5.1446731 	4.0814653
-1.0078078 	-0.05 	0.455 	48.38012 	-5.1497978 	4.0903908
-1.0066066 	-0.05 	0.455 	48.409832 	-5.1549225 	4.0993163
-1.0054054 	-0.05 	0.455 	48.439544 	-5.1600471 	4.1082418
-1.0042042 	-0.05 	0.455 	48.469256 	-5.1651718 	4.1171673
-1.003003 	-0.05 	0.455 	48.498968 	-5.1702965 	4.1260929
-1.0018018 	-0.05 	0.455 	48.52868 	-5.1754212 	4.1350184
-1.0006006 	-0.05 	0.455 	48.558413 	-5.1805595 	4.1438462
-0.9993994 	-0.05 	0.455 	48.588268 	-5.1857783 	4.1520989
-0.9981982 	-0.05 	0.455 	48.618123 	-5.1909971 	4.1603516
-0.996997 	-0.05 	0.455 	48.647979 	-5.1962159 	4.1686042
-0.9957958 	-0.05 	0.455 	48.677834 	-5.2014347 	4.1768569
-0.99459459 	-0.05 	0.455 	48.70769 	-5.2066535 	4.1851095
-0.99339339 	-0.05 	0.455 	48.737545 	-5.2118723 	4.1933622
-0.99219219 	-0.05 	0.455 	48.7674 	-5.2170911 	4.2016149
-0.99099099 	-0.05 	0.455 	48.797256 	-5.2223099 	4.2098675
-0.98978979 	-0.05 	0.455 	48.827111 	-5.2275287 	4.2181202
-0.98858859 	-0.05 	0.455 	48.856967 	-5.2327475 	4.2263729
-0.98738739 	-0.05 	0.455 	48.886822 	-5.2379663 	4.2346255
-0.98618619 	-0.05 	0.455 	48.916677 	-5.2431851 	4.2428782
-0.98498498 	-0.05 	0.455 	48.946533 	-5.2484039 	4.2511308
-0.98378378 	-0.05 	0.455 	48.973872 	-5.2539524 	4.2593135
-0.98258258 	-0.05 	0.455 	48.999665 	-5.2597036 	4.2674531
-0.98138138 	-0.05 	0.455 	49.025457 	-5.2654548 	4.2755926
-0.98018018 	-0.05 	0.455 	49.05125 	-5.271206 	4.2837322
-0.97897898 	-0.05 	0.455 	49.077042 	-5.2769572 	4.2918718
-0.97777778 	-0.05 	0.455 	49.102835 	-5.2827084 	4.3000114
-0.97657658 	-0.05 	0.455 	49.128627 	-5.2884596 	4.3081509
-0.97537538 	-0.05 	0.455 	49.156441 	-5.2928695 	4.3166172
-0.97417417 	-0.05 	0.455 	49.18629 	-5.2959278 	4.3254126
-0.97297297 	-0.05 	0.455 	49.216139 	-5.2989861 	4.334208
-0.97177177 	-0.05 	0.455 	49.245989 	-5.3020444 	4.3430034
-0.97057057 	-0.05 	0.455 	49.275838 	-5.3051027 	4.3517989
-0.96936937 	-0.05 	0.455 	49.305688 	-5.308161 	4.3605943
-0.96816817 	-0.05 	0.455 	49.335537 	-5.3112192 	4.3693897
-0.96696697 	-0.05 	0.455 	49.363524 	-5.3128558 	4.3777262
-0.96576577 	-0.05 	0.455 	49.389428 	-5.3129019 	4.3855493
-0.96456456 	-0.05 	0.455 	49.415331 	-5.312948 	4.3933724
-0.96336336 	-0.05 	0.455 	49.441235 	-5.3129942 	4.4011955
-0.96216216 	-0.05 	0.455 	49.467138 	-5.3130403 	4.4090186
-0.96096096 	-0.05 	0.455 	49.493042 	-5.3130864 	4.4168417
-0.95975976 	-0.05 	0.455 	49.518946 	-5.3131325 	4.4246648
-0.95855856 	-0.05 	0.455 	49.544849 	-5.3131786 	4.4324879
-0.95735736 	-0.05 	0.455 	49.570753 	-5.3132247 	4.440311
-0.95615616 	-0.05 	0.455 	49.596656 	-5.3132709 	4.4481341
-0.95495495 	-0.05 	0.455 	49.62256 	-5.313317 	4.4559572
-0.95375375 	-0.05 	0.455 	49.648464 	-5.3133631 	4.4637803
-0.95255255 	-0.05 	0.455 	49.674367 	-5.3134092 	4.4716034
-0.95135135 	-0.05 	0.455 	49.700271 	-5.3134553 	4.4794265
-0.95015015 	-0.05 	0.455 	49.726023 	-5.3133808 	4.4877753
-0.94894895 	-0.05 	0.455 	49.751753 	-5.3132879 	4.4962042
-0.94774775 	-0.05 	0.455 	49.777482 	-5.313195 	4.504633
-0.94654655 	-0.05 	0.455 	49.803212 	-5.3131021 	4.5130619
-0.94534535 	-0.05 	0.455 	49.828941 	-5.3130092 	4.5214908
-0.94414414 	-0.05 	0.455 	49.854671 	-5.3129163 	4.5299197
-0.94294294 	-0.05 	0.455 	49.8804 	-5.3128234 	4.5383486
-0.94174174 	-0.05 	0.455 	49.90613 	-5.3127305 	4.5467775
-0.94054054 	-0.05 	0.455 	49.931859 	-5.3126376 	4.5552064
-0.93933934 	-0.05 	0.455 	49.957589 	-5.3125447 	4.5636353
-0.93813814 	-0.05 	0.455 	49.983319 	-5.3124518 	4.5720641
-0.93693694 	-0.05 	0.455 	50.009048 	-5.3123589 	4.580493
-0.93573574 	-0.05 	0.455 	50.034778 	-5.312266 	4.5889219
-0.93453453 	-0.05 	0.455 	50.060507 	-5.3121731 	4.5973508
-0.93333333 	-0.05 	0.455 	50.086237 	-5.3120802 	4.6057797
-0.93213213 	-0.05 	0.455 	50.111966 	-5.3119873 	4.6142086
-0.93093093 	-0.05 	0.455 	50.137696 	-5.3118944 	4.6226375
-0.92972973 	-0.05 	0.455 	50.163425 	-5.3118015 	4.6310663
-0.92852853 	-0.05 	0.455 	50.189155 	-5.3117086 	4.6394952
-0.92732733 	-0.05 	0.455 	50.214884 	-5.3116157 	4.6479241
-0.92612613 	-0.05 	0.455 	50.240614 	-5.3115228 	4.656353
-0.92492492 	-0.05 	0.455 	50.266343 	-5.3114299 	4.6647819
-0.92372372 	-0.05 	0.455 	50.292073 	-5.311337 	4.6732108
-0.92252252 	-0.05 	0.455 	50.316085 	-5.3110492 	4.6813325
-0.92132132 	-0.05 	0.455 	50.337771 	-5.3104977 	4.6890384
-0.92012012 	-0.05 	0.455 	50.359458 	-5.3099461 	4.6967444
-0.91891892 	-0.05 	0.455 	50.381145 	-5.3093946 	4.7044504
-0.91771772 	-0.05 	0.455 	50.402832 	-5.308843 	4.7121563
-0.91651652 	-0.05 	0.455 	50.424519 	-5.3082915 	4.7198623
-0.91531532 	-0.05 	0.455 	50.446206 	-5.3077399 	4.7275682
-0.91411411 	-0.05 	0.455 	50.470408 	-5.3075052 	4.7358509
-0.91291291 	-0.05 	0.455 	50.495673 	-5.3074042 	4.744377
-0.91171171 	-0.05 	0.455 	50.520938 	-5.3073032 	4.7529032
-0.91051051 	-0.05 	0.455 	50.546203 	-5.3072022 	4.7614293
-0.90930931 	-0.05 	0.455 	50.571468 	-5.3071012 	4.7699555
-0.90810811 	-0.05 	0.455 	50.596733 	-5.3070002 	4.7784817
-0.90690691 	-0.05 	0.455 	50.621822 	-5.3067613 	4.7869945
-0.90570571 	-0.05 	0.455 	50.643502 	-5.3038536 	4.7952506
-0.9045045 	-0.05 	0.455 	50.665182 	-5.300946 	4.8035067
-0.9033033 	-0.05 	0.455 	50.686862 	-5.2980383 	4.8117627
-0.9021021 	-0.05 	0.455 	50.708543 	-5.2951306 	4.8200188
-0.9009009 	-0.05 	0.455 	50.730223 	-5.2922229 	4.8282748
-0.8996997 	-0.05 	0.455 	50.751903 	-5.2893153 	4.8365309
-0.8984985 	-0.05 	0.455 	50.773583 	-5.2864076 	4.8447869
-0.8972973 	-0.05 	0.455 	50.795263 	-5.2834999 	4.853043
-0.8960961 	-0.05 	0.455 	50.816943 	-5.2805922 	4.861299
-0.89489489 	-0.05 	0.455 	50.838624 	-5.2776845 	4.8695551
-0.89369369 	-0.05 	0.455 	50.860304 	-5.2747769 	4.8778111
-0.89249249 	-0.05 	0.455 	50.881984 	-5.2718692 	4.8860672
-0.89129129 	-0.05 	0.455 	50.903664 	-5.2689615 	4.8943232
-0.89009009 	-0.05 	0.455 	50.925344 	-5.2660538 	4.9025793
-0.88888889 	-0.05 	0.455 	50.947025 	-5.2631461 	4.9108353
-0.88768769 	-0.05 	0.455 	50.968705 	-5.2602385 	4.9190914
-0.88648649 	-0.05 	0.455 	50.990385 	-5.2573308 	4.9273474
-0.88528529 	-0.05 	0.455 	51.012065 	-5.2544231 	4.9356035
-0.88408408 	-0.05 	0.455 	51.033745 	-5.2515154 	4.9438595
-0.88288288 	-0.05 	0.455 	51.055426 	-5.2486078 	4.9521156
-0.88168168 	-0.05 	0.455 	51.077106 	-5.2457001 	4.9603716
-0.88048048 	-0.05 	0.455 	51.098786 	-5.2427924 	4.9686277
-0.87927928 	-0.05 	0.455 	51.120466 	-5.2398847 	4.9768837
-0.87807808 	-0.05 	0.455 	51.142235 	-5.2370261 	4.9848261
-0.87687688 	-0.05 	0.455 	51.164078 	-5.2342084 	4.9925065
-0.87567568 	-0.05 	0.455 	51.185921 	-5.2313907 	5.000187
-0.87447447 	-0.05 	0.455 	51.207764 	-5.228573 	5.0078675
-0.87327327 	-0.05 	0.455 	51.229606 	-5.2257553 	5.015548
-0.87207207 	-0.05 	0.455 	51.251449 	-5.2229376 	5.0232285
-0.87087087 	-0.05 	0.455 	51.273292 	-5.2201199 	5.030909
-0.86966967 	-0.05 	0.455 	51.295135 	-5.2173021 	5.0385894
-0.86846847 	-0.05 	0.455 	51.316978 	-5.2144844 	5.0462699
-0.86726727 	-0.05 	0.455 	51.338821 	-5.2116667 	5.0539504
-0.86606607 	-0.05 	0.455 	51.360664 	-5.208849 	5.0616309
-0.86486486 	-0.05 	0.455 	51.382506 	-5.2060313 	5.0693114
-0.86366366 	-0.05 	0.455 	51.404349 	-5.2032136 	5.0769918
-0.86246246 	-0.05 	0.455 	51.426192 	-5.2003959 	5.0846723
-0.86126126 	-0.05 	0.455 	51.44605 	-5.196691 	5.0922454
-0.86006006 	-0.05 	0.455 	51.463878 	-5.1920784 	5.0997084
-0.85885886 	-0.05 	0.455 	51.481705 	-5.1874657 	5.1071715
-0.85765766 	-0.05 	0.455 	51.499533 	-5.1828531 	5.1146346
-0.85645646 	-0.05 	0.455 	51.51736 	-5.1782405 	5.1220977
-0.85525526 	-0.05 	0.455 	51.535188 	-5.1736278 	5.1295608
-0.85405405 	-0.05 	0.455 	51.553016 	-5.1690152 	5.1370238
-0.85285285 	-0.05 	0.455 	51.573621 	-5.1665657 	5.1452689
-0.85165165 	-0.05 	0.455 	51.594478 	-5.1643118 	5.1535846
-0.85045045 	-0.05 	0.455 	51.615335 	-5.1620579 	5.1619004
-0.84924925 	-0.05 	0.455 	51.636192 	-5.159804 	5.1702161
-0.84804805 	-0.05 	0.455 	51.657049 	-5.1575501 	5.1785319
-0.84684685 	-0.05 	0.455 	51.677906 	-5.1552962 	5.1868476
-0.84564565 	-0.05 	0.455 	51.697851 	-5.1520143 	5.1950416
-0.84444444 	-0.05 	0.455 	51.716441 	-5.1472066 	5.2030548
-0.84324324 	-0.05 	0.455 	51.735032 	-5.142399 	5.211068
-0.84204204 	-0.05 	0.455 	51.753623 	-5.1375914 	5.2190813
-0.84084084 	-0.05 	0.455 	51.772213 	-5.1327838 	5.2270945
-0.83963964 	-0.05 	0.455 	51.790804 	-5.1279762 	5.2351078
-0.83843844 	-0.05 	0.455 	51.809395 	-5.1231686 	5.243121
-0.83723724 	-0.05 	0.455 	51.827985 	-5.118361 	5.2511342
-0.83603604 	-0.05 	0.455 	51.846576 	-5.1135534 	5.2591475
-0.83483483 	-0.05 	0.455 	51.865167 	-5.1087458 	5.2671607
-0.83363363 	-0.05 	0.455 	51.883757 	-5.1039382 	5.275174
-0.83243243 	-0.05 	0.455 	51.902348 	-5.0991306 	5.2831872
-0.83123123 	-0.05 	0.455 	51.920939 	-5.0943229 	5.2912004
-0.83003003 	-0.05 	0.455 	51.939529 	-5.0895153 	5.2992137
-0.82882883 	-0.05 	0.455 	51.95812 	-5.0847077 	5.3072269
-0.82762763 	-0.05 	0.455 	51.976711 	-5.0799001 	5.3152402
-0.82642643 	-0.05 	0.455 	51.995301 	-5.0750925 	5.3232534
-0.82522523 	-0.05 	0.455 	52.013892 	-5.0702849 	5.3312667
-0.82402402 	-0.05 	0.455 	52.032482 	-5.0654773 	5.3392799
-0.82282282 	-0.05 	0.455 	52.051073 	-5.0606697 	5.3472931
-0.82162162 	-0.05 	0.455 	52.069664 	-5.0558621 	5.3553064
-0.82042042 	-0.05 	0.455 	52.088254 	-5.0510545 	5.3633196
-0.81921922 	-0.05 	0.455 	52.106845 	-5.0462469 	5.3713329
-0.81801802 	-0.05 	0.455 	52.125436 	-5.0414393 	5.3793461
-0.81681682 	-0.05 	0.455 	52.144168 	-5.0366725 	5.3869392
-0.81561562 	-0.05 	0.455 	52.162944 	-5.0319184 	5.3944029
-0.81441441 	-0.05 	0.455 	52.18172 	-5.0271643 	5.4018667
-0.81321321 	-0.05 	0.455 	52.200496 	-5.0224102 	5.4093305
-0.81201201 	-0.05 	0.455 	52.219271 	-5.017656 	5.4167943
-0.81081081 	-0.05 	0.455 	52.238047 	-5.0129019 	5.424258
-0.80960961 	-0.05 	0.455 	52.256823 	-5.0081478 	5.4317218
-0.80840841 	-0.05 	0.455 	52.275599 	-5.0033937 	5.4391856
-0.80720721 	-0.05 	0.455 	52.294375 	-4.9986395 	5.4466494
-0.80600601 	-0.05 	0.455 	52.313151 	-4.9938854 	5.4541131
-0.8048048 	-0.05 	0.455 	52.331927 	-4.9891313 	5.4615769
-0.8036036 	-0.05 	0.455 	52.350702 	-4.9843772 	5.4690407
-0.8024024 	-0.05 	0.455 	52.369478 	-4.979623 	5.4765045
-0.8012012 	-0.05 	0.455 	52.388254 	-4.9748689 	5.4839682
-0.8 	-0.05 	0.455 	52.405986 	-4.9695234 	5.4913288
-0.7987988 	-0.05 	0.455 	52.421949 	-4.9631768 	5.4985146
-0.7975976 	-0.05 	0.455 	52.437912 	-4.9568303 	5.5057005
-0.7963964 	-0.05 	0.455 	52.453876 	-4.9504838 	5.5128863
-0.7951952 	-0.05 	0.455 	52.469839 	-4.9441373 	5.5200721
-0.79399399 	-0.05 	0.455 	52.485802 	-4.9377907 	5.527258
-0.79279279 	-0.05 	0.455 	52.502157 	-4.9318936 	5.5345499
-0.79159159 	-0.05 	0.455 	52.520847 	-4.9286798 	5.5424753
-0.79039039 	-0.05 	0.455 	52.539537 	-4.9254659 	5.5504007
-0.78918919 	-0.05 	0.455 	52.558228 	-4.922252 	5.5583261
-0.78798799 	-0.05 	0.455 	52.576918 	-4.9190381 	5.5662514
-0.78678679 	-0.05 	0.455 	52.595608 	-4.9158242 	5.5741768
-0.78558559 	-0.05 	0.455 	52.614299 	-4.9126103 	5.5821022
-0.78438438 	-0.05 	0.455 	52.627674 	-4.9084258 	5.5884943
-0.78318318 	-0.05 	0.455 	52.640908 	-4.9042153 	5.5948455
-0.78198198 	-0.05 	0.455 	52.654142 	-4.9000049 	5.6011966
-0.78078078 	-0.05 	0.455 	52.667375 	-4.8957944 	5.6075478
-0.77957958 	-0.05 	0.455 	52.680609 	-4.891584 	5.6138989
-0.77837838 	-0.05 	0.455 	52.693843 	-4.8873735 	5.6202501
-0.77717718 	-0.05 	0.455 	52.707076 	-4.8831631 	5.6266012
-0.77597598 	-0.05 	0.455 	52.72031 	-4.8789526 	5.6329524
-0.77477477 	-0.05 	0.455 	52.733544 	-4.8747422 	5.6393035
-0.77357357 	-0.05 	0.455 	52.746777 	-4.8705317 	5.6456547
-0.77237237 	-0.05 	0.455 	52.760011 	-4.8663212 	5.6520058
-0.77117117 	-0.05 	0.455 	52.773245 	-4.8621108 	5.658357
-0.76996997 	-0.05 	0.455 	52.786478 	-4.8579003 	5.6647081
-0.76876877 	-0.05 	0.455 	52.799712 	-4.8536899 	5.6710593
-0.76756757 	-0.05 	0.455 	52.812946 	-4.8494794 	5.6774104
-0.76636637 	-0.05 	0.455 	52.826179 	-4.845269 	5.6837616
-0.76516517 	-0.05 	0.455 	52.839413 	-4.8410585 	5.6901127
-0.76396396 	-0.05 	0.455 	52.852647 	-4.8368481 	5.6964639
-0.76276276 	-0.05 	0.455 	52.865881 	-4.8326376 	5.702815
-0.76156156 	-0.05 	0.455 	52.879114 	-4.8284271 	5.7091662
-0.76036036 	-0.05 	0.455 	52.892348 	-4.8242167 	5.7155173
-0.75915916 	-0.05 	0.455 	52.905582 	-4.8200062 	5.7218685
-0.75795796 	-0.05 	0.455 	52.918815 	-4.8157958 	5.7282196
-0.75675676 	-0.05 	0.455 	52.932049 	-4.8115853 	5.7345708
-0.75555556 	-0.05 	0.455 	52.945392 	-4.807442 	5.7404775
-0.75435435 	-0.05 	0.455 	52.958737 	-4.8032999 	5.7463765
-0.75315315 	-0.05 	0.455 	52.972082 	-4.7991577 	5.7522756
-0.75195195 	-0.05 	0.455 	52.985427 	-4.7950155 	5.7581747
-0.75075075 	-0.05 	0.455 	52.998773 	-4.7908734 	5.7640737
-0.74954955 	-0.05 	0.455 	53.012118 	-4.7867312 	5.7699728
-0.74834835 	-0.05 	0.455 	53.025463 	-4.7825891 	5.7758719
-0.74714715 	-0.05 	0.455 	53.038808 	-4.7784469 	5.7817709
-0.74594595 	-0.05 	0.455 	53.052153 	-4.7743047 	5.78767
-0.74474474 	-0.05 	0.455 	53.065498 	-4.7701626 	5.793569
-0.74354354 	-0.05 	0.455 	53.078843 	-4.7660204 	5.7994681
-0.74234234 	-0.05 	0.455 	53.092188 	-4.7618782 	5.8053672
-0.74114114 	-0.05 	0.455 	53.105533 	-4.7577361 	5.8112662
-0.73993994 	-0.05 	0.455 	53.118878 	-4.7535939 	5.8171653
-0.73873874 	-0.05 	0.455 	53.130959 	-4.7494698 	5.8228893
-0.73753754 	-0.05 	0.455 	53.141348 	-4.7453698 	5.8283789
-0.73633634 	-0.05 	0.455 	53.151736 	-4.7412698 	5.8338686
-0.73513514 	-0.05 	0.455 	53.162124 	-4.7371697 	5.8393582
-0.73393393 	-0.05 	0.455 	53.172512 	-4.7330697 	5.8448479
-0.73273273 	-0.05 	0.455 	53.1829 	-4.7289697 	5.8503375
-0.73153153 	-0.05 	0.455 	53.193214 	-4.7232217 	5.8557375
-0.73033033 	-0.05 	0.455 	53.203391 	-4.7144613 	5.8609737
-0.72912913 	-0.05 	0.455 	53.213569 	-4.705701 	5.8662099
-0.72792793 	-0.05 	0.455 	53.223746 	-4.6969406 	5.8714461
-0.72672673 	-0.05 	0.455 	53.233923 	-4.6881802 	5.8766823
-0.72552553 	-0.05 	0.455 	53.2441 	-4.6794199 	5.8819185
-0.72432432 	-0.05 	0.455 	53.254581 	-4.6717969 	5.8876959
-0.72312312 	-0.05 	0.455 	53.26567 	-4.6664554 	5.8945587
-0.72192192 	-0.05 	0.455 	53.276758 	-4.6611139 	5.9014214
-0.72072072 	-0.05 	0.455 	53.287847 	-4.6557724 	5.9082842
-0.71951952 	-0.05 	0.455 	53.298935 	-4.6504309 	5.915147
-0.71831832 	-0.05 	0.455 	53.310024 	-4.6450894 	5.9220098
-0.71711712 	-0.05 	0.455 	53.321112 	-4.6397479 	5.9288725
-0.71591592 	-0.05 	0.455 	53.332201 	-4.6344064 	5.9357353
-0.71471471 	-0.05 	0.455 	53.34329 	-4.6290649 	5.9425981
-0.71351351 	-0.05 	0.455 	53.354457 	-4.6237269 	5.9493465
-0.71231231 	-0.05 	0.455 	53.365828 	-4.6183981 	5.9557979
-0.71111111 	-0.05 	0.455 	53.377198 	-4.6130694 	5.9622492
-0.70990991 	-0.05 	0.455 	53.388569 	-4.6077406 	5.9687006
-0.70870871 	-0.05 	0.455 	53.39994 	-4.6024118 	5.975152
-0.70750751 	-0.05 	0.455 	53.410131 	-4.5986481 	5.9819796
-0.70630631 	-0.05 	0.455 	53.4202 	-4.5950465 	5.9888462
-0.70510511 	-0.05 	0.455 	53.430268 	-4.5914449 	5.9957128
-0.7039039 	-0.05 	0.455 	53.440337 	-4.5878434 	6.0025794
-0.7027027 	-0.05 	0.455 	53.450405 	-4.5842418 	6.0094459
-0.7015015 	-0.05 	0.455 	53.460474 	-4.5806402 	6.0163125
-0.7003003 	-0.05 	0.455 	53.471592 	-4.5704334 	6.0238364
-0.6990991 	-0.05 	0.455 	53.482745 	-4.5600036 	6.0313825
-0.6978979 	-0.05 	0.455 	53.493898 	-4.5495738 	6.0389286
-0.6966967 	-0.05 	0.455 	53.505051 	-4.539144 	6.0464747
-0.6954955 	-0.05 	0.455 	53.516204 	-4.5287142 	6.0540208
-0.69429429 	-0.05 	0.455 	53.527268 	-4.5187855 	6.0615716
-0.69309309 	-0.05 	0.455 	53.537608 	-4.5129472 	6.0691607
-0.69189189 	-0.05 	0.455 	53.547949 	-4.507109 	6.0767497
-0.69069069 	-0.05 	0.455 	53.558289 	-4.5012708 	6.0843387
-0.68948949 	-0.05 	0.455 	53.568629 	-4.4954326 	6.0919278
-0.68828829 	-0.05 	0.455 	53.578969 	-4.4895944 	6.0995168
-0.68708709 	-0.05 	0.455 	53.589309 	-4.4837561 	6.1071059
-0.68588589 	-0.05 	0.455 	53.599649 	-4.4779179 	6.1146949
-0.68468468 	-0.05 	0.455 	53.609989 	-4.4720797 	6.1222839
-0.68348348 	-0.05 	0.455 	53.620329 	-4.4662415 	6.129873
-0.68228228 	-0.05 	0.455 	53.630843 	-4.4604358 	6.1369958
-0.68108108 	-0.05 	0.455 	53.641377 	-4.4546341 	6.144062
-0.67987988 	-0.05 	0.455 	53.651912 	-4.4488324 	6.1511282
-0.67867868 	-0.05 	0.455 	53.662447 	-4.4430307 	6.1581945
-0.67747748 	-0.05 	0.455 	53.672679 	-4.438406 	6.1652145
-0.67627628 	-0.05 	0.455 	53.682315 	-4.4360954 	6.1721438
-0.67507508 	-0.05 	0.455 	53.69195 	-4.4337848 	6.1790731
-0.67387387 	-0.05 	0.455 	53.701586 	-4.4314743 	6.1860025
-0.67267267 	-0.05 	0.455 	53.711222 	-4.4291637 	6.1929318
-0.67147147 	-0.05 	0.455 	53.720858 	-4.4268531 	6.1998611
-0.67027027 	-0.05 	0.455 	53.730329 	-4.4230967 	6.2069974
-0.66906907 	-0.05 	0.455 	53.739681 	-4.4183008 	6.2142826
-0.66786787 	-0.05 	0.455 	53.749032 	-4.4135048 	6.2215678
-0.66666667 	-0.05 	0.455 	53.758384 	-4.4087089 	6.228853
-0.66546547 	-0.05 	0.455 	53.767736 	-4.403913 	6.2361382
-0.66426426 	-0.05 	0.455 	53.777088 	-4.3991171 	6.2434234
-0.66306306 	-0.05 	0.455 	53.786313 	-4.3937366 	6.250852
-0.66186186 	-0.05 	0.455 	53.795519 	-4.3882715 	6.2583013
-0.66066066 	-0.05 	0.455 	53.804725 	-4.3828065 	6.2657506
-0.65945946 	-0.05 	0.455 	53.81393 	-4.3773414 	6.2731998
-0.65825826 	-0.05 	0.455 	53.823136 	-4.3718763 	6.2806491
-0.65705706 	-0.05 	0.455 	53.832342 	-4.3664112 	6.2880984
-0.65585586 	-0.05 	0.455 	53.841548 	-4.3609462 	6.2955477
-0.65465465 	-0.05 	0.455 	53.850754 	-4.3554811 	6.302997
-0.65345345 	-0.05 	0.455 	53.85996 	-4.350016 	6.3104463
-0.65225225 	-0.05 	0.455 	53.869262 	-4.3445654 	6.3176347
-0.65105105 	-0.05 	0.455 	53.878657 	-4.3391289 	6.3245666
-0.64984985 	-0.05 	0.455 	53.888052 	-4.3336924 	6.3314984
-0.64864865 	-0.05 	0.455 	53.897447 	-4.328256 	6.3384303
-0.64744745 	-0.05 	0.455 	53.906842 	-4.3228195 	6.3453621
-0.64624625 	-0.05 	0.455 	53.915907 	-4.3171235 	6.3522965
-0.64504505 	-0.05 	0.455 	53.92493 	-4.3113937 	6.3592312
-0.64384384 	-0.05 	0.455 	53.933953 	-4.305664 	6.3661658
-0.64264264 	-0.05 	0.455 	53.942976 	-4.2999343 	6.3731005
-0.64144144 	-0.05 	0.455 	53.951998 	-4.2942046 	6.3800352
-0.64024024 	-0.05 	0.455 	53.960842 	-4.2884447 	6.3869952
-0.63903904 	-0.05 	0.455 	53.968927 	-4.2825575 	6.394063
-0.63783784 	-0.05 	0.455 	53.977012 	-4.2766703 	6.4011307
-0.63663664 	-0.05 	0.455 	53.985097 	-4.270783 	6.4081984
-0.63543544 	-0.05 	0.455 	53.993182 	-4.2648958 	6.4152661
-0.63423423 	-0.05 	0.455 	54.001267 	-4.2590085 	6.4223338
-0.63303303 	-0.05 	0.455 	54.00947 	-4.2533303 	6.42925
-0.63183183 	-0.05 	0.455 	54.017783 	-4.2478476 	6.4360245
-0.63063063 	-0.05 	0.455 	54.026096 	-4.2423649 	6.442799
-0.62942943 	-0.05 	0.455 	54.03441 	-4.2368823 	6.4495734
-0.62822823 	-0.05 	0.455 	54.042723 	-4.2313996 	6.4563479
-0.62702703 	-0.05 	0.455 	54.050868 	-4.2258953 	6.4635717
-0.62582583 	-0.05 	0.455 	54.058989 	-4.220388 	6.4708567
-0.62462462 	-0.05 	0.455 	54.067111 	-4.2148808 	6.4781417
-0.62342342 	-0.05 	0.455 	54.075233 	-4.2093735 	6.4854267
-0.62222222 	-0.05 	0.455 	54.083354 	-4.2038663 	6.4927117
-0.62102102 	-0.05 	0.455 	54.091476 	-4.198359 	6.4999967
-0.61981982 	-0.05 	0.455 	54.099598 	-4.1928518 	6.5072818
-0.61861862 	-0.05 	0.455 	54.10772 	-4.1873445 	6.5145668
-0.61741742 	-0.05 	0.455 	54.115841 	-4.1818373 	6.5218518
-0.61621622 	-0.05 	0.455 	54.123944 	-4.1766442 	6.5289639
-0.61501502 	-0.05 	0.455 	54.132021 	-4.1718467 	6.5358585
-0.61381381 	-0.05 	0.455 	54.140099 	-4.1670491 	6.5427531
-0.61261261 	-0.05 	0.455 	54.148177 	-4.1622515 	6.5496476
-0.61141141 	-0.05 	0.455 	54.156255 	-4.157454 	6.5565422
-0.61021021 	-0.05 	0.455 	54.164333 	-4.1526564 	6.5634368
-0.60900901 	-0.05 	0.455 	54.171477 	-4.1488418 	6.5702726
-0.60780781 	-0.05 	0.455 	54.178392 	-4.1452679 	6.5770941
-0.60660661 	-0.05 	0.455 	54.185308 	-4.1416939 	6.5839156
-0.60540541 	-0.05 	0.455 	54.192223 	-4.1381199 	6.5907371
-0.6042042 	-0.05 	0.455 	54.199139 	-4.1345459 	6.5975585
-0.603003 	-0.05 	0.455 	54.206021 	-4.1306102 	6.6044383
-0.6018018 	-0.05 	0.455 	54.212776 	-4.1252632 	6.6115452
-0.6006006 	-0.05 	0.455 	54.219531 	-4.1199162 	6.6186521
-0.5993994 	-0.05 	0.455 	54.226285 	-4.1145692 	6.625759
-0.5981982 	-0.05 	0.455 	54.23304 	-4.1092222 	6.6328659
-0.596997 	-0.05 	0.455 	54.239794 	-4.1038752 	6.6399728
-0.5957958 	-0.05 	0.455 	54.246549 	-4.0985282 	6.6470797
-0.59459459 	-0.05 	0.455 	54.253304 	-4.0931812 	6.6541866
-0.59339339 	-0.05 	0.455 	54.260058 	-4.0878341 	6.6612935
-0.59219219 	-0.05 	0.455 	54.266813 	-4.0824871 	6.6684004
-0.59099099 	-0.05 	0.455 	54.27371 	-4.0771541 	6.6751412
-0.58978979 	-0.05 	0.455 	54.28066 	-4.0718263 	6.6817452
-0.58858859 	-0.05 	0.455 	54.28761 	-4.0664985 	6.6883493
-0.58738739 	-0.05 	0.455 	54.29456 	-4.0611708 	6.6949534
-0.58618619 	-0.05 	0.455 	54.301509 	-4.055843 	6.7015574
-0.58498498 	-0.05 	0.455 	54.308078 	-4.0494441 	6.7083291
-0.58378378 	-0.05 	0.455 	54.314627 	-4.0429924 	6.7151091
-0.58258258 	-0.05 	0.455 	54.321176 	-4.0365406 	6.7218891
-0.58138138 	-0.05 	0.455 	54.327725 	-4.0300888 	6.728669
-0.58018018 	-0.05 	0.455 	54.334274 	-4.023637 	6.735449
-0.57897898 	-0.05 	0.455 	54.340345 	-4.0178215 	6.7421712
-0.57777778 	-0.05 	0.455 	54.345749 	-4.0128906 	6.7488129
-0.57657658 	-0.05 	0.455 	54.351154 	-4.0079597 	6.7554546
-0.57537538 	-0.05 	0.455 	54.356558 	-4.0030287 	6.7620963
-0.57417417 	-0.05 	0.455 	54.361963 	-3.9980978 	6.768738
-0.57297297 	-0.05 	0.455 	54.367367 	-3.9931669 	6.7753797
-0.57177177 	-0.05 	0.455 	54.372812 	-3.9877233 	6.7822784
-0.57057057 	-0.05 	0.455 	54.378259 	-3.9822513 	6.7891912
-0.56936937 	-0.05 	0.455 	54.383706 	-3.9767794 	6.7961041
-0.56816817 	-0.05 	0.455 	54.389153 	-3.9713074 	6.803017
-0.56696697 	-0.05 	0.455 	54.3946 	-3.9658354 	6.8099299
-0.56576577 	-0.05 	0.455 	54.400047 	-3.9603635 	6.8168428
-0.56456456 	-0.05 	0.455 	54.405494 	-3.9548915 	6.8237557
-0.56336336 	-0.05 	0.455 	54.410941 	-3.9494195 	6.8306685
-0.56216216 	-0.05 	0.455 	54.416388 	-3.9439476 	6.8375814
-0.56096096 	-0.05 	0.455 	54.421905 	-3.9384784 	6.8443242
-0.55975976 	-0.05 	0.455 	54.427557 	-3.9330147 	6.850743
-0.55855856 	-0.05 	0.455 	54.433208 	-3.927551 	6.8571617
-0.55735736 	-0.05 	0.455 	54.43886 	-3.9220873 	6.8635804
-0.55615616 	-0.05 	0.455 	54.444512 	-3.9166236 	6.8699992
-0.55495495 	-0.05 	0.455 	54.450137 	-3.9110132 	6.8764729
-0.55375375 	-0.05 	0.455 	54.455725 	-3.9051899 	6.8830266
-0.55255255 	-0.05 	0.455 	54.461313 	-3.8993666 	6.8895803
-0.55135135 	-0.05 	0.455 	54.4669 	-3.8935432 	6.8961339
-0.55015015 	-0.05 	0.455 	54.472488 	-3.8877199 	6.9026876
-0.54894895 	-0.05 	0.455 	54.478039 	-3.8819594 	6.9092395
-0.54774775 	-0.05 	0.455 	54.482587 	-3.8778986 	6.9157449
-0.54654655 	-0.05 	0.455 	54.487135 	-3.8738379 	6.9222502
-0.54534535 	-0.05 	0.455 	54.491684 	-3.8697772 	6.9287555
-0.54414414 	-0.05 	0.455 	54.496232 	-3.8657164 	6.9352608
-0.54294294 	-0.05 	0.455 	54.50078 	-3.8616557 	6.9417662
-0.54174174 	-0.05 	0.455 	54.505101 	-3.8568826 	6.9484032
-0.54054054 	-0.05 	0.455 	54.509323 	-3.8518004 	6.9550975
-0.53933934 	-0.05 	0.455 	54.513545 	-3.8467181 	6.9617917
-0.53813814 	-0.05 	0.455 	54.517768 	-3.8416359 	6.9684859
-0.53693694 	-0.05 	0.455 	54.52199 	-3.8365536 	6.9751802
-0.53573574 	-0.05 	0.455 	54.526212 	-3.8314713 	6.9818744
-0.53453453 	-0.05 	0.455 	54.530434 	-3.8263891 	6.9885687
-0.53333333 	-0.05 	0.455 	54.534656 	-3.8213068 	6.9952629
-0.53213213 	-0.05 	0.455 	54.538879 	-3.8162246 	7.0019571
-0.53093093 	-0.05 	0.455 	54.543101 	-3.8111423 	7.0086514
-0.52972973 	-0.05 	0.455 	54.547528 	-3.8060758 	7.01488
-0.52852853 	-0.05 	0.455 	54.551965 	-3.8010101 	7.0210887
-0.52732733 	-0.05 	0.455 	54.556401 	-3.7959443 	7.0272973
-0.52612613 	-0.05 	0.455 	54.560838 	-3.7908785 	7.033506
-0.52492492 	-0.05 	0.455 	54.565274 	-3.7858127 	7.0397146
-0.52372372 	-0.05 	0.455 	54.569407 	-3.7807788 	7.0460456
-0.52252252 	-0.05 	0.455 	54.573537 	-3.7757453 	7.0523779
-0.52132132 	-0.05 	0.455 	54.577667 	-3.7707118 	7.0587101
-0.52012012 	-0.05 	0.455 	54.581796 	-3.7656782 	7.0650424
-0.51891892 	-0.05 	0.455 	54.585926 	-3.7606447 	7.0713747
-0.51771772 	-0.05 	0.455 	54.58952 	-3.7559202 	7.0776983
-0.51651652 	-0.05 	0.455 	54.592823 	-3.7513643 	7.0840173
-0.51531532 	-0.05 	0.455 	54.596125 	-3.7468084 	7.0903363
-0.51411411 	-0.05 	0.455 	54.599427 	-3.7422526 	7.0966553
-0.51291291 	-0.05 	0.455 	54.602729 	-3.7376967 	7.1029743
-0.51171171 	-0.05 	0.455 	54.605868 	-3.7330294 	7.1093396
-0.51051051 	-0.05 	0.455 	54.608645 	-3.7281168 	7.1158069
-0.50930931 	-0.05 	0.455 	54.611422 	-3.7232041 	7.1222743
-0.50810811 	-0.05 	0.455 	54.6142 	-3.7182915 	7.1287416
-0.50690691 	-0.05 	0.455 	54.616977 	-3.7133788 	7.1352089
-0.50570571 	-0.05 	0.455 	54.619755 	-3.7084662 	7.1416762
-0.5045045 	-0.05 	0.455 	54.622532 	-3.7035536 	7.1481435
-0.5033033 	-0.05 	0.455 	54.625309 	-3.6986409 	7.1546108
-0.5021021 	-0.05 	0.455 	54.628087 	-3.6937283 	7.1610781
-0.5009009 	-0.05 	0.455 	54.630864 	-3.6888157 	7.1675454
-0.4996997 	-0.05 	0.455 	54.633765 	-3.6839135 	7.1737408
-0.4984985 	-0.05 	0.455 	54.636757 	-3.6790191 	7.1797326
-0.4972973 	-0.05 	0.455 	54.63975 	-3.6741247 	7.1857243
-0.4960961 	-0.05 	0.455 	54.642743 	-3.6692303 	7.1917161
-0.49489489 	-0.05 	0.455 	54.645736 	-3.6643359 	7.1977078
-0.49369369 	-0.05 	0.455 	54.648437 	-3.6594766 	7.2037944
-0.49249249 	-0.05 	0.455 	54.650918 	-3.6546437 	7.2099524
-0.49129129 	-0.05 	0.455 	54.653399 	-3.6498108 	7.2161104
-0.49009009 	-0.05 	0.455 	54.65588 	-3.6449779 	7.2222684
-0.48888889 	-0.05 	0.455 	54.658361 	-3.640145 	7.2284264
-0.48768769 	-0.05 	0.455 	54.660694 	-3.6352628 	7.2345624
-0.48648649 	-0.05 	0.455 	54.662612 	-3.630241 	7.2406362
-0.48528529 	-0.05 	0.455 	54.66453 	-3.6252193 	7.2467101
-0.48408408 	-0.05 	0.455 	54.666447 	-3.6201975 	7.2527839
-0.48288288 	-0.05 	0.455 	54.668365 	-3.6151757 	7.2588578
-0.48168168 	-0.05 	0.455 	54.670282 	-3.610154 	7.2649316
-0.48048048 	-0.05 	0.455 	54.671699 	-3.6053091 	7.2711684
-0.47927928 	-0.05 	0.455 	54.673107 	-3.6004675 	7.2774082
-0.47807808 	-0.05 	0.455 	54.674514 	-3.595626 	7.2836481
-0.47687688 	-0.05 	0.455 	54.675921 	-3.5907844 	7.289888
-0.47567568 	-0.05 	0.455 	54.677329 	-3.5859429 	7.2961279
-0.47447447 	-0.05 	0.455 	54.678736 	-3.5811014 	7.3023677
-0.47327327 	-0.05 	0.455 	54.680143 	-3.5762598 	7.3086076
-0.47207207 	-0.05 	0.455 	54.681551 	-3.5714183 	7.3148475
-0.47087087 	-0.05 	0.455 	54.682958 	-3.5665767 	7.3210873
-0.46966967 	-0.05 	0.455 	54.684406 	-3.5617375 	7.3272403
-0.46846847 	-0.05 	0.455 	54.686027 	-3.5569085 	7.3330144
-0.46726727 	-0.05 	0.455 	54.687649 	-3.5520794 	7.3387886
-0.46606607 	-0.05 	0.455 	54.689271 	-3.5472504 	7.3445627
-0.46486486 	-0.05 	0.455 	54.690892 	-3.5424213 	7.3503368
-0.46366366 	-0.05 	0.455 	54.69247 	-3.5376302 	7.3561263
-0.46246246 	-0.05 	0.455 	54.693667 	-3.5331698 	7.3620499
-0.46126126 	-0.05 	0.455 	54.694864 	-3.5287094 	7.3679734
-0.46006006 	-0.05 	0.455 	54.696061 	-3.524249 	7.373897
-0.45885886 	-0.05 	0.455 	54.697258 	-3.5197886 	7.3798205
-0.45765766 	-0.05 	0.455 	54.698455 	-3.5153281 	7.3857441
-0.45645646 	-0.05 	0.455 	54.699291 	-3.5105199 	7.3916433
-0.45525526 	-0.05 	0.455 	54.700076 	-3.5056629 	7.3975391
-0.45405405 	-0.05 	0.455 	54.700861 	-3.500806 	7.403435
-0.45285285 	-0.05 	0.455 	54.701646 	-3.495949 	7.4093308
-0.45165165 	-0.05 	0.455 	54.702431 	-3.4910921 	7.4152267
-0.45045045 	-0.05 	0.455 	54.702782 	-3.4863042 	7.4212022
-0.44924925 	-0.05 	0.455 	54.702948 	-3.4815458 	7.4272117
-0.44804805 	-0.05 	0.455 	54.703114 	-3.4767874 	7.4332213
-0.44684685 	-0.05 	0.455 	54.70328 	-3.4720291 	7.4392308
-0.44564565 	-0.05 	0.455 	54.703445 	-3.4672707 	7.4452404
-0.44444444 	-0.05 	0.455 	54.703611 	-3.4625123 	7.4512499
-0.44324324 	-0.05 	0.455 	54.703777 	-3.4577539 	7.4572594
-0.44204204 	-0.05 	0.455 	54.703943 	-3.4529955 	7.463269
-0.44084084 	-0.05 	0.455 	54.704109 	-3.4482371 	7.4692785
-0.43963964 	-0.05 	0.455 	54.704275 	-3.4434787 	7.4752881
-0.43843844 	-0.05 	0.455 	54.70462 	-3.4387266 	7.4809308
-0.43723724 	-0.05 	0.455 	54.705009 	-3.4339759 	7.4864841
-0.43603604 	-0.05 	0.455 	54.705397 	-3.4292253 	7.4920375
-0.43483483 	-0.05 	0.455 	54.705786 	-3.4244747 	7.4975908
-0.43363363 	-0.05 	0.455 	54.706175 	-3.419724 	7.5031442
-0.43243243 	-0.05 	0.455 	54.706276 	-3.4151606 	7.5087659
-0.43123123 	-0.05 	0.455 	54.706177 	-3.4107272 	7.5144352
-0.43003003 	-0.05 	0.455 	54.706078 	-3.4062937 	7.5201044
-0.42882883 	-0.05 	0.455 	54.705979 	-3.4018603 	7.5257736
-0.42762763 	-0.05 	0.455 	54.70588 	-3.3974268 	7.5314429
-0.42642643 	-0.05 	0.455 	54.705646 	-3.3927712 	7.5371277
-0.42522523 	-0.05 	0.455 	54.705274 	-3.3878901 	7.5428283
-0.42402402 	-0.05 	0.455 	54.704903 	-3.3830089 	7.5485289
-0.42282282 	-0.05 	0.455 	54.704532 	-3.3781277 	7.5542295
-0.42162162 	-0.05 	0.455 	54.70416 	-3.3732465 	7.5599301
-0.42042042 	-0.05 	0.455 	54.703491 	-3.3684247 	7.5656569
-0.41921922 	-0.05 	0.455 	54.702422 	-3.3636827 	7.5714188
-0.41801802 	-0.05 	0.455 	54.701352 	-3.3589407 	7.5771808
-0.41681682 	-0.05 	0.455 	54.700283 	-3.3541988 	7.5829428
-0.41561562 	-0.05 	0.455 	54.699213 	-3.3494568 	7.5887048
-0.41441441 	-0.05 	0.455 	54.698144 	-3.3447149 	7.5944668
-0.41321321 	-0.05 	0.455 	54.697074 	-3.3399729 	7.6002287
-0.41201201 	-0.05 	0.455 	54.696005 	-3.3352309 	7.6059907
-0.41081081 	-0.05 	0.455 	54.694935 	-3.330489 	7.6117527
-0.40960961 	-0.05 	0.455 	54.693866 	-3.325747 	7.6175147
-0.40840841 	-0.05 	0.455 	54.692896 	-3.3210097 	7.6230885
-0.40720721 	-0.05 	0.455 	54.692065 	-3.3162788 	7.6284039
-0.40600601 	-0.05 	0.455 	54.691233 	-3.3115478 	7.6337192
-0.4048048 	-0.05 	0.455 	54.690401 	-3.3068169 	7.6390346
-0.4036036 	-0.05 	0.455 	54.689569 	-3.302086 	7.64435
-0.4024024 	-0.05 	0.455 	54.688631 	-3.2974149 	7.6496686
-0.4012012 	-0.05 	0.455 	54.687238 	-3.2930012 	7.6550014
-0.4 	-0.05 	0.455 	54.685845 	-3.2885875 	7.6603342
-0.3987988 	-0.05 	0.455 	54.684452 	-3.2841738 	7.6656671
-0.3975976 	-0.05 	0.455 	54.683059 	-3.2797601 	7.6709999
-0.3963964 	-0.05 	0.455 	54.681652 	-3.2753225 	7.676356
-0.3951952 	-0.05 	0.455 	54.680138 	-3.2706919 	7.6818999
-0.39399399 	-0.05 	0.455 	54.678623 	-3.2660614 	7.6874438
-0.39279279 	-0.05 	0.455 	54.677108 	-3.2614309 	7.6929878
-0.39159159 	-0.05 	0.455 	54.675594 	-3.2568003 	7.6985317
-0.39039039 	-0.05 	0.455 	54.674053 	-3.2521633 	7.7040743
-0.38918919 	-0.05 	0.455 	54.671808 	-3.247352 	7.7095812
-0.38798799 	-0.05 	0.455 	54.669563 	-3.2425406 	7.715088
-0.38678679 	-0.05 	0.455 	54.667318 	-3.2377293 	7.7205949
-0.38558559 	-0.05 	0.455 	54.665072 	-3.232918 	7.7261018
-0.38438438 	-0.05 	0.455 	54.662827 	-3.2281066 	7.7316087
-0.38318318 	-0.05 	0.455 	54.660582 	-3.2232953 	7.7371155
-0.38198198 	-0.05 	0.455 	54.658337 	-3.218484 	7.7426224
-0.38078078 	-0.05 	0.455 	54.656092 	-3.2136726 	7.7481293
-0.37957958 	-0.05 	0.455 	54.653847 	-3.2088613 	7.7536361
-0.37837838 	-0.05 	0.455 	54.65161 	-3.2040506 	7.7591275
-0.37717718 	-0.05 	0.455 	54.649612 	-3.1992562 	7.764198
-0.37597598 	-0.05 	0.455 	54.647613 	-3.1944617 	7.7692685
-0.37477477 	-0.05 	0.455 	54.645614 	-3.1896673 	7.7743391
-0.37357357 	-0.05 	0.455 	54.643615 	-3.1848729 	7.7794096
-0.37237237 	-0.05 	0.455 	54.641617 	-3.1800785 	7.7844801
-0.37117117 	-0.05 	0.455 	54.639188 	-3.1752331 	7.7895383
-0.36996997 	-0.05 	0.455 	54.636638 	-3.1703731 	7.7945929
-0.36876877 	-0.05 	0.455 	54.634087 	-3.1655132 	7.7996476
-0.36756757 	-0.05 	0.455 	54.631537 	-3.1606533 	7.8047023
-0.36636637 	-0.05 	0.455 	54.628986 	-3.1557933 	7.8097569
-0.36516517 	-0.05 	0.455 	54.626466 	-3.1509942 	7.8149998
-0.36396396 	-0.05 	0.455 	54.623958 	-3.1462182 	7.820314
-0.36276276 	-0.05 	0.455 	54.62145 	-3.1414422 	7.8256282
-0.36156156 	-0.05 	0.455 	54.618943 	-3.1366662 	7.8309424
-0.36036036 	-0.05 	0.455 	54.616435 	-3.1318901 	7.8362566
-0.35915916 	-0.05 	0.455 	54.613356 	-3.1272447 	7.8415228
-0.35795796 	-0.05 	0.455 	54.61003 	-3.122656 	7.846768
-0.35675676 	-0.05 	0.455 	54.606704 	-3.1180673 	7.8520132
-0.35555556 	-0.05 	0.455 	54.603378 	-3.1134786 	7.8572584
-0.35435435 	-0.05 	0.455 	54.600052 	-3.1088899 	7.8625036
-0.35315315 	-0.05 	0.455 	54.596726 	-3.1043012 	7.8677488
-0.35195195 	-0.05 	0.455 	54.5934 	-3.0997125 	7.8729941
-0.35075075 	-0.05 	0.455 	54.590074 	-3.0951239 	7.8782393
-0.34954955 	-0.05 	0.455 	54.586748 	-3.0905352 	7.8834845
-0.34834835 	-0.05 	0.455 	54.583422 	-3.0859465 	7.8887297
-0.34714715 	-0.05 	0.455 	54.580266 	-3.0813557 	7.8936954
-0.34594595 	-0.05 	0.455 	54.577201 	-3.0767637 	7.898512
-0.34474474 	-0.05 	0.455 	54.574136 	-3.0721718 	7.9033286
-0.34354354 	-0.05 	0.455 	54.571071 	-3.0675799 	7.9081452
-0.34234234 	-0.05 	0.455 	54.568006 	-3.0629879 	7.9129617
-0.34114114 	-0.05 	0.455 	54.564753 	-3.0585898 	7.9177859
-0.33993994 	-0.05 	0.455 	54.561094 	-3.0546072 	7.9226265
-0.33873874 	-0.05 	0.455 	54.557436 	-3.0506247 	7.927467
-0.33753754 	-0.05 	0.455 	54.553778 	-3.0466421 	7.9323075
-0.33633634 	-0.05 	0.455 	54.550119 	-3.0426596 	7.9371481
-0.33513514 	-0.05 	0.455 	54.546538 	-3.0385906 	7.9420553
-0.33393393 	-0.05 	0.455 	54.543105 	-3.0343562 	7.9470899
-0.33273273 	-0.05 	0.455 	54.539672 	-3.0301218 	7.9521246
-0.33153153 	-0.05 	0.455 	54.536239 	-3.0258874 	7.9571592
-0.33033033 	-0.05 	0.455 	54.532806 	-3.0216531 	7.9621939
-0.32912913 	-0.05 	0.455 	54.52898 	-3.0173893 	7.9671955
-0.32792793 	-0.05 	0.455 	54.524593 	-3.0130836 	7.9721502
-0.32672673 	-0.05 	0.455 	54.520206 	-3.008778 	7.9771048
-0.32552553 	-0.05 	0.455 	54.515819 	-3.0044724 	7.9820594
-0.32432432 	-0.05 	0.455 	54.511433 	-3.0001667 	7.9870141
-0.32312312 	-0.05 	0.455 	54.507046 	-2.9958611 	7.9919687
-0.32192192 	-0.05 	0.455 	54.502659 	-2.9915554 	7.9969234
-0.32072072 	-0.05 	0.455 	54.498272 	-2.9872498 	8.001878
-0.31951952 	-0.05 	0.455 	54.493886 	-2.9829442 	8.0068327
-0.31831832 	-0.05 	0.455 	54.489499 	-2.9786385 	8.0117873
-0.31711712 	-0.05 	0.455 	54.485189 	-2.97433 	8.016629
-0.31591592 	-0.05 	0.455 	54.481086 	-2.9700138 	8.0211653
-0.31471471 	-0.05 	0.455 	54.476984 	-2.9656976 	8.0257017
-0.31351351 	-0.05 	0.455 	54.472881 	-2.9613814 	8.030238
-0.31231231 	-0.05 	0.455 	54.468778 	-2.9570652 	8.0347744
-0.31111111 	-0.05 	0.455 	54.464676 	-2.952749 	8.0393107
-0.30990991 	-0.05 	0.455 	54.460055 	-2.9483263 	8.0437821
-0.30870871 	-0.05 	0.455 	54.455314 	-2.9438787 	8.0482382
-0.30750751 	-0.05 	0.455 	54.450572 	-2.9394311 	8.0526944
-0.30630631 	-0.05 	0.455 	54.44583 	-2.9349835 	8.0571505
-0.30510511 	-0.05 	0.455 	54.441089 	-2.9305359 	8.0616066
-0.3039039 	-0.05 	0.455 	54.436588 	-2.9262435 	8.0663863
-0.3027027 	-0.05 	0.455 	54.432096 	-2.9219573 	8.0711787
-0.3015015 	-0.05 	0.455 	54.427604 	-2.9176711 	8.0759712
-0.3003003 	-0.05 	0.455 	54.423113 	-2.9133848 	8.0807636
-0.2990991 	-0.05 	0.455 	54.418442 	-2.9091524 	8.0855366
-0.2978979 	-0.05 	0.455 	54.412643 	-2.9052586 	8.0901868
-0.2966967 	-0.05 	0.455 	54.406844 	-2.9013648 	8.094837
-0.2954955 	-0.05 	0.455 	54.401046 	-2.897471 	8.0994872
-0.29429429 	-0.05 	0.455 	54.395247 	-2.8935772 	8.1041374
-0.29309309 	-0.05 	0.455 	54.389448 	-2.8896834 	8.1087876
-0.29189189 	-0.05 	0.455 	54.383649 	-2.8857896 	8.1134378
-0.29069069 	-0.05 	0.455 	54.377851 	-2.8818958 	8.118088
-0.28948949 	-0.05 	0.455 	54.372052 	-2.8780021 	8.1227382
-0.28828829 	-0.05 	0.455 	54.366253 	-2.8741083 	8.1273884
-0.28708709 	-0.05 	0.455 	54.360454 	-2.8702145 	8.1320386
-0.28588589 	-0.05 	0.455 	54.354936 	-2.8662971 	8.1363291
-0.28468468 	-0.05 	0.455 	54.349454 	-2.8623768 	8.1405738
-0.28348348 	-0.05 	0.455 	54.343971 	-2.8584565 	8.1448185
-0.28228228 	-0.05 	0.455 	54.338489 	-2.8545361 	8.1490632
-0.28108108 	-0.05 	0.455 	54.333007 	-2.8506158 	8.1533079
-0.27987988 	-0.05 	0.455 	54.327094 	-2.84695 	8.1575193
-0.27867868 	-0.05 	0.455 	54.320545 	-2.8436614 	8.1616811
-0.27747748 	-0.05 	0.455 	54.313995 	-2.8403727 	8.1658429
-0.27627628 	-0.05 	0.455 	54.307446 	-2.837084 	8.1700048
-0.27507508 	-0.05 	0.455 	54.300896 	-2.8337954 	8.1741666
-0.27387387 	-0.05 	0.455 	54.294492 	-2.8308652 	8.1785336
-0.27267267 	-0.05 	0.455 	54.288195 	-2.8281988 	8.1830516
-0.27147147 	-0.05 	0.455 	54.281898 	-2.8255325 	8.1875697
-0.27027027 	-0.05 	0.455 	54.2756 	-2.8228661 	8.1920877
-0.26906907 	-0.05 	0.455 	54.269303 	-2.8201997 	8.1966057
-0.26786787 	-0.05 	0.455 	54.261976 	-2.8165124 	8.2009679
-0.26666667 	-0.05 	0.455 	54.254315 	-2.8124947 	8.2052796
-0.26546547 	-0.05 	0.455 	54.246655 	-2.808477 	8.2095913
-0.26426426 	-0.05 	0.455 	54.238994 	-2.8044593 	8.2139031
-0.26306306 	-0.05 	0.455 	54.231334 	-2.8004416 	8.2182148
-0.26186186 	-0.05 	0.455 	54.223673 	-2.7964239 	8.2225265
-0.26066066 	-0.05 	0.455 	54.216012 	-2.7924062 	8.2268383
-0.25945946 	-0.05 	0.455 	54.208352 	-2.7883885 	8.23115
-0.25825826 	-0.05 	0.455 	54.200691 	-2.7843708 	8.2354617
-0.25705706 	-0.05 	0.455 	54.193031 	-2.7803531 	8.2397734
-0.25585586 	-0.05 	0.455 	54.185553 	-2.7763271 	8.2438865
-0.25465465 	-0.05 	0.455 	54.178257 	-2.7722929 	8.247803
-0.25345345 	-0.05 	0.455 	54.170961 	-2.7682586 	8.2517195
-0.25225225 	-0.05 	0.455 	54.163665 	-2.7642244 	8.2556361
-0.25105105 	-0.05 	0.455 	54.15637 	-2.7601901 	8.2595526
-0.24984985 	-0.05 	0.455 	54.149074 	-2.7561559 	8.2634691
-0.24864865 	-0.05 	0.455 	54.140524 	-2.751665 	8.2672751
-0.24744745 	-0.05 	0.455 	54.131963 	-2.7471697 	8.27108
-0.24624625 	-0.05 	0.455 	54.123402 	-2.7426744 	8.274885
-0.24504505 	-0.05 	0.455 	54.11484 	-2.7381791 	8.2786899
-0.24384384 	-0.05 	0.455 	54.106363 	-2.7336372 	8.2825479
-0.24264264 	-0.05 	0.455 	54.098235 	-2.7289012 	8.2866271
-0.24144144 	-0.05 	0.455 	54.090107 	-2.7241653 	8.2907064
-0.24024024 	-0.05 	0.455 	54.081979 	-2.7194293 	8.2947857
-0.23903904 	-0.05 	0.455 	54.073851 	-2.7146934 	8.2988649
-0.23783784 	-0.05 	0.455 	54.065235 	-2.7100319 	8.3028664
-0.23663664 	-0.05 	0.455 	54.055951 	-2.7054726 	8.3067611
-0.23543544 	-0.05 	0.455 	54.046667 	-2.7009133 	8.3106559
-0.23423423 	-0.05 	0.455 	54.037382 	-2.696354 	8.3145506
-0.23303303 	-0.05 	0.455 	54.028098 	-2.6917948 	8.3184453
-0.23183183 	-0.05 	0.455 	54.018814 	-2.6872355 	8.32234
-0.23063063 	-0.05 	0.455 	54.009529 	-2.6826762 	8.3262348
-0.22942943 	-0.05 	0.455 	54.000245 	-2.6781169 	8.3301295
-0.22822823 	-0.05 	0.455 	53.990961 	-2.6735577 	8.3340242
-0.22702703 	-0.05 	0.455 	53.981676 	-2.6689984 	8.3379189
-0.22582583 	-0.05 	0.455 	53.972439 	-2.6644405 	8.3417685
-0.22462462 	-0.05 	0.455 	53.963551 	-2.6598928 	8.3452844
-0.22342342 	-0.05 	0.455 	53.954663 	-2.6553451 	8.3488003
-0.22222222 	-0.05 	0.455 	53.945775 	-2.6507974 	8.3523162
-0.22102102 	-0.05 	0.455 	53.936887 	-2.6462497 	8.3558321
-0.21981982 	-0.05 	0.455 	53.927999 	-2.641702 	8.359348
-0.21861862 	-0.05 	0.455 	53.918576 	-2.6376955 	8.3627986
-0.21741742 	-0.05 	0.455 	53.908666 	-2.6341816 	8.3661898
-0.21621622 	-0.05 	0.455 	53.898755 	-2.6306678 	8.369581
-0.21501502 	-0.05 	0.455 	53.888845 	-2.6271539 	8.3729722
-0.21381381 	-0.05 	0.455 	53.878934 	-2.6236401 	8.3763634
-0.21261261 	-0.05 	0.455 	53.869398 	-2.6200331 	8.3800184
-0.21141141 	-0.05 	0.455 	53.859949 	-2.6164043 	8.3837354
-0.21021021 	-0.05 	0.455 	53.8505 	-2.6127755 	8.3874523
-0.20900901 	-0.05 	0.455 	53.841051 	-2.6091467 	8.3911693
-0.20780781 	-0.05 	0.455 	53.831424 	-2.6054299 	8.3948519
-0.20660661 	-0.05 	0.455 	53.820682 	-2.601163 	8.3983204
-0.20540541 	-0.05 	0.455 	53.809941 	-2.5968961 	8.4017888
-0.2042042 	-0.05 	0.455 	53.7992 	-2.5926292 	8.4052573
-0.203003 	-0.05 	0.455 	53.788458 	-2.5883623 	8.4087257
-0.2018018 	-0.05 	0.455 	53.777717 	-2.5840953 	8.4121941
-0.2006006 	-0.05 	0.455 	53.766975 	-2.5798284 	8.4156626
-0.1993994 	-0.05 	0.455 	53.756234 	-2.5755615 	8.419131
-0.1981982 	-0.05 	0.455 	53.745492 	-2.5712946 	8.4225995
-0.196997 	-0.05 	0.455 	53.734751 	-2.5670277 	8.4260679
-0.1957958 	-0.05 	0.455 	53.724009 	-2.5627608 	8.4295363
-0.19459459 	-0.05 	0.455 	53.713589 	-2.5584611 	8.4327363
-0.19339339 	-0.05 	0.455 	53.703283 	-2.5541496 	8.4358395
-0.19219219 	-0.05 	0.455 	53.692978 	-2.5498381 	8.4389427
-0.19099099 	-0.05 	0.455 	53.682673 	-2.5455266 	8.442046
-0.18978979 	-0.05 	0.455 	53.672368 	-2.5412151 	8.4451492
-0.18858859 	-0.05 	0.455 	53.66204 	-2.5369093 	8.4482492
-0.18738739 	-0.05 	0.455 	53.650575 	-2.5328982 	8.4511846
-0.18618619 	-0.05 	0.455 	53.63911 	-2.528887 	8.4541199
-0.18498498 	-0.05 	0.455 	53.627645 	-2.5248759 	8.4570552
-0.18378378 	-0.05 	0.455 	53.61618 	-2.5208648 	8.4599906
-0.18258258 	-0.05 	0.455 	53.604844 	-2.5173223 	8.4630871
-0.18138138 	-0.05 	0.455 	53.593684 	-2.5144104 	8.4664004
-0.18018018 	-0.05 	0.455 	53.582524 	-2.5114985 	8.4697137
-0.17897898 	-0.05 	0.455 	53.571363 	-2.5085866 	8.473027
-0.17777778 	-0.05 	0.455 	53.560203 	-2.5056747 	8.4763403
-0.17657658 	-0.05 	0.455 	53.547885 	-2.5021477 	8.4794044
-0.17537538 	-0.05 	0.455 	53.535372 	-2.4985174 	8.4824268
-0.17417417 	-0.05 	0.455 	53.52286 	-2.4948872 	8.4854491
-0.17297297 	-0.05 	0.455 	53.510347 	-2.4912569 	8.4884714
-0.17177177 	-0.05 	0.455 	53.497834 	-2.4876266 	8.4914937
-0.17057057 	-0.05 	0.455 	53.485322 	-2.4839963 	8.4945161
-0.16936937 	-0.05 	0.455 	53.472809 	-2.480366 	8.4975384
-0.16816817 	-0.05 	0.455 	53.460297 	-2.4767357 	8.5005607
-0.16696697 	-0.05 	0.455 	53.447784 	-2.4731055 	8.5035831
-0.16576577 	-0.05 	0.455 	53.435272 	-2.4694752 	8.5066054
-0.16456456 	-0.05 	0.455 	53.422937 	-2.4658177 	8.5095029
-0.16336336 	-0.05 	0.455 	53.410931 	-2.4621102 	8.5121704
-0.16216216 	-0.05 	0.455 	53.398924 	-2.4584026 	8.5148379
-0.16096096 	-0.05 	0.455 	53.386918 	-2.4546951 	8.5175055
-0.15975976 	-0.05 	0.455 	53.374911 	-2.4509875 	8.520173
-0.15855856 	-0.05 	0.455 	53.362905 	-2.44728 	8.5228405
-0.15735736 	-0.05 	0.455 	53.350191 	-2.4433547 	8.5253488
-0.15615616 	-0.05 	0.455 	53.337029 	-2.4392918 	8.5277565
-0.15495495 	-0.05 	0.455 	53.323868 	-2.435229 	8.5301642
-0.15375375 	-0.05 	0.455 	53.310707 	-2.4311662 	8.532572
-0.15255255 	-0.05 	0.455 	53.297549 	-2.4271918 	8.5349968
-0.15135135 	-0.05 	0.455 	53.28446 	-2.4252574 	8.5378158
-0.15015015 	-0.05 	0.455 	53.271372 	-2.4233231 	8.5406349
-0.14894895 	-0.05 	0.455 	53.258283 	-2.4213888 	8.543454
-0.14774775 	-0.05 	0.455 	53.245195 	-2.4194544 	8.5462731
-0.14654655 	-0.05 	0.455 	53.231285 	-2.4172942 	8.5489379
-0.14534535 	-0.05 	0.455 	53.216478 	-2.4148875 	8.5514343
-0.14414414 	-0.05 	0.455 	53.20167 	-2.4124808 	8.5539306
-0.14294294 	-0.05 	0.455 	53.186863 	-2.4100741 	8.556427
-0.14174174 	-0.05 	0.455 	53.172056 	-2.4076674 	8.5589234
-0.14054054 	-0.05 	0.455 	53.157248 	-2.4052606 	8.5614198
-0.13933934 	-0.05 	0.455 	53.142441 	-2.4028539 	8.5639162
-0.13813814 	-0.05 	0.455 	53.127634 	-2.4004472 	8.5664126
-0.13693694 	-0.05 	0.455 	53.112826 	-2.3980405 	8.568909
-0.13573574 	-0.05 	0.455 	53.098019 	-2.3956337 	8.5714054
-0.13453453 	-0.05 	0.455 	53.083212 	-2.393227 	8.5739018
-0.13333333 	-0.05 	0.455 	53.06897 	-2.3907147 	8.5760815
-0.13213213 	-0.05 	0.455 	53.054749 	-2.3881988 	8.5782501
-0.13093093 	-0.05 	0.455 	53.040527 	-2.3856828 	8.5804186
-0.12972973 	-0.05 	0.455 	53.026305 	-2.3831668 	8.5825872
-0.12852853 	-0.05 	0.455 	53.012084 	-2.3806508 	8.5847558
-0.12732733 	-0.05 	0.455 	52.997617 	-2.3781172 	8.5868777
-0.12612613 	-0.05 	0.455 	52.982076 	-2.3755061 	8.5887946
-0.12492492 	-0.05 	0.455 	52.966535 	-2.3728949 	8.5907115
-0.12372372 	-0.05 	0.455 	52.950994 	-2.3702838 	8.5926284
-0.12252252 	-0.05 	0.455 	52.935453 	-2.3676727 	8.5945452
-0.12132132 	-0.05 	0.455 	52.919829 	-2.366418 	8.5966552
-0.12012012 	-0.05 	0.455 	52.904161 	-2.3658764 	8.5988666
-0.11891892 	-0.05 	0.455 	52.888492 	-2.3653347 	8.601078
-0.11771772 	-0.05 	0.455 	52.872824 	-2.364793 	8.6032893
-0.11651652 	-0.05 	0.455 	52.856847 	-2.3642479 	8.6054483
-0.11531532 	-0.05 	0.455 	52.839187 	-2.3636836 	8.6073212
-0.11411411 	-0.05 	0.455 	52.821527 	-2.3631193 	8.6091941
-0.11291291 	-0.05 	0.455 	52.803867 	-2.362555 	8.6110671
-0.11171171 	-0.05 	0.455 	52.786206 	-2.3619907 	8.61294
-0.11051051 	-0.05 	0.455 	52.768546 	-2.3614264 	8.6148129
-0.10930931 	-0.05 	0.455 	52.750886 	-2.3608621 	8.6166859
-0.10810811 	-0.05 	0.455 	52.733226 	-2.3602978 	8.6185588
-0.10690691 	-0.05 	0.455 	52.715565 	-2.3597335 	8.6204318
-0.10570571 	-0.05 	0.455 	52.697905 	-2.3591692 	8.6223047
-0.1045045 	-0.05 	0.455 	52.680245 	-2.358605 	8.6241776
-0.1033033 	-0.05 	0.455 	52.662983 	-2.3579205 	8.6258871
-0.1021021 	-0.05 	0.455 	52.64601 	-2.3571484 	8.6274776
-0.1009009 	-0.05 	0.455 	52.629038 	-2.3563763 	8.6290681
-0.0996997 	-0.05 	0.455 	52.612066 	-2.3556043 	8.6306586
-0.098498498 	-0.05 	0.455 	52.595093 	-2.3548322 	8.6322491
-0.097297297 	-0.05 	0.455 	52.578121 	-2.3540602 	8.6338395
-0.096096096 	-0.05 	0.455 	52.560269 	-2.3534738 	8.6352414
-0.094894895 	-0.05 	0.455 	52.542019 	-2.3529712 	8.6365583
-0.093693694 	-0.05 	0.455 	52.52377 	-2.3524686 	8.6378751
-0.092492492 	-0.05 	0.455 	52.505521 	-2.351966 	8.639192
-0.091291291 	-0.05 	0.455 	52.487208 	-2.351875 	8.6405598
-0.09009009 	-0.05 	0.455 	52.468717 	-2.3529144 	8.6420674
-0.088888889 	-0.05 	0.455 	52.450227 	-2.3539538 	8.643575
-0.087687688 	-0.05 	0.455 	52.431737 	-2.3549932 	8.6450826
-0.086486486 	-0.05 	0.455 	52.413247 	-2.3560326 	8.6465902
-0.085285285 	-0.05 	0.455 	52.392482 	-2.3585805 	8.6477554
-0.084084084 	-0.05 	0.455 	52.371451 	-2.3613038 	8.6488808
-0.082882883 	-0.05 	0.455 	52.350421 	-2.3640272 	8.6500062
-0.081681682 	-0.05 	0.455 	52.329391 	-2.3667505 	8.6511316
-0.08048048 	-0.05 	0.455 	52.308361 	-2.3694738 	8.652257
-0.079279279 	-0.05 	0.455 	52.287331 	-2.3721971 	8.6533824
-0.078078078 	-0.05 	0.455 	52.266301 	-2.3749205 	8.6545078
-0.076876877 	-0.05 	0.455 	52.24527 	-2.3776438 	8.6556332
-0.075675676 	-0.05 	0.455 	52.22424 	-2.3803671 	8.6567586
-0.074474474 	-0.05 	0.455 	52.20321 	-2.3830905 	8.657884
-0.073273273 	-0.05 	0.455 	52.182337 	-2.3857436 	8.658967
-0.072072072 	-0.05 	0.455 	52.162133 	-2.3880979 	8.6598694
-0.070870871 	-0.05 	0.455 	52.141929 	-2.3904523 	8.6607717
-0.06966967 	-0.05 	0.455 	52.121725 	-2.3928066 	8.6616741
-0.068468468 	-0.05 	0.455 	52.101521 	-2.395161 	8.6625765
-0.067267267 	-0.05 	0.455 	52.081317 	-2.3975153 	8.6634788
-0.066066066 	-0.05 	0.455 	52.060998 	-2.4000926 	8.6643421
-0.064864865 	-0.05 	0.455 	52.039924 	-2.404131 	8.6649487
-0.063663664 	-0.05 	0.455 	52.018849 	-2.4081694 	8.6655554
-0.062462462 	-0.05 	0.455 	51.997775 	-2.4122078 	8.666162
-0.061261261 	-0.05 	0.455 	51.9767 	-2.4162462 	8.6667687
-0.06006006 	-0.05 	0.455 	51.956359 	-2.4205027 	8.667445
-0.058858859 	-0.05 	0.455 	51.936119 	-2.4247892 	8.668131
-0.057657658 	-0.05 	0.455 	51.915878 	-2.4290758 	8.668817
-0.056456456 	-0.05 	0.455 	51.895638 	-2.4333623 	8.669503
-0.055255255 	-0.05 	0.455 	51.874506 	-2.439018 	8.6699981
-0.054054054 	-0.05 	0.455 	51.852647 	-2.4457908 	8.6703375
-0.052852853 	-0.05 	0.455 	51.830788 	-2.4525636 	8.670677
-0.051651652 	-0.05 	0.455 	51.80893 	-2.4593364 	8.6710164
-0.05045045 	-0.05 	0.455 	51.787071 	-2.4661093 	8.6713558
-0.049249249 	-0.05 	0.455 	51.765212 	-2.4728821 	8.6716952
-0.048048048 	-0.05 	0.455 	51.743353 	-2.4796549 	8.6720346
-0.046846847 	-0.05 	0.455 	51.721494 	-2.4864277 	8.6723741
-0.045645646 	-0.05 	0.455 	51.699635 	-2.4932005 	8.6727135
-0.044444444 	-0.05 	0.455 	51.677776 	-2.4999733 	8.6730529
-0.043243243 	-0.05 	0.455 	51.655917 	-2.5067461 	8.6733923
-0.042042042 	-0.05 	0.455 	51.634742 	-2.5130939 	8.6736269
-0.040840841 	-0.05 	0.455 	51.613785 	-2.519306 	8.6738279
-0.03963964 	-0.05 	0.455 	51.592828 	-2.5255181 	8.674029
-0.038438438 	-0.05 	0.455 	51.57187 	-2.5317302 	8.6742301
-0.037237237 	-0.05 	0.455 	51.550913 	-2.5379422 	8.6744311
-0.036036036 	-0.05 	0.455 	51.529833 	-2.5445236 	8.6746056
-0.034834835 	-0.05 	0.455 	51.507238 	-2.5556437 	8.6744531
-0.033633634 	-0.05 	0.455 	51.484643 	-2.5667637 	8.6743006
-0.032432432 	-0.05 	0.455 	51.462049 	-2.5778838 	8.6741481
-0.031231231 	-0.05 	0.455 	51.439454 	-2.5890039 	8.6739955
-0.03003003 	-0.05 	0.455 	51.415916 	-2.6031513 	8.6737676
-0.028828829 	-0.05 	0.455 	51.391027 	-2.6216273 	8.6734319
-0.027627628 	-0.05 	0.455 	51.366139 	-2.6401034 	8.6730962
-0.026426426 	-0.05 	0.455 	51.34125 	-2.6585795 	8.6727605
-0.025225225 	-0.05 	0.455 	51.316362 	-2.6770555 	8.6724248
-0.024024024 	-0.05 	0.455 	51.291473 	-2.6955316 	8.6720891
-0.022822823 	-0.05 	0.455 	51.266584 	-2.7140077 	8.6717534
-0.021621622 	-0.05 	0.455 	51.241696 	-2.7324838 	8.6714177
-0.02042042 	-0.05 	0.455 	51.215413 	-2.7482973 	8.6712161
-0.019219219 	-0.05 	0.455 	51.188924 	-2.7641153 	8.6710348
-0.018018018 	-0.05 	0.455 	51.161837 	-2.7806148 	8.6709137
-0.016816817 	-0.05 	0.455 	51.13475 	-2.7971143 	8.6707926
-0.015615616 	-0.05 	0.455 	51.107662 	-2.8136138 	8.6706715
-0.014414414 	-0.05 	0.455 	51.081536 	-2.8378913 	8.6698718
-0.013213213 	-0.05 	0.455 	51.056005 	-2.8669785 	8.6686525
-0.012012012 	-0.05 	0.455 	51.031913 	-2.8939759 	8.6675645
-0.010810811 	-0.05 	0.455 	51.012387 	-2.914405 	8.666896
-0.0096096096 	-0.05 	0.455 	50.992861 	-2.9348341 	8.6662275
-0.0084084084 	-0.05 	0.455 	50.973336 	-2.9552632 	8.665559
-0.0072072072 	-0.05 	0.455 	50.95381 	-2.9756923 	8.6648906
-0.006006006 	-0.05 	0.455 	50.934284 	-2.9961214 	8.6642221
-0.0048048048 	-0.05 	0.455 	50.914758 	-3.0165505 	8.6635536
-0.0036036036 	-0.05 	0.455 	50.895233 	-3.0369796 	8.6628851
-0.0024024024 	-0.05 	0.455 	50.875707 	-3.0574087 	8.6622166
-0.0012012012 	-0.05 	0.455 	50.856181 	-3.0778378 	8.6615482
-7.9673367e-15 	-0.05 	0.455 	50.836656 	-3.0982669 	8.6608797
