0 	0.25 	0.455 	52.828496 	-6.5329588 	-4.9747702
-0.0012012012 	0.25 	0.455 	52.836644 	-6.5449839 	-4.9770725
-0.0024024024 	0.25 	0.455 	52.844791 	-6.5570091 	-4.9793748
-0.0036036036 	0.25 	0.455 	52.852938 	-6.5690342 	-4.9816772
-0.0048048048 	0.25 	0.455 	52.861085 	-6.5810593 	-4.9839795
-0.006006006 	0.25 	0.455 	52.869232 	-6.5930845 	-4.9862818
-0.0072072072 	0.25 	0.455 	52.877379 	-6.6051096 	-4.9885841
-0.0084084084 	0.25 	0.455 	52.885526 	-6.6171347 	-4.9908865
-0.0096096096 	0.25 	0.455 	52.893673 	-6.6291599 	-4.9931888
-0.010810811 	0.25 	0.455 	52.90182 	-6.641185 	-4.9954911
-0.012012012 	0.25 	0.455 	52.909967 	-6.6532101 	-4.9977935
-0.013213213 	0.25 	0.455 	52.918114 	-6.6652353 	-5.0000958
-0.014414414 	0.25 	0.455 	52.926262 	-6.6772604 	-5.0023981
-0.015615616 	0.25 	0.455 	52.934409 	-6.6892855 	-5.0047005
-0.016816817 	0.25 	0.455 	52.942556 	-6.7013107 	-5.0070028
-0.018018018 	0.25 	0.455 	52.950703 	-6.7133358 	-5.0093051
-0.019219219 	0.25 	0.455 	52.95885 	-6.7253609 	-5.0116075
-0.02042042 	0.25 	0.455 	52.966997 	-6.7373861 	-5.0139098
-0.021621622 	0.25 	0.455 	52.975742 	-6.7494537 	-5.0161195
-0.022822823 	0.25 	0.455 	52.984742 	-6.7615395 	-5.0182898
-0.024024024 	0.25 	0.455 	52.993742 	-6.7736253 	-5.0204601
-0.025225225 	0.25 	0.455 	53.002742 	-6.785711 	-5.0226305
-0.026426426 	0.25 	0.455 	53.011742 	-6.7977968 	-5.0248008
-0.027627628 	0.25 	0.455 	53.020742 	-6.8098826 	-5.0269711
-0.028828829 	0.25 	0.455 	53.029741 	-6.8219683 	-5.0291414
-0.03003003 	0.25 	0.455 	53.038741 	-6.8340541 	-5.0313118
-0.031231231 	0.25 	0.455 	53.047741 	-6.8461399 	-5.0334821
-0.032432432 	0.25 	0.455 	53.056741 	-6.8582256 	-5.0356524
-0.033633634 	0.25 	0.455 	53.065741 	-6.8703114 	-5.0378227
-0.034834835 	0.25 	0.455 	53.074741 	-6.8823972 	-5.039993
-0.036036036 	0.25 	0.455 	53.083841 	-6.8947612 	-5.0420762
-0.037237237 	0.25 	0.455 	53.093003 	-6.907298 	-5.0441054
-0.038438438 	0.25 	0.455 	53.102165 	-6.9198347 	-5.0461345
-0.03963964 	0.25 	0.455 	53.110329 	-6.9307031 	-5.0475973
-0.040840841 	0.25 	0.455 	53.118451 	-6.9415027 	-5.0490369
-0.042042042 	0.25 	0.455 	53.126573 	-6.9523024 	-5.0504764
-0.043243243 	0.25 	0.455 	53.134696 	-6.9631021 	-5.0519159
-0.044444444 	0.25 	0.455 	53.142818 	-6.9739018 	-5.0533554
-0.045645646 	0.25 	0.455 	53.15094 	-6.9847015 	-5.054795
-0.046846847 	0.25 	0.455 	53.159063 	-6.9955011 	-5.0562345
-0.048048048 	0.25 	0.455 	53.167185 	-7.0063008 	-5.057674
-0.049249249 	0.25 	0.455 	53.175307 	-7.0171005 	-5.0591135
-0.05045045 	0.25 	0.455 	53.18343 	-7.0279002 	-5.060553
-0.051651652 	0.25 	0.455 	53.191552 	-7.0386998 	-5.0619926
-0.052852853 	0.25 	0.455 	53.199674 	-7.0494995 	-5.0634321
-0.054054054 	0.25 	0.455 	53.207797 	-7.0602992 	-5.0648716
-0.055255255 	0.25 	0.455 	53.215919 	-7.0710989 	-5.0663111
-0.056456456 	0.25 	0.455 	53.224041 	-7.0818986 	-5.0677507
-0.057657658 	0.25 	0.455 	53.232163 	-7.0926982 	-5.0691902
-0.058858859 	0.25 	0.455 	53.240286 	-7.1034979 	-5.0706297
-0.06006006 	0.25 	0.455 	53.248408 	-7.1142976 	-5.0720692
-0.061261261 	0.25 	0.455 	53.259281 	-7.1287525 	-5.0736753
-0.062462462 	0.25 	0.455 	53.270256 	-7.143344 	-5.0752876
-0.063663664 	0.25 	0.455 	53.281232 	-7.1579355 	-5.0768999
-0.064864865 	0.25 	0.455 	53.292207 	-7.172527 	-5.0785122
-0.066066066 	0.25 	0.455 	53.303183 	-7.1871185 	-5.0801245
-0.067267267 	0.25 	0.455 	53.314158 	-7.20171 	-5.0817368
-0.068468468 	0.25 	0.455 	53.325134 	-7.2163015 	-5.0833491
-0.06966967 	0.25 	0.455 	53.336109 	-7.230893 	-5.0849614
-0.070870871 	0.25 	0.455 	53.347085 	-7.2454844 	-5.0865737
-0.072072072 	0.25 	0.455 	53.35806 	-7.2600759 	-5.088186
-0.073273273 	0.25 	0.455 	53.369036 	-7.2746674 	-5.0897983
-0.074474474 	0.25 	0.455 	53.380011 	-7.2892589 	-5.0914106
-0.075675676 	0.25 	0.455 	53.390987 	-7.3038504 	-5.093023
-0.076876877 	0.25 	0.455 	53.401962 	-7.3184419 	-5.0946353
-0.078078078 	0.25 	0.455 	53.412938 	-7.3330334 	-5.0962476
-0.079279279 	0.25 	0.455 	53.423913 	-7.3476249 	-5.0978599
-0.08048048 	0.25 	0.455 	53.434889 	-7.3622164 	-5.0994722
-0.081681682 	0.25 	0.455 	53.44598 	-7.3763219 	-5.1010782
-0.082882883 	0.25 	0.455 	53.457587 	-7.3882779 	-5.1026565
-0.084084084 	0.25 	0.455 	53.469194 	-7.400234 	-5.1042347
-0.085285285 	0.25 	0.455 	53.48075 	-7.4120624 	-5.105852
-0.086486486 	0.25 	0.455 	53.492213 	-7.4236536 	-5.1075418
-0.087687688 	0.25 	0.455 	53.503675 	-7.4352449 	-5.1092317
-0.088888889 	0.25 	0.455 	53.515138 	-7.4468361 	-5.1109215
-0.09009009 	0.25 	0.455 	53.526601 	-7.4584273 	-5.1126114
-0.091291291 	0.25 	0.455 	53.538064 	-7.4700185 	-5.1143012
-0.092492492 	0.25 	0.455 	53.549526 	-7.4816098 	-5.1159911
-0.093693694 	0.25 	0.455 	53.560989 	-7.493201 	-5.1176809
-0.094894895 	0.25 	0.455 	53.572452 	-7.5047922 	-5.1193708
-0.096096096 	0.25 	0.455 	53.583914 	-7.5163834 	-5.1210606
-0.097297297 	0.25 	0.455 	53.595377 	-7.5279747 	-5.1227505
-0.098498498 	0.25 	0.455 	53.60684 	-7.5395659 	-5.1244403
-0.0996997 	0.25 	0.455 	53.618303 	-7.5511571 	-5.1261302
-0.1009009 	0.25 	0.455 	53.630755 	-7.5593274 	-5.1274828
-0.1021021 	0.25 	0.455 	53.643265 	-7.5673024 	-5.1288162
-0.1033033 	0.25 	0.455 	53.655774 	-7.5752774 	-5.1301495
-0.1045045 	0.25 	0.455 	53.668283 	-7.5832524 	-5.1314829
-0.10570571 	0.25 	0.455 	53.680793 	-7.5912274 	-5.1328162
-0.10690691 	0.25 	0.455 	53.693302 	-7.5992024 	-5.1341496
-0.10810811 	0.25 	0.455 	53.705811 	-7.6071774 	-5.1354829
-0.10930931 	0.25 	0.455 	53.718321 	-7.6151524 	-5.1368163
-0.11051051 	0.25 	0.455 	53.73083 	-7.6231274 	-5.1381496
-0.11171171 	0.25 	0.455 	53.743339 	-7.6311024 	-5.139483
-0.11291291 	0.25 	0.455 	53.755849 	-7.6390774 	-5.1408163
-0.11411411 	0.25 	0.455 	53.768358 	-7.6470524 	-5.1421497
-0.11531532 	0.25 	0.455 	53.780867 	-7.6550274 	-5.1434831
-0.11651652 	0.25 	0.455 	53.793377 	-7.6630024 	-5.1448164
-0.11771772 	0.25 	0.455 	53.805886 	-7.6709774 	-5.1461498
-0.11891892 	0.25 	0.455 	53.818395 	-7.6789524 	-5.1474831
-0.12012012 	0.25 	0.455 	53.830904 	-7.6869274 	-5.1488165
-0.12132132 	0.25 	0.455 	53.843857 	-7.6956176 	-5.150208
-0.12252252 	0.25 	0.455 	53.858499 	-7.707033 	-5.1518211
-0.12372372 	0.25 	0.455 	53.87314 	-7.7184485 	-5.1534341
-0.12492492 	0.25 	0.455 	53.887782 	-7.7298639 	-5.1550472
-0.12612613 	0.25 	0.455 	53.902423 	-7.7412794 	-5.1566603
-0.12732733 	0.25 	0.455 	53.917065 	-7.7526949 	-5.1582734
-0.12852853 	0.25 	0.455 	53.931706 	-7.7641103 	-5.1598865
-0.12972973 	0.25 	0.455 	53.946348 	-7.7755258 	-5.1614995
-0.13093093 	0.25 	0.455 	53.960989 	-7.7869412 	-5.1631126
-0.13213213 	0.25 	0.455 	53.975631 	-7.7983567 	-5.1647257
-0.13333333 	0.25 	0.455 	53.990272 	-7.8097722 	-5.1663388
-0.13453453 	0.25 	0.455 	54.004914 	-7.8211876 	-5.1679519
-0.13573574 	0.25 	0.455 	54.019556 	-7.8326031 	-5.1695649
-0.13693694 	0.25 	0.455 	54.034197 	-7.8440185 	-5.171178
-0.13813814 	0.25 	0.455 	54.048839 	-7.855434 	-5.1727911
-0.13933934 	0.25 	0.455 	54.06348 	-7.8668495 	-5.1744042
-0.14054054 	0.25 	0.455 	54.078122 	-7.8782649 	-5.1760173
-0.14174174 	0.25 	0.455 	54.092763 	-7.8896804 	-5.1776303
-0.14294294 	0.25 	0.455 	54.107177 	-7.9005636 	-5.1790644
-0.14414414 	0.25 	0.455 	54.121461 	-7.911146 	-5.1803973
-0.14534535 	0.25 	0.455 	54.135746 	-7.9217283 	-5.1817302
-0.14654655 	0.25 	0.455 	54.15003 	-7.9323107 	-5.183063
-0.14774775 	0.25 	0.455 	54.164314 	-7.942893 	-5.1843959
-0.14894895 	0.25 	0.455 	54.178599 	-7.9534753 	-5.1857288
-0.15015015 	0.25 	0.455 	54.192883 	-7.9640577 	-5.1870616
-0.15135135 	0.25 	0.455 	54.207168 	-7.97464 	-5.1883945
-0.15255255 	0.25 	0.455 	54.221452 	-7.9852223 	-5.1897274
-0.15375375 	0.25 	0.455 	54.235737 	-7.9958047 	-5.1910602
-0.15495495 	0.25 	0.455 	54.250021 	-8.006387 	-5.1923931
-0.15615616 	0.25 	0.455 	54.264306 	-8.0169694 	-5.193726
-0.15735736 	0.25 	0.455 	54.278609 	-8.027584 	-5.1950519
-0.15855856 	0.25 	0.455 	54.293111 	-8.0385448 	-5.1963031
-0.15975976 	0.25 	0.455 	54.307614 	-8.0495057 	-5.1975543
-0.16096096 	0.25 	0.455 	54.322116 	-8.0604665 	-5.1988055
-0.16216216 	0.25 	0.455 	54.336123 	-8.0702838 	-5.1995979
-0.16336336 	0.25 	0.455 	54.350104 	-8.0800433 	-5.2003671
-0.16456456 	0.25 	0.455 	54.364085 	-8.0898028 	-5.2011363
-0.16576577 	0.25 	0.455 	54.378066 	-8.0995623 	-5.2019055
-0.16696697 	0.25 	0.455 	54.392048 	-8.1093218 	-5.2026747
-0.16816817 	0.25 	0.455 	54.406029 	-8.1190813 	-5.2034438
-0.16936937 	0.25 	0.455 	54.42001 	-8.1288408 	-5.204213
-0.17057057 	0.25 	0.455 	54.433991 	-8.1386003 	-5.2049822
-0.17177177 	0.25 	0.455 	54.447973 	-8.1483598 	-5.2057514
-0.17297297 	0.25 	0.455 	54.461954 	-8.1581193 	-5.2065206
-0.17417417 	0.25 	0.455 	54.475935 	-8.1678788 	-5.2072898
-0.17537538 	0.25 	0.455 	54.489916 	-8.1776383 	-5.2080589
-0.17657658 	0.25 	0.455 	54.503897 	-8.1873978 	-5.2088281
-0.17777778 	0.25 	0.455 	54.517879 	-8.1971573 	-5.2095973
-0.17897898 	0.25 	0.455 	54.53186 	-8.2069168 	-5.2103665
-0.18018018 	0.25 	0.455 	54.545841 	-8.2166763 	-5.2111357
-0.18138138 	0.25 	0.455 	54.559822 	-8.2264358 	-5.2119049
-0.18258258 	0.25 	0.455 	54.5757 	-8.2374631 	-5.212736
-0.18378378 	0.25 	0.455 	54.593622 	-8.249858 	-5.213634
-0.18498498 	0.25 	0.455 	54.611544 	-8.262253 	-5.2145321
-0.18618619 	0.25 	0.455 	54.629467 	-8.2746479 	-5.2154301
-0.18738739 	0.25 	0.455 	54.647389 	-8.2870429 	-5.2163281
-0.18858859 	0.25 	0.455 	54.665311 	-8.2994378 	-5.2172261
-0.18978979 	0.25 	0.455 	54.683234 	-8.3118327 	-5.2181242
-0.19099099 	0.25 	0.455 	54.701156 	-8.3242277 	-5.2190222
-0.19219219 	0.25 	0.455 	54.719078 	-8.3366226 	-5.2199202
-0.19339339 	0.25 	0.455 	54.737001 	-8.3490176 	-5.2208182
-0.19459459 	0.25 	0.455 	54.754923 	-8.3614125 	-5.2217163
-0.1957958 	0.25 	0.455 	54.772845 	-8.3738075 	-5.2226143
-0.196997 	0.25 	0.455 	54.790768 	-8.3862024 	-5.2235123
-0.1981982 	0.25 	0.455 	54.80869 	-8.3985974 	-5.2244103
-0.1993994 	0.25 	0.455 	54.826613 	-8.4109923 	-5.2253084
-0.2006006 	0.25 	0.455 	54.844535 	-8.4233872 	-5.2262064
-0.2018018 	0.25 	0.455 	54.862457 	-8.4357822 	-5.2271044
-0.203003 	0.25 	0.455 	54.880132 	-8.447805 	-5.2279882
-0.2042042 	0.25 	0.455 	54.896644 	-8.458077 	-5.2288048
-0.20540541 	0.25 	0.455 	54.913155 	-8.4683489 	-5.2296214
-0.20660661 	0.25 	0.455 	54.929667 	-8.4786209 	-5.230438
-0.20780781 	0.25 	0.455 	54.945952 	-8.4885619 	-5.2312742
-0.20900901 	0.25 	0.455 	54.962203 	-8.4984538 	-5.2321133
-0.21021021 	0.25 	0.455 	54.978454 	-8.5083457 	-5.2329524
-0.21141141 	0.25 	0.455 	54.994705 	-8.5182376 	-5.2337915
-0.21261261 	0.25 	0.455 	55.010956 	-8.5281295 	-5.2346306
-0.21381381 	0.25 	0.455 	55.027207 	-8.5380214 	-5.2354697
-0.21501502 	0.25 	0.455 	55.043458 	-8.5479133 	-5.2363088
-0.21621622 	0.25 	0.455 	55.059709 	-8.5578052 	-5.2371479
-0.21741742 	0.25 	0.455 	55.07596 	-8.5676971 	-5.237987
-0.21861862 	0.25 	0.455 	55.092211 	-8.577589 	-5.2388261
-0.21981982 	0.25 	0.455 	55.108463 	-8.5874809 	-5.2396652
-0.22102102 	0.25 	0.455 	55.124714 	-8.5973728 	-5.2405043
-0.22222222 	0.25 	0.455 	55.140965 	-8.6072647 	-5.2413434
-0.22342342 	0.25 	0.455 	55.15703 	-8.6148421 	-5.2417977
-0.22462462 	0.25 	0.455 	55.173091 	-8.6223739 	-5.2422445
-0.22582583 	0.25 	0.455 	55.189152 	-8.6299058 	-5.2426913
-0.22702703 	0.25 	0.455 	55.205213 	-8.6374376 	-5.243138
-0.22822823 	0.25 	0.455 	55.221274 	-8.6449695 	-5.2435848
-0.22942943 	0.25 	0.455 	55.237335 	-8.6525013 	-5.2440316
-0.23063063 	0.25 	0.455 	55.253396 	-8.6600331 	-5.2444783
-0.23183183 	0.25 	0.455 	55.269458 	-8.667565 	-5.2449251
-0.23303303 	0.25 	0.455 	55.285519 	-8.6750968 	-5.2453719
-0.23423423 	0.25 	0.455 	55.30158 	-8.6826287 	-5.2458187
-0.23543544 	0.25 	0.455 	55.317641 	-8.6901605 	-5.2462654
-0.23663664 	0.25 	0.455 	55.333702 	-8.6976924 	-5.2467122
-0.23783784 	0.25 	0.455 	55.349763 	-8.7052242 	-5.247159
-0.23903904 	0.25 	0.455 	55.365825 	-8.7127561 	-5.2476057
-0.24024024 	0.25 	0.455 	55.381886 	-8.7202879 	-5.2480525
-0.24144144 	0.25 	0.455 	55.397947 	-8.7278197 	-5.2484993
-0.24264264 	0.25 	0.455 	55.414008 	-8.7353516 	-5.248946
-0.24384384 	0.25 	0.455 	55.433177 	-8.7444605 	-5.2494725
-0.24504505 	0.25 	0.455 	55.453477 	-8.7541435 	-5.2500281
-0.24624625 	0.25 	0.455 	55.473777 	-8.7638265 	-5.2505836
-0.24744745 	0.25 	0.455 	55.494077 	-8.7735095 	-5.2511391
-0.24864865 	0.25 	0.455 	55.514377 	-8.7831925 	-5.2516946
-0.24984985 	0.25 	0.455 	55.534677 	-8.7928755 	-5.2522501
-0.25105105 	0.25 	0.455 	55.554977 	-8.8025585 	-5.2528057
-0.25225225 	0.25 	0.455 	55.575277 	-8.8122415 	-5.2533612
-0.25345345 	0.25 	0.455 	55.595577 	-8.8219245 	-5.2539167
-0.25465465 	0.25 	0.455 	55.615878 	-8.8316075 	-5.2544722
-0.25585586 	0.25 	0.455 	55.636178 	-8.8412905 	-5.2550277
-0.25705706 	0.25 	0.455 	55.656478 	-8.8509735 	-5.2555832
-0.25825826 	0.25 	0.455 	55.676778 	-8.8606565 	-5.2561388
-0.25945946 	0.25 	0.455 	55.697078 	-8.8703395 	-5.2566943
-0.26066066 	0.25 	0.455 	55.717378 	-8.8800224 	-5.2572498
-0.26186186 	0.25 	0.455 	55.737678 	-8.8897054 	-5.2578053
-0.26306306 	0.25 	0.455 	55.757978 	-8.8993884 	-5.2583608
-0.26426426 	0.25 	0.455 	55.776241 	-8.9087761 	-5.2587521
-0.26546547 	0.25 	0.455 	55.793418 	-8.9180065 	-5.2590558
-0.26666667 	0.25 	0.455 	55.810596 	-8.9272368 	-5.2593595
-0.26786787 	0.25 	0.455 	55.827773 	-8.9364671 	-5.2596632
-0.26906907 	0.25 	0.455 	55.844951 	-8.9456975 	-5.2599669
-0.27027027 	0.25 	0.455 	55.862128 	-8.9549278 	-5.2602706
-0.27147147 	0.25 	0.455 	55.879306 	-8.9641582 	-5.2605744
-0.27267267 	0.25 	0.455 	55.896483 	-8.9733885 	-5.2608781
-0.27387387 	0.25 	0.455 	55.913661 	-8.9826188 	-5.2611818
-0.27507508 	0.25 	0.455 	55.930838 	-8.9918492 	-5.2614855
-0.27627628 	0.25 	0.455 	55.948016 	-9.0010795 	-5.2617892
-0.27747748 	0.25 	0.455 	55.965193 	-9.0103098 	-5.2620929
-0.27867868 	0.25 	0.455 	55.982371 	-9.0195402 	-5.2623966
-0.27987988 	0.25 	0.455 	55.999746 	-9.0289685 	-5.2627167
-0.28108108 	0.25 	0.455 	56.017251 	-9.0385272 	-5.2630476
-0.28228228 	0.25 	0.455 	56.034756 	-9.0480858 	-5.2633785
-0.28348348 	0.25 	0.455 	56.052261 	-9.0576445 	-5.2637094
-0.28468468 	0.25 	0.455 	56.06767 	-9.0669509 	-5.2635188
-0.28588589 	0.25 	0.455 	56.083033 	-9.0762517 	-5.2633168
-0.28708709 	0.25 	0.455 	56.098396 	-9.0855526 	-5.2631147
-0.28828829 	0.25 	0.455 	56.113759 	-9.0948535 	-5.2629127
-0.28948949 	0.25 	0.455 	56.129122 	-9.1041543 	-5.2627106
-0.29069069 	0.25 	0.455 	56.144485 	-9.1134552 	-5.2625086
-0.29189189 	0.25 	0.455 	56.159848 	-9.1227561 	-5.2623065
-0.29309309 	0.25 	0.455 	56.175211 	-9.132057 	-5.2621045
-0.29429429 	0.25 	0.455 	56.190574 	-9.1413578 	-5.2619024
-0.2954955 	0.25 	0.455 	56.205937 	-9.1506587 	-5.2617004
-0.2966967 	0.25 	0.455 	56.2213 	-9.1599596 	-5.2614983
-0.2978979 	0.25 	0.455 	56.236663 	-9.1692604 	-5.2612963
-0.2990991 	0.25 	0.455 	56.252026 	-9.1785613 	-5.2610942
-0.3003003 	0.25 	0.455 	56.26739 	-9.1878622 	-5.2608922
-0.3015015 	0.25 	0.455 	56.282753 	-9.197163 	-5.2606901
-0.3027027 	0.25 	0.455 	56.298116 	-9.2064639 	-5.2604881
-0.3039039 	0.25 	0.455 	56.313479 	-9.2157648 	-5.260286
-0.30510511 	0.25 	0.455 	56.334983 	-9.2263224 	-5.2601502
-0.30630631 	0.25 	0.455 	56.356512 	-9.2368847 	-5.2600146
-0.30750751 	0.25 	0.455 	56.37804 	-9.247447 	-5.2598789
-0.30870871 	0.25 	0.455 	56.399568 	-9.2580093 	-5.2597433
-0.30990991 	0.25 	0.455 	56.421096 	-9.2685717 	-5.2596077
-0.31111111 	0.25 	0.455 	56.442624 	-9.279134 	-5.2594721
-0.31231231 	0.25 	0.455 	56.464152 	-9.2896963 	-5.2593365
-0.31351351 	0.25 	0.455 	56.48568 	-9.3002587 	-5.2592008
-0.31471471 	0.25 	0.455 	56.507208 	-9.310821 	-5.2590652
-0.31591592 	0.25 	0.455 	56.528736 	-9.3213833 	-5.2589296
-0.31711712 	0.25 	0.455 	56.550264 	-9.3319457 	-5.258794
-0.31831832 	0.25 	0.455 	56.571792 	-9.342508 	-5.2586584
-0.31951952 	0.25 	0.455 	56.59332 	-9.3530703 	-5.2585228
-0.32072072 	0.25 	0.455 	56.614848 	-9.3636327 	-5.2583871
-0.32192192 	0.25 	0.455 	56.636376 	-9.374195 	-5.2582515
-0.32312312 	0.25 	0.455 	56.657904 	-9.3847573 	-5.2581159
-0.32432432 	0.25 	0.455 	56.678835 	-9.3949347 	-5.2579335
-0.32552553 	0.25 	0.455 	56.697235 	-9.4034827 	-5.257553
-0.32672673 	0.25 	0.455 	56.715635 	-9.4120307 	-5.2571725
-0.32792793 	0.25 	0.455 	56.734036 	-9.4205787 	-5.256792
-0.32912913 	0.25 	0.455 	56.752285 	-9.4289956 	-5.2563779
-0.33033033 	0.25 	0.455 	56.770291 	-9.4372014 	-5.2559098
-0.33153153 	0.25 	0.455 	56.788297 	-9.4454071 	-5.2554416
-0.33273273 	0.25 	0.455 	56.806302 	-9.4536129 	-5.2549734
-0.33393393 	0.25 	0.455 	56.824308 	-9.4618186 	-5.2545053
-0.33513514 	0.25 	0.455 	56.842314 	-9.4700244 	-5.2540371
-0.33633634 	0.25 	0.455 	56.860319 	-9.4782301 	-5.2535689
-0.33753754 	0.25 	0.455 	56.878325 	-9.4864358 	-5.2531008
-0.33873874 	0.25 	0.455 	56.896331 	-9.4946416 	-5.2526326
-0.33993994 	0.25 	0.455 	56.914337 	-9.5028473 	-5.2521644
-0.34114114 	0.25 	0.455 	56.932342 	-9.5110531 	-5.2516963
-0.34234234 	0.25 	0.455 	56.950348 	-9.5192588 	-5.2512281
-0.34354354 	0.25 	0.455 	56.968354 	-9.5274646 	-5.25076
-0.34474474 	0.25 	0.455 	56.986359 	-9.5356703 	-5.2502918
-0.34594595 	0.25 	0.455 	57.003571 	-9.5429065 	-5.2491849
-0.34714715 	0.25 	0.455 	57.020753 	-9.5501076 	-5.2480549
-0.34834835 	0.25 	0.455 	57.037935 	-9.5573087 	-5.2469249
-0.34954955 	0.25 	0.455 	57.055118 	-9.5645097 	-5.2457948
-0.35075075 	0.25 	0.455 	57.0723 	-9.5717108 	-5.2446648
-0.35195195 	0.25 	0.455 	57.089482 	-9.5789118 	-5.2435347
-0.35315315 	0.25 	0.455 	57.106665 	-9.5861129 	-5.2424047
-0.35435435 	0.25 	0.455 	57.123847 	-9.5933139 	-5.2412747
-0.35555556 	0.25 	0.455 	57.141029 	-9.600515 	-5.2401446
-0.35675676 	0.25 	0.455 	57.158212 	-9.607716 	-5.2390146
-0.35795796 	0.25 	0.455 	57.175394 	-9.6149171 	-5.2378845
-0.35915916 	0.25 	0.455 	57.192577 	-9.6221182 	-5.2367545
-0.36036036 	0.25 	0.455 	57.209759 	-9.6293192 	-5.2356245
-0.36156156 	0.25 	0.455 	57.226941 	-9.6365203 	-5.2344944
-0.36276276 	0.25 	0.455 	57.244124 	-9.6437213 	-5.2333644
-0.36396396 	0.25 	0.455 	57.261306 	-9.6509224 	-5.2322343
-0.36516517 	0.25 	0.455 	57.280154 	-9.6579656 	-5.2311397
-0.36636637 	0.25 	0.455 	57.304167 	-9.6645191 	-5.2301551
-0.36756757 	0.25 	0.455 	57.32818 	-9.6710727 	-5.2291704
-0.36876877 	0.25 	0.455 	57.352193 	-9.6776262 	-5.2281857
-0.36996997 	0.25 	0.455 	57.376205 	-9.6841798 	-5.227201
-0.37117117 	0.25 	0.455 	57.400218 	-9.6907334 	-5.2262163
-0.37237237 	0.25 	0.455 	57.424231 	-9.6972869 	-5.2252316
-0.37357357 	0.25 	0.455 	57.448244 	-9.7038405 	-5.2242469
-0.37477477 	0.25 	0.455 	57.472257 	-9.7103941 	-5.2232622
-0.37597598 	0.25 	0.455 	57.49627 	-9.7169476 	-5.2222776
-0.37717718 	0.25 	0.455 	57.520283 	-9.7235012 	-5.2212929
-0.37837838 	0.25 	0.455 	57.544296 	-9.7300547 	-5.2203082
-0.37957958 	0.25 	0.455 	57.568308 	-9.7366083 	-5.2193235
-0.38078078 	0.25 	0.455 	57.592321 	-9.7431619 	-5.2183388
-0.38198198 	0.25 	0.455 	57.616334 	-9.7497154 	-5.2173541
-0.38318318 	0.25 	0.455 	57.640347 	-9.756269 	-5.2163694
-0.38438438 	0.25 	0.455 	57.66436 	-9.7628226 	-5.2153848
-0.38558559 	0.25 	0.455 	57.684565 	-9.7696313 	-5.2143203
-0.38678679 	0.25 	0.455 	57.703272 	-9.7765405 	-5.2132244
-0.38798799 	0.25 	0.455 	57.721978 	-9.7834497 	-5.2121285
-0.38918919 	0.25 	0.455 	57.740684 	-9.7903589 	-5.2110326
-0.39039039 	0.25 	0.455 	57.759132 	-9.7971105 	-5.2098429
-0.39159159 	0.25 	0.455 	57.777433 	-9.8037727 	-5.2086001
-0.39279279 	0.25 	0.455 	57.795735 	-9.810435 	-5.2073573
-0.39399399 	0.25 	0.455 	57.814036 	-9.8170972 	-5.2061145
-0.3951952 	0.25 	0.455 	57.832337 	-9.8237594 	-5.2048717
-0.3963964 	0.25 	0.455 	57.850638 	-9.8304217 	-5.2036289
-0.3975976 	0.25 	0.455 	57.86894 	-9.8370839 	-5.2023861
-0.3987988 	0.25 	0.455 	57.887241 	-9.8437461 	-5.2011433
-0.4 	0.25 	0.455 	57.905542 	-9.8504084 	-5.1999005
-0.4012012 	0.25 	0.455 	57.923844 	-9.8570706 	-5.1986577
-0.4024024 	0.25 	0.455 	57.942145 	-9.8637329 	-5.1974149
-0.4036036 	0.25 	0.455 	57.960446 	-9.8703951 	-5.1961721
-0.4048048 	0.25 	0.455 	57.978748 	-9.8770573 	-5.1949293
-0.40600601 	0.25 	0.455 	57.997049 	-9.8837196 	-5.1936865
-0.40720721 	0.25 	0.455 	58.013503 	-9.8892181 	-5.1919912
-0.40840841 	0.25 	0.455 	58.029791 	-9.8946118 	-5.1902552
-0.40960961 	0.25 	0.455 	58.046079 	-9.9000055 	-5.1885192
-0.41081081 	0.25 	0.455 	58.062367 	-9.9053992 	-5.1867831
-0.41201201 	0.25 	0.455 	58.078655 	-9.9107929 	-5.1850471
-0.41321321 	0.25 	0.455 	58.094943 	-9.9161866 	-5.183311
-0.41441441 	0.25 	0.455 	58.111231 	-9.9215804 	-5.181575
-0.41561562 	0.25 	0.455 	58.127518 	-9.9269741 	-5.1798389
-0.41681682 	0.25 	0.455 	58.143806 	-9.9323678 	-5.1781029
-0.41801802 	0.25 	0.455 	58.160094 	-9.9377615 	-5.1763668
-0.41921922 	0.25 	0.455 	58.176382 	-9.9431552 	-5.1746308
-0.42042042 	0.25 	0.455 	58.19267 	-9.9485489 	-5.1728947
-0.42162162 	0.25 	0.455 	58.208958 	-9.9539426 	-5.1711587
-0.42282282 	0.25 	0.455 	58.225246 	-9.9593363 	-5.1694226
-0.42402402 	0.25 	0.455 	58.241534 	-9.96473 	-5.1676866
-0.42522523 	0.25 	0.455 	58.257822 	-9.9701238 	-5.1659506
-0.42642643 	0.25 	0.455 	58.277146 	-9.9762023 	-5.1643374
-0.42762763 	0.25 	0.455 	58.299417 	-9.9829454 	-5.1628434
-0.42882883 	0.25 	0.455 	58.321688 	-9.9896885 	-5.1613494
-0.43003003 	0.25 	0.455 	58.343959 	-9.9964316 	-5.1598554
-0.43123123 	0.25 	0.455 	58.36623 	-10.003175 	-5.1583614
-0.43243243 	0.25 	0.455 	58.388501 	-10.009918 	-5.1568674
-0.43363363 	0.25 	0.455 	58.410772 	-10.016661 	-5.1553735
-0.43483483 	0.25 	0.455 	58.433043 	-10.023404 	-5.1538795
-0.43603604 	0.25 	0.455 	58.455314 	-10.030147 	-5.1523855
-0.43723724 	0.25 	0.455 	58.477585 	-10.03689 	-5.1508915
-0.43843844 	0.25 	0.455 	58.499856 	-10.043633 	-5.1493975
-0.43963964 	0.25 	0.455 	58.522127 	-10.050376 	-5.1479036
-0.44084084 	0.25 	0.455 	58.544398 	-10.05712 	-5.1464096
-0.44204204 	0.25 	0.455 	58.566669 	-10.063863 	-5.1449156
-0.44324324 	0.25 	0.455 	58.58894 	-10.070606 	-5.1434216
-0.44444444 	0.25 	0.455 	58.611211 	-10.077349 	-5.1419276
-0.44564565 	0.25 	0.455 	58.633207 	-10.083527 	-5.1402892
-0.44684685 	0.25 	0.455 	58.654531 	-10.088325 	-5.1382983
-0.44804805 	0.25 	0.455 	58.675856 	-10.093123 	-5.1363073
-0.44924925 	0.25 	0.455 	58.69718 	-10.097921 	-5.1343164
-0.45045045 	0.25 	0.455 	58.718504 	-10.102719 	-5.1323254
-0.45165165 	0.25 	0.455 	58.739462 	-10.107392 	-5.1301234
-0.45285285 	0.25 	0.455 	58.760375 	-10.112049 	-5.1278964
-0.45405405 	0.25 	0.455 	58.781289 	-10.116707 	-5.1256694
-0.45525526 	0.25 	0.455 	58.802203 	-10.121364 	-5.1234424
-0.45645646 	0.25 	0.455 	58.823117 	-10.126022 	-5.1212154
-0.45765766 	0.25 	0.455 	58.844031 	-10.130679 	-5.1189884
-0.45885886 	0.25 	0.455 	58.864944 	-10.135337 	-5.1167615
-0.46006006 	0.25 	0.455 	58.885858 	-10.139994 	-5.1145345
-0.46126126 	0.25 	0.455 	58.906772 	-10.144652 	-5.1123075
-0.46246246 	0.25 	0.455 	58.927686 	-10.149309 	-5.1100805
-0.46366366 	0.25 	0.455 	58.948599 	-10.153967 	-5.1078535
-0.46486486 	0.25 	0.455 	58.969513 	-10.158624 	-5.1056266
-0.46606607 	0.25 	0.455 	58.990427 	-10.163282 	-5.1033996
-0.46726727 	0.25 	0.455 	59.011341 	-10.167939 	-5.1011726
-0.46846847 	0.25 	0.455 	59.031856 	-10.171902 	-5.0985394
-0.46966967 	0.25 	0.455 	59.052311 	-10.175758 	-5.0958438
-0.47087087 	0.25 	0.455 	59.072765 	-10.179614 	-5.0931481
-0.47207207 	0.25 	0.455 	59.093219 	-10.18347 	-5.0904524
-0.47327327 	0.25 	0.455 	59.113674 	-10.187326 	-5.0877567
-0.47447447 	0.25 	0.455 	59.134128 	-10.191182 	-5.085061
-0.47567568 	0.25 	0.455 	59.154582 	-10.195038 	-5.0823654
-0.47687688 	0.25 	0.455 	59.175036 	-10.198894 	-5.0796697
-0.47807808 	0.25 	0.455 	59.195491 	-10.20275 	-5.076974
-0.47927928 	0.25 	0.455 	59.215945 	-10.206606 	-5.0742783
-0.48048048 	0.25 	0.455 	59.236399 	-10.210462 	-5.0715827
-0.48168168 	0.25 	0.455 	59.256854 	-10.214319 	-5.068887
-0.48288288 	0.25 	0.455 	59.277308 	-10.218175 	-5.0661913
-0.48408408 	0.25 	0.455 	59.297762 	-10.222031 	-5.0634956
-0.48528529 	0.25 	0.455 	59.318216 	-10.225887 	-5.0608
-0.48648649 	0.25 	0.455 	59.338671 	-10.229743 	-5.0581043
-0.48768769 	0.25 	0.455 	59.359532 	-10.236015 	-5.0557048
-0.48888889 	0.25 	0.455 	59.380526 	-10.243078 	-5.0534023
-0.49009009 	0.25 	0.455 	59.40152 	-10.250141 	-5.0510998
-0.49129129 	0.25 	0.455 	59.422514 	-10.257203 	-5.0487972
-0.49249249 	0.25 	0.455 	59.443508 	-10.264266 	-5.0464947
-0.49369369 	0.25 	0.455 	59.464502 	-10.271329 	-5.0441921
-0.49489489 	0.25 	0.455 	59.485496 	-10.278392 	-5.0418896
-0.4960961 	0.25 	0.455 	59.50649 	-10.285454 	-5.039587
-0.4972973 	0.25 	0.455 	59.527484 	-10.292517 	-5.0372845
-0.4984985 	0.25 	0.455 	59.548478 	-10.29958 	-5.034982
-0.4996997 	0.25 	0.455 	59.569472 	-10.306643 	-5.0326794
-0.5009009 	0.25 	0.455 	59.590466 	-10.313706 	-5.0303769
-0.5021021 	0.25 	0.455 	59.611461 	-10.320768 	-5.0280743
-0.5033033 	0.25 	0.455 	59.632455 	-10.327831 	-5.0257718
-0.5045045 	0.25 	0.455 	59.653449 	-10.334894 	-5.0234692
-0.50570571 	0.25 	0.455 	59.674443 	-10.341957 	-5.0211667
-0.50690691 	0.25 	0.455 	59.696753 	-10.350122 	-5.0183276
-0.50810811 	0.25 	0.455 	59.719325 	-10.358506 	-5.0153819
-0.50930931 	0.25 	0.455 	59.741897 	-10.366891 	-5.0124361
-0.51051051 	0.25 	0.455 	59.76447 	-10.375275 	-5.0094903
-0.51171171 	0.25 	0.455 	59.787042 	-10.38366 	-5.0065446
-0.51291291 	0.25 	0.455 	59.809614 	-10.392044 	-5.0035988
-0.51411411 	0.25 	0.455 	59.832186 	-10.400428 	-5.000653
-0.51531532 	0.25 	0.455 	59.855055 	-10.409168 	-4.9979248
-0.51651652 	0.25 	0.455 	59.878028 	-10.41803 	-4.995272
-0.51771772 	0.25 	0.455 	59.900423 	-10.425701 	-4.9922418
-0.51891892 	0.25 	0.455 	59.921857 	-10.431389 	-4.9885825
-0.52012012 	0.25 	0.455 	59.943291 	-10.437078 	-4.9849232
-0.52132132 	0.25 	0.455 	59.964248 	-10.4427 	-4.9808952
-0.52252252 	0.25 	0.455 	59.985202 	-10.448323 	-4.9768647
-0.52372372 	0.25 	0.455 	60.006156 	-10.453945 	-4.9728341
-0.52492492 	0.25 	0.455 	60.02711 	-10.459567 	-4.9688036
-0.52612613 	0.25 	0.455 	60.048064 	-10.46519 	-4.964773
-0.52732733 	0.25 	0.455 	60.069017 	-10.470812 	-4.9607425
-0.52852853 	0.25 	0.455 	60.089971 	-10.476434 	-4.956712
-0.52972973 	0.25 	0.455 	60.120956 	-10.479959 	-4.9518389
-0.53093093 	0.25 	0.455 	60.154489 	-10.482951 	-4.9467519
-0.53213213 	0.25 	0.455 	60.188021 	-10.485943 	-4.9416648
-0.53333333 	0.25 	0.455 	60.221554 	-10.488936 	-4.9365778
-0.53453453 	0.25 	0.455 	60.255086 	-10.491928 	-4.9314908
-0.53573574 	0.25 	0.455 	60.288461 	-10.494882 	-4.9263196
-0.53693694 	0.25 	0.455 	60.32182 	-10.497832 	-4.9211402
-0.53813814 	0.25 	0.455 	60.355179 	-10.500782 	-4.9159609
-0.53933934 	0.25 	0.455 	60.388538 	-10.503732 	-4.9107816
-0.54054054 	0.25 	0.455 	60.421897 	-10.506682 	-4.9056022
-0.54174174 	0.25 	0.455 	60.455257 	-10.509632 	-4.9004229
-0.54294294 	0.25 	0.455 	60.488616 	-10.512582 	-4.8952436
-0.54414414 	0.25 	0.455 	60.521975 	-10.515532 	-4.8900642
-0.54534535 	0.25 	0.455 	60.555334 	-10.518482 	-4.8848849
-0.54654655 	0.25 	0.455 	60.588693 	-10.521433 	-4.8797056
-0.54774775 	0.25 	0.455 	60.622033 	-10.524383 	-4.8745285
-0.54894895 	0.25 	0.455 	60.64812 	-10.527674 	-4.8701928
-0.55015015 	0.25 	0.455 	60.674207 	-10.530964 	-4.865857
-0.55135135 	0.25 	0.455 	60.700295 	-10.534254 	-4.8615213
-0.55255255 	0.25 	0.455 	60.726382 	-10.537544 	-4.8571856
-0.55375375 	0.25 	0.455 	60.752469 	-10.540834 	-4.8528499
-0.55495495 	0.25 	0.455 	60.778556 	-10.544124 	-4.8485142
-0.55615616 	0.25 	0.455 	60.804643 	-10.547414 	-4.8441784
-0.55735736 	0.25 	0.455 	60.83073 	-10.550704 	-4.8398427
-0.55855856 	0.25 	0.455 	60.856817 	-10.553994 	-4.835507
-0.55975976 	0.25 	0.455 	60.881698 	-10.558251 	-4.8313948
-0.56096096 	0.25 	0.455 	60.90271 	-10.565108 	-4.8277063
-0.56216216 	0.25 	0.455 	60.923542 	-10.57189 	-4.8239232
-0.56336336 	0.25 	0.455 	60.944374 	-10.578672 	-4.8201401
-0.56456456 	0.25 	0.455 	60.965206 	-10.585454 	-4.8163569
-0.56576577 	0.25 	0.455 	60.986038 	-10.592236 	-4.8125738
-0.56696697 	0.25 	0.455 	61.005686 	-10.598753 	-4.8087352
-0.56816817 	0.25 	0.455 	61.023565 	-10.604874 	-4.8048136
-0.56936937 	0.25 	0.455 	61.041445 	-10.610996 	-4.800892
-0.57057057 	0.25 	0.455 	61.059324 	-10.617117 	-4.7969705
-0.57177177 	0.25 	0.455 	61.077203 	-10.623239 	-4.7930489
-0.57297297 	0.25 	0.455 	61.095082 	-10.62936 	-4.7891273
-0.57417417 	0.25 	0.455 	61.112962 	-10.635481 	-4.7852058
-0.57537538 	0.25 	0.455 	61.130841 	-10.641603 	-4.7812842
-0.57657658 	0.25 	0.455 	61.14872 	-10.647724 	-4.7773627
-0.57777778 	0.25 	0.455 	61.166599 	-10.653846 	-4.7734411
-0.57897898 	0.25 	0.455 	61.188588 	-10.660346 	-4.7691659
-0.58018018 	0.25 	0.455 	61.21304 	-10.667074 	-4.7646788
-0.58138138 	0.25 	0.455 	61.237491 	-10.673802 	-4.7601916
-0.58258258 	0.25 	0.455 	61.261942 	-10.680529 	-4.7557045
-0.58378378 	0.25 	0.455 	61.286394 	-10.687257 	-4.7512174
-0.58498498 	0.25 	0.455 	61.310845 	-10.693985 	-4.7467303
-0.58618619 	0.25 	0.455 	61.335297 	-10.700713 	-4.7422432
-0.58738739 	0.25 	0.455 	61.359748 	-10.70744 	-4.7377561
-0.58858859 	0.25 	0.455 	61.3842 	-10.714168 	-4.7332689
-0.58978979 	0.25 	0.455 	61.408651 	-10.720896 	-4.7287818
-0.59099099 	0.25 	0.455 	61.432064 	-10.725316 	-4.723926
-0.59219219 	0.25 	0.455 	61.455103 	-10.728906 	-4.7189375
-0.59339339 	0.25 	0.455 	61.478142 	-10.732496 	-4.713949
-0.59459459 	0.25 	0.455 	61.501181 	-10.736086 	-4.7089605
-0.5957958 	0.25 	0.455 	61.524221 	-10.739675 	-4.7039719
-0.596997 	0.25 	0.455 	61.546785 	-10.74262 	-4.6991895
-0.5981982 	0.25 	0.455 	61.566054 	-10.742008 	-4.6944311
-0.5993994 	0.25 	0.455 	61.585323 	-10.741397 	-4.6896727
-0.6006006 	0.25 	0.455 	61.604592 	-10.740785 	-4.6849143
-0.6018018 	0.25 	0.455 	61.623862 	-10.740174 	-4.6801559
-0.603003 	0.25 	0.455 	61.643131 	-10.739562 	-4.6753975
-0.6042042 	0.25 	0.455 	61.6624 	-10.73895 	-4.6706391
-0.60540541 	0.25 	0.455 	61.681669 	-10.738339 	-4.6658807
-0.60660661 	0.25 	0.455 	61.700939 	-10.737727 	-4.6611223
-0.60780781 	0.25 	0.455 	61.720208 	-10.737116 	-4.6563638
-0.60900901 	0.25 	0.455 	61.741475 	-10.736374 	-4.6514306
-0.61021021 	0.25 	0.455 	61.768915 	-10.73523 	-4.6459574
-0.61141141 	0.25 	0.455 	61.796355 	-10.734087 	-4.6404841
-0.61261261 	0.25 	0.455 	61.823795 	-10.732943 	-4.6350109
-0.61381381 	0.25 	0.455 	61.851236 	-10.731799 	-4.6295376
-0.61501502 	0.25 	0.455 	61.878676 	-10.730656 	-4.6240644
-0.61621622 	0.25 	0.455 	61.906116 	-10.729512 	-4.6185912
-0.61741742 	0.25 	0.455 	61.933556 	-10.728368 	-4.6131179
-0.61861862 	0.25 	0.455 	61.960996 	-10.727225 	-4.6076447
-0.61981982 	0.25 	0.455 	61.988436 	-10.726081 	-4.6021714
-0.62102102 	0.25 	0.455 	62.01546 	-10.724712 	-4.5967568
-0.62222222 	0.25 	0.455 	62.040406 	-10.722394 	-4.5911195
-0.62342342 	0.25 	0.455 	62.065323 	-10.720074 	-4.5854498
-0.62462462 	0.25 	0.455 	62.09024 	-10.717753 	-4.57978
-0.62582583 	0.25 	0.455 	62.115156 	-10.715433 	-4.5741102
-0.62702703 	0.25 	0.455 	62.140073 	-10.713113 	-4.5684404
-0.62822823 	0.25 	0.455 	62.159202 	-10.71216 	-4.5635527
-0.62942943 	0.25 	0.455 	62.177928 	-10.711303 	-4.5587194
-0.63063063 	0.25 	0.455 	62.196655 	-10.710446 	-4.5538862
-0.63183183 	0.25 	0.455 	62.215381 	-10.709589 	-4.5490529
-0.63303303 	0.25 	0.455 	62.234107 	-10.708732 	-4.5442196
-0.63423423 	0.25 	0.455 	62.252833 	-10.707875 	-4.5393864
-0.63543544 	0.25 	0.455 	62.271559 	-10.707018 	-4.5345531
-0.63663664 	0.25 	0.455 	62.290286 	-10.706161 	-4.5297198
-0.63783784 	0.25 	0.455 	62.309012 	-10.705304 	-4.5248866
-0.63903904 	0.25 	0.455 	62.327738 	-10.704446 	-4.5200533
-0.64024024 	0.25 	0.455 	62.352723 	-10.705071 	-4.5147736
-0.64144144 	0.25 	0.455 	62.378729 	-10.705938 	-4.5094212
-0.64264264 	0.25 	0.455 	62.404734 	-10.706804 	-4.5040687
-0.64384384 	0.25 	0.455 	62.43074 	-10.70767 	-4.4987163
-0.64504505 	0.25 	0.455 	62.456746 	-10.708536 	-4.4933639
-0.64624625 	0.25 	0.455 	62.482751 	-10.709403 	-4.4880114
-0.64744745 	0.25 	0.455 	62.508757 	-10.710269 	-4.482659
-0.64864865 	0.25 	0.455 	62.534762 	-10.711135 	-4.4773065
-0.64984985 	0.25 	0.455 	62.560768 	-10.712002 	-4.4719541
-0.65105105 	0.25 	0.455 	62.586773 	-10.712868 	-4.4666017
-0.65225225 	0.25 	0.455 	62.611702 	-10.712745 	-4.461054
-0.65345345 	0.25 	0.455 	62.636016 	-10.712106 	-4.4553229
-0.65465465 	0.25 	0.455 	62.66033 	-10.711468 	-4.4495917
-0.65585586 	0.25 	0.455 	62.684644 	-10.710829 	-4.4438606
-0.65705706 	0.25 	0.455 	62.708958 	-10.71019 	-4.4381295
-0.65825826 	0.25 	0.455 	62.730324 	-10.709086 	-4.4328546
-0.65945946 	0.25 	0.455 	62.750453 	-10.707787 	-4.4277713
-0.66066066 	0.25 	0.455 	62.770581 	-10.706487 	-4.422688
-0.66186186 	0.25 	0.455 	62.79071 	-10.705188 	-4.4176047
-0.66306306 	0.25 	0.455 	62.810838 	-10.703889 	-4.4125214
-0.66426426 	0.25 	0.455 	62.830966 	-10.70259 	-4.4074381
-0.66546547 	0.25 	0.455 	62.851095 	-10.70129 	-4.4023548
-0.66666667 	0.25 	0.455 	62.871223 	-10.699991 	-4.3972715
-0.66786787 	0.25 	0.455 	62.891351 	-10.698692 	-4.3921881
-0.66906907 	0.25 	0.455 	62.91148 	-10.697393 	-4.3871048
-0.67027027 	0.25 	0.455 	62.934466 	-10.696864 	-4.3815807
-0.67147147 	0.25 	0.455 	62.96059 	-10.697182 	-4.3755729
-0.67267267 	0.25 	0.455 	62.986713 	-10.6975 	-4.369565
-0.67387387 	0.25 	0.455 	63.012837 	-10.697817 	-4.3635572
-0.67507508 	0.25 	0.455 	63.03896 	-10.698135 	-4.3575493
-0.67627628 	0.25 	0.455 	63.065083 	-10.698453 	-4.3515415
-0.67747748 	0.25 	0.455 	63.091207 	-10.69877 	-4.3455336
-0.67867868 	0.25 	0.455 	63.11733 	-10.699088 	-4.3395258
-0.67987988 	0.25 	0.455 	63.143454 	-10.699406 	-4.3335179
-0.68108108 	0.25 	0.455 	63.169577 	-10.699723 	-4.3275101
-0.68228228 	0.25 	0.455 	63.195403 	-10.699927 	-4.3214738
-0.68348348 	0.25 	0.455 	63.219763 	-10.699568 	-4.315298
-0.68468468 	0.25 	0.455 	63.244123 	-10.69921 	-4.3091221
-0.68588589 	0.25 	0.455 	63.268483 	-10.698852 	-4.3029462
-0.68708709 	0.25 	0.455 	63.292843 	-10.698494 	-4.2967704
-0.68828829 	0.25 	0.455 	63.316499 	-10.69724 	-4.2907185
-0.68948949 	0.25 	0.455 	63.339099 	-10.694803 	-4.2848381
-0.69069069 	0.25 	0.455 	63.361698 	-10.692366 	-4.2789577
-0.69189189 	0.25 	0.455 	63.384297 	-10.689929 	-4.2730773
-0.69309309 	0.25 	0.455 	63.406896 	-10.687492 	-4.2671968
-0.69429429 	0.25 	0.455 	63.429496 	-10.685055 	-4.2613164
-0.6954955 	0.25 	0.455 	63.452095 	-10.682618 	-4.255436
-0.6966967 	0.25 	0.455 	63.474694 	-10.680181 	-4.2495556
-0.6978979 	0.25 	0.455 	63.497294 	-10.677744 	-4.2436752
-0.6990991 	0.25 	0.455 	63.519893 	-10.675307 	-4.2377947
-0.7003003 	0.25 	0.455 	63.542381 	-10.673506 	-4.2319102
-0.7015015 	0.25 	0.455 	63.563767 	-10.677986 	-4.2259855
-0.7027027 	0.25 	0.455 	63.585153 	-10.682466 	-4.2200607
-0.7039039 	0.25 	0.455 	63.606539 	-10.686946 	-4.214136
-0.70510511 	0.25 	0.455 	63.627926 	-10.691426 	-4.2082112
-0.70630631 	0.25 	0.455 	63.649312 	-10.695906 	-4.2022864
-0.70750751 	0.25 	0.455 	63.670698 	-10.700386 	-4.1963617
-0.70870871 	0.25 	0.455 	63.692084 	-10.704866 	-4.1904369
-0.70990991 	0.25 	0.455 	63.71347 	-10.709347 	-4.1845122
-0.71111111 	0.25 	0.455 	63.734857 	-10.713827 	-4.1785874
-0.71231231 	0.25 	0.455 	63.756243 	-10.718307 	-4.1726626
-0.71351351 	0.25 	0.455 	63.779296 	-10.717668 	-4.1661843
-0.71471471 	0.25 	0.455 	63.802835 	-10.715461 	-4.1596103
-0.71591592 	0.25 	0.455 	63.826374 	-10.713254 	-4.1530363
-0.71711712 	0.25 	0.455 	63.849913 	-10.711047 	-4.1464623
-0.71831832 	0.25 	0.455 	63.873476 	-10.708787 	-4.1398846
-0.71951952 	0.25 	0.455 	63.89975 	-10.700466 	-4.1328879
-0.72072072 	0.25 	0.455 	63.926025 	-10.692145 	-4.1258912
-0.72192192 	0.25 	0.455 	63.9523 	-10.683824 	-4.1188946
-0.72312312 	0.25 	0.455 	63.978575 	-10.675503 	-4.1118979
-0.72432432 	0.25 	0.455 	64.00485 	-10.667182 	-4.1049012
-0.72552553 	0.25 	0.455 	64.031124 	-10.658861 	-4.0979045
-0.72672673 	0.25 	0.455 	64.057399 	-10.65054 	-4.0909079
-0.72792793 	0.25 	0.455 	64.083674 	-10.642219 	-4.0839112
-0.72912913 	0.25 	0.455 	64.109949 	-10.633898 	-4.0769145
-0.73033033 	0.25 	0.455 	64.136223 	-10.625577 	-4.0699178
-0.73153153 	0.25 	0.455 	64.156176 	-10.621834 	-4.0638199
-0.73273273 	0.25 	0.455 	64.173335 	-10.620113 	-4.058119
-0.73393393 	0.25 	0.455 	64.190495 	-10.618393 	-4.052418
-0.73513514 	0.25 	0.455 	64.207654 	-10.616672 	-4.0467171
-0.73633634 	0.25 	0.455 	64.224813 	-10.614951 	-4.0410162
-0.73753754 	0.25 	0.455 	64.241973 	-10.613231 	-4.0353152
-0.73873874 	0.25 	0.455 	64.259132 	-10.61151 	-4.0296143
-0.73993994 	0.25 	0.455 	64.276292 	-10.609789 	-4.0239134
-0.74114114 	0.25 	0.455 	64.293451 	-10.608069 	-4.0182124
-0.74234234 	0.25 	0.455 	64.31061 	-10.606348 	-4.0125115
-0.74354354 	0.25 	0.455 	64.331927 	-10.602731 	-4.0062255
-0.74474474 	0.25 	0.455 	64.359951 	-10.596054 	-3.9989953
-0.74594595 	0.25 	0.455 	64.387976 	-10.589376 	-3.9917652
-0.74714715 	0.25 	0.455 	64.416 	-10.582699 	-3.9845351
-0.74834835 	0.25 	0.455 	64.444025 	-10.576022 	-3.977305
-0.74954955 	0.25 	0.455 	64.475516 	-10.563882 	-3.9681852
-0.75075075 	0.25 	0.455 	64.510937 	-10.54966 	-3.9586458
-0.75195195 	0.25 	0.455 	64.546359 	-10.535438 	-3.9491064
-0.75315315 	0.25 	0.455 	64.58178 	-10.521215 	-3.9395669
-0.75435435 	0.25 	0.455 	64.617201 	-10.506993 	-3.9300275
-0.75555556 	0.25 	0.455 	64.652623 	-10.49277 	-3.9204881
-0.75675676 	0.25 	0.455 	64.688044 	-10.478548 	-3.9109487
-0.75795796 	0.25 	0.455 	64.723465 	-10.464325 	-3.9014093
-0.75915916 	0.25 	0.455 	64.758887 	-10.450103 	-3.8918698
-0.76036036 	0.25 	0.455 	64.794308 	-10.435881 	-3.8823304
-0.76156156 	0.25 	0.455 	64.833474 	-10.422497 	-3.8727416
-0.76276276 	0.25 	0.455 	64.881245 	-10.411042 	-3.8630394
-0.76396396 	0.25 	0.455 	64.922721 	-10.401494 	-3.8540093
-0.76516517 	0.25 	0.455 	64.945549 	-10.397595 	-3.8469702
-0.76636637 	0.25 	0.455 	64.968377 	-10.393695 	-3.8399311
-0.76756757 	0.25 	0.455 	64.991117 	-10.389792 	-3.8328036
-0.76876877 	0.25 	0.455 	65.013341 	-10.385865 	-3.82516
-0.76996997 	0.25 	0.455 	65.035565 	-10.381939 	-3.8175164
-0.77117117 	0.25 	0.455 	65.057789 	-10.378012 	-3.8098727
-0.77237237 	0.25 	0.455 	65.080012 	-10.374086 	-3.8022291
-0.77357357 	0.25 	0.455 	65.102236 	-10.370159 	-3.7945855
-0.77477477 	0.25 	0.455 	65.112887 	-10.371451 	-3.7881124
-0.77597598 	0.25 	0.455 	65.116524 	-10.375905 	-3.7823487
-0.77717718 	0.25 	0.455 	65.134237 	-10.386071 	-3.7758069
-0.77837838 	0.25 	0.455 	65.161186 	-10.399984 	-3.7687546
-0.77957958 	0.25 	0.455 	65.182894 	-10.399524 	-3.7609076
-0.78078078 	0.25 	0.455 	65.201046 	-10.389314 	-3.7525215
-0.78198198 	0.25 	0.455 	65.219199 	-10.379103 	-3.7441354
-0.78318318 	0.25 	0.455 	65.237351 	-10.368892 	-3.7357492
-0.78438438 	0.25 	0.455 	65.255504 	-10.358682 	-3.7273631
-0.78558559 	0.25 	0.455 	65.273674 	-10.348476 	-3.7190206
-0.78678679 	0.25 	0.455 	65.292121 	-10.338355 	-3.711369
-0.78798799 	0.25 	0.455 	65.310568 	-10.328233 	-3.7037173
-0.78918919 	0.25 	0.455 	65.329015 	-10.318112 	-3.6960657
-0.79039039 	0.25 	0.455 	65.345248 	-10.283814 	-3.6871977
-0.79159159 	0.25 	0.455 	65.361209 	-10.24655 	-3.6781806
-0.79279279 	0.25 	0.455 	65.388567 	-10.221982 	-3.6678433
-0.79399399 	0.25 	0.455 	65.417181 	-10.198812 	-3.6573605
-0.7951952 	0.25 	0.455 	65.438226 	-10.181103 	-3.6482594
-0.7963964 	0.25 	0.455 	65.458559 	-10.163907 	-3.6392881
-0.7975976 	0.25 	0.455 	65.478892 	-10.14671 	-3.6303168
-0.7987988 	0.25 	0.455 	65.499226 	-10.129514 	-3.6213456
-0.8 	0.25 	0.455 	65.519559 	-10.112318 	-3.6123743
-0.8012012 	0.25 	0.455 	65.540005 	-10.095103 	-3.6036824
-0.8024024 	0.25 	0.455 	65.560654 	-10.077855 	-3.5954978
-0.8036036 	0.25 	0.455 	65.581303 	-10.060607 	-3.5873132
-0.8048048 	0.25 	0.455 	65.601397 	-10.044674 	-3.579247
-0.80600601 	0.25 	0.455 	65.61916 	-10.034272 	-3.5716792
-0.80720721 	0.25 	0.455 	65.638629 	-10.023917 	-3.5638817
-0.80840841 	0.25 	0.455 	65.665107 	-10.01375 	-3.5551394
-0.80960961 	0.25 	0.455 	65.690395 	-10.003056 	-3.5464164
-0.81081081 	0.25 	0.455 	65.710777 	-9.9901815 	-3.5377727
-0.81201201 	0.25 	0.455 	65.731159 	-9.9773074 	-3.529129
-0.81321321 	0.25 	0.455 	65.751541 	-9.9644332 	-3.5204854
-0.81441441 	0.25 	0.455 	65.771922 	-9.9515591 	-3.5118417
-0.81561562 	0.25 	0.455 	65.792304 	-9.9386849 	-3.503198
-0.81681682 	0.25 	0.455 	65.812904 	-9.9258033 	-3.4950481
-0.81801802 	0.25 	0.455 	65.833623 	-9.9129176 	-3.4871653
-0.81921922 	0.25 	0.455 	65.854341 	-9.9000319 	-3.4792825
-0.82042042 	0.25 	0.455 	65.873598 	-9.8856306 	-3.4713838
-0.82162162 	0.25 	0.455 	65.891406 	-9.8697273 	-3.4634692
-0.82282282 	0.25 	0.455 	65.913366 	-9.8526641 	-3.4548899
-0.82402402 	0.25 	0.455 	65.939673 	-9.8343859 	-3.4456142
-0.82522523 	0.25 	0.455 	65.96301 	-9.8184343 	-3.4368718
-0.82642643 	0.25 	0.455 	65.983019 	-9.8050896 	-3.428727
-0.82762763 	0.25 	0.455 	66.003027 	-9.791745 	-3.4205822
-0.82882883 	0.25 	0.455 	66.022926 	-9.7783841 	-3.4121806
-0.83003003 	0.25 	0.455 	66.042598 	-9.7649898 	-3.4032486
-0.83123123 	0.25 	0.455 	66.062269 	-9.7515955 	-3.3943166
-0.83243243 	0.25 	0.455 	66.081941 	-9.7382012 	-3.3853845
-0.83363363 	0.25 	0.455 	66.101612 	-9.7248068 	-3.3764525
-0.83483483 	0.25 	0.455 	66.121284 	-9.7114125 	-3.3675205
-0.83603604 	0.25 	0.455 	66.138475 	-9.7008987 	-3.3593112
-0.83723724 	0.25 	0.455 	66.155045 	-9.6911069 	-3.351283
-0.83843844 	0.25 	0.455 	66.178149 	-9.6761981 	-3.3420667
-0.83963964 	0.25 	0.455 	66.203106 	-9.6598379 	-3.3325134
-0.84084084 	0.25 	0.455 	66.223971 	-9.643712 	-3.3232555
-0.84204204 	0.25 	0.455 	66.243535 	-9.6276607 	-3.3140915
-0.84324324 	0.25 	0.455 	66.2631 	-9.6116093 	-3.3049275
-0.84444444 	0.25 	0.455 	66.282665 	-9.5955579 	-3.2957634
-0.84564565 	0.25 	0.455 	66.302229 	-9.5795066 	-3.2865994
-0.84684685 	0.25 	0.455 	66.321869 	-9.5634644 	-3.2776232
-0.84804805 	0.25 	0.455 	66.341756 	-9.5474523 	-3.2692681
-0.84924925 	0.25 	0.455 	66.361642 	-9.5314402 	-3.2609131
-0.85045045 	0.25 	0.455 	66.381384 	-9.5153159 	-3.2525867
-0.85165165 	0.25 	0.455 	66.399715 	-9.4980959 	-3.244541
-0.85285285 	0.25 	0.455 	66.418496 	-9.4802799 	-3.2363453
-0.85405405 	0.25 	0.455 	66.443129 	-9.4547186 	-3.2262002
-0.85525526 	0.25 	0.455 	66.467502 	-9.4294958 	-3.2160972
-0.85645646 	0.25 	0.455 	66.487317 	-9.410195 	-3.2067327
-0.85765766 	0.25 	0.455 	66.507131 	-9.3908942 	-3.1973682
-0.85885886 	0.25 	0.455 	66.526946 	-9.3715934 	-3.1880037
-0.86006006 	0.25 	0.455 	66.54676 	-9.3522925 	-3.1786392
-0.86126126 	0.25 	0.455 	66.566574 	-9.3329917 	-3.1692747
-0.86246246 	0.25 	0.455 	66.586558 	-9.3137199 	-3.160344
-0.86366366 	0.25 	0.455 	66.606696 	-9.2944743 	-3.1518066
-0.86486486 	0.25 	0.455 	66.626834 	-9.2752288 	-3.1432693
-0.86606607 	0.25 	0.455 	66.646357 	-9.2582421 	-3.1348822
-0.86726727 	0.25 	0.455 	66.664824 	-9.2451377 	-3.1267535
-0.86846847 	0.25 	0.455 	66.685024 	-9.2303942 	-3.1178271
-0.86966967 	0.25 	0.455 	66.708257 	-9.2127827 	-3.1075053
-0.87087087 	0.25 	0.455 	66.732692 	-9.1934859 	-3.0973813
-0.87207207 	0.25 	0.455 	66.759129 	-9.1713851 	-3.0875866
-0.87327327 	0.25 	0.455 	66.785565 	-9.1492844 	-3.0777919
-0.87447447 	0.25 	0.455 	66.812002 	-9.1271837 	-3.0679972
-0.87567568 	0.25 	0.455 	66.838438 	-9.105083 	-3.0582024
-0.87687688 	0.25 	0.455 	66.864874 	-9.0829822 	-3.0484077
-0.87807808 	0.25 	0.455 	66.891635 	-9.0609611 	-3.0393299
-0.87927928 	0.25 	0.455 	66.918469 	-9.0389579 	-3.0304141
-0.88048048 	0.25 	0.455 	66.945302 	-9.0169547 	-3.0214983
-0.88168168 	0.25 	0.455 	66.97116 	-8.9932527 	-3.0126161
-0.88288288 	0.25 	0.455 	66.996319 	-8.9683345 	-3.003758
-0.88408408 	0.25 	0.455 	67.015086 	-8.9473384 	-2.9941575
-0.88528529 	0.25 	0.455 	67.030455 	-8.9284278 	-2.9841623
-0.88648649 	0.25 	0.455 	67.052238 	-8.9060165 	-2.9737927
-0.88768769 	0.25 	0.455 	67.076067 	-8.8824651 	-2.9631708
-0.88888889 	0.25 	0.455 	67.099645 	-8.8588952 	-2.9516775
-0.89009009 	0.25 	0.455 	67.123222 	-8.8353252 	-2.9401842
-0.89129129 	0.25 	0.455 	67.149597 	-8.810136 	-2.9292565
-0.89249249 	0.25 	0.455 	67.182453 	-8.781194 	-2.9196398
-0.89369369 	0.25 	0.455 	67.214797 	-8.7522879 	-2.9094307
-0.89489489 	0.25 	0.455 	67.246853 	-8.7234019 	-2.8988891
-0.8960961 	0.25 	0.455 	67.278908 	-8.6945159 	-2.8883474
-0.8972973 	0.25 	0.455 	67.314165 	-8.662114 	-2.8780651
-0.8984985 	0.25 	0.455 	67.350563 	-8.628459 	-2.8678753
-0.8996997 	0.25 	0.455 	67.361589 	-8.6075899 	-2.8589311
-0.9009009 	0.25 	0.455 	67.37073 	-8.5861553 	-2.8500294
-0.9021021 	0.25 	0.455 	67.377789 	-8.5596438 	-2.8410276
-0.9033033 	0.25 	0.455 	67.384914 	-8.5331273 	-2.8315793
-0.9045045 	0.25 	0.455 	67.392106 	-8.5066059 	-2.8216877
-0.90570571 	0.25 	0.455 	67.399298 	-8.4800844 	-2.8117961
-0.90690691 	0.25 	0.455 	67.42271 	-8.4497305 	-2.8018796
-0.90810811 	0.25 	0.455 	67.45718 	-8.4167639 	-2.791946
-0.90930931 	0.25 	0.455 	67.490927 	-8.3838845 	-2.7811885
-0.91051051 	0.25 	0.455 	67.524552 	-8.3510197 	-2.770293
-0.91171171 	0.25 	0.455 	67.558177 	-8.3181549 	-2.7593975
-0.91291291 	0.25 	0.455 	67.593954 	-8.2805427 	-2.7486182
-0.91411411 	0.25 	0.455 	67.624076 	-8.2451233 	-2.7383265
-0.91531532 	0.25 	0.455 	67.63547 	-8.2184081 	-2.7295382
-0.91651652 	0.25 	0.455 	67.643133 	-8.1894665 	-2.7202355
-0.91771772 	0.25 	0.455 	67.648293 	-8.1590301 	-2.7105875
-0.91891892 	0.25 	0.455 	67.653588 	-8.1286055 	-2.7001569
-0.92012012 	0.25 	0.455 	67.65891 	-8.0981833 	-2.6895693
-0.92132132 	0.25 	0.455 	67.664233 	-8.067761 	-2.6789817
-0.92252252 	0.25 	0.455 	67.685564 	-8.0314751 	-2.6687389
-0.92372372 	0.25 	0.455 	67.709021 	-7.9943871 	-2.6584181
-0.92492492 	0.25 	0.455 	67.731938 	-7.9573246 	-2.6471924
-0.92612613 	0.25 	0.455 	67.754856 	-7.9202622 	-2.6359667
-0.92732733 	0.25 	0.455 	67.780029 	-7.8813807 	-2.6244073
-0.92852853 	0.25 	0.455 	67.816458 	-7.8334225 	-2.6111827
-0.92972973 	0.25 	0.455 	67.842404 	-7.7797424 	-2.5967368
-0.93093093 	0.25 	0.455 	67.85864 	-7.7207632 	-2.5811599
-0.93213213 	0.25 	0.455 	67.873942 	-7.6731419 	-2.5671596
-0.93333333 	0.25 	0.455 	67.889131 	-7.6268819 	-2.5533483
-0.93453453 	0.25 	0.455 	67.904512 	-7.5804583 	-2.5404341
-0.93573574 	0.25 	0.455 	67.92659 	-7.5536261 	-2.5303561
-0.93693694 	0.25 	0.455 	67.949452 	-7.5306431 	-2.5205423
-0.93813814 	0.25 	0.455 	67.965113 	-7.4941399 	-2.5078038
-0.93933934 	0.25 	0.455 	67.98545 	-7.4565031 	-2.4957953
-0.94054054 	0.25 	0.455 	68.008695 	-7.4181614 	-2.4842407
-0.94174174 	0.25 	0.455 	68.032102 	-7.3797963 	-2.4730915
-0.94294294 	0.25 	0.455 	68.05683 	-7.3402999 	-2.462821
-0.94414414 	0.25 	0.455 	68.083988 	-7.2983162 	-2.453118
-0.94534535 	0.25 	0.455 	68.104764 	-7.2451336 	-2.4403603
-0.94654655 	0.25 	0.455 	68.126549 	-7.1946494 	-2.4275126
-0.94774775 	0.25 	0.455 	68.153211 	-7.1545171 	-2.4158859
-0.94894895 	0.25 	0.455 	68.179886 	-7.1143834 	-2.4042918
-0.95015015 	0.25 	0.455 	68.206972 	-7.0742071 	-2.3937039
-0.95135135 	0.25 	0.455 	68.237468 	-7.0490816 	-2.3846003
-0.95255255 	0.25 	0.455 	68.263178 	-7.0235904 	-2.3734783
-0.95375375 	0.25 	0.455 	68.282841 	-6.9954148 	-2.3597407
-0.95495495 	0.25 	0.455 	68.314067 	-6.9526965 	-2.3481394
-0.95615616 	0.25 	0.455 	68.345293 	-6.9099782 	-2.3365382
-0.95735736 	0.25 	0.455 	68.37683 	-6.8672421 	-2.3256429
-0.95855856 	0.25 	0.455 	68.410491 	-6.8189921 	-2.315627
-0.95975976 	0.25 	0.455 	68.44571 	-6.7654377 	-2.3057811
-0.96096096 	0.25 	0.455 	68.473931 	-6.7220869 	-2.2915279
-0.96216216 	0.25 	0.455 	68.510266 	-6.6720525 	-2.27925
-0.96336336 	0.25 	0.455 	68.549146 	-6.619921 	-2.2675919
-0.96456456 	0.25 	0.455 	68.588179 	-6.5677445 	-2.2562702
-0.96576577 	0.25 	0.455 	68.627564 	-6.5153962 	-2.2456739
-0.96696697 	0.25 	0.455 	68.67044 	-6.4537868 	-2.2365292
-0.96816817 	0.25 	0.455 	68.709023 	-6.4124927 	-2.2239488
-0.96936937 	0.25 	0.455 	68.74848 	-6.3723654 	-2.2110631
-0.97057057 	0.25 	0.455 	68.791236 	-6.3238512 	-2.1994486
-0.97177177 	0.25 	0.455 	68.833992 	-6.275337 	-2.1878341
-0.97297297 	0.25 	0.455 	68.877193 	-6.226772 	-2.1771636
-0.97417417 	0.25 	0.455 	68.919851 	-6.1630079 	-2.1684418
-0.97537538 	0.25 	0.455 	68.957787 	-6.1005402 	-2.1579585
-0.97657658 	0.25 	0.455 	68.987493 	-6.0452995 	-2.1437245
-0.97777778 	0.25 	0.455 	69.0255 	-5.9978029 	-2.13208
-0.97897898 	0.25 	0.455 	69.065017 	-5.951715 	-2.1209065
-0.98018018 	0.25 	0.455 	69.10483 	-5.9056195 	-2.1103238
-0.98138138 	0.25 	0.455 	69.147381 	-5.8602321 	-2.1010961
-0.98258258 	0.25 	0.455 	69.193041 	-5.8157231 	-2.0930155
-0.98378378 	0.25 	0.455 	69.226706 	-5.7461326 	-2.0783686
-0.98498498 	0.25 	0.455 	69.268529 	-5.6928335 	-2.0662067
-0.98618619 	0.25 	0.455 	69.313735 	-5.6462923 	-2.0550757
-0.98738739 	0.25 	0.455 	69.359087 	-5.5997426 	-2.0442089
-0.98858859 	0.25 	0.455 	69.404893 	-5.5531664 	-2.0341633
-0.98978979 	0.25 	0.455 	69.452977 	-5.5126383 	-2.0247963
-0.99099099 	0.25 	0.455 	69.501032 	-5.4412251 	-2.0122428
-0.99219219 	0.25 	0.455 	69.555142 	-5.3881833 	-2.0005185
-0.99339339 	0.25 	0.455 	69.609453 	-5.3361669 	-1.9888723
-0.99459459 	0.25 	0.455 	69.663764 	-5.2841504 	-1.977226
-0.9957958 	0.25 	0.455 	69.718626 	-5.2320735 	-1.9665674
-0.996997 	0.25 	0.455 	69.773557 	-5.1799891 	-1.9560302
-0.9981982 	0.25 	0.455 	69.829017 	-5.1190692 	-1.9447485
-0.9993994 	0.25 	0.455 	69.886025 	-5.0524295 	-1.9328073
-1.0006006 	0.25 	0.455 	69.94306 	-4.9875309 	-1.921004
-1.0018018 	0.25 	0.455 	70.000096 	-4.9226322 	-1.9092008
-1.003003 	0.25 	0.455 	70.057131 	-4.8577335 	-1.8973976
-1.0042042 	0.25 	0.455 	70.113698 	-4.7927959 	-1.8861356
-1.0054054 	0.25 	0.455 	70.165261 	-4.785608 	-1.8787283
-1.0066066 	0.25 	0.455 	70.216371 	-4.7838667 	-1.8716636
-1.0078078 	0.25 	0.455 	70.260677 	-4.6928371 	-1.856548
-1.009009 	0.25 	0.455 	70.307471 	-4.5947991 	-1.8407773
-1.0102102 	0.25 	0.455 	70.409021 	-4.5177185 	-1.8255128
-1.0114114 	0.25 	0.455 	70.510164 	-4.4408226 	-1.8096457
-1.0126126 	0.25 	0.455 	70.607417 	-4.3891935 	-1.7972425
-1.0138138 	0.25 	0.455 	70.686358 	-4.3399505 	-1.7857721
-1.015015 	0.25 	0.455 	70.705923 	-4.2768535 	-1.7744779
-1.0162162 	0.25 	0.455 	70.78498 	-4.2180594 	-1.7638271
-1.0174174 	0.25 	0.455 	70.869939 	-4.1598482 	-1.7523725
-1.0186186 	0.25 	0.455 	70.95468 	-4.1016718 	-1.7406337
-1.0198198 	0.25 	0.455 	71.039422 	-4.0434955 	-1.728895
-1.021021 	0.25 	0.455 	71.129115 	-3.9829289 	-1.7169956
-1.0222222 	0.25 	0.455 	71.204426 	-3.9202046 	-1.7061113
-1.0234234 	0.25 	0.455 	71.297636 	-3.8576816 	-1.6951796
-1.0246246 	0.25 	0.455 	71.395377 	-3.7991525 	-1.6836349
-1.0258258 	0.25 	0.455 	71.494043 	-3.741706 	-1.6716004
-1.027027 	0.25 	0.455 	71.592708 	-3.6842596 	-1.659566
-1.0282282 	0.25 	0.455 	71.401654 	-3.5736121 	-1.650394
-1.0294294 	0.25 	0.455 	71.647773 	-3.5370919 	-1.637404
-1.0306306 	0.25 	0.455 	71.933037 	-3.5067852 	-1.6241534
-1.0318318 	0.25 	0.455 	72.039107 	-3.444469 	-1.6123873
-1.033033 	0.25 	0.455 	72.144508 	-3.3823047 	-1.5997055
-1.0342342 	0.25 	0.455 	71.984595 	-3.2626658 	-1.5896083
-1.0354354 	0.25 	0.455 	71.693656 	-3.1146297 	-1.5807963
-1.0366366 	0.25 	0.455 	71.764153 	-3.0404177 	-1.5688588
-1.0378378 	0.25 	0.455 	72.177871 	-3.0365716 	-1.5537668
-1.039039 	0.25 	0.455 	72.540881 	-3.0214193 	-1.5390035
-1.0402402 	0.25 	0.455 	72.595059 	-2.9252281 	-1.5262226
-1.0414414 	0.25 	0.455 	72.303884 	-2.7466528 	-1.5168981
-1.0426426 	0.25 	0.455 	72.012709 	-2.5680774 	-1.5075735
-1.0438438 	0.25 	0.455 	72.097457 	-2.5179115 	-1.4983562
-1.045045 	0.25 	0.455 	72.372465 	-2.5327352 	-1.4891933
-1.0462462 	0.25 	0.455 	72.634224 	-2.5413637 	-1.4799949
-1.0474474 	0.25 	0.455 	72.64731 	-2.4337863 	-1.4699203
-1.0486486 	0.25 	0.455 	72.659718 	-2.3261864 	-1.4589475
-1.0498498 	0.25 	0.455 	72.672125 	-2.2185864 	-1.4479748
-1.0510511 	0.25 	0.455 	72.684532 	-2.1109865 	-1.437002
-1.0522523 	0.25 	0.455 	72.558766 	-1.9387494 	-1.425531
-1.0534535 	0.25 	0.455 	72.460465 	-1.7654132 	-1.4128255
-1.0546547 	0.25 	0.455 	72.793615 	-1.7073857 	-1.3942378
-1.0558559 	0.25 	0.455 	72.872848 	-1.5601674 	-1.3787068
-1.0570571 	0.25 	0.455 	72.950182 	-1.4135652 	-1.361598
-1.0582583 	0.25 	0.455 	73.027479 	-1.2669753 	-1.3444574
-1.0594595 	0.25 	0.455 	73.058476 	-1.1048921 	-1.3276243
-1.0606607 	0.25 	0.455 	73.155384 	-1.0050299 	-1.3162566
-1.0618619 	0.25 	0.455 	73.224015 	-0.88058079 	-1.3045249
-1.0630631 	0.25 	0.455 	73.292123 	-0.75624489 	-1.2922895
-1.0642643 	0.25 	0.455 	73.355033 	-0.63174256 	-1.2794095
-1.0654655 	0.25 	0.455 	73.413619 	-0.50693202 	-1.266567
-1.0666667 	0.25 	0.455 	73.451231 	-0.40226738 	-1.2538332
-1.0678679 	0.25 	0.455 	73.57072 	-0.24214836 	-1.240734
-1.0690691 	0.25 	0.455 	73.66285 	-0.10690323 	-1.2280814
-1.0702703 	0.25 	0.455 	73.754596 	0.028247286 	-1.2150606
-1.0714715 	0.25 	0.455 	73.845435 	0.16317447 	-1.2011707
-1.0726727 	0.25 	0.455 	73.936275 	0.29810166 	-1.1872808
-1.0738739 	0.25 	0.455 	74.01082 	0.41081935 	-1.1735942
-1.0750751 	0.25 	0.455 	74.144004 	0.58662857 	-1.1592853
-1.0762763 	0.25 	0.455 	74.252574 	0.74280614 	-1.145814
-1.0774775 	0.25 	0.455 	74.35689 	0.89377254 	-1.1324051
-1.0786787 	0.25 	0.455 	74.459824 	1.0443569 	-1.1177534
-1.0798799 	0.25 	0.455 	74.562733 	1.1949342 	-1.1030789
-1.0810811 	0.25 	0.455 	74.665642 	1.3455115 	-1.0884044
-1.0822823 	0.25 	0.455 	74.742038 	1.4412602 	-1.0741083
-1.0834835 	0.25 	0.455 	74.906386 	1.6624575 	-1.0590711
-1.0846847 	0.25 	0.455 	75.028267 	1.7939292 	-1.0448295
-1.0858859 	0.25 	0.455 	75.148945 	1.9249913 	-1.0295603
-1.0870871 	0.25 	0.455 	75.269308 	2.055946 	-1.0140215
-1.0882883 	0.25 	0.455 	75.389646 	2.1869459 	-0.9984817
-1.0894895 	0.25 	0.455 	75.508437 	2.3237239 	-0.98289762
-1.0906907 	0.25 	0.455 	75.645806 	2.4797129 	-0.96766032
-1.0918919 	0.25 	0.455 	75.783021 	2.6356115 	-0.95230211
-1.0930931 	0.25 	0.455 	75.918689 	2.7906096 	-0.93573879
-1.0942943 	0.25 	0.455 	76.054358 	2.9456076 	-0.91917547
-1.0954955 	0.25 	0.455 	75.997961 	3.2683193 	-0.89813331
-1.0966967 	0.25 	0.455 	76.268061 	3.184158 	-0.89212712
-1.0978979 	0.25 	0.455 	76.456282 	3.2001321 	-0.8824863
-1.0990991 	0.25 	0.455 	76.598647 	3.2711611 	-0.87087029
-1.1003003 	0.25 	0.455 	76.740572 	3.3421084 	-0.85873184
-1.1015015 	0.25 	0.455 	76.882031 	3.4129691 	-0.84603883
-1.1027027 	0.25 	0.455 	77.02349 	3.4838297 	-0.83334583
-1.1039039 	0.25 	0.455 	76.913389 	3.8400187 	-0.81256284
-1.1051051 	0.25 	0.455 	76.793642 	4.2071488 	-0.79146964
-1.1063063 	0.25 	0.455 	76.90353 	4.3476566 	-0.77221101
-1.1075075 	0.25 	0.455 	77.367033 	4.1384684 	-0.75552658
-1.1087087 	0.25 	0.455 	77.828163 	3.9315793 	-0.73876694
-1.1099099 	0.25 	0.455 	77.913051 	4.1351006 	-0.7188255
-1.1111111 	0.25 	0.455 	77.663569 	4.7149089 	-0.69681041
-1.1123123 	0.25 	0.455 	77.375984 	5.3347136 	-0.674689
-1.1135135 	0.25 	0.455 	77.429709 	5.5281061 	-0.6575302
-1.1147147 	0.25 	0.455 	77.80876 	5.3150563 	-0.64510159
-1.1159159 	0.25 	0.455 	77.826525 	5.5329536 	-0.62751447
-1.1171171 	0.25 	0.455 	77.753832 	5.8564894 	-0.60745548
-1.1183183 	0.25 	0.455 	77.681083 	6.1799847 	-0.58733925
-1.1195195 	0.25 	0.455 	77.608333 	6.5034801 	-0.56722302
-1.1207207 	0.25 	0.455 	77.536204 	6.8308226 	-0.54717068
-1.1219219 	0.25 	0.455 	77.493007 	7.1470081 	-0.52837158
-1.1231231 	0.25 	0.455 	77.44981 	7.4631937 	-0.50957247
-1.1243243 	0.25 	0.455 	77.405594 	7.7783602 	-0.48981847
-1.1255255 	0.25 	0.455 	77.360995 	8.0931427 	-0.4697047
-1.1267267 	0.25 	0.455 	77.4096 	8.3207199 	-0.4554108
-1.1279279 	0.25 	0.455 	77.580842 	8.43184 	-0.44905337
-1.1291291 	0.25 	0.455 	77.382392 	8.8712912 	-0.42246633
-1.1303303 	0.25 	0.455 	77.217578 	9.3063214 	-0.39707652
-1.1315315 	0.25 	0.455 	77.128412 	9.7296335 	-0.37328552
-1.1327327 	0.25 	0.455 	77.158915 	10.057166 	-0.35613721
-1.1339339 	0.25 	0.455 	77.360934 	10.249254 	-0.34931293
-1.1351351 	0.25 	0.455 	77.47667 	10.450477 	-0.33981
-1.1363363 	0.25 	0.455 	77.328395 	10.678748 	-0.3222153
-1.1375375 	0.25 	0.455 	77.180341 	10.907186 	-0.3046055
-1.1387387 	0.25 	0.455 	77.069691 	11.236714 	-0.28786008
-1.1399399 	0.25 	0.455 	76.979436 	11.621306 	-0.27118346
-1.1411411 	0.25 	0.455 	76.893124 	12.008009 	-0.25461733
-1.1423423 	0.25 	0.455 	76.917086 	12.453745 	-0.24114139
-1.1435435 	0.25 	0.455 	76.941049 	12.899481 	-0.22766544
-1.1447447 	0.25 	0.455 	76.939325 	13.273722 	-0.21583776
-1.1459459 	0.25 	0.455 	76.928485 	13.62864 	-0.20374813
-1.1471471 	0.25 	0.455 	76.910499 	13.970835 	-0.1911146
-1.1483483 	0.25 	0.455 	76.892562 	14.313181 	-0.17854236
-1.1495495 	0.25 	0.455 	76.875417 	14.657987 	-0.16697394
-1.1507508 	0.25 	0.455 	76.861704 	15.002226 	-0.15327303
-1.151952 	0.25 	0.455 	76.844039 	15.348169 	-0.14025795
-1.1531532 	0.25 	0.455 	76.821179 	15.696283 	-0.12826075
-1.1543544 	0.25 	0.455 	76.779752 	16.091856 	-0.11485108
-1.1555556 	0.25 	0.455 	76.737611 	16.489254 	-0.10138707
-1.1567568 	0.25 	0.455 	76.696064 	16.888303 	-0.0885592
-1.157958 	0.25 	0.455 	76.650209 	17.297437 	-0.07564363
-1.1591592 	0.25 	0.455 	76.5902 	17.733154 	-0.06109964
-1.1603604 	0.25 	0.455 	76.531088 	18.24678 	-0.047874989
-1.1615616 	0.25 	0.455 	76.432663 	18.75259 	-0.034070943
-1.1627628 	0.25 	0.455 	76.308979 	19.249459 	-0.019828783
-1.163964 	0.25 	0.455 	76.185344 	19.746522 	-0.0056506215
-1.1651652 	0.25 	0.455 	76.062549 	20.246958 	0.0074078728
-1.1663664 	0.25 	0.455 	75.867179 	20.70516 	0.022089074
-1.1675676 	0.25 	0.455 	75.661731 	21.172158 	0.036607414
-1.1687688 	0.25 	0.455 	75.459294 	21.661984 	0.050500384
-1.16997 	0.25 	0.455 	75.221426 	22.166675 	0.06519143
-1.1711712 	0.25 	0.455 	74.977016 	22.674111 	0.080029875
-1.1723724 	0.25 	0.455 	74.732872 	23.183914 	0.094206391
-1.1735736 	0.25 	0.455 	74.447513 	23.672385 	0.10862339
-1.1747748 	0.25 	0.455 	74.137334 	24.146856 	0.12352763
-1.175976 	0.25 	0.455 	73.83997 	24.634772 	0.13765268
-1.1771772 	0.25 	0.455 	73.544104 	25.12426 	0.1516866
-1.1783784 	0.25 	0.455 	73.174758 	25.635053 	0.16695635
-1.1795796 	0.25 	0.455 	72.797411 	26.148166 	0.18236067
-1.1807808 	0.25 	0.455 	72.37395 	26.671864 	0.19738484
-1.181982 	0.25 	0.455 	71.892339 	27.202604 	0.21341946
-1.1831832 	0.25 	0.455 	71.415642 	27.729915 	0.22919692
-1.1843844 	0.25 	0.455 	70.952582 	28.247712 	0.2442606
-1.1855856 	0.25 	0.455 	70.489523 	28.765509 	0.25932428
-1.1867868 	0.25 	0.455 	69.888826 	29.209564 	0.27526938
-1.187988 	0.25 	0.455 	69.278102 	29.627702 	0.29015032
-1.1891892 	0.25 	0.455 	68.673508 	29.966393 	0.30239906
-1.1903904 	0.25 	0.455 	68.068914 	30.305084 	0.3146478
-1.1915916 	0.25 	0.455 	67.600867 	30.532351 	0.32435281
-1.1927928 	0.25 	0.455 	67.15898 	30.738272 	0.3335705
-1.193994 	0.25 	0.455 	66.710278 	30.92971 	0.34269053
-1.1951952 	0.25 	0.455 	66.19992 	30.990123 	0.35092707
-1.1963964 	0.25 	0.455 	65.689562 	31.050536 	0.35916362
-1.1975976 	0.25 	0.455 	65.180539 	31.109272 	0.36779305
-1.1987988 	0.25 	0.455 	64.672873 	31.166303 	0.37682236
-1.2 	0.25 	0.455 	64.165207 	31.223333 	0.38585167
