0 	0.25 	0.546 	53.178034 	-6.9857554 	-6.4527399
-0.0012012012 	0.25 	0.546 	53.185351 	-6.9962834 	-6.4551889
-0.0024024024 	0.25 	0.546 	53.192667 	-7.0068115 	-6.4576379
-0.0036036036 	0.25 	0.546 	53.199984 	-7.0173395 	-6.460087
-0.0048048048 	0.25 	0.546 	53.2073 	-7.0278676 	-6.462536
-0.006006006 	0.25 	0.546 	53.21451 	-7.0380618 	-6.4646975
-0.0072072072 	0.25 	0.546 	53.221493 	-7.0475421 	-6.466244
-0.0084084084 	0.25 	0.546 	53.228475 	-7.0570225 	-6.4677905
-0.0096096096 	0.25 	0.546 	53.235457 	-7.0665029 	-6.4693371
-0.010810811 	0.25 	0.546 	53.242439 	-7.0759832 	-6.4708836
-0.012012012 	0.25 	0.546 	53.249421 	-7.0854636 	-6.4724301
-0.013213213 	0.25 	0.546 	53.256403 	-7.0949439 	-6.4739766
-0.014414414 	0.25 	0.546 	53.263385 	-7.1044243 	-6.4755232
-0.015615616 	0.25 	0.546 	53.270367 	-7.1139047 	-6.4770697
-0.016816817 	0.25 	0.546 	53.277349 	-7.123385 	-6.4786162
-0.018018018 	0.25 	0.546 	53.284331 	-7.1328654 	-6.4801627
-0.019219219 	0.25 	0.546 	53.291314 	-7.1423457 	-6.4817093
-0.02042042 	0.25 	0.546 	53.298296 	-7.1518261 	-6.4832558
-0.021621622 	0.25 	0.546 	53.306361 	-7.1621727 	-6.485417
-0.022822823 	0.25 	0.546 	53.314888 	-7.1728888 	-6.4878405
-0.024024024 	0.25 	0.546 	53.323415 	-7.183605 	-6.4902639
-0.025225225 	0.25 	0.546 	53.331942 	-7.1943212 	-6.4926874
-0.026426426 	0.25 	0.546 	53.34047 	-7.2050373 	-6.4951109
-0.027627628 	0.25 	0.546 	53.348997 	-7.2157535 	-6.4975344
-0.028828829 	0.25 	0.546 	53.357524 	-7.2264697 	-6.4999578
-0.03003003 	0.25 	0.546 	53.366051 	-7.2371858 	-6.5023813
-0.031231231 	0.25 	0.546 	53.374579 	-7.247902 	-6.5048048
-0.032432432 	0.25 	0.546 	53.383106 	-7.2586182 	-6.5072282
-0.033633634 	0.25 	0.546 	53.391633 	-7.2693343 	-6.5096517
-0.034834835 	0.25 	0.546 	53.40016 	-7.2800505 	-6.5120752
-0.036036036 	0.25 	0.546 	53.408687 	-7.2907666 	-6.5144986
-0.037237237 	0.25 	0.546 	53.417215 	-7.3014828 	-6.5169221
-0.038438438 	0.25 	0.546 	53.425742 	-7.312199 	-6.5193456
-0.03963964 	0.25 	0.546 	53.434269 	-7.3229151 	-6.5217691
-0.040840841 	0.25 	0.546 	53.442796 	-7.3336313 	-6.5241925
-0.042042042 	0.25 	0.546 	53.451323 	-7.3443475 	-6.526616
-0.043243243 	0.25 	0.546 	53.459851 	-7.3550636 	-6.5290395
-0.044444444 	0.25 	0.546 	53.468378 	-7.3657798 	-6.5314629
-0.045645646 	0.25 	0.546 	53.476905 	-7.3764959 	-6.5338864
-0.046846847 	0.25 	0.546 	53.485432 	-7.3872121 	-6.5363099
-0.048048048 	0.25 	0.546 	53.49396 	-7.3979283 	-6.5387333
-0.049249249 	0.25 	0.546 	53.502487 	-7.4086444 	-6.5411568
-0.05045045 	0.25 	0.546 	53.511014 	-7.4193606 	-6.5435803
-0.051651652 	0.25 	0.546 	53.519541 	-7.4300768 	-6.5460037
-0.052852853 	0.25 	0.546 	53.528068 	-7.4407929 	-6.5484272
-0.054054054 	0.25 	0.546 	53.536364 	-7.4509984 	-6.5504259
-0.055255255 	0.25 	0.546 	53.544383 	-7.4605966 	-6.5519194
-0.056456456 	0.25 	0.546 	53.552402 	-7.4701947 	-6.5534129
-0.057657658 	0.25 	0.546 	53.560422 	-7.4797928 	-6.5549064
-0.058858859 	0.25 	0.546 	53.568441 	-7.4893909 	-6.5563999
-0.06006006 	0.25 	0.546 	53.57646 	-7.498989 	-6.5578934
-0.061261261 	0.25 	0.546 	53.586973 	-7.5118936 	-6.5596873
-0.062462462 	0.25 	0.546 	53.597579 	-7.5249217 	-6.5614925
-0.063663664 	0.25 	0.546 	53.608185 	-7.5379497 	-6.5632976
-0.064864865 	0.25 	0.546 	53.618791 	-7.5509778 	-6.5651028
-0.066066066 	0.25 	0.546 	53.629397 	-7.5640059 	-6.566908
-0.067267267 	0.25 	0.546 	53.640222 	-7.5758276 	-6.5687173
-0.068468468 	0.25 	0.546 	53.651284 	-7.5863484 	-6.5705313
-0.06966967 	0.25 	0.546 	53.662345 	-7.5968692 	-6.5723452
-0.070870871 	0.25 	0.546 	53.673406 	-7.6073899 	-6.5741591
-0.072072072 	0.25 	0.546 	53.684467 	-7.6179107 	-6.5759731
-0.073273273 	0.25 	0.546 	53.695528 	-7.6284314 	-6.577787
-0.074474474 	0.25 	0.546 	53.706589 	-7.6389522 	-6.5796009
-0.075675676 	0.25 	0.546 	53.717651 	-7.649473 	-6.5814149
-0.076876877 	0.25 	0.546 	53.728712 	-7.6599937 	-6.5832288
-0.078078078 	0.25 	0.546 	53.739773 	-7.6705145 	-6.5850428
-0.079279279 	0.25 	0.546 	53.750834 	-7.6810353 	-6.5868567
-0.08048048 	0.25 	0.546 	53.761895 	-7.691556 	-6.5886706
-0.081681682 	0.25 	0.546 	53.772956 	-7.7020768 	-6.5904846
-0.082882883 	0.25 	0.546 	53.784017 	-7.7125975 	-6.5922985
-0.084084084 	0.25 	0.546 	53.795079 	-7.7231183 	-6.5941124
-0.085285285 	0.25 	0.546 	53.80614 	-7.7336391 	-6.5959264
-0.086486486 	0.25 	0.546 	53.817201 	-7.7441598 	-6.5977403
-0.087687688 	0.25 	0.546 	53.828262 	-7.7546806 	-6.5995542
-0.088888889 	0.25 	0.546 	53.839323 	-7.7652013 	-6.6013682
-0.09009009 	0.25 	0.546 	53.850384 	-7.7757221 	-6.6031821
-0.091291291 	0.25 	0.546 	53.861446 	-7.7862429 	-6.604996
-0.092492492 	0.25 	0.546 	53.872507 	-7.7967636 	-6.60681
-0.093693694 	0.25 	0.546 	53.883568 	-7.8072844 	-6.6086239
-0.094894895 	0.25 	0.546 	53.894629 	-7.8178051 	-6.6104378
-0.096096096 	0.25 	0.546 	53.90569 	-7.8283259 	-6.6122518
-0.097297297 	0.25 	0.546 	53.916751 	-7.8388467 	-6.6140657
-0.098498498 	0.25 	0.546 	53.927812 	-7.8493674 	-6.6158797
-0.0996997 	0.25 	0.546 	53.938874 	-7.8598882 	-6.6176936
-0.1009009 	0.25 	0.546 	53.950018 	-7.8693916 	-6.6191807
-0.1021021 	0.25 	0.546 	53.961166 	-7.8788359 	-6.6206489
-0.1033033 	0.25 	0.546 	53.972315 	-7.8882802 	-6.6221171
-0.1045045 	0.25 	0.546 	53.983464 	-7.8977245 	-6.6235852
-0.10570571 	0.25 	0.546 	53.994613 	-7.9071688 	-6.6250534
-0.10690691 	0.25 	0.546 	54.005761 	-7.9166131 	-6.6265215
-0.10810811 	0.25 	0.546 	54.01691 	-7.9260574 	-6.6279897
-0.10930931 	0.25 	0.546 	54.028059 	-7.9355017 	-6.6294579
-0.11051051 	0.25 	0.546 	54.039207 	-7.944946 	-6.630926
-0.11171171 	0.25 	0.546 	54.050356 	-7.9543903 	-6.6323942
-0.11291291 	0.25 	0.546 	54.061505 	-7.9638346 	-6.6338623
-0.11411411 	0.25 	0.546 	54.072654 	-7.9732789 	-6.6353305
-0.11531532 	0.25 	0.546 	54.084417 	-7.981497 	-6.6368575
-0.11651652 	0.25 	0.546 	54.096456 	-7.9891663 	-6.6384107
-0.11771772 	0.25 	0.546 	54.108495 	-7.9968356 	-6.639964
-0.11891892 	0.25 	0.546 	54.120534 	-8.004505 	-6.6415173
-0.12012012 	0.25 	0.546 	54.132573 	-8.0121743 	-6.6430706
-0.12132132 	0.25 	0.546 	54.145025 	-8.0204104 	-6.6446524
-0.12252252 	0.25 	0.546 	54.159053 	-8.0308063 	-6.6463432
-0.12372372 	0.25 	0.546 	54.173081 	-8.0412022 	-6.648034
-0.12492492 	0.25 	0.546 	54.187109 	-8.0515981 	-6.6497248
-0.12612613 	0.25 	0.546 	54.201136 	-8.061994 	-6.6514156
-0.12732733 	0.25 	0.546 	54.215164 	-8.0723898 	-6.6531064
-0.12852853 	0.25 	0.546 	54.229021 	-8.0820598 	-6.6543664
-0.12972973 	0.25 	0.546 	54.242814 	-8.0914594 	-6.655466
-0.13093093 	0.25 	0.546 	54.256608 	-8.100859 	-6.6565655
-0.13213213 	0.25 	0.546 	54.270401 	-8.1102585 	-6.6576651
-0.13333333 	0.25 	0.546 	54.284194 	-8.1196581 	-6.6587647
-0.13453453 	0.25 	0.546 	54.297987 	-8.1290577 	-6.6598642
-0.13573574 	0.25 	0.546 	54.31178 	-8.1384573 	-6.6609638
-0.13693694 	0.25 	0.546 	54.325574 	-8.1478569 	-6.6620633
-0.13813814 	0.25 	0.546 	54.339367 	-8.1572565 	-6.6631629
-0.13933934 	0.25 	0.546 	54.35316 	-8.166656 	-6.6642624
-0.14054054 	0.25 	0.546 	54.366953 	-8.1760556 	-6.665362
-0.14174174 	0.25 	0.546 	54.380746 	-8.1854552 	-6.6664616
-0.14294294 	0.25 	0.546 	54.394445 	-8.1949381 	-6.6677407
-0.14414414 	0.25 	0.546 	54.40809 	-8.2044691 	-6.6691234
-0.14534535 	0.25 	0.546 	54.421735 	-8.2140001 	-6.6705061
-0.14654655 	0.25 	0.546 	54.435379 	-8.2235311 	-6.6718888
-0.14774775 	0.25 	0.546 	54.449024 	-8.2330621 	-6.6732715
-0.14894895 	0.25 	0.546 	54.462669 	-8.2425931 	-6.6746542
-0.15015015 	0.25 	0.546 	54.476314 	-8.2521241 	-6.6760369
-0.15135135 	0.25 	0.546 	54.489958 	-8.2616551 	-6.6774195
-0.15255255 	0.25 	0.546 	54.503603 	-8.2711861 	-6.6788022
-0.15375375 	0.25 	0.546 	54.517248 	-8.280717 	-6.6801849
-0.15495495 	0.25 	0.546 	54.530892 	-8.290248 	-6.6815676
-0.15615616 	0.25 	0.546 	54.544537 	-8.299779 	-6.6829503
-0.15735736 	0.25 	0.546 	54.558182 	-8.30931 	-6.684333
-0.15855856 	0.25 	0.546 	54.571826 	-8.318841 	-6.6857157
-0.15975976 	0.25 	0.546 	54.585471 	-8.328372 	-6.6870984
-0.16096096 	0.25 	0.546 	54.599116 	-8.337903 	-6.6884811
-0.16216216 	0.25 	0.546 	54.61276 	-8.347434 	-6.6898638
-0.16336336 	0.25 	0.546 	54.626405 	-8.356965 	-6.6912465
-0.16456456 	0.25 	0.546 	54.64005 	-8.366496 	-6.6926292
-0.16576577 	0.25 	0.546 	54.653694 	-8.376027 	-6.6940119
-0.16696697 	0.25 	0.546 	54.667339 	-8.3855579 	-6.6953946
-0.16816817 	0.25 	0.546 	54.680984 	-8.3950889 	-6.6967773
-0.16936937 	0.25 	0.546 	54.694628 	-8.4046199 	-6.69816
-0.17057057 	0.25 	0.546 	54.708273 	-8.4141509 	-6.6995427
-0.17177177 	0.25 	0.546 	54.721918 	-8.4236819 	-6.7009253
-0.17297297 	0.25 	0.546 	54.735562 	-8.4332129 	-6.702308
-0.17417417 	0.25 	0.546 	54.749207 	-8.4427439 	-6.7036907
-0.17537538 	0.25 	0.546 	54.762852 	-8.4522749 	-6.7050734
-0.17657658 	0.25 	0.546 	54.776188 	-8.4607802 	-6.7058321
-0.17777778 	0.25 	0.546 	54.789511 	-8.4692444 	-6.7065658
-0.17897898 	0.25 	0.546 	54.802835 	-8.4777086 	-6.7072995
-0.18018018 	0.25 	0.546 	54.816159 	-8.4861728 	-6.7080331
-0.18138138 	0.25 	0.546 	54.829483 	-8.494637 	-6.7087668
-0.18258258 	0.25 	0.546 	54.844585 	-8.5042663 	-6.7096071
-0.18378378 	0.25 	0.546 	54.861607 	-8.5151526 	-6.7105625
-0.18498498 	0.25 	0.546 	54.878628 	-8.5260388 	-6.7115178
-0.18618619 	0.25 	0.546 	54.895649 	-8.5369251 	-6.7124732
-0.18738739 	0.25 	0.546 	54.912671 	-8.5478114 	-6.7134286
-0.18858859 	0.25 	0.546 	54.929692 	-8.5586976 	-6.7143839
-0.18978979 	0.25 	0.546 	54.945169 	-8.5674816 	-6.7150454
-0.19099099 	0.25 	0.546 	54.960645 	-8.5762638 	-6.7157066
-0.19219219 	0.25 	0.546 	54.976121 	-8.585046 	-6.7163679
-0.19339339 	0.25 	0.546 	54.991597 	-8.5938282 	-6.7170291
-0.19459459 	0.25 	0.546 	55.007073 	-8.6026104 	-6.7176904
-0.1957958 	0.25 	0.546 	55.022548 	-8.6113926 	-6.7183516
-0.196997 	0.25 	0.546 	55.038024 	-8.6201747 	-6.7190128
-0.1981982 	0.25 	0.546 	55.0535 	-8.6289569 	-6.7196741
-0.1993994 	0.25 	0.546 	55.068976 	-8.6377391 	-6.7203353
-0.2006006 	0.25 	0.546 	55.084452 	-8.6465213 	-6.7209966
-0.2018018 	0.25 	0.546 	55.099928 	-8.6553035 	-6.7216578
-0.203003 	0.25 	0.546 	55.115403 	-8.6640857 	-6.7223191
-0.2042042 	0.25 	0.546 	55.130879 	-8.6728679 	-6.7229803
-0.20540541 	0.25 	0.546 	55.146355 	-8.6816501 	-6.7236415
-0.20660661 	0.25 	0.546 	55.161831 	-8.6904323 	-6.7243028
-0.20780781 	0.25 	0.546 	55.177307 	-8.6992145 	-6.724964
-0.20900901 	0.25 	0.546 	55.192783 	-8.7079967 	-6.7256253
-0.21021021 	0.25 	0.546 	55.208258 	-8.7167789 	-6.7262865
-0.21141141 	0.25 	0.546 	55.223734 	-8.7255611 	-6.7269477
-0.21261261 	0.25 	0.546 	55.23921 	-8.7343433 	-6.727609
-0.21381381 	0.25 	0.546 	55.254686 	-8.7431255 	-6.7282702
-0.21501502 	0.25 	0.546 	55.270162 	-8.7519077 	-6.7289315
-0.21621622 	0.25 	0.546 	55.285638 	-8.7606899 	-6.7295927
-0.21741742 	0.25 	0.546 	55.301113 	-8.7694721 	-6.7302539
-0.21861862 	0.25 	0.546 	55.316589 	-8.7782543 	-6.7309152
-0.21981982 	0.25 	0.546 	55.332065 	-8.7870365 	-6.7315764
-0.22102102 	0.25 	0.546 	55.347541 	-8.7958187 	-6.7322377
-0.22222222 	0.25 	0.546 	55.363017 	-8.8046009 	-6.7328989
-0.22342342 	0.25 	0.546 	55.379319 	-8.8130442 	-6.7331917
-0.22462462 	0.25 	0.546 	55.39564 	-8.8214802 	-6.7334766
-0.22582583 	0.25 	0.546 	55.41196 	-8.8299162 	-6.7337616
-0.22702703 	0.25 	0.546 	55.428281 	-8.8383523 	-6.7340465
-0.22822823 	0.25 	0.546 	55.444601 	-8.8467883 	-6.7343314
-0.22942943 	0.25 	0.546 	55.460922 	-8.8552243 	-6.7346163
-0.23063063 	0.25 	0.546 	55.477242 	-8.8636603 	-6.7349012
-0.23183183 	0.25 	0.546 	55.493563 	-8.8720964 	-6.7351861
-0.23303303 	0.25 	0.546 	55.509883 	-8.8805324 	-6.7354711
-0.23423423 	0.25 	0.546 	55.526204 	-8.8889684 	-6.735756
-0.23543544 	0.25 	0.546 	55.542524 	-8.8974045 	-6.7360409
-0.23663664 	0.25 	0.546 	55.558635 	-8.9055374 	-6.7363043
-0.23783784 	0.25 	0.546 	55.573981 	-8.9125662 	-6.7364896
-0.23903904 	0.25 	0.546 	55.589327 	-8.919595 	-6.7366748
-0.24024024 	0.25 	0.546 	55.604673 	-8.9266238 	-6.73686
-0.24144144 	0.25 	0.546 	55.620019 	-8.9336526 	-6.7370452
-0.24264264 	0.25 	0.546 	55.635365 	-8.9406814 	-6.7372305
-0.24384384 	0.25 	0.546 	55.653685 	-8.9489976 	-6.7374341
-0.24504505 	0.25 	0.546 	55.673087 	-8.9577823 	-6.7376444
-0.24624625 	0.25 	0.546 	55.69249 	-8.966567 	-6.7378548
-0.24744745 	0.25 	0.546 	55.711892 	-8.9753517 	-6.7380651
-0.24864865 	0.25 	0.546 	55.731295 	-8.9841365 	-6.7382754
-0.24984985 	0.25 	0.546 	55.750229 	-8.9928703 	-6.7383462
-0.25105105 	0.25 	0.546 	55.767774 	-9.0014535 	-6.7380034
-0.25225225 	0.25 	0.546 	55.785319 	-9.0100366 	-6.7376606
-0.25345345 	0.25 	0.546 	55.802865 	-9.0186197 	-6.7373178
-0.25465465 	0.25 	0.546 	55.82041 	-9.0272029 	-6.7369749
-0.25585586 	0.25 	0.546 	55.837955 	-9.035786 	-6.7366321
-0.25705706 	0.25 	0.546 	55.855501 	-9.0443691 	-6.7362893
-0.25825826 	0.25 	0.546 	55.873046 	-9.0529523 	-6.7359465
-0.25945946 	0.25 	0.546 	55.890591 	-9.0615354 	-6.7356037
-0.26066066 	0.25 	0.546 	55.908137 	-9.0701185 	-6.7352609
-0.26186186 	0.25 	0.546 	55.925682 	-9.0787017 	-6.7349181
-0.26306306 	0.25 	0.546 	55.943227 	-9.0872848 	-6.7345752
-0.26426426 	0.25 	0.546 	55.95994 	-9.0956465 	-6.7344494
-0.26546547 	0.25 	0.546 	55.976209 	-9.1038901 	-6.7344393
-0.26666667 	0.25 	0.546 	55.992478 	-9.1121336 	-6.7344293
-0.26786787 	0.25 	0.546 	56.008746 	-9.1203772 	-6.7344192
-0.26906907 	0.25 	0.546 	56.025015 	-9.1286207 	-6.7344092
-0.27027027 	0.25 	0.546 	56.041284 	-9.1368643 	-6.7343991
-0.27147147 	0.25 	0.546 	56.057552 	-9.1451078 	-6.7343891
-0.27267267 	0.25 	0.546 	56.073821 	-9.1533514 	-6.7343791
-0.27387387 	0.25 	0.546 	56.09009 	-9.1615949 	-6.734369
-0.27507508 	0.25 	0.546 	56.106358 	-9.1698385 	-6.734359
-0.27627628 	0.25 	0.546 	56.122627 	-9.178082 	-6.7343489
-0.27747748 	0.25 	0.546 	56.138896 	-9.1863256 	-6.7343389
-0.27867868 	0.25 	0.546 	56.155164 	-9.1945691 	-6.7343288
-0.27987988 	0.25 	0.546 	56.171433 	-9.2028127 	-6.7343188
-0.28108108 	0.25 	0.546 	56.187702 	-9.2110562 	-6.7343088
-0.28228228 	0.25 	0.546 	56.20397 	-9.2192998 	-6.7342987
-0.28348348 	0.25 	0.546 	56.220239 	-9.2275433 	-6.7342887
-0.28468468 	0.25 	0.546 	56.236508 	-9.2357869 	-6.7342786
-0.28588589 	0.25 	0.546 	56.252776 	-9.2440304 	-6.7342686
-0.28708709 	0.25 	0.546 	56.269045 	-9.252274 	-6.7342585
-0.28828829 	0.25 	0.546 	56.285314 	-9.2605175 	-6.7342485
-0.28948949 	0.25 	0.546 	56.301582 	-9.2687611 	-6.7342385
-0.29069069 	0.25 	0.546 	56.317851 	-9.2770046 	-6.7342284
-0.29189189 	0.25 	0.546 	56.33412 	-9.2852482 	-6.7342184
-0.29309309 	0.25 	0.546 	56.350388 	-9.2934917 	-6.7342083
-0.29429429 	0.25 	0.546 	56.366657 	-9.3017353 	-6.7341983
-0.2954955 	0.25 	0.546 	56.382926 	-9.3099788 	-6.7341882
-0.2966967 	0.25 	0.546 	56.399194 	-9.3182223 	-6.7341782
-0.2978979 	0.25 	0.546 	56.414569 	-9.3263636 	-6.7339338
-0.2990991 	0.25 	0.546 	56.428963 	-9.3343927 	-6.7334325
-0.3003003 	0.25 	0.546 	56.443357 	-9.3424218 	-6.7329313
-0.3015015 	0.25 	0.546 	56.457751 	-9.3504509 	-6.7324301
-0.3027027 	0.25 	0.546 	56.472145 	-9.35848 	-6.7319288
-0.3039039 	0.25 	0.546 	56.486539 	-9.3665092 	-6.7314276
-0.30510511 	0.25 	0.546 	56.506752 	-9.3760408 	-6.7310131
-0.30630631 	0.25 	0.546 	56.526987 	-9.3855781 	-6.730599
-0.30750751 	0.25 	0.546 	56.547222 	-9.3951154 	-6.7301848
-0.30870871 	0.25 	0.546 	56.567457 	-9.4046528 	-6.7297707
-0.30990991 	0.25 	0.546 	56.587692 	-9.4141901 	-6.7293566
-0.31111111 	0.25 	0.546 	56.606228 	-9.4225275 	-6.7287034
-0.31231231 	0.25 	0.546 	56.623157 	-9.4297284 	-6.7278239
-0.31351351 	0.25 	0.546 	56.640085 	-9.4369292 	-6.7269443
-0.31471471 	0.25 	0.546 	56.657013 	-9.44413 	-6.7260648
-0.31591592 	0.25 	0.546 	56.673942 	-9.4513308 	-6.7251853
-0.31711712 	0.25 	0.546 	56.69087 	-9.4585316 	-6.7243057
-0.31831832 	0.25 	0.546 	56.707798 	-9.4657324 	-6.7234262
-0.31951952 	0.25 	0.546 	56.724726 	-9.4729332 	-6.7225466
-0.32072072 	0.25 	0.546 	56.741655 	-9.480134 	-6.7216671
-0.32192192 	0.25 	0.546 	56.758583 	-9.4873348 	-6.7207875
-0.32312312 	0.25 	0.546 	56.775511 	-9.4945356 	-6.719908
-0.32432432 	0.25 	0.546 	56.79244 	-9.5017364 	-6.7190285
-0.32552553 	0.25 	0.546 	56.809368 	-9.5089372 	-6.7181489
-0.32672673 	0.25 	0.546 	56.826296 	-9.516138 	-6.7172694
-0.32792793 	0.25 	0.546 	56.843225 	-9.5233388 	-6.7163898
-0.32912913 	0.25 	0.546 	56.860153 	-9.5305396 	-6.7155103
-0.33033033 	0.25 	0.546 	56.877081 	-9.5377404 	-6.7146308
-0.33153153 	0.25 	0.546 	56.894009 	-9.5449412 	-6.7137512
-0.33273273 	0.25 	0.546 	56.910938 	-9.5521421 	-6.7128717
-0.33393393 	0.25 	0.546 	56.927866 	-9.5593429 	-6.7119921
-0.33513514 	0.25 	0.546 	56.944794 	-9.5665437 	-6.7111126
-0.33633634 	0.25 	0.546 	56.961723 	-9.5737445 	-6.710233
-0.33753754 	0.25 	0.546 	56.978651 	-9.5809453 	-6.7093535
-0.33873874 	0.25 	0.546 	56.995579 	-9.5881461 	-6.708474
-0.33993994 	0.25 	0.546 	57.012507 	-9.5953469 	-6.7075944
-0.34114114 	0.25 	0.546 	57.029436 	-9.6025477 	-6.7067149
-0.34234234 	0.25 	0.546 	57.046364 	-9.6097485 	-6.7058353
-0.34354354 	0.25 	0.546 	57.063292 	-9.6169493 	-6.7049558
-0.34474474 	0.25 	0.546 	57.080221 	-9.6241501 	-6.7040763
-0.34594595 	0.25 	0.546 	57.099308 	-9.6322937 	-6.7027365
-0.34714715 	0.25 	0.546 	57.118471 	-9.6404705 	-6.7013804
-0.34834835 	0.25 	0.546 	57.137635 	-9.6486473 	-6.7000244
-0.34954955 	0.25 	0.546 	57.156798 	-9.656824 	-6.6986684
-0.35075075 	0.25 	0.546 	57.175961 	-9.6650008 	-6.6973124
-0.35195195 	0.25 	0.546 	57.195125 	-9.6731776 	-6.6959564
-0.35315315 	0.25 	0.546 	57.214288 	-9.6813544 	-6.6946004
-0.35435435 	0.25 	0.546 	57.233451 	-9.6895311 	-6.6932444
-0.35555556 	0.25 	0.546 	57.252615 	-9.6977079 	-6.6918884
-0.35675676 	0.25 	0.546 	57.271778 	-9.7058847 	-6.6905324
-0.35795796 	0.25 	0.546 	57.290941 	-9.7140615 	-6.6891764
-0.35915916 	0.25 	0.546 	57.307954 	-9.7207774 	-6.6876007
-0.36036036 	0.25 	0.546 	57.324155 	-9.7269427 	-6.6859422
-0.36156156 	0.25 	0.546 	57.340357 	-9.733108 	-6.6842837
-0.36276276 	0.25 	0.546 	57.356559 	-9.7392732 	-6.6826252
-0.36396396 	0.25 	0.546 	57.37276 	-9.7454385 	-6.6809667
-0.36516517 	0.25 	0.546 	57.390531 	-9.7514919 	-6.6793325
-0.36636637 	0.25 	0.546 	57.413166 	-9.7571983 	-6.6777736
-0.36756757 	0.25 	0.546 	57.435802 	-9.7629048 	-6.6762146
-0.36876877 	0.25 	0.546 	57.458438 	-9.7686112 	-6.6746556
-0.36996997 	0.25 	0.546 	57.481073 	-9.7743176 	-6.6730967
-0.37117117 	0.25 	0.546 	57.503709 	-9.7800241 	-6.6715377
-0.37237237 	0.25 	0.546 	57.524664 	-9.7847923 	-6.6694561
-0.37357357 	0.25 	0.546 	57.545098 	-9.7892696 	-6.6672124
-0.37477477 	0.25 	0.546 	57.565532 	-9.7937469 	-6.6649687
-0.37597598 	0.25 	0.546 	57.585966 	-9.7982242 	-6.6627251
-0.37717718 	0.25 	0.546 	57.6064 	-9.8027015 	-6.6604814
-0.37837838 	0.25 	0.546 	57.626835 	-9.8071788 	-6.6582377
-0.37957958 	0.25 	0.546 	57.647269 	-9.8116561 	-6.655994
-0.38078078 	0.25 	0.546 	57.667703 	-9.8161333 	-6.6537503
-0.38198198 	0.25 	0.546 	57.688137 	-9.8206106 	-6.6515066
-0.38318318 	0.25 	0.546 	57.708571 	-9.8250879 	-6.6492629
-0.38438438 	0.25 	0.546 	57.729005 	-9.8295652 	-6.6470192
-0.38558559 	0.25 	0.546 	57.747121 	-9.8351164 	-6.6451014
-0.38678679 	0.25 	0.546 	57.764312 	-9.8410962 	-6.6433136
-0.38798799 	0.25 	0.546 	57.781502 	-9.847076 	-6.6415258
-0.38918919 	0.25 	0.546 	57.798693 	-9.8530558 	-6.6397381
-0.39039039 	0.25 	0.546 	57.815883 	-9.8590356 	-6.6379503
-0.39159159 	0.25 	0.546 	57.833074 	-9.8650155 	-6.6361625
-0.39279279 	0.25 	0.546 	57.850265 	-9.8709953 	-6.6343747
-0.39399399 	0.25 	0.546 	57.867455 	-9.8769751 	-6.632587
-0.3951952 	0.25 	0.546 	57.884646 	-9.8829549 	-6.6307992
-0.3963964 	0.25 	0.546 	57.901837 	-9.8889348 	-6.6290114
-0.3975976 	0.25 	0.546 	57.919027 	-9.8949146 	-6.6272237
-0.3987988 	0.25 	0.546 	57.936218 	-9.9008944 	-6.6254359
-0.4 	0.25 	0.546 	57.953408 	-9.9068742 	-6.6236481
-0.4012012 	0.25 	0.546 	57.970599 	-9.912854 	-6.6218603
-0.4024024 	0.25 	0.546 	57.98779 	-9.9188339 	-6.6200726
-0.4036036 	0.25 	0.546 	58.00498 	-9.9248137 	-6.6182848
-0.4048048 	0.25 	0.546 	58.022171 	-9.9307935 	-6.616497
-0.40600601 	0.25 	0.546 	58.039361 	-9.9367733 	-6.6147092
-0.40720721 	0.25 	0.546 	58.056552 	-9.9427531 	-6.6129215
-0.40840841 	0.25 	0.546 	58.073743 	-9.948733 	-6.6111337
-0.40960961 	0.25 	0.546 	58.090933 	-9.9547128 	-6.6093459
-0.41081081 	0.25 	0.546 	58.108124 	-9.9606926 	-6.6075581
-0.41201201 	0.25 	0.546 	58.125314 	-9.9666724 	-6.6057704
-0.41321321 	0.25 	0.546 	58.142505 	-9.9726522 	-6.6039826
-0.41441441 	0.25 	0.546 	58.159696 	-9.9786321 	-6.6021948
-0.41561562 	0.25 	0.546 	58.176886 	-9.9846119 	-6.600407
-0.41681682 	0.25 	0.546 	58.194077 	-9.9905917 	-6.5986193
-0.41801802 	0.25 	0.546 	58.211267 	-9.9965715 	-6.5968315
-0.41921922 	0.25 	0.546 	58.228458 	-10.002551 	-6.5950437
-0.42042042 	0.25 	0.546 	58.243827 	-10.007535 	-6.5927849
-0.42162162 	0.25 	0.546 	58.259176 	-10.012507 	-6.5905207
-0.42282282 	0.25 	0.546 	58.274524 	-10.017479 	-6.5882566
-0.42402402 	0.25 	0.546 	58.289872 	-10.022451 	-6.5859924
-0.42522523 	0.25 	0.546 	58.305221 	-10.027422 	-6.5837282
-0.42642643 	0.25 	0.546 	58.323431 	-10.033007 	-6.581564
-0.42762763 	0.25 	0.546 	58.344419 	-10.039187 	-6.5794969
-0.42882883 	0.25 	0.546 	58.365407 	-10.045366 	-6.5774298
-0.43003003 	0.25 	0.546 	58.386394 	-10.051545 	-6.5753627
-0.43123123 	0.25 	0.546 	58.407382 	-10.057725 	-6.5732956
-0.43243243 	0.25 	0.546 	58.428339 	-10.063857 	-6.5712058
-0.43363363 	0.25 	0.546 	58.4481 	-10.068147 	-6.5682277
-0.43483483 	0.25 	0.546 	58.467861 	-10.072437 	-6.5652496
-0.43603604 	0.25 	0.546 	58.487623 	-10.076727 	-6.5622715
-0.43723724 	0.25 	0.546 	58.507384 	-10.081017 	-6.5592935
-0.43843844 	0.25 	0.546 	58.527145 	-10.085307 	-6.5563154
-0.43963964 	0.25 	0.546 	58.546906 	-10.089597 	-6.5533373
-0.44084084 	0.25 	0.546 	58.566667 	-10.093886 	-6.5503592
-0.44204204 	0.25 	0.546 	58.586428 	-10.098176 	-6.5473812
-0.44324324 	0.25 	0.546 	58.606189 	-10.102466 	-6.5444031
-0.44444444 	0.25 	0.546 	58.62595 	-10.106756 	-6.541425
-0.44564565 	0.25 	0.546 	58.645711 	-10.111046 	-6.5384469
-0.44684685 	0.25 	0.546 	58.665472 	-10.115336 	-6.5354689
-0.44804805 	0.25 	0.546 	58.685233 	-10.119626 	-6.5324908
-0.44924925 	0.25 	0.546 	58.704994 	-10.123916 	-6.5295127
-0.45045045 	0.25 	0.546 	58.724755 	-10.128206 	-6.5265346
-0.45165165 	0.25 	0.546 	58.744516 	-10.132495 	-6.5235566
-0.45285285 	0.25 	0.546 	58.764277 	-10.136785 	-6.5205785
-0.45405405 	0.25 	0.546 	58.784039 	-10.141075 	-6.5176004
-0.45525526 	0.25 	0.546 	58.8038 	-10.145365 	-6.5146223
-0.45645646 	0.25 	0.546 	58.823561 	-10.149655 	-6.5116442
-0.45765766 	0.25 	0.546 	58.843322 	-10.153945 	-6.5086662
-0.45885886 	0.25 	0.546 	58.863083 	-10.158235 	-6.5056881
-0.46006006 	0.25 	0.546 	58.882844 	-10.162525 	-6.50271
-0.46126126 	0.25 	0.546 	58.902605 	-10.166815 	-6.4997319
-0.46246246 	0.25 	0.546 	58.922366 	-10.171104 	-6.4967539
-0.46366366 	0.25 	0.546 	58.942127 	-10.175394 	-6.4937758
-0.46486486 	0.25 	0.546 	58.961888 	-10.179684 	-6.4907977
-0.46606607 	0.25 	0.546 	58.981649 	-10.183974 	-6.4878196
-0.46726727 	0.25 	0.546 	59.00141 	-10.188264 	-6.4848416
-0.46846847 	0.25 	0.546 	59.021217 	-10.19329 	-6.4818686
-0.46966967 	0.25 	0.546 	59.04103 	-10.19843 	-6.4788965
-0.47087087 	0.25 	0.546 	59.060844 	-10.20357 	-6.4759244
-0.47207207 	0.25 	0.546 	59.080658 	-10.208711 	-6.4729523
-0.47327327 	0.25 	0.546 	59.100471 	-10.213851 	-6.4699802
-0.47447447 	0.25 	0.546 	59.120285 	-10.218991 	-6.467008
-0.47567568 	0.25 	0.546 	59.140099 	-10.224132 	-6.4640359
-0.47687688 	0.25 	0.546 	59.159912 	-10.229272 	-6.4610638
-0.47807808 	0.25 	0.546 	59.179726 	-10.234412 	-6.4580917
-0.47927928 	0.25 	0.546 	59.19954 	-10.239552 	-6.4551195
-0.48048048 	0.25 	0.546 	59.219231 	-10.244344 	-6.4520162
-0.48168168 	0.25 	0.546 	59.238529 	-10.248008 	-6.448489
-0.48288288 	0.25 	0.546 	59.257826 	-10.251672 	-6.4449618
-0.48408408 	0.25 	0.546 	59.277124 	-10.255336 	-6.4414346
-0.48528529 	0.25 	0.546 	59.296421 	-10.259 	-6.4379074
-0.48648649 	0.25 	0.546 	59.315719 	-10.262665 	-6.4343802
-0.48768769 	0.25 	0.546 	59.33525 	-10.268512 	-6.4312549
-0.48888889 	0.25 	0.546 	59.354858 	-10.275073 	-6.4282611
-0.49009009 	0.25 	0.546 	59.374466 	-10.281634 	-6.4252673
-0.49129129 	0.25 	0.546 	59.394074 	-10.288196 	-6.4222734
-0.49249249 	0.25 	0.546 	59.413682 	-10.294757 	-6.4192796
-0.49369369 	0.25 	0.546 	59.434302 	-10.300454 	-6.4159252
-0.49489489 	0.25 	0.546 	59.457653 	-10.303822 	-6.4115986
-0.4960961 	0.25 	0.546 	59.481004 	-10.307189 	-6.4072719
-0.4972973 	0.25 	0.546 	59.504356 	-10.310557 	-6.4029453
-0.4984985 	0.25 	0.546 	59.527707 	-10.313925 	-6.3986187
-0.4996997 	0.25 	0.546 	59.551058 	-10.317292 	-6.394292
-0.5009009 	0.25 	0.546 	59.574409 	-10.32066 	-6.3899654
-0.5021021 	0.25 	0.546 	59.59776 	-10.324027 	-6.3856387
-0.5033033 	0.25 	0.546 	59.621111 	-10.327395 	-6.3813121
-0.5045045 	0.25 	0.546 	59.644462 	-10.330762 	-6.3769854
-0.50570571 	0.25 	0.546 	59.667813 	-10.33413 	-6.3726588
-0.50690691 	0.25 	0.546 	59.695482 	-10.339246 	-6.3671529
-0.50810811 	0.25 	0.546 	59.723965 	-10.344691 	-6.3614246
-0.50930931 	0.25 	0.546 	59.752448 	-10.350136 	-6.3556962
-0.51051051 	0.25 	0.546 	59.780931 	-10.355582 	-6.3499678
-0.51171171 	0.25 	0.546 	59.809415 	-10.361027 	-6.3442395
-0.51291291 	0.25 	0.546 	59.837898 	-10.366473 	-6.3385111
-0.51411411 	0.25 	0.546 	59.866381 	-10.371918 	-6.3327827
-0.51531532 	0.25 	0.546 	59.894864 	-10.377364 	-6.3270544
-0.51651652 	0.25 	0.546 	59.923347 	-10.382809 	-6.321326
-0.51771772 	0.25 	0.546 	59.95183 	-10.388255 	-6.3155977
-0.51891892 	0.25 	0.546 	59.975925 	-10.394133 	-6.3105722
-0.52012012 	0.25 	0.546 	59.996381 	-10.400371 	-6.3061296
-0.52132132 	0.25 	0.546 	60.016837 	-10.406609 	-6.3016869
-0.52252252 	0.25 	0.546 	60.037293 	-10.412846 	-6.2972443
-0.52372372 	0.25 	0.546 	60.057749 	-10.419084 	-6.2928017
-0.52492492 	0.25 	0.546 	60.078205 	-10.425322 	-6.288359
-0.52612613 	0.25 	0.546 	60.098661 	-10.431559 	-6.2839164
-0.52732733 	0.25 	0.546 	60.119117 	-10.437797 	-6.2794737
-0.52852853 	0.25 	0.546 	60.139573 	-10.444035 	-6.2750311
-0.52972973 	0.25 	0.546 	60.160029 	-10.450272 	-6.2705884
-0.53093093 	0.25 	0.546 	60.180485 	-10.45651 	-6.2661458
-0.53213213 	0.25 	0.546 	60.200941 	-10.462748 	-6.2617032
-0.53333333 	0.25 	0.546 	60.221397 	-10.468985 	-6.2572605
-0.53453453 	0.25 	0.546 	60.241853 	-10.475223 	-6.2528179
-0.53573574 	0.25 	0.546 	60.262309 	-10.481461 	-6.2483752
-0.53693694 	0.25 	0.546 	60.282765 	-10.487698 	-6.2439326
-0.53813814 	0.25 	0.546 	60.303221 	-10.493936 	-6.2394899
-0.53933934 	0.25 	0.546 	60.323677 	-10.500174 	-6.2350473
-0.54054054 	0.25 	0.546 	60.344133 	-10.506411 	-6.2306046
-0.54174174 	0.25 	0.546 	60.370348 	-10.510738 	-6.2250588
-0.54294294 	0.25 	0.546 	60.40269 	-10.513032 	-6.2183395
-0.54414414 	0.25 	0.546 	60.435032 	-10.515326 	-6.2116202
-0.54534535 	0.25 	0.546 	60.467374 	-10.51762 	-6.2049009
-0.54654655 	0.25 	0.546 	60.499716 	-10.519914 	-6.1981816
-0.54774775 	0.25 	0.546 	60.532036 	-10.522208 	-6.191466
-0.54894895 	0.25 	0.546 	60.55615 	-10.524471 	-6.1861562
-0.55015015 	0.25 	0.546 	60.580265 	-10.526735 	-6.1808464
-0.55135135 	0.25 	0.546 	60.603106 	-10.530011 	-6.1757157
-0.55255255 	0.25 	0.546 	60.622352 	-10.53615 	-6.1710915
-0.55375375 	0.25 	0.546 	60.641599 	-10.542288 	-6.1664672
-0.55495495 	0.25 	0.546 	60.660845 	-10.548427 	-6.1618429
-0.55615616 	0.25 	0.546 	60.680091 	-10.554565 	-6.1572186
-0.55735736 	0.25 	0.546 	60.699338 	-10.560704 	-6.1525943
-0.55855856 	0.25 	0.546 	60.718584 	-10.566842 	-6.14797
-0.55975976 	0.25 	0.546 	60.73783 	-10.572981 	-6.1433457
-0.56096096 	0.25 	0.546 	60.757077 	-10.579119 	-6.1387214
-0.56216216 	0.25 	0.546 	60.776323 	-10.585258 	-6.1340971
-0.56336336 	0.25 	0.546 	60.795569 	-10.591396 	-6.1294728
-0.56456456 	0.25 	0.546 	60.814816 	-10.597535 	-6.1248485
-0.56576577 	0.25 	0.546 	60.834062 	-10.603673 	-6.1202243
-0.56696697 	0.25 	0.546 	60.854326 	-10.608125 	-6.1151215
-0.56816817 	0.25 	0.546 	60.876121 	-10.610037 	-6.109298
-0.56936937 	0.25 	0.546 	60.897916 	-10.611949 	-6.1034745
-0.57057057 	0.25 	0.546 	60.919712 	-10.61386 	-6.097651
-0.57177177 	0.25 	0.546 	60.941507 	-10.615772 	-6.0918275
-0.57297297 	0.25 	0.546 	60.963303 	-10.617683 	-6.086004
-0.57417417 	0.25 	0.546 	60.985098 	-10.619595 	-6.0801805
-0.57537538 	0.25 	0.546 	61.005129 	-10.622944 	-6.0746764
-0.57657658 	0.25 	0.546 	61.022115 	-10.628773 	-6.0697233
-0.57777778 	0.25 	0.546 	61.039102 	-10.634601 	-6.0647702
-0.57897898 	0.25 	0.546 	61.059976 	-10.640784 	-6.0594054
-0.58018018 	0.25 	0.546 	61.08318 	-10.647179 	-6.0537939
-0.58138138 	0.25 	0.546 	61.106384 	-10.653573 	-6.0481823
-0.58258258 	0.25 	0.546 	61.126074 	-10.656216 	-6.0424207
-0.58378378 	0.25 	0.546 	61.1453 	-10.658365 	-6.0366392
-0.58498498 	0.25 	0.546 	61.164526 	-10.660513 	-6.0308577
-0.58618619 	0.25 	0.546 	61.183753 	-10.662661 	-6.0250762
-0.58738739 	0.25 	0.546 	61.202979 	-10.664809 	-6.0192947
-0.58858859 	0.25 	0.546 	61.222205 	-10.666957 	-6.0135133
-0.58978979 	0.25 	0.546 	61.241432 	-10.669105 	-6.0077318
-0.59099099 	0.25 	0.546 	61.262576 	-10.671973 	-6.0016629
-0.59219219 	0.25 	0.546 	61.284409 	-10.6751 	-5.9954908
-0.59339339 	0.25 	0.546 	61.306242 	-10.678226 	-5.9893188
-0.59459459 	0.25 	0.546 	61.328075 	-10.681353 	-5.9831468
-0.5957958 	0.25 	0.546 	61.349908 	-10.684479 	-5.9769748
-0.596997 	0.25 	0.546 	61.371741 	-10.687605 	-5.9708027
-0.5981982 	0.25 	0.546 	61.393574 	-10.690732 	-5.9646307
-0.5993994 	0.25 	0.546 	61.415407 	-10.693858 	-5.9584587
-0.6006006 	0.25 	0.546 	61.43724 	-10.696985 	-5.9522867
-0.6018018 	0.25 	0.546 	61.459073 	-10.700111 	-5.9461146
-0.603003 	0.25 	0.546 	61.480906 	-10.703237 	-5.9399426
-0.6042042 	0.25 	0.546 	61.502739 	-10.706364 	-5.9337706
-0.60540541 	0.25 	0.546 	61.524572 	-10.70949 	-5.9275986
-0.60660661 	0.25 	0.546 	61.542831 	-10.708522 	-5.9216113
-0.60780781 	0.25 	0.546 	61.561039 	-10.707498 	-5.9156267
-0.60900901 	0.25 	0.546 	61.581137 	-10.706397 	-5.9094342
-0.61021021 	0.25 	0.546 	61.60707 	-10.705062 	-5.9025998
-0.61141141 	0.25 	0.546 	61.633003 	-10.703728 	-5.8957655
-0.61261261 	0.25 	0.546 	61.657795 	-10.701859 	-5.8888537
-0.61381381 	0.25 	0.546 	61.681457 	-10.699461 	-5.8818654
-0.61501502 	0.25 	0.546 	61.705118 	-10.697063 	-5.874877
-0.61621622 	0.25 	0.546 	61.72878 	-10.694666 	-5.8678886
-0.61741742 	0.25 	0.546 	61.752441 	-10.692268 	-5.8609002
-0.61861862 	0.25 	0.546 	61.776103 	-10.68987 	-5.8539118
-0.61981982 	0.25 	0.546 	61.799764 	-10.687472 	-5.8469234
-0.62102102 	0.25 	0.546 	61.823426 	-10.685074 	-5.839935
-0.62222222 	0.25 	0.546 	61.847087 	-10.682676 	-5.8329466
-0.62342342 	0.25 	0.546 	61.870749 	-10.680279 	-5.8259582
-0.62462462 	0.25 	0.546 	61.894411 	-10.677881 	-5.8189699
-0.62582583 	0.25 	0.546 	61.918072 	-10.675483 	-5.8119815
-0.62702703 	0.25 	0.546 	61.941734 	-10.673085 	-5.8049931
-0.62822823 	0.25 	0.546 	61.961727 	-10.67292 	-5.7986724
-0.62942943 	0.25 	0.546 	61.981476 	-10.672905 	-5.7923963
-0.63063063 	0.25 	0.546 	62.001225 	-10.672889 	-5.7861202
-0.63183183 	0.25 	0.546 	62.020973 	-10.672873 	-5.7798441
-0.63303303 	0.25 	0.546 	62.040722 	-10.672857 	-5.773568
-0.63423423 	0.25 	0.546 	62.060471 	-10.672841 	-5.7672919
-0.63543544 	0.25 	0.546 	62.08022 	-10.672825 	-5.7610158
-0.63663664 	0.25 	0.546 	62.098819 	-10.672216 	-5.7548756
-0.63783784 	0.25 	0.546 	62.116659 	-10.671215 	-5.7488252
-0.63903904 	0.25 	0.546 	62.134498 	-10.670213 	-5.7427749
-0.64024024 	0.25 	0.546 	62.158251 	-10.670706 	-5.7361913
-0.64144144 	0.25 	0.546 	62.182967 	-10.671442 	-5.7295208
-0.64264264 	0.25 	0.546 	62.207104 	-10.672075 	-5.7228567
-0.64384384 	0.25 	0.546 	62.226902 	-10.671939 	-5.7162403
-0.64504505 	0.25 	0.546 	62.246701 	-10.671804 	-5.7096239
-0.64624625 	0.25 	0.546 	62.2665 	-10.671668 	-5.7030075
-0.64744745 	0.25 	0.546 	62.286298 	-10.671532 	-5.696391
-0.64864865 	0.25 	0.546 	62.306097 	-10.671396 	-5.6897746
-0.64984985 	0.25 	0.546 	62.325895 	-10.671261 	-5.6831582
-0.65105105 	0.25 	0.546 	62.345694 	-10.671125 	-5.6765418
-0.65225225 	0.25 	0.546 	62.367709 	-10.670534 	-5.6696379
-0.65345345 	0.25 	0.546 	62.390846 	-10.669714 	-5.6625885
-0.65465465 	0.25 	0.546 	62.413984 	-10.668893 	-5.6555391
-0.65585586 	0.25 	0.546 	62.437121 	-10.668072 	-5.6484897
-0.65705706 	0.25 	0.546 	62.460258 	-10.667252 	-5.6414403
-0.65825826 	0.25 	0.546 	62.483395 	-10.666431 	-5.6343909
-0.65945946 	0.25 	0.546 	62.506532 	-10.66561 	-5.6273415
-0.66066066 	0.25 	0.546 	62.529669 	-10.66479 	-5.6202921
-0.66186186 	0.25 	0.546 	62.552807 	-10.663969 	-5.6132427
-0.66306306 	0.25 	0.546 	62.575944 	-10.663148 	-5.6061933
-0.66426426 	0.25 	0.546 	62.599081 	-10.662328 	-5.5991439
-0.66546547 	0.25 	0.546 	62.622218 	-10.661507 	-5.5920945
-0.66666667 	0.25 	0.546 	62.64447 	-10.66054 	-5.585181
-0.66786787 	0.25 	0.546 	62.663559 	-10.659052 	-5.5787532
-0.66906907 	0.25 	0.546 	62.682647 	-10.657564 	-5.5723255
-0.67027027 	0.25 	0.546 	62.704499 	-10.656772 	-5.5654205
-0.67147147 	0.25 	0.546 	62.729383 	-10.656746 	-5.5579918
-0.67267267 	0.25 	0.546 	62.754266 	-10.65672 	-5.5505631
-0.67387387 	0.25 	0.546 	62.777914 	-10.65632 	-5.5430057
-0.67507508 	0.25 	0.546 	62.801117 	-10.655784 	-5.535402
-0.67627628 	0.25 	0.546 	62.82432 	-10.655248 	-5.5277982
-0.67747748 	0.25 	0.546 	62.847523 	-10.654712 	-5.5201945
-0.67867868 	0.25 	0.546 	62.870727 	-10.654176 	-5.5125907
-0.67987988 	0.25 	0.546 	62.89393 	-10.65364 	-5.5049869
-0.68108108 	0.25 	0.546 	62.917133 	-10.653104 	-5.4973832
-0.68228228 	0.25 	0.546 	62.940336 	-10.652568 	-5.4897794
-0.68348348 	0.25 	0.546 	62.963539 	-10.652032 	-5.4821757
-0.68468468 	0.25 	0.546 	62.986742 	-10.651496 	-5.4745719
-0.68588589 	0.25 	0.546 	63.009945 	-10.65096 	-5.4669681
-0.68708709 	0.25 	0.546 	63.033148 	-10.650424 	-5.4593644
-0.68828829 	0.25 	0.546 	63.056396 	-10.649344 	-5.4517829
-0.68948949 	0.25 	0.546 	63.0797 	-10.647568 	-5.4442297
-0.69069069 	0.25 	0.546 	63.103004 	-10.645793 	-5.4366766
-0.69189189 	0.25 	0.546 	63.126308 	-10.644018 	-5.4291235
-0.69309309 	0.25 	0.546 	63.149612 	-10.642242 	-5.4215704
-0.69429429 	0.25 	0.546 	63.172917 	-10.640467 	-5.4140172
-0.6954955 	0.25 	0.546 	63.196221 	-10.638691 	-5.4064641
-0.6966967 	0.25 	0.546 	63.219525 	-10.636916 	-5.398911
-0.6978979 	0.25 	0.546 	63.24133 	-10.634605 	-5.3914626
-0.6990991 	0.25 	0.546 	63.262838 	-10.632188 	-5.3840351
-0.7003003 	0.25 	0.546 	63.284232 	-10.630398 	-5.3766165
-0.7015015 	0.25 	0.546 	63.304498 	-10.634806 	-5.3692872
-0.7027027 	0.25 	0.546 	63.324764 	-10.639214 	-5.3619579
-0.7039039 	0.25 	0.546 	63.345533 	-10.641455 	-5.3542305
-0.70510511 	0.25 	0.546 	63.367244 	-10.639641 	-5.3457579
-0.70630631 	0.25 	0.546 	63.388955 	-10.637827 	-5.3372854
-0.70750751 	0.25 	0.546 	63.410666 	-10.636013 	-5.3288128
-0.70870871 	0.25 	0.546 	63.432377 	-10.634199 	-5.3203403
-0.70990991 	0.25 	0.546 	63.454088 	-10.632385 	-5.3118677
-0.71111111 	0.25 	0.546 	63.475799 	-10.630571 	-5.3033952
-0.71231231 	0.25 	0.546 	63.49751 	-10.628757 	-5.2949226
-0.71351351 	0.25 	0.546 	63.519664 	-10.626611 	-5.2866845
-0.71471471 	0.25 	0.546 	63.542071 	-10.624276 	-5.2785804
-0.71591592 	0.25 	0.546 	63.564479 	-10.62194 	-5.2704762
-0.71711712 	0.25 	0.546 	63.586886 	-10.619605 	-5.2623721
-0.71831832 	0.25 	0.546 	63.609293 	-10.617269 	-5.254268
-0.71951952 	0.25 	0.546 	63.6317 	-10.614934 	-5.2461638
-0.72072072 	0.25 	0.546 	63.654107 	-10.612598 	-5.2380597
-0.72192192 	0.25 	0.546 	63.676514 	-10.610263 	-5.2299556
-0.72312312 	0.25 	0.546 	63.698921 	-10.607927 	-5.2218515
-0.72432432 	0.25 	0.546 	63.721328 	-10.605592 	-5.2137473
-0.72552553 	0.25 	0.546 	63.743735 	-10.603257 	-5.2056432
-0.72672673 	0.25 	0.546 	63.766142 	-10.600921 	-5.1975391
-0.72792793 	0.25 	0.546 	63.78944 	-10.59588 	-5.1891444
-0.72912913 	0.25 	0.546 	63.813884 	-10.587355 	-5.1803756
-0.73033033 	0.25 	0.546 	63.838329 	-10.578831 	-5.1716068
-0.73153153 	0.25 	0.546 	63.857432 	-10.574871 	-5.1639729
-0.73273273 	0.25 	0.546 	63.874175 	-10.572927 	-5.1568403
-0.73393393 	0.25 	0.546 	63.890919 	-10.570984 	-5.1497076
-0.73513514 	0.25 	0.546 	63.917252 	-10.564489 	-5.140777
-0.73633634 	0.25 	0.546 	63.944078 	-10.557759 	-5.131754
-0.73753754 	0.25 	0.546 	63.970904 	-10.55103 	-5.1227309
-0.73873874 	0.25 	0.546 	63.99773 	-10.544301 	-5.1137079
-0.73993994 	0.25 	0.546 	64.024556 	-10.537571 	-5.1046849
-0.74114114 	0.25 	0.546 	64.051382 	-10.530842 	-5.0956618
-0.74234234 	0.25 	0.546 	64.078208 	-10.524113 	-5.0866388
-0.74354354 	0.25 	0.546 	64.105035 	-10.517384 	-5.0776158
-0.74474474 	0.25 	0.546 	64.131861 	-10.510654 	-5.0685927
-0.74594595 	0.25 	0.546 	64.158687 	-10.503925 	-5.0595697
-0.74714715 	0.25 	0.546 	64.185513 	-10.497196 	-5.0505467
-0.74834835 	0.25 	0.546 	64.212339 	-10.490466 	-5.0415237
-0.74954955 	0.25 	0.546 	64.237072 	-10.480724 	-5.0305526
-0.75075075 	0.25 	0.546 	64.261588 	-10.470671 	-5.01938
-0.75195195 	0.25 	0.546 	64.286104 	-10.460617 	-5.0082075
-0.75315315 	0.25 	0.546 	64.31062 	-10.450563 	-4.9970349
-0.75435435 	0.25 	0.546 	64.335136 	-10.44051 	-4.9858623
-0.75555556 	0.25 	0.546 	64.359652 	-10.430456 	-4.9746897
-0.75675676 	0.25 	0.546 	64.384168 	-10.420402 	-4.9635171
-0.75795796 	0.25 	0.546 	64.409165 	-10.410136 	-4.9522909
-0.75915916 	0.25 	0.546 	64.444048 	-10.395494 	-4.9399663
-0.76036036 	0.25 	0.546 	64.478931 	-10.380852 	-4.9276416
-0.76156156 	0.25 	0.546 	64.516842 	-10.367422 	-4.915537
-0.76276276 	0.25 	0.546 	64.561715 	-10.356775 	-4.9039378
-0.76396396 	0.25 	0.546 	64.58389 	-10.352362 	-4.8945917
-0.76516517 	0.25 	0.546 	64.604404 	-10.348404 	-4.8854104
-0.76636637 	0.25 	0.546 	64.624917 	-10.344447 	-4.8762291
-0.76756757 	0.25 	0.546 	64.645431 	-10.34049 	-4.8670478
-0.76876877 	0.25 	0.546 	64.665945 	-10.336533 	-4.8578665
-0.76996997 	0.25 	0.546 	64.686459 	-10.332575 	-4.8486852
-0.77117117 	0.25 	0.546 	64.706972 	-10.328618 	-4.839504
-0.77237237 	0.25 	0.546 	64.727486 	-10.324661 	-4.8303227
-0.77357357 	0.25 	0.546 	64.748 	-10.320704 	-4.8211414
-0.77477477 	0.25 	0.546 	64.772917 	-10.317042 	-4.8112773
-0.77597598 	0.25 	0.546 	64.777322 	-10.320074 	-4.8038104
-0.77717718 	0.25 	0.546 	64.794096 	-10.329072 	-4.7956309
-0.77837838 	0.25 	0.546 	64.818807 	-10.335837 	-4.7865026
-0.77957958 	0.25 	0.546 	64.838342 	-10.324274 	-4.7760446
-0.78078078 	0.25 	0.546 	64.855609 	-10.313908 	-4.7656688
-0.78198198 	0.25 	0.546 	64.872877 	-10.303543 	-4.7552929
-0.78318318 	0.25 	0.546 	64.890145 	-10.293177 	-4.744917
-0.78438438 	0.25 	0.546 	64.907413 	-10.282812 	-4.7345411
-0.78558559 	0.25 	0.546 	64.924681 	-10.272447 	-4.7241652
-0.78678679 	0.25 	0.546 	64.941949 	-10.262081 	-4.7137894
-0.78798799 	0.25 	0.546 	64.959216 	-10.251716 	-4.7034135
-0.78918919 	0.25 	0.546 	64.976484 	-10.241351 	-4.6930376
-0.79039039 	0.25 	0.546 	64.993183 	-10.223873 	-4.6823188
-0.79159159 	0.25 	0.546 	65.008363 	-10.187411 	-4.6706848
-0.79279279 	0.25 	0.546 	65.034549 	-10.16308 	-4.6579587
-0.79399399 	0.25 	0.546 	65.057704 	-10.14326 	-4.6460292
-0.7951952 	0.25 	0.546 	65.077066 	-10.126279 	-4.6349196
-0.7963964 	0.25 	0.546 	65.096427 	-10.109298 	-4.6238101
-0.7975976 	0.25 	0.546 	65.115789 	-10.092317 	-4.6127006
-0.7987988 	0.25 	0.546 	65.13515 	-10.075337 	-4.601591
-0.8 	0.25 	0.546 	65.154512 	-10.058356 	-4.5904815
-0.8012012 	0.25 	0.546 	65.173873 	-10.041375 	-4.579372
-0.8024024 	0.25 	0.546 	65.193235 	-10.024394 	-4.5682625
-0.8036036 	0.25 	0.546 	65.212597 	-10.007414 	-4.5571529
-0.8048048 	0.25 	0.546 	65.233015 	-9.990595 	-4.5458623
-0.80600601 	0.25 	0.546 	65.253474 	-9.9778282 	-4.5351838
-0.80720721 	0.25 	0.546 	65.272183 	-9.9676906 	-4.525307
-0.80840841 	0.25 	0.546 	65.297415 	-9.9578001 	-4.5144361
-0.80960961 	0.25 	0.546 	65.319779 	-9.9453783 	-4.5035906
-0.81081081 	0.25 	0.546 	65.339134 	-9.9325866 	-4.492873
-0.81201201 	0.25 	0.546 	65.358488 	-9.919795 	-4.4821555
-0.81321321 	0.25 	0.546 	65.377843 	-9.9070034 	-4.471438
-0.81441441 	0.25 	0.546 	65.397197 	-9.8942118 	-4.4607204
-0.81561562 	0.25 	0.546 	65.416552 	-9.8814202 	-4.4500029
-0.81681682 	0.25 	0.546 	65.435906 	-9.8686285 	-4.4392854
-0.81801802 	0.25 	0.546 	65.455261 	-9.8558369 	-4.4285678
-0.81921922 	0.25 	0.546 	65.474615 	-9.8430453 	-4.4178503
-0.82042042 	0.25 	0.546 	65.49397 	-9.8302537 	-4.4071328
-0.82162162 	0.25 	0.546 	65.511252 	-9.8147332 	-4.3969741
-0.82282282 	0.25 	0.546 	65.532092 	-9.7976889 	-4.3861786
-0.82402402 	0.25 	0.546 	65.556287 	-9.7800515 	-4.3746759
-0.82522523 	0.25 	0.546 	65.574924 	-9.7665628 	-4.3635919
-0.82642643 	0.25 	0.546 	65.593561 	-9.7530741 	-4.3525079
-0.82762763 	0.25 	0.546 	65.612199 	-9.7395855 	-4.3414239
-0.82882883 	0.25 	0.546 	65.630836 	-9.7260968 	-4.3303399
-0.83003003 	0.25 	0.546 	65.649474 	-9.7126081 	-4.3192559
-0.83123123 	0.25 	0.546 	65.668111 	-9.6991194 	-4.3081719
-0.83243243 	0.25 	0.546 	65.686748 	-9.6856307 	-4.2970879
-0.83363363 	0.25 	0.546 	65.705386 	-9.6721421 	-4.2860038
-0.83483483 	0.25 	0.546 	65.724023 	-9.6586534 	-4.2749198
-0.83603604 	0.25 	0.546 	65.744292 	-9.6447755 	-4.2637849
-0.83723724 	0.25 	0.546 	65.760156 	-9.6346195 	-4.2535739
-0.83843844 	0.25 	0.546 	65.78218 	-9.6194724 	-4.2420264
-0.83963964 	0.25 	0.546 	65.805102 	-9.6024629 	-4.2301592
-0.84084084 	0.25 	0.546 	65.824429 	-9.5859205 	-4.2186784
-0.84204204 	0.25 	0.546 	65.84301 	-9.5697329 	-4.2072924
-0.84324324 	0.25 	0.546 	65.861591 	-9.5535452 	-4.1959063
-0.84444444 	0.25 	0.546 	65.880172 	-9.5373576 	-4.1845203
-0.84564565 	0.25 	0.546 	65.898754 	-9.52117 	-4.1731343
-0.84684685 	0.25 	0.546 	65.917335 	-9.5049824 	-4.1617483
-0.84804805 	0.25 	0.546 	65.935916 	-9.4887948 	-4.1503623
-0.84924925 	0.25 	0.546 	65.954497 	-9.4726072 	-4.1389762
-0.85045045 	0.25 	0.546 	65.973078 	-9.4564195 	-4.1275902
-0.85165165 	0.25 	0.546 	65.991178 	-9.4397883 	-4.1166731
-0.85285285 	0.25 	0.546 	66.009104 	-9.4220221 	-4.1061805
-0.85405405 	0.25 	0.546 	66.032603 	-9.3967293 	-4.0935678
-0.85525526 	0.25 	0.546 	66.052856 	-9.3755318 	-4.0816311
-0.85645646 	0.25 	0.546 	66.071707 	-9.3561026 	-4.0699863
-0.85765766 	0.25 	0.546 	66.090559 	-9.3366734 	-4.0583415
-0.85885886 	0.25 	0.546 	66.10941 	-9.3172442 	-4.0466968
-0.86006006 	0.25 	0.546 	66.128261 	-9.297815 	-4.035052
-0.86126126 	0.25 	0.546 	66.147112 	-9.2783858 	-4.0234072
-0.86246246 	0.25 	0.546 	66.165963 	-9.2589566 	-4.0117625
-0.86366366 	0.25 	0.546 	66.184815 	-9.2395275 	-4.0001177
-0.86486486 	0.25 	0.546 	66.203666 	-9.2200983 	-3.9884729
-0.86606607 	0.25 	0.546 	66.223678 	-9.2006821 	-3.9766403
-0.86726727 	0.25 	0.546 	66.242496 	-9.1856035 	-3.965757
-0.86846847 	0.25 	0.546 	66.261803 	-9.1705069 	-3.9544545
-0.86966967 	0.25 	0.546 	66.283961 	-9.1526713 	-3.9416208
-0.87087087 	0.25 	0.546 	66.306815 	-9.1314272 	-3.9292534
-0.87207207 	0.25 	0.546 	66.332053 	-9.109124 	-3.9170046
-0.87327327 	0.25 	0.546 	66.357291 	-9.0868208 	-3.9047557
-0.87447447 	0.25 	0.546 	66.382528 	-9.0645176 	-3.8925069
-0.87567568 	0.25 	0.546 	66.407766 	-9.0422144 	-3.880258
-0.87687688 	0.25 	0.546 	66.433004 	-9.0199112 	-3.8680092
-0.87807808 	0.25 	0.546 	66.458241 	-8.9976081 	-3.8557604
-0.87927928 	0.25 	0.546 	66.483479 	-8.9753049 	-3.8435115
-0.88048048 	0.25 	0.546 	66.508717 	-8.9530017 	-3.8312627
-0.88168168 	0.25 	0.546 	66.533927 	-8.930626 	-3.8190388
-0.88288288 	0.25 	0.546 	66.558139 	-8.9055518 	-3.8077461
-0.88408408 	0.25 	0.546 	66.576026 	-8.884393 	-3.7956593
-0.88528529 	0.25 	0.546 	66.59286 	-8.8640732 	-3.7826756
-0.88648649 	0.25 	0.546 	66.615597 	-8.840577 	-3.7684788
-0.88768769 	0.25 	0.546 	66.638333 	-8.8170808 	-3.754282
-0.88888889 	0.25 	0.546 	66.661069 	-8.7935846 	-3.7400851
-0.89009009 	0.25 	0.546 	66.683805 	-8.7700884 	-3.7258883
-0.89129129 	0.25 	0.546 	66.710052 	-8.7438398 	-3.7122977
-0.89249249 	0.25 	0.546 	66.73918 	-8.7153326 	-3.6992046
-0.89369369 	0.25 	0.546 	66.768308 	-8.6868255 	-3.6861115
-0.89489489 	0.25 	0.546 	66.797436 	-8.6583184 	-3.6730185
-0.8960961 	0.25 	0.546 	66.826564 	-8.6298112 	-3.6599254
-0.8972973 	0.25 	0.546 	66.854753 	-8.6006659 	-3.6470738
-0.8984985 	0.25 	0.546 	66.889371 	-8.5673559 	-3.6341425
-0.8996997 	0.25 	0.546 	66.900092 	-8.5463627 	-3.6228891
-0.9009009 	0.25 	0.546 	66.914695 	-8.52171 	-3.6109072
-0.9021021 	0.25 	0.546 	66.922417 	-8.4952365 	-3.5985431
-0.9033033 	0.25 	0.546 	66.930139 	-8.4687629 	-3.5861791
-0.9045045 	0.25 	0.546 	66.93786 	-8.4422894 	-3.573815
-0.90570571 	0.25 	0.546 	66.945582 	-8.4158158 	-3.5614509
-0.90690691 	0.25 	0.546 	66.963186 	-8.3867824 	-3.548567
-0.90810811 	0.25 	0.546 	66.993874 	-8.3543595 	-3.5349948
-0.90930931 	0.25 	0.546 	67.024562 	-8.3219367 	-3.5214225
-0.91051051 	0.25 	0.546 	67.05525 	-8.2895138 	-3.5078503
-0.91171171 	0.25 	0.546 	67.085938 	-8.2570909 	-3.494278
-0.91291291 	0.25 	0.546 	67.118768 	-8.2214132 	-3.4806434
-0.91411411 	0.25 	0.546 	67.147446 	-8.186344 	-3.4675954
-0.91531532 	0.25 	0.546 	67.158674 	-8.1597144 	-3.4565329
-0.91651652 	0.25 	0.546 	67.165463 	-8.129822 	-3.44359
-0.91771772 	0.25 	0.546 	67.171554 	-8.0994176 	-3.430352
-0.91891892 	0.25 	0.546 	67.177646 	-8.0690133 	-3.4171141
-0.92012012 	0.25 	0.546 	67.183738 	-8.038609 	-3.4038761
-0.92132132 	0.25 	0.546 	67.190121 	-8.0080742 	-3.3906194
-0.92252252 	0.25 	0.546 	67.210947 	-7.9710801 	-3.3764311
-0.92372372 	0.25 	0.546 	67.231773 	-7.9340859 	-3.3622429
-0.92492492 	0.25 	0.546 	67.252599 	-7.8970917 	-3.3480546
-0.92612613 	0.25 	0.546 	67.273426 	-7.8600976 	-3.3338664
-0.92732733 	0.25 	0.546 	67.29627 	-7.8224066 	-3.3194191
-0.92852853 	0.25 	0.546 	67.331398 	-7.7749675 	-3.3022779
-0.92972973 	0.25 	0.546 	67.356012 	-7.7222738 	-3.2840565
-0.93093093 	0.25 	0.546 	67.377677 	-7.6863028 	-3.268627
-0.93213213 	0.25 	0.546 	67.393037 	-7.642017 	-3.2517561
-0.93333333 	0.25 	0.546 	67.407444 	-7.5961874 	-3.2346171
-0.93453453 	0.25 	0.546 	67.42185 	-7.5503578 	-3.2174782
-0.93573574 	0.25 	0.546 	67.436256 	-7.5045282 	-3.2003393
-0.93693694 	0.25 	0.546 	67.456854 	-7.4772961 	-3.1869923
-0.93813814 	0.25 	0.546 	67.47469 	-7.4401427 	-3.1717893
-0.93933934 	0.25 	0.546 	67.496569 	-7.4020331 	-3.1573302
-0.94054054 	0.25 	0.546 	67.518448 	-7.3639234 	-3.1428712
-0.94174174 	0.25 	0.546 	67.540327 	-7.3258138 	-3.1284121
-0.94294294 	0.25 	0.546 	67.56127 	-7.2872081 	-3.1138918
-0.94414414 	0.25 	0.546 	67.583854 	-7.2464509 	-3.1003307
-0.94534535 	0.25 	0.546 	67.603513 	-7.1960585 	-3.0845061
-0.94654655 	0.25 	0.546 	67.626218 	-7.1566943 	-3.0696088
-0.94774775 	0.25 	0.546 	67.651553 	-7.1166689 	-3.0550681
-0.94894895 	0.25 	0.546 	67.676888 	-7.0766435 	-3.0405273
-0.95015015 	0.25 	0.546 	67.702222 	-7.0366182 	-3.0259865
-0.95135135 	0.25 	0.546 	67.728198 	-6.9987438 	-3.0118471
-0.95255255 	0.25 	0.546 	67.752635 	-6.9727944 	-2.9977442
-0.95375375 	0.25 	0.546 	67.779418 	-6.933809 	-2.9825705
-0.95495495 	0.25 	0.546 	67.809057 	-6.8914521 	-2.9680202
-0.95615616 	0.25 	0.546 	67.838697 	-6.8490952 	-2.9534699
-0.95735736 	0.25 	0.546 	67.868336 	-6.8067383 	-2.9389196
-0.95855856 	0.25 	0.546 	67.894985 	-6.7655852 	-2.923952
-0.95975976 	0.25 	0.546 	67.926742 	-6.7156548 	-2.9105984
-0.96096096 	0.25 	0.546 	67.954573 	-6.6688304 	-2.8935161
-0.96216216 	0.25 	0.546 	67.990268 	-6.6171247 	-2.8785795
-0.96336336 	0.25 	0.546 	68.027633 	-6.565622 	-2.86397
-0.96456456 	0.25 	0.546 	68.064998 	-6.5141194 	-2.8493605
-0.96576577 	0.25 	0.546 	68.102364 	-6.4626168 	-2.8347511
-0.96696697 	0.25 	0.546 	68.141829 	-6.4071126 	-2.8213486
-0.96816817 	0.25 	0.546 	68.178717 	-6.365314 	-2.8056274
-0.96936937 	0.25 	0.546 	68.220258 	-6.3161466 	-2.79126
-0.97057057 	0.25 	0.546 	68.261799 	-6.2669792 	-2.7768927
-0.97177177 	0.25 	0.546 	68.30334 	-6.2178118 	-2.7625254
-0.97297297 	0.25 	0.546 	68.344881 	-6.1686445 	-2.7481581
-0.97417417 	0.25 	0.546 	68.380424 	-6.1176612 	-2.733185
-0.97537538 	0.25 	0.546 	68.417102 	-6.0556172 	-2.7198049
-0.97657658 	0.25 	0.546 	68.448866 	-6.0017474 	-2.7037519
-0.97777778 	0.25 	0.546 	68.486163 	-5.9545827 	-2.6895297
-0.97897898 	0.25 	0.546 	68.52407 	-5.9085279 	-2.6754965
-0.98018018 	0.25 	0.546 	68.561976 	-5.8624731 	-2.6614633
-0.98138138 	0.25 	0.546 	68.599882 	-5.8164184 	-2.6474301
-0.98258258 	0.25 	0.546 	68.6427 	-5.7715602 	-2.6357486
-0.98378378 	0.25 	0.546 	68.677338 	-5.7089155 	-2.6188519
-0.98498498 	0.25 	0.546 	68.719754 	-5.6600309 	-2.6045158
-0.98618619 	0.25 	0.546 	68.76217 	-5.6111463 	-2.5901796
-0.98738739 	0.25 	0.546 	68.804586 	-5.5622617 	-2.5758434
-0.98858859 	0.25 	0.546 	68.847002 	-5.5133771 	-2.5615072
-0.98978979 	0.25 	0.546 	68.891742 	-5.4692478 	-2.5481819
-0.99099099 	0.25 	0.546 	68.937575 	-5.3983549 	-2.532353
-0.99219219 	0.25 	0.546 	68.990036 	-5.3455191 	-2.5176761
-0.99339339 	0.25 	0.546 	69.042737 	-5.2936914 	-2.5030963
-0.99459459 	0.25 	0.546 	69.095439 	-5.2418638 	-2.4885166
-0.9957958 	0.25 	0.546 	69.14814 	-5.1900361 	-2.4739369
-0.996997 	0.25 	0.546 	69.200842 	-5.1382085 	-2.4593572
-0.9981982 	0.25 	0.546 	69.254636 	-5.0775623 	-2.4449667
-0.9993994 	0.25 	0.546 	69.310804 	-5.0112762 	-2.4299305
-1.0006006 	0.25 	0.546 	69.368152 	-4.9631317 	-2.4164397
-1.0018018 	0.25 	0.546 	69.425831 	-4.9201117 	-2.4033807
-1.003003 	0.25 	0.546 	69.48351 	-4.8770917 	-2.3903217
-1.0042042 	0.25 	0.546 	69.541189 	-4.8340717 	-2.3772626
-1.0054054 	0.25 	0.546 	69.589308 	-4.769481 	-2.3608447
-1.0066066 	0.25 	0.546 	69.639881 	-4.7437295 	-2.348575
-1.0078078 	0.25 	0.546 	69.682251 	-4.6632438 	-2.331182
-1.009009 	0.25 	0.546 	69.729298 	-4.6001155 	-2.3155413
-1.0102102 	0.25 	0.546 	69.81692 	-4.522457 	-2.2959828
-1.0114114 	0.25 	0.546 	69.916249 	-4.4406063 	-2.2752939
-1.0126126 	0.25 	0.546 	70.015577 	-4.3587556 	-2.2546051
-1.0138138 	0.25 	0.546 	70.094339 	-4.3057907 	-2.2391365
-1.015015 	0.25 	0.546 	70.142209 	-4.2446207 	-2.2248572
-1.0162162 	0.25 	0.546 	70.214547 	-4.1861423 	-2.2101398
-1.0174174 	0.25 	0.546 	70.286886 	-4.1276639 	-2.1954224
-1.0186186 	0.25 	0.546 	70.359224 	-4.0691854 	-2.1807049
-1.0198198 	0.25 	0.546 	70.436417 	-4.0112259 	-2.165946
-1.021021 	0.25 	0.546 	70.525435 	-3.9520163 	-2.1507581
-1.0222222 	0.25 	0.546 	70.597992 	-3.8897298 	-2.1362644
-1.0234234 	0.25 	0.546 	70.688626 	-3.828393 	-2.1209457
-1.0246246 	0.25 	0.546 	70.784107 	-3.7710194 	-2.1060035
-1.0258258 	0.25 	0.546 	70.880838 	-3.7146689 	-2.0911583
-1.027027 	0.25 	0.546 	70.939757 	-3.6518657 	-2.0768525
-1.0282282 	0.25 	0.546 	70.796037 	-3.546843 	-2.0649237
-1.0294294 	0.25 	0.546 	70.988721 	-3.5033792 	-2.0493099
-1.0306306 	0.25 	0.546 	71.00872 	-3.4261433 	-2.0347948
-1.0318318 	0.25 	0.546 	71.028719 	-3.3489073 	-2.0202798
-1.033033 	0.25 	0.546 	71.048717 	-3.2716713 	-2.0057647
-1.0342342 	0.25 	0.546 	71.095424 	-3.1891689 	-1.9907668
-1.0354354 	0.25 	0.546 	71.090122 	-3.0914847 	-1.9762946
-1.0366366 	0.25 	0.546 	71.159103 	-3.0180062 	-1.9611816
-1.0378378 	0.25 	0.546 	71.24303 	-2.9420318 	-1.9450083
-1.039039 	0.25 	0.546 	71.284028 	-2.8557797 	-1.9291881
-1.0402402 	0.25 	0.546 	71.351001 	-2.7635372 	-1.9131283
-1.0414414 	0.25 	0.546 	71.428586 	-2.6688472 	-1.8969705
-1.0426426 	0.25 	0.546 	71.400519 	-2.5486893 	-1.8820322
-1.0438438 	0.25 	0.546 	71.483323 	-2.4990247 	-1.8703896
-1.045045 	0.25 	0.546 	71.570836 	-2.4289403 	-1.8563872
-1.0462462 	0.25 	0.546 	71.59771 	-2.3292879 	-1.8415592
-1.0474474 	0.25 	0.546 	71.66768 	-2.2480759 	-1.8281555
-1.0486486 	0.25 	0.546 	71.737649 	-2.1668638 	-1.8147519
-1.0498498 	0.25 	0.546 	71.807619 	-2.0856518 	-1.8013482
-1.0510511 	0.25 	0.546 	71.877589 	-2.0044398 	-1.7879446
-1.0522523 	0.25 	0.546 	71.938451 	-1.9187625 	-1.7744738
-1.0534535 	0.25 	0.546 	71.845473 	-1.7446308 	-1.7581463
-1.0546547 	0.25 	0.546 	72.133257 	-1.680495 	-1.7347186
-1.0558559 	0.25 	0.546 	72.240838 	-1.5473667 	-1.7131908
-1.0570571 	0.25 	0.546 	72.315515 	-1.4022434 	-1.6918997
-1.0582583 	0.25 	0.546 	72.390191 	-1.25712 	-1.6706086
-1.0594595 	0.25 	0.546 	72.420449 	-1.0958043 	-1.6496371
-1.0606607 	0.25 	0.546 	72.514143 	-0.99716593 	-1.6349055
-1.0618619 	0.25 	0.546 	72.58011 	-0.8733557 	-1.6187472
-1.0630631 	0.25 	0.546 	72.646078 	-0.74954548 	-1.6025889
-1.0642643 	0.25 	0.546 	72.707629 	-0.62534145 	-1.586561
-1.0654655 	0.25 	0.546 	72.764928 	-0.5007583 	-1.5706587
-1.0666667 	0.25 	0.546 	72.802047 	-0.3970779 	-1.5547803
-1.0678679 	0.25 	0.546 	72.917758 	-0.23664095 	-1.5380825
-1.0690691 	0.25 	0.546 	73.006159 	-0.10239925 	-1.5208087
-1.0702703 	0.25 	0.546 	73.094559 	0.031842458 	-1.5035349
-1.0714715 	0.25 	0.546 	73.18296 	0.16608416 	-1.4862612
-1.0726727 	0.25 	0.546 	73.271361 	0.30032587 	-1.4689874
-1.0738739 	0.25 	0.546 	73.343983 	0.41162156 	-1.451851
-1.0750751 	0.25 	0.546 	73.473017 	0.58741047 	-1.4339086
-1.0762763 	0.25 	0.546 	73.576589 	0.74212555 	-1.4156937
-1.0774775 	0.25 	0.546 	73.67589 	0.89140499 	-1.3973737
-1.0786787 	0.25 	0.546 	73.77519 	1.0406844 	-1.3790537
-1.0798799 	0.25 	0.546 	73.874491 	1.1899639 	-1.3607337
-1.0810811 	0.25 	0.546 	73.973791 	1.3392433 	-1.3424137
-1.0822823 	0.25 	0.546 	74.047261 	1.4315727 	-1.3241518
-1.0834835 	0.25 	0.546 	74.203575 	1.6523164 	-1.304468
-1.0846847 	0.25 	0.546 	74.318717 	1.7808058 	-1.2849459
-1.0858859 	0.25 	0.546 	74.433859 	1.9092952 	-1.2654239
-1.0870871 	0.25 	0.546 	74.549 	2.0377846 	-1.2459019
-1.0882883 	0.25 	0.546 	74.664118 	2.1663199 	-1.2263797
-1.0894895 	0.25 	0.546 	74.777418 	2.3003 	-1.2068966
-1.0906907 	0.25 	0.546 	74.907135 	2.4511959 	-1.1868335
-1.0918919 	0.25 	0.546 	75.036361 	2.601685 	-1.1663653
-1.0930931 	0.25 	0.546 	75.165586 	2.7521741 	-1.1458971
-1.0942943 	0.25 	0.546 	75.294811 	2.9026632 	-1.1254289
-1.0954955 	0.25 	0.546 	75.239587 	3.2246951 	-1.0989531
-1.0966967 	0.25 	0.546 	75.491431 	3.1437891 	-1.0908735
-1.0978979 	0.25 	0.546 	75.572194 	3.2754769 	-1.072974
-1.0990991 	0.25 	0.546 	75.654112 	3.4090703 	-1.0544546
-1.1003003 	0.25 	0.546 	75.736031 	3.5426637 	-1.0359351
-1.1015015 	0.25 	0.546 	75.817949 	3.6762571 	-1.0174156
-1.1027027 	0.25 	0.546 	75.899868 	3.8098504 	-0.99889616
-1.1039039 	0.25 	0.546 	75.981786 	3.9434438 	-0.98037669
-1.1051051 	0.25 	0.546 	76.000136 	4.1534255 	-0.95902415
-1.1063063 	0.25 	0.546 	76.104815 	4.2908812 	-0.93439509
-1.1075075 	0.25 	0.546 	76.265618 	4.3828495 	-0.91145098
-1.1087087 	0.25 	0.546 	76.335631 	4.5755784 	-0.88770056
-1.1099099 	0.25 	0.546 	76.415393 	4.7746089 	-0.86300924
-1.1111111 	0.25 	0.546 	76.509475 	4.9828959 	-0.8369358
-1.1123123 	0.25 	0.546 	76.548261 	5.2528651 	-0.81054542
-1.1135135 	0.25 	0.546 	76.597119 	5.4428444 	-0.78894437
-1.1147147 	0.25 	0.546 	76.693625 	5.5524597 	-0.76729967
-1.1159159 	0.25 	0.546 	76.73646 	5.7296658 	-0.74437463
-1.1171171 	0.25 	0.546 	76.779295 	5.9068719 	-0.72144959
-1.1183183 	0.25 	0.546 	76.82213 	6.0840779 	-0.69852455
-1.1195195 	0.25 	0.546 	76.754065 	6.4016825 	-0.67334091
-1.1207207 	0.25 	0.546 	76.68172 	6.7288235 	-0.64810196
-1.1219219 	0.25 	0.546 	76.636197 	7.0427934 	-0.6239077
-1.1231231 	0.25 	0.546 	76.590152 	7.3561781 	-0.59918197
-1.1243243 	0.25 	0.546 	76.57645 	7.6367787 	-0.57655711
-1.1255255 	0.25 	0.546 	76.580122 	7.8997682 	-0.55506081
-1.1267267 	0.25 	0.546 	76.590893 	8.1598722 	-0.53471813
-1.1279279 	0.25 	0.546 	76.713212 	8.3082889 	-0.52300007
-1.1291291 	0.25 	0.546 	76.60841 	8.6700509 	-0.49675997
-1.1303303 	0.25 	0.546 	76.610354 	8.9653747 	-0.47626375
-1.1315315 	0.25 	0.546 	76.577467 	9.335282 	-0.4506258
-1.1327327 	0.25 	0.546 	76.544581 	9.7051894 	-0.42498784
-1.1339339 	0.25 	0.546 	76.511694 	10.075097 	-0.39934989
-1.1351351 	0.25 	0.546 	76.595258 	10.289535 	-0.38520138
-1.1363363 	0.25 	0.546 	76.470063 	10.582502 	-0.36376939
-1.1375375 	0.25 	0.546 	76.367063 	10.934102 	-0.34249377
-1.1387387 	0.25 	0.546 	76.264062 	11.285702 	-0.32121815
-1.1399399 	0.25 	0.546 	76.161061 	11.637303 	-0.29994252
-1.1411411 	0.25 	0.546 	76.058061 	11.988903 	-0.2786669
-1.1423423 	0.25 	0.546 	76.029784 	12.31888 	-0.25997553
-1.1435435 	0.25 	0.546 	76.049876 	12.721488 	-0.24275101
-1.1447447 	0.25 	0.546 	76.046441 	13.086182 	-0.22773956
-1.1459459 	0.25 	0.546 	76.034733 	13.432966 	-0.2113954
-1.1471471 	0.25 	0.546 	76.014744 	13.767828 	-0.19589586
-1.1483483 	0.25 	0.546 	75.994754 	14.102691 	-0.18039631
-1.1495495 	0.25 	0.546 	75.974765 	14.437553 	-0.16489676
-1.1507508 	0.25 	0.546 	75.955237 	14.772969 	-0.14912061
-1.151952 	0.25 	0.546 	75.934301 	15.111707 	-0.13298833
-1.1531532 	0.25 	0.546 	75.894547 	15.486751 	-0.11706872
-1.1543544 	0.25 	0.546 	75.850183 	15.874268 	-0.10063847
-1.1555556 	0.25 	0.546 	75.805819 	16.261785 	-0.084208214
-1.1567568 	0.25 	0.546 	75.761455 	16.649302 	-0.06777796
-1.157958 	0.25 	0.546 	75.716439 	17.034747 	-0.051071194
-1.1591592 	0.25 	0.546 	75.65882 	17.4458 	-0.032872233
-1.1603604 	0.25 	0.546 	75.57791 	17.939645 	-0.01620477
-1.1615616 	0.25 	0.546 	75.443304 	18.416237 	0.0016744947
-1.1627628 	0.25 	0.546 	75.314283 	18.900969 	0.019224231
-1.163964 	0.25 	0.546 	75.185261 	19.3857 	0.036773968
-1.1651652 	0.25 	0.546 	75.056239 	19.870432 	0.054323705
-1.1663664 	0.25 	0.546 	74.918213 	20.350267 	0.072031232
-1.1675676 	0.25 	0.546 	74.711167 	20.807686 	0.090102995
-1.1687688 	0.25 	0.546 	74.47604 	21.298937 	0.10789418
-1.16997 	0.25 	0.546 	74.228062 	21.794694 	0.12609644
-1.1711712 	0.25 	0.546 	73.980084 	22.290452 	0.14429871
-1.1723724 	0.25 	0.546 	73.732106 	22.786209 	0.16250097
-1.1735736 	0.25 	0.546 	73.47221 	23.2468 	0.18107455
-1.1747748 	0.25 	0.546 	73.17963 	23.698459 	0.19994043
-1.175976 	0.25 	0.546 	72.864787 	24.173488 	0.2174604
-1.1771772 	0.25 	0.546 	72.475319 	24.658083 	0.2365069
-1.1783784 	0.25 	0.546 	72.090989 	25.155279 	0.25546859
-1.1795796 	0.25 	0.546 	71.707085 	25.653523 	0.27442323
-1.1807808 	0.25 	0.546 	71.323182 	26.151768 	0.29337786
-1.181982 	0.25 	0.546 	70.939278 	26.650012 	0.3123325
-1.1831832 	0.25 	0.546 	70.468354 	27.159228 	0.33197057
-1.1843844 	0.25 	0.546 	69.931227 	27.608858 	0.35074628
-1.1855856 	0.25 	0.546 	69.335989 	28.021074 	0.36995203
-1.1867868 	0.25 	0.546 	68.740752 	28.433289 	0.38915778
-1.187988 	0.25 	0.546 	68.181627 	28.841002 	0.40748455
-1.1891892 	0.25 	0.546 	67.747336 	29.233151 	0.42277293
-1.1903904 	0.25 	0.546 	67.237508 	29.583056 	0.4379785
-1.1915916 	0.25 	0.546 	66.775618 	29.796414 	0.44990391
-1.1927928 	0.25 	0.546 	66.197361 	29.906329 	0.46250723
-1.193994 	0.25 	0.546 	65.681518 	29.93927 	0.47359887
-1.1951952 	0.25 	0.546 	65.165675 	29.972211 	0.48469051
-1.1963964 	0.25 	0.546 	64.649831 	30.005152 	0.49578214
-1.1975976 	0.25 	0.546 	64.133988 	30.038093 	0.50687378
-1.1987988 	0.25 	0.546 	63.618145 	30.071033 	0.51796542
-1.2 	0.25 	0.546 	63.102302 	30.103974 	0.52905705
