0 	-0.05 	0.546 	50.739715 	-3.294022 	10.73642
-3.8116483e-21 	-0.0496997 	0.546 	50.72991 	-3.2956177 	10.735975
-6.3527471e-22 	-0.049399399 	0.546 	50.720105 	-3.2972135 	10.73553
4.0234065e-21 	-0.049099099 	0.546 	50.710299 	-3.2988092 	10.735085
4.2351647e-22 	-0.048798799 	0.546 	50.700494 	-3.300405 	10.73464
-6.3527471e-22 	-0.048498498 	0.546 	50.690689 	-3.3020007 	10.734195
-8.4703295e-22 	-0.048198198 	0.546 	50.680884 	-3.3035964 	10.733751
-3.1763736e-21 	-0.047897898 	0.546 	50.671079 	-3.3051922 	10.733306
-1.4823077e-21 	-0.047597598 	0.546 	50.661273 	-3.3067879 	10.732861
-2.5410988e-21 	-0.047297297 	0.546 	50.651468 	-3.3083837 	10.732416
8.4703295e-22 	-0.046996997 	0.546 	50.641663 	-3.3099794 	10.731971
-1.2705494e-21 	-0.046696697 	0.546 	50.631858 	-3.3115752 	10.731526
2.3293406e-21 	-0.046396396 	0.546 	50.622053 	-3.3131709 	10.731081
1.0587912e-21 	-0.046096096 	0.546 	50.612248 	-3.3147667 	10.730637
8.4703295e-22 	-0.045795796 	0.546 	50.602442 	-3.3163624 	10.730192
-1.9058241e-21 	-0.045495495 	0.546 	50.592637 	-3.3179581 	10.729747
-4.6586812e-21 	-0.045195195 	0.546 	50.583201 	-3.3194651 	10.729315
0 	-0.044894895 	0.546 	50.573822 	-3.3209585 	10.728885
-1.9058241e-21 	-0.044594595 	0.546 	50.564442 	-3.3224519 	10.728456
-3.1763736e-21 	-0.044294294 	0.546 	50.553397 	-3.3229285 	10.728026
1.2705494e-21 	-0.043993994 	0.546 	50.535193 	-3.3198591 	10.727589
-4.2351647e-22 	-0.043693694 	0.546 	50.51683 	-3.3168345 	10.727146
-8.4703295e-22 	-0.043393393 	0.546 	50.498207 	-3.3138824 	10.726695
5.9292306e-21 	-0.043093093 	0.546 	50.479584 	-3.3109303 	10.726243
8.4703295e-22 	-0.042792793 	0.546 	50.460962 	-3.3079783 	10.725792
0 	-0.042492492 	0.546 	50.442339 	-3.3050262 	10.725341
5.0821977e-21 	-0.042192192 	0.546 	50.423716 	-3.3020742 	10.724889
-1.6940659e-21 	-0.041891892 	0.546 	50.405094 	-3.2991221 	10.724438
-1.6940659e-21 	-0.041591592 	0.546 	50.386471 	-3.29617 	10.723987
1.6940659e-21 	-0.041291291 	0.546 	50.367849 	-3.293218 	10.723535
0 	-0.040990991 	0.546 	50.349226 	-3.2902659 	10.723084
3.3881318e-21 	-0.040690691 	0.546 	50.330603 	-3.2873139 	10.722632
-6.7762636e-21 	-0.04039039 	0.546 	50.311981 	-3.2843618 	10.722181
0 	-0.04009009 	0.546 	50.293358 	-3.2814097 	10.72173
0 	-0.03978979 	0.546 	50.274736 	-3.2784577 	10.721278
-3.3881318e-21 	-0.039489489 	0.546 	50.256113 	-3.2755056 	10.720827
8.4703295e-22 	-0.039189189 	0.546 	50.236444 	-3.272582 	10.72036
3.8116483e-21 	-0.038888889 	0.546 	50.213288 	-3.2711263 	10.719814
-5.5057142e-21 	-0.038588589 	0.546 	50.190132 	-3.2696707 	10.719269
-1.6940659e-21 	-0.038288288 	0.546 	50.166975 	-3.268215 	10.718723
5.5057142e-21 	-0.037987988 	0.546 	50.143819 	-3.2667594 	10.718178
2.5410988e-21 	-0.037687688 	0.546 	50.120662 	-3.2653037 	10.717633
-2.9646153e-21 	-0.037387387 	0.546 	50.097506 	-3.2638481 	10.717087
4.2351647e-21 	-0.037087087 	0.546 	50.07435 	-3.2623924 	10.716542
4.2351647e-22 	-0.036786787 	0.546 	50.051193 	-3.2609368 	10.715996
2.5410988e-21 	-0.036486486 	0.546 	50.028037 	-3.2594811 	10.715451
-6.3527471e-21 	-0.036186186 	0.546 	50.00488 	-3.2580255 	10.714905
-4.2351647e-22 	-0.035885886 	0.546 	49.981724 	-3.2565698 	10.71436
-5.5057142e-21 	-0.035585586 	0.546 	49.958567 	-3.2551142 	10.713814
4.2351647e-21 	-0.035285285 	0.546 	49.935411 	-3.2536585 	10.713269
-7.6232965e-21 	-0.034984985 	0.546 	49.912255 	-3.2522029 	10.712724
1.0587912e-21 	-0.034684685 	0.546 	49.889198 	-3.2507378 	10.712178
4.2351647e-21 	-0.034384384 	0.546 	49.866625 	-3.2492268 	10.711635
3.4940109e-21 	-0.034084084 	0.546 	49.842627 	-3.2473517 	10.711046
-7.6232965e-21 	-0.033783784 	0.546 	49.815758 	-3.2450847 	10.7103
8.4703295e-22 	-0.033483483 	0.546 	49.788574 	-3.24282 	10.709543
0 	-0.033183183 	0.546 	49.761091 	-3.2405575 	10.708774
-6.7762636e-21 	-0.032882883 	0.546 	49.733609 	-3.2382949 	10.708005
-1.6940659e-21 	-0.032582583 	0.546 	49.706126 	-3.2360324 	10.707237
3.3881318e-21 	-0.032282282 	0.546 	49.678643 	-3.2337698 	10.706468
6.7762636e-21 	-0.031981982 	0.546 	49.65116 	-3.2315073 	10.7057
-3.3881318e-21 	-0.031681682 	0.546 	49.623677 	-3.2292447 	10.704931
3.3881318e-21 	-0.031381381 	0.546 	49.596194 	-3.2269821 	10.704163
-3.3881318e-21 	-0.031081081 	0.546 	49.568712 	-3.2247196 	10.703394
-3.3881318e-21 	-0.030780781 	0.546 	49.541229 	-3.222457 	10.702626
6.7762636e-21 	-0.03048048 	0.546 	49.513746 	-3.2201945 	10.701857
-6.7762636e-21 	-0.03018018 	0.546 	49.486263 	-3.2179319 	10.701089
0 	-0.02987988 	0.546 	49.45878 	-3.2156694 	10.70032
-6.7762636e-21 	-0.02957958 	0.546 	49.431297 	-3.2134068 	10.699552
-6.7762636e-21 	-0.029279279 	0.546 	49.403815 	-3.2111443 	10.698783
-4.2351647e-22 	-0.028978979 	0.546 	49.375186 	-3.2083645 	10.697879
-1.1858461e-20 	-0.028678679 	0.546 	49.343497 	-3.2058379 	10.696682
-4.6586812e-21 	-0.028378378 	0.546 	49.311437 	-3.2033109 	10.695447
8.4703295e-21 	-0.028078078 	0.546 	49.279104 	-3.2007838 	10.694185
-1.0164395e-20 	-0.027777778 	0.546 	49.246772 	-3.1982567 	10.692923
-3.3881318e-21 	-0.027477477 	0.546 	49.21444 	-3.1957296 	10.691661
1.0164395e-20 	-0.027177177 	0.546 	49.182107 	-3.1932024 	10.690398
-1.3552527e-20 	-0.026876877 	0.546 	49.149775 	-3.1906753 	10.689136
0 	-0.026576577 	0.546 	49.117443 	-3.1881482 	10.687874
6.7762636e-21 	-0.026276276 	0.546 	49.08511 	-3.1856211 	10.686612
0 	-0.025975976 	0.546 	49.052778 	-3.1830939 	10.685349
-6.7762636e-21 	-0.025675676 	0.546 	49.020445 	-3.1805668 	10.684087
0 	-0.025375375 	0.546 	48.988113 	-3.1780397 	10.682825
0 	-0.025075075 	0.546 	48.955781 	-3.1755126 	10.681563
-6.7762636e-21 	-0.024774775 	0.546 	48.923448 	-3.1729854 	10.6803
-6.7762636e-21 	-0.024474474 	0.546 	48.891116 	-3.1704583 	10.679038
0 	-0.024174174 	0.546 	48.858784 	-3.1679312 	10.677776
1.2705494e-20 	-0.023873874 	0.546 	48.819275 	-3.164442 	10.676044
7.6232965e-21 	-0.023573574 	0.546 	48.768602 	-3.1598681 	10.673572
-1.1011428e-20 	-0.023273273 	0.546 	48.717929 	-3.1552942 	10.6711
-2.5410988e-21 	-0.022972973 	0.546 	48.667256 	-3.1507203 	10.668627
-3.3881318e-21 	-0.022672673 	0.546 	48.616584 	-3.1461464 	10.666155
-2.5410988e-21 	-0.022372372 	0.546 	48.565911 	-3.1415724 	10.663683
1.2705494e-20 	-0.022072072 	0.546 	48.515238 	-3.1369985 	10.661211
-5.9292306e-21 	-0.021771772 	0.546 	48.464566 	-3.1324246 	10.658738
-1.1858461e-20 	-0.021471471 	0.546 	48.413893 	-3.1278507 	10.656266
1.1011428e-20 	-0.021171171 	0.546 	48.36322 	-3.1232768 	10.653794
6.7762636e-21 	-0.020870871 	0.546 	48.312547 	-3.1187029 	10.651322
-2.286989e-20 	-0.020570571 	0.546 	48.261875 	-3.114129 	10.648849
-1.0164395e-20 	-0.02027027 	0.546 	48.211202 	-3.1095551 	10.646377
2.5410988e-21 	-0.01996997 	0.546 	48.160529 	-3.1049812 	10.643905
-6.7762636e-21 	-0.01966967 	0.546 	48.109856 	-3.1004073 	10.641433
-9.7408789e-21 	-0.019369369 	0.546 	48.059528 	-3.095888 	10.639007
5.0821977e-21 	-0.019069069 	0.546 	48.009689 	-3.0914462 	10.636648
-1.6093626e-20 	-0.018768769 	0.546 	47.956527 	-3.0648181 	10.634093
3.3881318e-21 	-0.018468468 	0.546 	47.897111 	-3.0310909 	10.631157
0 	-0.018168168 	0.546 	47.837606 	-2.9970362 	10.628192
6.7762636e-21 	-0.017867868 	0.546 	47.7781 	-2.9629816 	10.625227
-1.3552527e-20 	-0.017567568 	0.546 	47.718594 	-2.928927 	10.622262
1.3552527e-20 	-0.017267267 	0.546 	47.659088 	-2.8948723 	10.619297
0 	-0.016966967 	0.546 	47.599582 	-2.8608177 	10.616332
1.3552527e-20 	-0.016666667 	0.546 	47.540076 	-2.826763 	10.613367
-3.5575384e-20 	-0.016366366 	0.546 	47.47325 	-2.7950546 	10.6099
-8.4703295e-21 	-0.016066066 	0.546 	47.34927 	-2.7768426 	10.603226
0 	-0.015765766 	0.546 	47.225291 	-2.7586306 	10.596551
1.8634725e-20 	-0.015465465 	0.546 	47.101311 	-2.7404186 	10.589877
-1.6940659e-20 	-0.015165165 	0.546 	46.977331 	-2.7222065 	10.583202
-2.0328791e-20 	-0.014864865 	0.546 	46.853351 	-2.7039945 	10.576527
1.8634725e-20 	-0.014564565 	0.546 	46.729371 	-2.6857825 	10.569853
-1.8634725e-20 	-0.014264264 	0.546 	46.605392 	-2.6675705 	10.563178
1.0164395e-20 	-0.013963964 	0.546 	46.483243 	-2.649577 	10.556729
-2.2022857e-20 	-0.013663664 	0.546 	46.336362 	-2.6192852 	10.547737
-1.0164395e-20 	-0.013363363 	0.546 	46.183606 	-2.5815697 	10.538039
-8.4703295e-21 	-0.013063063 	0.546 	46.030851 	-2.5438541 	10.528342
1.6940659e-20 	-0.012762763 	0.546 	45.878095 	-2.5061386 	10.518644
-1.8634725e-20 	-0.012462462 	0.546 	45.725339 	-2.4684231 	10.508946
-8.4703295e-21 	-0.012162162 	0.546 	45.572584 	-2.4307076 	10.499248
2.879912e-20 	-0.011861862 	0.546 	45.419828 	-2.3929921 	10.48955
-3.3881318e-20 	-0.011561562 	0.546 	45.26769 	-2.3555022 	10.47999
-1.6940659e-20 	-0.011261261 	0.546 	45.103857 	-2.3228567 	10.467924
-2.7105054e-20 	-0.010960961 	0.546 	44.888745 	-2.2910646 	10.44986
1.8634725e-20 	-0.010660661 	0.546 	44.673634 	-2.2592725 	10.431796
1.0164395e-20 	-0.01036036 	0.546 	44.458522 	-2.2274805 	10.413732
3.3881318e-21 	-0.01006006 	0.546 	44.243411 	-2.1956884 	10.395668
-5.0821977e-21 	-0.0097597598 	0.546 	44.0283 	-2.1638963 	10.377604
3.3881318e-21 	-0.0094594595 	0.546 	43.813188 	-2.1321042 	10.35954
-2.2446373e-20 	-0.0091591592 	0.546 	43.598259 	-2.1003875 	10.341542
-1.8634725e-20 	-0.0088588589 	0.546 	43.376623 	-2.0377605 	10.320161
1.1858461e-20 	-0.0085585586 	0.546 	43.118261 	-1.9579472 	10.292571
2.0328791e-20 	-0.0082582583 	0.546 	42.85994 	-1.8786965 	10.265026
-1.6940659e-20 	-0.007957958 	0.546 	42.601619 	-1.7994458 	10.23748
5.4210109e-20 	-0.0076576577 	0.546 	42.360214 	-1.7477918 	10.212785
-4.0657581e-20 	-0.0073573574 	0.546 	41.950191 	-1.7068926 	10.17
2.7105054e-20 	-0.0070570571 	0.546 	41.526253 	-1.6801482 	10.127048
-2.7105054e-20 	-0.0067567568 	0.546 	41.102316 	-1.6534037 	10.084097
-4.5739779e-20 	-0.0064564565 	0.546 	40.703047 	-1.637064 	10.04472
-3.3881318e-20 	-0.0061561562 	0.546 	40.3958 	-1.5388871 	10.000964
2.7105054e-20 	-0.0058558559 	0.546 	40.103205 	-1.4593138 	9.9596528
2.7105054e-20 	-0.0055555556 	0.546 	39.81061 	-1.3797405 	9.9183416
1.9481758e-20 	-0.0052552553 	0.546 	39.500914 	-1.3359944 	9.8783942
1.1943165e-19 	-0.004954955 	0.546 	38.974656 	-1.192585 	9.8105885
2.1811098e-20 	-0.0046546547 	0.546 	38.444978 	-1.0510573 	9.7456831
-2.0328791e-20 	-0.0043543544 	0.546 	37.91524 	-0.90958071 	9.6808874
0 	-0.0040540541 	0.546 	37.348184 	-0.84947212 	9.6052469
1.0842022e-19 	-0.0037537538 	0.546 	36.633064 	-0.71612973 	9.4896248
-2.7105054e-20 	-0.0034534535 	0.546 	35.917503 	-0.57739471 	9.3740764
-1.7618285e-19 	-0.0031531532 	0.546 	35.248363 	-0.44701829 	9.2716695
-5.4210109e-20 	-0.0028528529 	0.546 	33.032319 	-0.45184195 	8.7261305
-1.3552527e-20 	-0.0025525526 	0.546 	25.929972 	-0.34478948 	6.8556123
5.4210109e-20 	-0.0022522523 	0.546 	18.327354 	-0.22233998 	4.8581557
-5.4210109e-20 	-0.001951952 	0.546 	10.724736 	-0.099890489 	2.8606991
6.7762636e-21 	-0.0016516517 	0.546 	4.7012724 	-0.0021120691 	1.2589214
1.0714967e-19 	-0.0013513514 	0.546 	1.9251863 	-0.051301291 	0.30354156
-9.1056042e-21 	-0.0010510511 	0.546 	1.4972751 	-0.039898552 	0.23607337
6.3527471e-21 	-0.00075075075 	0.546 	1.0693639 	-0.028495812 	0.16860518
9.7408789e-21 	-0.00045045045 	0.546 	0.64145265 	-0.017093073 	0.10113699
-6.3527471e-21 	-0.00015015015 	0.546 	0.21354144 	-0.0056903332 	0.033668794
