-1.2 	-0.05 	0.546 	45.958464 	-2.6302184 	3.4926084
-1.1987988 	-0.05 	0.546 	45.962666 	-2.6548829 	3.5017503
-1.1975976 	-0.05 	0.546 	45.966868 	-2.6795473 	3.5108921
-1.1963964 	-0.05 	0.546 	45.971069 	-2.7042118 	3.520034
-1.1951952 	-0.05 	0.546 	45.975271 	-2.7288763 	3.5291758
-1.193994 	-0.05 	0.546 	45.979473 	-2.7535408 	3.5383176
-1.1927928 	-0.05 	0.546 	45.983675 	-2.7782052 	3.5474595
-1.1915916 	-0.05 	0.546 	45.987877 	-2.8028697 	3.5566013
-1.1903904 	-0.05 	0.546 	45.992079 	-2.8275342 	3.5657432
-1.1891892 	-0.05 	0.546 	45.996281 	-2.8521986 	3.574885
-1.187988 	-0.05 	0.546 	46.000483 	-2.8768631 	3.5840268
-1.1867868 	-0.05 	0.546 	46.004685 	-2.9015276 	3.5931687
-1.1855856 	-0.05 	0.546 	46.008887 	-2.9261921 	3.6023105
-1.1843844 	-0.05 	0.546 	46.013089 	-2.9508565 	3.6114524
-1.1831832 	-0.05 	0.546 	46.017291 	-2.975521 	3.6205942
-1.181982 	-0.05 	0.546 	46.021493 	-3.0001855 	3.629736
-1.1807808 	-0.05 	0.546 	46.025695 	-3.02485 	3.6388779
-1.1795796 	-0.05 	0.546 	46.029897 	-3.0495144 	3.6480197
-1.1783784 	-0.05 	0.546 	46.034098 	-3.0741789 	3.6571616
-1.1771772 	-0.05 	0.546 	46.0383 	-3.0988434 	3.6663034
-1.175976 	-0.05 	0.546 	46.042502 	-3.1235078 	3.6754452
-1.1747748 	-0.05 	0.546 	46.046704 	-3.1481723 	3.6845871
-1.1735736 	-0.05 	0.546 	46.050906 	-3.1728368 	3.6937289
-1.1723724 	-0.05 	0.546 	46.055108 	-3.1975013 	3.7028708
-1.1711712 	-0.05 	0.546 	46.05931 	-3.2221657 	3.7120126
-1.16997 	-0.05 	0.546 	46.063512 	-3.2468302 	3.7211544
-1.1687688 	-0.05 	0.546 	46.067714 	-3.2714947 	3.7302963
-1.1675676 	-0.05 	0.546 	46.071916 	-3.2961591 	3.7394381
-1.1663664 	-0.05 	0.546 	46.076118 	-3.3208236 	3.74858
-1.1651652 	-0.05 	0.546 	46.08032 	-3.3454881 	3.7577218
-1.163964 	-0.05 	0.546 	46.084522 	-3.3701526 	3.7668636
-1.1627628 	-0.05 	0.546 	46.088724 	-3.394817 	3.7760055
-1.1615616 	-0.05 	0.546 	46.092925 	-3.4194815 	3.7851473
-1.1603604 	-0.05 	0.546 	46.097127 	-3.444146 	3.7942892
-1.1591592 	-0.05 	0.546 	46.101329 	-3.4688104 	3.803431
-1.157958 	-0.05 	0.546 	46.119096 	-3.4894392 	3.8124778
-1.1567568 	-0.05 	0.546 	46.137643 	-3.5097659 	3.8217935
-1.1555556 	-0.05 	0.546 	46.156245 	-3.530005 	3.8313881
-1.1543544 	-0.05 	0.546 	46.174847 	-3.5502441 	3.8409827
-1.1531532 	-0.05 	0.546 	46.19345 	-3.5704832 	3.8505772
-1.151952 	-0.05 	0.546 	46.212052 	-3.5907224 	3.8601718
-1.1507508 	-0.05 	0.546 	46.230654 	-3.6109615 	3.8697664
-1.1495495 	-0.05 	0.546 	46.249256 	-3.6312006 	3.879361
-1.1483483 	-0.05 	0.546 	46.267858 	-3.6514397 	3.8889555
-1.1471471 	-0.05 	0.546 	46.286461 	-3.6716788 	3.8985501
-1.1459459 	-0.05 	0.546 	46.305063 	-3.6919179 	3.9081447
-1.1447447 	-0.05 	0.546 	46.323665 	-3.712157 	3.9177393
-1.1435435 	-0.05 	0.546 	46.342267 	-3.7323962 	3.9273339
-1.1423423 	-0.05 	0.546 	46.360869 	-3.7526353 	3.9369284
-1.1411411 	-0.05 	0.546 	46.379471 	-3.7728744 	3.946523
-1.1399399 	-0.05 	0.546 	46.398074 	-3.7931135 	3.9561176
-1.1387387 	-0.05 	0.546 	46.416676 	-3.8133526 	3.9657122
-1.1375375 	-0.05 	0.546 	46.435278 	-3.8335917 	3.9753067
-1.1363363 	-0.05 	0.546 	46.45388 	-3.8538308 	3.9849013
-1.1351351 	-0.05 	0.546 	46.472482 	-3.8740699 	3.9944959
-1.1339339 	-0.05 	0.546 	46.491085 	-3.8943091 	4.0040905
-1.1327327 	-0.05 	0.546 	46.509687 	-3.9145482 	4.0136851
-1.1315315 	-0.05 	0.546 	46.528289 	-3.9347873 	4.0232796
-1.1303303 	-0.05 	0.546 	46.546891 	-3.9550264 	4.0328742
-1.1291291 	-0.05 	0.546 	46.565493 	-3.9752655 	4.0424688
-1.1279279 	-0.05 	0.546 	46.584096 	-3.9955046 	4.0520634
-1.1267267 	-0.05 	0.546 	46.602698 	-4.0157437 	4.0616579
-1.1255255 	-0.05 	0.546 	46.6213 	-4.0359829 	4.0712525
-1.1243243 	-0.05 	0.546 	46.639902 	-4.056222 	4.0808471
-1.1231231 	-0.05 	0.546 	46.658504 	-4.0764611 	4.0904417
-1.1219219 	-0.05 	0.546 	46.677106 	-4.0967002 	4.1000363
-1.1207207 	-0.05 	0.546 	46.695709 	-4.1169393 	4.1096308
-1.1195195 	-0.05 	0.546 	46.714311 	-4.1371784 	4.1192254
-1.1183183 	-0.05 	0.546 	46.732913 	-4.1574175 	4.12882
-1.1171171 	-0.05 	0.546 	46.751515 	-4.1776567 	4.1384146
-1.1159159 	-0.05 	0.546 	46.770117 	-4.1978958 	4.1480091
-1.1147147 	-0.05 	0.546 	46.78872 	-4.2181349 	4.1576037
-1.1135135 	-0.05 	0.546 	46.807322 	-4.238374 	4.1671983
-1.1123123 	-0.05 	0.546 	46.825924 	-4.2586131 	4.1767929
-1.1111111 	-0.05 	0.546 	46.844526 	-4.2788522 	4.1863875
-1.1099099 	-0.05 	0.546 	46.863128 	-4.2990913 	4.195982
-1.1087087 	-0.05 	0.546 	46.881731 	-4.3193304 	4.2055766
-1.1075075 	-0.05 	0.546 	46.900333 	-4.3395696 	4.2151712
-1.1063063 	-0.05 	0.546 	46.917238 	-4.3603303 	4.2237106
-1.1051051 	-0.05 	0.546 	46.934101 	-4.3811039 	4.2322241
-1.1039039 	-0.05 	0.546 	46.950964 	-4.4018775 	4.2407377
-1.1027027 	-0.05 	0.546 	46.967818 	-4.4226142 	4.2492615
-1.1015015 	-0.05 	0.546 	46.984669 	-4.4433412 	4.2577882
-1.1003003 	-0.05 	0.546 	47.00152 	-4.4640681 	4.2663148
-1.0990991 	-0.05 	0.546 	47.018371 	-4.484795 	4.2748414
-1.0978979 	-0.05 	0.546 	47.035556 	-4.5033823 	4.2832092
-1.0966967 	-0.05 	0.546 	47.055155 	-4.5064977 	4.2904281
-1.0954955 	-0.05 	0.546 	47.074754 	-4.509613 	4.297647
-1.0942943 	-0.05 	0.546 	47.094352 	-4.5127284 	4.304866
-1.0930931 	-0.05 	0.546 	47.113951 	-4.5158438 	4.3120849
-1.0918919 	-0.05 	0.546 	47.13355 	-4.5189591 	4.3193038
-1.0906907 	-0.05 	0.546 	47.152702 	-4.5245645 	4.3270958
-1.0894895 	-0.05 	0.546 	47.171599 	-4.5315975 	4.3352165
-1.0882883 	-0.05 	0.546 	47.194124 	-4.5408332 	4.3443166
-1.0870871 	-0.05 	0.546 	47.221865 	-4.5532345 	4.3548245
-1.0858859 	-0.05 	0.546 	47.249606 	-4.5656359 	4.3653323
-1.0846847 	-0.05 	0.546 	47.277347 	-4.5780372 	4.3758402
-1.0834835 	-0.05 	0.546 	47.305088 	-4.5904386 	4.386348
-1.0822823 	-0.05 	0.546 	47.332829 	-4.6028399 	4.3968559
-1.0810811 	-0.05 	0.546 	47.360571 	-4.6152412 	4.4073637
-1.0798799 	-0.05 	0.546 	47.388312 	-4.6276426 	4.4178716
-1.0786787 	-0.05 	0.546 	47.416053 	-4.6400439 	4.4283794
-1.0774775 	-0.05 	0.546 	47.443794 	-4.6524453 	4.4388873
-1.0762763 	-0.05 	0.546 	47.471535 	-4.6648466 	4.4493951
-1.0750751 	-0.05 	0.546 	47.499276 	-4.6772479 	4.459903
-1.0738739 	-0.05 	0.546 	47.527017 	-4.6896493 	4.4704109
-1.0726727 	-0.05 	0.546 	47.554758 	-4.7020506 	4.4809187
-1.0714715 	-0.05 	0.546 	47.582499 	-4.714452 	4.4914266
-1.0702703 	-0.05 	0.546 	47.61024 	-4.7268533 	4.5019344
-1.0690691 	-0.05 	0.546 	47.637981 	-4.7392546 	4.5124423
-1.0678679 	-0.05 	0.546 	47.665722 	-4.751656 	4.5229501
-1.0666667 	-0.05 	0.546 	47.693463 	-4.7640573 	4.533458
-1.0654655 	-0.05 	0.546 	47.721204 	-4.7764586 	4.5439658
-1.0642643 	-0.05 	0.546 	47.748945 	-4.78886 	4.5544737
-1.0630631 	-0.05 	0.546 	47.776686 	-4.8012613 	4.5649816
-1.0618619 	-0.05 	0.546 	47.804427 	-4.8136627 	4.5754894
-1.0606607 	-0.05 	0.546 	47.832168 	-4.826064 	4.5859973
-1.0594595 	-0.05 	0.546 	47.859909 	-4.8384653 	4.5965051
-1.0582583 	-0.05 	0.546 	47.88765 	-4.8508667 	4.607013
-1.0570571 	-0.05 	0.546 	47.915391 	-4.863268 	4.6175208
-1.0558559 	-0.05 	0.546 	47.943132 	-4.8756694 	4.6280287
-1.0546547 	-0.05 	0.546 	47.970873 	-4.8880707 	4.6385365
-1.0534535 	-0.05 	0.546 	47.998614 	-4.900472 	4.6490444
-1.0522523 	-0.05 	0.546 	48.026355 	-4.9128734 	4.6595523
-1.0510511 	-0.05 	0.546 	48.054096 	-4.9252747 	4.6700601
-1.0498498 	-0.05 	0.546 	48.081838 	-4.9376761 	4.680568
-1.0486486 	-0.05 	0.546 	48.109579 	-4.9500774 	4.6910758
-1.0474474 	-0.05 	0.546 	48.13732 	-4.9624787 	4.7015837
-1.0462462 	-0.05 	0.546 	48.165061 	-4.9748801 	4.7120915
-1.045045 	-0.05 	0.546 	48.192802 	-4.9872814 	4.7225994
-1.0438438 	-0.05 	0.546 	48.220543 	-4.9996828 	4.7331072
-1.0426426 	-0.05 	0.546 	48.247715 	-5.0153217 	4.743922
-1.0414414 	-0.05 	0.546 	48.274759 	-5.031684 	4.7548054
-1.0402402 	-0.05 	0.546 	48.301804 	-5.0480464 	4.7656888
-1.039039 	-0.05 	0.546 	48.328848 	-5.0644087 	4.7765722
-1.0378378 	-0.05 	0.546 	48.355893 	-5.0807711 	4.7874556
-1.0366366 	-0.05 	0.546 	48.384608 	-5.0928893 	4.7984605
-1.0354354 	-0.05 	0.546 	48.416698 	-5.0964277 	4.8097109
-1.0342342 	-0.05 	0.546 	48.448789 	-5.0999661 	4.8209613
-1.033033 	-0.05 	0.546 	48.480879 	-5.1035045 	4.8322117
-1.0318318 	-0.05 	0.546 	48.51297 	-5.1070429 	4.8434621
-1.0306306 	-0.05 	0.546 	48.54506 	-5.1105814 	4.8547125
-1.0294294 	-0.05 	0.546 	48.574749 	-5.1152315 	4.8654632
-1.0282282 	-0.05 	0.546 	48.603986 	-5.1200911 	4.8761197
-1.027027 	-0.05 	0.546 	48.633223 	-5.1249507 	4.8867763
-1.0258258 	-0.05 	0.546 	48.662459 	-5.1298102 	4.8974329
-1.0246246 	-0.05 	0.546 	48.691696 	-5.1346698 	4.9080894
-1.0234234 	-0.05 	0.546 	48.720933 	-5.1395294 	4.918746
-1.0222222 	-0.05 	0.546 	48.750169 	-5.144389 	4.9294025
-1.021021 	-0.05 	0.546 	48.779406 	-5.1492485 	4.9400591
-1.0198198 	-0.05 	0.546 	48.808643 	-5.1541081 	4.9507156
-1.0186186 	-0.05 	0.546 	48.83788 	-5.1589677 	4.9613722
-1.0174174 	-0.05 	0.546 	48.867116 	-5.1638273 	4.9720288
-1.0162162 	-0.05 	0.546 	48.896353 	-5.1686868 	4.9826853
-1.015015 	-0.05 	0.546 	48.92559 	-5.1735464 	4.9933419
-1.0138138 	-0.05 	0.546 	48.954826 	-5.178406 	5.0039984
-1.0126126 	-0.05 	0.546 	48.984063 	-5.1832656 	5.014655
-1.0114114 	-0.05 	0.546 	49.0133 	-5.1881252 	5.0253115
-1.0102102 	-0.05 	0.546 	49.042537 	-5.1929847 	5.0359681
-1.009009 	-0.05 	0.546 	49.071773 	-5.1978443 	5.0466247
-1.0078078 	-0.05 	0.546 	49.10101 	-5.2027039 	5.0572812
-1.0066066 	-0.05 	0.546 	49.130247 	-5.2075635 	5.0679378
-1.0054054 	-0.05 	0.546 	49.159483 	-5.212423 	5.0785943
-1.0042042 	-0.05 	0.546 	49.18872 	-5.2172826 	5.0892509
-1.003003 	-0.05 	0.546 	49.217957 	-5.2221422 	5.0999074
-1.0018018 	-0.05 	0.546 	49.247194 	-5.2270018 	5.110564
-1.0006006 	-0.05 	0.546 	49.27643 	-5.2318613 	5.1212206
-0.9993994 	-0.05 	0.546 	49.305667 	-5.2367209 	5.1318771
-0.9981982 	-0.05 	0.546 	49.334904 	-5.2415805 	5.1425337
-0.996997 	-0.05 	0.546 	49.364141 	-5.2464401 	5.1531902
-0.9957958 	-0.05 	0.546 	49.393377 	-5.2512996 	5.1638468
-0.99459459 	-0.05 	0.546 	49.422614 	-5.2561592 	5.1745034
-0.99339339 	-0.05 	0.546 	49.451851 	-5.2610188 	5.1851599
-0.99219219 	-0.05 	0.546 	49.481087 	-5.2658784 	5.1958165
-0.99099099 	-0.05 	0.546 	49.510324 	-5.2707379 	5.206473
-0.98978979 	-0.05 	0.546 	49.539561 	-5.2755975 	5.2171296
-0.98858859 	-0.05 	0.546 	49.568798 	-5.2804571 	5.2277861
-0.98738739 	-0.05 	0.546 	49.598034 	-5.2853167 	5.2384427
-0.98618619 	-0.05 	0.546 	49.627271 	-5.2901763 	5.2490993
-0.98498498 	-0.05 	0.546 	49.656508 	-5.2950358 	5.2597558
-0.98378378 	-0.05 	0.546 	49.68489 	-5.2991943 	5.2705932
-0.98258258 	-0.05 	0.546 	49.712742 	-5.3029185 	5.2815427
-0.98138138 	-0.05 	0.546 	49.737941 	-5.3080322 	5.2913802
-0.98018018 	-0.05 	0.546 	49.763113 	-5.31316 	5.3012064
-0.97897898 	-0.05 	0.546 	49.788286 	-5.3182877 	5.3110327
-0.97777778 	-0.05 	0.546 	49.813458 	-5.3234155 	5.3208589
-0.97657658 	-0.05 	0.546 	49.83863 	-5.3285433 	5.3306852
-0.97537538 	-0.05 	0.546 	49.865841 	-5.3326205 	5.3408891
-0.97417417 	-0.05 	0.546 	49.895106 	-5.3356393 	5.3514735
-0.97297297 	-0.05 	0.546 	49.924371 	-5.338658 	5.3620579
-0.97177177 	-0.05 	0.546 	49.953636 	-5.3416767 	5.3726423
-0.97057057 	-0.05 	0.546 	49.982901 	-5.3446955 	5.3832268
-0.96936937 	-0.05 	0.546 	50.012119 	-5.3477045 	5.3938071
-0.96816817 	-0.05 	0.546 	50.037093 	-5.3498547 	5.404025
-0.96696697 	-0.05 	0.546 	50.062186 	-5.35077 	5.4141222
-0.96576577 	-0.05 	0.546 	50.087412 	-5.3503061 	5.4240844
-0.96456456 	-0.05 	0.546 	50.112637 	-5.3498422 	5.4340466
-0.96336336 	-0.05 	0.546 	50.137863 	-5.3493783 	5.4440088
-0.96216216 	-0.05 	0.546 	50.163089 	-5.3489144 	5.453971
-0.96096096 	-0.05 	0.546 	50.188314 	-5.3484504 	5.4639331
-0.95975976 	-0.05 	0.546 	50.21354 	-5.3479865 	5.4738953
-0.95855856 	-0.05 	0.546 	50.238766 	-5.3475226 	5.4838575
-0.95735736 	-0.05 	0.546 	50.263991 	-5.3470587 	5.4938197
-0.95615616 	-0.05 	0.546 	50.289217 	-5.3465948 	5.5037819
-0.95495495 	-0.05 	0.546 	50.314443 	-5.3461309 	5.5137441
-0.95375375 	-0.05 	0.546 	50.339668 	-5.345667 	5.5237063
-0.95255255 	-0.05 	0.546 	50.364894 	-5.3452031 	5.5336685
-0.95135135 	-0.05 	0.546 	50.390119 	-5.3447392 	5.5436307
-0.95015015 	-0.05 	0.546 	50.415345 	-5.3442753 	5.5535929
-0.94894895 	-0.05 	0.546 	50.440571 	-5.3438114 	5.5635551
-0.94774775 	-0.05 	0.546 	50.465796 	-5.3433475 	5.5735173
-0.94654655 	-0.05 	0.546 	50.491022 	-5.3428835 	5.5834795
-0.94534535 	-0.05 	0.546 	50.516248 	-5.3424196 	5.5934417
-0.94414414 	-0.05 	0.546 	50.541473 	-5.3419557 	5.6034039
-0.94294294 	-0.05 	0.546 	50.566699 	-5.3414918 	5.6133661
-0.94174174 	-0.05 	0.546 	50.591925 	-5.3410279 	5.6233283
-0.94054054 	-0.05 	0.546 	50.61715 	-5.340564 	5.6332905
-0.93933934 	-0.05 	0.546 	50.642376 	-5.3401001 	5.6432527
-0.93813814 	-0.05 	0.546 	50.667602 	-5.3396362 	5.6532149
-0.93693694 	-0.05 	0.546 	50.692827 	-5.3391723 	5.6631771
-0.93573574 	-0.05 	0.546 	50.718053 	-5.3387084 	5.6731393
-0.93453453 	-0.05 	0.546 	50.743279 	-5.3382445 	5.6831015
-0.93333333 	-0.05 	0.546 	50.768504 	-5.3377806 	5.6930637
-0.93213213 	-0.05 	0.546 	50.79373 	-5.3373166 	5.7030259
-0.93093093 	-0.05 	0.546 	50.818956 	-5.3368527 	5.7129881
-0.92972973 	-0.05 	0.546 	50.844181 	-5.3363888 	5.7229503
-0.92852853 	-0.05 	0.546 	50.869407 	-5.3359249 	5.7329124
-0.92732733 	-0.05 	0.546 	50.894633 	-5.335461 	5.7428746
-0.92612613 	-0.05 	0.546 	50.919858 	-5.3349971 	5.7528368
-0.92492492 	-0.05 	0.546 	50.945084 	-5.3345332 	5.762799
-0.92372372 	-0.05 	0.546 	50.97031 	-5.3340693 	5.7727612
-0.92252252 	-0.05 	0.546 	50.995535 	-5.3336054 	5.7827234
-0.92132132 	-0.05 	0.546 	51.019992 	-5.3330122 	5.7925448
-0.92012012 	-0.05 	0.546 	51.041166 	-5.331867 	5.8017649
-0.91891892 	-0.05 	0.546 	51.06234 	-5.3307218 	5.810985
-0.91771772 	-0.05 	0.546 	51.083513 	-5.3295766 	5.8202051
-0.91651652 	-0.05 	0.546 	51.104687 	-5.3284314 	5.8294252
-0.91531532 	-0.05 	0.546 	51.125861 	-5.3272863 	5.8386452
-0.91411411 	-0.05 	0.546 	51.149662 	-5.3267231 	5.8485137
-0.91291291 	-0.05 	0.546 	51.174574 	-5.3264058 	5.858656
-0.91171171 	-0.05 	0.546 	51.199485 	-5.3260885 	5.8687983
-0.91051051 	-0.05 	0.546 	51.224397 	-5.3257712 	5.8789407
-0.90930931 	-0.05 	0.546 	51.249308 	-5.3254539 	5.889083
-0.90810811 	-0.05 	0.546 	51.273411 	-5.3245246 	5.8991263
-0.90690691 	-0.05 	0.546 	51.294615 	-5.3213992 	5.9088144
-0.90570571 	-0.05 	0.546 	51.315818 	-5.3182739 	5.9185025
-0.9045045 	-0.05 	0.546 	51.337021 	-5.3151485 	5.9281906
-0.9033033 	-0.05 	0.546 	51.358224 	-5.3120232 	5.9378787
-0.9021021 	-0.05 	0.546 	51.379428 	-5.3088979 	5.9475668
-0.9009009 	-0.05 	0.546 	51.400631 	-5.3057725 	5.9572549
-0.8996997 	-0.05 	0.546 	51.421834 	-5.3026472 	5.966943
-0.8984985 	-0.05 	0.546 	51.443038 	-5.2995218 	5.9766311
-0.8972973 	-0.05 	0.546 	51.464241 	-5.2963965 	5.9863192
-0.8960961 	-0.05 	0.546 	51.485444 	-5.2932711 	5.9960073
-0.89489489 	-0.05 	0.546 	51.506648 	-5.2901458 	6.0056954
-0.89369369 	-0.05 	0.546 	51.527851 	-5.2870205 	6.0153835
-0.89249249 	-0.05 	0.546 	51.549054 	-5.2838951 	6.0250717
-0.89129129 	-0.05 	0.546 	51.570258 	-5.2807698 	6.0347598
-0.89009009 	-0.05 	0.546 	51.591461 	-5.2776444 	6.0444479
-0.88888889 	-0.05 	0.546 	51.612664 	-5.2745191 	6.054136
-0.88768769 	-0.05 	0.546 	51.633868 	-5.2713937 	6.0638241
-0.88648649 	-0.05 	0.546 	51.655071 	-5.2682684 	6.0735122
-0.88528529 	-0.05 	0.546 	51.676274 	-5.2651431 	6.0832003
-0.88408408 	-0.05 	0.546 	51.697477 	-5.2620177 	6.0928884
-0.88288288 	-0.05 	0.546 	51.718681 	-5.2588924 	6.1025765
-0.88168168 	-0.05 	0.546 	51.739884 	-5.255767 	6.1122646
-0.88048048 	-0.05 	0.546 	51.761087 	-5.2526417 	6.1219527
-0.87927928 	-0.05 	0.546 	51.782291 	-5.2495163 	6.1316408
-0.87807808 	-0.05 	0.546 	51.803494 	-5.246391 	6.1413289
-0.87687688 	-0.05 	0.546 	51.824697 	-5.2432657 	6.151017
-0.87567568 	-0.05 	0.546 	51.845901 	-5.2401403 	6.1607051
-0.87447447 	-0.05 	0.546 	51.867104 	-5.237015 	6.1703932
-0.87327327 	-0.05 	0.546 	51.888307 	-5.2338896 	6.1800813
-0.87207207 	-0.05 	0.546 	51.909511 	-5.2307643 	6.1897695
-0.87087087 	-0.05 	0.546 	51.930714 	-5.2276389 	6.1994576
-0.86966967 	-0.05 	0.546 	51.951917 	-5.2245136 	6.2091457
-0.86846847 	-0.05 	0.546 	51.97312 	-5.2213883 	6.2188338
-0.86726727 	-0.05 	0.546 	51.994324 	-5.2182629 	6.2285219
-0.86606607 	-0.05 	0.546 	52.015527 	-5.2151376 	6.23821
-0.86486486 	-0.05 	0.546 	52.03673 	-5.2120122 	6.2478981
-0.86366366 	-0.05 	0.546 	52.057934 	-5.2088869 	6.2575862
-0.86246246 	-0.05 	0.546 	52.079137 	-5.2057615 	6.2672743
-0.86126126 	-0.05 	0.546 	52.100169 	-5.2031487 	6.2770096
-0.86006006 	-0.05 	0.546 	52.119565 	-5.1999245 	6.2864005
-0.85885886 	-0.05 	0.546 	52.136814 	-5.1950253 	6.2952129
-0.85765766 	-0.05 	0.546 	52.154062 	-5.1901261 	6.3040254
-0.85645646 	-0.05 	0.546 	52.17131 	-5.1852269 	6.3128379
-0.85525526 	-0.05 	0.546 	52.188559 	-5.1803277 	6.3216503
-0.85405405 	-0.05 	0.546 	52.205807 	-5.1754285 	6.3304628
-0.85285285 	-0.05 	0.546 	52.226011 	-5.1728939 	6.3403209
-0.85165165 	-0.05 	0.546 	52.246482 	-5.1705731 	6.3502737
-0.85045045 	-0.05 	0.546 	52.266953 	-5.1682523 	6.3602264
-0.84924925 	-0.05 	0.546 	52.287424 	-5.1659314 	6.3701791
-0.84804805 	-0.05 	0.546 	52.307895 	-5.1636106 	6.3801318
-0.84684685 	-0.05 	0.546 	52.327073 	-5.1605241 	6.3898413
-0.84564565 	-0.05 	0.546 	52.344794 	-5.1561001 	6.3992253
-0.84444444 	-0.05 	0.546 	52.362873 	-5.1511843 	6.4086004
-0.84324324 	-0.05 	0.546 	52.380953 	-5.1462686 	6.4179755
-0.84204204 	-0.05 	0.546 	52.399032 	-5.1413528 	6.4273506
-0.84084084 	-0.05 	0.546 	52.417111 	-5.136437 	6.4367257
-0.83963964 	-0.05 	0.546 	52.435191 	-5.1315213 	6.4461009
-0.83843844 	-0.05 	0.546 	52.45327 	-5.1266055 	6.455476
-0.83723724 	-0.05 	0.546 	52.471349 	-5.1216897 	6.4648511
-0.83603604 	-0.05 	0.546 	52.489429 	-5.116774 	6.4742262
-0.83483483 	-0.05 	0.546 	52.507508 	-5.1118582 	6.4836013
-0.83363363 	-0.05 	0.546 	52.525588 	-5.1069424 	6.4929765
-0.83243243 	-0.05 	0.546 	52.543667 	-5.1020266 	6.5023516
-0.83123123 	-0.05 	0.546 	52.561746 	-5.0971109 	6.5117267
-0.83003003 	-0.05 	0.546 	52.579826 	-5.0921951 	6.5211018
-0.82882883 	-0.05 	0.546 	52.597905 	-5.0872793 	6.5304769
-0.82762763 	-0.05 	0.546 	52.615984 	-5.0823636 	6.5398521
-0.82642643 	-0.05 	0.546 	52.634064 	-5.0774478 	6.5492272
-0.82522523 	-0.05 	0.546 	52.652143 	-5.072532 	6.5586023
-0.82402402 	-0.05 	0.546 	52.670222 	-5.0676162 	6.5679774
-0.82282282 	-0.05 	0.546 	52.688302 	-5.0627005 	6.5773525
-0.82162162 	-0.05 	0.546 	52.706381 	-5.0577847 	6.5867277
-0.82042042 	-0.05 	0.546 	52.724461 	-5.0528689 	6.5961028
-0.81921922 	-0.05 	0.546 	52.74254 	-5.0479532 	6.6054779
-0.81801802 	-0.05 	0.546 	52.760619 	-5.0430374 	6.614853
-0.81681682 	-0.05 	0.546 	52.778699 	-5.0381216 	6.6242281
-0.81561562 	-0.05 	0.546 	52.796778 	-5.0332058 	6.6336033
-0.81441441 	-0.05 	0.546 	52.814857 	-5.0282901 	6.6429784
-0.81321321 	-0.05 	0.546 	52.832937 	-5.0233743 	6.6523535
-0.81201201 	-0.05 	0.546 	52.851016 	-5.0184585 	6.6617286
-0.81081081 	-0.05 	0.546 	52.869096 	-5.0135428 	6.6711037
-0.80960961 	-0.05 	0.546 	52.887175 	-5.008627 	6.6804789
-0.80840841 	-0.05 	0.546 	52.905254 	-5.0037112 	6.689854
-0.80720721 	-0.05 	0.546 	52.923334 	-4.9987955 	6.6992291
-0.80600601 	-0.05 	0.546 	52.941413 	-4.9938797 	6.7086042
-0.8048048 	-0.05 	0.546 	52.959492 	-4.9889639 	6.7179793
-0.8036036 	-0.05 	0.546 	52.977572 	-4.9840481 	6.7273545
-0.8024024 	-0.05 	0.546 	52.995651 	-4.9791324 	6.7367296
-0.8012012 	-0.05 	0.546 	53.01373 	-4.9742166 	6.7461047
-0.8 	-0.05 	0.546 	53.03181 	-4.9693008 	6.7554798
-0.7987988 	-0.05 	0.546 	53.048141 	-4.9633544 	6.7642937
-0.7975976 	-0.05 	0.546 	53.063436 	-4.9567969 	6.7727748
-0.7963964 	-0.05 	0.546 	53.078732 	-4.9502395 	6.781256
-0.7951952 	-0.05 	0.546 	53.094027 	-4.943682 	6.7897371
-0.79399399 	-0.05 	0.546 	53.109322 	-4.9371246 	6.7982183
-0.79279279 	-0.05 	0.546 	53.125035 	-4.9310276 	6.8068307
-0.79159159 	-0.05 	0.546 	53.14324 	-4.9276795 	6.8162265
-0.79039039 	-0.05 	0.546 	53.161446 	-4.9243315 	6.8256224
-0.78918919 	-0.05 	0.546 	53.179651 	-4.9209834 	6.8350183
-0.78798799 	-0.05 	0.546 	53.197857 	-4.9176354 	6.8444141
-0.78678679 	-0.05 	0.546 	53.216062 	-4.9142874 	6.85381
-0.78558559 	-0.05 	0.546 	53.230784 	-4.9102559 	6.8619463
-0.78438438 	-0.05 	0.546 	53.243695 	-4.9058693 	6.869428
-0.78318318 	-0.05 	0.546 	53.256606 	-4.9014827 	6.8769097
-0.78198198 	-0.05 	0.546 	53.269518 	-4.8970961 	6.8843914
-0.78078078 	-0.05 	0.546 	53.282429 	-4.8927095 	6.891873
-0.77957958 	-0.05 	0.546 	53.29534 	-4.8883229 	6.8993547
-0.77837838 	-0.05 	0.546 	53.308251 	-4.8839363 	6.9068364
-0.77717718 	-0.05 	0.546 	53.321162 	-4.8795497 	6.9143181
-0.77597598 	-0.05 	0.546 	53.334073 	-4.8751631 	6.9217998
-0.77477477 	-0.05 	0.546 	53.346985 	-4.8707765 	6.9292814
-0.77357357 	-0.05 	0.546 	53.359896 	-4.8663899 	6.9367631
-0.77237237 	-0.05 	0.546 	53.372807 	-4.8620033 	6.9442448
-0.77117117 	-0.05 	0.546 	53.385718 	-4.8576167 	6.9517265
-0.76996997 	-0.05 	0.546 	53.398629 	-4.8532301 	6.9592082
-0.76876877 	-0.05 	0.546 	53.41154 	-4.8488435 	6.9666898
-0.76756757 	-0.05 	0.546 	53.424452 	-4.8444569 	6.9741715
-0.76636637 	-0.05 	0.546 	53.437363 	-4.8400703 	6.9816532
-0.76516517 	-0.05 	0.546 	53.450274 	-4.8356837 	6.9891349
-0.76396396 	-0.05 	0.546 	53.463185 	-4.8312971 	6.9966166
-0.76276276 	-0.05 	0.546 	53.476096 	-4.8269105 	7.0040982
-0.76156156 	-0.05 	0.546 	53.489007 	-4.8225239 	7.0115799
-0.76036036 	-0.05 	0.546 	53.501919 	-4.8181373 	7.0190616
-0.75915916 	-0.05 	0.546 	53.51483 	-4.8137507 	7.0265433
-0.75795796 	-0.05 	0.546 	53.527741 	-4.8093641 	7.034025
-0.75675676 	-0.05 	0.546 	53.540652 	-4.8049775 	7.0415066
-0.75555556 	-0.05 	0.546 	53.553563 	-4.8005909 	7.0489883
-0.75435435 	-0.05 	0.546 	53.566474 	-4.7962043 	7.05647
-0.75315315 	-0.05 	0.546 	53.579386 	-4.7918177 	7.0639517
-0.75195195 	-0.05 	0.546 	53.592297 	-4.7874311 	7.0714334
-0.75075075 	-0.05 	0.546 	53.605208 	-4.7830445 	7.078915
-0.74954955 	-0.05 	0.546 	53.618119 	-4.7786579 	7.0863967
-0.74834835 	-0.05 	0.546 	53.63103 	-4.7742713 	7.0938784
-0.74714715 	-0.05 	0.546 	53.643941 	-4.7698847 	7.1013601
-0.74594595 	-0.05 	0.546 	53.656852 	-4.7654981 	7.1088418
-0.74474474 	-0.05 	0.546 	53.669764 	-4.7611115 	7.1163234
-0.74354354 	-0.05 	0.546 	53.682675 	-4.7567249 	7.1238051
-0.74234234 	-0.05 	0.546 	53.695586 	-4.7523383 	7.1312868
-0.74114114 	-0.05 	0.546 	53.708497 	-4.7479517 	7.1387685
-0.73993994 	-0.05 	0.546 	53.721408 	-4.7435651 	7.1462502
-0.73873874 	-0.05 	0.546 	53.734401 	-4.7392213 	7.1539512
-0.73753754 	-0.05 	0.546 	53.746231 	-4.7354847 	7.1611626
-0.73633634 	-0.05 	0.546 	53.756298 	-4.7311397 	7.1676521
-0.73513514 	-0.05 	0.546 	53.766366 	-4.7267946 	7.1741417
-0.73393393 	-0.05 	0.546 	53.776434 	-4.7224495 	7.1806312
-0.73273273 	-0.05 	0.546 	53.786501 	-4.7181045 	7.1871208
-0.73153153 	-0.05 	0.546 	53.796368 	-4.7121342 	7.1934388
-0.73033033 	-0.05 	0.546 	53.805867 	-4.7031932 	7.1994431
-0.72912913 	-0.05 	0.546 	53.815366 	-4.6942523 	7.2054475
-0.72792793 	-0.05 	0.546 	53.824118 	-4.6864829 	7.2117352
-0.72672673 	-0.05 	0.546 	53.832394 	-4.6794584 	7.2182031
-0.72552553 	-0.05 	0.546 	53.84067 	-4.6724338 	7.2246709
-0.72432432 	-0.05 	0.546 	53.849637 	-4.6659578 	7.231593
-0.72312312 	-0.05 	0.546 	53.859987 	-4.660582 	7.2394262
-0.72192192 	-0.05 	0.546 	53.870338 	-4.6552062 	7.2472595
-0.72072072 	-0.05 	0.546 	53.880688 	-4.6498305 	7.2550927
-0.71951952 	-0.05 	0.546 	53.891038 	-4.6444547 	7.262926
-0.71831832 	-0.05 	0.546 	53.901389 	-4.6390789 	7.2707592
-0.71711712 	-0.05 	0.546 	53.911739 	-4.6337032 	7.2785925
-0.71591592 	-0.05 	0.546 	53.92209 	-4.6283274 	7.2864258
-0.71471471 	-0.05 	0.546 	53.93244 	-4.6229516 	7.294259
-0.71351351 	-0.05 	0.546 	53.94279 	-4.6175759 	7.3020923
-0.71231231 	-0.05 	0.546 	53.953141 	-4.6122001 	7.3099255
-0.71111111 	-0.05 	0.546 	53.963491 	-4.6068243 	7.3177588
-0.70990991 	-0.05 	0.546 	53.973841 	-4.6014486 	7.325592
-0.70870871 	-0.05 	0.546 	53.984192 	-4.5960728 	7.3334253
-0.70750751 	-0.05 	0.546 	53.994542 	-4.590697 	7.3412585
-0.70630631 	-0.05 	0.546 	54.004893 	-4.5853213 	7.3490918
-0.70510511 	-0.05 	0.546 	54.015243 	-4.5799455 	7.3569251
-0.7039039 	-0.05 	0.546 	54.024901 	-4.5759829 	7.3649309
-0.7027027 	-0.05 	0.546 	54.034276 	-4.5725982 	7.3730074
-0.7015015 	-0.05 	0.546 	54.043651 	-4.5692136 	7.3810839
-0.7003003 	-0.05 	0.546 	54.05438 	-4.558822 	7.3901037
-0.6990991 	-0.05 	0.546 	54.065153 	-4.5481939 	7.3991553
-0.6978979 	-0.05 	0.546 	54.075712 	-4.5386181 	7.40817
-0.6966967 	-0.05 	0.546 	54.085529 	-4.532669 	7.4170573
-0.6954955 	-0.05 	0.546 	54.095346 	-4.5267198 	7.4259446
-0.69429429 	-0.05 	0.546 	54.105163 	-4.5207706 	7.4348319
-0.69309309 	-0.05 	0.546 	54.11498 	-4.5148215 	7.4437192
-0.69189189 	-0.05 	0.546 	54.124797 	-4.5088723 	7.4526065
-0.69069069 	-0.05 	0.546 	54.134614 	-4.5029232 	7.4614938
-0.68948949 	-0.05 	0.546 	54.144431 	-4.496974 	7.4703811
-0.68828829 	-0.05 	0.546 	54.154248 	-4.4910248 	7.4792684
-0.68708709 	-0.05 	0.546 	54.164066 	-4.4850757 	7.4881557
-0.68588589 	-0.05 	0.546 	54.173883 	-4.4791265 	7.497043
-0.68468468 	-0.05 	0.546 	54.1837 	-4.4731774 	7.5059303
-0.68348348 	-0.05 	0.546 	54.193517 	-4.4672282 	7.5148176
-0.68228228 	-0.05 	0.546 	54.203334 	-4.461279 	7.5237049
-0.68108108 	-0.05 	0.546 	54.213151 	-4.4553299 	7.5325922
-0.67987988 	-0.05 	0.546 	54.222968 	-4.4493807 	7.5414795
-0.67867868 	-0.05 	0.546 	54.232785 	-4.4434315 	7.5503668
-0.67747748 	-0.05 	0.546 	54.242588 	-4.437164 	7.559191
-0.67627628 	-0.05 	0.546 	54.252364 	-4.4302723 	7.5678912
-0.67507508 	-0.05 	0.546 	54.26214 	-4.4233806 	7.5765915
-0.67387387 	-0.05 	0.546 	54.271652 	-4.417988 	7.5850897
-0.67267267 	-0.05 	0.546 	54.280615 	-4.4157255 	7.5931658
-0.67147147 	-0.05 	0.546 	54.289577 	-4.413463 	7.6012419
-0.67027027 	-0.05 	0.546 	54.29857 	-4.4095746 	7.6097692
-0.66906907 	-0.05 	0.546 	54.307585 	-4.4045172 	7.6186209
-0.66786787 	-0.05 	0.546 	54.3166 	-4.3994599 	7.6274726
-0.66666667 	-0.05 	0.546 	54.325169 	-4.3943404 	7.6360786
-0.66546547 	-0.05 	0.546 	54.333652 	-4.389209 	7.6446375
-0.66426426 	-0.05 	0.546 	54.342136 	-4.3840776 	7.6531964
-0.66306306 	-0.05 	0.546 	54.350801 	-4.3786081 	7.6619151
-0.66186186 	-0.05 	0.546 	54.359493 	-4.373089 	7.6706572
-0.66066066 	-0.05 	0.546 	54.368186 	-4.3675699 	7.6793992
-0.65945946 	-0.05 	0.546 	54.376878 	-4.3620507 	7.6881413
-0.65825826 	-0.05 	0.546 	54.38557 	-4.3565316 	7.6968834
-0.65705706 	-0.05 	0.546 	54.394262 	-4.3510125 	7.7056255
-0.65585586 	-0.05 	0.546 	54.402954 	-4.3454934 	7.7143676
-0.65465465 	-0.05 	0.546 	54.411646 	-4.3399743 	7.7231096
-0.65345345 	-0.05 	0.546 	54.420339 	-4.3344552 	7.7318517
-0.65225225 	-0.05 	0.546 	54.429031 	-4.328936 	7.7405938
-0.65105105 	-0.05 	0.546 	54.437723 	-4.3234169 	7.7493359
-0.64984985 	-0.05 	0.546 	54.446415 	-4.3178978 	7.7580779
-0.64864865 	-0.05 	0.546 	54.455107 	-4.3123787 	7.76682
-0.64744745 	-0.05 	0.546 	54.463799 	-4.3068596 	7.7755621
-0.64624625 	-0.05 	0.546 	54.472491 	-4.3013405 	7.7843042
-0.64504505 	-0.05 	0.546 	54.481184 	-4.2958213 	7.7930463
-0.64384384 	-0.05 	0.546 	54.489876 	-4.2903022 	7.8017883
-0.64264264 	-0.05 	0.546 	54.498219 	-4.284725 	7.8098916
-0.64144144 	-0.05 	0.546 	54.506538 	-4.2791437 	7.8179499
-0.64024024 	-0.05 	0.546 	54.514746 	-4.2734778 	7.8261165
-0.63903904 	-0.05 	0.546 	54.522486 	-4.2674538 	7.8347414
-0.63783784 	-0.05 	0.546 	54.530226 	-4.2614298 	7.8433663
-0.63663664 	-0.05 	0.546 	54.537902 	-4.2556172 	7.8519658
-0.63543544 	-0.05 	0.546 	54.545498 	-4.2500642 	7.8605343
-0.63423423 	-0.05 	0.546 	54.553094 	-4.2445113 	7.8691027
-0.63303303 	-0.05 	0.546 	54.560691 	-4.2389583 	7.8776711
-0.63183183 	-0.05 	0.546 	54.568287 	-4.2334054 	7.8862395
-0.63063063 	-0.05 	0.546 	54.575883 	-4.2278524 	7.894808
-0.62942943 	-0.05 	0.546 	54.58348 	-4.2222995 	7.9033764
-0.62822823 	-0.05 	0.546 	54.591076 	-4.2167466 	7.9119448
-0.62702703 	-0.05 	0.546 	54.598672 	-4.2111936 	7.9205132
-0.62582583 	-0.05 	0.546 	54.606268 	-4.2056407 	7.9290816
-0.62462462 	-0.05 	0.546 	54.613865 	-4.2000877 	7.9376501
-0.62342342 	-0.05 	0.546 	54.621461 	-4.1945348 	7.9462185
-0.62222222 	-0.05 	0.546 	54.629057 	-4.1889818 	7.9547869
-0.62102102 	-0.05 	0.546 	54.636654 	-4.1834289 	7.9633553
-0.61981982 	-0.05 	0.546 	54.64425 	-4.177876 	7.9719238
-0.61861862 	-0.05 	0.546 	54.651846 	-4.172323 	7.9804922
-0.61741742 	-0.05 	0.546 	54.659442 	-4.1667701 	7.9890606
-0.61621622 	-0.05 	0.546 	54.666923 	-4.1613395 	7.9975583
-0.61501502 	-0.05 	0.546 	54.674258 	-4.1560634 	8.0059668
-0.61381381 	-0.05 	0.546 	54.681594 	-4.1507872 	8.0143752
-0.61261261 	-0.05 	0.546 	54.688939 	-4.1458013 	8.0225879
-0.61141141 	-0.05 	0.546 	54.696292 	-4.1410568 	8.0306377
-0.61021021 	-0.05 	0.546 	54.703644 	-4.1363123 	8.0386875
-0.60900901 	-0.05 	0.546 	54.710366 	-4.1322968 	8.0469666
-0.60780781 	-0.05 	0.546 	54.716932 	-4.1284597 	8.0553019
-0.60660661 	-0.05 	0.546 	54.723464 	-4.1245674 	8.0636316
-0.60540541 	-0.05 	0.546 	54.729463 	-4.1198251 	8.0718769
-0.6042042 	-0.05 	0.546 	54.735461 	-4.1150828 	8.0801222
-0.603003 	-0.05 	0.546 	54.741505 	-4.1102115 	8.0883943
-0.6018018 	-0.05 	0.546 	54.747722 	-4.1048378 	8.0967707
-0.6006006 	-0.05 	0.546 	54.753939 	-4.0994641 	8.105147
-0.5993994 	-0.05 	0.546 	54.760156 	-4.0940904 	8.1135233
-0.5981982 	-0.05 	0.546 	54.766373 	-4.0887167 	8.1218996
-0.596997 	-0.05 	0.546 	54.772589 	-4.083343 	8.130276
-0.5957958 	-0.05 	0.546 	54.778806 	-4.0779693 	8.1386523
-0.59459459 	-0.05 	0.546 	54.785023 	-4.0725956 	8.1470286
-0.59339339 	-0.05 	0.546 	54.79124 	-4.0672219 	8.1554049
-0.59219219 	-0.05 	0.546 	54.797457 	-4.0618482 	8.1637813
-0.59099099 	-0.05 	0.546 	54.803674 	-4.0564745 	8.1721576
-0.58978979 	-0.05 	0.546 	54.809891 	-4.0511008 	8.1805339
-0.58858859 	-0.05 	0.546 	54.816108 	-4.0457271 	8.1889102
-0.58738739 	-0.05 	0.546 	54.822325 	-4.0403534 	8.1972866
-0.58618619 	-0.05 	0.546 	54.828542 	-4.0349797 	8.2056629
-0.58498498 	-0.05 	0.546 	54.834759 	-4.029606 	8.2140392
-0.58378378 	-0.05 	0.546 	54.840976 	-4.0242323 	8.2224155
-0.58258258 	-0.05 	0.546 	54.847128 	-4.0187146 	8.2307163
-0.58138138 	-0.05 	0.546 	54.852939 	-4.0124436 	8.2386218
-0.58018018 	-0.05 	0.546 	54.858749 	-4.0061726 	8.2465273
-0.57897898 	-0.05 	0.546 	54.864232 	-4.0004081 	8.2545339
-0.57777778 	-0.05 	0.546 	54.869258 	-3.995348 	8.262681
-0.57657658 	-0.05 	0.546 	54.874285 	-3.9902879 	8.2708281
-0.57537538 	-0.05 	0.546 	54.879214 	-3.9849459 	8.2789868
-0.57417417 	-0.05 	0.546 	54.884097 	-3.9794689 	8.287151
-0.57297297 	-0.05 	0.546 	54.88898 	-3.9739918 	8.2953151
-0.57177177 	-0.05 	0.546 	54.893863 	-3.9685148 	8.3034793
-0.57057057 	-0.05 	0.546 	54.898745 	-3.9630377 	8.3116434
-0.56936937 	-0.05 	0.546 	54.903628 	-3.9575607 	8.3198076
-0.56816817 	-0.05 	0.546 	54.908511 	-3.9520837 	8.3279717
-0.56696697 	-0.05 	0.546 	54.913394 	-3.9466066 	8.3361359
-0.56576577 	-0.05 	0.546 	54.918276 	-3.9411296 	8.3443001
-0.56456456 	-0.05 	0.546 	54.923159 	-3.9356525 	8.3524642
-0.56336336 	-0.05 	0.546 	54.928042 	-3.9301755 	8.3606284
-0.56216216 	-0.05 	0.546 	54.932925 	-3.9246984 	8.3687925
-0.56096096 	-0.05 	0.546 	54.937807 	-3.9192214 	8.3769567
-0.55975976 	-0.05 	0.546 	54.94269 	-3.9137443 	8.3851209
-0.55855856 	-0.05 	0.546 	54.947573 	-3.9082673 	8.393285
-0.55735736 	-0.05 	0.546 	54.952455 	-3.9027902 	8.4014492
-0.55615616 	-0.05 	0.546 	54.957338 	-3.8973132 	8.4096133
-0.55495495 	-0.05 	0.546 	54.96218 	-3.8919154 	8.4177379
-0.55375375 	-0.05 	0.546 	54.966963 	-3.8866322 	8.4258052
-0.55255255 	-0.05 	0.546 	54.971746 	-3.8813491 	8.4338725
-0.55135135 	-0.05 	0.546 	54.976557 	-3.8756995 	8.4415852
-0.55015015 	-0.05 	0.546 	54.981376 	-3.869945 	8.4491963
-0.54894895 	-0.05 	0.546 	54.98617 	-3.8642457 	8.4568229
-0.54774775 	-0.05 	0.546 	54.990288 	-3.8600423 	8.4648687
-0.54654655 	-0.05 	0.546 	54.994405 	-3.855839 	8.4729144
-0.54534535 	-0.05 	0.546 	54.998387 	-3.8516668 	8.4809042
-0.54414414 	-0.05 	0.546 	55.002042 	-3.8475697 	8.4887589
-0.54294294 	-0.05 	0.546 	55.005697 	-3.8434726 	8.4966136
-0.54174174 	-0.05 	0.546 	55.009338 	-3.8386652 	8.5045211
-0.54054054 	-0.05 	0.546 	55.012975 	-3.8335483 	8.5124517
-0.53933934 	-0.05 	0.546 	55.016611 	-3.8284313 	8.5203822
-0.53813814 	-0.05 	0.546 	55.020247 	-3.8233143 	8.5283128
-0.53693694 	-0.05 	0.546 	55.023884 	-3.8181974 	8.5362433
-0.53573574 	-0.05 	0.546 	55.02752 	-3.8130804 	8.5441739
-0.53453453 	-0.05 	0.546 	55.031156 	-3.8079635 	8.5521044
-0.53333333 	-0.05 	0.546 	55.034792 	-3.8028465 	8.560035
-0.53213213 	-0.05 	0.546 	55.038429 	-3.7977296 	8.5679655
-0.53093093 	-0.05 	0.546 	55.042065 	-3.7926126 	8.5758961
-0.52972973 	-0.05 	0.546 	55.045701 	-3.7874957 	8.5838266
-0.52852853 	-0.05 	0.546 	55.049337 	-3.7823787 	8.5917571
-0.52732733 	-0.05 	0.546 	55.052974 	-3.7772618 	8.5996877
-0.52612613 	-0.05 	0.546 	55.05661 	-3.7721448 	8.6076182
-0.52492492 	-0.05 	0.546 	55.060246 	-3.7670278 	8.6155488
-0.52372372 	-0.05 	0.546 	55.063883 	-3.7619109 	8.6234793
-0.52252252 	-0.05 	0.546 	55.067519 	-3.7567939 	8.6314099
-0.52132132 	-0.05 	0.546 	55.071045 	-3.7517217 	8.6391184
-0.52012012 	-0.05 	0.546 	55.074399 	-3.7467195 	8.6464794
-0.51891892 	-0.05 	0.546 	55.077753 	-3.7417173 	8.6538404
-0.51771772 	-0.05 	0.546 	55.080778 	-3.7369206 	8.6615223
-0.51651652 	-0.05 	0.546 	55.083622 	-3.732236 	8.6693792
-0.51531532 	-0.05 	0.546 	55.086466 	-3.7275514 	8.6772361
-0.51411411 	-0.05 	0.546 	55.088718 	-3.7226266 	8.6849412
-0.51291291 	-0.05 	0.546 	55.090907 	-3.7176766 	8.6926302
-0.51171171 	-0.05 	0.546 	55.093097 	-3.7127265 	8.7003193
-0.51051051 	-0.05 	0.546 	55.095286 	-3.7077765 	8.7080083
-0.50930931 	-0.05 	0.546 	55.097475 	-3.7028265 	8.7156974
-0.50810811 	-0.05 	0.546 	55.099664 	-3.6978764 	8.7233865
-0.50690691 	-0.05 	0.546 	55.101854 	-3.6929264 	8.7310755
-0.50570571 	-0.05 	0.546 	55.104043 	-3.6879763 	8.7387646
-0.5045045 	-0.05 	0.546 	55.106232 	-3.6830263 	8.7464536
-0.5033033 	-0.05 	0.546 	55.108421 	-3.6780763 	8.7541427
-0.5021021 	-0.05 	0.546 	55.110611 	-3.6731262 	8.7618318
-0.5009009 	-0.05 	0.546 	55.1128 	-3.6681762 	8.7695208
-0.4996997 	-0.05 	0.546 	55.114989 	-3.6632261 	8.7772099
-0.4984985 	-0.05 	0.546 	55.117178 	-3.6582761 	8.7848989
-0.4972973 	-0.05 	0.546 	55.119368 	-3.6533261 	8.792588
-0.4960961 	-0.05 	0.546 	55.121557 	-3.648376 	8.8002771
-0.49489489 	-0.05 	0.546 	55.123746 	-3.643426 	8.8079661
-0.49369369 	-0.05 	0.546 	55.125949 	-3.6386745 	8.8156291
-0.49249249 	-0.05 	0.546 	55.128162 	-3.6340726 	8.8232723
-0.49129129 	-0.05 	0.546 	55.130373 	-3.62947 	8.830914
-0.49009009 	-0.05 	0.546 	55.132105 	-3.624688 	8.838114
-0.48888889 	-0.05 	0.546 	55.133836 	-3.619906 	8.8453141
-0.48768769 	-0.05 	0.546 	55.135496 	-3.6150275 	8.8526105
-0.48648649 	-0.05 	0.546 	55.136954 	-3.6098762 	8.8601793
-0.48528529 	-0.05 	0.546 	55.138412 	-3.6047248 	8.8677482
-0.48408408 	-0.05 	0.546 	55.139587 	-3.5998172 	8.8752441
-0.48288288 	-0.05 	0.546 	55.1405 	-3.5951352 	8.8826724
-0.48168168 	-0.05 	0.546 	55.141413 	-3.5904533 	8.8901007
-0.48048048 	-0.05 	0.546 	55.142237 	-3.5855907 	8.897546
-0.47927928 	-0.05 	0.546 	55.143059 	-3.5807247 	8.9049915
-0.47807808 	-0.05 	0.546 	55.143881 	-3.5758588 	8.9124371
-0.47687688 	-0.05 	0.546 	55.144703 	-3.5709928 	8.9198827
-0.47567568 	-0.05 	0.546 	55.145525 	-3.5661268 	8.9273282
-0.47447447 	-0.05 	0.546 	55.146347 	-3.5612608 	8.9347738
-0.47327327 	-0.05 	0.546 	55.14717 	-3.5563948 	8.9422194
-0.47207207 	-0.05 	0.546 	55.147992 	-3.5515289 	8.9496649
-0.47087087 	-0.05 	0.546 	55.148814 	-3.5466629 	8.9571105
-0.46966967 	-0.05 	0.546 	55.149636 	-3.5417969 	8.9645561
-0.46846847 	-0.05 	0.546 	55.150458 	-3.5369309 	8.9720016
-0.46726727 	-0.05 	0.546 	55.151281 	-3.532065 	8.9794472
-0.46606607 	-0.05 	0.546 	55.152103 	-3.527199 	8.9868928
-0.46486486 	-0.05 	0.546 	55.152925 	-3.522333 	8.9943383
-0.46366366 	-0.05 	0.546 	55.153747 	-3.517467 	9.0017839
-0.46246246 	-0.05 	0.546 	55.154569 	-3.512601 	9.0092295
-0.46126126 	-0.05 	0.546 	55.155391 	-3.5077351 	9.016675
-0.46006006 	-0.05 	0.546 	55.155988 	-3.503165 	9.0238038
-0.45885886 	-0.05 	0.546 	55.156445 	-3.4987769 	9.0307378
-0.45765766 	-0.05 	0.546 	55.156903 	-3.4943888 	9.0376718
-0.45645646 	-0.05 	0.546 	55.157226 	-3.4895143 	9.045003
-0.45525526 	-0.05 	0.546 	55.157531 	-3.4845719 	9.0523899
-0.45405405 	-0.05 	0.546 	55.157736 	-3.4796524 	9.0597514
-0.45285285 	-0.05 	0.546 	55.157297 	-3.4748802 	9.0669505
-0.45165165 	-0.05 	0.546 	55.156858 	-3.470108 	9.0741496
-0.45045045 	-0.05 	0.546 	55.15642 	-3.4653357 	9.0813487
-0.44924925 	-0.05 	0.546 	55.155981 	-3.4605635 	9.0885478
-0.44804805 	-0.05 	0.546 	55.155542 	-3.4557912 	9.0957469
-0.44684685 	-0.05 	0.546 	55.155104 	-3.451019 	9.102946
-0.44564565 	-0.05 	0.546 	55.154665 	-3.4462468 	9.1101452
-0.44444444 	-0.05 	0.546 	55.154226 	-3.4414745 	9.1173443
-0.44324324 	-0.05 	0.546 	55.153788 	-3.4367023 	9.1245434
-0.44204204 	-0.05 	0.546 	55.153349 	-3.43193 	9.1317425
-0.44084084 	-0.05 	0.546 	55.15291 	-3.4271578 	9.1389416
-0.43963964 	-0.05 	0.546 	55.152471 	-3.4223855 	9.1461407
-0.43843844 	-0.05 	0.546 	55.152033 	-3.4176133 	9.1533398
-0.43723724 	-0.05 	0.546 	55.151594 	-3.4128411 	9.160539
-0.43603604 	-0.05 	0.546 	55.151155 	-3.4080688 	9.1677381
-0.43483483 	-0.05 	0.546 	55.150717 	-3.4032966 	9.1749372
-0.43363363 	-0.05 	0.546 	55.150278 	-3.3985243 	9.1821363
-0.43243243 	-0.05 	0.546 	55.149913 	-3.3938862 	9.1893386
-0.43123123 	-0.05 	0.546 	55.149598 	-3.3893408 	9.1965432
-0.43003003 	-0.05 	0.546 	55.149152 	-3.3848368 	9.2036159
-0.42882883 	-0.05 	0.546 	55.148282 	-3.3804658 	9.2102655
-0.42762763 	-0.05 	0.546 	55.147412 	-3.3760948 	9.2169152
-0.42642643 	-0.05 	0.546 	55.146523 	-3.3714304 	9.2238315
-0.42522523 	-0.05 	0.546 	55.145615 	-3.3664681 	9.2310188
-0.42402402 	-0.05 	0.546 	55.144706 	-3.3615058 	9.2382061
-0.42282282 	-0.05 	0.546 	55.14328 	-3.3568603 	9.2452195
-0.42162162 	-0.05 	0.546 	55.141685 	-3.3523181 	9.2521763
-0.42042042 	-0.05 	0.546 	55.140039 	-3.3476823 	9.2591245
-0.41921922 	-0.05 	0.546 	55.138324 	-3.3429201 	9.2660612
-0.41801802 	-0.05 	0.546 	55.136608 	-3.3381579 	9.2729979
-0.41681682 	-0.05 	0.546 	55.134893 	-3.3333957 	9.2799346
-0.41561562 	-0.05 	0.546 	55.133178 	-3.3286335 	9.2868714
-0.41441441 	-0.05 	0.546 	55.131463 	-3.3238713 	9.2938081
-0.41321321 	-0.05 	0.546 	55.129747 	-3.3191091 	9.3007448
-0.41201201 	-0.05 	0.546 	55.128032 	-3.3143469 	9.3076815
-0.41081081 	-0.05 	0.546 	55.126317 	-3.3095847 	9.3146182
-0.40960961 	-0.05 	0.546 	55.124601 	-3.3048225 	9.3215549
-0.40840841 	-0.05 	0.546 	55.122886 	-3.3000603 	9.3284916
-0.40720721 	-0.05 	0.546 	55.121171 	-3.2952981 	9.3354283
-0.40600601 	-0.05 	0.546 	55.119456 	-3.2905358 	9.342365
-0.4048048 	-0.05 	0.546 	55.11774 	-3.2857736 	9.3493017
-0.4036036 	-0.05 	0.546 	55.116025 	-3.2810114 	9.3562385
-0.4024024 	-0.05 	0.546 	55.11431 	-3.2762492 	9.3631752
-0.4012012 	-0.05 	0.546 	55.112595 	-3.271487 	9.3701119
-0.4 	-0.05 	0.546 	55.110879 	-3.2667248 	9.3770486
-0.3987988 	-0.05 	0.546 	55.108756 	-3.2622574 	9.3833917
-0.3975976 	-0.05 	0.546 	55.106562 	-3.2578409 	9.3896324
-0.3963964 	-0.05 	0.546 	55.104379 	-3.2533941 	9.3959651
-0.3951952 	-0.05 	0.546 	55.102275 	-3.2487042 	9.4030379
-0.39399399 	-0.05 	0.546 	55.10017 	-3.2440142 	9.4101108
-0.39279279 	-0.05 	0.546 	55.097768 	-3.2392663 	9.417034
-0.39159159 	-0.05 	0.546 	55.094856 	-3.2344189 	9.4237008
-0.39039039 	-0.05 	0.546 	55.091943 	-3.2295715 	9.4303676
-0.38918919 	-0.05 	0.546 	55.08903 	-3.224724 	9.4370344
-0.38798799 	-0.05 	0.546 	55.086118 	-3.2198766 	9.4437011
-0.38678679 	-0.05 	0.546 	55.083205 	-3.2150292 	9.4503679
-0.38558559 	-0.05 	0.546 	55.080292 	-3.2101818 	9.4570347
-0.38438438 	-0.05 	0.546 	55.07738 	-3.2053344 	9.4637015
-0.38318318 	-0.05 	0.546 	55.074467 	-3.200487 	9.4703683
-0.38198198 	-0.05 	0.546 	55.071554 	-3.1956396 	9.477035
-0.38078078 	-0.05 	0.546 	55.068641 	-3.1907921 	9.4837018
-0.37957958 	-0.05 	0.546 	55.065729 	-3.1859447 	9.4903686
-0.37837838 	-0.05 	0.546 	55.062816 	-3.1810973 	9.4970354
-0.37717718 	-0.05 	0.546 	55.059903 	-3.1762499 	9.5037022
-0.37597598 	-0.05 	0.546 	55.056991 	-3.1714025 	9.5103689
-0.37477477 	-0.05 	0.546 	55.054078 	-3.1665551 	9.5170357
-0.37357357 	-0.05 	0.546 	55.051165 	-3.1617077 	9.5237025
-0.37237237 	-0.05 	0.546 	55.048252 	-3.1568602 	9.5303693
-0.37117117 	-0.05 	0.546 	55.04548 	-3.1520717 	9.5370575
-0.36996997 	-0.05 	0.546 	55.042748 	-3.1472999 	9.5437518
-0.36876877 	-0.05 	0.546 	55.039735 	-3.1424591 	9.5500877
-0.36756757 	-0.05 	0.546 	55.036401 	-3.1375396 	9.5560151
-0.36636637 	-0.05 	0.546 	55.033068 	-3.1326201 	9.5619426
-0.36516517 	-0.05 	0.546 	55.029898 	-3.1277765 	9.568529
-0.36396396 	-0.05 	0.546 	55.02679 	-3.1229616 	9.5753651
-0.36276276 	-0.05 	0.546 	55.023682 	-3.1181467 	9.5822013
-0.36156156 	-0.05 	0.546 	55.01991 	-3.1139054 	9.5886431
-0.36036036 	-0.05 	0.546 	55.016126 	-3.1096738 	9.5950782
-0.35915916 	-0.05 	0.546 	55.012172 	-3.1052043 	9.601481
-0.35795796 	-0.05 	0.546 	55.008144 	-3.1006312 	9.6078698
-0.35675676 	-0.05 	0.546 	55.004116 	-3.0960582 	9.6142586
-0.35555556 	-0.05 	0.546 	55.000088 	-3.0914851 	9.6206474
-0.35435435 	-0.05 	0.546 	54.99606 	-3.0869121 	9.6270362
-0.35315315 	-0.05 	0.546 	54.992032 	-3.082339 	9.633425
-0.35195195 	-0.05 	0.546 	54.988004 	-3.077766 	9.6398138
-0.35075075 	-0.05 	0.546 	54.983976 	-3.0731929 	9.6462025
-0.34954955 	-0.05 	0.546 	54.979948 	-3.0686199 	9.6525913
-0.34834835 	-0.05 	0.546 	54.97592 	-3.0640468 	9.6589801
-0.34714715 	-0.05 	0.546 	54.971892 	-3.0594738 	9.6653689
-0.34594595 	-0.05 	0.546 	54.967864 	-3.0549007 	9.6717577
-0.34474474 	-0.05 	0.546 	54.963836 	-3.0503277 	9.6781465
-0.34354354 	-0.05 	0.546 	54.959808 	-3.0457546 	9.6845353
-0.34234234 	-0.05 	0.546 	54.95578 	-3.0411816 	9.6909241
-0.34114114 	-0.05 	0.546 	54.951752 	-3.0366085 	9.6973128
-0.33993994 	-0.05 	0.546 	54.947724 	-3.0320355 	9.7037016
-0.33873874 	-0.05 	0.546 	54.943656 	-3.02752 	9.7100341
-0.33753754 	-0.05 	0.546 	54.93916 	-3.0236231 	9.7157621
-0.33633634 	-0.05 	0.546 	54.934665 	-3.0197262 	9.7214902
-0.33513514 	-0.05 	0.546 	54.930296 	-3.0157534 	9.7274884
-0.33393393 	-0.05 	0.546 	54.92617 	-3.0116356 	9.7340035
-0.33273273 	-0.05 	0.546 	54.922043 	-3.0075179 	9.7405186
-0.33153153 	-0.05 	0.546 	54.917306 	-3.0033126 	9.7467761
-0.33033033 	-0.05 	0.546 	54.912162 	-2.9990494 	9.7528628
-0.32912913 	-0.05 	0.546 	54.907019 	-2.9947861 	9.7589495
-0.32792793 	-0.05 	0.546 	54.901876 	-2.9905229 	9.7650361
-0.32672673 	-0.05 	0.546 	54.896733 	-2.9862596 	9.7711228
-0.32552553 	-0.05 	0.546 	54.891589 	-2.9819964 	9.7772095
-0.32432432 	-0.05 	0.546 	54.886446 	-2.9777332 	9.7832961
-0.32312312 	-0.05 	0.546 	54.881303 	-2.9734699 	9.7893828
-0.32192192 	-0.05 	0.546 	54.87616 	-2.9692067 	9.7954695
-0.32072072 	-0.05 	0.546 	54.871016 	-2.9649434 	9.8015562
-0.31951952 	-0.05 	0.546 	54.865873 	-2.9606802 	9.8076428
-0.31831832 	-0.05 	0.546 	54.86073 	-2.956417 	9.8137295
-0.31711712 	-0.05 	0.546 	54.855587 	-2.9521537 	9.8198162
-0.31591592 	-0.05 	0.546 	54.850443 	-2.9478905 	9.8259028
-0.31471471 	-0.05 	0.546 	54.8453 	-2.9436272 	9.8319895
-0.31351351 	-0.05 	0.546 	54.840157 	-2.939364 	9.8380762
-0.31231231 	-0.05 	0.546 	54.835014 	-2.9351007 	9.8441628
-0.31111111 	-0.05 	0.546 	54.82987 	-2.9308375 	9.8502495
-0.30990991 	-0.05 	0.546 	54.824966 	-2.9265679 	9.8563869
-0.30870871 	-0.05 	0.546 	54.820118 	-2.9222969 	9.8625361
-0.30750751 	-0.05 	0.546 	54.814725 	-2.9178456 	9.8680661
-0.30630631 	-0.05 	0.546 	54.809103 	-2.9133185 	9.8733353
-0.30510511 	-0.05 	0.546 	54.803481 	-2.9087914 	9.8786044
-0.3039039 	-0.05 	0.546 	54.798217 	-2.9045616 	9.8848794
-0.3027027 	-0.05 	0.546 	54.792967 	-2.9003435 	9.891194
-0.3015015 	-0.05 	0.546 	54.787462 	-2.8962683 	9.8974042
-0.3003003 	-0.05 	0.546 	54.781049 	-2.8926994 	9.9032442
-0.2990991 	-0.05 	0.546 	54.774604 	-2.8890959 	9.9090746
-0.2978979 	-0.05 	0.546 	54.76796 	-2.8852727 	9.914845
-0.2966967 	-0.05 	0.546 	54.761315 	-2.8814495 	9.9206154
-0.2954955 	-0.05 	0.546 	54.75467 	-2.8776264 	9.9263859
-0.29429429 	-0.05 	0.546 	54.748025 	-2.8738032 	9.9321563
-0.29309309 	-0.05 	0.546 	54.74138 	-2.86998 	9.9379267
-0.29189189 	-0.05 	0.546 	54.734735 	-2.8661568 	9.9436971
-0.29069069 	-0.05 	0.546 	54.72809 	-2.8623336 	9.9494675
-0.28948949 	-0.05 	0.546 	54.721446 	-2.8585104 	9.9552379
-0.28828829 	-0.05 	0.546 	54.714801 	-2.8546872 	9.9610083
-0.28708709 	-0.05 	0.546 	54.708156 	-2.850864 	9.9667787
-0.28588589 	-0.05 	0.546 	54.701511 	-2.8470408 	9.9725491
-0.28468468 	-0.05 	0.546 	54.694866 	-2.8432176 	9.9783195
-0.28348348 	-0.05 	0.546 	54.688221 	-2.8393944 	9.9840899
-0.28228228 	-0.05 	0.546 	54.681576 	-2.8355713 	9.9898603
-0.28108108 	-0.05 	0.546 	54.674931 	-2.8317481 	9.9956307
-0.27987988 	-0.05 	0.546 	54.668287 	-2.8279249 	10.001401
-0.27867868 	-0.05 	0.546 	54.661642 	-2.8241017 	10.007171
-0.27747748 	-0.05 	0.546 	54.654709 	-2.8204785 	10.012678
-0.27627628 	-0.05 	0.546 	54.647161 	-2.8172827 	10.017619
-0.27507508 	-0.05 	0.546 	54.639614 	-2.8140869 	10.022561
-0.27387387 	-0.05 	0.546 	54.632272 	-2.8113484 	10.028136
-0.27267267 	-0.05 	0.546 	54.625082 	-2.8089462 	10.034176
-0.27147147 	-0.05 	0.546 	54.617892 	-2.806544 	10.040217
-0.27027027 	-0.05 	0.546 	54.609497 	-2.8028288 	10.04574
-0.26906907 	-0.05 	0.546 	54.600862 	-2.7988527 	10.05116
-0.26786787 	-0.05 	0.546 	54.592227 	-2.7948767 	10.056581
-0.26666667 	-0.05 	0.546 	54.583593 	-2.7909006 	10.062001
-0.26546547 	-0.05 	0.546 	54.574958 	-2.7869245 	10.067421
-0.26426426 	-0.05 	0.546 	54.566323 	-2.7829484 	10.072841
-0.26306306 	-0.05 	0.546 	54.557689 	-2.7789723 	10.078262
-0.26186186 	-0.05 	0.546 	54.549054 	-2.7749962 	10.083682
-0.26066066 	-0.05 	0.546 	54.540419 	-2.7710201 	10.089102
-0.25945946 	-0.05 	0.546 	54.531785 	-2.7670441 	10.094522
-0.25825826 	-0.05 	0.546 	54.52315 	-2.763068 	10.099943
-0.25705706 	-0.05 	0.546 	54.514515 	-2.7590919 	10.105363
-0.25585586 	-0.05 	0.546 	54.50588 	-2.7551158 	10.110783
-0.25465465 	-0.05 	0.546 	54.497246 	-2.7511397 	10.116203
-0.25345345 	-0.05 	0.546 	54.488611 	-2.7471636 	10.121624
-0.25225225 	-0.05 	0.546 	54.479976 	-2.7431875 	10.127044
-0.25105105 	-0.05 	0.546 	54.471342 	-2.7392115 	10.132464
-0.24984985 	-0.05 	0.546 	54.462707 	-2.7352354 	10.137885
-0.24864865 	-0.05 	0.546 	54.45415 	-2.7321466 	10.143362
-0.24744745 	-0.05 	0.546 	54.445594 	-2.7290668 	10.14884
-0.24624625 	-0.05 	0.546 	54.435967 	-2.7245809 	10.15349
-0.24504505 	-0.05 	0.546 	54.426266 	-2.7199981 	10.158083
-0.24384384 	-0.05 	0.546 	54.416667 	-2.7153636 	10.162862
-0.24264264 	-0.05 	0.546 	54.407498 	-2.710514 	10.168416
-0.24144144 	-0.05 	0.546 	54.398329 	-2.7056644 	10.17397
-0.24024024 	-0.05 	0.546 	54.388689 	-2.7013406 	10.179303
-0.23903904 	-0.05 	0.546 	54.378475 	-2.6976561 	10.184367
-0.23783784 	-0.05 	0.546 	54.36821 	-2.6935881 	10.189398
-0.23663664 	-0.05 	0.546 	54.357874 	-2.6889942 	10.194382
-0.23543544 	-0.05 	0.546 	54.347538 	-2.6844003 	10.199366
-0.23423423 	-0.05 	0.546 	54.337202 	-2.6798063 	10.20435
-0.23303303 	-0.05 	0.546 	54.326866 	-2.6752124 	10.209334
-0.23183183 	-0.05 	0.546 	54.31653 	-2.6706185 	10.214318
-0.23063063 	-0.05 	0.546 	54.306194 	-2.6660245 	10.219302
-0.22942943 	-0.05 	0.546 	54.295858 	-2.6614306 	10.224286
-0.22822823 	-0.05 	0.546 	54.285522 	-2.6568367 	10.22927
-0.22702703 	-0.05 	0.546 	54.275186 	-2.6522428 	10.234254
-0.22582583 	-0.05 	0.546 	54.26485 	-2.6476488 	10.239238
-0.22462462 	-0.05 	0.546 	54.254515 	-2.6430549 	10.244222
-0.22342342 	-0.05 	0.546 	54.244179 	-2.638461 	10.249206
-0.22222222 	-0.05 	0.546 	54.233843 	-2.633867 	10.25419
-0.22102102 	-0.05 	0.546 	54.223507 	-2.6292731 	10.259174
-0.21981982 	-0.05 	0.546 	54.213171 	-2.6246792 	10.264158
-0.21861862 	-0.05 	0.546 	54.202835 	-2.6200853 	10.269142
-0.21741742 	-0.05 	0.546 	54.192499 	-2.6154913 	10.274127
-0.21621622 	-0.05 	0.546 	54.181765 	-2.6115417 	10.278642
-0.21501502 	-0.05 	0.546 	54.170708 	-2.6081151 	10.282776
-0.21381381 	-0.05 	0.546 	54.159651 	-2.6046886 	10.28691
-0.21261261 	-0.05 	0.546 	54.149032 	-2.6011006 	10.2919
-0.21141141 	-0.05 	0.546 	54.138516 	-2.5974747 	10.297091
-0.21021021 	-0.05 	0.546 	54.127908 	-2.593814 	10.302239
-0.20900901 	-0.05 	0.546 	54.11603 	-2.5896732 	10.306784
-0.20780781 	-0.05 	0.546 	54.104151 	-2.5855323 	10.311329
-0.20660661 	-0.05 	0.546 	54.092273 	-2.5813914 	10.315874
-0.20540541 	-0.05 	0.546 	54.080395 	-2.5772506 	10.320419
-0.2042042 	-0.05 	0.546 	54.068517 	-2.5731097 	10.324964
-0.203003 	-0.05 	0.546 	54.056638 	-2.5689689 	10.329509
-0.2018018 	-0.05 	0.546 	54.04476 	-2.564828 	10.334054
-0.2006006 	-0.05 	0.546 	54.032882 	-2.5606871 	10.3386
-0.1993994 	-0.05 	0.546 	54.021003 	-2.5565463 	10.343145
-0.1981982 	-0.05 	0.546 	54.009125 	-2.5524054 	10.34769
-0.196997 	-0.05 	0.546 	53.997247 	-2.5482646 	10.352235
-0.1957958 	-0.05 	0.546 	53.985368 	-2.5441237 	10.35678
-0.19459459 	-0.05 	0.546 	53.97349 	-2.5399828 	10.361325
-0.19339339 	-0.05 	0.546 	53.961612 	-2.535842 	10.36587
-0.19219219 	-0.05 	0.546 	53.949733 	-2.5317011 	10.370416
-0.19099099 	-0.05 	0.546 	53.937855 	-2.5275603 	10.374961
-0.18978979 	-0.05 	0.546 	53.925977 	-2.5234194 	10.379506
-0.18858859 	-0.05 	0.546 	53.914101 	-2.5192966 	10.384053
-0.18738739 	-0.05 	0.546 	53.902361 	-2.5160619 	10.388707
-0.18618619 	-0.05 	0.546 	53.89045 	-2.5127357 	10.393191
-0.18498498 	-0.05 	0.546 	53.877692 	-2.508956 	10.396837
-0.18378378 	-0.05 	0.546 	53.864933 	-2.5051762 	10.400483
-0.18258258 	-0.05 	0.546 	53.852314 	-2.5018165 	10.404621
-0.18138138 	-0.05 	0.546 	53.839881 	-2.4990219 	10.409418
-0.18018018 	-0.05 	0.546 	53.827448 	-2.4962273 	10.414216
-0.17897898 	-0.05 	0.546 	53.81418 	-2.4932791 	10.418596
-0.17777778 	-0.05 	0.546 	53.800526 	-2.4902599 	10.422784
-0.17657658 	-0.05 	0.546 	53.786695 	-2.4869365 	10.426895
-0.17537538 	-0.05 	0.546 	53.772834 	-2.4835618 	10.430994
-0.17417417 	-0.05 	0.546 	53.758974 	-2.4801871 	10.435092
-0.17297297 	-0.05 	0.546 	53.745113 	-2.4768124 	10.439191
-0.17177177 	-0.05 	0.546 	53.731252 	-2.4734377 	10.443289
-0.17057057 	-0.05 	0.546 	53.717391 	-2.470063 	10.447388
-0.16936937 	-0.05 	0.546 	53.70353 	-2.4666883 	10.451487
-0.16816817 	-0.05 	0.546 	53.689669 	-2.4633136 	10.455585
-0.16696697 	-0.05 	0.546 	53.675808 	-2.4599389 	10.459684
-0.16576577 	-0.05 	0.546 	53.661947 	-2.4565642 	10.463782
-0.16456456 	-0.05 	0.546 	53.648086 	-2.4531895 	10.467881
-0.16336336 	-0.05 	0.546 	53.634226 	-2.4498148 	10.47198
-0.16216216 	-0.05 	0.546 	53.620365 	-2.44644 	10.476078
-0.16096096 	-0.05 	0.546 	53.606504 	-2.4430653 	10.480177
-0.15975976 	-0.05 	0.546 	53.592643 	-2.4396906 	10.484275
-0.15855856 	-0.05 	0.546 	53.578782 	-2.4363159 	10.488374
-0.15735736 	-0.05 	0.546 	53.564921 	-2.4329412 	10.492473
-0.15615616 	-0.05 	0.546 	53.55106 	-2.4295665 	10.496571
-0.15495495 	-0.05 	0.546 	53.536573 	-2.4258846 	10.499853
-0.15375375 	-0.05 	0.546 	53.521914 	-2.4221181 	10.502909
-0.15255255 	-0.05 	0.546 	53.507255 	-2.4184354 	10.506019
-0.15135135 	-0.05 	0.546 	53.492609 	-2.4166902 	10.510368
-0.15015015 	-0.05 	0.546 	53.477963 	-2.414945 	10.514717
-0.14894895 	-0.05 	0.546 	53.462781 	-2.4131078 	10.518826
-0.14774775 	-0.05 	0.546 	53.446344 	-2.4110553 	10.522372
-0.14654655 	-0.05 	0.546 	53.429907 	-2.4090027 	10.525918
-0.14534535 	-0.05 	0.546 	53.41347 	-2.4069502 	10.529464
-0.14414414 	-0.05 	0.546 	53.397034 	-2.4048976 	10.533011
-0.14294294 	-0.05 	0.546 	53.380597 	-2.4028451 	10.536557
-0.14174174 	-0.05 	0.546 	53.36416 	-2.4007925 	10.540103
-0.14054054 	-0.05 	0.546 	53.347723 	-2.39874 	10.543649
-0.13933934 	-0.05 	0.546 	53.331287 	-2.3966874 	10.547195
-0.13813814 	-0.05 	0.546 	53.31485 	-2.3946349 	10.550741
-0.13693694 	-0.05 	0.546 	53.298413 	-2.3925823 	10.554287
-0.13573574 	-0.05 	0.546 	53.281977 	-2.3905298 	10.557834
-0.13453453 	-0.05 	0.546 	53.26554 	-2.3884772 	10.56138
-0.13333333 	-0.05 	0.546 	53.249103 	-2.3864247 	10.564926
-0.13213213 	-0.05 	0.546 	53.232666 	-2.3843721 	10.568472
-0.13093093 	-0.05 	0.546 	53.21623 	-2.3823196 	10.572018
-0.12972973 	-0.05 	0.546 	53.199793 	-2.380267 	10.575564
-0.12852853 	-0.05 	0.546 	53.183356 	-2.3782145 	10.579111
-0.12732733 	-0.05 	0.546 	53.167007 	-2.3762267 	10.582671
-0.12612613 	-0.05 	0.546 	53.15104 	-2.3745241 	10.586292
-0.12492492 	-0.05 	0.546 	53.134553 	-2.3726875 	10.589475
-0.12372372 	-0.05 	0.546 	53.11728 	-2.3706481 	10.591995
-0.12252252 	-0.05 	0.546 	53.100007 	-2.3686087 	10.594514
-0.12132132 	-0.05 	0.546 	53.082553 	-2.3677435 	10.597754
-0.12012012 	-0.05 	0.546 	53.065004 	-2.3674956 	10.601371
-0.11891892 	-0.05 	0.546 	53.047455 	-2.3672476 	10.604989
-0.11771772 	-0.05 	0.546 	53.028759 	-2.3676322 	10.607979
-0.11651652 	-0.05 	0.546 	53.009825 	-2.3680147 	10.610896
-0.11531532 	-0.05 	0.546 	52.990192 	-2.3680573 	10.61374
-0.11411411 	-0.05 	0.546 	52.970558 	-2.3680999 	10.616584
-0.11291291 	-0.05 	0.546 	52.950925 	-2.3681425 	10.619427
-0.11171171 	-0.05 	0.546 	52.931292 	-2.368185 	10.622271
-0.11051051 	-0.05 	0.546 	52.911658 	-2.3682276 	10.625115
-0.10930931 	-0.05 	0.546 	52.892025 	-2.3682702 	10.627958
-0.10810811 	-0.05 	0.546 	52.872391 	-2.3683128 	10.630802
-0.10690691 	-0.05 	0.546 	52.852758 	-2.3683554 	10.633646
-0.10570571 	-0.05 	0.546 	52.833124 	-2.3683979 	10.636489
-0.1045045 	-0.05 	0.546 	52.813491 	-2.3684405 	10.639333
-0.1033033 	-0.05 	0.546 	52.793857 	-2.3684831 	10.642177
-0.1021021 	-0.05 	0.546 	52.774224 	-2.3685257 	10.645021
-0.1009009 	-0.05 	0.546 	52.75459 	-2.3685682 	10.647864
-0.0996997 	-0.05 	0.546 	52.734957 	-2.3686108 	10.650708
-0.098498498 	-0.05 	0.546 	52.715323 	-2.3686534 	10.653552
-0.097297297 	-0.05 	0.546 	52.69569 	-2.368696 	10.656395
-0.096096096 	-0.05 	0.546 	52.676056 	-2.3687386 	10.659239
-0.094894895 	-0.05 	0.546 	52.656417 	-2.3687857 	10.662073
-0.093693694 	-0.05 	0.546 	52.636129 	-2.3693026 	10.66388
-0.092492492 	-0.05 	0.546 	52.615842 	-2.3698194 	10.665687
-0.091291291 	-0.05 	0.546 	52.595429 	-2.3706544 	10.667757
-0.09009009 	-0.05 	0.546 	52.57467 	-2.3723627 	10.670548
-0.088888889 	-0.05 	0.546 	52.553911 	-2.374071 	10.673339
-0.087687688 	-0.05 	0.546 	52.531753 	-2.3768784 	10.675698
-0.086486486 	-0.05 	0.546 	52.508325 	-2.3806836 	10.677664
-0.085285285 	-0.05 	0.546 	52.484896 	-2.3844889 	10.67963
-0.084084084 	-0.05 	0.546 	52.461468 	-2.3882941 	10.681596
-0.082882883 	-0.05 	0.546 	52.43804 	-2.3920994 	10.683562
-0.081681682 	-0.05 	0.546 	52.414611 	-2.3959046 	10.685529
-0.08048048 	-0.05 	0.546 	52.391183 	-2.3997099 	10.687495
-0.079279279 	-0.05 	0.546 	52.367755 	-2.4035151 	10.689461
-0.078078078 	-0.05 	0.546 	52.344326 	-2.4073204 	10.691427
-0.076876877 	-0.05 	0.546 	52.320898 	-2.4111256 	10.693393
-0.075675676 	-0.05 	0.546 	52.29747 	-2.4149309 	10.69536
-0.074474474 	-0.05 	0.546 	52.274041 	-2.4187361 	10.697326
-0.073273273 	-0.05 	0.546 	52.250613 	-2.4225414 	10.699292
-0.072072072 	-0.05 	0.546 	52.227185 	-2.4263466 	10.701258
-0.070870871 	-0.05 	0.546 	52.203756 	-2.4301519 	10.703225
-0.06966967 	-0.05 	0.546 	52.180328 	-2.4339571 	10.705191
-0.068468468 	-0.05 	0.546 	52.1569 	-2.4377624 	10.707157
-0.067267267 	-0.05 	0.546 	52.133471 	-2.4415676 	10.709123
-0.066066066 	-0.05 	0.546 	52.110297 	-2.4453761 	10.711105
-0.064864865 	-0.05 	0.546 	52.088785 	-2.4492058 	10.713187
-0.063663664 	-0.05 	0.546 	52.066055 	-2.4541179 	10.714558
-0.062462462 	-0.05 	0.546 	52.042585 	-2.4596887 	10.715496
-0.061261261 	-0.05 	0.546 	52.019115 	-2.4652594 	10.716434
-0.06006006 	-0.05 	0.546 	51.996223 	-2.4705896 	10.718104
-0.058858859 	-0.05 	0.546 	51.973411 	-2.4758866 	10.719875
-0.057657658 	-0.05 	0.546 	51.950402 	-2.4818841 	10.721554
-0.056456456 	-0.05 	0.546 	51.925969 	-2.4929506 	10.722566
-0.055255255 	-0.05 	0.546 	51.901421 	-2.502668 	10.723526
-0.054054054 	-0.05 	0.546 	51.876778 	-2.5112569 	10.724443
-0.052852853 	-0.05 	0.546 	51.852136 	-2.5198458 	10.725361
-0.051651652 	-0.05 	0.546 	51.827493 	-2.5284346 	10.726278
-0.05045045 	-0.05 	0.546 	51.80285 	-2.5370235 	10.727196
-0.049249249 	-0.05 	0.546 	51.778207 	-2.5456124 	10.728113
-0.048048048 	-0.05 	0.546 	51.753564 	-2.5542013 	10.729031
-0.046846847 	-0.05 	0.546 	51.728921 	-2.5627902 	10.729949
-0.045645646 	-0.05 	0.546 	51.704278 	-2.5713791 	10.730866
-0.044444444 	-0.05 	0.546 	51.679635 	-2.5799679 	10.731784
-0.043243243 	-0.05 	0.546 	51.654992 	-2.5885568 	10.732701
-0.042042042 	-0.05 	0.546 	51.630349 	-2.5971457 	10.733619
-0.040840841 	-0.05 	0.546 	51.605706 	-2.6057346 	10.734536
-0.03963964 	-0.05 	0.546 	51.581063 	-2.6143235 	10.735454
-0.038438438 	-0.05 	0.546 	51.55642 	-2.6229123 	10.736371
-0.037237237 	-0.05 	0.546 	51.531778 	-2.6315012 	10.737289
-0.036036036 	-0.05 	0.546 	51.507135 	-2.6400901 	10.738206
-0.034834835 	-0.05 	0.546 	51.482492 	-2.648679 	10.739124
-0.033633634 	-0.05 	0.546 	51.457751 	-2.6581337 	10.739867
-0.032432432 	-0.05 	0.546 	51.432525 	-2.6718646 	10.739749
-0.031231231 	-0.05 	0.546 	51.4073 	-2.6855954 	10.73963
-0.03003003 	-0.05 	0.546 	51.381161 	-2.7026422 	10.739776
-0.028828829 	-0.05 	0.546 	51.353715 	-2.7244304 	10.7403
-0.027627628 	-0.05 	0.546 	51.32627 	-2.7462187 	10.740824
-0.026426426 	-0.05 	0.546 	51.302342 	-2.7686509 	10.740998
-0.025225225 	-0.05 	0.546 	51.280243 	-2.7914181 	10.740989
-0.024024024 	-0.05 	0.546 	51.258145 	-2.8141854 	10.74098
-0.022822823 	-0.05 	0.546 	51.236047 	-2.8369527 	10.740971
-0.021621622 	-0.05 	0.546 	51.213949 	-2.85972 	10.740962
-0.02042042 	-0.05 	0.546 	51.186496 	-2.8796467 	10.741226
-0.019219219 	-0.05 	0.546 	51.158968 	-2.8995332 	10.741493
-0.018018018 	-0.05 	0.546 	51.13144 	-2.9194197 	10.74176
-0.016816817 	-0.05 	0.546 	51.103912 	-2.9393062 	10.742028
-0.015615616 	-0.05 	0.546 	51.076383 	-2.9591928 	10.742295
-0.014414414 	-0.05 	0.546 	51.048855 	-2.9790793 	10.742563
-0.013213213 	-0.05 	0.546 	51.021327 	-2.9989658 	10.74283
-0.012012012 	-0.05 	0.546 	50.993799 	-3.0188523 	10.743098
-0.010810811 	-0.05 	0.546 	50.96627 	-3.0387388 	10.743365
-0.0096096096 	-0.05 	0.546 	50.939237 	-3.065745 	10.742943
-0.0084084084 	-0.05 	0.546 	50.912471 	-3.096604 	10.742147
-0.0072072072 	-0.05 	0.546 	50.885704 	-3.1274631 	10.741351
-0.006006006 	-0.05 	0.546 	50.858938 	-3.1583222 	10.740556
-0.0048048048 	-0.05 	0.546 	50.832172 	-3.1891812 	10.73976
-0.0036036036 	-0.05 	0.546 	50.805406 	-3.2200403 	10.738964
-0.0024024024 	-0.05 	0.546 	50.782505 	-3.2459785 	10.738127
-0.0012012012 	-0.05 	0.546 	50.76111 	-3.2700003 	10.737273
-7.9667131e-15 	-0.05 	0.546 	50.739715 	-3.294022 	10.73642
