0 	0.25 	0.637 	53.62943 	-7.309744 	-8.5373781
-0.0012012012 	0.25 	0.637 	53.6347 	-7.3178753 	-8.5394657
-0.0024024024 	0.25 	0.637 	53.639971 	-7.3260066 	-8.5415534
-0.0036036036 	0.25 	0.637 	53.645242 	-7.3341378 	-8.543641
-0.0048048048 	0.25 	0.637 	53.650512 	-7.3422691 	-8.5457286
-0.006006006 	0.25 	0.637 	53.655783 	-7.3504004 	-8.5478163
-0.0072072072 	0.25 	0.637 	53.661054 	-7.3585317 	-8.5499039
-0.0084084084 	0.25 	0.637 	53.666324 	-7.366663 	-8.5519916
-0.0096096096 	0.25 	0.637 	53.671595 	-7.3747942 	-8.5540792
-0.010810811 	0.25 	0.637 	53.676866 	-7.3829255 	-8.5561669
-0.012012012 	0.25 	0.637 	53.682136 	-7.3910568 	-8.5582545
-0.013213213 	0.25 	0.637 	53.688133 	-7.3991605 	-8.5597009
-0.014414414 	0.25 	0.637 	53.694291 	-7.4072581 	-8.5610046
-0.015615616 	0.25 	0.637 	53.700449 	-7.4153558 	-8.5623083
-0.016816817 	0.25 	0.637 	53.706607 	-7.4234534 	-8.5636121
-0.018018018 	0.25 	0.637 	53.712765 	-7.431551 	-8.5649158
-0.019219219 	0.25 	0.637 	53.718923 	-7.4396486 	-8.5662195
-0.02042042 	0.25 	0.637 	53.725081 	-7.4477462 	-8.5675233
-0.021621622 	0.25 	0.637 	53.732077 	-7.4564052 	-8.5694915
-0.022822823 	0.25 	0.637 	53.73943 	-7.4653035 	-8.571743
-0.024024024 	0.25 	0.637 	53.746782 	-7.4742017 	-8.5739944
-0.025225225 	0.25 	0.637 	53.754135 	-7.4830999 	-8.5762458
-0.026426426 	0.25 	0.637 	53.761488 	-7.4919981 	-8.5784972
-0.027627628 	0.25 	0.637 	53.768841 	-7.5008963 	-8.5807486
-0.028828829 	0.25 	0.637 	53.776194 	-7.5097946 	-8.5830001
-0.03003003 	0.25 	0.637 	53.783546 	-7.5186928 	-8.5852515
-0.031231231 	0.25 	0.637 	53.790899 	-7.527591 	-8.5875029
-0.032432432 	0.25 	0.637 	53.798252 	-7.5364892 	-8.5897543
-0.033633634 	0.25 	0.637 	53.805605 	-7.5453874 	-8.5920057
-0.034834835 	0.25 	0.637 	53.812958 	-7.5542857 	-8.5942572
-0.036036036 	0.25 	0.637 	53.82031 	-7.5631839 	-8.5965086
-0.037237237 	0.25 	0.637 	53.827663 	-7.5720821 	-8.59876
-0.038438438 	0.25 	0.637 	53.835016 	-7.5809803 	-8.6010114
-0.03963964 	0.25 	0.637 	53.842369 	-7.5898785 	-8.6032629
-0.040840841 	0.25 	0.637 	53.849722 	-7.5987768 	-8.6055143
-0.042042042 	0.25 	0.637 	53.857074 	-7.607675 	-8.6077657
-0.043243243 	0.25 	0.637 	53.864427 	-7.6165732 	-8.6100171
-0.044444444 	0.25 	0.637 	53.87178 	-7.6254714 	-8.6122685
-0.045645646 	0.25 	0.637 	53.879133 	-7.6343696 	-8.61452
-0.046846847 	0.25 	0.637 	53.886486 	-7.6432679 	-8.6167714
-0.048048048 	0.25 	0.637 	53.894509 	-7.6517496 	-8.6177378
-0.049249249 	0.25 	0.637 	53.902559 	-7.6602148 	-8.618653
-0.05045045 	0.25 	0.637 	53.910609 	-7.66868 	-8.6195681
-0.051651652 	0.25 	0.637 	53.918659 	-7.6771452 	-8.6204833
-0.052852853 	0.25 	0.637 	53.926709 	-7.6856104 	-8.6213985
-0.054054054 	0.25 	0.637 	53.934759 	-7.6940756 	-8.6223137
-0.055255255 	0.25 	0.637 	53.94281 	-7.7025408 	-8.6232289
-0.056456456 	0.25 	0.637 	53.95086 	-7.711006 	-8.6241441
-0.057657658 	0.25 	0.637 	53.95891 	-7.7194712 	-8.6250593
-0.058858859 	0.25 	0.637 	53.96696 	-7.7279364 	-8.6259745
-0.06006006 	0.25 	0.637 	53.97501 	-7.7364016 	-8.6268897
-0.061261261 	0.25 	0.637 	53.984453 	-7.7471043 	-8.6290318
-0.062462462 	0.25 	0.637 	53.993948 	-7.7578905 	-8.6312196
-0.063663664 	0.25 	0.637 	54.003444 	-7.7686767 	-8.6334075
-0.064864865 	0.25 	0.637 	54.012939 	-7.779463 	-8.6355954
-0.066066066 	0.25 	0.637 	54.022434 	-7.7902492 	-8.6377832
-0.067267267 	0.25 	0.637 	54.031929 	-7.8010354 	-8.6399711
-0.068468468 	0.25 	0.637 	54.041425 	-7.8118216 	-8.642159
-0.06966967 	0.25 	0.637 	54.05092 	-7.8226079 	-8.6443468
-0.070870871 	0.25 	0.637 	54.060415 	-7.8333941 	-8.6465347
-0.072072072 	0.25 	0.637 	54.06991 	-7.8441803 	-8.6487225
-0.073273273 	0.25 	0.637 	54.079406 	-7.8549665 	-8.6509104
-0.074474474 	0.25 	0.637 	54.089452 	-7.8645588 	-8.6522624
-0.075675676 	0.25 	0.637 	54.099507 	-7.8741342 	-8.6536026
-0.076876877 	0.25 	0.637 	54.109561 	-7.8837096 	-8.6549428
-0.078078078 	0.25 	0.637 	54.119616 	-7.8932849 	-8.656283
-0.079279279 	0.25 	0.637 	54.12967 	-7.9028603 	-8.6576232
-0.08048048 	0.25 	0.637 	54.139725 	-7.9124357 	-8.6589634
-0.081681682 	0.25 	0.637 	54.149779 	-7.9220111 	-8.6603036
-0.082882883 	0.25 	0.637 	54.159834 	-7.9315864 	-8.6616438
-0.084084084 	0.25 	0.637 	54.169888 	-7.9411618 	-8.6629839
-0.085285285 	0.25 	0.637 	54.179942 	-7.9507372 	-8.6643241
-0.086486486 	0.25 	0.637 	54.189997 	-7.9603126 	-8.6656643
-0.087687688 	0.25 	0.637 	54.200051 	-7.969888 	-8.6670045
-0.088888889 	0.25 	0.637 	54.210106 	-7.9794633 	-8.6683447
-0.09009009 	0.25 	0.637 	54.22016 	-7.9890387 	-8.6696849
-0.091291291 	0.25 	0.637 	54.230215 	-7.9986141 	-8.6710251
-0.092492492 	0.25 	0.637 	54.240269 	-8.0081895 	-8.6723653
-0.093693694 	0.25 	0.637 	54.250324 	-8.0177649 	-8.6737055
-0.094894895 	0.25 	0.637 	54.260378 	-8.0273402 	-8.6750457
-0.096096096 	0.25 	0.637 	54.270433 	-8.0369156 	-8.6763859
-0.097297297 	0.25 	0.637 	54.280487 	-8.046491 	-8.6777261
-0.098498498 	0.25 	0.637 	54.290542 	-8.0560664 	-8.6790663
-0.0996997 	0.25 	0.637 	54.300596 	-8.0656418 	-8.6804064
-0.1009009 	0.25 	0.637 	54.310886 	-8.074348 	-8.6815341
-0.1021021 	0.25 	0.637 	54.321189 	-8.0830041 	-8.6826494
-0.1033033 	0.25 	0.637 	54.331492 	-8.0916603 	-8.6837648
-0.1045045 	0.25 	0.637 	54.341796 	-8.1003164 	-8.6848801
-0.10570571 	0.25 	0.637 	54.352099 	-8.1089726 	-8.6859955
-0.10690691 	0.25 	0.637 	54.362402 	-8.1176287 	-8.6871108
-0.10810811 	0.25 	0.637 	54.372919 	-8.1261895 	-8.6881927
-0.10930931 	0.25 	0.637 	54.38437 	-8.1343328 	-8.689128
-0.11051051 	0.25 	0.637 	54.39582 	-8.1424761 	-8.6900634
-0.11171171 	0.25 	0.637 	54.407271 	-8.1506195 	-8.6909987
-0.11291291 	0.25 	0.637 	54.418722 	-8.1587628 	-8.691934
-0.11411411 	0.25 	0.637 	54.430172 	-8.1669061 	-8.6928694
-0.11531532 	0.25 	0.637 	54.441623 	-8.1750494 	-8.6938047
-0.11651652 	0.25 	0.637 	54.453074 	-8.1831928 	-8.69474
-0.11771772 	0.25 	0.637 	54.464524 	-8.1913361 	-8.6956753
-0.11891892 	0.25 	0.637 	54.475975 	-8.1994794 	-8.6966107
-0.12012012 	0.25 	0.637 	54.487426 	-8.2076227 	-8.697546
-0.12132132 	0.25 	0.637 	54.499105 	-8.2160593 	-8.6985207
-0.12252252 	0.25 	0.637 	54.511656 	-8.2256129 	-8.6996453
-0.12372372 	0.25 	0.637 	54.524207 	-8.2351665 	-8.7007699
-0.12492492 	0.25 	0.637 	54.536759 	-8.2447202 	-8.7018945
-0.12612613 	0.25 	0.637 	54.54931 	-8.2542738 	-8.7030191
-0.12732733 	0.25 	0.637 	54.561861 	-8.2638275 	-8.7041437
-0.12852853 	0.25 	0.637 	54.574412 	-8.2733811 	-8.7052684
-0.12972973 	0.25 	0.637 	54.586963 	-8.2829348 	-8.706393
-0.13093093 	0.25 	0.637 	54.599514 	-8.2924884 	-8.7075176
-0.13213213 	0.25 	0.637 	54.612066 	-8.302042 	-8.7086422
-0.13333333 	0.25 	0.637 	54.624617 	-8.3115957 	-8.7097668
-0.13453453 	0.25 	0.637 	54.637151 	-8.3209526 	-8.7107427
-0.13573574 	0.25 	0.637 	54.649632 	-8.3296768 	-8.7112404
-0.13693694 	0.25 	0.637 	54.662112 	-8.338401 	-8.7117381
-0.13813814 	0.25 	0.637 	54.674593 	-8.3471252 	-8.7122358
-0.13933934 	0.25 	0.637 	54.687073 	-8.3558494 	-8.7127336
-0.14054054 	0.25 	0.637 	54.699554 	-8.3645736 	-8.7132313
-0.14174174 	0.25 	0.637 	54.712034 	-8.3732978 	-8.713729
-0.14294294 	0.25 	0.637 	54.724427 	-8.3820984 	-8.7142932
-0.14414414 	0.25 	0.637 	54.736771 	-8.3909427 	-8.7148954
-0.14534535 	0.25 	0.637 	54.749115 	-8.399787 	-8.7154976
-0.14654655 	0.25 	0.637 	54.761458 	-8.4086313 	-8.7160999
-0.14774775 	0.25 	0.637 	54.773802 	-8.4174756 	-8.7167021
-0.14894895 	0.25 	0.637 	54.786146 	-8.4263199 	-8.7173043
-0.15015015 	0.25 	0.637 	54.798489 	-8.4351642 	-8.7179065
-0.15135135 	0.25 	0.637 	54.810833 	-8.4440085 	-8.7185087
-0.15255255 	0.25 	0.637 	54.823176 	-8.4528527 	-8.719111
-0.15375375 	0.25 	0.637 	54.83552 	-8.461697 	-8.7197132
-0.15495495 	0.25 	0.637 	54.847864 	-8.4705413 	-8.7203154
-0.15615616 	0.25 	0.637 	54.860207 	-8.4793856 	-8.7209176
-0.15735736 	0.25 	0.637 	54.872551 	-8.4882299 	-8.7215198
-0.15855856 	0.25 	0.637 	54.884895 	-8.4970742 	-8.7221221
-0.15975976 	0.25 	0.637 	54.897238 	-8.5059185 	-8.7227243
-0.16096096 	0.25 	0.637 	54.909582 	-8.5147628 	-8.7233265
-0.16216216 	0.25 	0.637 	54.921925 	-8.5236071 	-8.7239287
-0.16336336 	0.25 	0.637 	54.934269 	-8.5324514 	-8.7245309
-0.16456456 	0.25 	0.637 	54.946613 	-8.5412956 	-8.7251332
-0.16576577 	0.25 	0.637 	54.958956 	-8.5501399 	-8.7257354
-0.16696697 	0.25 	0.637 	54.9713 	-8.5589842 	-8.7263376
-0.16816817 	0.25 	0.637 	54.983644 	-8.5678285 	-8.7269398
-0.16936937 	0.25 	0.637 	54.995932 	-8.5760387 	-8.7271181
-0.17057057 	0.25 	0.637 	55.008154 	-8.5834859 	-8.7267863
-0.17177177 	0.25 	0.637 	55.020377 	-8.5909332 	-8.7264546
-0.17297297 	0.25 	0.637 	55.032599 	-8.5983805 	-8.7261228
-0.17417417 	0.25 	0.637 	55.044821 	-8.6058277 	-8.7257911
-0.17537538 	0.25 	0.637 	55.057044 	-8.613275 	-8.7254593
-0.17657658 	0.25 	0.637 	55.069266 	-8.6207223 	-8.7251275
-0.17777778 	0.25 	0.637 	55.081488 	-8.6281695 	-8.7247958
-0.17897898 	0.25 	0.637 	55.09371 	-8.6356168 	-8.724464
-0.18018018 	0.25 	0.637 	55.105933 	-8.6430641 	-8.7241323
-0.18138138 	0.25 	0.637 	55.118155 	-8.6505113 	-8.7238005
-0.18258258 	0.25 	0.637 	55.131751 	-8.6590073 	-8.724017
-0.18378378 	0.25 	0.637 	55.14683 	-8.6686344 	-8.7248249
-0.18498498 	0.25 	0.637 	55.161908 	-8.6782615 	-8.7256328
-0.18618619 	0.25 	0.637 	55.176986 	-8.6878886 	-8.7264407
-0.18738739 	0.25 	0.637 	55.192064 	-8.6975158 	-8.7272486
-0.18858859 	0.25 	0.637 	55.207143 	-8.7071429 	-8.7280566
-0.18978979 	0.25 	0.637 	55.222221 	-8.71677 	-8.7288645
-0.19099099 	0.25 	0.637 	55.237299 	-8.7263971 	-8.7296724
-0.19219219 	0.25 	0.637 	55.252377 	-8.7360243 	-8.7304803
-0.19339339 	0.25 	0.637 	55.267456 	-8.7456514 	-8.7312882
-0.19459459 	0.25 	0.637 	55.282534 	-8.7552785 	-8.7320961
-0.1957958 	0.25 	0.637 	55.297111 	-8.763969 	-8.7322805
-0.196997 	0.25 	0.637 	55.311196 	-8.7717418 	-8.7318541
-0.1981982 	0.25 	0.637 	55.325281 	-8.7795146 	-8.7314277
-0.1993994 	0.25 	0.637 	55.339366 	-8.7872874 	-8.7310012
-0.2006006 	0.25 	0.637 	55.353451 	-8.7950602 	-8.7305748
-0.2018018 	0.25 	0.637 	55.367537 	-8.802833 	-8.7301484
-0.203003 	0.25 	0.637 	55.381622 	-8.8106058 	-8.7297219
-0.2042042 	0.25 	0.637 	55.395707 	-8.8183786 	-8.7292955
-0.20540541 	0.25 	0.637 	55.409792 	-8.8261514 	-8.7288691
-0.20660661 	0.25 	0.637 	55.423877 	-8.8339242 	-8.7284426
-0.20780781 	0.25 	0.637 	55.437962 	-8.841697 	-8.7280162
-0.20900901 	0.25 	0.637 	55.452048 	-8.8494697 	-8.7275898
-0.21021021 	0.25 	0.637 	55.466133 	-8.8572425 	-8.7271633
-0.21141141 	0.25 	0.637 	55.480218 	-8.8650153 	-8.7267369
-0.21261261 	0.25 	0.637 	55.494303 	-8.8727881 	-8.7263105
-0.21381381 	0.25 	0.637 	55.508388 	-8.8805609 	-8.725884
-0.21501502 	0.25 	0.637 	55.522474 	-8.8883337 	-8.7254576
-0.21621622 	0.25 	0.637 	55.536559 	-8.8961065 	-8.7250312
-0.21741742 	0.25 	0.637 	55.550644 	-8.9038793 	-8.7246047
-0.21861862 	0.25 	0.637 	55.564729 	-8.9116521 	-8.7241783
-0.21981982 	0.25 	0.637 	55.578814 	-8.9194249 	-8.7237519
-0.22102102 	0.25 	0.637 	55.592899 	-8.9271977 	-8.7233254
-0.22222222 	0.25 	0.637 	55.606985 	-8.9349705 	-8.722899
-0.22342342 	0.25 	0.637 	55.621864 	-8.9427465 	-8.7222756
-0.22462462 	0.25 	0.637 	55.636759 	-8.9505227 	-8.7216481
-0.22582583 	0.25 	0.637 	55.651655 	-8.9582988 	-8.7210207
-0.22702703 	0.25 	0.637 	55.66655 	-8.966075 	-8.7203932
-0.22822823 	0.25 	0.637 	55.681446 	-8.9738511 	-8.7197657
-0.22942943 	0.25 	0.637 	55.696341 	-8.9816273 	-8.7191383
-0.23063063 	0.25 	0.637 	55.711008 	-8.9885083 	-8.7181018
-0.23183183 	0.25 	0.637 	55.725581 	-8.9950235 	-8.7168982
-0.23303303 	0.25 	0.637 	55.740154 	-9.0015387 	-8.7156946
-0.23423423 	0.25 	0.637 	55.754727 	-9.0080539 	-8.7144909
-0.23543544 	0.25 	0.637 	55.7693 	-9.0145691 	-8.7132873
-0.23663664 	0.25 	0.637 	55.783873 	-9.0210842 	-8.7120837
-0.23783784 	0.25 	0.637 	55.798446 	-9.0275994 	-8.7108801
-0.23903904 	0.25 	0.637 	55.813019 	-9.0341146 	-8.7096764
-0.24024024 	0.25 	0.637 	55.827591 	-9.0406298 	-8.7084728
-0.24144144 	0.25 	0.637 	55.842164 	-9.047145 	-8.7072692
-0.24264264 	0.25 	0.637 	55.856737 	-9.0536602 	-8.7060656
-0.24384384 	0.25 	0.637 	55.873563 	-9.060915 	-8.7050449
-0.24504505 	0.25 	0.637 	55.89121 	-9.068439 	-8.7040909
-0.24624625 	0.25 	0.637 	55.908856 	-9.075963 	-8.7031369
-0.24744745 	0.25 	0.637 	55.926502 	-9.0834871 	-8.7021828
-0.24864865 	0.25 	0.637 	55.944148 	-9.0910111 	-8.7012288
-0.24984985 	0.25 	0.637 	55.961795 	-9.0985351 	-8.7002748
-0.25105105 	0.25 	0.637 	55.979441 	-9.1060591 	-8.6993207
-0.25225225 	0.25 	0.637 	55.997087 	-9.1135832 	-8.6983667
-0.25345345 	0.25 	0.637 	56.014733 	-9.1211072 	-8.6974127
-0.25465465 	0.25 	0.637 	56.03238 	-9.1286312 	-8.6964586
-0.25585586 	0.25 	0.637 	56.050026 	-9.1361553 	-8.6955046
-0.25705706 	0.25 	0.637 	56.066628 	-9.1439878 	-8.6942273
-0.25825826 	0.25 	0.637 	56.082899 	-9.1519181 	-8.6928476
-0.25945946 	0.25 	0.637 	56.09917 	-9.1598483 	-8.6914678
-0.26066066 	0.25 	0.637 	56.11544 	-9.1677786 	-8.6900881
-0.26186186 	0.25 	0.637 	56.131711 	-9.1757089 	-8.6887083
-0.26306306 	0.25 	0.637 	56.147982 	-9.1836392 	-8.6873285
-0.26426426 	0.25 	0.637 	56.163405 	-9.1912404 	-8.6860161
-0.26546547 	0.25 	0.637 	56.178376 	-9.1986661 	-8.6847397
-0.26666667 	0.25 	0.637 	56.193347 	-9.2060918 	-8.6834632
-0.26786787 	0.25 	0.637 	56.208318 	-9.2135176 	-8.6821868
-0.26906907 	0.25 	0.637 	56.223288 	-9.2209433 	-8.6809103
-0.27027027 	0.25 	0.637 	56.238259 	-9.228369 	-8.6796338
-0.27147147 	0.25 	0.637 	56.25323 	-9.2357947 	-8.6783574
-0.27267267 	0.25 	0.637 	56.268201 	-9.2432204 	-8.6770809
-0.27387387 	0.25 	0.637 	56.283172 	-9.2506461 	-8.6758045
-0.27507508 	0.25 	0.637 	56.298142 	-9.2580718 	-8.674528
-0.27627628 	0.25 	0.637 	56.313113 	-9.2654975 	-8.6732515
-0.27747748 	0.25 	0.637 	56.328084 	-9.2729233 	-8.6719751
-0.27867868 	0.25 	0.637 	56.343055 	-9.280349 	-8.6706986
-0.27987988 	0.25 	0.637 	56.358026 	-9.2877747 	-8.6694222
-0.28108108 	0.25 	0.637 	56.372996 	-9.2952004 	-8.6681457
-0.28228228 	0.25 	0.637 	56.387967 	-9.3026261 	-8.6668692
-0.28348348 	0.25 	0.637 	56.402938 	-9.3100518 	-8.6655928
-0.28468468 	0.25 	0.637 	56.417909 	-9.3174775 	-8.6643163
-0.28588589 	0.25 	0.637 	56.432879 	-9.3249033 	-8.6630398
-0.28708709 	0.25 	0.637 	56.44785 	-9.332329 	-8.6617634
-0.28828829 	0.25 	0.637 	56.462821 	-9.3397547 	-8.6604869
-0.28948949 	0.25 	0.637 	56.477792 	-9.3471804 	-8.6592105
-0.29069069 	0.25 	0.637 	56.492763 	-9.3546061 	-8.657934
-0.29189189 	0.25 	0.637 	56.50631 	-9.3619253 	-8.6561737
-0.29309309 	0.25 	0.637 	56.519814 	-9.3692412 	-8.6543987
-0.29429429 	0.25 	0.637 	56.533317 	-9.3765571 	-8.6526236
-0.2954955 	0.25 	0.637 	56.546821 	-9.383873 	-8.6508485
-0.2966967 	0.25 	0.637 	56.560325 	-9.3911889 	-8.6490734
-0.2978979 	0.25 	0.637 	56.573829 	-9.3985048 	-8.6472984
-0.2990991 	0.25 	0.637 	56.587332 	-9.4058207 	-8.6455233
-0.3003003 	0.25 	0.637 	56.600836 	-9.4131366 	-8.6437482
-0.3015015 	0.25 	0.637 	56.61434 	-9.4204525 	-8.6419732
-0.3027027 	0.25 	0.637 	56.627844 	-9.4277684 	-8.6401981
-0.3039039 	0.25 	0.637 	56.641348 	-9.4350843 	-8.638423
-0.30510511 	0.25 	0.637 	56.65977 	-9.4438452 	-8.6373954
-0.30630631 	0.25 	0.637 	56.678211 	-9.4526117 	-8.6363706
-0.30750751 	0.25 	0.637 	56.696652 	-9.4613781 	-8.6353459
-0.30870871 	0.25 	0.637 	56.715093 	-9.4701445 	-8.6343211
-0.30990991 	0.25 	0.637 	56.733534 	-9.4789109 	-8.6332963
-0.31111111 	0.25 	0.637 	56.751975 	-9.4876774 	-8.6322716
-0.31231231 	0.25 	0.637 	56.770417 	-9.4964438 	-8.6312468
-0.31351351 	0.25 	0.637 	56.788858 	-9.5052102 	-8.630222
-0.31471471 	0.25 	0.637 	56.807299 	-9.5139767 	-8.6291973
-0.31591592 	0.25 	0.637 	56.82574 	-9.5227431 	-8.6281725
-0.31711712 	0.25 	0.637 	56.844126 	-9.5314672 	-8.6271262
-0.31831832 	0.25 	0.637 	56.859614 	-9.5379674 	-8.6249473
-0.31951952 	0.25 	0.637 	56.875102 	-9.5444675 	-8.6227685
-0.32072072 	0.25 	0.637 	56.890589 	-9.5509676 	-8.6205896
-0.32192192 	0.25 	0.637 	56.906077 	-9.5574677 	-8.6184108
-0.32312312 	0.25 	0.637 	56.921565 	-9.5639678 	-8.6162319
-0.32432432 	0.25 	0.637 	56.937053 	-9.570468 	-8.6140531
-0.32552553 	0.25 	0.637 	56.952541 	-9.5769681 	-8.6118742
-0.32672673 	0.25 	0.637 	56.968029 	-9.5834682 	-8.6096953
-0.32792793 	0.25 	0.637 	56.983517 	-9.5899683 	-8.6075165
-0.32912913 	0.25 	0.637 	56.999005 	-9.5964685 	-8.6053376
-0.33033033 	0.25 	0.637 	57.014493 	-9.6029686 	-8.6031588
-0.33153153 	0.25 	0.637 	57.02998 	-9.6094687 	-8.6009799
-0.33273273 	0.25 	0.637 	57.045468 	-9.6159688 	-8.5988011
-0.33393393 	0.25 	0.637 	57.060956 	-9.6224689 	-8.5966222
-0.33513514 	0.25 	0.637 	57.076444 	-9.6289691 	-8.5944434
-0.33633634 	0.25 	0.637 	57.091932 	-9.6354692 	-8.5922645
-0.33753754 	0.25 	0.637 	57.10742 	-9.6419693 	-8.5900856
-0.33873874 	0.25 	0.637 	57.122908 	-9.6484694 	-8.5879068
-0.33993994 	0.25 	0.637 	57.138396 	-9.6549696 	-8.5857279
-0.34114114 	0.25 	0.637 	57.153884 	-9.6614697 	-8.5835491
-0.34234234 	0.25 	0.637 	57.169371 	-9.6679698 	-8.5813702
-0.34354354 	0.25 	0.637 	57.184859 	-9.6744699 	-8.5791914
-0.34474474 	0.25 	0.637 	57.200347 	-9.68097 	-8.5770125
-0.34594595 	0.25 	0.637 	57.217967 	-9.6883609 	-8.5746003
-0.34714715 	0.25 	0.637 	57.235662 	-9.6957835 	-8.5721797
-0.34834835 	0.25 	0.637 	57.253358 	-9.7032062 	-8.5697592
-0.34954955 	0.25 	0.637 	57.271054 	-9.7106288 	-8.5673386
-0.35075075 	0.25 	0.637 	57.288749 	-9.7180515 	-8.564918
-0.35195195 	0.25 	0.637 	57.305855 	-9.7249724 	-8.5623147
-0.35315315 	0.25 	0.637 	57.320877 	-9.7301226 	-8.5590666
-0.35435435 	0.25 	0.637 	57.335899 	-9.7352729 	-8.5558185
-0.35555556 	0.25 	0.637 	57.350922 	-9.7404232 	-8.5525703
-0.35675676 	0.25 	0.637 	57.365944 	-9.7455734 	-8.5493222
-0.35795796 	0.25 	0.637 	57.380967 	-9.7507237 	-8.546074
-0.35915916 	0.25 	0.637 	57.395989 	-9.7558739 	-8.5428259
-0.36036036 	0.25 	0.637 	57.411011 	-9.7610242 	-8.5395778
-0.36156156 	0.25 	0.637 	57.426034 	-9.7661744 	-8.5363296
-0.36276276 	0.25 	0.637 	57.441056 	-9.7713247 	-8.5330815
-0.36396396 	0.25 	0.637 	57.456078 	-9.7764749 	-8.5298333
-0.36516517 	0.25 	0.637 	57.472448 	-9.7815739 	-8.5267281
-0.36636637 	0.25 	0.637 	57.492998 	-9.786514 	-8.5240662
-0.36756757 	0.25 	0.637 	57.513547 	-9.7914541 	-8.5214043
-0.36876877 	0.25 	0.637 	57.534096 	-9.7963941 	-8.5187424
-0.36996997 	0.25 	0.637 	57.554646 	-9.8013342 	-8.5160805
-0.37117117 	0.25 	0.637 	57.575195 	-9.8062743 	-8.5134186
-0.37237237 	0.25 	0.637 	57.595744 	-9.8112144 	-8.5107566
-0.37357357 	0.25 	0.637 	57.616294 	-9.8161544 	-8.5080947
-0.37477477 	0.25 	0.637 	57.636843 	-9.8210945 	-8.5054328
-0.37597598 	0.25 	0.637 	57.657392 	-9.8260346 	-8.5027709
-0.37717718 	0.25 	0.637 	57.677942 	-9.8309746 	-8.500109
-0.37837838 	0.25 	0.637 	57.69805 	-9.8357213 	-8.4972057
-0.37957958 	0.25 	0.637 	57.716969 	-9.8399468 	-8.4936519
-0.38078078 	0.25 	0.637 	57.735888 	-9.8441723 	-8.4900981
-0.38198198 	0.25 	0.637 	57.754807 	-9.8483977 	-8.4865443
-0.38318318 	0.25 	0.637 	57.773726 	-9.8526232 	-8.4829905
-0.38438438 	0.25 	0.637 	57.792645 	-9.8568487 	-8.4794366
-0.38558559 	0.25 	0.637 	57.809272 	-9.8619727 	-8.4761227
-0.38678679 	0.25 	0.637 	57.824989 	-9.8674531 	-8.472904
-0.38798799 	0.25 	0.637 	57.840707 	-9.8729335 	-8.4696852
-0.38918919 	0.25 	0.637 	57.856425 	-9.8784138 	-8.4664664
-0.39039039 	0.25 	0.637 	57.872142 	-9.8838942 	-8.4632476
-0.39159159 	0.25 	0.637 	57.88786 	-9.8893746 	-8.4600289
-0.39279279 	0.25 	0.637 	57.903578 	-9.8948549 	-8.4568101
-0.39399399 	0.25 	0.637 	57.919295 	-9.9003353 	-8.4535913
-0.3951952 	0.25 	0.637 	57.935013 	-9.9058156 	-8.4503725
-0.3963964 	0.25 	0.637 	57.950731 	-9.911296 	-8.4471538
-0.3975976 	0.25 	0.637 	57.966448 	-9.9167764 	-8.443935
-0.3987988 	0.25 	0.637 	57.982166 	-9.9222567 	-8.4407162
-0.4 	0.25 	0.637 	57.997884 	-9.9277371 	-8.4374974
-0.4012012 	0.25 	0.637 	58.013601 	-9.9332175 	-8.4342787
-0.4024024 	0.25 	0.637 	58.029319 	-9.9386978 	-8.4310599
-0.4036036 	0.25 	0.637 	58.045037 	-9.9441782 	-8.4278411
-0.4048048 	0.25 	0.637 	58.060754 	-9.9496586 	-8.4246223
-0.40600601 	0.25 	0.637 	58.076472 	-9.9551389 	-8.4214036
-0.40720721 	0.25 	0.637 	58.09219 	-9.9606193 	-8.4181848
-0.40840841 	0.25 	0.637 	58.107907 	-9.9660997 	-8.414966
-0.40960961 	0.25 	0.637 	58.123625 	-9.97158 	-8.4117472
-0.41081081 	0.25 	0.637 	58.139343 	-9.9770604 	-8.4085285
-0.41201201 	0.25 	0.637 	58.15506 	-9.9825407 	-8.4053097
-0.41321321 	0.25 	0.637 	58.170124 	-9.9876656 	-8.4018217
-0.41441441 	0.25 	0.637 	58.184486 	-9.9924084 	-8.3980445
-0.41561562 	0.25 	0.637 	58.198848 	-9.9971512 	-8.3942672
-0.41681682 	0.25 	0.637 	58.21321 	-10.001894 	-8.39049
-0.41801802 	0.25 	0.637 	58.227572 	-10.006637 	-8.3867128
-0.41921922 	0.25 	0.637 	58.241934 	-10.01138 	-8.3829355
-0.42042042 	0.25 	0.637 	58.256296 	-10.016122 	-8.3791583
-0.42162162 	0.25 	0.637 	58.270658 	-10.020865 	-8.3753811
-0.42282282 	0.25 	0.637 	58.28502 	-10.025608 	-8.3716038
-0.42402402 	0.25 	0.637 	58.299382 	-10.030351 	-8.3678266
-0.42522523 	0.25 	0.637 	58.313744 	-10.035094 	-8.3640494
-0.42642643 	0.25 	0.637 	58.330617 	-10.040321 	-8.3605387
-0.42762763 	0.25 	0.637 	58.349927 	-10.046019 	-8.3572867
-0.42882883 	0.25 	0.637 	58.369236 	-10.051717 	-8.3540347
-0.43003003 	0.25 	0.637 	58.388546 	-10.057415 	-8.3507828
-0.43123123 	0.25 	0.637 	58.407856 	-10.063113 	-8.3475308
-0.43243243 	0.25 	0.637 	58.427166 	-10.06881 	-8.3442788
-0.43363363 	0.25 	0.637 	58.446475 	-10.074508 	-8.3410268
-0.43483483 	0.25 	0.637 	58.465785 	-10.080206 	-8.3377748
-0.43603604 	0.25 	0.637 	58.485095 	-10.085904 	-8.3345228
-0.43723724 	0.25 	0.637 	58.504405 	-10.091602 	-8.3312708
-0.43843844 	0.25 	0.637 	58.523715 	-10.0973 	-8.3280188
-0.43963964 	0.25 	0.637 	58.542478 	-10.102122 	-8.3240454
-0.44084084 	0.25 	0.637 	58.560756 	-10.106168 	-8.3194325
-0.44204204 	0.25 	0.637 	58.579034 	-10.110214 	-8.3148196
-0.44324324 	0.25 	0.637 	58.597313 	-10.11426 	-8.3102067
-0.44444444 	0.25 	0.637 	58.615591 	-10.118306 	-8.3055938
-0.44564565 	0.25 	0.637 	58.633869 	-10.122352 	-8.3009809
-0.44684685 	0.25 	0.637 	58.652148 	-10.126398 	-8.296368
-0.44804805 	0.25 	0.637 	58.670426 	-10.130444 	-8.2917551
-0.44924925 	0.25 	0.637 	58.688705 	-10.13449 	-8.2871423
-0.45045045 	0.25 	0.637 	58.706983 	-10.138536 	-8.2825294
-0.45165165 	0.25 	0.637 	58.725261 	-10.142582 	-8.2779165
-0.45285285 	0.25 	0.637 	58.74354 	-10.146628 	-8.2733036
-0.45405405 	0.25 	0.637 	58.761818 	-10.150674 	-8.2686907
-0.45525526 	0.25 	0.637 	58.780097 	-10.15472 	-8.2640778
-0.45645646 	0.25 	0.637 	58.798375 	-10.158766 	-8.2594649
-0.45765766 	0.25 	0.637 	58.816653 	-10.162812 	-8.254852
-0.45885886 	0.25 	0.637 	58.834932 	-10.166858 	-8.2502391
-0.46006006 	0.25 	0.637 	58.85321 	-10.170904 	-8.2456262
-0.46126126 	0.25 	0.637 	58.871489 	-10.17495 	-8.2410134
-0.46246246 	0.25 	0.637 	58.889767 	-10.178996 	-8.2364005
-0.46366366 	0.25 	0.637 	58.908045 	-10.183042 	-8.2317876
-0.46486486 	0.25 	0.637 	58.926324 	-10.187088 	-8.2271747
-0.46606607 	0.25 	0.637 	58.944602 	-10.191134 	-8.2225618
-0.46726727 	0.25 	0.637 	58.962881 	-10.195181 	-8.2179489
-0.46846847 	0.25 	0.637 	58.981245 	-10.200012 	-8.2135731
-0.46966967 	0.25 	0.637 	58.999622 	-10.204966 	-8.2092339
-0.47087087 	0.25 	0.637 	59.018 	-10.209919 	-8.2048947
-0.47207207 	0.25 	0.637 	59.036377 	-10.214873 	-8.2005555
-0.47327327 	0.25 	0.637 	59.054755 	-10.219826 	-8.1962163
-0.47447447 	0.25 	0.637 	59.072832 	-10.223873 	-8.1912295
-0.47567568 	0.25 	0.637 	59.090799 	-10.227588 	-8.1860049
-0.47687688 	0.25 	0.637 	59.108766 	-10.231302 	-8.1807802
-0.47807808 	0.25 	0.637 	59.126733 	-10.235017 	-8.1755556
-0.47927928 	0.25 	0.637 	59.1447 	-10.238731 	-8.1703309
-0.48048048 	0.25 	0.637 	59.162667 	-10.242446 	-8.1651063
-0.48168168 	0.25 	0.637 	59.180634 	-10.24616 	-8.1598816
-0.48288288 	0.25 	0.637 	59.198601 	-10.249875 	-8.154657
-0.48408408 	0.25 	0.637 	59.216568 	-10.253589 	-8.1494323
-0.48528529 	0.25 	0.637 	59.234535 	-10.257304 	-8.1442077
-0.48648649 	0.25 	0.637 	59.252502 	-10.261018 	-8.138983
-0.48768769 	0.25 	0.637 	59.27025 	-10.266519 	-8.1345665
-0.48888889 	0.25 	0.637 	59.287927 	-10.272605 	-8.1304142
-0.49009009 	0.25 	0.637 	59.305603 	-10.278691 	-8.126262
-0.49129129 	0.25 	0.637 	59.323279 	-10.284777 	-8.1221097
-0.49249249 	0.25 	0.637 	59.340956 	-10.290863 	-8.1179575
-0.49369369 	0.25 	0.637 	59.358632 	-10.296948 	-8.1138052
-0.49489489 	0.25 	0.637 	59.376308 	-10.303034 	-8.109653
-0.4960961 	0.25 	0.637 	59.393985 	-10.30912 	-8.1055007
-0.4972973 	0.25 	0.637 	59.411661 	-10.315206 	-8.1013485
-0.4984985 	0.25 	0.637 	59.429338 	-10.321292 	-8.0971962
-0.4996997 	0.25 	0.637 	59.447014 	-10.327377 	-8.093044
-0.5009009 	0.25 	0.637 	59.46794 	-10.331298 	-8.0874709
-0.5021021 	0.25 	0.637 	59.489807 	-10.334591 	-8.0814862
-0.5033033 	0.25 	0.637 	59.511674 	-10.337884 	-8.0755015
-0.5045045 	0.25 	0.637 	59.533541 	-10.341177 	-8.0695168
-0.50570571 	0.25 	0.637 	59.555409 	-10.344471 	-8.063532
-0.50690691 	0.25 	0.637 	59.581346 	-10.348709 	-8.0559393
-0.50810811 	0.25 	0.637 	59.608074 	-10.353131 	-8.0480347
-0.50930931 	0.25 	0.637 	59.634802 	-10.357553 	-8.04013
-0.51051051 	0.25 	0.637 	59.661529 	-10.361975 	-8.0322253
-0.51171171 	0.25 	0.637 	59.688257 	-10.366397 	-8.0243206
-0.51291291 	0.25 	0.637 	59.707486 	-10.371629 	-8.0180889
-0.51411411 	0.25 	0.637 	59.726431 	-10.376892 	-8.0119207
-0.51531532 	0.25 	0.637 	59.745377 	-10.382154 	-8.0057524
-0.51651652 	0.25 	0.637 	59.764322 	-10.387417 	-7.9995841
-0.51771772 	0.25 	0.637 	59.783267 	-10.392679 	-7.9934159
-0.51891892 	0.25 	0.637 	59.802212 	-10.397942 	-7.9872476
-0.52012012 	0.25 	0.637 	59.821157 	-10.403205 	-7.9810793
-0.52132132 	0.25 	0.637 	59.840103 	-10.408467 	-7.9749111
-0.52252252 	0.25 	0.637 	59.859048 	-10.41373 	-7.9687428
-0.52372372 	0.25 	0.637 	59.877993 	-10.418992 	-7.9625745
-0.52492492 	0.25 	0.637 	59.896938 	-10.424255 	-7.9564063
-0.52612613 	0.25 	0.637 	59.915884 	-10.429518 	-7.950238
-0.52732733 	0.25 	0.637 	59.934829 	-10.43478 	-7.9440698
-0.52852853 	0.25 	0.637 	59.953774 	-10.440043 	-7.9379015
-0.52972973 	0.25 	0.637 	59.972719 	-10.445305 	-7.9317332
-0.53093093 	0.25 	0.637 	59.991664 	-10.450568 	-7.925565
-0.53213213 	0.25 	0.637 	60.01061 	-10.455831 	-7.9193967
-0.53333333 	0.25 	0.637 	60.029555 	-10.461093 	-7.9132284
-0.53453453 	0.25 	0.637 	60.0485 	-10.466356 	-7.9070602
-0.53573574 	0.25 	0.637 	60.079163 	-10.467895 	-7.8977559
-0.53693694 	0.25 	0.637 	60.110081 	-10.469353 	-7.8883834
-0.53813814 	0.25 	0.637 	60.141 	-10.470812 	-7.8790108
-0.53933934 	0.25 	0.637 	60.171918 	-10.47227 	-7.8696382
-0.54054054 	0.25 	0.637 	60.202836 	-10.473728 	-7.8602656
-0.54174174 	0.25 	0.637 	60.233754 	-10.475186 	-7.850893
-0.54294294 	0.25 	0.637 	60.264673 	-10.476644 	-7.8415204
-0.54414414 	0.25 	0.637 	60.295591 	-10.478103 	-7.8321478
-0.54534535 	0.25 	0.637 	60.326509 	-10.479561 	-7.8227753
-0.54654655 	0.25 	0.637 	60.357428 	-10.481019 	-7.8134027
-0.54774775 	0.25 	0.637 	60.388322 	-10.482476 	-7.8040368
-0.54894895 	0.25 	0.637 	60.410008 	-10.483489 	-7.7972074
-0.55015015 	0.25 	0.637 	60.431694 	-10.484502 	-7.7903781
-0.55135135 	0.25 	0.637 	60.453381 	-10.485515 	-7.7835488
-0.55255255 	0.25 	0.637 	60.475067 	-10.486528 	-7.7767194
-0.55375375 	0.25 	0.637 	60.496753 	-10.487541 	-7.7698901
-0.55495495 	0.25 	0.637 	60.516294 	-10.490792 	-7.7635089
-0.55615616 	0.25 	0.637 	60.533806 	-10.496157 	-7.7575511
-0.55735736 	0.25 	0.637 	60.551318 	-10.501523 	-7.7515933
-0.55855856 	0.25 	0.637 	60.56883 	-10.506888 	-7.7456355
-0.55975976 	0.25 	0.637 	60.586343 	-10.512254 	-7.7396778
-0.56096096 	0.25 	0.637 	60.603855 	-10.51762 	-7.73372
-0.56216216 	0.25 	0.637 	60.621367 	-10.522985 	-7.7277622
-0.56336336 	0.25 	0.637 	60.638879 	-10.528351 	-7.7218044
-0.56456456 	0.25 	0.637 	60.656392 	-10.533716 	-7.7158466
-0.56576577 	0.25 	0.637 	60.673904 	-10.539082 	-7.7098888
-0.56696697 	0.25 	0.637 	60.692512 	-10.542834 	-7.7032584
-0.56816817 	0.25 	0.637 	60.712765 	-10.544164 	-7.695618
-0.56936937 	0.25 	0.637 	60.733019 	-10.545494 	-7.6879777
-0.57057057 	0.25 	0.637 	60.753272 	-10.546824 	-7.6803373
-0.57177177 	0.25 	0.637 	60.773027 	-10.548628 	-7.6728195
-0.57297297 	0.25 	0.637 	60.788934 	-10.55409 	-7.6662467
-0.57417417 	0.25 	0.637 	60.804841 	-10.559553 	-7.6596739
-0.57537538 	0.25 	0.637 	60.820748 	-10.565015 	-7.653101
-0.57657658 	0.25 	0.637 	60.836655 	-10.570477 	-7.6465282
-0.57777778 	0.25 	0.637 	60.852562 	-10.57594 	-7.6399554
-0.57897898 	0.25 	0.637 	60.872011 	-10.581729 	-7.6329815
-0.58018018 	0.25 	0.637 	60.893583 	-10.587715 	-7.6257674
-0.58138138 	0.25 	0.637 	60.915155 	-10.5937 	-7.6185533
-0.58258258 	0.25 	0.637 	60.936728 	-10.599686 	-7.6113392
-0.58378378 	0.25 	0.637 	60.9583 	-10.605672 	-7.6041251
-0.58498498 	0.25 	0.637 	60.979363 	-10.611088 	-7.5968802
-0.58618619 	0.25 	0.637 	60.997181 	-10.612875 	-7.5894393
-0.58738739 	0.25 	0.637 	61.014998 	-10.614661 	-7.5819984
-0.58858859 	0.25 	0.637 	61.032816 	-10.616447 	-7.5745574
-0.58978979 	0.25 	0.637 	61.050633 	-10.618233 	-7.5671165
-0.59099099 	0.25 	0.637 	61.070307 	-10.620658 	-7.5593371
-0.59219219 	0.25 	0.637 	61.090647 	-10.623312 	-7.5514362
-0.59339339 	0.25 	0.637 	61.110988 	-10.625966 	-7.5435352
-0.59459459 	0.25 	0.637 	61.131328 	-10.628621 	-7.5356343
-0.5957958 	0.25 	0.637 	61.151669 	-10.631275 	-7.5277334
-0.596997 	0.25 	0.637 	61.172009 	-10.633929 	-7.5198324
-0.5981982 	0.25 	0.637 	61.19235 	-10.636584 	-7.5119315
-0.5993994 	0.25 	0.637 	61.21269 	-10.639238 	-7.5040305
-0.6006006 	0.25 	0.637 	61.233031 	-10.641892 	-7.4961296
-0.6018018 	0.25 	0.637 	61.253371 	-10.644547 	-7.4882286
-0.603003 	0.25 	0.637 	61.271128 	-10.64415 	-7.4803968
-0.6042042 	0.25 	0.637 	61.287948 	-10.642647 	-7.47259
-0.60540541 	0.25 	0.637 	61.304769 	-10.641145 	-7.4647832
-0.60660661 	0.25 	0.637 	61.321589 	-10.639643 	-7.4569764
-0.60780781 	0.25 	0.637 	61.338409 	-10.638141 	-7.4491696
-0.60900901 	0.25 	0.637 	61.35695 	-10.636627 	-7.4411381
-0.61021021 	0.25 	0.637 	61.380807 	-10.635078 	-7.4324125
-0.61141141 	0.25 	0.637 	61.404663 	-10.63353 	-7.4236869
-0.61261261 	0.25 	0.637 	61.42852 	-10.631981 	-7.4149613
-0.61381381 	0.25 	0.637 	61.452376 	-10.630433 	-7.4062357
-0.61501502 	0.25 	0.637 	61.476233 	-10.628884 	-7.3975101
-0.61621622 	0.25 	0.637 	61.498704 	-10.626724 	-7.3886923
-0.61741742 	0.25 	0.637 	61.520722 	-10.624363 	-7.3798443
-0.61861862 	0.25 	0.637 	61.54274 	-10.622003 	-7.3709963
-0.61981982 	0.25 	0.637 	61.564758 	-10.619642 	-7.3621484
-0.62102102 	0.25 	0.637 	61.586776 	-10.617282 	-7.3533004
-0.62222222 	0.25 	0.637 	61.608795 	-10.614921 	-7.3444524
-0.62342342 	0.25 	0.637 	61.630813 	-10.612561 	-7.3356044
-0.62462462 	0.25 	0.637 	61.652831 	-10.6102 	-7.3267565
-0.62582583 	0.25 	0.637 	61.674849 	-10.60784 	-7.3179085
-0.62702703 	0.25 	0.637 	61.696867 	-10.605479 	-7.3090605
-0.62822823 	0.25 	0.637 	61.715344 	-10.605041 	-7.3010244
-0.62942943 	0.25 	0.637 	61.73358 	-10.604734 	-7.2930434
-0.63063063 	0.25 	0.637 	61.751817 	-10.604426 	-7.2850624
-0.63183183 	0.25 	0.637 	61.770053 	-10.604118 	-7.2770813
-0.63303303 	0.25 	0.637 	61.787739 	-10.60354 	-7.2691707
-0.63423423 	0.25 	0.637 	61.804401 	-10.602458 	-7.2613908
-0.63543544 	0.25 	0.637 	61.821063 	-10.601376 	-7.2536109
-0.63663664 	0.25 	0.637 	61.837725 	-10.600294 	-7.245831
-0.63783784 	0.25 	0.637 	61.854387 	-10.599212 	-7.2380511
-0.63903904 	0.25 	0.637 	61.871049 	-10.59813 	-7.2302712
-0.64024024 	0.25 	0.637 	61.893066 	-10.598485 	-7.2219164
-0.64144144 	0.25 	0.637 	61.915955 	-10.599075 	-7.2134679
-0.64264264 	0.25 	0.637 	61.938845 	-10.599664 	-7.2050195
-0.64384384 	0.25 	0.637 	61.961734 	-10.600254 	-7.196571
-0.64504505 	0.25 	0.637 	61.984623 	-10.600844 	-7.1881225
-0.64624625 	0.25 	0.637 	62.005808 	-10.601103 	-7.1797094
-0.64744745 	0.25 	0.637 	62.024084 	-10.6008 	-7.1713568
-0.64864865 	0.25 	0.637 	62.04236 	-10.600497 	-7.1630042
-0.64984985 	0.25 	0.637 	62.060636 	-10.600193 	-7.1546516
-0.65105105 	0.25 	0.637 	62.078912 	-10.59989 	-7.1462989
-0.65225225 	0.25 	0.637 	62.099358 	-10.599143 	-7.1376036
-0.65345345 	0.25 	0.637 	62.120902 	-10.598171 	-7.1287345
-0.65465465 	0.25 	0.637 	62.142447 	-10.597199 	-7.1198654
-0.65585586 	0.25 	0.637 	62.163992 	-10.596227 	-7.1109963
-0.65705706 	0.25 	0.637 	62.185536 	-10.595255 	-7.1021272
-0.65825826 	0.25 	0.637 	62.207081 	-10.594284 	-7.0932581
-0.65945946 	0.25 	0.637 	62.228625 	-10.593312 	-7.084389
-0.66066066 	0.25 	0.637 	62.25017 	-10.59234 	-7.0755199
-0.66186186 	0.25 	0.637 	62.271714 	-10.591368 	-7.0666509
-0.66306306 	0.25 	0.637 	62.293259 	-10.590396 	-7.0577818
-0.66426426 	0.25 	0.637 	62.311039 	-10.58883 	-7.0494237
-0.66546547 	0.25 	0.637 	62.32869 	-10.587243 	-7.0410832
-0.66666667 	0.25 	0.637 	62.34634 	-10.585656 	-7.0327427
-0.66786787 	0.25 	0.637 	62.363991 	-10.58407 	-7.0244022
-0.66906907 	0.25 	0.637 	62.381642 	-10.582483 	-7.0160617
-0.67027027 	0.25 	0.637 	62.401869 	-10.581366 	-7.0072689
-0.67147147 	0.25 	0.637 	62.424925 	-10.580763 	-6.9979796
-0.67267267 	0.25 	0.637 	62.447981 	-10.580161 	-6.9886904
-0.67387387 	0.25 	0.637 	62.471037 	-10.579558 	-6.9794011
-0.67507508 	0.25 	0.637 	62.494093 	-10.578956 	-6.9701119
-0.67627628 	0.25 	0.637 	62.517149 	-10.578353 	-6.9608226
-0.67747748 	0.25 	0.637 	62.538711 	-10.577629 	-6.9512851
-0.67867868 	0.25 	0.637 	62.560254 	-10.576903 	-6.9417445
-0.67987988 	0.25 	0.637 	62.581797 	-10.576177 	-6.9322039
-0.68108108 	0.25 	0.637 	62.603339 	-10.575452 	-6.9226632
-0.68228228 	0.25 	0.637 	62.624882 	-10.574726 	-6.9131226
-0.68348348 	0.25 	0.637 	62.646425 	-10.574 	-6.903582
-0.68468468 	0.25 	0.637 	62.667968 	-10.573275 	-6.8940413
-0.68588589 	0.25 	0.637 	62.689511 	-10.572549 	-6.8845007
-0.68708709 	0.25 	0.637 	62.711054 	-10.571823 	-6.8749601
-0.68828829 	0.25 	0.637 	62.732599 	-10.570603 	-6.8653692
-0.68948949 	0.25 	0.637 	62.754146 	-10.56876 	-6.855715
-0.69069069 	0.25 	0.637 	62.775694 	-10.566916 	-6.8460607
-0.69189189 	0.25 	0.637 	62.797241 	-10.565072 	-6.8364064
-0.69309309 	0.25 	0.637 	62.818788 	-10.563228 	-6.8267521
-0.69429429 	0.25 	0.637 	62.839385 	-10.561167 	-6.8171204
-0.6954955 	0.25 	0.637 	62.859303 	-10.558951 	-6.8075047
-0.6966967 	0.25 	0.637 	62.879221 	-10.556735 	-6.7978891
-0.6978979 	0.25 	0.637 	62.899139 	-10.55452 	-6.7882735
-0.6990991 	0.25 	0.637 	62.919057 	-10.552304 	-6.7786579
-0.7003003 	0.25 	0.637 	62.938855 	-10.550683 	-6.7690902
-0.7015015 	0.25 	0.637 	62.957459 	-10.55494 	-6.7599966
-0.7027027 	0.25 	0.637 	62.976064 	-10.559198 	-6.750903
-0.7039039 	0.25 	0.637 	62.994669 	-10.563455 	-6.7418094
-0.70510511 	0.25 	0.637 	63.013273 	-10.567712 	-6.7327158
-0.70630631 	0.25 	0.637 	63.031878 	-10.571969 	-6.7236222
-0.70750751 	0.25 	0.637 	63.050775 	-10.572498 	-6.713707
-0.70870871 	0.25 	0.637 	63.069868 	-10.570524 	-6.7032403
-0.70990991 	0.25 	0.637 	63.088961 	-10.56855 	-6.6927736
-0.71111111 	0.25 	0.637 	63.108053 	-10.566576 	-6.6823069
-0.71231231 	0.25 	0.637 	63.127146 	-10.564602 	-6.6718403
-0.71351351 	0.25 	0.637 	63.147295 	-10.562296 	-6.661564
-0.71471471 	0.25 	0.637 	63.168047 	-10.5598 	-6.6513963
-0.71591592 	0.25 	0.637 	63.188798 	-10.557305 	-6.6412286
-0.71711712 	0.25 	0.637 	63.20955 	-10.554809 	-6.6310609
-0.71831832 	0.25 	0.637 	63.230301 	-10.552314 	-6.6208932
-0.71951952 	0.25 	0.637 	63.251053 	-10.549818 	-6.6107255
-0.72072072 	0.25 	0.637 	63.271804 	-10.547322 	-6.6005578
-0.72192192 	0.25 	0.637 	63.292556 	-10.544827 	-6.5903901
-0.72312312 	0.25 	0.637 	63.313307 	-10.542331 	-6.5802224
-0.72432432 	0.25 	0.637 	63.334238 	-10.538678 	-6.5698659
-0.72552553 	0.25 	0.637 	63.355952 	-10.529986 	-6.5586879
-0.72672673 	0.25 	0.637 	63.377665 	-10.521293 	-6.5475099
-0.72792793 	0.25 	0.637 	63.399378 	-10.512601 	-6.536332
-0.72912913 	0.25 	0.637 	63.421091 	-10.503909 	-6.525154
-0.73033033 	0.25 	0.637 	63.442804 	-10.495217 	-6.513976
-0.73153153 	0.25 	0.637 	63.460635 	-10.490906 	-6.5042835
-0.73273273 	0.25 	0.637 	63.476752 	-10.48853 	-6.4952472
-0.73393393 	0.25 	0.637 	63.492868 	-10.486155 	-6.4862108
-0.73513514 	0.25 	0.637 	63.508985 	-10.483779 	-6.4771745
-0.73633634 	0.25 	0.637 	63.525101 	-10.481403 	-6.4681382
-0.73753754 	0.25 	0.637 	63.543032 	-10.478136 	-6.4585975
-0.73873874 	0.25 	0.637 	63.568107 	-10.471358 	-6.4470711
-0.73993994 	0.25 	0.637 	63.593182 	-10.46458 	-6.4355448
-0.74114114 	0.25 	0.637 	63.618256 	-10.457802 	-6.4240185
-0.74234234 	0.25 	0.637 	63.643331 	-10.451024 	-6.4124921
-0.74354354 	0.25 	0.637 	63.668406 	-10.444246 	-6.4009658
-0.74474474 	0.25 	0.637 	63.693481 	-10.437468 	-6.3894394
-0.74594595 	0.25 	0.637 	63.718555 	-10.43069 	-6.3779131
-0.74714715 	0.25 	0.637 	63.74363 	-10.423912 	-6.3663867
-0.74834835 	0.25 	0.637 	63.768705 	-10.417134 	-6.3548604
-0.74954955 	0.25 	0.637 	63.793492 	-10.406611 	-6.3406427
-0.75075075 	0.25 	0.637 	63.81825 	-10.3957 	-6.3261466
-0.75195195 	0.25 	0.637 	63.843007 	-10.384789 	-6.3116505
-0.75315315 	0.25 	0.637 	63.867765 	-10.373878 	-6.2971545
-0.75435435 	0.25 	0.637 	63.892523 	-10.362967 	-6.2826584
-0.75555556 	0.25 	0.637 	63.924636 	-10.348727 	-6.2666382
-0.75675676 	0.25 	0.637 	63.958638 	-10.333633 	-6.250227
-0.75795796 	0.25 	0.637 	63.992639 	-10.318539 	-6.2338157
-0.75915916 	0.25 	0.637 	64.02664 	-10.303445 	-6.2174045
-0.76036036 	0.25 	0.637 	64.060641 	-10.28835 	-6.2009932
-0.76156156 	0.25 	0.637 	64.096633 	-10.274929 	-6.1854631
-0.76276276 	0.25 	0.637 	64.137198 	-10.265351 	-6.1719575
-0.76396396 	0.25 	0.637 	64.172135 	-10.257212 	-6.1591668
-0.76516517 	0.25 	0.637 	64.190132 	-10.253335 	-6.1483036
-0.76636637 	0.25 	0.637 	64.207917 	-10.249456 	-6.1372897
-0.76756757 	0.25 	0.637 	64.225701 	-10.245578 	-6.1262757
-0.76876877 	0.25 	0.637 	64.243486 	-10.241699 	-6.1152617
-0.76996997 	0.25 	0.637 	64.261271 	-10.23782 	-6.1042478
-0.77117117 	0.25 	0.637 	64.279056 	-10.233942 	-6.0932338
-0.77237237 	0.25 	0.637 	64.296841 	-10.230063 	-6.0822198
-0.77357357 	0.25 	0.637 	64.314625 	-10.226185 	-6.0712058
-0.77477477 	0.25 	0.637 	64.32406 	-10.225595 	-6.060907
-0.77597598 	0.25 	0.637 	64.328434 	-10.226999 	-6.0510414
-0.77717718 	0.25 	0.637 	64.343684 	-10.234353 	-6.0406401
-0.77837838 	0.25 	0.637 	64.366072 	-10.245613 	-6.0298871
-0.77957958 	0.25 	0.637 	64.384596 	-10.243813 	-6.0177279
-0.78078078 	0.25 	0.637 	64.400499 	-10.233154 	-6.0046147
-0.78198198 	0.25 	0.637 	64.416402 	-10.222494 	-5.9915015
-0.78318318 	0.25 	0.637 	64.432305 	-10.211834 	-5.9783883
-0.78438438 	0.25 	0.637 	64.448208 	-10.201174 	-5.965275
-0.78558559 	0.25 	0.637 	64.464111 	-10.190515 	-5.9521618
-0.78678679 	0.25 	0.637 	64.480015 	-10.179855 	-5.9390486
-0.78798799 	0.25 	0.637 	64.495918 	-10.169195 	-5.9259354
-0.78918919 	0.25 	0.637 	64.51198 	-10.158566 	-5.9131611
-0.79039039 	0.25 	0.637 	64.526197 	-10.12629 	-5.8980086
-0.79159159 	0.25 	0.637 	64.540178 	-10.091358 	-5.8825419
-0.79279279 	0.25 	0.637 	64.564523 	-10.06744 	-5.8668433
-0.79399399 	0.25 	0.637 	64.59001 	-10.044735 	-5.8511193
-0.7951952 	0.25 	0.637 	64.608567 	-10.027599 	-5.8369841
-0.7963964 	0.25 	0.637 	64.626472 	-10.010985 	-5.8229981
-0.7975976 	0.25 	0.637 	64.644378 	-9.994372 	-5.8090122
-0.7987988 	0.25 	0.637 	64.662284 	-9.9777586 	-5.7950262
-0.8 	0.25 	0.637 	64.68019 	-9.9611452 	-5.7810403
-0.8012012 	0.25 	0.637 	64.698096 	-9.9445317 	-5.7670543
-0.8024024 	0.25 	0.637 	64.716001 	-9.9279183 	-5.7530684
-0.8036036 	0.25 	0.637 	64.733907 	-9.9113049 	-5.7390824
-0.8048048 	0.25 	0.637 	64.751669 	-9.8959715 	-5.725759
-0.80600601 	0.25 	0.637 	64.767796 	-9.8862994 	-5.7131745
-0.80720721 	0.25 	0.637 	64.785326 	-9.8766444 	-5.7004027
-0.80840841 	0.25 	0.637 	64.808622 	-9.8670593 	-5.6868611
-0.80960961 	0.25 	0.637 	64.830839 	-9.8568808 	-5.6733294
-0.81081081 	0.25 	0.637 	64.848612 	-9.8442565 	-5.6598388
-0.81201201 	0.25 	0.637 	64.866385 	-9.8316321 	-5.6463482
-0.81321321 	0.25 	0.637 	64.884158 	-9.8190077 	-5.6328576
-0.81441441 	0.25 	0.637 	64.901931 	-9.8063834 	-5.619367
-0.81561562 	0.25 	0.637 	64.919704 	-9.793759 	-5.6058764
-0.81681682 	0.25 	0.637 	64.937477 	-9.7811346 	-5.5923858
-0.81801802 	0.25 	0.637 	64.95525 	-9.7685103 	-5.5788952
-0.81921922 	0.25 	0.637 	64.973094 	-9.7558817 	-5.5655229
-0.82042042 	0.25 	0.637 	64.989918 	-9.7416607 	-5.5524525
-0.82162162 	0.25 	0.637 	65.005507 	-9.7258749 	-5.5393022
-0.82282282 	0.25 	0.637 	65.024579 	-9.7089714 	-5.5255195
-0.82402402 	0.25 	0.637 	65.047298 	-9.6908973 	-5.5110745
-0.82522523 	0.25 	0.637 	65.067472 	-9.674947 	-5.497099
-0.82642643 	0.25 	0.637 	65.084565 	-9.6613393 	-5.4832674
-0.82762763 	0.25 	0.637 	65.101576 	-9.6477185 	-5.4693009
-0.82882883 	0.25 	0.637 	65.118588 	-9.6340977 	-5.4553345
-0.83003003 	0.25 	0.637 	65.1356 	-9.6204768 	-5.441368
-0.83123123 	0.25 	0.637 	65.152612 	-9.606856 	-5.4274015
-0.83243243 	0.25 	0.637 	65.169623 	-9.5932352 	-5.4134351
-0.83363363 	0.25 	0.637 	65.186635 	-9.5796144 	-5.3994686
-0.83483483 	0.25 	0.637 	65.203647 	-9.5659935 	-5.3855022
-0.83603604 	0.25 	0.637 	65.218819 	-9.5548781 	-5.3720348
-0.83723724 	0.25 	0.637 	65.233529 	-9.5443906 	-5.3586926
-0.83843844 	0.25 	0.637 	65.253792 	-9.5288888 	-5.3440947
-0.83963964 	0.25 	0.637 	65.275631 	-9.5119646 	-5.3291406
-0.84084084 	0.25 	0.637 	65.293803 	-9.4954733 	-5.3146391
-0.84204204 	0.25 	0.637 	65.310811 	-9.4791197 	-5.3002814
-0.84324324 	0.25 	0.637 	65.327819 	-9.462766 	-5.2859236
-0.84444444 	0.25 	0.637 	65.344827 	-9.4464124 	-5.2715659
-0.84564565 	0.25 	0.637 	65.361835 	-9.4300588 	-5.2572082
-0.84684685 	0.25 	0.637 	65.378843 	-9.4137051 	-5.2428504
-0.84804805 	0.25 	0.637 	65.395851 	-9.3973515 	-5.2284927
-0.84924925 	0.25 	0.637 	65.412859 	-9.3809978 	-5.214135
-0.85045045 	0.25 	0.637 	65.430004 	-9.3646153 	-5.2002289
-0.85165165 	0.25 	0.637 	65.446123 	-9.3476288 	-5.1866018
-0.85285285 	0.25 	0.637 	65.462638 	-9.3300785 	-5.1728243
-0.85405405 	0.25 	0.637 	65.484312 	-9.3052016 	-5.157093
-0.85525526 	0.25 	0.637 	65.505748 	-9.2806146 	-5.1414172
-0.85645646 	0.25 	0.637 	65.523021 	-9.2610966 	-5.1267122
-0.85765766 	0.25 	0.637 	65.540294 	-9.2415786 	-5.1120072
-0.85885886 	0.25 	0.637 	65.557567 	-9.2220607 	-5.0973022
-0.86006006 	0.25 	0.637 	65.57484 	-9.2025427 	-5.0825972
-0.86126126 	0.25 	0.637 	65.592113 	-9.1830248 	-5.0678923
-0.86246246 	0.25 	0.637 	65.609387 	-9.1635068 	-5.0531873
-0.86366366 	0.25 	0.637 	65.62666 	-9.1439888 	-5.0384823
-0.86486486 	0.25 	0.637 	65.643967 	-9.1244727 	-5.0238378
-0.86606607 	0.25 	0.637 	65.661093 	-9.1069924 	-5.0098163
-0.86726727 	0.25 	0.637 	65.677432 	-9.0929852 	-4.9960396
-0.86846847 	0.25 	0.637 	65.695254 	-9.0774401 	-4.9814345
-0.86966967 	0.25 	0.637 	65.715673 	-9.0592041 	-4.9653797
-0.87087087 	0.25 	0.637 	65.737133 	-9.039282 	-4.9494554
-0.87207207 	0.25 	0.637 	65.760326 	-9.0165548 	-4.9337481
-0.87327327 	0.25 	0.637 	65.783518 	-8.9938276 	-4.9180409
-0.87447447 	0.25 	0.637 	65.806711 	-8.9711004 	-4.9023336
-0.87567568 	0.25 	0.637 	65.829904 	-8.9483732 	-4.8866263
-0.87687688 	0.25 	0.637 	65.853097 	-8.925646 	-4.870919
-0.87807808 	0.25 	0.637 	65.87629 	-8.9029188 	-4.8552118
-0.87927928 	0.25 	0.637 	65.899483 	-8.8801916 	-4.8395045
-0.88048048 	0.25 	0.637 	65.922842 	-8.8575058 	-4.8240503
-0.88168168 	0.25 	0.637 	65.945835 	-8.8333709 	-4.8090418
-0.88288288 	0.25 	0.637 	65.968388 	-8.8081545 	-4.7940835
-0.88408408 	0.25 	0.637 	65.984808 	-8.7868113 	-4.778666
-0.88528529 	0.25 	0.637 	65.997966 	-8.7675277 	-4.7630045
-0.88648649 	0.25 	0.637 	66.01789 	-8.7452341 	-4.74605
-0.88768769 	0.25 	0.637 	66.039966 	-8.7219909 	-4.7283388
-0.88888889 	0.25 	0.637 	66.062043 	-8.6987477 	-4.7106275
-0.89009009 	0.25 	0.637 	66.08412 	-8.6755045 	-4.6929162
-0.89129129 	0.25 	0.637 	66.107061 	-8.6508028 	-4.6757463
-0.89249249 	0.25 	0.637 	66.13095 	-8.6228459 	-4.659334
-0.89369369 	0.25 	0.637 	66.154664 	-8.5949099 	-4.6428387
-0.89489489 	0.25 	0.637 	66.178377 	-8.5669739 	-4.6263433
-0.8960961 	0.25 	0.637 	66.20209 	-8.5390379 	-4.609848
-0.8972973 	0.25 	0.637 	66.231381 	-8.5077621 	-4.593051
-0.8984985 	0.25 	0.637 	66.262661 	-8.475296 	-4.5761466
-0.8996997 	0.25 	0.637 	66.273206 	-8.4540235 	-4.5618195
-0.9009009 	0.25 	0.637 	66.282669 	-8.4321605 	-4.5474142
-0.9021021 	0.25 	0.637 	66.292678 	-8.4054086 	-4.5316695
-0.9033033 	0.25 	0.637 	66.302854 	-8.3786319 	-4.5157289
-0.9045045 	0.25 	0.637 	66.313031 	-8.3518553 	-4.4997884
-0.90570571 	0.25 	0.637 	66.323207 	-8.3250786 	-4.4838479
-0.90690691 	0.25 	0.637 	66.342678 	-8.2953407 	-4.4674752
-0.90810811 	0.25 	0.637 	66.367295 	-8.2637451 	-4.4502432
-0.90930931 	0.25 	0.637 	66.391913 	-8.2321496 	-4.4330112
-0.91051051 	0.25 	0.637 	66.41653 	-8.2005541 	-4.4157791
-0.91171171 	0.25 	0.637 	66.441147 	-8.1689585 	-4.3985471
-0.91291291 	0.25 	0.637 	66.471163 	-8.1327163 	-4.3806741
-0.91411411 	0.25 	0.637 	66.497201 	-8.0983794 	-4.3636485
-0.91531532 	0.25 	0.637 	66.508635 	-8.0717976 	-4.3495467
-0.91651652 	0.25 	0.637 	66.518119 	-8.0429066 	-4.3340818
-0.91771772 	0.25 	0.637 	66.526906 	-8.0124111 	-4.31706
-0.91891892 	0.25 	0.637 	66.535694 	-7.9819155 	-4.3000383
-0.92012012 	0.25 	0.637 	66.544482 	-7.9514199 	-4.2830165
-0.92132132 	0.25 	0.637 	66.55327 	-7.9209244 	-4.2659947
-0.92252252 	0.25 	0.637 	66.569356 	-7.8847301 	-4.2479649
-0.92372372 	0.25 	0.637 	66.585839 	-7.8477453 	-4.2292679
-0.92492492 	0.25 	0.637 	66.602322 	-7.8107605 	-4.2105708
-0.92612613 	0.25 	0.637 	66.618805 	-7.7737758 	-4.1918738
-0.92732733 	0.25 	0.637 	66.638225 	-7.7348204 	-4.1723851
-0.92852853 	0.25 	0.637 	66.672304 	-7.6860256 	-4.1489361
-0.92972973 	0.25 	0.637 	66.695126 	-7.6352062 	-4.1257165
-0.93093093 	0.25 	0.637 	66.708549 	-7.5858982 	-4.1035511
-0.93213213 	0.25 	0.637 	66.722935 	-7.5431722 	-4.082397
-0.93333333 	0.25 	0.637 	66.73666 	-7.4989082 	-4.0608689
-0.93453453 	0.25 	0.637 	66.750384 	-7.4546443 	-4.0393408
-0.93573574 	0.25 	0.637 	66.768536 	-7.4223707 	-4.0207034
-0.93693694 	0.25 	0.637 	66.788832 	-7.398054 	-4.0038923
-0.93813814 	0.25 	0.637 	66.800776 	-7.3621049 	-3.9838075
-0.93933934 	0.25 	0.637 	66.818988 	-7.3247407 	-3.9648795
-0.94054054 	0.25 	0.637 	66.838859 	-7.2870022 	-3.9462575
-0.94174174 	0.25 	0.637 	66.858729 	-7.2492636 	-3.9276355
-0.94294294 	0.25 	0.637 	66.879195 	-7.2106852 	-3.9093219
-0.94414414 	0.25 	0.637 	66.904137 	-7.1694185 	-3.8925365
-0.94534535 	0.25 	0.637 	66.921016 	-7.1184903 	-3.8719077
-0.94654655 	0.25 	0.637 	66.939216 	-7.0712312 	-3.8515078
-0.94774775 	0.25 	0.637 	66.962451 	-7.0315245 	-3.8327434
-0.94894895 	0.25 	0.637 	66.985687 	-6.9918178 	-3.8139791
-0.95015015 	0.25 	0.637 	67.008922 	-6.9521111 	-3.7952147
-0.95135135 	0.25 	0.637 	67.036426 	-6.9244836 	-3.7789239
-0.95255255 	0.25 	0.637 	67.058829 	-6.8979057 	-3.7604097
-0.95375375 	0.25 	0.637 	67.07481 	-6.8684104 	-3.7387567
-0.95495495 	0.25 	0.637 	67.102257 	-6.8262984 	-3.7199387
-0.95615616 	0.25 	0.637 	67.129704 	-6.7841865 	-3.7011207
-0.95735736 	0.25 	0.637 	67.157151 	-6.7420745 	-3.6823026
-0.95855856 	0.25 	0.637 	67.187604 	-6.6947489 	-3.6646782
-0.95975976 	0.25 	0.637 	67.220351 	-6.64259 	-3.6477603
-0.96096096 	0.25 	0.637 	67.24337 	-6.6001278 	-3.6248298
-0.96216216 	0.25 	0.637 	67.275677 	-6.5513524 	-3.6049974
-0.96336336 	0.25 	0.637 	67.310899 	-6.5005962 	-3.5861369
-0.96456456 	0.25 	0.637 	67.346121 	-6.44984 	-3.5672764
-0.96576577 	0.25 	0.637 	67.381435 	-6.3989928 	-3.5485239
-0.96696697 	0.25 	0.637 	67.42233 	-6.3393179 	-3.53267
-0.96816817 	0.25 	0.637 	67.456154 	-6.2983917 	-3.5120658
-0.96936937 	0.25 	0.637 	67.490536 	-6.2583585 	-3.4912379
-0.97057057 	0.25 	0.637 	67.529166 	-6.2103029 	-3.4724463
-0.97177177 	0.25 	0.637 	67.568205 	-6.1614768 	-3.4538503
-0.97297297 	0.25 	0.637 	67.607244 	-6.1126507 	-3.4352542
-0.97417417 	0.25 	0.637 	67.646415 	-6.0520198 	-3.4191598
-0.97537538 	0.25 	0.637 	67.681009 	-5.9907602 	-3.4014183
-0.97657658 	0.25 	0.637 	67.705273 	-5.9359041 	-3.3787106
-0.97777778 	0.25 	0.637 	67.740158 	-5.8889142 	-3.3601542
-0.97897898 	0.25 	0.637 	67.775769 	-5.8430156 	-3.3418856
-0.98018018 	0.25 	0.637 	67.811379 	-5.797117 	-3.323617
-0.98138138 	0.25 	0.637 	67.849938 	-5.7519692 	-3.306748
-0.98258258 	0.25 	0.637 	67.893403 	-5.708071 	-3.2922084
-0.98378378 	0.25 	0.637 	67.920882 	-5.63975 	-3.2689166
-0.98498498 	0.25 	0.637 	67.95827 	-5.5869473 	-3.2491991
-0.98618619 	0.25 	0.637 	67.999772 	-5.5405817 	-3.2309724
-0.98738739 	0.25 	0.637 	68.041274 	-5.494216 	-3.2127457
-0.98858859 	0.25 	0.637 	68.082794 	-5.4478492 	-3.1945521
-0.98978979 	0.25 	0.637 	68.12802 	-5.4073118 	-3.1782839
-0.99099099 	0.25 	0.637 	68.170738 	-5.3373933 	-3.1575114
-0.99219219 	0.25 	0.637 	68.220684 	-5.285079 	-3.1384188
-0.99339339 	0.25 	0.637 	68.270912 	-5.2337452 	-3.1194522
-0.99459459 	0.25 	0.637 	68.321141 	-5.1824114 	-3.1004856
-0.9957958 	0.25 	0.637 	68.371369 	-5.1310775 	-3.081519
-0.996997 	0.25 	0.637 	68.421945 	-5.0796562 	-3.063148
-0.9981982 	0.25 	0.637 	68.473244 	-5.0196202 	-3.0440784
-0.9993994 	0.25 	0.637 	68.52824 	-4.9534052 	-3.0239052
-1.0006006 	0.25 	0.637 	68.583467 	-4.8888509 	-3.0039083
-1.0018018 	0.25 	0.637 	68.638694 	-4.8242966 	-2.9839114
-1.003003 	0.25 	0.637 	68.695704 	-4.7728561 	-2.9651968
-1.0042042 	0.25 	0.637 	68.753755 	-4.7290686 	-2.9472304
-1.0054054 	0.25 	0.637 	68.802417 	-4.6863583 	-2.9284618
-1.0066066 	0.25 	0.637 	68.855891 	-4.6826333 	-2.9142516
-1.0078078 	0.25 	0.637 	68.890009 	-4.5925241 	-2.8912537
-1.009009 	0.25 	0.637 	68.930651 	-4.518351 	-2.8697266
-1.0102102 	0.25 	0.637 	69.019978 	-4.441395 	-2.8436229
-1.0114114 	0.25 	0.637 	69.113484 	-4.3631077 	-2.8169891
-1.0126126 	0.25 	0.637 	69.207936 	-4.3043782 	-2.7932591
-1.0138138 	0.25 	0.637 	69.28443 	-4.2572514 	-2.7729984
-1.015015 	0.25 	0.637 	69.29652 	-4.1909774 	-2.7558825
-1.0162162 	0.25 	0.637 	69.370171 	-4.1337802 	-2.736451
-1.0174174 	0.25 	0.637 	69.450626 	-4.0775855 	-2.7167666
-1.0186186 	0.25 	0.637 	69.53108 	-4.0213908 	-2.6970823
-1.0198198 	0.25 	0.637 	69.611534 	-3.9651961 	-2.6773979
-1.021021 	0.25 	0.637 	69.698398 	-3.9076605 	-2.6569394
-1.0222222 	0.25 	0.637 	69.76801 	-3.8458927 	-2.6381198
-1.0234234 	0.25 	0.637 	69.855862 	-3.7857597 	-2.6179662
-1.0246246 	0.25 	0.637 	69.948345 	-3.7296695 	-2.598175
-1.0258258 	0.25 	0.637 	70.042055 	-3.674615 	-2.5785348
-1.027027 	0.25 	0.637 	70.135765 	-3.6195606 	-2.5588945
-1.0282282 	0.25 	0.637 	69.962646 	-3.5076897 	-2.5437333
-1.0294294 	0.25 	0.637 	70.191454 	-3.4754135 	-2.5218007
-1.0306306 	0.25 	0.637 	70.387302 	-3.4354805 	-2.5000764
-1.0318318 	0.25 	0.637 	70.407564 	-3.3590688 	-2.4808097
-1.033033 	0.25 	0.637 	70.427826 	-3.2826572 	-2.4615429
-1.0342342 	0.25 	0.637 	70.474108 	-3.2007157 	-2.4416217
-1.0354354 	0.25 	0.637 	70.251135 	-3.0572516 	-2.4262478
-1.0366366 	0.25 	0.637 	70.317878 	-2.9847469 	-2.4059366
-1.0378378 	0.25 	0.637 	70.614225 	-2.965972 	-2.3814769
-1.039039 	0.25 	0.637 	70.652838 	-2.8806832 	-2.3607167
-1.0402402 	0.25 	0.637 	70.716741 	-2.7901974 	-2.339824
-1.0414414 	0.25 	0.637 	70.790943 	-2.6975951 	-2.3188772
-1.0426426 	0.25 	0.637 	70.548195 	-2.522515 	-2.3034022
-1.0438438 	0.25 	0.637 	70.628541 	-2.4733946 	-2.287681
-1.045045 	0.25 	0.637 	70.884722 	-2.4912281 	-2.2716227
-1.0462462 	0.25 	0.637 	70.95679 	-2.413223 	-2.252412
-1.0474474 	0.25 	0.637 	71.027467 	-2.3305374 	-2.2340912
-1.0486486 	0.25 	0.637 	71.098143 	-2.2478518 	-2.2157704
-1.0498498 	0.25 	0.637 	71.168819 	-2.1651662 	-2.1974496
-1.0510511 	0.25 	0.637 	71.199567 	-2.0618123 	-2.1786234
-1.0522523 	0.25 	0.637 	71.09 	-1.8854739 	-2.1581605
-1.0534535 	0.25 	0.637 	71.004294 	-1.710386 	-2.135824
-1.0546547 	0.25 	0.637 	71.306846 	-1.6666204 	-2.1059986
-1.0558559 	0.25 	0.637 	71.376763 	-1.5253577 	-2.0787789
-1.0570571 	0.25 	0.637 	71.446645 	-1.3841191 	-2.0515328
-1.0582583 	0.25 	0.637 	71.516526 	-1.2428805 	-2.0242868
-1.0594595 	0.25 	0.637 	71.544591 	-1.0846069 	-1.9974686
-1.0606607 	0.25 	0.637 	71.63463 	-0.98755286 	-1.9780181
-1.0618619 	0.25 	0.637 	71.699116 	-0.86446419 	-1.9572912
-1.0630631 	0.25 	0.637 	71.763333 	-0.74147914 	-1.9361256
-1.0642643 	0.25 	0.637 	71.823403 	-0.61799541 	-1.9151468
-1.0654655 	0.25 	0.637 	71.879483 	-0.49403157 	-1.8943479
-1.0666667 	0.25 	0.637 	71.915907 	-0.3917354 	-1.8736221
-1.0678679 	0.25 	0.637 	72.027997 	-0.2314487 	-1.8516575
-1.0690691 	0.25 	0.637 	72.113907 	-0.098243064 	-1.8296243
-1.0702703 	0.25 	0.637 	72.199495 	0.034822387 	-1.8070662
-1.0714715 	0.25 	0.637 	72.285083 	0.16788784 	-1.7845081
-1.0726727 	0.25 	0.637 	72.370671 	0.30095329 	-1.76195
-1.0738739 	0.25 	0.637 	72.440807 	0.41034489 	-1.7395348
-1.0750751 	0.25 	0.637 	72.565021 	0.58535215 	-1.7159156
-1.0762763 	0.25 	0.637 	72.664496 	0.73860439 	-1.6928365
-1.0774775 	0.25 	0.637 	72.759383 	0.88605824 	-1.6689453
-1.0786787 	0.25 	0.637 	72.85427 	1.0335121 	-1.6450541
-1.0798799 	0.25 	0.637 	72.949157 	1.1809659 	-1.6211629
-1.0810811 	0.25 	0.637 	73.044044 	1.3284198 	-1.5972717
-1.0822823 	0.25 	0.637 	73.113047 	1.4168112 	-1.573251
-1.0834835 	0.25 	0.637 	73.261519 	1.6367727 	-1.5481704
-1.0846847 	0.25 	0.637 	73.370008 	1.7622692 	-1.5228247
-1.0858859 	0.25 	0.637 	73.478447 	1.8877397 	-1.4974046
-1.0870871 	0.25 	0.637 	73.586887 	2.0132103 	-1.4719845
-1.0882883 	0.25 	0.637 	73.695303 	2.138727 	-1.4465645
-1.0894895 	0.25 	0.637 	73.801623 	2.2688057 	-1.4212223
-1.0906907 	0.25 	0.637 	73.922894 	2.412752 	-1.3960695
-1.0918919 	0.25 	0.637 	74.043061 	2.5552679 	-1.3700462
-1.0930931 	0.25 	0.637 	74.163228 	2.6977838 	-1.3440228
-1.0942943 	0.25 	0.637 	74.283395 	2.8402997 	-1.3179995
-1.0954955 	0.25 	0.637 	74.229744 	3.1563822 	-1.284456
-1.0966967 	0.25 	0.637 	74.47639 	3.0629002 	-1.2740981
-1.0978979 	0.25 	0.637 	74.649065 	3.0738087 	-1.2573445
-1.0990991 	0.25 	0.637 	74.780211 	3.1423625 	-1.2363265
-1.1003003 	0.25 	0.637 	74.881303 	3.2492527 	-1.2134086
-1.1015015 	0.25 	0.637 	74.960319 	3.3843054 	-1.1890948
-1.1027027 	0.25 	0.637 	75.039334 	3.519358 	-1.1647811
-1.1039039 	0.25 	0.637 	75.071043 	3.7151812 	-1.1375571
-1.1051051 	0.25 	0.637 	74.960354 	4.0939297 	-1.101573
-1.1063063 	0.25 	0.637 	75.058661 	4.2278877 	-1.0696307
-1.1075075 	0.25 	0.637 	75.435899 	4.0366042 	-1.0434149
-1.1087087 	0.25 	0.637 	75.50105 	4.2213704 	-1.0135566
-1.1099099 	0.25 	0.637 	75.574477 	4.412529 	-0.98247258
-1.1111111 	0.25 	0.637 	75.659955 	4.6129973 	-0.94960355
-1.1123123 	0.25 	0.637 	75.467021 	5.1504089 	-0.91422132
-1.1135135 	0.25 	0.637 	75.509808 	5.335822 	-0.88646734
-1.1147147 	0.25 	0.637 	75.804408 	5.1596804 	-0.86523483
-1.1159159 	0.25 	0.637 	75.842128 	5.3326065 	-0.83609431
-1.1171171 	0.25 	0.637 	75.788054 	5.6306985 	-0.8044214
-1.1183183 	0.25 	0.637 	75.716306 	5.9528893 	-0.77226093
-1.1195195 	0.25 	0.637 	75.644559 	6.2750801 	-0.74010046
-1.1207207 	0.25 	0.637 	75.573021 	6.6003822 	-0.7079274
-1.1219219 	0.25 	0.637 	75.526964 	6.9115881 	-0.67765549
-1.1231231 	0.25 	0.637 	75.480383 	7.2218302 	-0.64651082
-1.1243243 	0.25 	0.637 	75.433736 	7.5319496 	-0.61525512
-1.1255255 	0.25 	0.637 	75.387089 	7.842069 	-0.58399942
-1.1267267 	0.25 	0.637 	75.43054 	8.0583612 	-0.56111356
-1.1279279 	0.25 	0.637 	75.59255 	8.1493318 	-0.54955578
-1.1291291 	0.25 	0.637 	75.395385 	8.5927846 	-0.50828846
-1.1303303 	0.25 	0.637 	75.344181 	8.9235213 	-0.47824765
-1.1315315 	0.25 	0.637 	75.309262 	9.2807874 	-0.44643286
-1.1327327 	0.25 	0.637 	75.274343 	9.6380535 	-0.41461807
-1.1339339 	0.25 	0.637 	75.354172 	9.8933644 	-0.39319722
-1.1351351 	0.25 	0.637 	75.460829 	10.069732 	-0.37774356
-1.1363363 	0.25 	0.637 	75.312036 	10.305123 	-0.34993098
-1.1375375 	0.25 	0.637 	75.19897 	10.632033 	-0.3226689
-1.1387387 	0.25 	0.637 	75.095921 	10.984603 	-0.29556116
-1.1399399 	0.25 	0.637 	74.992871 	11.337173 	-0.26845343
-1.1411411 	0.25 	0.637 	74.889822 	11.689742 	-0.24134569
-1.1423423 	0.25 	0.637 	74.891973 	12.066469 	-0.21882981
-1.1435435 	0.25 	0.637 	74.911221 	12.495357 	-0.19682314
-1.1447447 	0.25 	0.637 	74.905633 	12.845258 	-0.17834505
-1.1459459 	0.25 	0.637 	74.890696 	13.178908 	-0.15950177
-1.1471471 	0.25 	0.637 	74.868196 	13.504122 	-0.13997851
-1.1483483 	0.25 	0.637 	74.845696 	13.829336 	-0.12045525
-1.1495495 	0.25 	0.637 	74.823196 	14.15455 	-0.100932
-1.1507508 	0.25 	0.637 	74.801433 	14.48617 	-0.079194314
-1.151952 	0.25 	0.637 	74.77598 	14.81643 	-0.058656877
-1.1531532 	0.25 	0.637 	74.744927 	15.145612 	-0.040077145
-1.1543544 	0.25 	0.637 	74.696422 	15.522835 	-0.019482554
-1.1555556 	0.25 	0.637 	74.647731 	15.900571 	0.0011311749
-1.1567568 	0.25 	0.637 	74.598393 	16.280102 	0.021811782
-1.157958 	0.25 	0.637 	74.544077 	16.669991 	0.043087989
-1.1591592 	0.25 	0.637 	74.474658 	17.090157 	0.066415781
-1.1603604 	0.25 	0.637 	74.406202 	17.579609 	0.086946468
-1.1615616 	0.25 	0.637 	74.300844 	18.059711 	0.10812632
-1.1627628 	0.25 	0.637 	74.171771 	18.530323 	0.12986352
-1.163964 	0.25 	0.637 	74.042698 	19.000934 	0.15160073
-1.1651652 	0.25 	0.637 	73.910943 	19.469999 	0.1734208
-1.1663664 	0.25 	0.637 	73.715207 	19.904587 	0.19672337
-1.1675676 	0.25 	0.637 	73.506724 	20.34798 	0.21940792
-1.1687688 	0.25 	0.637 	73.300473 	20.815107 	0.24072797
-1.16997 	0.25 	0.637 	73.052071 	21.292637 	0.26325089
-1.1711712 	0.25 	0.637 	72.803531 	21.770201 	0.28577776
-1.1723724 	0.25 	0.637 	72.554991 	22.247765 	0.30830463
-1.1735736 	0.25 	0.637 	72.282384 	22.695433 	0.33136471
-1.1747748 	0.25 	0.637 	71.973278 	23.132264 	0.35490165
-1.175976 	0.25 	0.637 	71.674816 	23.585279 	0.37639849
-1.1771772 	0.25 	0.637 	71.336826 	24.043684 	0.39862879
-1.1783784 	0.25 	0.637 	70.954482 	24.51836 	0.42193971
-1.1795796 	0.25 	0.637 	70.57249 	24.994221 	0.44524449
-1.1807808 	0.25 	0.637 	70.190499 	25.470082 	0.46854927
-1.181982 	0.25 	0.637 	69.746073 	25.954028 	0.49289358
-1.1831832 	0.25 	0.637 	69.278965 	26.437707 	0.51710673
-1.1843844 	0.25 	0.637 	68.825766 	26.910697 	0.53967602
-1.1855856 	0.25 	0.637 	68.281534 	27.295602 	0.56221626
-1.1867868 	0.25 	0.637 	67.72432 	27.667945 	0.58475236
-1.187988 	0.25 	0.637 	67.200442 	28.037887 	0.60627165
-1.1891892 	0.25 	0.637 	66.766327 	28.378042 	0.62411405
-1.1903904 	0.25 	0.637 	66.246701 	28.646628 	0.64143574
-1.1915916 	0.25 	0.637 	65.790174 	28.840495 	0.65624197
-1.1927928 	0.25 	0.637 	65.345735 	29.020049 	0.67056629
-1.193994 	0.25 	0.637 	64.895862 	29.185652 	0.68479474
-1.1951952 	0.25 	0.637 	64.397233 	29.223284 	0.69865024
-1.1963964 	0.25 	0.637 	63.88733 	29.248003 	0.71254632
-1.1975976 	0.25 	0.637 	63.375863 	29.270932 	0.72644749
-1.1987988 	0.25 	0.637 	62.864395 	29.293861 	0.74034866
-1.2 	0.25 	0.637 	62.352927 	29.316789 	0.75424983
