-1.2 	-0.05 	0.91 	50.857208 	-0.75907477 	5.7709204
-1.1987988 	-0.05 	0.91 	50.866441 	-0.76713332 	5.7884823
-1.1975976 	-0.05 	0.91 	50.875674 	-0.77519187 	5.8060441
-1.1963964 	-0.05 	0.91 	50.884907 	-0.78325042 	5.823606
-1.1951952 	-0.05 	0.91 	50.89414 	-0.79130896 	5.8411679
-1.193994 	-0.05 	0.91 	50.903373 	-0.79936751 	5.8587298
-1.1927928 	-0.05 	0.91 	50.912606 	-0.80742606 	5.8762917
-1.1915916 	-0.05 	0.91 	50.921839 	-0.81548461 	5.8938535
-1.1903904 	-0.05 	0.91 	50.931072 	-0.82354316 	5.9114154
-1.1891892 	-0.05 	0.91 	50.940305 	-0.8316017 	5.9289773
-1.187988 	-0.05 	0.91 	50.949538 	-0.83966025 	5.9465392
-1.1867868 	-0.05 	0.91 	50.958771 	-0.8477188 	5.9641011
-1.1855856 	-0.05 	0.91 	50.968004 	-0.85577735 	5.9816629
-1.1843844 	-0.05 	0.91 	50.977237 	-0.86383589 	5.9992248
-1.1831832 	-0.05 	0.91 	50.98647 	-0.87189444 	6.0167867
-1.181982 	-0.05 	0.91 	50.995703 	-0.87995299 	6.0343486
-1.1807808 	-0.05 	0.91 	51.004936 	-0.88801154 	6.0519105
-1.1795796 	-0.05 	0.91 	51.014169 	-0.89607009 	6.0694723
-1.1783784 	-0.05 	0.91 	51.023401 	-0.90412863 	6.0870342
-1.1771772 	-0.05 	0.91 	51.032634 	-0.91218718 	6.1045961
-1.175976 	-0.05 	0.91 	51.041867 	-0.92024573 	6.122158
-1.1747748 	-0.05 	0.91 	51.0511 	-0.92830428 	6.1397198
-1.1735736 	-0.05 	0.91 	51.060333 	-0.93636283 	6.1572817
-1.1723724 	-0.05 	0.91 	51.06967 	-0.9453175 	6.1755093
-1.1711712 	-0.05 	0.91 	51.07939 	-0.95757335 	6.196189
-1.16997 	-0.05 	0.91 	51.089111 	-0.96982921 	6.2168688
-1.1687688 	-0.05 	0.91 	51.09871 	-0.98212358 	6.2385784
-1.1675676 	-0.05 	0.91 	51.107634 	-0.99463459 	6.266082
-1.1663664 	-0.05 	0.91 	51.116558 	-1.0071456 	6.2935856
-1.1651652 	-0.05 	0.91 	51.125482 	-1.0196566 	6.3210892
-1.163964 	-0.05 	0.91 	51.134405 	-1.0321676 	6.3485929
-1.1627628 	-0.05 	0.91 	51.143329 	-1.0446786 	6.3760965
-1.1615616 	-0.05 	0.91 	51.152253 	-1.0571897 	6.4036001
-1.1603604 	-0.05 	0.91 	51.161177 	-1.0697007 	6.4311038
-1.1591592 	-0.05 	0.91 	51.170101 	-1.0822117 	6.4586074
-1.157958 	-0.05 	0.91 	51.19019 	-1.0893144 	6.4797301
-1.1567568 	-0.05 	0.91 	51.210315 	-1.0964001 	6.5008326
-1.1555556 	-0.05 	0.91 	51.23044 	-1.1034857 	6.5219352
-1.1543544 	-0.05 	0.91 	51.250565 	-1.1105714 	6.5430377
-1.1531532 	-0.05 	0.91 	51.27069 	-1.1176571 	6.5641403
-1.151952 	-0.05 	0.91 	51.290815 	-1.1247427 	6.5852428
-1.1507508 	-0.05 	0.91 	51.31094 	-1.1318284 	6.6063454
-1.1495495 	-0.05 	0.91 	51.331065 	-1.138914 	6.6274479
-1.1483483 	-0.05 	0.91 	51.350858 	-1.1483046 	6.6515123
-1.1471471 	-0.05 	0.91 	51.370636 	-1.1577985 	6.6757095
-1.1459459 	-0.05 	0.91 	51.390414 	-1.1672925 	6.6999067
-1.1447447 	-0.05 	0.91 	51.409943 	-1.1751233 	6.7240397
-1.1435435 	-0.05 	0.91 	51.429389 	-1.1823998 	6.7481513
-1.1423423 	-0.05 	0.91 	51.448835 	-1.1896762 	6.7722629
-1.1411411 	-0.05 	0.91 	51.468281 	-1.1969526 	6.7963745
-1.1399399 	-0.05 	0.91 	51.487727 	-1.204229 	6.8204861
-1.1387387 	-0.05 	0.91 	51.507173 	-1.2115055 	6.8445976
-1.1375375 	-0.05 	0.91 	51.526619 	-1.2187819 	6.8687092
-1.1363363 	-0.05 	0.91 	51.546065 	-1.2260583 	6.8928208
-1.1351351 	-0.05 	0.91 	51.565511 	-1.2333348 	6.9169324
-1.1339339 	-0.05 	0.91 	51.584957 	-1.2406112 	6.941044
-1.1327327 	-0.05 	0.91 	51.604403 	-1.2478876 	6.9651556
-1.1315315 	-0.05 	0.91 	51.623849 	-1.2551641 	6.9892672
-1.1303303 	-0.05 	0.91 	51.643295 	-1.2624405 	7.0133788
-1.1291291 	-0.05 	0.91 	51.662741 	-1.2697169 	7.0374904
-1.1279279 	-0.05 	0.91 	51.682187 	-1.2769933 	7.061602
-1.1267267 	-0.05 	0.91 	51.701633 	-1.2842698 	7.0857136
-1.1255255 	-0.05 	0.91 	51.721079 	-1.2915462 	7.1098251
-1.1243243 	-0.05 	0.91 	51.740525 	-1.2988226 	7.1339367
-1.1231231 	-0.05 	0.91 	51.759971 	-1.3060991 	7.1580483
-1.1219219 	-0.05 	0.91 	51.779417 	-1.3133755 	7.1821599
-1.1207207 	-0.05 	0.91 	51.798863 	-1.3206519 	7.2062715
-1.1195195 	-0.05 	0.91 	51.818309 	-1.3279283 	7.2303831
-1.1183183 	-0.05 	0.91 	51.837755 	-1.3352048 	7.2544947
-1.1171171 	-0.05 	0.91 	51.857201 	-1.3424812 	7.2786063
-1.1159159 	-0.05 	0.91 	51.876647 	-1.3497576 	7.3027179
-1.1147147 	-0.05 	0.91 	51.896093 	-1.3570341 	7.3268295
-1.1135135 	-0.05 	0.91 	51.915539 	-1.3643105 	7.3509411
-1.1123123 	-0.05 	0.91 	51.934985 	-1.3715869 	7.3750526
-1.1111111 	-0.05 	0.91 	51.954431 	-1.3788634 	7.3991642
-1.1099099 	-0.05 	0.91 	51.973877 	-1.3861398 	7.4232758
-1.1087087 	-0.05 	0.91 	51.993323 	-1.3934162 	7.4473874
-1.1075075 	-0.05 	0.91 	52.012769 	-1.4006926 	7.471499
-1.1063063 	-0.05 	0.91 	52.029682 	-1.4108976 	7.4963702
-1.1051051 	-0.05 	0.91 	52.046356 	-1.4213782 	7.5213128
-1.1039039 	-0.05 	0.91 	52.063031 	-1.4318589 	7.5462555
-1.1027027 	-0.05 	0.91 	52.079705 	-1.4423395 	7.5711981
-1.1015015 	-0.05 	0.91 	52.096379 	-1.4528201 	7.5961408
-1.1003003 	-0.05 	0.91 	52.113054 	-1.4633008 	7.6210834
-1.0990991 	-0.05 	0.91 	52.129728 	-1.4737814 	7.6460261
-1.0978979 	-0.05 	0.91 	52.147468 	-1.4831845 	7.6704826
-1.0966967 	-0.05 	0.91 	52.173239 	-1.4844634 	7.6912739
-1.0954955 	-0.05 	0.91 	52.199009 	-1.4857424 	7.7120652
-1.0942943 	-0.05 	0.91 	52.22478 	-1.4870213 	7.7328566
-1.0930931 	-0.05 	0.91 	52.25055 	-1.4883002 	7.7536479
-1.0918919 	-0.05 	0.91 	52.276321 	-1.4895791 	7.7744392
-1.0906907 	-0.05 	0.91 	52.302091 	-1.490858 	7.7952305
-1.0894895 	-0.05 	0.91 	52.327862 	-1.4921369 	7.8160219
-1.0882883 	-0.05 	0.91 	52.352509 	-1.4935908 	7.8376129
-1.0870871 	-0.05 	0.91 	52.375805 	-1.4952553 	7.8601671
-1.0858859 	-0.05 	0.91 	52.3991 	-1.4969197 	7.8827213
-1.0846847 	-0.05 	0.91 	52.422395 	-1.4985842 	7.9052754
-1.0834835 	-0.05 	0.91 	52.44569 	-1.5002487 	7.9278296
-1.0822823 	-0.05 	0.91 	52.468985 	-1.5019132 	7.9503838
-1.0810811 	-0.05 	0.91 	52.492281 	-1.5035777 	7.9729379
-1.0798799 	-0.05 	0.91 	52.515576 	-1.5052422 	7.9954921
-1.0786787 	-0.05 	0.91 	52.538871 	-1.5069067 	8.0180463
-1.0774775 	-0.05 	0.91 	52.562166 	-1.5085712 	8.0406004
-1.0762763 	-0.05 	0.91 	52.585461 	-1.5102357 	8.0631546
-1.0750751 	-0.05 	0.91 	52.608757 	-1.5119002 	8.0857088
-1.0738739 	-0.05 	0.91 	52.632052 	-1.5135647 	8.1082629
-1.0726727 	-0.05 	0.91 	52.655347 	-1.5152292 	8.1308171
-1.0714715 	-0.05 	0.91 	52.678642 	-1.5168936 	8.1533713
-1.0702703 	-0.05 	0.91 	52.701938 	-1.5185581 	8.1759254
-1.0690691 	-0.05 	0.91 	52.725233 	-1.5202226 	8.1984796
-1.0678679 	-0.05 	0.91 	52.748528 	-1.5218871 	8.2210338
-1.0666667 	-0.05 	0.91 	52.771823 	-1.5235516 	8.2435879
-1.0654655 	-0.05 	0.91 	52.795118 	-1.5252161 	8.2661421
-1.0642643 	-0.05 	0.91 	52.818414 	-1.5268806 	8.2886963
-1.0630631 	-0.05 	0.91 	52.841709 	-1.5285451 	8.3112504
-1.0618619 	-0.05 	0.91 	52.865004 	-1.5302096 	8.3338046
-1.0606607 	-0.05 	0.91 	52.888299 	-1.5318741 	8.3563588
-1.0594595 	-0.05 	0.91 	52.911594 	-1.5335386 	8.3789129
-1.0582583 	-0.05 	0.91 	52.93489 	-1.5352031 	8.4014671
-1.0570571 	-0.05 	0.91 	52.958185 	-1.5368676 	8.4240213
-1.0558559 	-0.05 	0.91 	52.98148 	-1.538532 	8.4465754
-1.0546547 	-0.05 	0.91 	53.004775 	-1.5401965 	8.4691296
-1.0534535 	-0.05 	0.91 	53.02807 	-1.541861 	8.4916838
-1.0522523 	-0.05 	0.91 	53.051366 	-1.5435255 	8.5142379
-1.0510511 	-0.05 	0.91 	53.074661 	-1.54519 	8.5367921
-1.0498498 	-0.05 	0.91 	53.098268 	-1.5480394 	8.5592957
-1.0486486 	-0.05 	0.91 	53.122094 	-1.5517199 	8.5817637
-1.0474474 	-0.05 	0.91 	53.145921 	-1.5554005 	8.6042318
-1.0462462 	-0.05 	0.91 	53.169747 	-1.559081 	8.6266998
-1.045045 	-0.05 	0.91 	53.191166 	-1.5605673 	8.6497241
-1.0438438 	-0.05 	0.91 	53.211466 	-1.5610339 	8.6730069
-1.0426426 	-0.05 	0.91 	53.231766 	-1.5615004 	8.6962897
-1.0414414 	-0.05 	0.91 	53.252066 	-1.5619669 	8.7195725
-1.0402402 	-0.05 	0.91 	53.272366 	-1.5624334 	8.7428553
-1.039039 	-0.05 	0.91 	53.292667 	-1.5628999 	8.7661381
-1.0378378 	-0.05 	0.91 	53.312967 	-1.5633664 	8.7894209
-1.0366366 	-0.05 	0.91 	53.33504 	-1.5627565 	8.8111133
-1.0354354 	-0.05 	0.91 	53.360613 	-1.5600218 	8.8296661
-1.0342342 	-0.05 	0.91 	53.386186 	-1.5572871 	8.848219
-1.033033 	-0.05 	0.91 	53.411759 	-1.5545523 	8.8667719
-1.0318318 	-0.05 	0.91 	53.437332 	-1.5518176 	8.8853248
-1.0306306 	-0.05 	0.91 	53.462905 	-1.5490829 	8.9038777
-1.0294294 	-0.05 	0.91 	53.488478 	-1.5463481 	8.9224306
-1.0282282 	-0.05 	0.91 	53.513907 	-1.5435979 	8.941146
-1.027027 	-0.05 	0.91 	53.537662 	-1.5406667 	8.9617601
-1.0258258 	-0.05 	0.91 	53.561416 	-1.5377354 	8.9823742
-1.0246246 	-0.05 	0.91 	53.58517 	-1.5348042 	9.0029883
-1.0234234 	-0.05 	0.91 	53.608902 	-1.5317425 	9.0236225
-1.0222222 	-0.05 	0.91 	53.632339 	-1.5269788 	9.0445184
-1.021021 	-0.05 	0.91 	53.655777 	-1.522215 	9.0654143
-1.0198198 	-0.05 	0.91 	53.679215 	-1.5174512 	9.0863102
-1.0186186 	-0.05 	0.91 	53.702652 	-1.5126875 	9.1072061
-1.0174174 	-0.05 	0.91 	53.72609 	-1.5079237 	9.128102
-1.0162162 	-0.05 	0.91 	53.749528 	-1.50316 	9.1489978
-1.015015 	-0.05 	0.91 	53.772965 	-1.4983962 	9.1698937
-1.0138138 	-0.05 	0.91 	53.796403 	-1.4936325 	9.1907896
-1.0126126 	-0.05 	0.91 	53.819841 	-1.4888687 	9.2116855
-1.0114114 	-0.05 	0.91 	53.843278 	-1.4841049 	9.2325814
-1.0102102 	-0.05 	0.91 	53.866716 	-1.4793412 	9.2534773
-1.009009 	-0.05 	0.91 	53.890154 	-1.4745774 	9.2743732
-1.0078078 	-0.05 	0.91 	53.913591 	-1.4698137 	9.2952691
-1.0066066 	-0.05 	0.91 	53.937029 	-1.4650499 	9.316165
-1.0054054 	-0.05 	0.91 	53.960467 	-1.4602861 	9.3370609
-1.0042042 	-0.05 	0.91 	53.983904 	-1.4555224 	9.3579568
-1.003003 	-0.05 	0.91 	54.007342 	-1.4507586 	9.3788527
-1.0018018 	-0.05 	0.91 	54.03078 	-1.4459949 	9.3997486
-1.0006006 	-0.05 	0.91 	54.054217 	-1.4412311 	9.4206445
-0.9993994 	-0.05 	0.91 	54.077655 	-1.4364674 	9.4415404
-0.9981982 	-0.05 	0.91 	54.101093 	-1.4317036 	9.4624363
-0.996997 	-0.05 	0.91 	54.12453 	-1.4269398 	9.4833322
-0.9957958 	-0.05 	0.91 	54.147968 	-1.4221761 	9.5042281
-0.99459459 	-0.05 	0.91 	54.171406 	-1.4174123 	9.525124
-0.99339339 	-0.05 	0.91 	54.194843 	-1.4126486 	9.5460199
-0.99219219 	-0.05 	0.91 	54.218281 	-1.4078848 	9.5669158
-0.99099099 	-0.05 	0.91 	54.241719 	-1.403121 	9.5878117
-0.98978979 	-0.05 	0.91 	54.265156 	-1.3983573 	9.6087076
-0.98858859 	-0.05 	0.91 	54.288594 	-1.3935935 	9.6296035
-0.98738739 	-0.05 	0.91 	54.312032 	-1.3888298 	9.6504994
-0.98618619 	-0.05 	0.91 	54.335469 	-1.384066 	9.6713952
-0.98498498 	-0.05 	0.91 	54.358907 	-1.3793023 	9.6922911
-0.98378378 	-0.05 	0.91 	54.38039 	-1.3752089 	9.7131139
-0.98258258 	-0.05 	0.91 	54.400434 	-1.3716088 	9.7338827
-0.98138138 	-0.05 	0.91 	54.420479 	-1.3680086 	9.7546516
-0.98018018 	-0.05 	0.91 	54.440523 	-1.3644085 	9.7754204
-0.97897898 	-0.05 	0.91 	54.460568 	-1.3608084 	9.7961893
-0.97777778 	-0.05 	0.91 	54.480612 	-1.3572083 	9.8169582
-0.97657658 	-0.05 	0.91 	54.500657 	-1.3536082 	9.837727
-0.97537538 	-0.05 	0.91 	54.523149 	-1.3501261 	9.8575232
-0.97417417 	-0.05 	0.91 	54.548087 	-1.346762 	9.8763467
-0.97297297 	-0.05 	0.91 	54.573026 	-1.3433979 	9.8951702
-0.97177177 	-0.05 	0.91 	54.597965 	-1.3400338 	9.9139937
-0.97057057 	-0.05 	0.91 	54.622904 	-1.3366697 	9.9328173
-0.96936937 	-0.05 	0.91 	54.647843 	-1.3333056 	9.9516408
-0.96816817 	-0.05 	0.91 	54.672782 	-1.3299415 	9.9704643
-0.96696697 	-0.05 	0.91 	54.696073 	-1.3240103 	9.9897789
-0.96576577 	-0.05 	0.91 	54.717857 	-1.315732 	10.009543
-0.96456456 	-0.05 	0.91 	54.739641 	-1.3074536 	10.029306
-0.96336336 	-0.05 	0.91 	54.761425 	-1.2991753 	10.04907
-0.96216216 	-0.05 	0.91 	54.78321 	-1.2908969 	10.068834
-0.96096096 	-0.05 	0.91 	54.804994 	-1.2826185 	10.088598
-0.95975976 	-0.05 	0.91 	54.826778 	-1.2743402 	10.108361
-0.95855856 	-0.05 	0.91 	54.848562 	-1.2660618 	10.128125
-0.95735736 	-0.05 	0.91 	54.870347 	-1.2577835 	10.147889
-0.95615616 	-0.05 	0.91 	54.892131 	-1.2495051 	10.167652
-0.95495495 	-0.05 	0.91 	54.913915 	-1.2412268 	10.187416
-0.95375375 	-0.05 	0.91 	54.9357 	-1.2329484 	10.20718
-0.95255255 	-0.05 	0.91 	54.957484 	-1.22467 	10.226944
-0.95135135 	-0.05 	0.91 	54.979268 	-1.2163917 	10.246707
-0.95015015 	-0.05 	0.91 	55.001052 	-1.2081133 	10.266471
-0.94894895 	-0.05 	0.91 	55.022837 	-1.199835 	10.286235
-0.94774775 	-0.05 	0.91 	55.044621 	-1.1915566 	10.305999
-0.94654655 	-0.05 	0.91 	55.066405 	-1.1832783 	10.325762
-0.94534535 	-0.05 	0.91 	55.08819 	-1.1749999 	10.345526
-0.94414414 	-0.05 	0.91 	55.109974 	-1.1667215 	10.36529
-0.94294294 	-0.05 	0.91 	55.131758 	-1.1584432 	10.385053
-0.94174174 	-0.05 	0.91 	55.153542 	-1.1501648 	10.404817
-0.94054054 	-0.05 	0.91 	55.175327 	-1.1418865 	10.424581
-0.93933934 	-0.05 	0.91 	55.197111 	-1.1336081 	10.444345
-0.93813814 	-0.05 	0.91 	55.218895 	-1.1253298 	10.464108
-0.93693694 	-0.05 	0.91 	55.240679 	-1.1170514 	10.483872
-0.93573574 	-0.05 	0.91 	55.262464 	-1.108773 	10.503636
-0.93453453 	-0.05 	0.91 	55.284248 	-1.1004947 	10.5234
-0.93333333 	-0.05 	0.91 	55.306032 	-1.0922163 	10.543163
-0.93213213 	-0.05 	0.91 	55.327817 	-1.083938 	10.562927
-0.93093093 	-0.05 	0.91 	55.349601 	-1.0756596 	10.582691
-0.92972973 	-0.05 	0.91 	55.371385 	-1.0673813 	10.602454
-0.92852853 	-0.05 	0.91 	55.393169 	-1.0591029 	10.622218
-0.92732733 	-0.05 	0.91 	55.415083 	-1.0522921 	10.641682
-0.92612613 	-0.05 	0.91 	55.437011 	-1.0456452 	10.661111
-0.92492492 	-0.05 	0.91 	55.458938 	-1.0389982 	10.680541
-0.92372372 	-0.05 	0.91 	55.480866 	-1.0323513 	10.699971
-0.92252252 	-0.05 	0.91 	55.501446 	-1.0240736 	10.719792
-0.92132132 	-0.05 	0.91 	55.520015 	-1.0133641 	10.740196
-0.92012012 	-0.05 	0.91 	55.538584 	-1.0026546 	10.760601
-0.91891892 	-0.05 	0.91 	55.557152 	-0.99194502 	10.781005
-0.91771772 	-0.05 	0.91 	55.575721 	-0.98123549 	10.801409
-0.91651652 	-0.05 	0.91 	55.59429 	-0.97052595 	10.821813
-0.91531532 	-0.05 	0.91 	55.612859 	-0.95981641 	10.842217
-0.91411411 	-0.05 	0.91 	55.633175 	-0.95461472 	10.860338
-0.91291291 	-0.05 	0.91 	55.654176 	-0.95157196 	10.877563
-0.91171171 	-0.05 	0.91 	55.675177 	-0.94852921 	10.894789
-0.91051051 	-0.05 	0.91 	55.696178 	-0.94548646 	10.912014
-0.90930931 	-0.05 	0.91 	55.717179 	-0.9424437 	10.92924
-0.90810811 	-0.05 	0.91 	55.73818 	-0.93940095 	10.946465
-0.90690691 	-0.05 	0.91 	55.758784 	-0.93606409 	10.963773
-0.90570571 	-0.05 	0.91 	55.775954 	-0.93018109 	10.981797
-0.9045045 	-0.05 	0.91 	55.793125 	-0.92429809 	10.999821
-0.9033033 	-0.05 	0.91 	55.810295 	-0.9184151 	11.017846
-0.9021021 	-0.05 	0.91 	55.827465 	-0.9125321 	11.03587
-0.9009009 	-0.05 	0.91 	55.844632 	-0.90570618 	11.0542
-0.8996997 	-0.05 	0.91 	55.861796 	-0.89805425 	11.0728
-0.8984985 	-0.05 	0.91 	55.87896 	-0.89040232 	11.0914
-0.8972973 	-0.05 	0.91 	55.896124 	-0.88275039 	11.109999
-0.8960961 	-0.05 	0.91 	55.913288 	-0.87509846 	11.128599
-0.89489489 	-0.05 	0.91 	55.930452 	-0.86744653 	11.147198
-0.89369369 	-0.05 	0.91 	55.947616 	-0.8597946 	11.165798
-0.89249249 	-0.05 	0.91 	55.96478 	-0.85214267 	11.184398
-0.89129129 	-0.05 	0.91 	55.981943 	-0.84449074 	11.202997
-0.89009009 	-0.05 	0.91 	55.999107 	-0.83683881 	11.221597
-0.88888889 	-0.05 	0.91 	56.016271 	-0.82918688 	11.240196
-0.88768769 	-0.05 	0.91 	56.033435 	-0.82153495 	11.258796
-0.88648649 	-0.05 	0.91 	56.050599 	-0.81388302 	11.277396
-0.88528529 	-0.05 	0.91 	56.067763 	-0.80623109 	11.295995
-0.88408408 	-0.05 	0.91 	56.084927 	-0.79857916 	11.314595
-0.88288288 	-0.05 	0.91 	56.102091 	-0.79092723 	11.333194
-0.88168168 	-0.05 	0.91 	56.119254 	-0.7832753 	11.351794
-0.88048048 	-0.05 	0.91 	56.136418 	-0.77562337 	11.370394
-0.87927928 	-0.05 	0.91 	56.153582 	-0.76797144 	11.388993
-0.87807808 	-0.05 	0.91 	56.170746 	-0.76031951 	11.407593
-0.87687688 	-0.05 	0.91 	56.18791 	-0.75266758 	11.426192
-0.87567568 	-0.05 	0.91 	56.205074 	-0.74501565 	11.444792
-0.87447447 	-0.05 	0.91 	56.222238 	-0.73736372 	11.463392
-0.87327327 	-0.05 	0.91 	56.239402 	-0.72971179 	11.481991
-0.87207207 	-0.05 	0.91 	56.256566 	-0.72205986 	11.500591
-0.87087087 	-0.05 	0.91 	56.273729 	-0.71440793 	11.51919
-0.86966967 	-0.05 	0.91 	56.290893 	-0.706756 	11.53779
-0.86846847 	-0.05 	0.91 	56.308057 	-0.69910407 	11.55639
-0.86726727 	-0.05 	0.91 	56.325221 	-0.69145214 	11.574989
-0.86606607 	-0.05 	0.91 	56.342385 	-0.68380021 	11.593589
-0.86486486 	-0.05 	0.91 	56.359549 	-0.67614828 	11.612188
-0.86366366 	-0.05 	0.91 	56.376713 	-0.66849635 	11.630788
-0.86246246 	-0.05 	0.91 	56.393877 	-0.66084442 	11.649388
-0.86126126 	-0.05 	0.91 	56.416104 	-0.65998386 	11.694979
-0.86006006 	-0.05 	0.91 	56.430168 	-0.64791991 	11.713876
-0.85885886 	-0.05 	0.91 	56.444232 	-0.63585595 	11.732772
-0.85765766 	-0.05 	0.91 	56.458295 	-0.623792 	11.751669
-0.85645646 	-0.05 	0.91 	56.472359 	-0.61172805 	11.770566
-0.85525526 	-0.05 	0.91 	56.486423 	-0.59966409 	11.789463
-0.85405405 	-0.05 	0.91 	56.500486 	-0.58760014 	11.80836
-0.85285285 	-0.05 	0.91 	56.518001 	-0.57587662 	11.825452
-0.85165165 	-0.05 	0.91 	56.535832 	-0.56418424 	11.842378
-0.85045045 	-0.05 	0.91 	56.553662 	-0.55249187 	11.859305
-0.84924925 	-0.05 	0.91 	56.571492 	-0.54079949 	11.876232
-0.84804805 	-0.05 	0.91 	56.589323 	-0.52910712 	11.893159
-0.84684685 	-0.05 	0.91 	56.607153 	-0.51741474 	11.910086
-0.84564565 	-0.05 	0.91 	56.62215 	-0.50582414 	11.925809
-0.84444444 	-0.05 	0.91 	56.634372 	-0.49433313 	11.940355
-0.84324324 	-0.05 	0.91 	56.646595 	-0.48284212 	11.9549
-0.84204204 	-0.05 	0.91 	56.658818 	-0.47135112 	11.969446
-0.84084084 	-0.05 	0.91 	56.67104 	-0.45986011 	11.983992
-0.83963964 	-0.05 	0.91 	56.684514 	-0.44782486 	12.000588
-0.83843844 	-0.05 	0.91 	56.698479 	-0.43557607 	12.01799
-0.83723724 	-0.05 	0.91 	56.712444 	-0.42332729 	12.035391
-0.83603604 	-0.05 	0.91 	56.726409 	-0.41107851 	12.052792
-0.83483483 	-0.05 	0.91 	56.740374 	-0.39882972 	12.070194
-0.83363363 	-0.05 	0.91 	56.754339 	-0.38658094 	12.087595
-0.83243243 	-0.05 	0.91 	56.768304 	-0.37433215 	12.104997
-0.83123123 	-0.05 	0.91 	56.782269 	-0.36208337 	12.122398
-0.83003003 	-0.05 	0.91 	56.796234 	-0.34983458 	12.139799
-0.82882883 	-0.05 	0.91 	56.810199 	-0.3375858 	12.157201
-0.82762763 	-0.05 	0.91 	56.824164 	-0.32533701 	12.174602
-0.82642643 	-0.05 	0.91 	56.838129 	-0.31308823 	12.192004
-0.82522523 	-0.05 	0.91 	56.852094 	-0.30083944 	12.209405
-0.82402402 	-0.05 	0.91 	56.866059 	-0.28859066 	12.226806
-0.82282282 	-0.05 	0.91 	56.879925 	-0.27619871 	12.24533
-0.82162162 	-0.05 	0.91 	56.893704 	-0.26367751 	12.264867
-0.82042042 	-0.05 	0.91 	56.907482 	-0.25115632 	12.284404
-0.81921922 	-0.05 	0.91 	56.92126 	-0.23863513 	12.303941
-0.81801802 	-0.05 	0.91 	56.935038 	-0.22611394 	12.323478
-0.81681682 	-0.05 	0.91 	56.948816 	-0.21359275 	12.343016
-0.81561562 	-0.05 	0.91 	56.962594 	-0.20107156 	12.362553
-0.81441441 	-0.05 	0.91 	56.976373 	-0.18855037 	12.38209
-0.81321321 	-0.05 	0.91 	56.990151 	-0.17602918 	12.401627
-0.81201201 	-0.05 	0.91 	57.003929 	-0.16350799 	12.421164
-0.81081081 	-0.05 	0.91 	57.017707 	-0.1509868 	12.440701
-0.80960961 	-0.05 	0.91 	57.031485 	-0.1384656 	12.460238
-0.80840841 	-0.05 	0.91 	57.045263 	-0.12594441 	12.479775
-0.80720721 	-0.05 	0.91 	57.059041 	-0.11342322 	12.499312
-0.80600601 	-0.05 	0.91 	57.072717 	-0.10138931 	12.519143
-0.8048048 	-0.05 	0.91 	57.08613 	-0.090605588 	12.539729
-0.8036036 	-0.05 	0.91 	57.099542 	-0.079821865 	12.560315
-0.8024024 	-0.05 	0.91 	57.112955 	-0.069038142 	12.580901
-0.8012012 	-0.05 	0.91 	57.126368 	-0.058254419 	12.601487
-0.8 	-0.05 	0.91 	57.138688 	-0.049191249 	12.622107
-0.7987988 	-0.05 	0.91 	57.147905 	-0.0450169 	12.642824
-0.7975976 	-0.05 	0.91 	57.157123 	-0.04084255 	12.663541
-0.7963964 	-0.05 	0.91 	57.16634 	-0.0366682 	12.684258
-0.7951952 	-0.05 	0.91 	57.175557 	-0.03249385 	12.704975
-0.79399399 	-0.05 	0.91 	57.184775 	-0.028319501 	12.725692
-0.79279279 	-0.05 	0.91 	57.195358 	-0.022180581 	12.745554
-0.79159159 	-0.05 	0.91 	57.214488 	-0.003755088 	12.760067
-0.79039039 	-0.05 	0.91 	57.233617 	0.014670405 	12.77458
-0.78918919 	-0.05 	0.91 	57.252746 	0.033095898 	12.789094
-0.78798799 	-0.05 	0.91 	57.271876 	0.051521391 	12.803607
-0.78678679 	-0.05 	0.91 	57.291005 	0.069946885 	12.81812
-0.78558559 	-0.05 	0.91 	57.309747 	0.087943892 	12.832771
-0.78438438 	-0.05 	0.91 	57.323462 	0.10037143 	12.849207
-0.78318318 	-0.05 	0.91 	57.337176 	0.11279897 	12.865643
-0.78198198 	-0.05 	0.91 	57.350891 	0.12522651 	12.882079
-0.78078078 	-0.05 	0.91 	57.364606 	0.13765405 	12.898516
-0.77957958 	-0.05 	0.91 	57.37832 	0.15008159 	12.914952
-0.77837838 	-0.05 	0.91 	57.391906 	0.1627724 	12.932472
-0.77717718 	-0.05 	0.91 	57.405492 	0.17546544 	12.950001
-0.77597598 	-0.05 	0.91 	57.419077 	0.18815848 	12.967531
-0.77477477 	-0.05 	0.91 	57.432662 	0.20085152 	12.98506
-0.77357357 	-0.05 	0.91 	57.446248 	0.21354456 	13.002589
-0.77237237 	-0.05 	0.91 	57.459833 	0.22623761 	13.020118
-0.77117117 	-0.05 	0.91 	57.473418 	0.23893065 	13.037648
-0.76996997 	-0.05 	0.91 	57.487003 	0.25162369 	13.055177
-0.76876877 	-0.05 	0.91 	57.500589 	0.26431673 	13.072706
-0.76756757 	-0.05 	0.91 	57.514174 	0.27700977 	13.090235
-0.76636637 	-0.05 	0.91 	57.527759 	0.28970281 	13.107765
-0.76516517 	-0.05 	0.91 	57.541344 	0.30239585 	13.125294
-0.76396396 	-0.05 	0.91 	57.55493 	0.3150889 	13.142823
-0.76276276 	-0.05 	0.91 	57.568515 	0.32778194 	13.160352
-0.76156156 	-0.05 	0.91 	57.580254 	0.34053978 	13.176092
-0.76036036 	-0.05 	0.91 	57.591368 	0.35331959 	13.191225
-0.75915916 	-0.05 	0.91 	57.602482 	0.3660994 	13.206358
-0.75795796 	-0.05 	0.91 	57.613597 	0.3788792 	13.221492
-0.75675676 	-0.05 	0.91 	57.624711 	0.39165901 	13.236625
-0.75555556 	-0.05 	0.91 	57.635825 	0.40443881 	13.251758
-0.75435435 	-0.05 	0.91 	57.646939 	0.41721862 	13.266891
-0.75315315 	-0.05 	0.91 	57.658053 	0.42999843 	13.282025
-0.75195195 	-0.05 	0.91 	57.669167 	0.44277823 	13.297158
-0.75075075 	-0.05 	0.91 	57.680281 	0.45555804 	13.312291
-0.74954955 	-0.05 	0.91 	57.691395 	0.46833784 	13.327424
-0.74834835 	-0.05 	0.91 	57.702509 	0.48111765 	13.342558
-0.74714715 	-0.05 	0.91 	57.713623 	0.49389746 	13.357691
-0.74594595 	-0.05 	0.91 	57.724737 	0.50667726 	13.372824
-0.74474474 	-0.05 	0.91 	57.736324 	0.51946548 	13.388129
-0.74354354 	-0.05 	0.91 	57.748362 	0.53226171 	13.403598
-0.74234234 	-0.05 	0.91 	57.760399 	0.54505794 	13.419066
-0.74114114 	-0.05 	0.91 	57.772437 	0.55785417 	13.434535
-0.73993994 	-0.05 	0.91 	57.784475 	0.5706504 	13.450003
-0.73873874 	-0.05 	0.91 	57.796009 	0.58161444 	13.465434
-0.73753754 	-0.05 	0.91 	57.806523 	0.58886612 	13.48079
-0.73633634 	-0.05 	0.91 	57.817038 	0.5961178 	13.496145
-0.73513514 	-0.05 	0.91 	57.827552 	0.60336948 	13.5115
-0.73393393 	-0.05 	0.91 	57.838066 	0.61062116 	13.526855
-0.73273273 	-0.05 	0.91 	57.84858 	0.61787284 	13.542211
-0.73153153 	-0.05 	0.91 	57.857819 	0.62252735 	13.549452
-0.73033033 	-0.05 	0.91 	57.86474 	0.62246034 	13.541942
-0.72912913 	-0.05 	0.91 	57.87166 	0.62239333 	13.534433
-0.72792793 	-0.05 	0.91 	57.87858 	0.62232631 	13.526924
-0.72672673 	-0.05 	0.91 	57.885501 	0.6222593 	13.519414
-0.72552553 	-0.05 	0.91 	57.892421 	0.62219229 	13.511905
-0.72432432 	-0.05 	0.91 	57.900429 	0.62603965 	13.513149
-0.72312312 	-0.05 	0.91 	57.909929 	0.63525107 	13.52639
-0.72192192 	-0.05 	0.91 	57.919429 	0.64446249 	13.539631
-0.72072072 	-0.05 	0.91 	57.928929 	0.6536739 	13.552871
-0.71951952 	-0.05 	0.91 	57.938429 	0.66288532 	13.566112
-0.71831832 	-0.05 	0.91 	57.948012 	0.67234553 	13.579806
-0.71711712 	-0.05 	0.91 	57.957936 	0.6828267 	13.595363
-0.71591592 	-0.05 	0.91 	57.96786 	0.69330788 	13.610919
-0.71471471 	-0.05 	0.91 	57.977784 	0.70378906 	13.626475
-0.71351351 	-0.05 	0.91 	57.987708 	0.71427024 	13.642031
-0.71231231 	-0.05 	0.91 	57.997632 	0.72475142 	13.657587
-0.71111111 	-0.05 	0.91 	58.007556 	0.73523259 	13.673143
-0.70990991 	-0.05 	0.91 	58.01748 	0.74571377 	13.688699
-0.70870871 	-0.05 	0.91 	58.027404 	0.75619495 	13.704256
-0.70750751 	-0.05 	0.91 	58.036055 	0.77199726 	13.734153
-0.70630631 	-0.05 	0.91 	58.044435 	0.78892944 	13.767096
-0.70510511 	-0.05 	0.91 	58.052815 	0.80586162 	13.800039
-0.7039039 	-0.05 	0.91 	58.061196 	0.8227938 	13.832982
-0.7027027 	-0.05 	0.91 	58.069576 	0.83972597 	13.865925
-0.7015015 	-0.05 	0.91 	58.077956 	0.85665815 	13.898868
-0.7003003 	-0.05 	0.91 	58.088328 	0.86790698 	13.906119
-0.6990991 	-0.05 	0.91 	58.098763 	0.87897437 	13.91255
-0.6978979 	-0.05 	0.91 	58.109198 	0.89004176 	13.918982
-0.6966967 	-0.05 	0.91 	58.119633 	0.90110915 	13.925413
-0.6954955 	-0.05 	0.91 	58.130068 	0.91217654 	13.931844
-0.69429429 	-0.05 	0.91 	58.140164 	0.92352489 	13.940681
-0.69309309 	-0.05 	0.91 	58.148759 	0.93611842 	13.960179
-0.69189189 	-0.05 	0.91 	58.157354 	0.94871195 	13.979677
-0.69069069 	-0.05 	0.91 	58.165949 	0.96130548 	13.999175
-0.68948949 	-0.05 	0.91 	58.174544 	0.97389901 	14.018673
-0.68828829 	-0.05 	0.91 	58.183139 	0.98649254 	14.038171
-0.68708709 	-0.05 	0.91 	58.191733 	0.99908607 	14.057669
-0.68588589 	-0.05 	0.91 	58.200328 	1.0116796 	14.077167
-0.68468468 	-0.05 	0.91 	58.208923 	1.0242731 	14.096665
-0.68348348 	-0.05 	0.91 	58.217498 	1.0357375 	14.11608
-0.68228228 	-0.05 	0.91 	58.226067 	1.0468929 	14.135473
-0.68108108 	-0.05 	0.91 	58.234637 	1.0580482 	14.154866
-0.67987988 	-0.05 	0.91 	58.243206 	1.0692036 	14.174258
-0.67867868 	-0.05 	0.91 	58.251776 	1.080359 	14.193651
-0.67747748 	-0.05 	0.91 	58.259911 	1.0926735 	14.216429
-0.67627628 	-0.05 	0.91 	58.266841 	1.1082099 	14.248619
-0.67507508 	-0.05 	0.91 	58.273771 	1.1237462 	14.280809
-0.67387387 	-0.05 	0.91 	58.280701 	1.1392826 	14.312999
-0.67267267 	-0.05 	0.91 	58.28763 	1.1548189 	14.345189
-0.67147147 	-0.05 	0.91 	58.29456 	1.1703552 	14.377379
-0.67027027 	-0.05 	0.91 	58.302626 	1.1825341 	14.394554
-0.66906907 	-0.05 	0.91 	58.311501 	1.192319 	14.401023
-0.66786787 	-0.05 	0.91 	58.320376 	1.2021039 	14.407493
-0.66666667 	-0.05 	0.91 	58.329251 	1.2118888 	14.413962
-0.66546547 	-0.05 	0.91 	58.338126 	1.2216737 	14.420432
-0.66426426 	-0.05 	0.91 	58.347001 	1.2314586 	14.426901
-0.66306306 	-0.05 	0.91 	58.354344 	1.2427853 	14.44572
-0.66186186 	-0.05 	0.91 	58.361613 	1.2541879 	14.465146
-0.66066066 	-0.05 	0.91 	58.368881 	1.2655905 	14.484571
-0.65945946 	-0.05 	0.91 	58.37615 	1.2769931 	14.503997
-0.65825826 	-0.05 	0.91 	58.383418 	1.2883957 	14.523423
-0.65705706 	-0.05 	0.91 	58.390713 	1.3003667 	14.542873
-0.65585586 	-0.05 	0.91 	58.398048 	1.3132283 	14.562359
-0.65465465 	-0.05 	0.91 	58.405384 	1.3260898 	14.581845
-0.65345345 	-0.05 	0.91 	58.412719 	1.3389514 	14.601331
-0.65225225 	-0.05 	0.91 	58.420055 	1.351813 	14.620817
-0.65105105 	-0.05 	0.91 	58.42739 	1.3646745 	14.640304
-0.64984985 	-0.05 	0.91 	58.434726 	1.3775361 	14.65979
-0.64864865 	-0.05 	0.91 	58.442061 	1.3903976 	14.679276
-0.64744745 	-0.05 	0.91 	58.449397 	1.4032592 	14.698762
-0.64624625 	-0.05 	0.91 	58.454775 	1.4150789 	14.726655
-0.64504505 	-0.05 	0.91 	58.459688 	1.4266512 	14.756544
-0.64384384 	-0.05 	0.91 	58.464601 	1.4382235 	14.786434
-0.64264264 	-0.05 	0.91 	58.469515 	1.4497958 	14.816323
-0.64144144 	-0.05 	0.91 	58.474428 	1.4613682 	14.846212
-0.64024024 	-0.05 	0.91 	58.479955 	1.4732333 	14.872265
-0.63903904 	-0.05 	0.91 	58.48802 	1.4863095 	14.882454
-0.63783784 	-0.05 	0.91 	58.496085 	1.4993856 	14.892644
-0.63663664 	-0.05 	0.91 	58.50415 	1.5124618 	14.902833
-0.63543544 	-0.05 	0.91 	58.512216 	1.5255379 	14.913022
-0.63423423 	-0.05 	0.91 	58.520281 	1.5386141 	14.923212
-0.63303303 	-0.05 	0.91 	58.527246 	1.5520072 	14.939113
-0.63183183 	-0.05 	0.91 	58.53349 	1.5656078 	14.958755
-0.63063063 	-0.05 	0.91 	58.539734 	1.5792084 	14.978398
-0.62942943 	-0.05 	0.91 	58.545978 	1.5928091 	14.99804
-0.62822823 	-0.05 	0.91 	58.552222 	1.6064097 	15.017682
-0.62702703 	-0.05 	0.91 	58.558466 	1.6200104 	15.037325
-0.62582583 	-0.05 	0.91 	58.56471 	1.633611 	15.056967
-0.62462462 	-0.05 	0.91 	58.570954 	1.6472116 	15.076609
-0.62342342 	-0.05 	0.91 	58.577198 	1.6608123 	15.096252
-0.62222222 	-0.05 	0.91 	58.583353 	1.6727769 	15.115857
-0.62102102 	-0.05 	0.91 	58.589509 	1.684732 	15.135462
-0.61981982 	-0.05 	0.91 	58.595664 	1.6966872 	15.155067
-0.61861862 	-0.05 	0.91 	58.601819 	1.7086424 	15.174672
-0.61741742 	-0.05 	0.91 	58.607974 	1.7205976 	15.194276
-0.61621622 	-0.05 	0.91 	58.613504 	1.7336567 	15.217151
-0.61501502 	-0.05 	0.91 	58.617905 	1.7487114 	15.245935
-0.61381381 	-0.05 	0.91 	58.622305 	1.7637661 	15.274719
-0.61261261 	-0.05 	0.91 	58.626705 	1.7788208 	15.303503
-0.61141141 	-0.05 	0.91 	58.631106 	1.7938755 	15.332288
-0.61021021 	-0.05 	0.91 	58.635506 	1.8089301 	15.361072
-0.60900901 	-0.05 	0.91 	58.641639 	1.8214559 	15.374853
-0.60780781 	-0.05 	0.91 	58.648187 	1.833378 	15.385053
-0.60660661 	-0.05 	0.91 	58.654734 	1.8453001 	15.395254
-0.60540541 	-0.05 	0.91 	58.661281 	1.8572223 	15.405454
-0.6042042 	-0.05 	0.91 	58.667828 	1.8691444 	15.415654
-0.603003 	-0.05 	0.91 	58.673873 	1.8811816 	15.428761
-0.6018018 	-0.05 	0.91 	58.678745 	1.8934872 	15.448648
-0.6006006 	-0.05 	0.91 	58.683617 	1.9057929 	15.468535
-0.5993994 	-0.05 	0.91 	58.688489 	1.9180986 	15.488422
-0.5981982 	-0.05 	0.91 	58.693361 	1.9304042 	15.508309
-0.596997 	-0.05 	0.91 	58.698233 	1.9427099 	15.528195
-0.5957958 	-0.05 	0.91 	58.70318 	1.9560111 	15.548081
-0.59459459 	-0.05 	0.91 	58.708175 	1.9699586 	15.567965
-0.59339339 	-0.05 	0.91 	58.713171 	1.9839062 	15.587849
-0.59219219 	-0.05 	0.91 	58.718166 	1.9978538 	15.607733
-0.59099099 	-0.05 	0.91 	58.723161 	2.0118013 	15.627618
-0.58978979 	-0.05 	0.91 	58.728156 	2.0257489 	15.647502
-0.58858859 	-0.05 	0.91 	58.733151 	2.0396965 	15.667386
-0.58738739 	-0.05 	0.91 	58.738147 	2.053644 	15.68727
-0.58618619 	-0.05 	0.91 	58.743142 	2.0675916 	15.707154
-0.58498498 	-0.05 	0.91 	58.746149 	2.0788869 	15.732685
-0.58378378 	-0.05 	0.91 	58.74881 	2.0897211 	15.759197
-0.58258258 	-0.05 	0.91 	58.751472 	2.1005552 	15.785709
-0.58138138 	-0.05 	0.91 	58.754133 	2.1113893 	15.812221
-0.58018018 	-0.05 	0.91 	58.756794 	2.1222234 	15.838733
-0.57897898 	-0.05 	0.91 	58.760675 	2.1347295 	15.860081
-0.57777778 	-0.05 	0.91 	58.766224 	2.1495238 	15.874361
-0.57657658 	-0.05 	0.91 	58.771774 	2.1643182 	15.888641
-0.57537538 	-0.05 	0.91 	58.777323 	2.1791125 	15.902921
-0.57417417 	-0.05 	0.91 	58.782872 	2.1939068 	15.917201
-0.57297297 	-0.05 	0.91 	58.788297 	2.2086668 	15.931843
-0.57177177 	-0.05 	0.91 	58.791725 	2.2228767 	15.952274
-0.57057057 	-0.05 	0.91 	58.795153 	2.2370867 	15.972705
-0.56936937 	-0.05 	0.91 	58.798581 	2.2512966 	15.993135
-0.56816817 	-0.05 	0.91 	58.802009 	2.2655065 	16.013566
-0.56696697 	-0.05 	0.91 	58.805437 	2.2797164 	16.033997
-0.56576577 	-0.05 	0.91 	58.808865 	2.2939263 	16.054428
-0.56456456 	-0.05 	0.91 	58.812293 	2.3081362 	16.074859
-0.56336336 	-0.05 	0.91 	58.815721 	2.3223462 	16.09529
-0.56216216 	-0.05 	0.91 	58.819125 	2.3361427 	16.115716
-0.56096096 	-0.05 	0.91 	58.822461 	2.3487801 	16.136131
-0.55975976 	-0.05 	0.91 	58.825797 	2.3614174 	16.156545
-0.55855856 	-0.05 	0.91 	58.829133 	2.3740548 	16.176959
-0.55735736 	-0.05 	0.91 	58.832468 	2.3866922 	16.197373
-0.55615616 	-0.05 	0.91 	58.835804 	2.3993295 	16.217787
-0.55495495 	-0.05 	0.91 	58.83863 	2.4127499 	16.239901
-0.55375375 	-0.05 	0.91 	58.840241 	2.4280394 	16.266072
-0.55255255 	-0.05 	0.91 	58.841851 	2.443329 	16.292243
-0.55135135 	-0.05 	0.91 	58.843461 	2.4586185 	16.318413
-0.55015015 	-0.05 	0.91 	58.845071 	2.4739081 	16.344584
-0.54894895 	-0.05 	0.91 	58.846742 	2.4889741 	16.370286
-0.54774775 	-0.05 	0.91 	58.849875 	2.4986171 	16.384616
-0.54654655 	-0.05 	0.91 	58.853008 	2.5082601 	16.398947
-0.54534535 	-0.05 	0.91 	58.856142 	2.5179031 	16.413277
-0.54414414 	-0.05 	0.91 	58.859275 	2.5275461 	16.427607
-0.54294294 	-0.05 	0.91 	58.862409 	2.5371892 	16.441937
-0.54174174 	-0.05 	0.91 	58.864588 	2.549649 	16.461127
-0.54054054 	-0.05 	0.91 	58.866563 	2.5627149 	16.481363
-0.53933934 	-0.05 	0.91 	58.868538 	2.5757808 	16.501598
-0.53813814 	-0.05 	0.91 	58.870513 	2.5888466 	16.521834
-0.53693694 	-0.05 	0.91 	58.872487 	2.6019125 	16.54207
-0.53573574 	-0.05 	0.91 	58.874462 	2.6149784 	16.562305
-0.53453453 	-0.05 	0.91 	58.87643 	2.6294192 	16.582482
-0.53333333 	-0.05 	0.91 	58.878395 	2.6441808 	16.602645
-0.53213213 	-0.05 	0.91 	58.880361 	2.6589425 	16.622808
-0.53093093 	-0.05 	0.91 	58.882327 	2.6737041 	16.642971
-0.52972973 	-0.05 	0.91 	58.884293 	2.6884657 	16.663133
-0.52852853 	-0.05 	0.91 	58.886258 	2.7032274 	16.683296
-0.52732733 	-0.05 	0.91 	58.888224 	2.717989 	16.703459
-0.52612613 	-0.05 	0.91 	58.89019 	2.7327507 	16.723622
-0.52492492 	-0.05 	0.91 	58.892156 	2.7475123 	16.743785
-0.52372372 	-0.05 	0.91 	58.892279 	2.7609944 	16.765919
-0.52252252 	-0.05 	0.91 	58.892094 	2.7742616 	16.788385
-0.52132132 	-0.05 	0.91 	58.891908 	2.7875288 	16.81085
-0.52012012 	-0.05 	0.91 	58.891722 	2.8007959 	16.833315
-0.51891892 	-0.05 	0.91 	58.891537 	2.8140631 	16.855781
-0.51771772 	-0.05 	0.91 	58.893061 	2.8277578 	16.874547
-0.51651652 	-0.05 	0.91 	58.895501 	2.8416816 	16.891329
-0.51531532 	-0.05 	0.91 	58.897941 	2.8556055 	16.908112
-0.51411411 	-0.05 	0.91 	58.900382 	2.8695293 	16.924894
-0.51291291 	-0.05 	0.91 	58.902822 	2.8834532 	16.941677
-0.51171171 	-0.05 	0.91 	58.904471 	2.898166 	16.95995
-0.51051051 	-0.05 	0.91 	58.905187 	2.9138104 	16.979983
-0.50930931 	-0.05 	0.91 	58.905902 	2.9294548 	17.000016
-0.50810811 	-0.05 	0.91 	58.906617 	2.9450992 	17.020049
-0.50690691 	-0.05 	0.91 	58.907332 	2.9607436 	17.040082
-0.50570571 	-0.05 	0.91 	58.908047 	2.976388 	17.060115
-0.5045045 	-0.05 	0.91 	58.908762 	2.9920324 	17.080148
-0.5033033 	-0.05 	0.91 	58.909478 	3.0076768 	17.100182
-0.5021021 	-0.05 	0.91 	58.910193 	3.0233212 	17.120215
-0.5009009 	-0.05 	0.91 	58.910873 	3.0378582 	17.140329
-0.4996997 	-0.05 	0.91 	58.911524 	3.0514373 	17.160515
-0.4984985 	-0.05 	0.91 	58.912175 	3.0650164 	17.1807
-0.4972973 	-0.05 	0.91 	58.912826 	3.0785955 	17.200885
-0.4960961 	-0.05 	0.91 	58.913476 	3.0921746 	17.221071
-0.49489489 	-0.05 	0.91 	58.914127 	3.1057537 	17.241256
-0.49369369 	-0.05 	0.91 	58.914195 	3.1212309 	17.26267
-0.49249249 	-0.05 	0.91 	58.913441 	3.1393829 	17.285816
-0.49129129 	-0.05 	0.91 	58.912687 	3.1575349 	17.308961
-0.49009009 	-0.05 	0.91 	58.911932 	3.1756869 	17.332107
-0.48888889 	-0.05 	0.91 	58.911178 	3.1938389 	17.355252
-0.48768769 	-0.05 	0.91 	58.91063 	3.2102711 	17.376443
-0.48648649 	-0.05 	0.91 	58.910654 	3.2219139 	17.392191
-0.48528529 	-0.05 	0.91 	58.910677 	3.2335566 	17.407939
-0.48408408 	-0.05 	0.91 	58.910701 	3.2451993 	17.423687
-0.48288288 	-0.05 	0.91 	58.910725 	3.256842 	17.439434
-0.48168168 	-0.05 	0.91 	58.910642 	3.2686243 	17.456122
-0.48048048 	-0.05 	0.91 	58.909968 	3.2811806 	17.478028
-0.47927928 	-0.05 	0.91 	58.909294 	3.293737 	17.499934
-0.47807808 	-0.05 	0.91 	58.90862 	3.3062934 	17.521839
-0.47687688 	-0.05 	0.91 	58.907946 	3.3188498 	17.543745
-0.47567568 	-0.05 	0.91 	58.907271 	3.3314062 	17.56565
-0.47447447 	-0.05 	0.91 	58.906602 	3.344004 	17.587733
-0.47327327 	-0.05 	0.91 	58.906237 	3.3592007 	17.620949
-0.47207207 	-0.05 	0.91 	58.905872 	3.3743974 	17.654165
-0.47087087 	-0.05 	0.91 	58.905507 	3.3895942 	17.687381
-0.46966967 	-0.05 	0.91 	58.905142 	3.4047909 	17.720596
-0.46846847 	-0.05 	0.91 	58.904777 	3.4199876 	17.753812
-0.46726727 	-0.05 	0.91 	58.904412 	3.4351843 	17.787028
-0.46606607 	-0.05 	0.91 	58.903869 	3.4503452 	17.809371
-0.46486486 	-0.05 	0.91 	58.903315 	3.4655037 	17.831005
-0.46366366 	-0.05 	0.91 	58.90276 	3.4806623 	17.852639
-0.46246246 	-0.05 	0.91 	58.901407 	3.4973511 	17.876548
-0.46126126 	-0.05 	0.91 	58.899982 	3.5141761 	17.90066
-0.46006006 	-0.05 	0.91 	58.898557 	3.5310012 	17.924772
-0.45885886 	-0.05 	0.91 	58.897132 	3.5478263 	17.948883
-0.45765766 	-0.05 	0.91 	58.895707 	3.5646514 	17.972995
-0.45645646 	-0.05 	0.91 	58.894444 	3.5781025 	17.989569
-0.45525526 	-0.05 	0.91 	58.893203 	3.5911077 	18.005146
-0.45405405 	-0.05 	0.91 	58.891961 	3.604113 	18.020724
-0.45285285 	-0.05 	0.91 	58.89072 	3.6171183 	18.036301
-0.45165165 	-0.05 	0.91 	58.889478 	3.6301235 	18.051879
-0.45045045 	-0.05 	0.91 	58.888079 	3.6433154 	18.066073
-0.44924925 	-0.05 	0.91 	58.886663 	3.6565263 	18.080127
-0.44804805 	-0.05 	0.91 	58.885247 	3.6697371 	18.094181
-0.44684685 	-0.05 	0.91 	58.883832 	3.6829479 	18.108235
-0.44564565 	-0.05 	0.91 	58.882416 	3.6961588 	18.122289
-0.44444444 	-0.05 	0.91 	58.881 	3.7093696 	18.136343
-0.44324324 	-0.05 	0.91 	58.879498 	3.7243213 	18.153528
-0.44204204 	-0.05 	0.91 	58.877884 	3.7402997 	18.172321
-0.44084084 	-0.05 	0.91 	58.875938 	3.7579068 	18.193042
-0.43963964 	-0.05 	0.91 	58.874124 	3.7747162 	18.215851
-0.43843844 	-0.05 	0.91 	58.872381 	3.7910978 	18.239779
-0.43723724 	-0.05 	0.91 	58.870638 	3.8074794 	18.263706
-0.43603604 	-0.05 	0.91 	58.868895 	3.823861 	18.287634
-0.43483483 	-0.05 	0.91 	58.867152 	3.8402426 	18.311561
-0.43363363 	-0.05 	0.91 	58.865409 	3.8566242 	18.335489
-0.43243243 	-0.05 	0.91 	58.863334 	3.8709238 	18.362047
-0.43123123 	-0.05 	0.91 	58.860708 	3.8817795 	18.392957
-0.43003003 	-0.05 	0.91 	58.858082 	3.8926352 	18.423866
-0.42882883 	-0.05 	0.91 	58.855484 	3.9041946 	18.45388
-0.42762763 	-0.05 	0.91 	58.852983 	3.9182678 	18.480695
-0.42642643 	-0.05 	0.91 	58.85068 	3.9340867 	18.500492
-0.42522523 	-0.05 	0.91 	58.848573 	3.9516394 	18.513318
-0.42402402 	-0.05 	0.91 	58.846566 	3.9717735 	18.52286
-0.42282282 	-0.05 	0.91 	58.844585 	3.992566 	18.531564
-0.42162162 	-0.05 	0.91 	58.842604 	4.0133586 	18.540268
-0.42042042 	-0.05 	0.91 	58.840114 	4.0313067 	18.552129
-0.41921922 	-0.05 	0.91 	58.837361 	4.0477836 	18.565622
-0.41801802 	-0.05 	0.91 	58.834608 	4.0642605 	18.579116
-0.41681682 	-0.05 	0.91 	58.831855 	4.0807374 	18.592609
-0.41561562 	-0.05 	0.91 	58.829102 	4.0972143 	18.606103
-0.41441441 	-0.05 	0.91 	58.826349 	4.1136912 	18.619596
-0.41321321 	-0.05 	0.91 	58.823699 	4.1305593 	18.634116
-0.41201201 	-0.05 	0.91 	58.821235 	4.1481389 	18.650504
-0.41081081 	-0.05 	0.91 	58.818197 	4.1657485 	18.671134
-0.40960961 	-0.05 	0.91 	58.815096 	4.1830774 	18.693671
-0.40840841 	-0.05 	0.91 	58.812196 	4.1996066 	18.718703
-0.40720721 	-0.05 	0.91 	58.809296 	4.2161359 	18.743735
-0.40600601 	-0.05 	0.91 	58.806396 	4.2326652 	18.768766
-0.4048048 	-0.05 	0.91 	58.803496 	4.2491944 	18.793798
-0.4036036 	-0.05 	0.91 	58.800596 	4.2657237 	18.81883
-0.4024024 	-0.05 	0.91 	58.797696 	4.2822529 	18.843861
-0.4012012 	-0.05 	0.91 	58.793938 	4.2997526 	18.864803
-0.4 	-0.05 	0.91 	58.790139 	4.3172986 	18.885549
-0.3987988 	-0.05 	0.91 	58.78634 	4.3348446 	18.906294
-0.3975976 	-0.05 	0.91 	58.782541 	4.3523907 	18.92704
-0.3963964 	-0.05 	0.91 	58.778721 	4.3694417 	18.947597
-0.3951952 	-0.05 	0.91 	58.774749 	4.3827649 	18.966728
-0.39399399 	-0.05 	0.91 	58.770776 	4.396088 	18.98586
-0.39279279 	-0.05 	0.91 	58.766804 	4.4094112 	19.004992
-0.39159159 	-0.05 	0.91 	58.762831 	4.4227344 	19.024123
-0.39039039 	-0.05 	0.91 	58.758749 	4.4368648 	19.041936
-0.38918919 	-0.05 	0.91 	58.754397 	4.4529611 	19.056538
-0.38798799 	-0.05 	0.91 	58.750046 	4.4690573 	19.07114
-0.38678679 	-0.05 	0.91 	58.745695 	4.4851536 	19.085742
-0.38558559 	-0.05 	0.91 	58.741344 	4.5012498 	19.100344
-0.38438438 	-0.05 	0.91 	58.736992 	4.5173461 	19.114946
-0.38318318 	-0.05 	0.91 	58.732641 	4.5334423 	19.129548
-0.38198198 	-0.05 	0.91 	58.728585 	4.5508559 	19.146716
-0.38078078 	-0.05 	0.91 	58.724072 	4.5690118 	19.166039
-0.37957958 	-0.05 	0.91 	58.718929 	4.5881096 	19.188154
-0.37837838 	-0.05 	0.91 	58.714117 	4.6059626 	19.213401
-0.37717718 	-0.05 	0.91 	58.709349 	4.6236519 	19.239061
-0.37597598 	-0.05 	0.91 	58.704581 	4.6413413 	19.26472
-0.37477477 	-0.05 	0.91 	58.699813 	4.6590307 	19.290379
-0.37357357 	-0.05 	0.91 	58.695045 	4.67672 	19.316039
-0.37237237 	-0.05 	0.91 	58.690276 	4.6944094 	19.341698
-0.37117117 	-0.05 	0.91 	58.68495 	4.7092698 	19.368503
-0.36996997 	-0.05 	0.91 	58.679107 	4.7215172 	19.396365
-0.36876877 	-0.05 	0.91 	58.673265 	4.7337645 	19.424228
-0.36756757 	-0.05 	0.91 	58.667452 	4.7474798 	19.450414
-0.36636637 	-0.05 	0.91 	58.661684 	4.7633816 	19.474103
-0.36516517 	-0.05 	0.91 	58.655537 	4.7810445 	19.492259
-0.36396396 	-0.05 	0.91 	58.649255 	4.7995978 	19.50811
-0.36276276 	-0.05 	0.91 	58.643043 	4.82157 	19.520055
-0.36156156 	-0.05 	0.91 	58.636831 	4.8435422 	19.532
-0.36036036 	-0.05 	0.91 	58.630619 	4.8655144 	19.543946
-0.35915916 	-0.05 	0.91 	58.624606 	4.8831632 	19.558891
-0.35795796 	-0.05 	0.91 	58.618599 	4.9006841 	19.573925
-0.35675676 	-0.05 	0.91 	58.612593 	4.9182049 	19.588959
-0.35555556 	-0.05 	0.91 	58.606586 	4.9357258 	19.603993
-0.35435435 	-0.05 	0.91 	58.600579 	4.9532467 	19.619027
-0.35315315 	-0.05 	0.91 	58.594573 	4.9707676 	19.634061
-0.35195195 	-0.05 	0.91 	58.58871 	4.9890193 	19.650533
-0.35075075 	-0.05 	0.91 	58.583004 	5.0078705 	19.668123
-0.34954955 	-0.05 	0.91 	58.578326 	5.0270624 	19.684822
-0.34834835 	-0.05 	0.91 	58.573283 	5.0461775 	19.701484
-0.34714715 	-0.05 	0.91 	58.567916 	5.0652243 	19.718113
-0.34594595 	-0.05 	0.91 	58.562549 	5.0842711 	19.734742
-0.34474474 	-0.05 	0.91 	58.557181 	5.1033179 	19.751371
-0.34354354 	-0.05 	0.91 	58.551814 	5.1223647 	19.768
-0.34234234 	-0.05 	0.91 	58.546447 	5.1414116 	19.78463
-0.34114114 	-0.05 	0.91 	58.541017 	5.1605023 	19.801394
-0.33993994 	-0.05 	0.91 	58.533897 	5.180764 	19.821764
-0.33873874 	-0.05 	0.91 	58.526777 	5.2010257 	19.842135
-0.33753754 	-0.05 	0.91 	58.519657 	5.2212874 	19.862505
-0.33633634 	-0.05 	0.91 	58.512537 	5.241549 	19.882875
-0.33513514 	-0.05 	0.91 	58.507172 	5.2519415 	19.892571
-0.33393393 	-0.05 	0.91 	58.505063 	5.2440217 	19.88246
-0.33273273 	-0.05 	0.91 	58.499082 	5.2552239 	19.891072
-0.33153153 	-0.05 	0.91 	58.492097 	5.2713882 	19.904543
-0.33033033 	-0.05 	0.91 	58.485111 	5.2875525 	19.918014
-0.32912913 	-0.05 	0.91 	58.478125 	5.3037168 	19.931486
-0.32792793 	-0.05 	0.91 	58.471139 	5.3198812 	19.944957
-0.32672673 	-0.05 	0.91 	58.464154 	5.3360455 	19.958428
-0.32552553 	-0.05 	0.91 	58.457638 	5.3509247 	19.971478
-0.32432432 	-0.05 	0.91 	58.452323 	5.3625248 	19.983454
-0.32312312 	-0.05 	0.91 	58.447008 	5.374125 	19.99543
-0.32192192 	-0.05 	0.91 	58.440505 	5.3907626 	20.01318
-0.32072072 	-0.05 	0.91 	58.429693 	5.425674 	20.051881
-0.31951952 	-0.05 	0.91 	58.421311 	5.4471903 	20.07196
-0.31831832 	-0.05 	0.91 	58.413925 	5.4622637 	20.08332
-0.31711712 	-0.05 	0.91 	58.404316 	5.4813398 	20.102306
-0.31591592 	-0.05 	0.91 	58.394707 	5.5004158 	20.121292
-0.31471471 	-0.05 	0.91 	58.385132 	5.5194914 	20.140586
-0.31351351 	-0.05 	0.91 	58.375888 	5.5385628 	20.162861
-0.31231231 	-0.05 	0.91 	58.366644 	5.5576343 	20.185135
-0.31111111 	-0.05 	0.91 	58.3574 	5.5767057 	20.20741
-0.30990991 	-0.05 	0.91 	58.348155 	5.5957772 	20.229685
-0.30870871 	-0.05 	0.91 	58.338911 	5.6148486 	20.25196
-0.30750751 	-0.05 	0.91 	58.329667 	5.6339201 	20.274234
-0.30630631 	-0.05 	0.91 	58.319458 	5.6587206 	20.302012
-0.30510511 	-0.05 	0.91 	58.308404 	5.68854 	20.33461
-0.3039039 	-0.05 	0.91 	58.299301 	5.7055053 	20.347981
-0.3027027 	-0.05 	0.91 	58.289869 	5.7231201 	20.364577
-0.3015015 	-0.05 	0.91 	58.279871 	5.742261 	20.386748
-0.3003003 	-0.05 	0.91 	58.269872 	5.7614019 	20.408919
-0.2990991 	-0.05 	0.91 	58.259874 	5.7805428 	20.43109
-0.2978979 	-0.05 	0.91 	58.249875 	5.7996837 	20.45326
-0.2966967 	-0.05 	0.91 	58.239877 	5.8188246 	20.475431
-0.2954955 	-0.05 	0.91 	58.229878 	5.8379655 	20.497602
-0.29429429 	-0.05 	0.91 	58.219732 	5.8566797 	20.517116
-0.29309309 	-0.05 	0.91 	58.209547 	5.8752821 	20.535933
-0.29189189 	-0.05 	0.91 	58.199362 	5.8938844 	20.55475
-0.29069069 	-0.05 	0.91 	58.187695 	5.9121269 	20.579637
-0.28948949 	-0.05 	0.91 	58.176589 	5.9308424 	20.6034
-0.28828829 	-0.05 	0.91 	58.167719 	5.9509843 	20.621091
-0.28708709 	-0.05 	0.91 	58.157228 	5.9703141 	20.639485
-0.28588589 	-0.05 	0.91 	58.146084 	5.9893161 	20.658163
-0.28468468 	-0.05 	0.91 	58.134939 	6.0083181 	20.67684
-0.28348348 	-0.05 	0.91 	58.124027 	6.0279043 	20.698043
-0.28228228 	-0.05 	0.91 	58.113186 	6.0476704 	20.720024
-0.28108108 	-0.05 	0.91 	58.102345 	6.0674366 	20.742004
-0.27987988 	-0.05 	0.91 	58.091504 	6.0872027 	20.763985
-0.27867868 	-0.05 	0.91 	58.080663 	6.1069689 	20.785965
-0.27747748 	-0.05 	0.91 	58.069823 	6.1267351 	20.807946
-0.27627628 	-0.05 	0.91 	58.05874 	6.1474362 	20.830297
-0.27507508 	-0.05 	0.91 	58.046367 	6.1731372 	20.854633
-0.27387387 	-0.05 	0.91 	58.034517 	6.1945302 	20.874689
-0.27267267 	-0.05 	0.91 	58.023033 	6.2128678 	20.891745
-0.27147147 	-0.05 	0.91 	58.010915 	6.232791 	20.91317
-0.27027027 	-0.05 	0.91 	57.998797 	6.2527141 	20.934595
-0.26906907 	-0.05 	0.91 	57.986678 	6.2726373 	20.956021
-0.26786787 	-0.05 	0.91 	57.97456 	6.2925604 	20.977446
-0.26666667 	-0.05 	0.91 	57.962442 	6.3124836 	20.998871
-0.26546547 	-0.05 	0.91 	57.950323 	6.3324067 	21.020297
-0.26426426 	-0.05 	0.91 	57.938131 	6.3518476 	21.040503
-0.26306306 	-0.05 	0.91 	57.925821 	6.3705124 	21.058747
-0.26186186 	-0.05 	0.91 	57.91351 	6.3891773 	21.076991
-0.26066066 	-0.05 	0.91 	57.900388 	6.4067883 	21.095882
-0.25945946 	-0.05 	0.91 	57.886239 	6.4230652 	21.115594
-0.25825826 	-0.05 	0.91 	57.874426 	6.4435418 	21.135984
-0.25705706 	-0.05 	0.91 	57.862039 	6.4638417 	21.155555
-0.25585586 	-0.05 	0.91 	57.848072 	6.4828806 	21.173463
-0.25465465 	-0.05 	0.91 	57.834105 	6.5019195 	21.19137
-0.25345345 	-0.05 	0.91 	57.820249 	6.5213233 	21.210509
-0.25225225 	-0.05 	0.91 	57.806549 	6.5412446 	21.231396
-0.25105105 	-0.05 	0.91 	57.792849 	6.5611659 	21.252283
-0.24984985 	-0.05 	0.91 	57.779149 	6.5810872 	21.27317
-0.24864865 	-0.05 	0.91 	57.765449 	6.6010085 	21.294056
-0.24744745 	-0.05 	0.91 	57.751749 	6.6209298 	21.314943
-0.24624625 	-0.05 	0.91 	57.738049 	6.6408512 	21.33583
-0.24504505 	-0.05 	0.91 	57.723131 	6.6647968 	21.35605
-0.24384384 	-0.05 	0.91 	57.707928 	6.6887475 	21.375794
-0.24264264 	-0.05 	0.91 	57.693267 	6.7071791 	21.394568
-0.24144144 	-0.05 	0.91 	57.678262 	6.7264113 	21.414288
-0.24024024 	-0.05 	0.91 	57.663078 	6.7460602 	21.4345
-0.23903904 	-0.05 	0.91 	57.647893 	6.765709 	21.454712
-0.23783784 	-0.05 	0.91 	57.632709 	6.7853578 	21.474924
-0.23663664 	-0.05 	0.91 	57.617525 	6.8050066 	21.495136
-0.23543544 	-0.05 	0.91 	57.602341 	6.8246554 	21.515347
-0.23423423 	-0.05 	0.91 	57.587157 	6.8443042 	21.535559
-0.23303303 	-0.05 	0.91 	57.57191 	6.8629062 	21.553159
-0.23183183 	-0.05 	0.91 	57.55666 	6.8814391 	21.570585
-0.23063063 	-0.05 	0.91 	57.54132 	6.8998101 	21.587909
-0.22942943 	-0.05 	0.91 	57.524508 	6.9155193 	21.603543
-0.22822823 	-0.05 	0.91 	57.508799 	6.93378 	21.622079
-0.22702703 	-0.05 	0.91 	57.49416 	6.9545202 	21.643436
-0.22582583 	-0.05 	0.91 	57.477267 	6.9729314 	21.660393
-0.22462462 	-0.05 	0.91 	57.460278 	6.991244 	21.677162
-0.22342342 	-0.05 	0.91 	57.443302 	7.0096849 	21.694235
-0.22222222 	-0.05 	0.91 	57.426427 	7.0291494 	21.713725
-0.22102102 	-0.05 	0.91 	57.409552 	7.0486139 	21.733215
-0.21981982 	-0.05 	0.91 	57.392677 	7.0680784 	21.752705
-0.21861862 	-0.05 	0.91 	57.375802 	7.0875429 	21.772195
-0.21741742 	-0.05 	0.91 	57.358927 	7.1070074 	21.791685
-0.21621622 	-0.05 	0.91 	57.342051 	7.1264719 	21.811176
-0.21501502 	-0.05 	0.91 	57.324581 	7.1478228 	21.829656
-0.21381381 	-0.05 	0.91 	57.305995 	7.1727079 	21.846247
-0.21261261 	-0.05 	0.91 	57.287817 	7.191982 	21.864382
-0.21141141 	-0.05 	0.91 	57.269529 	7.210333 	21.882865
-0.21021021 	-0.05 	0.91 	57.250725 	7.2295588 	21.901352
-0.20900901 	-0.05 	0.91 	57.231921 	7.2487847 	21.919839
-0.20780781 	-0.05 	0.91 	57.213117 	7.2680106 	21.938325
-0.20660661 	-0.05 	0.91 	57.194313 	7.2872365 	21.956812
-0.20540541 	-0.05 	0.91 	57.17551 	7.3064624 	21.975299
-0.2042042 	-0.05 	0.91 	57.156706 	7.3256883 	21.993785
-0.203003 	-0.05 	0.91 	57.138008 	7.344117 	22.011149
-0.2018018 	-0.05 	0.91 	57.119442 	7.361569 	22.027135
-0.2006006 	-0.05 	0.91 	57.100876 	7.379021 	22.043122
-0.1993994 	-0.05 	0.91 	57.081084 	7.3942636 	22.056698
-0.1981982 	-0.05 	0.91 	57.060946 	7.4091348 	22.070119
-0.196997 	-0.05 	0.91 	57.042413 	7.4286701 	22.090373
-0.1957958 	-0.05 	0.91 	57.022654 	7.4465552 	22.107799
-0.19459459 	-0.05 	0.91 	57.001988 	7.4632204 	22.123133
-0.19339339 	-0.05 	0.91 	56.981322 	7.4798857 	22.138468
-0.19219219 	-0.05 	0.91 	56.960419 	7.497784 	22.155731
-0.19099099 	-0.05 	0.91 	56.939474 	7.5159051 	22.173342
-0.18978979 	-0.05 	0.91 	56.918528 	7.5340262 	22.190953
-0.18858859 	-0.05 	0.91 	56.897582 	7.5521473 	22.208564
-0.18738739 	-0.05 	0.91 	56.876636 	7.5702684 	22.226175
-0.18618619 	-0.05 	0.91 	56.85569 	7.5883895 	22.243786
-0.18498498 	-0.05 	0.91 	56.834744 	7.6065106 	22.261397
-0.18378378 	-0.05 	0.91 	56.812121 	7.6293922 	22.275576
-0.18258258 	-0.05 	0.91 	56.789585 	7.6491723 	22.290926
-0.18138138 	-0.05 	0.91 	56.767264 	7.6646058 	22.308017
-0.18018018 	-0.05 	0.91 	56.744391 	7.6810824 	22.324254
-0.17897898 	-0.05 	0.91 	56.721464 	7.6976616 	22.340407
-0.17777778 	-0.05 	0.91 	56.698536 	7.7142407 	22.35656
-0.17657658 	-0.05 	0.91 	56.675609 	7.7308199 	22.372713
-0.17537538 	-0.05 	0.91 	56.652681 	7.7473991 	22.388866
-0.17417417 	-0.05 	0.91 	56.629754 	7.7639783 	22.405019
-0.17297297 	-0.05 	0.91 	56.606826 	7.7805574 	22.421172
-0.17177177 	-0.05 	0.91 	56.584592 	7.7955558 	22.435318
-0.17057057 	-0.05 	0.91 	56.562375 	7.8105141 	22.449414
-0.16936937 	-0.05 	0.91 	56.539633 	7.8242594 	22.462221
-0.16816817 	-0.05 	0.91 	56.515652 	7.8351373 	22.471983
-0.16696697 	-0.05 	0.91 	56.492847 	7.8500331 	22.488048
-0.16576577 	-0.05 	0.91 	56.470372 	7.8655937 	22.505367
-0.16456456 	-0.05 	0.91 	56.447506 	7.8775807 	22.518102
-0.16336336 	-0.05 	0.91 	56.424641 	7.8895677 	22.530836
-0.16216216 	-0.05 	0.91 	56.400625 	7.9024115 	22.544364
-0.16096096 	-0.05 	0.91 	56.3755 	7.9160799 	22.558656
-0.15975976 	-0.05 	0.91 	56.350376 	7.9297483 	22.572948
-0.15855856 	-0.05 	0.91 	56.325252 	7.9434167 	22.58724
-0.15735736 	-0.05 	0.91 	56.300127 	7.9570851 	22.601532
-0.15615616 	-0.05 	0.91 	56.275003 	7.9707535 	22.615824
-0.15495495 	-0.05 	0.91 	56.249879 	7.9844219 	22.630116
-0.15375375 	-0.05 	0.91 	56.224465 	8.0012953 	22.641859
-0.15255255 	-0.05 	0.91 	56.198806 	8.0193912 	22.652363
-0.15135135 	-0.05 	0.91 	56.171506 	8.0264719 	22.66645
-0.15015015 	-0.05 	0.91 	56.144093 	8.0352329 	22.679425
-0.14894895 	-0.05 	0.91 	56.116554 	8.0458677 	22.69116
-0.14774775 	-0.05 	0.91 	56.089015 	8.0565025 	22.702896
-0.14654655 	-0.05 	0.91 	56.061475 	8.0671373 	22.714631
-0.14534535 	-0.05 	0.91 	56.033936 	8.0777721 	22.726367
-0.14414414 	-0.05 	0.91 	56.006397 	8.0884069 	22.738102
-0.14294294 	-0.05 	0.91 	55.978858 	8.0990417 	22.749838
-0.14174174 	-0.05 	0.91 	55.952197 	8.1097308 	22.761453
-0.14054054 	-0.05 	0.91 	55.926207 	8.1204613 	22.772976
-0.13933934 	-0.05 	0.91 	55.900217 	8.1311918 	22.784499
-0.13813814 	-0.05 	0.91 	55.873224 	8.1384416 	22.792217
-0.13693694 	-0.05 	0.91 	55.845543 	8.146786 	22.801115
-0.13573574 	-0.05 	0.91 	55.816905 	8.1581643 	22.813297
-0.13453453 	-0.05 	0.91 	55.788817 	8.1655972 	22.823342
-0.13333333 	-0.05 	0.91 	55.760815 	8.1724016 	22.833048
-0.13213213 	-0.05 	0.91 	55.732633 	8.1793528 	22.842749
-0.13093093 	-0.05 	0.91 	55.703452 	8.1871152 	22.85243
-0.12972973 	-0.05 	0.91 	55.674272 	8.1948775 	22.862111
-0.12852853 	-0.05 	0.91 	55.645091 	8.2026398 	22.871791
-0.12732733 	-0.05 	0.91 	55.61591 	8.2104021 	22.881472
-0.12612613 	-0.05 	0.91 	55.586729 	8.2181645 	22.891153
-0.12492492 	-0.05 	0.91 	55.557548 	8.2259268 	22.900833
-0.12372372 	-0.05 	0.91 	55.528411 	8.2346028 	22.910203
-0.12252252 	-0.05 	0.91 	55.499482 	8.2476874 	22.918073
-0.12132132 	-0.05 	0.91 	55.469686 	8.252536 	22.926421
-0.12012012 	-0.05 	0.91 	55.439426 	8.2537767 	22.934979
-0.11891892 	-0.05 	0.91 	55.409031 	8.2583529 	22.943338
-0.11771772 	-0.05 	0.91 	55.378636 	8.262929 	22.951696
-0.11651652 	-0.05 	0.91 	55.348241 	8.2675051 	22.960055
-0.11531532 	-0.05 	0.91 	55.317846 	8.2720813 	22.968414
-0.11411411 	-0.05 	0.91 	55.287451 	8.2766574 	22.976773
-0.11291291 	-0.05 	0.91 	55.257056 	8.2812336 	22.985132
-0.11171171 	-0.05 	0.91 	55.226863 	8.2856879 	22.993557
-0.11051051 	-0.05 	0.91 	55.197926 	8.2893869 	23.002395
-0.10930931 	-0.05 	0.91 	55.168988 	8.2930859 	23.011232
-0.10810811 	-0.05 	0.91 	55.139658 	8.2947951 	23.019537
-0.10690691 	-0.05 	0.91 	55.109919 	8.2944249 	23.027285
-0.10570571 	-0.05 	0.91 	55.07915 	8.2993939 	23.03301
-0.1045045 	-0.05 	0.91 	55.048406 	8.3024603 	23.040025
-0.1033033 	-0.05 	0.91 	55.017729 	8.3029548 	23.048726
-0.1021021 	-0.05 	0.91 	54.987052 	8.3034494 	23.057426
-0.1009009 	-0.05 	0.91 	54.954991 	8.3041692 	23.065987
-0.0996997 	-0.05 	0.91 	54.922313 	8.3049892 	23.074484
-0.098498498 	-0.05 	0.91 	54.889635 	8.3058093 	23.082982
-0.097297297 	-0.05 	0.91 	54.856957 	8.3066293 	23.09148
-0.096096096 	-0.05 	0.91 	54.824279 	8.3074494 	23.099978
-0.094894895 	-0.05 	0.91 	54.791601 	8.3082694 	23.108476
-0.093693694 	-0.05 	0.91 	54.758923 	8.3090895 	23.116974
-0.092492492 	-0.05 	0.91 	54.72489 	8.3138803 	23.12842
-0.091291291 	-0.05 	0.91 	54.690415 	8.3159054 	23.137096
-0.09009009 	-0.05 	0.91 	54.655589 	8.3079748 	23.136446
-0.088888889 	-0.05 	0.91 	54.62205 	8.3010297 	23.135164
-0.087687688 	-0.05 	0.91 	54.589041 	8.2944911 	23.133623
-0.086486486 	-0.05 	0.91 	54.556033 	8.2879524 	23.132082
-0.085285285 	-0.05 	0.91 	54.523025 	8.2814137 	23.130541
-0.084084084 	-0.05 	0.91 	54.490017 	8.274875 	23.129
-0.082882883 	-0.05 	0.91 	54.457873 	8.2682676 	23.127424
-0.081681682 	-0.05 	0.91 	54.427606 	8.2615112 	23.125774
-0.08048048 	-0.05 	0.91 	54.397339 	8.2547547 	23.124124
-0.079279279 	-0.05 	0.91 	54.367072 	8.2479982 	23.122474
-0.078078078 	-0.05 	0.91 	54.336972 	8.2400378 	23.119684
-0.076876877 	-0.05 	0.91 	54.308082 	8.2233837 	23.108657
-0.075675676 	-0.05 	0.91 	54.278249 	8.2131361 	23.10493
-0.074474474 	-0.05 	0.91 	54.247626 	8.2082584 	23.107321
-0.073273273 	-0.05 	0.91 	54.221344 	8.1945654 	23.098038
-0.072072072 	-0.05 	0.91 	54.195268 	8.180458 	23.088206
-0.070870871 	-0.05 	0.91 	54.169191 	8.1663505 	23.078373
-0.06966967 	-0.05 	0.91 	54.143114 	8.1522431 	23.068541
-0.068468468 	-0.05 	0.91 	54.117037 	8.1381357 	23.058708
-0.067267267 	-0.05 	0.91 	54.09096 	8.1240282 	23.048876
-0.066066066 	-0.05 	0.91 	54.064541 	8.1098558 	23.03891
-0.064864865 	-0.05 	0.91 	54.036802 	8.0954323 	23.028426
-0.063663664 	-0.05 	0.91 	54.009063 	8.0810088 	23.017942
-0.062462462 	-0.05 	0.91 	53.982321 	8.0669739 	23.007268
-0.061261261 	-0.05 	0.91 	53.956899 	8.0534525 	22.99634
-0.06006006 	-0.05 	0.91 	53.932217 	8.0336046 	22.994688
-0.058858859 	-0.05 	0.91 	53.907715 	8.0134179 	22.994692
-0.057657658 	-0.05 	0.91 	53.883281 	7.9971416 	22.993289
-0.056456456 	-0.05 	0.91 	53.859221 	7.9809663 	22.991698
-0.055255255 	-0.05 	0.91 	53.8372 	7.9653411 	22.989085
-0.054054054 	-0.05 	0.91 	53.815179 	7.9497159 	22.986471
-0.052852853 	-0.05 	0.91 	53.793158 	7.9340907 	22.983858
-0.051651652 	-0.05 	0.91 	53.771137 	7.9184655 	22.981245
-0.05045045 	-0.05 	0.91 	53.749116 	7.9028404 	22.978632
-0.049249249 	-0.05 	0.91 	53.727095 	7.8872152 	22.976019
-0.048048048 	-0.05 	0.91 	53.705074 	7.87159 	22.973406
-0.046846847 	-0.05 	0.91 	53.677032 	7.8568416 	22.984439
-0.045645646 	-0.05 	0.91 	53.649092 	7.8405828 	22.994161
-0.044444444 	-0.05 	0.91 	53.636425 	7.8120127 	22.961996
-0.043243243 	-0.05 	0.91 	53.623015 	7.7886034 	22.943196
-0.042042042 	-0.05 	0.91 	53.608931 	7.7698787 	22.936527
-0.040840841 	-0.05 	0.91 	53.594847 	7.7511541 	22.929859
-0.03963964 	-0.05 	0.91 	53.580763 	7.7324295 	22.92319
-0.038438438 	-0.05 	0.91 	53.566678 	7.7137049 	22.916521
-0.037237237 	-0.05 	0.91 	53.552594 	7.6949803 	22.909852
-0.036036036 	-0.05 	0.91 	53.53851 	7.6762556 	22.903184
-0.034834835 	-0.05 	0.91 	53.523596 	7.6566299 	22.896371
-0.033633634 	-0.05 	0.91 	53.504904 	7.6322497 	22.888429
-0.032432432 	-0.05 	0.91 	53.494667 	7.6109708 	22.877958
-0.031231231 	-0.05 	0.91 	53.480081 	7.5945812 	22.888189
-0.03003003 	-0.05 	0.91 	53.470522 	7.5731221 	22.879404
-0.028828829 	-0.05 	0.91 	53.467462 	7.5451091 	22.846034
-0.027627628 	-0.05 	0.91 	53.461514 	7.52055 	22.826416
-0.026426426 	-0.05 	0.91 	53.459181 	7.5004391 	22.819683
-0.025225225 	-0.05 	0.91 	53.454362 	7.4836805 	22.818232
-0.024024024 	-0.05 	0.91 	53.447916 	7.4678933 	22.817747
-0.022822823 	-0.05 	0.91 	53.441469 	7.4521061 	22.817262
-0.021621622 	-0.05 	0.91 	53.435023 	7.4363189 	22.816777
-0.02042042 	-0.05 	0.91 	53.428577 	7.4205317 	22.816292
-0.019219219 	-0.05 	0.91 	53.422131 	7.4047445 	22.815807
-0.018018018 	-0.05 	0.91 	53.415685 	7.3889573 	22.815322
-0.016816817 	-0.05 	0.91 	53.409818 	7.3720393 	22.815754
-0.015615616 	-0.05 	0.91 	53.405791 	7.3515338 	22.819094
-0.014414414 	-0.05 	0.91 	53.403719 	7.3353055 	22.814066
-0.013213213 	-0.05 	0.91 	53.402757 	7.3209855 	22.80519
-0.012012012 	-0.05 	0.91 	53.410598 	7.3054441 	22.775999
-0.010810811 	-0.05 	0.91 	53.417862 	7.2935828 	22.746336
-0.0096096096 	-0.05 	0.91 	53.420064 	7.2825882 	22.728481
-0.0084084084 	-0.05 	0.91 	53.422671 	7.27149 	22.71006
-0.0072072072 	-0.05 	0.91 	53.429685 	7.2592607 	22.685437
-0.006006006 	-0.05 	0.91 	53.4367 	7.2470313 	22.660815
-0.0048048048 	-0.05 	0.91 	53.443714 	7.234802 	22.636192
-0.0036036036 	-0.05 	0.91 	53.44941 	7.2217936 	22.611947
-0.0024024024 	-0.05 	0.91 	53.451562 	7.2066906 	22.58872
-0.0012012012 	-0.05 	0.91 	53.453713 	7.1915875 	22.565492
-7.9670765e-15 	-0.05 	0.91 	53.463401 	7.1780042 	22.530122
