0 	0.25 	0.91 	54.470977 	2.5454008 	-15.521097
-0.0012012012 	0.25 	0.91 	54.47869 	2.5389253 	-15.519501
-0.0024024024 	0.25 	0.91 	54.486403 	2.5324498 	-15.517905
-0.0036036036 	0.25 	0.91 	54.494115 	2.5259743 	-15.516309
-0.0048048048 	0.25 	0.91 	54.501828 	2.5194988 	-15.514712
-0.006006006 	0.25 	0.91 	54.509541 	2.5130232 	-15.513116
-0.0072072072 	0.25 	0.91 	54.517254 	2.5065477 	-15.51152
-0.0084084084 	0.25 	0.91 	54.524967 	2.5000722 	-15.509924
-0.0096096096 	0.25 	0.91 	54.53268 	2.4935967 	-15.508328
-0.010810811 	0.25 	0.91 	54.540393 	2.4871212 	-15.506732
-0.012012012 	0.25 	0.91 	54.548106 	2.4806457 	-15.505136
-0.013213213 	0.25 	0.91 	54.555943 	2.473665 	-15.503995
-0.014414414 	0.25 	0.91 	54.564157 	2.465158 	-15.504228
-0.015615616 	0.25 	0.91 	54.572371 	2.4566509 	-15.504462
-0.016816817 	0.25 	0.91 	54.580585 	2.4481438 	-15.504696
-0.018018018 	0.25 	0.91 	54.588799 	2.4396368 	-15.504929
-0.019219219 	0.25 	0.91 	54.597012 	2.4311297 	-15.505163
-0.02042042 	0.25 	0.91 	54.605226 	2.4226226 	-15.505397
-0.021621622 	0.25 	0.91 	54.61344 	2.4141155 	-15.50563
-0.022822823 	0.25 	0.91 	54.621654 	2.4056085 	-15.505864
-0.024024024 	0.25 	0.91 	54.629868 	2.3971014 	-15.506098
-0.025225225 	0.25 	0.91 	54.638082 	2.3885943 	-15.506331
-0.026426426 	0.25 	0.91 	54.646296 	2.3800873 	-15.506565
-0.027627628 	0.25 	0.91 	54.65451 	2.3715802 	-15.506799
-0.028828829 	0.25 	0.91 	54.662723 	2.3630731 	-15.507032
-0.03003003 	0.25 	0.91 	54.670937 	2.3545661 	-15.507266
-0.031231231 	0.25 	0.91 	54.679151 	2.346059 	-15.5075
-0.032432432 	0.25 	0.91 	54.687365 	2.3375519 	-15.507733
-0.033633634 	0.25 	0.91 	54.695579 	2.3290449 	-15.507967
-0.034834835 	0.25 	0.91 	54.703793 	2.3205378 	-15.508201
-0.036036036 	0.25 	0.91 	54.712007 	2.3120307 	-15.508434
-0.037237237 	0.25 	0.91 	54.720221 	2.3035237 	-15.508668
-0.038438438 	0.25 	0.91 	54.728438 	2.2950195 	-15.5089
-0.03963964 	0.25 	0.91 	54.737087 	2.2869162 	-15.508992
-0.040840841 	0.25 	0.91 	54.745737 	2.2788128 	-15.509083
-0.042042042 	0.25 	0.91 	54.754386 	2.2707094 	-15.509174
-0.043243243 	0.25 	0.91 	54.763036 	2.2626061 	-15.509265
-0.044444444 	0.25 	0.91 	54.771685 	2.2545027 	-15.509356
-0.045645646 	0.25 	0.91 	54.780335 	2.2463993 	-15.509447
-0.046846847 	0.25 	0.91 	54.788973 	2.2391977 	-15.509768
-0.048048048 	0.25 	0.91 	54.797583 	2.234205 	-15.510652
-0.049249249 	0.25 	0.91 	54.806192 	2.2292124 	-15.511536
-0.05045045 	0.25 	0.91 	54.814802 	2.2242198 	-15.512419
-0.051651652 	0.25 	0.91 	54.823412 	2.2192271 	-15.513303
-0.052852853 	0.25 	0.91 	54.832021 	2.2142345 	-15.514186
-0.054054054 	0.25 	0.91 	54.840631 	2.2092419 	-15.51507
-0.055255255 	0.25 	0.91 	54.849241 	2.2042492 	-15.515954
-0.056456456 	0.25 	0.91 	54.85785 	2.1992566 	-15.516837
-0.057657658 	0.25 	0.91 	54.86646 	2.194264 	-15.517721
-0.058858859 	0.25 	0.91 	54.875069 	2.1892713 	-15.518605
-0.06006006 	0.25 	0.91 	54.883679 	2.1842787 	-15.519488
-0.061261261 	0.25 	0.91 	54.892637 	2.1718316 	-15.522571
-0.062462462 	0.25 	0.91 	54.901611 	2.1590493 	-15.525753
-0.063663664 	0.25 	0.91 	54.910585 	2.146267 	-15.528934
-0.064864865 	0.25 	0.91 	54.919559 	2.1334848 	-15.532116
-0.066066066 	0.25 	0.91 	54.928533 	2.1207025 	-15.535298
-0.067267267 	0.25 	0.91 	54.937508 	2.1079202 	-15.538479
-0.068468468 	0.25 	0.91 	54.946482 	2.0951379 	-15.541661
-0.06966967 	0.25 	0.91 	54.955456 	2.0823556 	-15.544842
-0.070870871 	0.25 	0.91 	54.96443 	2.0695734 	-15.548024
-0.072072072 	0.25 	0.91 	54.973404 	2.0567911 	-15.551206
-0.073273273 	0.25 	0.91 	54.982378 	2.0440088 	-15.554387
-0.074474474 	0.25 	0.91 	54.992087 	2.0343535 	-15.55691
-0.075675676 	0.25 	0.91 	55.002125 	2.0260975 	-15.559139
-0.076876877 	0.25 	0.91 	55.012163 	2.0178416 	-15.561367
-0.078078078 	0.25 	0.91 	55.022201 	2.0095856 	-15.563595
-0.079279279 	0.25 	0.91 	55.032239 	2.0013296 	-15.565824
-0.08048048 	0.25 	0.91 	55.042277 	1.9930736 	-15.568052
-0.081681682 	0.25 	0.91 	55.052392 	1.9849025 	-15.570512
-0.082882883 	0.25 	0.91 	55.062877 	1.9771404 	-15.574092
-0.084084084 	0.25 	0.91 	55.073361 	1.9693784 	-15.577672
-0.085285285 	0.25 	0.91 	55.083846 	1.9616164 	-15.581251
-0.086486486 	0.25 	0.91 	55.09433 	1.9538544 	-15.584831
-0.087687688 	0.25 	0.91 	55.104815 	1.9460924 	-15.588411
-0.088888889 	0.25 	0.91 	55.1153 	1.9383304 	-15.59199
-0.09009009 	0.25 	0.91 	55.125784 	1.9305683 	-15.59557
-0.091291291 	0.25 	0.91 	55.136269 	1.9228063 	-15.599149
-0.092492492 	0.25 	0.91 	55.146754 	1.9150443 	-15.602729
-0.093693694 	0.25 	0.91 	55.157238 	1.9072823 	-15.606309
-0.094894895 	0.25 	0.91 	55.167723 	1.8995203 	-15.609888
-0.096096096 	0.25 	0.91 	55.178208 	1.8917583 	-15.613468
-0.097297297 	0.25 	0.91 	55.188692 	1.8839962 	-15.617048
-0.098498498 	0.25 	0.91 	55.199177 	1.8762342 	-15.620627
-0.0996997 	0.25 	0.91 	55.209661 	1.8684722 	-15.624207
-0.1009009 	0.25 	0.91 	55.220146 	1.8607102 	-15.627786
-0.1021021 	0.25 	0.91 	55.230631 	1.8529482 	-15.631366
-0.1033033 	0.25 	0.91 	55.241115 	1.8451861 	-15.634946
-0.1045045 	0.25 	0.91 	55.2516 	1.8374241 	-15.638525
-0.10570571 	0.25 	0.91 	55.262085 	1.8296621 	-15.642105
-0.10690691 	0.25 	0.91 	55.272569 	1.8219001 	-15.645685
-0.10810811 	0.25 	0.91 	55.284301 	1.8144904 	-15.654266
-0.10930931 	0.25 	0.91 	55.297147 	1.8073959 	-15.667322
-0.11051051 	0.25 	0.91 	55.309993 	1.8003014 	-15.680377
-0.11171171 	0.25 	0.91 	55.32284 	1.7932068 	-15.693432
-0.11291291 	0.25 	0.91 	55.335686 	1.7861123 	-15.706488
-0.11411411 	0.25 	0.91 	55.348532 	1.7790178 	-15.719543
-0.11531532 	0.25 	0.91 	55.361379 	1.7719232 	-15.732598
-0.11651652 	0.25 	0.91 	55.374225 	1.7648287 	-15.745654
-0.11771772 	0.25 	0.91 	55.387071 	1.7577342 	-15.758709
-0.11891892 	0.25 	0.91 	55.399918 	1.7506397 	-15.771764
-0.12012012 	0.25 	0.91 	55.412764 	1.7435451 	-15.78482
-0.12132132 	0.25 	0.91 	55.424604 	1.7359343 	-15.793615
-0.12252252 	0.25 	0.91 	55.432793 	1.7264485 	-15.786942
-0.12372372 	0.25 	0.91 	55.440982 	1.7169628 	-15.780268
-0.12492492 	0.25 	0.91 	55.44917 	1.7074771 	-15.773595
-0.12612613 	0.25 	0.91 	55.457359 	1.6979914 	-15.766921
-0.12732733 	0.25 	0.91 	55.465548 	1.6885056 	-15.760248
-0.12852853 	0.25 	0.91 	55.473736 	1.6790199 	-15.753575
-0.12972973 	0.25 	0.91 	55.481925 	1.6695342 	-15.746901
-0.13093093 	0.25 	0.91 	55.490113 	1.6600485 	-15.740228
-0.13213213 	0.25 	0.91 	55.498302 	1.6505628 	-15.733555
-0.13333333 	0.25 	0.91 	55.506491 	1.641077 	-15.726881
-0.13453453 	0.25 	0.91 	55.514679 	1.6315913 	-15.720208
-0.13573574 	0.25 	0.91 	55.526276 	1.6212468 	-15.723142
-0.13693694 	0.25 	0.91 	55.538286 	1.6107983 	-15.72724
-0.13813814 	0.25 	0.91 	55.550296 	1.6003498 	-15.731338
-0.13933934 	0.25 	0.91 	55.562306 	1.5899013 	-15.735435
-0.14054054 	0.25 	0.91 	55.574315 	1.5794529 	-15.739533
-0.14174174 	0.25 	0.91 	55.586325 	1.5690044 	-15.74363
-0.14294294 	0.25 	0.91 	55.598335 	1.5585559 	-15.747728
-0.14414414 	0.25 	0.91 	55.610344 	1.5481074 	-15.751825
-0.14534535 	0.25 	0.91 	55.622354 	1.537659 	-15.755923
-0.14654655 	0.25 	0.91 	55.634364 	1.5272105 	-15.76002
-0.14774775 	0.25 	0.91 	55.646374 	1.516762 	-15.764118
-0.14894895 	0.25 	0.91 	55.658415 	1.5079028 	-15.771313
-0.15015015 	0.25 	0.91 	55.670457 	1.4990786 	-15.778576
-0.15135135 	0.25 	0.91 	55.682499 	1.4902543 	-15.78584
-0.15255255 	0.25 	0.91 	55.694541 	1.4814301 	-15.793103
-0.15375375 	0.25 	0.91 	55.706582 	1.4726058 	-15.800366
-0.15495495 	0.25 	0.91 	55.718624 	1.4637816 	-15.807629
-0.15615616 	0.25 	0.91 	55.730666 	1.4549574 	-15.814893
-0.15735736 	0.25 	0.91 	55.742708 	1.4461331 	-15.822156
-0.15855856 	0.25 	0.91 	55.75475 	1.4373089 	-15.829419
-0.15975976 	0.25 	0.91 	55.766792 	1.4284846 	-15.836683
-0.16096096 	0.25 	0.91 	55.778834 	1.4196604 	-15.843946
-0.16216216 	0.25 	0.91 	55.790155 	1.4115626 	-15.84766
-0.16336336 	0.25 	0.91 	55.8014 	1.4035416 	-15.850999
-0.16456456 	0.25 	0.91 	55.812645 	1.3955205 	-15.854339
-0.16576577 	0.25 	0.91 	55.82389 	1.3874994 	-15.857678
-0.16696697 	0.25 	0.91 	55.835135 	1.3794783 	-15.861017
-0.16816817 	0.25 	0.91 	55.846381 	1.3714573 	-15.864357
-0.16936937 	0.25 	0.91 	55.858989 	1.3633439 	-15.876159
-0.17057057 	0.25 	0.91 	55.872025 	1.3552015 	-15.890617
-0.17177177 	0.25 	0.91 	55.885061 	1.3470591 	-15.905075
-0.17297297 	0.25 	0.91 	55.898096 	1.3389168 	-15.919533
-0.17417417 	0.25 	0.91 	55.911132 	1.3307744 	-15.933992
-0.17537538 	0.25 	0.91 	55.924168 	1.322632 	-15.94845
-0.17657658 	0.25 	0.91 	55.937204 	1.3144896 	-15.962908
-0.17777778 	0.25 	0.91 	55.95024 	1.3063473 	-15.977367
-0.17897898 	0.25 	0.91 	55.963276 	1.2982049 	-15.991825
-0.18018018 	0.25 	0.91 	55.976312 	1.2900625 	-16.006283
-0.18138138 	0.25 	0.91 	55.989348 	1.2819201 	-16.020742
-0.18258258 	0.25 	0.91 	56.000802 	1.2740685 	-16.02525
-0.18378378 	0.25 	0.91 	56.010535 	1.2665331 	-16.018938
-0.18498498 	0.25 	0.91 	56.020268 	1.2589976 	-16.012627
-0.18618619 	0.25 	0.91 	56.030001 	1.2514622 	-16.006315
-0.18738739 	0.25 	0.91 	56.039734 	1.2439268 	-16.000004
-0.18858859 	0.25 	0.91 	56.049467 	1.2363913 	-15.993693
-0.18978979 	0.25 	0.91 	56.059199 	1.2288559 	-15.987381
-0.19099099 	0.25 	0.91 	56.068932 	1.2213204 	-15.98107
-0.19219219 	0.25 	0.91 	56.078665 	1.213785 	-15.974758
-0.19339339 	0.25 	0.91 	56.088398 	1.2062496 	-15.968447
-0.19459459 	0.25 	0.91 	56.098131 	1.1987141 	-15.962136
-0.1957958 	0.25 	0.91 	56.108329 	1.1911984 	-15.957956
-0.196997 	0.25 	0.91 	56.120364 	1.183761 	-15.962218
-0.1981982 	0.25 	0.91 	56.1324 	1.1763236 	-15.96648
-0.1993994 	0.25 	0.91 	56.144436 	1.1688861 	-15.970742
-0.2006006 	0.25 	0.91 	56.156472 	1.1614487 	-15.975004
-0.2018018 	0.25 	0.91 	56.168508 	1.1540113 	-15.979266
-0.203003 	0.25 	0.91 	56.180683 	1.1461198 	-15.98348
-0.2042042 	0.25 	0.91 	56.193315 	1.1367454 	-15.987536
-0.20540541 	0.25 	0.91 	56.205947 	1.1273709 	-15.991592
-0.20660661 	0.25 	0.91 	56.218579 	1.1179964 	-15.995648
-0.20780781 	0.25 	0.91 	56.23121 	1.108622 	-15.999704
-0.20900901 	0.25 	0.91 	56.243842 	1.0992475 	-16.00376
-0.21021021 	0.25 	0.91 	56.256474 	1.0898731 	-16.007816
-0.21141141 	0.25 	0.91 	56.269105 	1.0804986 	-16.011872
-0.21261261 	0.25 	0.91 	56.281737 	1.0711241 	-16.015928
-0.21381381 	0.25 	0.91 	56.294369 	1.0617497 	-16.019984
-0.21501502 	0.25 	0.91 	56.307 	1.0523752 	-16.02404
-0.21621622 	0.25 	0.91 	56.319636 	1.0431994 	-16.028625
-0.21741742 	0.25 	0.91 	56.332307 	1.0355551 	-16.03729
-0.21861862 	0.25 	0.91 	56.344977 	1.0279108 	-16.045955
-0.21981982 	0.25 	0.91 	56.357647 	1.0202665 	-16.05462
-0.22102102 	0.25 	0.91 	56.370318 	1.0126223 	-16.063284
-0.22222222 	0.25 	0.91 	56.382988 	1.004978 	-16.071949
-0.22342342 	0.25 	0.91 	56.395658 	0.99733372 	-16.080614
-0.22462462 	0.25 	0.91 	56.408328 	0.98968944 	-16.089279
-0.22582583 	0.25 	0.91 	56.420999 	0.98204516 	-16.097943
-0.22702703 	0.25 	0.91 	56.433669 	0.97440088 	-16.106608
-0.22822823 	0.25 	0.91 	56.446339 	0.96675661 	-16.115273
-0.22942943 	0.25 	0.91 	56.45901 	0.95911233 	-16.123938
-0.23063063 	0.25 	0.91 	56.473301 	0.94887983 	-16.140553
-0.23183183 	0.25 	0.91 	56.487651 	0.93855309 	-16.157458
-0.23303303 	0.25 	0.91 	56.502001 	0.92822634 	-16.174362
-0.23423423 	0.25 	0.91 	56.516351 	0.9178996 	-16.191267
-0.23543544 	0.25 	0.91 	56.530701 	0.90757286 	-16.208172
-0.23663664 	0.25 	0.91 	56.545051 	0.89724612 	-16.225077
-0.23783784 	0.25 	0.91 	56.559401 	0.88691938 	-16.241981
-0.23903904 	0.25 	0.91 	56.573751 	0.87659263 	-16.258886
-0.24024024 	0.25 	0.91 	56.588101 	0.86626589 	-16.275791
-0.24144144 	0.25 	0.91 	56.602451 	0.85593915 	-16.292695
-0.24264264 	0.25 	0.91 	56.616802 	0.84561241 	-16.3096
-0.24384384 	0.25 	0.91 	56.628022 	0.83977017 	-16.30974
-0.24504505 	0.25 	0.91 	56.638138 	0.83551151 	-16.303959
-0.24624625 	0.25 	0.91 	56.648254 	0.83125285 	-16.298178
-0.24744745 	0.25 	0.91 	56.65837 	0.82699419 	-16.292397
-0.24864865 	0.25 	0.91 	56.668486 	0.82273553 	-16.286616
-0.24984985 	0.25 	0.91 	56.678602 	0.81847687 	-16.280835
-0.25105105 	0.25 	0.91 	56.688718 	0.81421821 	-16.275054
-0.25225225 	0.25 	0.91 	56.698833 	0.80995956 	-16.269273
-0.25345345 	0.25 	0.91 	56.708949 	0.8057009 	-16.263492
-0.25465465 	0.25 	0.91 	56.719065 	0.80144224 	-16.257711
-0.25585586 	0.25 	0.91 	56.729181 	0.79718358 	-16.25193
-0.25705706 	0.25 	0.91 	56.740676 	0.7906553 	-16.25174
-0.25825826 	0.25 	0.91 	56.753495 	0.78194834 	-16.256918
-0.25945946 	0.25 	0.91 	56.766314 	0.77324138 	-16.262095
-0.26066066 	0.25 	0.91 	56.779133 	0.76453442 	-16.267272
-0.26186186 	0.25 	0.91 	56.791952 	0.75582746 	-16.27245
-0.26306306 	0.25 	0.91 	56.80477 	0.7471205 	-16.277627
-0.26426426 	0.25 	0.91 	56.817589 	0.73841354 	-16.282804
-0.26546547 	0.25 	0.91 	56.830408 	0.72970657 	-16.287982
-0.26666667 	0.25 	0.91 	56.843227 	0.72099961 	-16.293159
-0.26786787 	0.25 	0.91 	56.856046 	0.71229265 	-16.298336
-0.26906907 	0.25 	0.91 	56.868865 	0.70358569 	-16.303514
-0.27027027 	0.25 	0.91 	56.882 	0.6948981 	-16.309574
-0.27147147 	0.25 	0.91 	56.896359 	0.68628545 	-16.319052
-0.27267267 	0.25 	0.91 	56.910719 	0.67767281 	-16.328531
-0.27387387 	0.25 	0.91 	56.925078 	0.66906016 	-16.338009
-0.27507508 	0.25 	0.91 	56.939437 	0.66044751 	-16.347487
-0.27627628 	0.25 	0.91 	56.953796 	0.65183487 	-16.356966
-0.27747748 	0.25 	0.91 	56.968156 	0.64322222 	-16.366444
-0.27867868 	0.25 	0.91 	56.982515 	0.63460957 	-16.375922
-0.27987988 	0.25 	0.91 	56.996874 	0.62599693 	-16.3854
-0.28108108 	0.25 	0.91 	57.011234 	0.61738428 	-16.394879
-0.28228228 	0.25 	0.91 	57.025593 	0.60877163 	-16.404357
-0.28348348 	0.25 	0.91 	57.039952 	0.60015899 	-16.413835
-0.28468468 	0.25 	0.91 	57.057405 	0.59188637 	-16.41977
-0.28588589 	0.25 	0.91 	57.075389 	0.58367209 	-16.425097
-0.28708709 	0.25 	0.91 	57.093373 	0.57545781 	-16.430425
-0.28828829 	0.25 	0.91 	57.111357 	0.56724352 	-16.435752
-0.28948949 	0.25 	0.91 	57.129341 	0.55902924 	-16.441079
-0.29069069 	0.25 	0.91 	57.149314 	0.54935034 	-16.448442
-0.29189189 	0.25 	0.91 	57.173473 	0.53658887 	-16.460089
-0.29309309 	0.25 	0.91 	57.197632 	0.5238274 	-16.471736
-0.29429429 	0.25 	0.91 	57.221791 	0.51106593 	-16.483383
-0.2954955 	0.25 	0.91 	57.245951 	0.49830446 	-16.49503
-0.2966967 	0.25 	0.91 	57.27011 	0.48554299 	-16.506677
-0.2978979 	0.25 	0.91 	57.294269 	0.47278152 	-16.518324
-0.2990991 	0.25 	0.91 	57.318428 	0.46002005 	-16.529971
-0.3003003 	0.25 	0.91 	57.342587 	0.44725857 	-16.541618
-0.3015015 	0.25 	0.91 	57.366746 	0.4344971 	-16.553265
-0.3027027 	0.25 	0.91 	57.390905 	0.42173563 	-16.564912
-0.3039039 	0.25 	0.91 	57.415048 	0.40898192 	-16.57655
-0.30510511 	0.25 	0.91 	57.424195 	0.4036507 	-16.579692
-0.30630631 	0.25 	0.91 	57.433341 	0.39831949 	-16.582834
-0.30750751 	0.25 	0.91 	57.442488 	0.39298827 	-16.585976
-0.30870871 	0.25 	0.91 	57.451635 	0.38765705 	-16.589118
-0.30990991 	0.25 	0.91 	57.460781 	0.38232583 	-16.59226
-0.31111111 	0.25 	0.91 	57.469928 	0.37699462 	-16.595402
-0.31231231 	0.25 	0.91 	57.479074 	0.3716634 	-16.598544
-0.31351351 	0.25 	0.91 	57.488221 	0.36633218 	-16.601686
-0.31471471 	0.25 	0.91 	57.498554 	0.35961734 	-16.606156
-0.31591592 	0.25 	0.91 	57.511326 	0.3500566 	-16.613359
-0.31711712 	0.25 	0.91 	57.524099 	0.34049586 	-16.620562
-0.31831832 	0.25 	0.91 	57.536871 	0.33093511 	-16.627765
-0.31951952 	0.25 	0.91 	57.549644 	0.32137437 	-16.634967
-0.32072072 	0.25 	0.91 	57.562416 	0.31181363 	-16.64217
-0.32192192 	0.25 	0.91 	57.573031 	0.30250821 	-16.647777
-0.32312312 	0.25 	0.91 	57.58316 	0.29326034 	-16.653024
-0.32432432 	0.25 	0.91 	57.595006 	0.28170986 	-16.660481
-0.32552553 	0.25 	0.91 	57.609821 	0.26617869 	-16.671758
-0.32672673 	0.25 	0.91 	57.624636 	0.25064752 	-16.683035
-0.32792793 	0.25 	0.91 	57.639451 	0.23511635 	-16.694312
-0.32912913 	0.25 	0.91 	57.654266 	0.21958518 	-16.705589
-0.33033033 	0.25 	0.91 	57.669081 	0.20405401 	-16.716867
-0.33153153 	0.25 	0.91 	57.683896 	0.18852284 	-16.728144
-0.33273273 	0.25 	0.91 	57.698711 	0.17299167 	-16.739421
-0.33393393 	0.25 	0.91 	57.713526 	0.1574605 	-16.750698
-0.33513514 	0.25 	0.91 	57.727913 	0.14675342 	-16.759167
-0.33633634 	0.25 	0.91 	57.742049 	0.13888429 	-16.765985
-0.33753754 	0.25 	0.91 	57.756184 	0.13101517 	-16.772803
-0.33873874 	0.25 	0.91 	57.770319 	0.12314605 	-16.77962
-0.33993994 	0.25 	0.91 	57.784454 	0.11527692 	-16.786438
-0.34114114 	0.25 	0.91 	57.79859 	0.1074078 	-16.793255
-0.34234234 	0.25 	0.91 	57.812725 	0.099538679 	-16.800073
-0.34354354 	0.25 	0.91 	57.82686 	0.091669557 	-16.806891
-0.34474474 	0.25 	0.91 	57.840996 	0.083800434 	-16.813708
-0.34594595 	0.25 	0.91 	57.854989 	0.073664472 	-16.821076
-0.34714715 	0.25 	0.91 	57.868948 	0.062977073 	-16.828577
-0.34834835 	0.25 	0.91 	57.883061 	0.05258326 	-16.836491
-0.34954955 	0.25 	0.91 	57.897369 	0.042560573 	-16.844925
-0.35075075 	0.25 	0.91 	57.911677 	0.032537886 	-16.853358
-0.35195195 	0.25 	0.91 	57.925985 	0.022515199 	-16.861792
-0.35315315 	0.25 	0.91 	57.940293 	0.012492512 	-16.870226
-0.35435435 	0.25 	0.91 	57.954614 	0.0024945883 	-16.878789
-0.35555556 	0.25 	0.91 	57.969052 	-0.0072741394 	-16.88855
-0.35675676 	0.25 	0.91 	57.98349 	-0.017042867 	-16.898311
-0.35795796 	0.25 	0.91 	57.997928 	-0.026811595 	-16.908072
-0.35915916 	0.25 	0.91 	58.012367 	-0.036580322 	-16.917833
-0.36036036 	0.25 	0.91 	58.026805 	-0.04634905 	-16.927594
-0.36156156 	0.25 	0.91 	58.041243 	-0.056117778 	-16.937355
-0.36276276 	0.25 	0.91 	58.055682 	-0.065886505 	-16.947116
-0.36396396 	0.25 	0.91 	58.07012 	-0.075655233 	-16.956877
-0.36516517 	0.25 	0.91 	58.084281 	-0.085038022 	-16.966384
-0.36636637 	0.25 	0.91 	58.097643 	-0.09330894 	-16.97516
-0.36756757 	0.25 	0.91 	58.111006 	-0.10157986 	-16.983936
-0.36876877 	0.25 	0.91 	58.124368 	-0.10985078 	-16.992712
-0.36996997 	0.25 	0.91 	58.137731 	-0.11812169 	-17.001489
-0.37117117 	0.25 	0.91 	58.151093 	-0.12639261 	-17.010265
-0.37237237 	0.25 	0.91 	58.164456 	-0.13466353 	-17.019041
-0.37357357 	0.25 	0.91 	58.177818 	-0.14293445 	-17.027817
-0.37477477 	0.25 	0.91 	58.19118 	-0.15120537 	-17.036593
-0.37597598 	0.25 	0.91 	58.204862 	-0.15997722 	-17.045168
-0.37717718 	0.25 	0.91 	58.219279 	-0.16990468 	-17.053278
-0.37837838 	0.25 	0.91 	58.233695 	-0.17983214 	-17.061389
-0.37957958 	0.25 	0.91 	58.248112 	-0.1897596 	-17.069499
-0.38078078 	0.25 	0.91 	58.262529 	-0.19968706 	-17.07761
-0.38198198 	0.25 	0.91 	58.276936 	-0.20984114 	-17.085584
-0.38318318 	0.25 	0.91 	58.291298 	-0.22108985 	-17.092905
-0.38438438 	0.25 	0.91 	58.30566 	-0.23233857 	-17.100225
-0.38558559 	0.25 	0.91 	58.31984 	-0.24931493 	-17.109315
-0.38678679 	0.25 	0.91 	58.334 	-0.26695775 	-17.118609
-0.38798799 	0.25 	0.91 	58.348159 	-0.28460058 	-17.127904
-0.38918919 	0.25 	0.91 	58.362318 	-0.3022434 	-17.137199
-0.39039039 	0.25 	0.91 	58.376478 	-0.31988622 	-17.146494
-0.39159159 	0.25 	0.91 	58.390637 	-0.33752904 	-17.155789
-0.39279279 	0.25 	0.91 	58.404796 	-0.35517186 	-17.165084
-0.39399399 	0.25 	0.91 	58.418956 	-0.37281468 	-17.174379
-0.3951952 	0.25 	0.91 	58.433115 	-0.3904575 	-17.183673
-0.3963964 	0.25 	0.91 	58.446992 	-0.39994824 	-17.191486
-0.3975976 	0.25 	0.91 	58.460835 	-0.40842972 	-17.199116
-0.3987988 	0.25 	0.91 	58.474678 	-0.4169112 	-17.206745
-0.4 	0.25 	0.91 	58.488521 	-0.42539268 	-17.214375
-0.4012012 	0.25 	0.91 	58.502363 	-0.43387417 	-17.222004
-0.4024024 	0.25 	0.91 	58.516206 	-0.44235565 	-17.229634
-0.4036036 	0.25 	0.91 	58.530049 	-0.45083713 	-17.237263
-0.4048048 	0.25 	0.91 	58.543891 	-0.45931861 	-17.244893
-0.40600601 	0.25 	0.91 	58.557734 	-0.46780009 	-17.252522
-0.40720721 	0.25 	0.91 	58.571994 	-0.4791319 	-17.259646
-0.40840841 	0.25 	0.91 	58.58639 	-0.4913935 	-17.266606
-0.40960961 	0.25 	0.91 	58.60073 	-0.50272211 	-17.274069
-0.41081081 	0.25 	0.91 	58.61504 	-0.51352589 	-17.281816
-0.41201201 	0.25 	0.91 	58.629349 	-0.52432967 	-17.289563
-0.41321321 	0.25 	0.91 	58.643659 	-0.53513346 	-17.29731
-0.41441441 	0.25 	0.91 	58.657968 	-0.54593724 	-17.305057
-0.41561562 	0.25 	0.91 	58.672819 	-0.55739287 	-17.31326
-0.41681682 	0.25 	0.91 	58.687869 	-0.56908801 	-17.32163
-0.41801802 	0.25 	0.91 	58.702918 	-0.58078316 	-17.33
-0.41921922 	0.25 	0.91 	58.717968 	-0.5924783 	-17.33837
-0.42042042 	0.25 	0.91 	58.733018 	-0.60417344 	-17.34674
-0.42162162 	0.25 	0.91 	58.748068 	-0.61586859 	-17.35511
-0.42282282 	0.25 	0.91 	58.763118 	-0.62756373 	-17.36348
-0.42402402 	0.25 	0.91 	58.778167 	-0.63925887 	-17.37185
-0.42522523 	0.25 	0.91 	58.793217 	-0.65095402 	-17.380221
-0.42642643 	0.25 	0.91 	58.807353 	-0.66241871 	-17.388448
-0.42762763 	0.25 	0.91 	58.820657 	-0.67367383 	-17.396546
-0.42882883 	0.25 	0.91 	58.833961 	-0.68492895 	-17.404644
-0.43003003 	0.25 	0.91 	58.847266 	-0.69618407 	-17.412741
-0.43123123 	0.25 	0.91 	58.86057 	-0.70743919 	-17.420839
-0.43243243 	0.25 	0.91 	58.873874 	-0.71869431 	-17.428937
-0.43363363 	0.25 	0.91 	58.887179 	-0.72994943 	-17.437035
-0.43483483 	0.25 	0.91 	58.900483 	-0.74120455 	-17.445133
-0.43603604 	0.25 	0.91 	58.913787 	-0.75245967 	-17.45323
-0.43723724 	0.25 	0.91 	58.927366 	-0.76333383 	-17.461279
-0.43843844 	0.25 	0.91 	58.942098 	-0.77260596 	-17.469123
-0.43963964 	0.25 	0.91 	58.95683 	-0.78187808 	-17.476966
-0.44084084 	0.25 	0.91 	58.971562 	-0.79115021 	-17.484809
-0.44204204 	0.25 	0.91 	58.986295 	-0.80042234 	-17.492652
-0.44324324 	0.25 	0.91 	59.001047 	-0.81015366 	-17.500193
-0.44444444 	0.25 	0.91 	59.015838 	-0.82077775 	-17.507149
-0.44564565 	0.25 	0.91 	59.03083 	-0.83382082 	-17.515377
-0.44684685 	0.25 	0.91 	59.04601 	-0.84912711 	-17.524796
-0.44804805 	0.25 	0.91 	59.06119 	-0.8644334 	-17.534215
-0.44924925 	0.25 	0.91 	59.076371 	-0.87973969 	-17.543634
-0.45045045 	0.25 	0.91 	59.091551 	-0.89504598 	-17.553053
-0.45165165 	0.25 	0.91 	59.106731 	-0.91035227 	-17.562472
-0.45285285 	0.25 	0.91 	59.121912 	-0.92565855 	-17.571892
-0.45405405 	0.25 	0.91 	59.137092 	-0.94096484 	-17.581311
-0.45525526 	0.25 	0.91 	59.152272 	-0.95627113 	-17.59073
-0.45645646 	0.25 	0.91 	59.167398 	-0.97093426 	-17.599977
-0.45765766 	0.25 	0.91 	59.182199 	-0.98180037 	-17.608213
-0.45885886 	0.25 	0.91 	59.197001 	-0.99266648 	-17.616449
-0.46006006 	0.25 	0.91 	59.211803 	-1.0035326 	-17.624685
-0.46126126 	0.25 	0.91 	59.226605 	-1.0143987 	-17.63292
-0.46246246 	0.25 	0.91 	59.241406 	-1.0252648 	-17.641156
-0.46366366 	0.25 	0.91 	59.256208 	-1.0361309 	-17.649392
-0.46486486 	0.25 	0.91 	59.27101 	-1.0469971 	-17.657628
-0.46606607 	0.25 	0.91 	59.285811 	-1.0578632 	-17.665863
-0.46726727 	0.25 	0.91 	59.300613 	-1.0687293 	-17.674099
-0.46846847 	0.25 	0.91 	59.315859 	-1.080721 	-17.68167
-0.46966967 	0.25 	0.91 	59.331335 	-1.0932948 	-17.688896
-0.47087087 	0.25 	0.91 	59.346701 	-1.1046886 	-17.697025
-0.47207207 	0.25 	0.91 	59.362059 	-1.1159927 	-17.705222
-0.47327327 	0.25 	0.91 	59.377417 	-1.1272969 	-17.713419
-0.47447447 	0.25 	0.91 	59.392774 	-1.138601 	-17.721617
-0.47567568 	0.25 	0.91 	59.408452 	-1.1493609 	-17.73016
-0.47687688 	0.25 	0.91 	59.424945 	-1.1587318 	-17.739589
-0.47807808 	0.25 	0.91 	59.441438 	-1.1681027 	-17.749017
-0.47927928 	0.25 	0.91 	59.457931 	-1.1774736 	-17.758446
-0.48048048 	0.25 	0.91 	59.474424 	-1.1868445 	-17.767874
-0.48168168 	0.25 	0.91 	59.490917 	-1.1962153 	-17.777302
-0.48288288 	0.25 	0.91 	59.50741 	-1.2055862 	-17.786731
-0.48408408 	0.25 	0.91 	59.523903 	-1.2149571 	-17.796159
-0.48528529 	0.25 	0.91 	59.540396 	-1.224328 	-17.805588
-0.48648649 	0.25 	0.91 	59.556889 	-1.2336989 	-17.815016
-0.48768769 	0.25 	0.91 	59.571611 	-1.2471889 	-17.823834
-0.48888889 	0.25 	0.91 	59.585807 	-1.2619031 	-17.83247
-0.49009009 	0.25 	0.91 	59.600002 	-1.2766173 	-17.841107
-0.49129129 	0.25 	0.91 	59.614197 	-1.2913315 	-17.849743
-0.49249249 	0.25 	0.91 	59.628393 	-1.3060456 	-17.85838
-0.49369369 	0.25 	0.91 	59.642588 	-1.3207598 	-17.867016
-0.49489489 	0.25 	0.91 	59.656784 	-1.335474 	-17.875653
-0.4960961 	0.25 	0.91 	59.670979 	-1.3501882 	-17.884289
-0.4972973 	0.25 	0.91 	59.685174 	-1.3649023 	-17.892926
-0.4984985 	0.25 	0.91 	59.699547 	-1.3791901 	-17.901501
-0.4996997 	0.25 	0.91 	59.715229 	-1.3903256 	-17.909628
-0.5009009 	0.25 	0.91 	59.730911 	-1.4014611 	-17.917754
-0.5021021 	0.25 	0.91 	59.746594 	-1.4125966 	-17.92588
-0.5033033 	0.25 	0.91 	59.762276 	-1.4237321 	-17.934007
-0.5045045 	0.25 	0.91 	59.77818 	-1.4361536 	-17.94141
-0.50570571 	0.25 	0.91 	59.794448 	-1.4496132 	-17.948672
-0.50690691 	0.25 	0.91 	59.812946 	-1.4662665 	-17.958159
-0.50810811 	0.25 	0.91 	59.831444 	-1.4829198 	-17.967645
-0.50930931 	0.25 	0.91 	59.849942 	-1.4995731 	-17.977132
-0.51051051 	0.25 	0.91 	59.86844 	-1.5162264 	-17.986618
-0.51171171 	0.25 	0.91 	59.886937 	-1.5328798 	-17.996104
-0.51291291 	0.25 	0.91 	59.905435 	-1.5495331 	-18.005591
-0.51411411 	0.25 	0.91 	59.923933 	-1.5661864 	-18.015077
-0.51531532 	0.25 	0.91 	59.942431 	-1.5828397 	-18.024564
-0.51651652 	0.25 	0.91 	59.960929 	-1.5994931 	-18.03405
-0.51771772 	0.25 	0.91 	59.977325 	-1.6132627 	-18.042931
-0.51891892 	0.25 	0.91 	59.990569 	-1.6227107 	-18.050906
-0.52012012 	0.25 	0.91 	60.003813 	-1.6321587 	-18.058881
-0.52132132 	0.25 	0.91 	60.017058 	-1.6416068 	-18.066856
-0.52252252 	0.25 	0.91 	60.030302 	-1.6510548 	-18.074831
-0.52372372 	0.25 	0.91 	60.043546 	-1.6605028 	-18.082805
-0.52492492 	0.25 	0.91 	60.05679 	-1.6699508 	-18.09078
-0.52612613 	0.25 	0.91 	60.070035 	-1.6793988 	-18.098755
-0.52732733 	0.25 	0.91 	60.083279 	-1.6888468 	-18.10673
-0.52852853 	0.25 	0.91 	60.096523 	-1.6982948 	-18.114705
-0.52972973 	0.25 	0.91 	60.112177 	-1.7091395 	-18.12387
-0.53093093 	0.25 	0.91 	60.129844 	-1.721151 	-18.134029
-0.53213213 	0.25 	0.91 	60.14751 	-1.7331625 	-18.144188
-0.53333333 	0.25 	0.91 	60.165177 	-1.745174 	-18.154347
-0.53453453 	0.25 	0.91 	60.183545 	-1.7584799 	-18.166192
-0.53573574 	0.25 	0.91 	60.204307 	-1.7762044 	-18.183789
-0.53693694 	0.25 	0.91 	60.233913 	-1.7983042 	-18.197893
-0.53813814 	0.25 	0.91 	60.264133 	-1.8207079 	-18.211754
-0.53933934 	0.25 	0.91 	60.294354 	-1.8431116 	-18.225615
-0.54054054 	0.25 	0.91 	60.324574 	-1.8655153 	-18.239477
-0.54174174 	0.25 	0.91 	60.354795 	-1.887919 	-18.253338
-0.54294294 	0.25 	0.91 	60.385015 	-1.9103227 	-18.267199
-0.54414414 	0.25 	0.91 	60.415236 	-1.9327264 	-18.281061
-0.54534535 	0.25 	0.91 	60.445456 	-1.9551301 	-18.294922
-0.54654655 	0.25 	0.91 	60.475677 	-1.9775338 	-18.308784
-0.54774775 	0.25 	0.91 	60.505544 	-1.9995777 	-18.322746
-0.54894895 	0.25 	0.91 	60.523198 	-2.0091912 	-18.34019
-0.55015015 	0.25 	0.91 	60.540373 	-2.0214468 	-18.351241
-0.55135135 	0.25 	0.91 	60.555856 	-2.0364738 	-18.355261
-0.55255255 	0.25 	0.91 	60.569283 	-2.0503281 	-18.361503
-0.55375375 	0.25 	0.91 	60.58271 	-2.0641824 	-18.367745
-0.55495495 	0.25 	0.91 	60.596137 	-2.0780366 	-18.373987
-0.55615616 	0.25 	0.91 	60.609564 	-2.0918909 	-18.380229
-0.55735736 	0.25 	0.91 	60.622991 	-2.1057452 	-18.386471
-0.55855856 	0.25 	0.91 	60.636418 	-2.1195995 	-18.392713
-0.55975976 	0.25 	0.91 	60.649845 	-2.1334538 	-18.398955
-0.56096096 	0.25 	0.91 	60.663272 	-2.1473081 	-18.405197
-0.56216216 	0.25 	0.91 	60.677973 	-2.1645924 	-18.40662
-0.56336336 	0.25 	0.91 	60.694316 	-2.1871731 	-18.410492
-0.56456456 	0.25 	0.91 	60.713686 	-2.2196021 	-18.419735
-0.56576577 	0.25 	0.91 	60.732788 	-2.2400514 	-18.428596
-0.56696697 	0.25 	0.91 	60.751797 	-2.2563039 	-18.437322
-0.56816817 	0.25 	0.91 	60.770805 	-2.2725564 	-18.446048
-0.56936937 	0.25 	0.91 	60.789814 	-2.2888088 	-18.454774
-0.57057057 	0.25 	0.91 	60.808822 	-2.3050613 	-18.4635
-0.57177177 	0.25 	0.91 	60.827831 	-2.3213137 	-18.472226
-0.57297297 	0.25 	0.91 	60.846839 	-2.3375662 	-18.480952
-0.57417417 	0.25 	0.91 	60.865848 	-2.3538187 	-18.489678
-0.57537538 	0.25 	0.91 	60.884742 	-2.3700409 	-18.499007
-0.57657658 	0.25 	0.91 	60.903171 	-2.3824855 	-18.508623
-0.57777778 	0.25 	0.91 	60.921509 	-2.3835222 	-18.511916
-0.57897898 	0.25 	0.91 	60.943249 	-2.3904708 	-18.518767
-0.58018018 	0.25 	0.91 	60.966586 	-2.4008084 	-18.526995
-0.58138138 	0.25 	0.91 	60.985762 	-2.4146273 	-18.527086
-0.58258258 	0.25 	0.91 	61.004404 	-2.4310872 	-18.534557
-0.58378378 	0.25 	0.91 	61.023046 	-2.4475472 	-18.542028
-0.58498498 	0.25 	0.91 	61.041688 	-2.4640072 	-18.549498
-0.58618619 	0.25 	0.91 	61.06033 	-2.4804672 	-18.556969
-0.58738739 	0.25 	0.91 	61.078972 	-2.4969271 	-18.56444
-0.58858859 	0.25 	0.91 	61.097614 	-2.5133871 	-18.57191
-0.58978979 	0.25 	0.91 	61.116256 	-2.5298471 	-18.579381
-0.59099099 	0.25 	0.91 	61.134898 	-2.5463071 	-18.586852
-0.59219219 	0.25 	0.91 	61.151594 	-2.5630426 	-18.595188
-0.59339339 	0.25 	0.91 	61.166647 	-2.5800107 	-18.604256
-0.59459459 	0.25 	0.91 	61.187286 	-2.6110892 	-18.608195
-0.5957958 	0.25 	0.91 	61.207302 	-2.637689 	-18.612613
-0.596997 	0.25 	0.91 	61.225794 	-2.6554514 	-18.618273
-0.5981982 	0.25 	0.91 	61.244286 	-2.6732138 	-18.623932
-0.5993994 	0.25 	0.91 	61.262777 	-2.6909761 	-18.629591
-0.6006006 	0.25 	0.91 	61.281269 	-2.7087385 	-18.63525
-0.6018018 	0.25 	0.91 	61.29976 	-2.7265009 	-18.64091
-0.603003 	0.25 	0.91 	61.318252 	-2.7442633 	-18.646569
-0.6042042 	0.25 	0.91 	61.336744 	-2.7620257 	-18.652228
-0.60540541 	0.25 	0.91 	61.355235 	-2.7797881 	-18.657887
-0.60660661 	0.25 	0.91 	61.376471 	-2.7973809 	-18.664368
-0.60780781 	0.25 	0.91 	61.394792 	-2.8028607 	-18.668686
-0.60900901 	0.25 	0.91 	61.413655 	-2.8081163 	-18.67425
-0.61021021 	0.25 	0.91 	61.436032 	-2.8183686 	-18.68445
-0.61141141 	0.25 	0.91 	61.45663 	-2.8300662 	-18.688402
-0.61261261 	0.25 	0.91 	61.475581 	-2.8462222 	-18.692607
-0.61381381 	0.25 	0.91 	61.494454 	-2.862754 	-18.697136
-0.61501502 	0.25 	0.91 	61.513326 	-2.8792857 	-18.701665
-0.61621622 	0.25 	0.91 	61.532199 	-2.8958174 	-18.706194
-0.61741742 	0.25 	0.91 	61.551072 	-2.9123491 	-18.710723
-0.61861862 	0.25 	0.91 	61.569944 	-2.9288808 	-18.715252
-0.61981982 	0.25 	0.91 	61.588817 	-2.9454126 	-18.71978
-0.62102102 	0.25 	0.91 	61.607689 	-2.9619443 	-18.724309
-0.62222222 	0.25 	0.91 	61.626466 	-2.9781719 	-18.728631
-0.62342342 	0.25 	0.91 	61.644798 	-2.9929866 	-18.731993
-0.62462462 	0.25 	0.91 	61.663808 	-3.0111789 	-18.737228
-0.62582583 	0.25 	0.91 	61.683307 	-3.031812 	-18.743815
-0.62702703 	0.25 	0.91 	61.701827 	-3.0509191 	-18.746564
-0.62822823 	0.25 	0.91 	61.720331 	-3.0700002 	-18.749248
-0.62942943 	0.25 	0.91 	61.738834 	-3.0890814 	-18.751932
-0.63063063 	0.25 	0.91 	61.757337 	-3.1081625 	-18.754615
-0.63183183 	0.25 	0.91 	61.77584 	-3.1272437 	-18.757299
-0.63303303 	0.25 	0.91 	61.794344 	-3.1463249 	-18.759983
-0.63423423 	0.25 	0.91 	61.812847 	-3.165406 	-18.762666
-0.63543544 	0.25 	0.91 	61.83135 	-3.1844872 	-18.76535
-0.63663664 	0.25 	0.91 	61.849935 	-3.2033762 	-18.768105
-0.63783784 	0.25 	0.91 	61.868521 	-3.2209681 	-18.769675
-0.63903904 	0.25 	0.91 	61.886133 	-3.2395049 	-18.769127
-0.64024024 	0.25 	0.91 	61.905411 	-3.2552378 	-18.775643
-0.64144144 	0.25 	0.91 	61.924784 	-3.2711027 	-18.781261
-0.64264264 	0.25 	0.91 	61.943451 	-3.2896639 	-18.782182
-0.64384384 	0.25 	0.91 	61.961958 	-3.3087882 	-18.782902
-0.64504505 	0.25 	0.91 	61.980465 	-3.3279124 	-18.783622
-0.64624625 	0.25 	0.91 	61.998972 	-3.3470366 	-18.784341
-0.64744745 	0.25 	0.91 	62.017479 	-3.3661608 	-18.785061
-0.64864865 	0.25 	0.91 	62.035987 	-3.3852851 	-18.78578
-0.64984985 	0.25 	0.91 	62.054494 	-3.4044093 	-18.7865
-0.65105105 	0.25 	0.91 	62.073001 	-3.4235335 	-18.78722
-0.65225225 	0.25 	0.91 	62.091508 	-3.4426577 	-18.787939
-0.65345345 	0.25 	0.91 	62.109997 	-3.4582396 	-18.788175
-0.65465465 	0.25 	0.91 	62.128527 	-3.4742424 	-18.788741
-0.65585586 	0.25 	0.91 	62.147241 	-3.4957803 	-18.791172
-0.65705706 	0.25 	0.91 	62.166013 	-3.5158464 	-18.791223
-0.65825826 	0.25 	0.91 	62.184822 	-3.5349555 	-18.789726
-0.65945946 	0.25 	0.91 	62.203632 	-3.5540647 	-18.788229
-0.66066066 	0.25 	0.91 	62.222441 	-3.5731739 	-18.786732
-0.66186186 	0.25 	0.91 	62.24125 	-3.592283 	-18.785235
-0.66306306 	0.25 	0.91 	62.260059 	-3.6113922 	-18.783739
-0.66426426 	0.25 	0.91 	62.278869 	-3.6305014 	-18.782242
-0.66546547 	0.25 	0.91 	62.297678 	-3.6496105 	-18.780745
-0.66666667 	0.25 	0.91 	62.316487 	-3.6687197 	-18.779248
-0.66786787 	0.25 	0.91 	62.335427 	-3.6871068 	-18.777649
-0.66906907 	0.25 	0.91 	62.353725 	-3.7054003 	-18.772352
-0.67027027 	0.25 	0.91 	62.372718 	-3.7224678 	-18.771644
-0.67147147 	0.25 	0.91 	62.392378 	-3.7383594 	-18.775338
-0.67267267 	0.25 	0.91 	62.41296 	-3.7565463 	-18.772452
-0.67387387 	0.25 	0.91 	62.434225 	-3.7757695 	-18.768276
-0.67507508 	0.25 	0.91 	62.455489 	-3.7949928 	-18.7641
-0.67627628 	0.25 	0.91 	62.476754 	-3.814216 	-18.759924
-0.67747748 	0.25 	0.91 	62.498019 	-3.8334392 	-18.755748
-0.67867868 	0.25 	0.91 	62.519283 	-3.8526624 	-18.751572
-0.67987988 	0.25 	0.91 	62.540548 	-3.8718856 	-18.747396
-0.68108108 	0.25 	0.91 	62.561812 	-3.8911088 	-18.743219
-0.68228228 	0.25 	0.91 	62.583077 	-3.910332 	-18.739043
-0.68348348 	0.25 	0.91 	62.604705 	-3.9273816 	-18.735159
-0.68468468 	0.25 	0.91 	62.626783 	-3.9417296 	-18.731638
-0.68588589 	0.25 	0.91 	62.644833 	-3.9610669 	-18.730401
-0.68708709 	0.25 	0.91 	62.662765 	-3.9818315 	-18.728389
-0.68828829 	0.25 	0.91 	62.684372 	-4.0039064 	-18.720448
-0.68948949 	0.25 	0.91 	62.70598 	-4.0259813 	-18.712508
-0.69069069 	0.25 	0.91 	62.727587 	-4.0480563 	-18.704567
-0.69189189 	0.25 	0.91 	62.749194 	-4.0701312 	-18.696627
-0.69309309 	0.25 	0.91 	62.769554 	-4.0910946 	-18.690947
-0.69429429 	0.25 	0.91 	62.788639 	-4.1128087 	-18.687216
-0.6954955 	0.25 	0.91 	62.807723 	-4.1345227 	-18.683484
-0.6966967 	0.25 	0.91 	62.826807 	-4.1562368 	-18.679753
-0.6978979 	0.25 	0.91 	62.845892 	-4.1779508 	-18.676021
-0.6990991 	0.25 	0.91 	62.867155 	-4.1997977 	-18.666782
-0.7003003 	0.25 	0.91 	62.888636 	-4.2205576 	-18.657256
-0.7015015 	0.25 	0.91 	62.906378 	-4.2328322 	-18.659191
-0.7027027 	0.25 	0.91 	62.925331 	-4.2483668 	-18.656026
-0.7039039 	0.25 	0.91 	62.945594 	-4.2674321 	-18.647337
-0.70510511 	0.25 	0.91 	62.965857 	-4.2864975 	-18.638648
-0.70630631 	0.25 	0.91 	62.98612 	-4.3055628 	-18.629959
-0.70750751 	0.25 	0.91 	63.006383 	-4.3246281 	-18.62127
-0.70870871 	0.25 	0.91 	63.02697 	-4.3487898 	-18.61562
-0.70990991 	0.25 	0.91 	63.047624 	-4.3740143 	-18.610603
-0.71111111 	0.25 	0.91 	63.068279 	-4.3992387 	-18.605586
-0.71231231 	0.25 	0.91 	63.088933 	-4.4244631 	-18.600569
-0.71351351 	0.25 	0.91 	63.111082 	-4.4493588 	-18.594808
-0.71471471 	0.25 	0.91 	63.145479 	-4.477411 	-18.583136
-0.71591592 	0.25 	0.91 	63.17125 	-4.4991506 	-18.577228
-0.71711712 	0.25 	0.91 	63.185395 	-4.5123817 	-18.579091
-0.71831832 	0.25 	0.91 	63.204815 	-4.5303474 	-18.572049
-0.71951952 	0.25 	0.91 	63.226005 	-4.5497992 	-18.562176
-0.72072072 	0.25 	0.91 	63.247195 	-4.5692509 	-18.552304
-0.72192192 	0.25 	0.91 	63.268954 	-4.5883601 	-18.538407
-0.72312312 	0.25 	0.91 	63.290823 	-4.6073336 	-18.524019
-0.72432432 	0.25 	0.91 	63.311732 	-4.6261162 	-18.519785
-0.72552553 	0.25 	0.91 	63.3321 	-4.6454436 	-18.512072
-0.72672673 	0.25 	0.91 	63.351713 	-4.665532 	-18.499499
-0.72792793 	0.25 	0.91 	63.371327 	-4.6856205 	-18.486926
-0.72912913 	0.25 	0.91 	63.390526 	-4.7065341 	-18.472101
-0.73033033 	0.25 	0.91 	63.409011 	-4.7289328 	-18.453222
-0.73153153 	0.25 	0.91 	63.430023 	-4.7467954 	-18.444474
-0.73273273 	0.25 	0.91 	63.451634 	-4.7634482 	-18.438411
-0.73393393 	0.25 	0.91 	63.470823 	-4.7836761 	-18.424
-0.73513514 	0.25 	0.91 	63.490011 	-4.803904 	-18.409589
-0.73633634 	0.25 	0.91 	63.5092 	-4.824132 	-18.395178
-0.73753754 	0.25 	0.91 	63.527257 	-4.8447801 	-18.377706
-0.73873874 	0.25 	0.91 	63.546161 	-4.8649827 	-18.363574
-0.73993994 	0.25 	0.91 	63.566449 	-4.8844617 	-18.354864
-0.74114114 	0.25 	0.91 	63.585284 	-4.9047124 	-18.340375
-0.74234234 	0.25 	0.91 	63.603764 	-4.925152 	-18.324471
-0.74354354 	0.25 	0.91 	63.622243 	-4.9455915 	-18.308568
-0.74474474 	0.25 	0.91 	63.640038 	-4.9677665 	-18.290224
-0.74594595 	0.25 	0.91 	63.657468 	-4.9910091 	-18.270192
-0.74714715 	0.25 	0.91 	63.67803 	-5.0078526 	-18.259749
-0.74834835 	0.25 	0.91 	63.697347 	-5.026068 	-18.245843
-0.74954955 	0.25 	0.91 	63.715466 	-5.0456833 	-18.228155
-0.75075075 	0.25 	0.91 	63.733585 	-5.0652986 	-18.210468
-0.75195195 	0.25 	0.91 	63.751614 	-5.0843608 	-18.192554
-0.75315315 	0.25 	0.91 	63.769268 	-5.1010941 	-18.173689
-0.75435435 	0.25 	0.91 	63.78761 	-5.119767 	-18.157521
-0.75555556 	0.25 	0.91 	63.806154 	-5.1392381 	-18.141813
-0.75675676 	0.25 	0.91 	63.824191 	-5.1582679 	-18.122698
-0.75795796 	0.25 	0.91 	63.842228 	-5.1772978 	-18.103582
-0.75915916 	0.25 	0.91 	63.860265 	-5.1963277 	-18.084467
-0.76036036 	0.25 	0.91 	63.878041 	-5.2154099 	-18.062818
-0.76156156 	0.25 	0.91 	63.896369 	-5.2340304 	-18.043251
-0.76276276 	0.25 	0.91 	63.915863 	-5.251658 	-18.029435
-0.76396396 	0.25 	0.91 	63.93406 	-5.2704256 	-18.010132
-0.76516517 	0.25 	0.91 	63.952064 	-5.2894101 	-17.989652
-0.76636637 	0.25 	0.91 	63.970068 	-5.3083945 	-17.969173
-0.76756757 	0.25 	0.91 	63.988088 	-5.326406 	-17.948209
-0.76876877 	0.25 	0.91 	64.006127 	-5.3431423 	-17.92661
-0.76996997 	0.25 	0.91 	64.024831 	-5.3626352 	-17.908381
-0.77117117 	0.25 	0.91 	64.042944 	-5.3814819 	-17.888111
-0.77237237 	0.25 	0.91 	64.060558 	-5.3997553 	-17.866109
-0.77357357 	0.25 	0.91 	64.078173 	-5.4180287 	-17.844107
-0.77477477 	0.25 	0.91 	64.095737 	-5.4362735 	-17.822236
-0.77597598 	0.25 	0.91 	64.1125 	-5.4540626 	-17.796885
-0.77717718 	0.25 	0.91 	64.130383 	-5.4713612 	-17.777049
-0.77837838 	0.25 	0.91 	64.148613 	-5.4884732 	-17.759269
-0.77957958 	0.25 	0.91 	64.165727 	-5.5057952 	-17.736076
-0.78078078 	0.25 	0.91 	64.18284 	-5.5231128 	-17.712834
-0.78198198 	0.25 	0.91 	64.199953 	-5.5404304 	-17.689592
-0.78318318 	0.25 	0.91 	64.217148 	-5.5558831 	-17.665753
-0.78438438 	0.25 	0.91 	64.23456 	-5.571293 	-17.642554
-0.78558559 	0.25 	0.91 	64.252431 	-5.5888151 	-17.62172
-0.78678679 	0.25 	0.91 	64.269456 	-5.6051395 	-17.597488
-0.78798799 	0.25 	0.91 	64.286371 	-5.6213083 	-17.572815
-0.78918919 	0.25 	0.91 	64.303285 	-5.6374771 	-17.548142
-0.79039039 	0.25 	0.91 	64.320032 	-5.6534999 	-17.522769
-0.79159159 	0.25 	0.91 	64.336354 	-5.6689954 	-17.494672
-0.79279279 	0.25 	0.91 	64.354467 	-5.6842044 	-17.474728
-0.79399399 	0.25 	0.91 	64.371764 	-5.6996264 	-17.452203
-0.7951952 	0.25 	0.91 	64.388194 	-5.7150582 	-17.426233
-0.7963964 	0.25 	0.91 	64.404623 	-5.73049 	-17.400263
-0.7975976 	0.25 	0.91 	64.421053 	-5.7459218 	-17.374293
-0.7987988 	0.25 	0.91 	64.437523 	-5.7590535 	-17.347581
-0.8 	0.25 	0.91 	64.454372 	-5.774006 	-17.322638
-0.8012012 	0.25 	0.91 	64.471261 	-5.7900239 	-17.298326
-0.8024024 	0.25 	0.91 	64.487108 	-5.8045446 	-17.270971
-0.8036036 	0.25 	0.91 	64.502955 	-5.8190653 	-17.243616
-0.8048048 	0.25 	0.91 	64.518802 	-5.8335861 	-17.216262
-0.80600601 	0.25 	0.91 	64.534211 	-5.8476821 	-17.187116
-0.80720721 	0.25 	0.91 	64.549754 	-5.8613802 	-17.158254
-0.80840841 	0.25 	0.91 	64.566886 	-5.875381 	-17.136207
-0.80960961 	0.25 	0.91 	64.582584 	-5.8891357 	-17.109044
-0.81081081 	0.25 	0.91 	64.597911 	-5.9026084 	-17.080316
-0.81201201 	0.25 	0.91 	64.613238 	-5.9160811 	-17.051588
-0.81321321 	0.25 	0.91 	64.628638 	-5.9287987 	-17.022641
-0.81441441 	0.25 	0.91 	64.644228 	-5.9395801 	-16.993132
-0.81561562 	0.25 	0.91 	64.660396 	-5.9533934 	-16.96613
-0.81681682 	0.25 	0.91 	64.676057 	-5.9666031 	-16.937908
-0.81801802 	0.25 	0.91 	64.691031 	-5.9786036 	-16.90785
-0.81921922 	0.25 	0.91 	64.706005 	-5.9906042 	-16.877792
-0.82042042 	0.25 	0.91 	64.721028 	-6.0027467 	-16.848013
-0.82162162 	0.25 	0.91 	64.735351 	-6.0135014 	-16.814889
-0.82282282 	0.25 	0.91 	64.750797 	-6.0246863 	-16.785891
-0.82402402 	0.25 	0.91 	64.767159 	-6.0363606 	-16.760502
-0.82522523 	0.25 	0.91 	64.781514 	-6.0471774 	-16.729397
-0.82642643 	0.25 	0.91 	64.79582 	-6.0578665 	-16.698079
-0.82762763 	0.25 	0.91 	64.810126 	-6.0685556 	-16.666761
-0.82882883 	0.25 	0.91 	64.824564 	-6.0776644 	-16.635064
-0.83003003 	0.25 	0.91 	64.839204 	-6.0863068 	-16.603462
-0.83123123 	0.25 	0.91 	64.854412 	-6.0980128 	-16.573661
-0.83243243 	0.25 	0.91 	64.868458 	-6.1077964 	-16.541822
-0.83363363 	0.25 	0.91 	64.882066 	-6.1168549 	-16.509214
-0.83483483 	0.25 	0.91 	64.895674 	-6.1259135 	-16.476607
-0.83603604 	0.25 	0.91 	64.909126 	-6.1347561 	-16.443499
-0.83723724 	0.25 	0.91 	64.921813 	-6.142178 	-16.407833
-0.83843844 	0.25 	0.91 	64.936582 	-6.1511247 	-16.378234
-0.83963964 	0.25 	0.91 	64.951046 	-6.1600412 	-16.348382
-0.84084084 	0.25 	0.91 	64.96376 	-6.1675574 	-16.314625
-0.84204204 	0.25 	0.91 	64.976475 	-6.1750737 	-16.280867
-0.84324324 	0.25 	0.91 	64.989189 	-6.1825899 	-16.24711
-0.84444444 	0.25 	0.91 	65.002219 	-6.1876438 	-16.21312
-0.84564565 	0.25 	0.91 	65.015581 	-6.1942378 	-16.179501
-0.84684685 	0.25 	0.91 	65.029307 	-6.2029459 	-16.146354
-0.84804805 	0.25 	0.91 	65.041345 	-6.2085692 	-16.111541
-0.84924925 	0.25 	0.91 	65.053357 	-6.2141428 	-16.076702
-0.85045045 	0.25 	0.91 	65.065368 	-6.2197163 	-16.041863
-0.85165165 	0.25 	0.91 	65.076932 	-6.2243053 	-16.005817
-0.85285285 	0.25 	0.91 	65.088303 	-6.2280751 	-15.969092
-0.85405405 	0.25 	0.91 	65.102377 	-6.2344494 	-15.93753
-0.85525526 	0.25 	0.91 	65.114691 	-6.2393796 	-15.903666
-0.85645646 	0.25 	0.91 	65.125706 	-6.2429797 	-15.867996
-0.85765766 	0.25 	0.91 	65.136721 	-6.2465799 	-15.832327
-0.85885886 	0.25 	0.91 	65.147816 	-6.2495097 	-15.796779
-0.86006006 	0.25 	0.91 	65.159168 	-6.2503014 	-15.76162
-0.86126126 	0.25 	0.91 	65.17102 	-6.2541958 	-15.725481
-0.86246246 	0.25 	0.91 	65.18249 	-6.2582438 	-15.688978
-0.86366366 	0.25 	0.91 	65.192243 	-6.2594633 	-15.652392
-0.86486486 	0.25 	0.91 	65.201995 	-6.2606828 	-15.615806
-0.86606607 	0.25 	0.91 	65.211781 	-6.2619991 	-15.57928
-0.86726727 	0.25 	0.91 	65.220306 	-6.2611247 	-15.541366
-0.86846847 	0.25 	0.91 	65.230028 	-6.2614369 	-15.504232
-0.86966967 	0.25 	0.91 	65.241947 	-6.2642628 	-15.468733
-0.87087087 	0.25 	0.91 	65.250848 	-6.2644908 	-15.431517
-0.87207207 	0.25 	0.91 	65.259228 	-6.2640321 	-15.393922
-0.87327327 	0.25 	0.91 	65.267609 	-6.2635734 	-15.356326
-0.87447447 	0.25 	0.91 	65.276275 	-6.2619203 	-15.319486
-0.87567568 	0.25 	0.91 	65.285221 	-6.2593662 	-15.283159
-0.87687688 	0.25 	0.91 	65.295236 	-6.2609796 	-15.242325
-0.87807808 	0.25 	0.91 	65.304124 	-6.26052 	-15.202768
-0.87927928 	0.25 	0.91 	65.311988 	-6.2581772 	-15.16437
-0.88048048 	0.25 	0.91 	65.319853 	-6.2558344 	-15.125972
-0.88168168 	0.25 	0.91 	65.327675 	-6.2532679 	-15.087705
-0.88288288 	0.25 	0.91 	65.334581 	-6.2479639 	-15.049517
-0.88408408 	0.25 	0.91 	65.344702 	-6.246142 	-15.010104
-0.88528529 	0.25 	0.91 	65.355789 	-6.2455059 	-14.970516
-0.88648649 	0.25 	0.91 	65.363225 	-6.2409693 	-14.932236
-0.88768769 	0.25 	0.91 	65.370653 	-6.2364165 	-14.89395
-0.88888889 	0.25 	0.91 	65.37808 	-6.2318637 	-14.855664
-0.89009009 	0.25 	0.91 	65.386042 	-6.2251801 	-14.820303
-0.89129129 	0.25 	0.91 	65.394656 	-6.2194459 	-14.782572
-0.89249249 	0.25 	0.91 	65.404374 	-6.2168761 	-14.738222
-0.89369369 	0.25 	0.91 	65.411205 	-6.209574 	-14.6993
-0.89489489 	0.25 	0.91 	65.417529 	-6.2014439 	-14.661327
-0.8960961 	0.25 	0.91 	65.423854 	-6.1933137 	-14.623355
-0.8972973 	0.25 	0.91 	65.429358 	-6.1837552 	-14.586453
-0.8984985 	0.25 	0.91 	65.433273 	-6.1711573 	-14.550919
-0.8996997 	0.25 	0.91 	65.443497 	-6.1645295 	-14.507602
-0.9009009 	0.25 	0.91 	65.450809 	-6.1558175 	-14.466916
-0.9021021 	0.25 	0.91 	65.454977 	-6.1442477 	-14.428828
-0.9033033 	0.25 	0.91 	65.459144 	-6.1326779 	-14.390739
-0.9045045 	0.25 	0.91 	65.463294 	-6.1210232 	-14.352856
-0.90570571 	0.25 	0.91 	65.466976 	-6.1072291 	-14.320133
-0.90690691 	0.25 	0.91 	65.472491 	-6.0966564 	-14.277738
-0.90810811 	0.25 	0.91 	65.478549 	-6.0874523 	-14.23085
-0.90930931 	0.25 	0.91 	65.481573 	-6.0748581 	-14.192339
-0.91051051 	0.25 	0.91 	65.484596 	-6.0622638 	-14.153829
-0.91171171 	0.25 	0.91 	65.48762 	-6.0496696 	-14.115318
-0.91291291 	0.25 	0.91 	65.489347 	-6.0353718 	-14.080211
-0.91411411 	0.25 	0.91 	65.492542 	-6.0214964 	-14.042866
-0.91531532 	0.25 	0.91 	65.50275 	-6.0133497 	-13.993907
-0.91651652 	0.25 	0.91 	65.507434 	-6.0001577 	-13.953642
-0.91771772 	0.25 	0.91 	65.510517 	-5.9852483 	-13.915478
-0.91891892 	0.25 	0.91 	65.5136 	-5.970339 	-13.877314
-0.92012012 	0.25 	0.91 	65.51649 	-5.9540139 	-13.842438
-0.92132132 	0.25 	0.91 	65.51904 	-5.9351768 	-13.813393
-0.92252252 	0.25 	0.91 	65.526395 	-5.9210911 	-13.763804
-0.92372372 	0.25 	0.91 	65.532069 	-5.9059029 	-13.717633
-0.92492492 	0.25 	0.91 	65.534271 	-5.8881332 	-13.680573
-0.92612613 	0.25 	0.91 	65.536473 	-5.8703636 	-13.643513
-0.92732733 	0.25 	0.91 	65.538641 	-5.8526476 	-13.606873
-0.92852853 	0.25 	0.91 	65.53685 	-5.8308322 	-13.578154
-0.92972973 	0.25 	0.91 	65.54153 	-5.8128911 	-13.537907
-0.93093093 	0.25 	0.91 	65.551983 	-5.7984134 	-13.487371
-0.93213213 	0.25 	0.91 	65.553174 	-5.7785081 	-13.451599
-0.93333333 	0.25 	0.91 	65.554261 	-5.7584164 	-13.415746
-0.93453453 	0.25 	0.91 	65.555349 	-5.7383246 	-13.379892
-0.93573574 	0.25 	0.91 	65.555262 	-5.7158495 	-13.351942
-0.93693694 	0.25 	0.91 	65.556196 	-5.6928901 	-13.322821
-0.93813814 	0.25 	0.91 	65.565068 	-5.6733869 	-13.268489
-0.93933934 	0.25 	0.91 	65.567936 	-5.6510801 	-13.227254
-0.94054054 	0.25 	0.91 	65.568013 	-5.6274711 	-13.192102
-0.94174174 	0.25 	0.91 	65.568091 	-5.603862 	-13.156951
-0.94294294 	0.25 	0.91 	65.566665 	-5.5793042 	-13.124548
-0.94414414 	0.25 	0.91 	65.560659 	-5.5513857 	-13.099245
-0.94534535 	0.25 	0.91 	65.568261 	-5.5273886 	-13.052728
-0.94654655 	0.25 	0.91 	65.574966 	-5.5030046 	-13.007353
-0.94774775 	0.25 	0.91 	65.573981 	-5.4759726 	-12.972634
-0.94894895 	0.25 	0.91 	65.572996 	-5.4489406 	-12.937914
-0.95015015 	0.25 	0.91 	65.572011 	-5.4219086 	-12.903195
-0.95135135 	0.25 	0.91 	65.566688 	-5.3927309 	-12.881784
-0.95255255 	0.25 	0.91 	65.566981 	-5.3659129 	-12.846334
-0.95375375 	0.25 	0.91 	65.574692 	-5.3422464 	-12.792077
-0.95495495 	0.25 	0.91 	65.572298 	-5.3128707 	-12.758874
-0.95615616 	0.25 	0.91 	65.569738 	-5.2834013 	-12.726017
-0.95735736 	0.25 	0.91 	65.567178 	-5.2539318 	-12.69316
-0.95855856 	0.25 	0.91 	65.561405 	-5.2219037 	-12.665509
-0.95975976 	0.25 	0.91 	65.554326 	-5.1882951 	-12.639895
-0.96096096 	0.25 	0.91 	65.564489 	-5.1616073 	-12.591145
-0.96216216 	0.25 	0.91 	65.566066 	-5.1309191 	-12.553103
-0.96336336 	0.25 	0.91 	65.564331 	-5.0987664 	-12.518914
-0.96456456 	0.25 	0.91 	65.562596 	-5.0666137 	-12.484724
-0.96576577 	0.25 	0.91 	65.560254 	-5.0339665 	-12.451577
-0.96696697 	0.25 	0.91 	65.550531 	-4.9953 	-12.431118
-0.96816817 	0.25 	0.91 	65.553187 	-4.963193 	-12.385932
-0.96936937 	0.25 	0.91 	65.558041 	-4.9323357 	-12.336391
-0.97057057 	0.25 	0.91 	65.557923 	-4.8990216 	-12.296854
-0.97177177 	0.25 	0.91 	65.557804 	-4.8657076 	-12.257317
-0.97297297 	0.25 	0.91 	65.557669 	-4.8324009 	-12.217804
-0.97417417 	0.25 	0.91 	65.551128 	-4.7964254 	-12.184726
-0.97537538 	0.25 	0.91 	65.547737 	-4.7619892 	-12.147451
-0.97657658 	0.25 	0.91 	65.550652 	-4.730753 	-12.101883
-0.97777778 	0.25 	0.91 	65.551763 	-4.6972229 	-12.061403
-0.97897898 	0.25 	0.91 	65.552154 	-4.6626916 	-12.022987
-0.98018018 	0.25 	0.91 	65.552545 	-4.6281603 	-11.98457
-0.98138138 	0.25 	0.91 	65.550163 	-4.5908089 	-11.952585
-0.98258258 	0.25 	0.91 	65.545808 	-4.5514526 	-11.925173
-0.98378378 	0.25 	0.91 	65.548689 	-4.507887 	-11.880632
-0.98498498 	0.25 	0.91 	65.551689 	-4.4682681 	-11.840212
-0.98618619 	0.25 	0.91 	65.554774 	-4.4315264 	-11.802797
-0.98738739 	0.25 	0.91 	65.55786 	-4.3947847 	-11.765383
-0.98858859 	0.25 	0.91 	65.560884 	-4.3578348 	-11.72849
-0.98978979 	0.25 	0.91 	65.564245 	-4.3227838 	-11.689428
-0.99099099 	0.25 	0.91 	65.561146 	-4.2770756 	-11.653772
-0.99219219 	0.25 	0.91 	65.567771 	-4.2372365 	-11.6109
-0.99339339 	0.25 	0.91 	65.578663 	-4.1992558 	-11.564725
-0.99459459 	0.25 	0.91 	65.589556 	-4.161274 	-11.518549
-0.9957958 	0.25 	0.91 	65.60045 	-4.1232922 	-11.472373
-0.996997 	0.25 	0.91 	65.611344 	-4.0853104 	-11.426197
-0.9981982 	0.25 	0.91 	65.624467 	-4.0443325 	-11.375613
-0.9993994 	0.25 	0.91 	65.618117 	-3.9911542 	-11.325959
-1.0006006 	0.25 	0.91 	65.603218 	-3.9405567 	-11.277746
-1.0018018 	0.25 	0.91 	65.588319 	-3.8899593 	-11.229533
-1.003003 	0.25 	0.91 	65.57175 	-3.839866 	-11.181602
-1.0042042 	0.25 	0.91 	65.547577 	-3.7930708 	-11.134637
-1.0054054 	0.25 	0.91 	65.527898 	-3.7558067 	-11.08146
-1.0066066 	0.25 	0.91 	65.50396 	-3.7205563 	-11.030219
-1.0078078 	0.25 	0.91 	65.541632 	-3.6621795 	-10.998901
-1.009009 	0.25 	0.91 	65.561579 	-3.6062632 	-10.95705
-1.0102102 	0.25 	0.91 	65.543556 	-3.5596882 	-10.916997
-1.0114114 	0.25 	0.91 	65.525533 	-3.5131132 	-10.876944
-1.0126126 	0.25 	0.91 	65.481739 	-3.4662095 	-10.829545
-1.0138138 	0.25 	0.91 	65.457697 	-3.4191482 	-10.785507
-1.015015 	0.25 	0.91 	65.500082 	-3.3717662 	-10.753931
-1.0162162 	0.25 	0.91 	65.499815 	-3.3260833 	-10.706041
-1.0174174 	0.25 	0.91 	65.494352 	-3.2806074 	-10.656163
-1.0186186 	0.25 	0.91 	65.488889 	-3.2351315 	-10.606286
-1.0198198 	0.25 	0.91 	65.483832 	-3.1897838 	-10.557396
-1.021021 	0.25 	0.91 	65.469562 	-3.1419552 	-10.495781
-1.0222222 	0.25 	0.91 	65.482329 	-3.0944983 	-10.440951
-1.0234234 	0.25 	0.91 	65.483979 	-3.0471347 	-10.380975
-1.0246246 	0.25 	0.91 	65.475166 	-3.0064623 	-10.327176
-1.0258258 	0.25 	0.91 	65.464261 	-2.9675537 	-10.274676
-1.027027 	0.25 	0.91 	65.453357 	-2.9286452 	-10.222176
-1.0282282 	0.25 	0.91 	65.388357 	-2.8328153 	-10.128094
-1.0294294 	0.25 	0.91 	65.411102 	-2.8175474 	-10.089553
-1.0306306 	0.25 	0.91 	65.443465 	-2.8101822 	-10.057133
-1.0318318 	0.25 	0.91 	65.427354 	-2.7532694 	-9.9919182
-1.033033 	0.25 	0.91 	65.405283 	-2.6902648 	-9.9226718
-1.0342342 	0.25 	0.91 	65.384747 	-2.6103258 	-9.8499685
-1.0354354 	0.25 	0.91 	65.319157 	-2.4716896 	-9.7396094
-1.0366366 	0.25 	0.91 	65.303911 	-2.4058597 	-9.6777427
-1.0378378 	0.25 	0.91 	65.340633 	-2.4151849 	-9.6659328
-1.039039 	0.25 	0.91 	65.34029 	-2.3467348 	-9.5941272
-1.0402402 	0.25 	0.91 	65.337957 	-2.2711679 	-9.529526
-1.0414414 	0.25 	0.91 	65.330767 	-2.1824075 	-9.4611287
-1.0426426 	0.25 	0.91 	65.293977 	-2.0221762 	-9.3393322
-1.0438438 	0.25 	0.91 	65.286699 	-1.9689173 	-9.2832872
-1.045045 	0.25 	0.91 	65.299049 	-1.9868088 	-9.2709753
-1.0462462 	0.25 	0.91 	65.307701 	-1.9637941 	-9.2310835
-1.0474474 	0.25 	0.91 	65.312735 	-1.8873979 	-9.1590667
-1.0486486 	0.25 	0.91 	65.31598 	-1.7921229 	-9.0725698
-1.0498498 	0.25 	0.91 	65.318641 	-1.6906833 	-8.9813447
-1.0510511 	0.25 	0.91 	65.321302 	-1.5892437 	-8.8901196
-1.0522523 	0.25 	0.91 	65.310328 	-1.4104776 	-8.7442195
-1.0534535 	0.25 	0.91 	65.307881 	-1.3027386 	-8.6247909
-1.0546547 	0.25 	0.91 	65.326298 	-1.2919807 	-8.5622017
-1.0558559 	0.25 	0.91 	65.338859 	-1.1778247 	-8.4711982
-1.0570571 	0.25 	0.91 	65.351419 	-1.0636687 	-8.3801946
-1.0582583 	0.25 	0.91 	65.363098 	-0.95162552 	-8.2878916
-1.0594595 	0.25 	0.91 	65.369293 	-0.81601857 	-8.184538
-1.0606607 	0.25 	0.91 	65.383548 	-0.73451597 	-8.1163926
-1.0618619 	0.25 	0.91 	65.400781 	-0.61825948 	-8.0355169
-1.0630631 	0.25 	0.91 	65.4186 	-0.49961745 	-7.9528262
-1.0642643 	0.25 	0.91 	65.434618 	-0.38104685 	-7.8703219
-1.0654655 	0.25 	0.91 	65.4487 	-0.26255309 	-7.7880181
-1.0666667 	0.25 	0.91 	65.449436 	-0.16757136 	-7.7076918
-1.0678679 	0.25 	0.91 	65.490659 	-0.01415075 	-7.6170278
-1.0690691 	0.25 	0.91 	65.516667 	0.10711292 	-7.5288091
-1.0702703 	0.25 	0.91 	65.542676 	0.22837659 	-7.4405905
-1.0714715 	0.25 	0.91 	65.568685 	0.34964026 	-7.3523718
-1.0726727 	0.25 	0.91 	65.593953 	0.47071988 	-7.2638985
-1.0738739 	0.25 	0.91 	65.611495 	0.58095297 	-7.1759058
-1.0750751 	0.25 	0.91 	65.644598 	0.7248194 	-7.0890888
-1.0762763 	0.25 	0.91 	65.671238 	0.84034317 	-6.9862875
-1.0774775 	0.25 	0.91 	65.703199 	0.95751123 	-6.8881085
-1.0786787 	0.25 	0.91 	65.735795 	1.0748756 	-6.7904814
-1.0798799 	0.25 	0.91 	65.768391 	1.19224 	-6.6928543
-1.0810811 	0.25 	0.91 	65.800986 	1.3096044 	-6.5952272
-1.0822823 	0.25 	0.91 	65.826712 	1.3935665 	-6.4931899
-1.0834835 	0.25 	0.91 	65.877856 	1.5531264 	-6.3841267
-1.0846847 	0.25 	0.91 	65.91923 	1.6673927 	-6.2778918
-1.0858859 	0.25 	0.91 	65.960604 	1.781659 	-6.1716568
-1.0870871 	0.25 	0.91 	66.001978 	1.8959254 	-6.0654219
-1.0882883 	0.25 	0.91 	66.037358 	2.0080079 	-5.9518696
-1.0894895 	0.25 	0.91 	66.07051 	2.1154652 	-5.8375757
-1.0906907 	0.25 	0.91 	66.11362 	2.2236387 	-5.732898
-1.0918919 	0.25 	0.91 	66.161494 	2.333378 	-5.6314557
-1.0930931 	0.25 	0.91 	66.210899 	2.4436206 	-5.5310533
-1.0942943 	0.25 	0.91 	66.260305 	2.5538633 	-5.4306509
-1.0954955 	0.25 	0.91 	66.316473 	2.7905675 	-5.2944911
-1.0966967 	0.25 	0.91 	66.374248 	2.8110028 	-5.2119487
-1.0978979 	0.25 	0.91 	66.431862 	2.7647724 	-5.1432743
-1.0990991 	0.25 	0.91 	66.498587 	2.8431905 	-5.037561
-1.1003003 	0.25 	0.91 	66.568437 	2.9226533 	-4.9332249
-1.1015015 	0.25 	0.91 	66.637986 	3.0101653 	-4.8264769
-1.1027027 	0.25 	0.91 	66.705378 	3.1554506 	-4.7024175
-1.1039039 	0.25 	0.91 	66.766922 	3.4573118 	-4.5314415
-1.1051051 	0.25 	0.91 	66.824786 	3.8577345 	-4.3309324
-1.1063063 	0.25 	0.91 	66.902213 	3.9891133 	-4.174487
-1.1075075 	0.25 	0.91 	67.008164 	3.728237 	-4.0822849
-1.1087087 	0.25 	0.91 	67.070579 	3.8232714 	-3.9554066
-1.1099099 	0.25 	0.91 	67.129133 	3.982579 	-3.8178144
-1.1111111 	0.25 	0.91 	67.188391 	4.1828074 	-3.6692018
-1.1123123 	0.25 	0.91 	67.19563 	4.7697297 	-3.4805881
-1.1135135 	0.25 	0.91 	67.241848 	4.9121618 	-3.3420124
-1.1147147 	0.25 	0.91 	67.322893 	4.6574693 	-3.2481426
-1.1159159 	0.25 	0.91 	67.368657 	4.8797117 	-3.0943223
-1.1171171 	0.25 	0.91 	67.407857 	5.189815 	-2.9293378
-1.1183183 	0.25 	0.91 	67.447057 	5.4999184 	-2.7643533
-1.1195195 	0.25 	0.91 	67.486257 	5.8100217 	-2.5993688
-1.1207207 	0.25 	0.91 	67.524034 	6.1221181 	-2.4327423
-1.1219219 	0.25 	0.91 	67.55235 	6.4162243 	-2.27275
-1.1231231 	0.25 	0.91 	67.580665 	6.7103305 	-2.1127576
-1.1243243 	0.25 	0.91 	67.608981 	7.0044367 	-1.9527652
-1.1255255 	0.25 	0.91 	67.637297 	7.2985429 	-1.7927729
-1.1267267 	0.25 	0.91 	67.655397 	7.4807284 	-1.6740698
-1.1279279 	0.25 	0.91 	67.661044 	7.5156078 	-1.6156278
-1.1291291 	0.25 	0.91 	67.669031 	7.9356579 	-1.4049294
-1.1303303 	0.25 	0.91 	67.674617 	8.2796262 	-1.2264706
-1.1315315 	0.25 	0.91 	67.686326 	8.5670065 	-1.0683
-1.1327327 	0.25 	0.91 	67.698036 	8.8543868 	-0.91012933
-1.1339339 	0.25 	0.91 	67.696542 	8.9874899 	-0.80970911
-1.1351351 	0.25 	0.91 	67.686089 	9.0633814 	-0.72892424
-1.1363363 	0.25 	0.91 	67.658164 	9.2997094 	-0.57440715
-1.1375375 	0.25 	0.91 	67.633127 	9.5675571 	-0.41846646
-1.1387387 	0.25 	0.91 	67.613686 	9.8965178 	-0.25976557
-1.1399399 	0.25 	0.91 	67.594245 	10.225479 	-0.10106468
-1.1411411 	0.25 	0.91 	67.576373 	10.542768 	0.051505071
-1.1423423 	0.25 	0.91 	67.572737 	10.886476 	0.18593961
-1.1435435 	0.25 	0.91 	67.570167 	11.246945 	0.32340142
-1.1447447 	0.25 	0.91 	67.55823 	11.504139 	0.42342434
-1.1459459 	0.25 	0.91 	67.540533 	11.758214 	0.52492077
-1.1471471 	0.25 	0.91 	67.511262 	12.033194 	0.63911782
-1.1483483 	0.25 	0.91 	67.48199 	12.308174 	0.75331488
-1.1495495 	0.25 	0.91 	67.451085 	12.588142 	0.87204447
-1.1507508 	0.25 	0.91 	67.409486 	12.900737 	1.0204286
-1.151952 	0.25 	0.91 	67.368871 	13.185495 	1.1522512
-1.1531532 	0.25 	0.91 	67.329435 	13.436967 	1.2642706
-1.1543544 	0.25 	0.91 	67.282548 	13.735913 	1.3921521
-1.1555556 	0.25 	0.91 	67.233969 	14.045647 	1.5236386
-1.1567568 	0.25 	0.91 	67.18539 	14.355382 	1.6551252
-1.157958 	0.25 	0.91 	67.129284 	14.684078 	1.8012149
-1.1591592 	0.25 	0.91 	67.064371 	15.046703 	1.9640586
-1.1603604 	0.25 	0.91 	67.018758 	15.404309 	2.1007258
-1.1615616 	0.25 	0.91 	66.949048 	15.760725 	2.2405015
-1.1627628 	0.25 	0.91 	66.8575 	16.121294 	2.3797508
-1.163964 	0.25 	0.91 	66.765951 	16.481862 	2.5190002
-1.1651652 	0.25 	0.91 	66.674403 	16.84243 	2.6582495
-1.1663664 	0.25 	0.91 	66.524798 	17.172082 	2.8133364
-1.1675676 	0.25 	0.91 	66.378534 	17.507533 	2.9634727
-1.1687688 	0.25 	0.91 	66.245314 	17.855614 	3.1043363
-1.16997 	0.25 	0.91 	66.076536 	18.198892 	3.2471088
-1.1711712 	0.25 	0.91 	65.900553 	18.541196 	3.3902679
-1.1723724 	0.25 	0.91 	65.724569 	18.883501 	3.5334271
-1.1735736 	0.25 	0.91 	65.511337 	19.188868 	3.6797833
-1.1747748 	0.25 	0.91 	65.274858 	19.47123 	3.8281017
-1.175976 	0.25 	0.91 	65.065246 	19.764236 	3.9694902
-1.1771772 	0.25 	0.91 	64.849228 	20.051774 	4.1090897
-1.1783784 	0.25 	0.91 	64.576394 	20.330474 	4.2486558
-1.1795796 	0.25 	0.91 	64.304019 	20.61145 	4.3886338
-1.1807808 	0.25 	0.91 	64.031644 	20.892426 	4.5286118
-1.181982 	0.25 	0.91 	63.688246 	21.107443 	4.669588
-1.1831832 	0.25 	0.91 	63.349403 	21.326593 	4.8096474
-1.1843844 	0.25 	0.91 	63.025586 	21.559397 	4.9468546
-1.1855856 	0.25 	0.91 	62.669255 	21.758964 	5.0760065
-1.1867868 	0.25 	0.91 	62.285651 	21.930654 	5.1984017
-1.187988 	0.25 	0.91 	61.902646 	22.099251 	5.319793
-1.1891892 	0.25 	0.91 	61.498016 	22.20223 	5.4244329
-1.1903904 	0.25 	0.91 	61.067192 	22.271094 	5.5223432
-1.1915916 	0.25 	0.91 	60.654336 	22.330842 	5.6182568
-1.1927928 	0.25 	0.91 	60.244946 	22.383848 	5.7123282
-1.193994 	0.25 	0.91 	59.814683 	22.353344 	5.7819683
-1.1951952 	0.25 	0.91 	59.369858 	22.32538 	5.8549535
-1.1963964 	0.25 	0.91 	58.925034 	22.297416 	5.9279388
-1.1975976 	0.25 	0.91 	58.473525 	22.175981 	5.9798816
-1.1987988 	0.25 	0.91 	58.02366 	22.049128 	6.0295264
-1.2 	0.25 	0.91 	57.583142 	21.925404 	6.0750336
